140 6100 390
6318 1154 1
1769 1401 2
2418 82 2
4133 4430 2
3513 2174 2
175 6749 2
1930 6217 2
6919 6682 2
4898 6759 3
3894 5721 3
5679 6117 3
318 3678 4
914 6033 4
1272 7792 5
5148 3957 5
2052 3070 6
7470 3982 7
349 2839 7
4230 673 8
4677 7617 9
4354 1713 9
2847 6003 10
5116 3154 11
6296 3005 12
7047 666 13
6791 5031 14
3429 3257 15
499 202 16
7818 6966 17
7773 5800 18
1042 4267 19
629 1456 21
5186 1453 22
7686 3080 23
2821 1662 25
5344 2246 26
4360 2673 27
1289 2792 29
1613 4803 30
2678 7585 32
6619 1961 33
6333 3859 35
6274 7373 37
2768 4611 38
3370 6667 40
4853 5659 42
2494 2411 44
2938 696 46
7513 2010 48
6477 5759 50
1389 408 51
3657 7732 54
2658 3693 56
1766 6976 58
5453 4693 60
7718 83 62
7033 2639 64
37 7636 66
5501 574 69
3682 1353 71
965 7096 73
7756 7730 76
485 5078 78
6265 229 81
4218 3684 83
1269 3558 86
3512 5009 89
5588 7584 91
2501 6775 94
3730 176 97
12 6058 99
123 1976 102
7813 893 105
6941 7785 108
7597 4813 111
35 4500 114
1841 4108 117
5782 6828 120
2284 5571 123
3439 4111 126
4708 140 129
4238 6444 133
1223 1782 136
5663 3489 139
5891 5340 143
4738 4821 146
1766 2335 149
6859 3308 153
747 2293 156
8 1142 160
1264 5434 163
573 837 167
6020 2221 171
5829 1540 174
1199 1015 178
1335 6497 182
4909 747 186
6388 6419 190
2108 624 194
5290 2 198
4131 5197 201
5853 4221 206
7397 1422 210
4088 7169 214
2948 2767 218
3125 5488 222
3073 141 226
2170 4733 230
7166 5746 235
3451 6104 239
1000 4804 243
6802 1390 248
7110 4410 252
745 7687 257
3472 7185 261
3774 2670 266
6272 4581 271
5162 6123 275
2298 1242 280
5335 5269 285
7415 6587 289
7308 7280 294
5906 2704 299
2165 7565 304
3680 731 309
144 5555 314
1857 3540 319
4089 2243 324
4459 5996 329
3184 1134 334
698 6682 339
749 3473 345
7335 5227 350
466 6242 355
501 4364 361
1674 5664 366
4694 4304 371
4838 1816 377
5986 641 382
6597 2507 388
7533 2481
5129 7142
1900 52
2379 4154
6801 4074
7085 88
2989 6974
4286 1110
1550 3163
7107 6267
7017 2181
6468 644
3340 4560
3044 3908
4378 3269
804 3024
4865 5230
2672 5044
5364 6732
26 7188
3466 1704
2959 3387
2011 1849
6251 1678
4839 3502
7190 3071
6753 7159
1099 7
7370 3455
2063 6591
4378 5515
3742 6826
4260 265
3145 1996
3054 7786
6028 7765
3027 2358
7570 6229
7800 4238
67 4108
5652 1997
4810 1139
23 2422
7784 1740
512 5747
121 161
1815 878
6510 7805
5310 1003
2143 3857
939 425
4687 2251
2546 2800
3748 3052
1363 4510
2480 6396
5129 7825
1362 2354
6007 5686
270 1515
6168 7025
2181 2608
1781 5203
4686 6297
1283 5903
3802 4142
4782 2746
329 538
7534 420
4485 7025
5725 1153
891 1973
2507 854
1389 6854
6038 3248
1232 3961
7270 1020
6193 5138
5689 5025
876 5392
710 4051
4109 7644
6644 3596
5454 2827
6704 6135
5793 4603
6659 4653
3304 2886
3330 3620
2183 7007
2908 6570
2189 2151
2671 5430
13 5088
3295 7539
5549 7128
2647 1945
4095 6804
5160 331
1669 6478
6372 2236
4550 3815
2593 7234
195 3338
2822 1052
3770 5303
511 1757
5812 6423
2638 1343
3777 4824
2696 3198
6319 4208
434 2195
1944 5826
6737 438
3914 3321
6646 1116
595 4767
3363 554
3451 5571
7083 4799
7705 3568
1961 4502
4705 7266
2972 4899
2372 5213
4357 7835
6577 1600
6636 115
3913 6316
1042 7599
5668 3143
2416 1559
5233 3644
6912 3752
987 774
1836 7299
1996 5510
5258 4239
5349 1720
7236 1895
24 6375
7334 2740
1583 2611
4541 5270
7821 5230
1884 2608
3103 6134
6823 5828
4676 485
5108 4812
3703 4460
5680 3981
679 561
4547 1275
2966 7384
6328 6107
1922 399
745 7392
3267 6930
6589 5293
103 3065
2694 557
5005 2518
7242 7004
6637 6537
2295 3620
5590 855
6060 3574
4085 2981
392 6945
7617 695
4244 2005
6592 3144
2426 4882
294 821
1889 4771
6282 2516
7021 7426
5425 5812
4082 1381
4230 5824
992 1301
5489 6464
3276 1413
3413 985
2367 6062
528 2601
6743 7561
7463 4258
6342 3403
6884 5316
4891 6139
1586 7456
7043 5520
5724 348
2737 2210
410 1283
1451 2079
4106 926
464 3431
7783 4542
1464 5177
7112 3510
6326 5491
4158 3437
786 2626
3761 1710
5931 1008
4980 49
7029 1282
2078 4221
3794 6547
6086 1423
7146 6574
7584 5411
6127 6776
5920 4856
2644 303
7127 1667
7798 6479
7261 7699
3991 345
1443 3740
1277 4982
5231 644
1642 2869
3313 162
3777 1058
6065 1829
3129 5088
6754 2274
4580 6514
163 5293
7347 648
6843 2963
971 6375
1211 7143
3930 2022
2371 3268
3412 7815
5453 229
3757 2284
6972 1016
7293 5961
788 6941
5622 2407
3004 456
1659 6012
7767 4970
4863 3841
4511 2987
3911 4628
5291 6340
2829 4047
767 4941
1610 4207
2267 7328
6542 4419
5791 2918
423 4067
2190 5921
1193 6319
804 4565
7641 1313
2641 5821
4109 4168
1381 1394
3926 742
3299 4873
1187 4669
4444 766
3517 5352
3243 6353
1211 3261
4528 2484
1104 6849
4053 6068
4494 7341
1623 3527
6097 6159
7326 4543
4124 5619
300 4871
2229 1879
1361 647
293 4643
5064 903
3709 3402
2562 3435
6856 6957
6087 4437
3939 3796
2927 5628
2726 6712
6 6937
5198 5633
6481 862
5739 579
415 7384
977 3237
9 2873
5719 70
6483 5060
2102 951
6145 55
2011 1488
3638 6305
2034 7398
3361 2346
7661 1056
199 1295
1225 211
4216 7463
5335 7221
7504 5928
3593 415
4801 4125
2059 4979
1298 5642
4387 4760
4929 4357
693 5578
1510 1635
191 2192
685 5200
5872 3129
6274 7731
3154 4351
3884 7618
3758 3911
2501 4475
1026 2359
7525 7740
1181 7416
4139 1809
6531 6936
3975 2744
1594 4603
1116 2922
5125 6461
6322 6888
1549 7087
5701 5848
2957 6274
1666 3883
2455 368
881 5706
7348 5475
3311 7338
2816 2516
3054 1458
1604 1939
1570 7781
1135 409
2227 1467
3286 1863
5327 4488
6649 714
2119 5237
1373 7245
2126 5703
2461 3041
6239 4801
7116 4217
169 1723
5473 3137
7166 865
1703 1676
5858 7131
3104 4102
558 3081
823 114
1087 5810
6432 12
792 3746
5603 5565
1200 1534
5674 7328
2410 7005
5042 7572
1316 4231
573 7200
3168 6618
513 3809
1788 3315
6920 2355
1824 1063
5564 4438
2553 5653
918 6685
967 1046
87 2599
4311 6213
3623 2802
418 2404
2851 5390
1980 3376
1778 7597
3892 1579
1273 3074
3739 3603
6411 1376
537 1086
4554 1728
3194 5658
771 3275
5459 7380
3987 19
6180 867
6078 3804
4974 2816
1119 5198
2728 6476
6332 5305
6917 6235
7045 6855
7643 3903
1441 6072
4602 6690
231 6540
6107 2416
5975 7343
7117 2382
7390 7438
2297 7793
5217 7512
6937 1852
6237 3220
5035 2995
2400 2608
2633 6988
1312 5255
5042 2191
6574 5609
4820 1345
2972 3027
5064 5738
6819 1978
5493 3970
5756 4427
6914 4660
4514 1942
3633 5623
3550 7453
5034 3487
3094 3225
4039 6631
7175 3246
6628 2896
341 5174
6478 1063
5871 4022
3702 5827
7341 5013
2827 212
112 3644
4058 1562
7703 5537
7373 3100
3489 6455
3927 5027
7285 6740
7254 3638
554 7574
5874 2409
3941 7781
1161 6532
2102 4406
7839 2023
1165 686
3548 1481
1425 4677
2346 6661
231 4048
5923 3443
518 5263
1359 7624
6022 1588
6618 7413
4184 7028
5635 2577
5585 5318
4989 468
1888 7734
1653 344
1924 6484
6408 7612
4983 3250
4029 3561
2199 4033
878 3984
6122 7217
7517 5151
3604 2397
876 7247
3991 6986
2993 1112
6140 2896
6486 2972
6225 4047
1166 2533
394 6702
1615 83
3461 0
6147 1051
3225 5830
3031 3726
3510 4666
3604 2629
4036 1143
941 1643
3043 7560
6256 3556
4564 4050
3598 2042
4248 1432
2271 2434
7281 2544
6908 290
7199 408
2671 6198
2269 3023
4832 1504
7671 4350
438 6091
1383 3247
4342 6759
6479 4623
1649 5033
4892 936
3476 717
4680 5947
2801 1232
4429 2315
891 2826
6821 2563
4893 7794
3757 535
191 5994
2996 4535
2042 7150
439 1477
7453 2931
3186 279
3133 781
1921 2993
41 3511
3995 5394
2502 5886
7562 4503
271 7240
7192 5441
4025 488
3466 6929
1373 1562
5459 2086
3826 7383
5129 4347
627 2760
194 4998
5443 6254
5292 4673
7691 2589
2389 1071
4292 2801
183 7752
5185 6942
5781 1695
1982 6855
5544 4929
789 6158
1907 5683
384 4262
1822 3770
3170 7401
5978 7605
6535 423
1212 2391
3109 1685
587 6501
1021 554
6222 6666
2439 1277
2936 5180
2877 7119
5027 613
4933 5042
1527 6298
5790 3657
1637 2090
7267 1719
7650 4656
3314 1724
611 7007
4581 991
3505 1927
7426 6301
3016 1318
2781 7812
2160 2935
5921 1145
7796 6792
7131 2065
3610 7589
3209 3059
1087 5458
2080 2481
470 617
6499 4125
2962 1806
2388 3464
7339 414
1009 4033
4965 5980
7658 5275
1529 4930
4480 2074
6618 3799
207 3914
234 6986
5144 100
7627 7483
1491 2439
2963 6799
4467 1624
5069 6640
3148 2575
5899 2126
3017 2037
3294 4415
6076 2012
2694 4051
3586 3117
6035 865
5144 5263
4634 2757
6560 6793
1501 5910
3907 2962
2440 7137
3139 3553
5057 1414
3259 3286
2822 505
3219 3724
5929 2551
7341 4803
1700 4513
4418 3980
5853 5501
7815 3267
7178 5262
46 3223
2597 2196
2732 5609
5897 7482
5477 1490
1950 999
5510 1140
4832 2313
7335 2394
469 7751
5164 1679
6001 5818
5139 2544
1602 6165
2764 2920
3519 535
2692 5194
3282 6520
2646 4248
5889 6988
4066 3712
405 7222
5589 5763
2743 3905
6109 293
5949 1952
2082 7824
6542 3959
3761 7576
5933 4676
727 1849
3917 1768
6585 299
3947 3938
7526 823
3631 4906
2790 4383
7251 3908
2156 5375
7616 6625
2243 6204
1388 3939
703 2420
2333 477
3618 1617
4208 2327
5189 7252
647 6362
5312 1594
3881 5939
7470 7096
0 7396
2185 3546
6565 5918
7500 1077
5871 4494
78 2293
175 6215
126 7537
7495 4635
5713 5265
6445 5391
1520 6914
2852 2096
4359 5780
7837 2178
4784 2082
6475 1848
6657 1350
1452 6668
2578 2621
6136 4273
2587 7487
4241 4372
4519 5886
3345 3075
1566 4009
7737 6121
6844 7252
3633 4105
6379 305
7308 64
2200 3412
7559 7188
6162 7816
5505 1783
1944 5228
5603 3856
7490 4960
4313 1
699 3878
4189 2615
1599 4334
6981 6400
5526 2646
1044 6487
1817 1783
3488 116
1576 6778
1926 2762
4788 6498
4695 4692
4541 5748
7219 1425
7220 187
46 5426
5797 1996
37 5765
3301 4282
2415 7551
5281 6207
7455 7587
4620 4858
2461 5391
845 1410
6745 5519
2808 1970
4408 4233
3597 7273
7558 7338
4249 4187
3683 1840
4602 821
4692 1640
6151 5590
819 5588
7229 6124
6410 6664
7200 555
3398 3808
5545 3002
7159 2492
6951 3039
3978 6510
1026 907
1880 1967
77 989
5347 5123
265 5788
1997 4672
4215 5048
309 2546
662 1340
1352 6721
1051 1764
2469 3957
3074 5841
7478 3373
851 694
6425 1668
5190 7708
4614 3910
756 4407
603 3581
322 6415
6575 2653
2460 6144
7029 7009
2774 792
2156 6404
5542 4297
4682 5537
4218 2944
3328 7066
2309 2243
5814 3882
2232 5789
5826 2797
472 456
2555 3598
2778 951
4107 3338
2152 4552
6755 796
2559 1713
1822 5441
2021 5919
1560 1525
2678 177
2578 4032
1865 4341
3233 2684
5394 4240
1404 4335
3840 861
4892 372
4109 4008
6233 1561
5298 4814
110 1201
5300 1143
5257 1949
5973 6350
2979 4083
6897 2709
5617 6490
3519 5711
7054 3256
7242 2672
6914 57
1243 1895
7787 3128
7659 269
2680 1653
1014 5723
7422 1944
6714 2755
1491 6171
5063 6192
2466 7695
7388 2831
1181 6984
7096 458
958 3480
2295 220
1987 3689
7531 6467
3502 7546
7674 1484
4766 3967
2615 4606
1781 6775
1132 4410
609 1687
6527 1463
894 2542
4753 696
7725 4115
256 5485
3447 2876
4698 3761
2773 6168
7335 5739
2360 2090
7707 4797
7024 1519
4919 1966
5747 7461
1833 3909
5798 3497
7796 5116
3967 4048
7597 2699
4868 3271
6187 3894
5620 5114
535 3215
6030 5109
750 1280
2242 4294
5982 6655
1313 2594
1183 4105
3045 6379
623 7289
4615 7208
915 197
7816 6349
2841 3087
7268 6323
2779 6993
2216 789
7291 4667
5380 5915
7615 6886
456 776
5839 6117
3013 7187
4617 3148
2197 3294
762 5978
7653 1797
6600 3257
2001 1620
1805 2067
5129 2144
789 5260
7135 4897
924 3767
5860 7579
4155 1169
4862 1622
119 2953
311 1261
1215 5709
3401 818
7200 759
5318 2855
3226 5267
5413 657
929 1496
6425 6275
5732 5381
5714 1846
3115 518
3892 3180
3089 4730
4452 1202
4885 6502
3582 6646
3329 6118
6899 4919
6377 3492
6680 1568
1863 6952
3719 6187
5273 1244
6849 877
540 4247
6491 3408
2691 5729
5765 5178
2545 1125
772 6344
2969 3538
1372 2862
2473 1450
940 2449
1781 5562
1973 4167
4474 6550
2854 4195
2427 7306
1543 7643
4674 1428
4187 31
5297 6498
5401 7665
712 5323
7718 7262
2288 5333
1092 201
1726 7371
5398 3958
3909 5243
6991 3994
923 2226
4601 33
1899 2382
7299 2930
6094 6484
5447 5211
5021 4896
952 7480
2342 2506
6417 4424
501 3338
5293 5396
5919 1568
3194 4941
380 2060
3385 3350
3514 2966
4236 1648
4757 932
2992 3142
3071 4257
6883 1635
2035 700
4474 3224
5403 6088
3740 59
6972 2069
4813 4363
3421 5306
6509 128
1587 4509
6890 3898
2947 2314
7605 6406
4160 1031
5083 4029
214 6451
2681 4726
164 5145
7270 6496
1919 720
557 2899
593 2058
2325 1414
3286 958
1118 3367
3607 6871
4379 2428
1990 27
485 4989
7296 915
3741 941
5956 3712
1589 5507
4780 4249
2215 6855
4173 3907
461 5376
6848 6383
2885 3312
3975 1245
7645 5858
1521 2931
1848 649
1098 2037
2277 7096
2185 6676
6538 964
7092 5101
1458 7192
7038 5027
4082 4640
3788 3514
2927 4645
6436 416
2406 2783
76 413
7746 7408
7530 3009
7518 4875
630 2972
4041 1855
6713 5326
3218 3855
476 1393
5307 6660
4880 4221
7170 2823
3749 6628
5290 1368
12 4967
5159 2708
1413 3335
210 2019
2595 466
1356 3550
3773 2568
2334 2725
3977 109
1648 7096
6119 1294
2333 6413
1203 797
2116 5493
3207 7765
7118 3159
2819 4516
4122 2504
7390 6738
2975 788
4232 1918
105 2722
5977 5295
2657 7760
4578 3551
1275 2674
6360 7154
4105 6696
5105 3345
5441 1026
4075 2037
5772 254
7144 3648
4351 3812
1138 515
854 851
4574 1833
7836 670
4952 3761
5158 1306
5766 7693
7246 3536
1643 1476
5378 533
224 3432
7552 1707
7774 1430
7540 1908
193 7475
93 6599
4855 5334
7450 3832
1664 6105
5421 3217
17 3727
2543 7781
3858 3629
7703 6700
3958 7666
4697 1137
861 7502
7617 5068
1022 1986
3857 5634
6788 3181
4403 7561
3922 7316
5316 7022
1561 5967
5795 4280
4669 573
6460 3690
3756 3802
211 2414
6915 5937
4595 2107
6298 2371
3389 1293
4547 4543
177 1578
7409 1502
5476 731
7533 7484
3751 6354
4958 5209
5390 5363
358 3241
305 7400
4006 5087
5237 5302
5551 2761
7068 6140
1922 6081
5569 1541
3330 4146
685 250
5974 1706
4095 5326
7362 307
2080 5335
4439 2734
7768 4715
6195 2330
5162 222
3941 4272
3856 2749
7156 2600
6400 7059
302 7102
7628 7266
6731 1237
6523 5210
2191 1273
5930 4571
5218 1563
3845 4689
5053 7669
7802 3015
4344 335
5473 3582
3204 172
837 1731
5883 2988
1629 594
6575 3456
125 486
7064 1867
357 3500
3949 5599
2470 2060
6749 4481
212 881
3848 1372
5641 1167
1110 2832
633 6928
5946 6022
937 6563
4239 6312
2130 1919
5907 6790
4710 1744
1688 4322
4338 2238
4691 6803
277 1603
876 3318
7722 3857
6418 3135
5075 7427
4812 3784
4521 2367
7292 6578
644 4216
6667 7151
7613 6804
1460 7448
1804 6645
7623 3478
7020 5724
6407 5034
6309 5674
7815 4875
5674 6791
2400 3131
7063 6496
6161 1934
1600 5151
7030 3832
5891 5645
7184 6830
4285 4462
3496 3949
2448 4124
5463 4410
5592 4187
6449 5942
4789 6120
115 659
7277 2796
5070 6407
116 2093
6144 2240
2613 4806
3776 1295
3487 1606
3409 7303
4576 6231
6297 2030
5606 2285
607 4064
5530 658
4586 4626
5734 3434
358 2715
51 7561
5457 424
5171 4707
7140 1166
2442 273
6004 3115
41 1552
1088 2613
3351 7478
6976 1413
1044 6669
2101 6256
1122 6929
5892 303
6495 3045
3029 2464
5829 941
2892 527
1945 3613
5053 2070
982 1870
2143 3176
312 7609
6997 7193
4381 1077
910 4681
7737 5986
4024 1041
2804 1498
1183 1378
3016 1239
1094 3925
2697 770
626 2390
5915 5032
1772 5950
4981 6144
5579 5034
714 3372
6639 1638
351 5249
4588 5629
2948 104
6645 2407
1133 4330
3297 5926
4672 933
2581 6407
274 170
2454 2254
3254 1314
2827 7418
3658 4743
1853 312
4004 5713
127 5760
2584 6004
3036 48
3841 3963
2933 6639
3324 2986
226 2297
5275 214
6731 3324
5435 1897
2872 5045
6305 1538
2078 3933
498 1257
5918 5196
2620 7140
6765 7278
4345 4902
6756 6346
3571 3343
2305 4766
1707 3637
507 1624
4833 5949
6238 2665
5194 4596
3151 5236
878 7724
4470 4341
4672 4799
5279 5202
2943 6134
160 7299
479 874
5695 7574
6036 994
1840 3697
6249 2781
4037 6343
7322 3553
5060 5853
4346 7188
3328 2027
6611 3345
1668 7195
7148 6204
4686 1506
2343 7058
6010 4614
1600 5807
7550 5594
312 3448
5271 3358
4742 2511
1627 2374
61 7727
273 1738
3559 730
3986 5212
6944 1582
4389 6388
3608 149
1666 1110
6000 6755
5056 3638
1964 6998
2133 3677
3084 5328
6864 3660
1040 4899
5611 4033
947 3853
6976 3151
7750 4018
4576 571
6263 387
5879 3373
2592 2039
2382 5415
5411 6662
3820 7793
5777 6608
6592 4799
1039 2719
4368 5111
6581 1422
5170 3453
2874 5459
1695 400
2411 1350
4512 5334
453 4672
1364 4947
656 6513
5875 1474
4196 4307
7816 4438
6659 4374
7461 447
3450 6632
7773 1917
2953 195
7641 7813
7586 540
1696 5336
5770 7112
2440 4043
7286 4415
1261 6872
1861 3472
5384 1263
5438 4878
7422 2054
2088 5600
2807 3844
2618 840
486 350
5568 3364
5421 1101
4295 379
6470 2106
6866 2169
4716 2105
986 5640
1249 3827
6111 4584
6932 4550
7115 5476
5218 2683
5948 4103
4466 7837
2003 3004
190 39
1184 1138
1294 1072
3386 2799
5038 1573
2394 3974
3559 614
2316 5887
5508 1702
1350 7372
2493 3112
689 3112
5147 5072
4342 5713
4279 5869
7096 1018
5003 6284
1287 2350
3756 5625
4341 1942
6710 2962
3699 4553
5595 3186
699 1753
1192 1682
5734 2112
3192 6318
7089 154
6564 6279
7537 4369
839 3482
7764 2398
4206 2254
3902 7030
1772 1913
6632 7825
4200 2774
891 973
7655 4284
6927 7038
2807 5328
1306 1702
1721 6893
3708 1953
7453 1229
946 4421
943 513
3675 5368
322 6882
1753 338
813 2156
4888 3911
7789 25
3180 1002
7145 7605
5805 7306
2079 3213
5406 2160
4596 5815
2748 6565
2042 3492
6321 4778
2115 1145
4268 1732
7646 3750
2834 4976
7564 2214
3532 2822
4059 2136
3672 3713
2989 6496
646 5910
3450 3990
1054 4468
3602 1176
4313 176
2629 3503
3432 1404
4784 5831
5448 5382
1962 646
5997 3813
7168 5110
5043 5453
3558 241
6723 51
1046 1493
2244 6610
1069 5642
4636 7342
6149 3002
3173 3957
6611 2087
3585 1395
4354 3738
5020 4963
6286 6224
716 5022
4864 2051
4444 3027
1129 2244
4943 97
934 605
360 1470
5569 580
5133 5605
5693 7788
828 505
2125 3762
3319 5391
3743 5188
2626 4526
6366 6343
2852 1861
70 1125
1628 6730
496 7607
1254 4856
2373 129
1784 6216
7628 212
2156 6559
4299 5479
5795 4741
3207 5081
5653 3723
4925 5718
7171 7030
85 4598
3069 6450
6462 1472
4620 1318
6700 5064
1842 2745
4315 4838
6494 4002
4983 7509
290 378
4508 5207
2623 5285
3149 6459
2045 7246
5095 6284
4475 6716
2919 1376
6738 6282
5568 2061
5860 6045
4836 7005
3723 1633
1058 7663
3249 653
4749 7402
1449 1642
4229 2427
1504 725
5809 386
7006 2712
7425 312
6913 2242
5321 7155
4993 7400
5352 4289
5948 4958
6288 1076
818 1546
7232 6618
6606 812
6820 7077
2319 1838
7001 3664
6516 565
7099 6699
6929 3099
6224 6877
1578 1441
2302 1099
2535 1528
4585 6010
6810 3891
6869 3182
5552 5446
336 594
4884 7085
6001 4704
173 7080
2392 5512
1125 804
2361 7351
2061 7753
3171 358
1548 18
3819 2038
7228 4007
2405 193
4250 4087
6776 1564
7276 570
758 1957
6454 7299
4678 6073
23 2808
5972 24
6481 2742
5864 7434
435 7558
4425 3890
3009 106
7364 3372
3607 2884
5811 5890
4383 7326
6035 6671
579 326
6989 7249
3392 7047
5653 1659
2832 3496
4488 7541
5918 233
6766 3236
7287 1464
889 4350
4361 498
4722 3897
3161 867
338 346
2647 3376
3539 6783
4869 7638
2098 1421
6023 7028
639 778
1325 2436
2358 7499
6761 7468
2777 7438
230 5910
3495 7801
3662 6372
5463 2439
6788 2080
848 5939
6830 463
7239 5214
3390 1641
7346 6106
5382 1777
6990 524
7506 6767
5285 3680
2141 4215
5908 119
6699 3644
1862 7202
6234 7480
1226 883
6236 3708
1904 5978
1016 228
6409 672
3006 2738
1677 3785
6185 4661
2966 5284
7601 5578
5683 3645
4013 2069
4751 2999
1424 5828
6888 622
5594 5510
443 1117
3289 4802
7079 3572
6130 3818
7818 7095
5908 2931
490 6029
5287 7418
168 2251
2975 3265
5687 6459
3968 3024
3502 6240
2848 2368
6356 697
5067 1743
635 890
4685 5677
1335 551
7188 489
5282 1067
4239 3492
196 4704
3664 507
329 5791
1237 5180
4255 6865
6484 697
6196 2874
2620 7087
3499 6573
2734 5018
5427 6761
425 4600
4608 7269
7538 5533
4425 2061
2669 492
6145 4974
1804 2013
3594 690
4976 7817
3518 15
1097 4915
317 6967
339 6107
6568 7034
5496 3194
7211 2766
2268 4487
3474 587
861 4190
3185 6999
4847 4002
7591 6737
7546 7664
1316 317
1034 6580
5145 7454
5939 5629
6544 7506
1085 550
7103 2862
7064 4645
5405 2296
244 5403
2759 4556
2171 571
3191 4042
470 1727
1310 6037
3554 1316
4181 3358
4751 2430
3964 6189
734 419
7292 1356
3414 3698
2760 106
1777 419
1569 6611
140 6467
6823 6677
557 932
3321 3353
247 288
4054 7632
2343 1754
6978 1078
1686 2831
4965 1572
288 3599
3447 1862
1956 7465
91 7376
6548 7449
5868 7660
2625 4748
4821 2968
3953 866
3800 6141
4340 5057
395 7310
4256 497
6921 4728
2897 1609
1021 5143
7132 7108
6860 145
2577 887
3855 3248
3290 5758
7546 1428
7169 7248
4784 507
620 2662
6054 3460
105 3839
5500 1232
5094 628
5411 104
2904 6841
3001 164
5929 6646
7286 6923
6581 5714
7592 6455
2623 2863
429 700
4953 5367
546 3665
4616 3356
3568 5740
4742 2374
7177 990
4984 1457
3990 1339
6777 17
352 1560
2769 7266
1730 1824
6245 4109
1403 1512
4541 2069
440 6972
7492 608
2475 3906
3881 6642
7618 3142
6236 5758
6165 6372
4510 5826
1723 3326
7510 3782
3404 6755
7328 797
3492 6774
7677 6036
885 3441
7005 7514
5105 1224
3744 5364
2521 2166
515 5131
2749 4761
4895 3038
3983 1620
4029 1986
1528 5546
3683 2573
974 5034
7324 7789
3564 7088
3774 2167
2710 443
6244 4942
5145 942
4193 3113
4619 873
1856 972
3544 404
1511 7363
6255 1183
823 7805
7524 3984
2621 6255
3519 3547
1739 6378
21 898
7615 3992
2548 958
3824 988
2856 3380
2588 6324
3504 888
4037 5193
5955 7450
6893 5145
7031 6313
5083 2955
386 5337
5997 6075
5174 875
4192 1472
1194 4032
6015 6532
6299 1287
1631 4105
3894 2870
6128 1182
212 2939
4394 7278
2227 1306
3293 3893
145 6931
483 2546
220 1407
1656 506
2220 4405
898 5526
5314 2677
2177 5998
781 5453
3331 3564
7694 5677
3302 2082
7243 5047
4956 1355
4767 166
4792 1947
5210 5038
3701 4836
1345 1327
1641 3237
6282 7132
4132 3197
3215 6613
5295 3982
3381 6280
4891 5380
6933 5108
297 2424
2235 3229
7175 5363
1995 5744
4255 940
6112 6045
5946 4507
1365 7450
292 5995
6777 7528
6483 434
4866 4288
4990 5248
7747 6601
382 7073
442 2320
3691 3656
1517 3786
5270 4179
4085 1285
7116 1902
4616 3412
5144 4863
3115 7592
2868 7525
4227 6370
7487 484
1990 1424
5645 414
18 3891
3857 1483
3839 2706
4502 1870
5425 2604
6211 5950
4839 1049
5729 6810
931 4972
3433 6337
7746 6758
3053 1830
4378 33
1079 2221
913 7108
7792 5700
2826 5049
3784 609
5455 91
6928 2640
818 5048
4921 1401
2304 4821
2310 961
6780 7390
4804 3626
4310 3489
6167 6821
3093 4359
7767 1166
5337 259
1269 5029
2910 2163
7671 5395
3559 4611
491 4018
128 1300
5429 7072
6646 4981
6596 4378
7555 7437
5529 7547
7297 6122
428 6219
1407 5984
7373 2186
332 3091
2000 7431
4787 6847
5819 5955
6486 7198
1087 4406
148 1665
3757 717
2292 1995
6858 4020
3833 2227
5330 3160
254 4797
4217 1337
5355 4152
3653 5216
6101 2465
4447 4652
6501 1337
7481 4053
1493 5610
6463 4322
2720 1750
3679 985
6544 2094
4039 3328
3487 1306
4706 7310
1062 4829
5907 7165
4563 1910
6596 498
5093 3854
6643 6949
320 2088
6485 6270
2511 3751
698 2607
3252 449
6103 545
4840 787
936 7213
3941 6544
1109 4745
6956 5466
1440 1098
6465 3152
4648 2907
3685 283
7276 2732
5692 2292
7253 4873
3579 3607
2389 7724
6948 3580
5041 1055
520 3515
4778 598
7756 490
281 1877
5357 4928
7411 4740
6350 6509
7687 1376
4765 1038
3005 5169
3251 6417
4539 3426
5667 4655
5735 5720
4628 2176
15 7500
1418 4600
810 963
7324 3783
3987 7351
7739 363
2695 3723
7813 1328
6317 7023
5737 4207
3647 31
202 6161
425 3356
1614 5290
7660 914
1913 5390
1089 6024
2092 3126
3612 5871
6673 2921
6836 6193
3279 90
5821 3789
2155 5545
7782 3410
2257 7517
2139 399
3431 2043
2411 6320
9 5952
5510 3857
7658 632
5775 4559
5115 5101
2604 4383
7633 461
4023 4702
1591 958
745 4898
6212 6198
6278 4194
4372 3445
4252 4233
2023 4922
2926 4795
4 2683
166 1791
3857 6186
1721 4296
1576 5717
7117 2996
4699 1272
2465 3265
4993 7690
1124 5064
6785 945
4801 7100
5688 2
3430 123
1798 5300
4293 4640
6034 3608
4384 5713
3167 6752
6833 6084
3578 3064
4509 3073
506 2955
6183 529
3725 5238
4752 1460
4542 7483
3832 229
2798 4113
4129 2443
1751 621
1328 4466
597 3727
7527 7037
5730 3909
6495 2062
7445 5830
2855 1787
6255 7550
2388 4929
926 5336
5349 182
4847 50
6887 1875
7725 825
6170 4768
4263 1862
6040 7263
5072 7603
2918 2865
5456 949
6160 4156
2511 2329
3065 4666
6047 3760
6886 5817
775 4616
4270 847
2764 643
2812 3686
113 1612
6937 5258
5087 52
2105 324
936 3202
4319 5628
4305 2162
1215 6377
5470 2926
364 2185
5748 6321
6459 5460
367 7382
6203 6950
3911 7706
5965 2904
6998 3412
799 2
5773 2835
2957 1428
141 3384
723 4809
5781 4105
6258 751
2603 1973
3393 914
7465 117
511 6222
6493 5691
6590 177
6106 5844
1909 6640
5546 5390
4334 4662
4529 7197
4318 5843
5998 4264
5034 831
3430 2345
854 5346
2996 4738
2888 768
2272 6966
2502 4039
5606 2443
5948 712
4107 3689
3215 1598
4405 1751
46 4051
6844 1462
3093 5024
3744 2803
7279 5739
6103 4219
7779 594
1279 5338
1454 416
1116 6979
3042 6480
1774 1084
1489 4635
6421 6587
432 2253
2646 1877
5985 7100
214 2128
1633 7759
2945 5907
1012 3444
1806 5610
1136 2417
7756 7774
5009 2608
6538 1005
28 5172
2072 5830
4336 3854
5638 2523
841 1581
5533 3064
684 1250
7436 3467
4428 6934
2169 174
5205 769
733 4733
2393 563
3045 7085
3306 1340
938 807
620 1610
5108 6766
3895 7782
6646 2481
5088 3458
6083 131
797 176
205 4602
2918 3158
3178 6203
3152 7344
2463 4433
5385 5681
3057 2771
665 3045
2176 1689
1427 4718
5885 4537
2666 2803
1873 3792
3256 1962
7031 3094
6541 2442
3466 3528
2579 1165
2095 3437
5160 3792
2003 4826
1230 5225
512 1938
7073 2153
5546 1762
947 5560
3931 6118
20 4564
7034 4110
5812 4314
1176 3540
5494 4311
3432 4413
7286 1826
2033 7697
6216 6300
1599 4131
3174 1221
4396 1376
3462 2593
7096 4491
2502 3480
1965 6558
6 3943
3039 1288
2394 935
2005 2290
7237 5848
4980 3499
194 494
3881 1114
409 6853
1760 3865
6320 3962
3929 5881
4738 6063
1022 7117
4169 1391
6337 1203
5200 1814
1895 3575
3586 5964
1063 3579
6596 1208
7419 5676
1624 247
6816 1800
164 6602
368 2871
253 832
3545 5913
3639 2513
2077 4670
2819 1274
4816 6264
6194 92
3191 4343
4903 5640
1842 462
3789 3782
5006 785
7542 2683
2346 298
3571 3717
2093 151
849 3751
3305 1913
4081 1153
629 367
2574 415
7359 954
3354 2675
5761 4959
1605 2934
5741 2598
450 3802
3360 5732
7179 2280
855 3022
4655 4905
4048 7154
2570 5306
3479 3176
3047 3954
3960 4623
2545 4803
6251 3601
3129 4924
6358 2046
503 3719
249 4697
4636 347
6042 6289
4452 3151
4010 5589
6728 1403
1019 4963
3323 2359
2149 6101
4254 4858
6043 7151
857 6847
789 4445
2833 1150
3817 434
2312 4501
7481 1486
5083 5908
5274 257
6615 5467
7714 4388
1229 1353
5449 2866
3540 2859
7351 6408
2319 7091
4479 7756
13 5350
238 4656
7754 5320
6544 7127
7437 5563
4542 134
5285 5113
3972 7234
7095 1209
3718 980
4054 4486
2407 5957
2817 7322
6228 1285
1401 6226
1074 307
7029 4177
4311 1258
5419 2385
4725 3426
6067 4632
6956 3932
3091 1571
7639 1638
2715 1818
4219 6229
7142 7183
914 7316
7761 4260
584 4932
3763 1787
2468 1579
674 6229
1418 61
1515 5733
1831 3837
4807 2005
4194 5678
4824 2736
7602 7206
7691 1214
5525 86
1092 7722
4192 6107
2214 6043
104 4510
5555 3570
2846 4093
1066 2743
5049 2425
7503 6509
2994 1577
4170 3489
6766 4783
430 2030
283 5536
984 3389
4563 7160
131 4819
3605 1250
2359 3957
950 1984
6380 1655
7696 2001
1981 5241
7265 1763
3929 1353
2064 6924
4962 3422
4134 837
1695 3178
4848 5854
1108 1025
4561 1640
4776 4796
6709 1919
2345 4883
2063 6977
5501 7309
342 4367
7618 4860
2300 4685
7289 5527
3488 2231
4000 1378
669 7081
5220 6376
4619 3871
7476 1674
6154 1367
4588 6839
2626 6735
6438 2776
5176 3033
4265 401
51 2132
5497 2750
5393 2413
5991 7140
5899 181
6078 582
4160 2295
3900 3950
7442 3423
7217 591
1896 692
759 741
5950 3063
782 239
1410 5710
6365 101
1990 7021
2130 6359
1237 6810
7212 4057
6315 909
5585 52
5999 2177
1538 7154
6841 6271
1995 537
4807 4630
5377 683
5065 6111
1714 936
794 5675
3256 3688
2629 4208
989 2513
6284 4127
7511 4245
594 4605
27 3107
1812 6247
4559 4860
4741 2805
68 6896
4389 4520
3213 7573
3262 7448
1252 1420
921 4758
3225 389
3337 5642
1719 5484
1972 2903
4702 6594
6024 6796
1788 4238
345 208
1300 5116
970 6660
7829 3044
3444 3917
5986 6000
5206 6524
3010 3460
2993 4620
5386 7697
3540 582
1710 3448
835 2183
2193 4341
7212 3343
4929 2365
7578 6993
807 37
3072 6728
4818 842
7488 5762
1215 5774
6926 6346
4779 3100
3019 3259
475 398
2585 5616
5258 2329
3023 3769
115 2780
7305 1513
5955 1192
7583 7529
839 1895
5752 1597
1417 5070
2819 6500
2845 2128
4157 4078
1559 2504
3145 1343
4080 7540
5644 68
6721 7168
3960 7736
7552 2080
860 4549
864 6706
1418 3122
1519 6030
3142 5665
1648 5130
1992 2786
262 7385
4213 6173
7208 7024
1685 7714
4062 4018
2275 5699
5910 2337
5063 704
5188 6093
7444 4022
7789 5316
672 6582
5892 3503
7208 1076
4350 4542
1786 3702
1178 7771
2372 6190
4985 7737
696 213
5331 6172
5692 1424
723 3309
68 660
890 4149
7162 3111
6972 6282
6088 6727
7296 3083
4009 7718
4510 3687
2015 4445
611 1376
3471 4229
604 7533
7073 6101
6309 3172
556 3007
2355 4196
2581 4984
3741 3553
1486 316
1397 7113
7024 2805
7711 3745
6635 4914
1877 4442
2735 5892
354 4927
4357 3640
3704 1451
6050 6493
3425 3631
26 2092
2056 1574
6754 4148
1925 7009
6103 5958
2625 6698
2213 4914
310 5744
4522 2673
6724 7462
4064 6190
154 182
4132 4536
2615 2501
7100 2586
4321 1535
1170 630
7299 7747
4799 3829
980 2632
3781 6355
6717 4330
4930 4994
1652 3141
4698 6147
4046 849
6505 3719
2977 2916
2779 5040
1828 17
941 6755
6038 5581
5775 3225
7495 5590
5849 671
5910 2739
5507 6317
5723 2363
2923 7789
4551 4821
4974 6554
864 4628
7341 7067
6918 2814
6270 3169
661 1204
6899 3312
5258 7281
689 7383
4119 3474
4401 4296
5230 6588
1436 6234
1477 2579
3046 7136
3385 7195
1338 4822
3901 5657
7382 7012
3103 2202
4951 2487
3429 389
7032 5556
1813 7058
7614 2079
5466 4260
3144 743
7477 3224
7358 5626
6660 2638
7463 4172
6722 2155
449 4226
1348 1263
469 2595
229 5468
7349 1221
7299 7436
892 3772
117 3509
4688 2918
5221 4414
7086 5507
4750 5424
965 5838
3852 483
6831 4625
5974 2161
5072 3940
2354 4372
6339 488
1299 4632
7077 879
5193 4133
5436 3294
1064 5269
7472 1366
6597 7675
893 7193
5992 7040
3282 1639
6525 4027
2936 4232
6210 7402
6227 3061
3760 7310
4994 200
3811 1076
6788 5277
521 2994
3710 2080
7764 3610
5854 6958
7519 1300
6390 1567
131 4248
5068 2361
786 6743
1880 4551
7124 5865
4572 646
2789 6249
4603 5178
7599 4943
7110 6660
6671 5785
6807 2529
6092 1920
4721 5418
4216 3427
4706 3791
5584 5207
7335 6570
4762 6948
6078 7015
1628 1697
6267 2894
4686 4976
3521 4057
1059 2094
1005 882
1119 5466
1909 1839
1371 4655
276 6975
2952 3319
1500 4024
2153 4813
4691 1174
7685 1144
6495 586
3070 7639
1114 4620
2161 7234
2865 4243
3922 7368
6834 3288
5614 5712
2080 3593
6755 1769
7040 1900
339 7308
7125 2952
1874 3962
825 7767
106 3425
3955 664
3096 5782
2826 3420
5999 739
616 2708
4323 5683
2821 1718
4476 864
2723 2693
855 1244
4057 7757
635 3531
3513 7644
5935 2848
4159 4173
6977 3600
6264 3914
5653 2653
5545 7161
7394 5184
7385 3999
921 560
2827 7457
4079 2945
6562 1906
1407 164
777 5729
5175 1413
6841 4098
258 6749
5501 1004
5570 304
4794 5193
5018 3185
4709 2710
4435 4262
4298 6948
1293 5306
2224 6113
3336 470
4895 2076
6417 3198
5884 3997
1658 7722
1732 6221
2423 971
222 67
6574 5782
2254 4687
3670 7638
836 2065
5124 2982
7185 6920
2558 2566
6749 411
719 3100
3122 7791
511 3020
7423 358
2409 645
7303 5475
4097 1099
4782 1984
2620 869
782 317
1276 901
4213 3241
4337 4764
3595 6433
2 5407
7565 2531
2021 355
2966 2665
2590 5965
1920 2347
1382 2323
4539 4266
4375 202
2017 2457
5588 6276
5869 6648
7196 1667
5420 5488
7322 7127
617 5408
1153 7094
3783 4365
5307 3279
3492 224
3222 5608
3672 4272
5028 5115
4144 3357
235 4160
1791 5353
2512 3064
144 3700
7043 3581
6149 2356
253 2794
6035 1503
6177 3620
3668 4162
4430 1015
2550 3281
576 4200
6762 3285
6068 2334
2174 3509
7533 3853
1360 2106
458 837
2771 421
1752 7503
6629 6251
1318 1391
6909 5699
1718 5377
612 3457
7045 4833
4964 693
1011 3903
3564 168
7218 2165
6717 6722
1721 4193
3244 3412
5344 7587
3175 4370
6345 5418
5895 3598
1748 3000
7712 7348
3424 726
4035 6977
7329 7733
4145 4969
1815 7120
5300 1413
4625 4240
4073 7429
5307 5667
4947 5650
3979 5819
2537 4918
6163 1143
5259 6160
2355 5075
6554 6864
3694 6479
5953 4292
2031 6392
7768 1016
2181 1049
1631 4154
1484 1228
944 3313
1640 6164
960 7575
1011 5872
2765 508
401 7275
4358 6524
2173 7133
6595 6232
4000 6447
7816 3403
397 296
2776 3185
7019 4753
1409 5948
6121 5370
632 4347
818 6843
4806 7447
461 6504
5045 4743
5234 7097
2828 6135
1202 6943
7513 3487
1966 5357
1085 3540
4398 1693
5833 7644
6888 4371
6461 6088
1355 4039
5238 6760
5144 5195
6082 2963
5027 5898
5113 6910
1004 4884
1297 6572
601 2018
877 1801
3721 2021
6090 6587
3258 3342
3564 5058
5909 7581
2843 6618
4543 4500
6551 171
357 7543
2782 6690
1399 7552
7609 7450
3763 3105
252 3362
1740 7409
4979 7304
5989 7555
4938 3853
3747 2761
356 2573
4769 2532
9 3521
5234 6637
1203 4742
708 5427
7307 6291
1013 5505
6937 6729
6555 6952
6908 2525
6461 783
3543 4436
1271 3149
7479 2756
5457 763
6745 5728
2005 6670
6594 2916
285 3882
5938 6481
6176 7456
364 5397
2756 5513
7594 5190
7308 1081
4286 494
1565 5554
913 3603
2841 4529
349 3986
3808 5202
1701 6633
1384 6034
7324 3755
6656 3256
2116 6303
966 2692
5869 4766
1422 2513
4191 1670
909 2695
7264 3769
6000 4844
348 6457
4769 7001
1841 2972
6159 2845
7192 3034
880 7840
4345 43
1211 7828
5044 7245
7569 2052
7460 2977
1409 2637
4889 4306
4907 121
6676 5308
5837 2962
433 1164
2511 6949
3493 303
6281 2863
4303 3906
3542 2958
176 7168
2283 4541
3961 7084
4439 299
6005 2251
7839 4879
6904 2105
5072 5457
36 3060
6957 1605
5541 7092
4415 2407
958 6020
7724 6613
197 2256
1595 2154
6476 4281
2133 5891
991 7122
7767 3050
6681 7010
4426 4093
1597 41
2306 1657
2459 3618
6387 2567
1228 6258
5624 2798
2193 2823
991 2225
5004 6995
6345 3484
2638 7515
3171 5576
2320 1600
2373 2812
772 5571
6674 6982
5144 1779
6053 6366
4369 5012
3222 4891
4944 5906
6092 1736
6328 2790
7001 3748
1172 3725
698 1718
7787 379
1747 583
4398 6963
7391 7810
3364 6224
3242 5441
1983 4021
6277 4089
4717 6957
145 6696
7358 1421
3065 5252
4410 3068
6205 372
5498 2702
7838 3753
2323 2608
7248 6385
3802 5308
7629 4229
3868 2704
3728 2971
6710 2207
3832 6531
3238 1226
1590 1720
5715 907
2084 7503
6903 3099
7152 573
5415 1515
783 415
6466 6628
5332 4429
2624 1660
4226 5641
5859 561
6034 5329
4984 6188
4474 5503
667 5476
423 6579
2782 5564
4710 2183
5656 535
267 7348
3316 1578
451 2386
5021 2738
1145 5312
3297 3456
4055 774
332 2685
4785 2129
2649 7315
4734 674
1923 6555
4649 7621
3896 1487
989 3941
7748 6569
5932 5000
2045 6825
826 6308
3625 1019
1006 354
3299 4143
1976 4596
5756 6142
5904 3285
6009 7114
4713 4102
765 2791
5849 135
698 6002
5334 7368
6820 1357
7393 4701
493 5955
2369 3760
4609 2395
7343 4047
1720 3206
7824 4558
5831 834
815 6508
2752 1366
6678 2163
4425 1086
1449 2762
7368 4429
4955 393
368 5631
7777 406
4810 808
4964 7327
5948 1264
1855 2035
4266 7084
3766 5175
1718 1575
863 6547
4601 195
2359 6327
1370 1101
4176 7808
7066 2607
6231 4432
5551 3685
3320 1012
5317 5361
1756 5852
6271 6177
2720 4629
6620 4374
6415 5335
224 5750
3675 3102
1404 1218
2946 3691
4782 3575
2276 6143
5554 7362
3243 2334
554 7829
713 5386
2787 7250
4386 6038
5408 6522
2347 5257
4777 7743
4562 2539
6626 3666
1449 84
6258 5265
5254 447
6674 5162
7531 2966
729 6810
1746 7438
1208 7270
7141 2160
5152 4026
2184 634
5206 5468
1158 199
2992 2390
5122 1647
6315 3402
4511 7479
6704 380
2114 533
5035 6725
3243 1732
6964 165
116 3163
2281 1576
5399 1389
453 3273
3060 4298
6186 2267
3109 7340
531 4011
4290 72
1825 6470
2703 1970
4885 6902
5816 339
233 7310
1465 1138
5778 6758
6820 1682
1739 7594
1672 6423
1344 1962
3129 1864
2249 5312
6118 7464
7631 6163
6506 2287
167 4499
7835 2803
1601 6745
2334 1032
156 408
1075 2301
2967 3583
2141 641
2518 1607
2907 2243
3735 1695
6449 3269
939 1856
5378 7000
7046 6572
2583 6776
482 5550
4231 5536
392 4674
75 2094
1159 267
1618 1289
2336 4735
6146 7586
7243 5555
4681 976
6033 4357
1021 2122
7237 553
3608 4961
2339 6243
2986 7332
6181 2080
1631 699
1136 2159
7283 5144
4715 7705
6791 7318
3848 4754
2539 497
4766 7581
333 755
780 372
2075 328
5586 1336
1348 2578
3077 1663
3108 6215
2612 3888
976 417
181 4427
6042 2127
4011 3865
1548 4398
3916 342
1206 7010
3718 5397
3455 3000
3467 4292
2079 3994
7138 6129
6658 6429
6540 6267
6399 4054
1406 469
1613 5048
5502 5646
2862 1075
5911 2974
4736 3343
6330 2891
4731 1703
5685 4959
1056 4002
5675 2759
1824 5846
1392 7482
4409 3488
4388 5280
6127 18
4587 6491
6276 4845
1933 7679
1165 5361
4441 5074
1644 4885
4452 1840
2528 5150
218 1047
6122 5901
7523 3213
4347 747
5434 7195
446 4401
5608 688
2134 71
6052 564
2601 986
584 5763
688 6112
1148 6927
2813 1164
4328 2999
4836 7324
5957 2986
3948 1242
2404 4660
1835 1655
3453 7757
3658 1888
3056 3652
2022 7289
911 3715
4118 510
1023 4799
797 1304
342 4226
2295 6814
5834 1072
6672 6354
5974 7739
1427 3947
2624 540
6519 5377
1205 3591
4585 4520
2515 6644
4800 6151
2793 3208
3526 5155
4079 4772
5843 3700
7176 2023
5335 5744
4386 4187
7070 1563
3578 6727
6940 7411
4171 7552
6452 7793
6402 69
3530 6893
1921 4729
2935 3348
7098 5242
929 6393
3702 4170
2539 4876
6141 5996
6857 447
3689 7663
6415 133
3776 5753
4554 1109
825 906
4563 3219
618 5678
1758 2746
2351 4836
6941 5767
7406 1241
7630 2019
3290 7823
5665 2597
1694 4898
1775 1709
153 1025
582 5283
5148 4834
2554 551
2010 6513
214 7692
7450 2446
5204 6146
4390 6338
1223 3095
2591 6513
7222 5435
4856 712
4458 3709
6639 4816
7765 1391
6987 1775
3972 4606
2207 3374
888 120
7524 6132
2484 699
881 555
603 2204
634 2338
6940 4153
6964 7510
733 7738
2016 1442
6905 6733
6219 1491
7503 5480
1728 5952
1088 5529
1155 1597
2564 7805
3735 7382
7363 1602
21 6758
6 5303
5477 272
1265 5867
5814 1151
1412 6285
4038 371
5203 2437
3185 3427
5250 650
651 2653
4210 7291
681 5916
2695 2504
2198 4654
357 3709
3251 4603
946 7110
3721 6428
5440 5152
3456 108
4580 838
4516 7039
3437 427
6477 7526
7661 7039
3440 3117
7059 1195
4852 5814
3350 4389
6975 6084
2755 2825
1864 1075
7404 6253
2528 3030
5386 2247
5029 3150
2825 6375
7637 2593
4105 956
820 1014
4528 972
3812 2594
1904 272
2412 3780
6092 5495
2285 5105
6848 4583
3271 7739
2991 2661
1811 5327
5672 4530
5587 2607
4835 1788
144 1627
2999 4997
259 6901
4623 6736
4669 2724
3262 6338
1537 4124
3249 4138
4474 3170
1195 3611
4870 3554
4087 3190
4140 2299
7031 5315
553 6903
1955 6359
4808 4838
4920 5768
7822 3706
5297 464
3978 5373
4570 2071
6804 1994
5805 7260
4629 3298
1306 3391
2911 7605
4663 5394
3527 1726
4887 7008
4402 1257
3627 1735
414 4395
4091 1847
1117 4010
2490 3995
1266 503
2478 155
7254 2198
3399 468
308 555
7675 3770
3324 2611
1046 4565
2297 774
4004 1715
7477 3203
5429 673
6349 5364
5040 7620
355 1264
710 4429
4119 2865
5119 2067
6066 1515
5232 3429
5707 2768
3054 4865
1785 3802
5155 4667
1144 4250
225 4249
2437 5157
3948 1196
4662 1467
5065 1060
4570 5279
3605 5533
6124 6647
2798 1804
3224 2102
6854 1676
1682 6080
7044 2663
2690 348
5107 4896
6870 1369
1730 540
1221 7234
1312 4489
5409 1963
6406 1937
52 3952
4340 5631
5304 3090
4325 2073
5850 5619
2812 7172
2010 4085
1972 3042
2779 376
2520 5706
7258 2964
1962 2841
1215 2622
2267 2601
6781 7550
3478 4480
1831 7031
5357 4908
4328 1565
3905 1031
753 543
2365 2690
5877 6852
7194 3528
5222 3843
800 1426
5892 3452
5630 2177
5425 3440
2584 650
2557 5236
2786 4404
291 2214
2835 5681
4323 2319
6947 5304
1674 6955
1331 5656
886 2511
1851 4783
6239 992
1047 4964
6069 3772
3092 3194
2833 2985
5977 5408
3294 4956
7041 5146
6696 1242
4127 4512
2639 402
5080 462
4113 643
6113 586
4002 4626
6410 2824
1389 2711
4157 2936
1360 557
2080 17
1168 6177
6605 6828
5617 476
794 1681
3097 4429
9 3624
4881 6246
7806 6111
4981 5707
6287 3297
3035 3217
1565 6737
3506 4888
790 6049
3154 13
1728 7662
7799 5093
1386 1640
5458 6547
3730 1520
6594 6140
4430 137
3054 6780
1769 1483
5277 5878
7124 6641
2801 4338
3714 6081
7493 6638
7258 3031
6478 4644
7110 309
5116 5488
2718 1428
7103 5719
6528 2146
89 3438
731 6135
5927 3743
4915 5510
7178 1916
3111 5841
7172 6174
1063 6530
5433 5764
6068 6259
3133 2428
4681 3806
4943 4324
6964 4694
6199 411
2906 6494
4580 4588
4736 3719
628 4257
4811 4440
2968 5250
4473 3865
7383 2206
4333 1825
2858 1125
3333 1860
258 3453
3097 5455
5646 5408
1401 2487
6052 7749
5066 6539
4232 6807
4826 3840
1798 4715
3194 3249
7194 6654
5938 7346
2949 482
4483 664
3723 6348
1572 4315
6897 1978
5649 475
199 354
1259 7365
4747 3891
4377 2315
2528 7548
4411 6722
5220 1196
4862 409
7403 4264
1407 4904
5379 7668
4635 4260
1829 7378
4405 6269
1178 7392
6801 1742
362 7401
1928 7474
7093 6170
7652 4972
2495 5846
4840 76
6071 7673
724 2702
5861 6303
4049 4577
5593 4994
6456 6321
3930 6923
6084 4567
4776 1143
40 1092
2188 4382
7553 3170
848 4880
6189 1165
1717 597
6421 787
2883 1336
6227 1756
239 7007
7774 741
7399 113
1722 1918
862 1849
6943 7578
3132 5602
7762 5494
306 5247
6441 2331
3384 5361
911 1433
3704 2599
395 794
7468 1744
5462 3612
3251 3649
5651 4213
27 7677
4316 2422
4622 2043
5952 5868
7197 3689
4063 86
5857 1011
4291 6144
2016 7485
485 4154
6131 5553
1346 1784
2812 4854
755 4314
4099 4232
2786 1079
1185 1858
6143 1761
3117 952
3718 1681
7308 7255
4100 5782
7178 3665
1574 5095
3228 3175
2454 1541
3677 5904
1013 7324
7797 2877
7825 2409
5279 3587
1245 2540
5754 1713
817 3608
886 6246
1607 4396
7509 2563
5188 1506
7210 393
7049 601
5125 3818
6508 6103
7664 2971
5891 6773
161 6668
5629 233
5130 985
6698 832
6689 1900
1018 1805
1463 3027
7603 2021
6424 2919
2291 7746
3979 3358
5821 1278
6655 5726
3759 1566
427 4039
1798 5814
153 5271
4448 6655
1575 586
2598 618
1679 4211
6249 6209
7267 2630
2114 2894
7553 2425
252 7552
556 7212
7356 2182
881 471
7580 5832
5933 3332
4745 1209
7277 626
2014 4397
7107 1161
2715 6444
2673 6547
4275 1354
6652 4515
1375 2197
6553 3558
6959 5728
5652 3633
3859 6985
3760 3457
3880 2313
5034 1227
3500 534
4579 3125
7456 810
6957 7193
3914 7274
7835 4522
475 1257
4649 5982
2487 4238
750 4977
6311 5044
226 6314
7539 3068
4714 2504
6731 4593
680 5750
4121 7174
555 6803
5362 1054
1394 575
7804 6024
2736 2383
5443 6272
3976 3505
6007 595
6185 3643
7683 270
7369 35
2284 7598
769 1225
2774 3802
4238 3473
7558 5754
1354 3658
946 700
6528 6956
2728 5294
1541 5616
3851 6107
7689 7664
1224 5437
1862 495
521 4205
2989 6718
5763 3447
732 1063
4608 1228
6650 488
1478 7164
2037 5325
7423 1769
5654 1888
4633 5449
3926 7177
4077 2559
4671 661
1625 3248
6791 5672
6214 3364
5484 5014
1751 3685
5831 6810
1718 3609
7303 3362
7075 4592
5216 2742
101 3570
5009 5017
3187 6392
4733 5746
5691 6080
3989 6664
1352 3755
4888 2469
1642 6220
5607 7069
3791 7686
7100 6330
2190 6514
2973 7079
3411 4834
3494 11
5992 3539
7068 458
5204 151
7356 5116
6520 1856
4348 3275
74 5507
5421 2987
5594 3769
665 5959
3841 6556
4104 2714
5782 5117
831 1398
4973 4705
4831 5357
4832 6567
7321 4156
6873 5294
1503 1728
1595 751
7666 6365
2005 50
6124 7406
5545 7285
1860 7507
3296 2476
4655 4933
3279 2669
3500 4633
563 161
4919 6268
3503 1908
2644 7447
5509 1410
5979 146
55 3201
3898 576
5063 6835
2574 2381
6372 528
6925 5903
2316 6907
5645 4932
4497 6315
6419 5283
2920 3397
5035 6700
7698 465
7772 822
6620 3299
3345 6951
5290 5042
2869 2737
2597 1099
5590 1588
2911 6067
1902 1424
2712 4466
7705 12
5786 7503
6656 4448
6706 5787
4407 3645
2711 7669
7711 3768
4185 3378
5685 684
212 6206
4677 6599
3218 1886
5240 3822
2106 6790
5009 4543
841 148
4518 2692
2554 3908
2034 6954
1328 2980
3089 1141
6635 3364
4120 1831
6851 3730
7344 7640
4854 3148
4101 133
841 614
6013 5645
5549 1669
7222 1988
104 2580
721 2349
3169 2335
1579 2411
4640 7429
5958 7826
6786 2349
3063 7823
6954 273
1929 4469
3112 732
4538 6908
4397 6320
5699 7733
2225 567
6406 5008
3644 4312
3174 2094
6743 3570
1418 4233
6856 1756
5219 1921
6227 1033
863 5784
3529 5409
6626 5066
6404 4482
2329 4502
2811 2938
2170 4572
305 57
668 2542
1812 1074
2422 892
1362 4477
3477 4186
7449 4529
6059 510
2664 6234
7053 7680
7332 5272
735 3507
3883 4848
726 6020
4481 1547
3647 1533
3227 114
4020 5483
6742 553
5286 5821
5084 343
247 6049
3643 3780
4465 2092
3049 639
5238 1960
7476 7434
1003 6700
2326 1705
7247 411
2535 5179
4470 5688
6995 3916
592 5971
5915 3170
6650 3705
3853 2112
3938 4961
3838 3041
235 7747
1771 6698
7284 5293
7491 5325
6614 227
1221 5171
5944 5966
1066 4449
7117 622
4602 3514
5093 1050
1389 1539
6378 6678
6518 3421
7604 4590
4652 3265
479 2127
6328 5036
4580 4105
1835 707
4358 7482
4569 323
7713 6469
1669 585
3607 7371
1250 3143
328 4031
5630 3412
4461 3958
2375 614
4859 4570
7590 807
3045 2722
7160 455
3967 4832
6767 1041
7426 5052
4010 597
2699 4627
3789 4889
2454 4546
4429 5301
2024 1060
1621 1514
196 5248
1907 3832
7037 5750
7775 2489
1616 4609
4285 3464
721 1755
6871 5073
2824 7132
3377 2739
2204 1603
937 2062
4008 1364
820 5032
1307 6355
4498 2518
6447 5689
2357 5341
7266 852
1964 7388
6246 1890
211 1721
1215 1974
4369 2695
6921 1248
3744 7333
1338 1689
5411 1282
7152 1276
4446 424
5315 3632
2753 4089
1809 1286
4139 7186
7730 1649
2817 6519
6555 75
552 4208
5505 422
3796 7233
2579 4476
478 2790
5049 6037
6713 4632
1082 5686
913 5098
1233 123
5792 5930
747 1305
7701 3364
4356 3830
4916 6035
7751 1121
6226 1954
7438 7811
2412 6285
2623 5213
5843 971
1880 2219
753 1664
7646 3830
363 7268
5244 7727
4089 275
3108 578
5200 7633
7415 1421
790 5657
5569 7258
5510 6658
5141 6212
1061 5803
5537 2836
7098 242
3557 6883
3173 4945
5684 3949
2785 1647
7831 3498
4255 6198
7250 1599
437 6545
4890 7352
1950 1568
6579 5658
583 1119
5561 7812
4742 908
6419 5621
5223 842
2311 4798
6273 98
1057 2918
4594 4580
5435 875
5738 1333
5497 5240
7530 6997
1543 6592
1443 1151
759 1081
5044 4476
3703 1915
1639 3272
2954 7471
7569 6153
7840 6576
2729 4522
5297 3139
6954 136
7069 4130
5774 7772
5011 6777
3497 5358
1235 4398
6621 7718
6154 662
2852 4133
7576 7572
4908 961
4522 4073
6197 2834
4769 4720
6284 7161
3140 1461
4418 1160
6483 3932
7401 7245
7342 438
2299 3841
5534 4467
5936 2135
2478 4056
809 1214
713 1005
3701 5110
1351 3827
866 2449
4575 7325
3420 3656
1308 7783
1115 6214
1834 5463
7716 7824
7698 7249
740 7816
2278 5655
4841 7211
5740 5362
2691 2200
2848 1422
4613 3740
5052 4267
6841 2877
7066 4917
6659 4027
3426 2004
2287 115
5301 5841
1315 3115
714 3008
1473 1616
2292 4144
887 7560
5283 3654
736 4344
4434 6273
3830 3144
4621 3227
7292 2962
2640 340
5666 6956
2203 2366
372 211
3796 7175
7214 2197
3397 6721
1283 6352
3534 222
6435 1942
193 1593
2998 5842
3471 5420
6724 6978
5129 4914
552 1994
5172 4144
363 5463
7316 298
6526 5976
954 3867
7828 4391
2270 2124
2129 7331
4997 230
6305 1645
2862 1701
4726 6221
892 1050
4692 2650
3848 5045
5557 7688
1880 5780
1232 4877
2843 6802
6089 930
1995 6346
5679 4989
6529 3394
7710 2127
612 340
7036 2618
7141 6305
3307 7
4043 5043
2718 3924
4068 5593
2857 4923
2130 3210
2089 5503
5026 1128
3828 4237
957 987
3681 5075
3792 7375
1667 2830
1552 4104
4117 1931
7342 1011
7833 6762
4311 4320
3330 1170
397 2352
6348 1168
6105 268
6783 203
2854 4824
6147 6087
6658 4690
2377 4048
4240 7610
2457 826
2882 1881
3588 723
6738 7450
3766 1952
4513 699
4749 1493
959 4035
1625 7056
1361 5803
1864 922
4197 48
3187 4379
2708 3392
4055 2927
7561 3935
173 1270
4791 308
5689 869
7668 2688
1719 1986
1530 3386
6769 5113
7715 7127
5326 7415
4875 274
4189 7609
3800 2832
410 2019
2902 5773
6524 4258
4302 5234
1699 3834
7497 3877
7755 652
7483 574
2995 3460
7068 7775
4985 1714
2267 7063
6848 1168
3154 7231
5373 1353
5864 5115
4804 544
4617 7414
7138 5235
5457 3295
1149 2282
4699 7733
2132 384
6667 6771
1124 5506
7245 6902
1347 4977
7603 2858
6039 1688
3971 6960
2506 4197
7306 1468
5383 2087
2583 5682
323 3422
5846 2104
6229 7673
4338 3178
184 6457
7767 2595
3504 248
3591 231
7161 3932
2997 737
5159 5806
4999 33
6597 6516
7638 1616
4673 5376
4377 5032
7711 4153
6718 989
6561 390
6974 11
2062 5719
5579 6019
7298 1796
3360 1115
4299 6934
4178 7776
4784 394
2371 2270
5951 2507
4427 4641
4445 5387
4592 435
3611 1162
6463 1506
7328 6203
341 7290
3930 1926
5589 78
2060 1601
6296 3092
5070 2208
4179 7388
2614 1323
3046 685
6313 3488
4832 5172
7293 6695
6359 1838
3844 6058
7311 7813
5302 228
2000 7393
6909 4135
3126 3841
4996 1751
7633 6955
1667 521
6377 633
3749 237
1905 6730
3009 5659
4004 2838
1058 2486
1822 3068
709 5271
1891 1296
2845 186
4403 6390
5125 3593
556 4329
7604 5058
3057 7611
7769 3344
1942 435
6657 4621
1780 7536
5690 2212
4625 6512
2789 5659
6564 7605
7378 3086
6970 2781
7149 4080
4300 5129
3812 3877
166 7592
5132 1862
889 1838
1025 1907
2330 2661
2768 2441
6929 2973
6629 572
6552 1367
1771 4510
4775 3272
474 2054
3980 4514
7207 528
3162 746
6607 184
2607 6713
7224 6055
859 3387
3851 1800
2055 2762
5611 5954
4041 1767
2632 3291
4062 3970
7767 3457
6013 1396
5735 603
3032 1948
7040 5976
7578 4764
1964 6179
6937 768
7006 1262
6327 7328
7228 6496
2160 5644
856 5771
3260 2462
6118 172
7238 2817
5805 1225
587 5516
7293 1849
471 4834
5648 3040
2291 2278
660 5035
5098 3993
6340 2292
5105 2617
5954 2579
7279 243
6420 6886
1677 75
3718 4861
7052 7740
4252 165
5696 6255
309 1939
6885 2357
3954 4256
4649 557
393 6280
6973 450
1733 4802
6300 1697
5635 3309
68 5717
2368 6934
5172 2183
5560 5765
6121 972
4102 2879
2518 4964
5092 35
5586 5976
3464 3984
5740 7782
4588 7231
229 6289
2216 3804
4210 5297
2359 2878
5554 6595
1883 5621
4475 6195
1567 194
6443 1172
5539 4824
279 6735
3069 2551
3136 854
3271 1801
6589 1852
599 7770
2694 3134
7382 4947
1000 5595
825 1608
1587 2015
1349 3628
6159 6396
1010 4269
807 7287
7329 6707
4597 1386
2372 6968
4576 466
2998 74
7672 7685
3834 3734
1389 7822
1470 629
7032 6629
4648 5954
7205 4017
339 7261
1206 1552
1461 7430
4646 416
3147 3100
5151 2518
4257 4411
3295 3389
3360 3401
445 5646
7269 5068
7221 5087
67 6217
4964 4982
5923 7538
7734 3010
6406 5987
5595 4013
1156 2080
6908 5493
3977 2953
5825 3105
6324 788
5817 471
7786 3003
5880 2053
1889 1846
4432 7602
1486 513
2792 2014
3846 1878
2727 2429
6205 3850
1194 6750
2914 3334
2812 6002
3869 7699
2013 4874
4883 4129
1901 6714
5002 5364
276 6140
4273 1642
3994 6591
4808 729
6215 7179
3789 6505
3618 1201
821 2909
6755 1396
5023 7016
5295 4694
6856 5165
2917 2507
632 7177
1269 3008
6403 4232
1388 3293
3455 3337
6985 7460
3003 1058
4158 6770
6263 2436
3297 3571
4646 3717
7783 206
3534 959
5475 3527
7481 5301
2484 4521
6939 1330
7012 4661
6640 3525
3714 2113
1171 4499
1943 4617
5853 5575
1859 6071
7679 1510
7653 1597
5493 4018
2631 7754
3686 5160
1907 2153
1891 6416
5561 2692
600 7359
1515 210
6620 7397
1109 2254
3673 5050
7462 1834
467 2148
5347 3698
6066 1116
4923 1684
2803 4200
3820 2063
6605 6240
6494 5416
6996 2992
310 4617
7765 5098
3723 2485
324 5687
6263 7475
6220 184
565 1038
6924 5419
5014 1477
298 1222
6405 943
1259 4072
6494 2363
3177 2212
6856 5370
3500 1880
1502 7452
7615 5624
4708 4167
2893 7487
3887 7229
3755 2229
5066 2516
6417 4504
4652 604
6740 5635
1578 3612
1981 1472
7566 1917
7215 1374
6295 5285
637 5734
2236 5107
3192 3523
496 6193
144 269
1915 3493
2116 4892
1944 270
7480 5923
1350 4798
787 931
2742 1078
3338 4578
5205 3994
395 7201
5441 1150
3977 7030
7501 1444
2208 6338
7115 6252
160 3582
2192 6866
1744 6178
1115 3922
860 2862
7195 3413
6894 1573
5655 2110
3925 6058
4946 4029
2857 7345
2171 3925
3473 4656
3617 874
4526 3046
6538 4273
5524 2171
2337 5769
786 554
7010 7447
2405 1422
2654 7653
7485 5024
7425 689
7607 2834
1109 6885
1137 789
3297 4085
4983 6748
4506 3464
5878 4715
6623 6469
1709 5701
532 4086
3077 6238
101 1042
4276 3663
353 2482
3202 5755
7454 4354
1795 3722
190 5223
2813 558
2590 2849
64 6449
5340 1201
2119 2175
4404 4316
3175 4820
4749 2816
3300 4264
237 4523
578 7302
3508 5027
903 525
4316 1681
6861 3707
5564 4768
3837 5676
1230 1495
2966 1753
5598 1653
1010 5745
743 7409
4016 6786
1040 7107
1010 7808
6636 4219
6413 5437
913 1978
2483 2464
7816 6216
5088 3376
3755 3661
3284 2221
1635 2619
835 2584
2919 4459
2342 3869
2628 3000
5983 4694
3529 3673
3317 6742
3980 4314
257 4949
2130 6207
4888 143
1871 4020
6741 2837
175 4508
1945 2383
4657 3449
7420 809
2101 5158
1192 5321
6147 6822
6638 6998
1568 4246
6206 478
1441 2808
3411 7643
3200 3279
3134 2881
3034 1425
1377 1902
6590 6291
4774 5667
6507 4213
7764 6821
769 5475
2016 2770
6352 5522
292 2112
3804 417
7641 7621
7569 6349
4464 3445
3587 1571
4772 7379
1102 6126
6962 1530
5053 5828
1970 2486
2823 3534
5391 6275
3625 5177
2238 3055
4572 1359
3324 3261
3332 2579
7403 1458
4011 2746
5136 7644
4861 5526
6051 3679
2177 6874
4562 2685
205 6901
4037 2995
432 751
3717 5182
6668 5482
4086 7673
2652 4157
3570 3268
126 7169
6870 1792
6872 2436
4999 2335
7000 4880
5859 6991
4887 3270
4957 5947
1426 7206
3863 3232
1895 3199
3811 545
3385 1589
2456 4892
3566 912
878 6475
607 7406
6602 6254
3180 7095
1508 3127
5454 2356
5714 3962
3512 5842
3597 3880
5316 4044
4082 3633
886 4940
1360 3867
7331 3893
2965 41
5682 378
5184 1478
65 995
4210 7546
6720 1295
6756 6562
1277 5963
3988 488
7453 4574
4664 4093
4086 6325
7589 1332
2439 7698
6184 2757
3192 7100
5281 2127
5427 137
4922 2375
50 1251
1328 4497
4981 5508
4280 7664
2159 7332
6884 3738
141 388
4112 4117
4225 362
3869 183
47 687
3852 2834
744 4377
1300 2344
6319 6768
4218 1635
1624 6129
4329 7802
3912 2291
2902 4992
2954 454
2614 1274
1490 1944
6460 2171
3177 5119
3248 866
3330 4950
152 5880
6965 5299
5836 4942
3372 7777
3931 6984
1289 1156
978 441
7342 6919
2899 5281
2458 2108
4192 3900
5022 3743
3867 7522
6176 3452
6568 3686
1356 5460
2239 2751
6178 2182
3457 3084
1721 839
323 4180
6775 2176
2468 3580
6788 6875
6779 2985
957 5026
2729 7558
2684 3984
5464 4935
6808 5971
1851 2791
6738 4987
586 5263
4549 2530
4905 2474
277 728
6735 7589
1880 3768
6344 5383
6475 6706
7796 815
737 997
5635 7209
3665 1054
1877 5751
5043 6184
625 1320
1888 1127
6820 6280
3022 5126
6690 1144
7521 266
7703 6574
5314 2237
2801 7071
5969 502
6495 6309
2878 5896
2865 7136
5665 2234
7785 351
7658 4169
850 6
2448 3359
5356 5695
5631 3188
1471 7150
6490 678
7699 2774
1234 549
2079 868
7586 1628
6439 4771
2494 7621
306 5756
5123 4111
5869 7224
5976 5052
3901 7838
2415 1983
21 4820
2498 4410
6034 3143
1271 2317
645 2038
5039 1147
2157 1975
1302 41
254 1596
6632 1045
6222 6050
849 7630
435 2965
5986 3767
2653 2541
6789 1193
3719 4772
6701 5121
5472 2390
1428 5212
6676 1749
7249 5900
318 3097
5799 4574
967 2450
1150 4772
4346 0
4313 327
369 75
2650 3472
6809 5428
2765 1314
2960 5760
1038 397
7337 6731
161 1104
2318 1214
2605 4702
4225 4800
1625 6849
593 7448
692 2576
759 5071
4357 3413
1251 3841
3993 2993
5298 6266
614 7648
6011 5443
4626 1898
5050 5240
2271 2673
5180 5801
1301 5369
2466 3826
2436 3403
2349 352
2420 5804
5745 852
2212 2652
7693 751
7159 261
7100 444
3024 3330
7054 2571
273 3467
6480 4324
6481 6557
6803 1803
6629 6638
6172 5119
4565 898
4823 7647
6643 7220
4 1651
721 4404
6741 2767
7838 3219
722 5776
32 1701
5602 3291
7705 6260
2979 2657
4483 3160
6546 7103
7433 7206
3940 4696
5138 3151
2801 2991
7822 5978
1905 4714
5850 3260
6837 6217
1955 6945
389 2633
238 7580
5679 2850
2574 3417
348 1535
4495 6380
3017 4877
4474 2615
3711 5817
5695 1356
3161 4415
3456 2067
3603 3990
662 7052
7365 916
4974 749
5360 1434
1269 3647
7713 1266
6951 378
7475 6028
1486 7375
2954 5323
851 3210
2643 4876
4105 1516
1435 3259
6152 845
1490 2619
1887 5721
4214 3958
3980 70
7207 4659
4076 818
7358 2477
1475 108
1892 2597
5145 903
7415 1439
7205 1513
5664 4269
1260 7121
3728 6267
5406 7027
6290 2437
2840 1684
3309 456
4566 1016
7575 3735
6146 2455
5028 5720
2493 2691
6011 5001
6629 1030
2675 6217
5964 4115
6750 4176
6930 2878
4179 1361
6155 2302
7033 1353
5277 467
453 3601
461 5457
7771 6214
7535 1708
6690 276
6750 591
3320 4842
2016 3108
5182 4646
6166 6089
1404 5458
4580 1719
1375 4255
7548 5744
6425 6601
2550 7481
7437 2304
857 2097
3683 4284
5853 7617
6228 214
7773 642
2028 1752
5323 6428
7533 747
1697 2109
6106 1872
1799 1627
3171 7279
2390 4326
6113 2935
2210 5077
4364 1777
3801 187
5735 7494
6071 5827
1118 4734
4194 2426
4943 269
7209 3855
382 39
6659 7303
4962 1240
1432 3463
282 183
6069 4040
6125 2261
891 1595
3328 404
1391 5588
5457 5536
5081 1234
3384 2047
1048 2743
135 7223
1572 2390
912 4802
7449 4927
296 7070
2806 7038
5098 6675
1570 2013
7705 5567
6717 1426
876 3011
1271 5305
3528 1394
6187 1514
691 2376
7807 360
7416 6752
5386 6213
4223 3329
6060 1016
5435 7600
2039 5972
1160 4450
917 1804
3954 3163
40 6594
7493 6176
6945 3556
5044 6551
3219 6367
7224 2224
4437 5854
1158 460
7699 5914
6159 3074
4539 2149
985 1118
3838 4204
6416 1689
5129 910
17 2051
6411 6697
6431 2039
609 4887
7305 6834
4429 5001
5828 6431
1823 2272
5118 2248
2453 3030
7281 6589
3452 6863
6022 7396
2498 4810
6121 5658
7283 2975
477 323
627 100
3822 7145
2216 3261
6942 1642
1415 2702
3292 5124
5157 6741
3185 5070
6171 4810
3397 3444
4492 1166
286 6616
343 3734
222 3017
154 6452
6804 7592
4090 5768
7324 7240
7546 4696
4418 3792
1337 3291
2875 4576
5144 1132
354 6416
4732 506
6356 1783
2717 5821
5271 7238
1680 7497
497 3834
619 300
5409 260
5610 3045
3942 4820
5020 6697
6994 4283
2204 947
2430 305
1697 4090
5959 7428
6444 5100
4653 3120
5910 3131
1543 579
2994 2375
1715 2982
6948 6132
6506 919
1262 421
2384 4861
7028 5657
4610 2958
3855 1540
4264 6690
2529 7580
2446 3706
2499 1664
1532 1482
5321 5267
2746 1383
1505 7160
5987 5434
1592 3580
3554 2259
7548 4816
3634 2930
3931 3978
6208 3117
1665 6373
934 1343
3736 5836
6738 7320
5365 952
6671 296
2589 660
6713 6584
5533 6947
6134 5449
4755 5191
2102 1878
5615 3582
6376 5224
1838 2623
521 6133
4242 7703
1138 2715
2532 2914
4199 361
1060 2973
455 240
7022 1298
3737 5087
3131 5414
7050 7130
1579 1780
4592 4607
1896 7158
6439 6495
2178 6432
1518 1659
679 3038
2512 3112
7818 1063
1291 6162
5323 1609
4387 56
7176 6243
4757 6901
3282 36
4451 1972
2272 6625
2474 7657
2000 5356
2830 1406
3659 1652
1199 4154
4686 7707
5704 7442
5166 7790
589 4655
5299 2005
7550 251
5255 3848
3373 4270
4704 1196
3282 3822
6794 7161
4223 3672
3966 1874
3735 4441
4215 1458
6813 4642
915 3533
1305 7120
6671 1464
3881 5763
4677 2730
5110 3463
2906 1605
2044 1309
6390 7432
3486 5683
5806 6669
7098 3458
5436 3741
1307 4369
5129 1667
7240 1967
1187 2659
3090 4698
3104 463
2496 458
2138 2189
250 7348
1555 6748
5713 3948
1506 5227
3512 2791
6453 867
5251 427
2174 7425
4708 7365
4126 3205
4078 6868
4900 6536
6749 5618
4839 720
4403 1861
630 5709
3913 662
4462 6064
5901 7770
3963 6369
120 633
3280 3687
3144 2886
970 1979
5309 3747
1367 5624
5205 425
3457 1175
4237 2558
6589 630
2324 4317
4924 6892
7771 3168
2475 6167
1394 1207
4661 6807
4551 1924
4998 1423
4827 375
2829 5724
120 3932
298 4386
5843 5216
7706 5746
7024 4526
2472 3660
3501 3912
9 7692
7743 3354
676 921
7035 4760
6570 5598
1466 3543
7397 6138
3993 6001
5220 3371
2510 2600
5517 4674
101 3621
2105 4731
3868 21
1498 6711
104 2019
1204 4144
7484 7201
553 7596
5753 229
4910 7535
730 4004
6987 2635
2615 6649
6700 492
5627 3107
5939 7756
1541 4174
2301 2576
6672 4226
4440 2324
5096 5957
6184 2740
4004 4831
7356 1011
6906 6826
450 1575
6735 3884
4940 1941
4097 2843
6154 6990
2099 407
4590 4319
3631 3884
5243 7708
7440 1177
3977 3117
2125 470
563 3796
3046 3826
7775 1511
4844 3835
1094 463
6421 7369
7616 1526
3399 6383
6436 678
2365 1156
785 4807
4685 7073
3531 79
2733 4323
7238 3000
206 2264
634 4868
4173 3729
7640 4282
3212 4553
7532 1487
2847 7583
1698 923
4408 7702
4575 1670
7322 1799
6302 7780
1804 1691
7453 1112
1700 6514
4109 7798
6204 5616
685 1482
3611 6960
596 5718
6680 1543
6991 7822
1965 7218
4509 4199
1029 6732
2445 3261
2798 584
4351 6618
7560 7076
4300 5603
312 1524
3140 7532
3515 3214
6362 4866
7438 5454
2716 2273
36 4654
2105 6628
2997 2603
4780 6533
3742 1464
5023 4817
4098 7802
4819 5822
3029 1338
786 6081
4729 3862
5119 5167
1681 3028
3537 5599
2888 6087
4745 815
3726 1716
4164 1894
4625 7115
7035 6691
2802 80
2563 164
1550 6525
3555 3314
3242 7643
4326 3067
3929 2655
6802 1448
4185 1464
4965 5074
2492 1837
2599 5185
5961 185
4215 7066
1066 4302
2985 1803
2482 7311
6217 911
5365 1042
4220 3927
193 2204
962 4267
3113 5553
6792 6646
7732 5124
1111 255
6401 298
2727 2175
1391 7800
5928 3388
5709 4024
4892 5273
2327 2397
3225 7148
7467 318
6642 5253
6883 2716
3359 666
1498 4277
1552 6765
7651 6455
7384 96
2158 5728
4389 1854
7289 551
2806 5991
216 3893
2739 4141
7099 6960
2671 6997
4063 2499
7013 7748
3743 7805
1205 485
1813 7556
1864 7376
5007 226
2880 6259
7156 2707
5860 4523
4570 2671
7060 6947
7099 3735
7453 6288
7149 711
3660 3165
1648 6763
2597 1699
2686 3342
6923 1352
1796 2528
2519 4324
5196 7487
5984 4361
2734 6700
765 2054
2844 7359
2142 3558
1709 4190
4243 11
7669 3935
5827 245
2882 4215
170 755
4169 2881
3791 1981
1419 1660
1308 84
3045 5704
4531 5859
5307 6757
3484 7598
5755 3910
4981 7173
5044 1419
6768 7698
7299 1740
4871 1315
3451 7680
3887 4987
2549 7236
4931 3223
6553 2622
1831 7280
2310 4444
2069 5343
7588 1093
7739 5502
7403 6933
6098 7306
1490 589
3278 383
5944 3940
5857 5789
3304 2579
3077 3143
4514 1629
2045 1459
517 2806
1474 4773
3382 2930
694 6300
1657 5439
5396 923
2656 4571
3633 4658
2093 6802
3714 1219
6637 2341
1291 2107
2796 1550
7251 5885
3963 2201
2905 5542
1809 5803
2064 4042
4305 2078
2847 2782
5495 7555
3333 740
3324 2200
2820 5731
1858 821
2233 186
827 619
2827 1743
1314 4161
7314 7436
1952 29
3443 1827
2917 7811
5242 320
6645 436
6554 3496
1059 2238
2606 7189
5263 7185
3255 2142
3931 4262
996 4151
5513 2634
640 1369
1236 273
1507 5445
4352 4806
3774 4122
2452 4482
7417 6886
4523 3560
6107 2217
4156 5311
133 1946
1886 6802
5109 5322
2718 491
7136 4302
576 1934
4837 2460
325 2312
6371 5254
6437 4473
498 4059
1339 2338
7455 4699
495 3853
1156 4367
3528 5144
2547 3111
3548 6116
7802 3721
4472 7274
5428 4997
6073 4892
2921 2463
3376 5580
7631 2368
7089 5734
596 5619
7705 2198
1022 7587
470 879
7836 2616
2017 4614
4088 7732
2039 3625
1148 5550
339 5587
3887 392
840 6241
5474 2153
3468 1041
62 4187
2976 4186
1041 1399
5070 5284
690 5455
6784 3411
6586 7760
3745 2815
5929 3664
604 5399
4496 5920
7832 687
6198 5335
1329 7087
7153 5509
2735 6875
4680 637
1522 5802
537 4871
1080 2769
671 4666
1548 4996
417 4126
6098 5350
5657 80
2238 6807
2949 5751
7523 6102
7016 7561
1801 2270
323 3240
1304 7153
6809 7482
7602 5310
5938 5823
7701 4325
2486 2270
7836 6946
2154 2517
5442 7173
1573 5993
