80 1155 128
1607 228 1
1609 1672 2
1062 1348 2
2073 1445 2
41 1233 2
2508 1456 2
1638 1012 2
1094 1995 2
687 1531 3
600 546 3
2469 1861 3
836 1152 4
455 2011 4
1295 968 5
1378 38 5
362 225 6
1944 2195 7
80 525 7
2300 78 8
961 340 9
1297 1653 9
2359 770 10
1236 423 11
1535 2227 12
2383 2152 13
1337 2395 14
465 1733 15
1911 2509 16
1885 179 17
239 1466 18
502 1156 19
283 2357 21
2131 915 22
236 850 23
113 1685 25
723 1995 26
1518 1342 27
2540 2388 29
2094 1881 30
2502 455 32
1571 522 33
1102 764 35
2217 419 37
1356 1918 38
2143 1182 40
109 62 42
702 2511 44
4 2468 46
48 1933 48
601 121 50
919 1817 51
2504 1050 54
551 821 56
340 528 58
1905 794 60
1126 108 62
955 2496 64
2278 1624 66
1734 1967 69
1762 1447 71
1604 2526 73
23 997 76
1665 780 78
2555 208 81
732 335 83
770 912 86
1825 421 89
824 531 91
648 2233 94
898 108 97
431 2558 99
2298 2539 102
1768 2345 105
1283 2127 108
67 2172 111
1931 1146 114
2180 2348 117
1076 1636 120
2086 1664 123
1071 1122 126
1418 650
2353 1236
192 350
677 1323
2051 265
2130 718
831 2254
507 1470
392 2209
245 2546
2333 560
1849 989
96 729
985 922
478 983
767 1689
269 1984
1289 1248
402 33
834 1412
1405 829
1237 242
2009 545
1737 1785
2314 281
983 2327
2485 2553
1567 1493
1537 2068
2256 1894
1304 1479
156 1127
1153 2315
1793 627
1391 1134
2526 1235
2528 1701
620 1064
2550 2004
2124 75
2248 1441
1757 288
455 413
1540 60
1684 23
2021 1280
861 2099
1711 2138
228 171
1279 681
1889 2006
321 1704
2019 2053
56 1424
2205 1036
1056 585
281 1327
1138 1765
981 470
191 638
366 1438
1482 2360
354 1180
2514 2256
593 2355
783 681
2466 895
191 969
2153 2487
164 2069
1168 1418
853 236
2415 2002
2136 571
975 2188
1997 901
638 913
74 2341
261 2212
1180 891
560 1852
763 1044
426 787
735 1850
1634 1888
1985 1572
557 1602
869 1587
1249 549
718 2140
1454 405
1094 255
2437 330
1744 1240
2299 2310
1950 2377
2211 2029
2191 213
1779 1611
1453 1551
2383 2405
1035 1478
616 726
2502 679
2223 1746
1526 1030
1251 74
16 123
971 1683
1307 2559
932 2001
1498 1817
1553 774
1401 247
32 1783
1774 888
1423 1271
2368 991
1944 1754
1906 1334
1451 2541
41 871
1672 392
349 941
1756 98
1133 2443
801 421
2112 2153
932 1074
617 1998
1098 2559
738 1188
2385 1513
1646 2217
1344 385
2148 1362
787 139
1804 2095
1875 1578
2082 369
980 766
1735 1037
37 652
340 1828
2475 555
868 790
26 1125
2516 1590
537 279
513 504
252 1102
2198 4
596 2524
575 2129
2559 2163
463 1829
1246 2356
996 144
2100 469
1270 1068
171 1270
1896 1832
526 1369
712 797
1871 2430
2225 1260
479 1294
1585 859
2167 1582
2483 152
2096 1069
2344 1759
851 2349
2277 674
280 634
2093 2251
75 309
947 662
1041 37
641 1241
208 1653
2402 2312
538 620
1501 626
1557 2310
2315 431
822 2018
902 563
2286 2197
2348 205
2519 1152
1210 1563
1896 1432
286 1582
668 1719
1514 1614
2102 2554
104 949
1541 1156
1379 2096
492 0
332 2036
1244 2218
956 1361
2388 2516
2030 815
1064 1822
555 964
271 283
1997 118
2090 637
1621 2006
1181 42
104 2455
2429 1705
1595 1395
2391 467
1 1582
1884 338
870 377
533 2425
685 654
473 2107
1169 1279
453 2369
481 1082
1499 831
408 617
2403 1824
2060 164
2267 167
149 800
1160 465
296 2470
590 1735
2031 2317
6 494
2456 1938
1227 161
1730 2240
318 166
1424 2189
1447 932
835 1004
1686 126
658 1800
101 1320
61 2549
1342 1997
1232 1991
1723 1309
772 249
1020 1216
1295 791
2377 375
949 238
384 1912
2006 12
1729 2036
507 2317
2064 1523
300 1517
358 385
1326 476
622 1918
1064 869
1360 750
466 2177
247 719
689 1030
1696 587
375 311
2265 2480
1231 831
845 1659
359 737
590 1507
1810 1312
575 2208
782 1562
501 1665
198 1720
450 1557
1684 1695
1019 2458
2253 1136
1911 2075
1929 900
2093 779
1680 2339
1423 1468
920 1514
68 238
1509 2167
1520 559
1571 441
1320 1307
333 2125
867 2476
1129 1477
2276 1196
1913 1668
2511 96
1797 512
1254 4
1391 1613
2441 2198
2133 2311
1988 2476
1828 223
1937 290
428 252
810 42
84 145
538 2513
1840 2258
9 711
2542 2469
1024 1588
175 38
1343 2315
166 2260
1523 483
1175 2221
1362 1221
1926 2314
2370 923
1018 2050
69 391
450 347
1949 1895
2374 1675
698 1939
855 1500
1858 1769
2197 897
1188 315
2182 1507
768 1477
2332 666
1106 1686
13 595
695 1439
1443 154
2113 2417
2346 1602
255 2077
1455 2038
297 749
528 1970
683 118
1546 1970
90 1625
281 433
2309 2088
1269 1933
544 673
718 1594
2110 242
310 807
1991 672
1599 964
839 623
43 1859
137 1899
1813 304
139 113
1145 391
1047 373
69 2104
2031 1627
228 1282
217 1401
1442 1705
77 1178
1684 2544
1887 2138
2066 1323
87 439
1816 1143
1569 1774
2237 803
1388 1412
818 363
2359 1427
1641 521
973 2265
374 89
1462 93
880 506
1949 522
457 1391
2229 1813
1467 269
1560 1238
264 1781
730 553
1876 1251
377 2084
942 1610
1073 1951
2299 897
1147 1067
2531 534
626 2059
971 2123
588 221
1252 1420
1956 1241
1545 2415
1328 2101
706 2357
960 873
1291 1548
419 1257
1295 1746
1441 2384
2276 743
10 2273
91 2294
217 1863
884 21
2197 615
2393 729
2019 64
2416 1345
625 1843
194 881
1983 1154
943 29
422 1872
2553 2290
154 1792
622 2412
1473 1990
686 746
2406 539
1204 2522
2237 311
869 1277
489 743
88 1799
1365 1341
2548 2540
542 2014
1061 102
854 290
1684 481
821 1885
2046 493
142 1189
1816 1049
1760 2070
2455 431
2355 1872
1490 2304
595 1387
1290 279
2038 930
921 2340
1240 370
1337 1084
2000 354
29 821
1216 1344
234 1191
1594 2261
1996 446
1555 659
1620 19
1390 1777
299 205
627 1147
851 1236
2126 1546
2225 2207
408 158
1639 1488
157 394
236 1701
1283 1366
2506 267
1460 466
726 929
350 2436
1694 1224
1831 469
659 2372
410 2037
1057 949
2067 1733
989 574
108 879
1857 1857
370 1523
2554 1007
1849 801
400 374
423 516
2073 851
156 214
1116 1812
2040 1129
1475 1154
1228 1240
2154 668
842 1952
1890 921
1809 718
1322 227
1795 151
407 1387
221 292
1017 2353
1479 524
195 799
2498 1408
735 2195
787 2353
508 450
633 828
2157 1960
451 553
925 2057
1637 889
1533 1553
887 1769
1405 531
947 93
1808 852
1016 1415
2092 11
2039 1918
2366 2367
593 2298
175 311
1913 1008
1647 2046
2494 1728
634 412
91 1517
428 1142
330 1458
2373 125
1121 1320
1229 1918
2241 954
2384 1715
1747 1517
984 2225
113 1244
2559 921
189 2106
1183 1974
1550 704
801 494
1257 955
746 1108
1647 1634
72 1021
1140 1213
768 2084
1723 1125
769 729
2500 2153
1218 1655
1301 8
672 1669
1532 1080
2165 1471
2545 48
657 1289
573 1926
140 1999
1185 2013
2050 1200
2161 1771
2026 1437
1200 2185
400 2442
908 2274
1503 1737
1572 1330
2053 2036
1612 1313
206 1772
1955 1112
950 934
2320 1926
936 1133
430 1985
1425 88
671 2194
1585 1198
1880 1170
1871 603
203 557
365 1039
1581 1111
2315 137
1222 954
605 2467
153 1538
2164 86
1692 915
796 2052
1671 1421
13 1952
524 206
524 337
121 1064
1111 1441
810 110
129 1762
1828 1083
2518 1975
283 250
2207 2560
311 1643
2535 2345
2533 2212
21 307
1541 2453
2016 1092
1553 120
2433 157
574 1432
1758 1657
223 2108
311 1160
1036 439
2242 80
812 2189
2179 293
1909 258
2136 37
723 867
758 873
40 2140
1991 1305
291 1092
444 1330
2526 992
2030 1961
27 1066
1062 403
2495 2303
609 632
2015 1868
1150 1819
1867 1355
1800 1210
643 1613
1970 1625
2 1299
1359 863
1505 904
1754 485
1332 1203
471 520
1077 1036
1084 1774
276 2503
520 2251
143 2184
891 1637
205 511
1026 2413
568 1297
530 788
885 2245
1277 2083
2012 1470
1053 752
1024 705
1452 2144
2442 210
2462 33
331 311
2020 758
71 2021
739 2505
2184 676
2131 335
1446 439
1094 2212
1876 2310
178 1935
2227 1601
888 954
1389 71
2235 2418
1258 157
883 2165
1503 871
1868 1908
338 77
484 2550
923 689
1557 1459
1661 2494
1534 951
872 2390
1993 1646
1368 2133
941 979
2047 2201
2193 579
1451 560
1539 1503
440 76
1442 2463
345 791
1648 2434
289 845
358 166
887 1915
408 2135
1285 389
1285 212
2284 1768
1374 176
456 298
740 76
1965 248
2057 2253
561 894
1930 2104
1251 1550
688 264
1507 2347
962 2452
1526 597
1168 1612
2405 1909
829 669
1998 1811
1127 2087
1621 571
2305 1455
1957 677
938 1947
679 1148
828 2135
11 46
1638 2517
675 1417
860 1444
1884 722
880 1866
1185 1174
430 600
692 1794
242 2174
181 585
998 1360
1323 983
633 2470
289 1752
2352 428
1218 1607
1737 238
1107 1121
389 754
552 1887
1414 326
2331 1056
1803 2204
11 1877
1978 164
1976 738
1003 377
805 1544
244 1604
420 1514
2218 2395
1136 792
1197 126
207 99
212 1486
1933 966
1642 433
2435 1280
1988 295
2080 1040
1222 2296
58 1957
1307 2065
2319 2395
319 1843
2319 2255
475 397
456 2321
1427 1113
2253 1233
1699 78
2136 1242
2008 415
1735 2150
1033 1357
1939 69
713 1284
1672 1123
403 2505
666 466
1091 1734
2287 2357
996 1016
2405 57
2403 2043
2009 864
1153 1516
957 2303
1262 1774
560 503
1147 1851
2492 1556
267 2105
1377 890
2276 1354
465 2070
2290 346
645 314
2397 878
1076 461
370 417
2317 1578
2108 1252
651 185
637 769
209 1349
1649 1265
1760 1197
777 1952
2208 1983
2191 845
312 2386
229 2421
1127 495
186 672
2338 1302
842 461
1613 2183
1967 497
1826 699
1126 2032
1623 675
2518 1194
487 2221
2280 242
488 1247
1582 1882
303 1064
255 2246
1185 2464
253 323
173 2009
40 2083
1440 2216
1116 689
2540 98
2224 1212
2022 2283
2095 1145
1649 1971
948 539
1566 1861
2186 778
1086 307
1986 2109
246 2314
814 1197
2065 1480
1300 338
2543 1204
2448 1142
1397 9
1057 1429
797 1654
443 2106
1784 109
999 1551
1853 550
835 975
1740 2408
2426 1640
1854 96
86 2198
1840 2442
1109 1554
629 1942
621 108
1709 23
2513 406
471 2031
2538 631
112 443
598 362
164 2343
1763 633
2174 26
1877 894
905 765
1811 10
2165 1525
1764 1066
2256 1570
498 1013
1598 570
1668 661
324 31
2136 1413
517 586
721 1823
1547 2284
398 1825
1667 1031
1770 353
1619 1388
320 1235
911 1367
587 610
768 820
1276 2252
471 2517
687 1370
2360 85
822 1313
421 1817
1165 2447
1749 374
2098 1984
346 1702
1851 2117
2320 963
1791 1470
2362 895
828 2445
1301 652
907 77
753 2390
376 1293
2105 2359
2276 2143
952 1186
1391 865
2512 133
1872 1797
1815 591
1040 1062
2313 1295
1357 1194
1128 183
1159 997
32 523
1200 2314
1378 2270
1598 1536
1175 1136
1846 398
2444 484
2258 358
993 985
861 2192
1942 245
1350 296
1205 2551
617 1109
21 1097
1696 1618
978 196
954 2223
901 1250
400 2269
1081 802
224 116
2522 2518
2167 2109
1728 1820
29 1753
468 211
2245 2000
1163 1158
539 1160
1179 768
1515 1919
1533 2515
412 1597
271 2046
2154 2402
425 1790
1262 1189
1893 536
2438 1557
993 2416
1606 525
1547 246
2268 559
169 1614
563 2340
965 987
1365 147
2303 1273
1193 89
2307 403
1403 1704
1876 399
1949 1518
826 267
253 648
1609 1184
270 1500
1340 1520
765 470
1599 709
1250 2034
942 1895
2145 2461
43 205
1518 2476
603 1135
1474 1432
1559 1208
2511 2441
739 2102
2413 1460
2486 794
1946 2521
2120 104
2195 392
30 2340
2031 575
1046 556
215 713
1919 641
373 1715
1974 1395
1962 1587
458 1098
378 1389
2498 584
1847 500
1262 1144
22 1814
1103 1790
556 1260
70 357
2048 1552
853 1521
2196 1264
1555 1989
651 1371
1493 999
67 1341
1582 1374
67 1061
464 612
275 2023
717 1792
1758 1419
705 1579
1604 2157
1092 348
1601 2325
1481 1741
168 755
1041 2305
1356 1579
2026 2486
134 46
1888 1492
406 475
1408 932
1751 1362
783 1380
921 932
1624 2091
638 1963
1397 112
2266 2271
267 1381
162 2418
286 157
940 884
1075 1882
2131 175
2417 1763
1054 1389
1492 2220
2323 1838
2040 2445
2392 2221
417 708
558 431
1024 1275
1939 2539
832 1208
1797 1849
2312 1435
1220 1461
1687 978
2304 650
1836 275
2431 2345
206 2309
1725 685
2286 5
2192 1727
2247 1797
611 58
2521 1034
1768 678
835 1754
1120 81
243 509
634 1268
81 32
2332 1681
2213 1683
1725 484
1397 2465
1567 384
1986 227
1165 866
1865 1209
1256 2523
1239 1712
2417 794
1908 1894
2265 980
1385 2165
1489 2051
615 1260
483 1040
1224 1685
813 1734
940 329
1726 1731
2537 234
1356 713
1586 1613
2171 2472
766 2404
1678 949
2560 779
2329 2514
897 2003
1152 164
2279 1178
55 1640
260 398
494 2107
1940 434
576 592
1773 1811
