30 72 20
183 358 1
323 165 2
249 41 2
109 207 2
251 234 2
98 34 2
124 1 2
249 1 2
18 177 3
124 265 3
333 269 3
234 128 4
73 169 4
177 68 5
346 138 5
123 102 6
36 309 7
274 162 7
157 130 8
226 78 9
36 12 9
118 351 10
182 187 11
340 320 12
175 256 13
71 336 14
140 172 15
360 240 16
137 53 17
217 175 18
291 282
334 106
309 219
93 77
222 355
268 326
37 211
80 240
171 324
237 303
25 61
136 307
13 269
45 246
112 155
202 285
206 109
20 346
86 279
158 221
318 34
278 63
107 324
0 108
299 246
278 3
34 103
244 338
166 158
130 227
354 168
328 351
264 271
61 143
3 10
314 9
1 247
71 23
354 50
89 117
140 331
123 129
206 237
314 298
176 99
139 248
185 9
65 97
13 31
52 73
49 342
277 345
315 61
217 315
275 186
283 29
335 201
66 118
313 86
284 215
157 92
354 295
218 198
338 181
230 259
44 182
309 145
303 103
20 126
218 33
259 109
293 81
