150 7498 448
3238 2117 1
8534 5605 2
7830 1556 2
1442 4590 2
341 1128 2
4765 6517 2
431 8257 2
3767 7626 2
1311 2257 3
7232 2887 3
4428 4012 3
7490 3762 4
5094 5111 4
1794 3530 5
6218 7664 5
2390 6359 6
7094 460 7
7563 7101 7
6943 8441 8
7614 5456 9
4640 272 9
8797 2098 10
1060 6845 11
3194 8481 12
4101 1673 13
775 5554 14
6030 1650 15
257 3503 16
5113 8557 17
4386 2647 18
7927 8809 19
6190 445 21
8311 124 22
3281 520 23
6644 6393 25
1228 9 26
6338 5433 27
1416 8693 29
1478 1035 30
2603 4231 32
5377 3063 33
8370 4109 35
2195 5164 37
8401 6590 38
4894 7535 40
3692 3388 42
53 6456 44
6497 4379 46
2282 7881 48
6940 1452 50
2361 487 51
4035 4851 54
4210 8807 56
3697 6259 58
2416 2492 60
208 2531 62
8176 7715 64
6241 3439 66
143 273 69
2505 1438 71
8918 8479 73
3022 6958 76
5105 1617 78
5492 3928 81
8708 1069 83
459 4705 86
8097 2970 89
6205 2556 91
8939 7352 94
3194 5242 97
2727 3379 99
5774 6802 102
5416 728 105
1104 3095 108
2383 8781 111
138 7384 114
8937 3231 117
5449 5877 120
3434 4368 123
7001 7684 126
1155 7607 129
3347 1270 133
4524 5646 136
1596 6278 139
6208 8727 143
4140 943 146
7364 6208 149
1556 5552 153
3689 2651 156
2770 5793 160
8174 4757 163
4313 7133 167
4363 8116 171
8886 4905 174
708 8941 178
2239 7053 182
5917 4798 186
958 3950 190
3781 79 194
571 1842 198
5215 2282 201
6955 5731 206
1664 8091 210
2041 1890 214
6555 7052 218
7873 2291 222
7383 4751 226
7923 934 230
5600 7546 235
64 5369 239
6843 3852 243
7702 8174 248
6592 2057 252
6529 932 257
2081 5809 261
8980 4010 266
4508 3286 271
2015 4385 275
5205 4484 280
3220 3075 285
990 4987 289
8388 3459 294
3621 6898 299
5211 201 304
8072 6095 309
2719 918 314
1372 1648 319
8119 7044 324
5659 1217 329
5686 8167 334
184 4052 339
7408 1132 345
8936 6085 350
8835 7944 355
3778 5719 361
6664 3015 366
3102 7720 371
3935 4166 377
638 7243 382
1132 531 388
4321 6259 393
4949 7008 399
4885 2766 405
6626 11 410
2781 4716 416
8979 176 422
6895 5182 428
4998 1034 434
3108 3806 440
1867 399 446
2658 12
1879 8896
2743 8159
8958 6804
8411 8703
1901 6675
1613 2831
183 8925
2924 8891
4660 2024
8358 8223
8584 2890
7015 2306
1153 8215
1774 7332
7944 4327
7599 6628
8283 1808
26 3092
5829 5262
5739 8836
5707 2715
6083 5819
2798 1881
5808 6319
120 1641
5109 7976
5034 3455
783 2348
281 6946
7153 8949
3710 8349
6104 7174
659 6252
1335 3485
4081 2130
6325 4993
8802 1575
830 4469
6334 3959
1762 2288
393 5775
6629 8110
6053 4329
5612 2127
7523 1923
1830 1373
1042 1142
564 658
5713 3558
3040 2584
2299 3938
4827 4770
5425 4843
2951 6175
6901 3371
1459 4009
4579 1549
317 7775
1488 6827
7502 3218
2680 7236
5316 8963
7171 6888
4417 7618
6193 6666
5632 262
6668 2611
1769 4989
3555 927
5489 7095
4006 3001
8365 2451
4539 5193
4255 6702
5447 5363
687 3344
2106 794
2996 212
2042 2842
5250 6428
5079 5616
2138 3
3415 5916
608 5207
6980 935
3304 6652
3861 515
7461 4380
6963 4401
2098 8275
995 5955
8246 1432
7857 46
2205 1178
7706 2826
6487 1633
4178 5429
3546 4824
7355 7465
704 139
8668 4378
5048 3973
447 3062
2347 3122
8293 968
4321 3652
1239 2644
1912 4037
6585 7705
3568 3797
6251 2953
7316 8177
618 6632
3798 5154
2534 6785
6722 4797
8422 7286
4165 53
8605 7601
2667 2765
2690 5118
7951 3312
1456 5917
5034 6059
7928 1902
4664 8764
5837 749
8512 483
7755 4743
5457 1693
2299 7467
2662 3720
433 2234
6078 55
2368 3522
7011 6567
3417 5510
4564 4559
4153 5884
3379 7374
6125 8368
1911 7712
8345 4461
6492 8493
7725 603
2978 1146
7540 8841
4738 8048
3894 1426
1560 7735
480 1442
5307 2674
4691 3810
143 4494
1687 8468
8114 5260
6360 1281
6226 4597
3573 8672
7980 5760
3384 6323
6202 765
8036 387
5990 8084
3846 6624
3915 7157
1060 1706
8023 3884
7261 185
7297 2442
7858 7666
4160 438
6779 526
143 2011
7284 1611
871 8517
5163 6754
8646 177
7806 3636
5931 2329
8984 2517
3883 8594
6038 3856
3118 4366
6556 8994
5011 658
2048 6141
3906 7902
7755 1262
2809 2400
1195 4283
3605 1444
5675 4172
4677 938
1916 4678
5962 3009
1758 915
6112 1088
6314 2230
101 8608
2450 8244
8502 4997
7252 4015
4847 8377
5560 4528
2895 7416
2004 5405
782 928
6228 6375
6593 6118
5580 6606
2880 5458
2639 7571
3392 3491
8479 6960
8900 1841
8776 7017
4793 5495
2100 3253
1358 7325
5380 448
7500 5071
410 8540
4565 6809
7243 8556
496 4189
8728 8939
4826 2444
118 6024
2395 5918
4304 4424
1088 5368
1356 732
3953 8866
8149 7374
1783 1965
7189 3623
768 8131
8397 6057
4580 2893
7098 2029
8859 787
1110 6420
7360 5911
2325 2758
6879 6808
4505 6024
4253 5110
7551 5709
5790 5723
3742 1791
3357 7
3633 4057
8683 6479
8857 5234
6611 7449
1488 4899
3916 8190
2753 6613
4944 2048
3665 8980
2979 7955
6069 1947
8978 8886
1885 7056
7545 4140
7465 3503
6313 3707
1710 191
68 7861
6809 8736
4771 3435
5520 8627
5813 489
6788 1242
2909 3081
3985 6106
2520 734
2944 4150
3142 834
7287 7719
3479 302
2349 2067
1071 8894
6602 5015
8558 1425
3243 6105
6420 5709
7532 7846
4330 2348
7987 8256
1805 5781
8690 3773
643 5917
7925 2534
7842 7054
4544 4897
2468 4478
8258 6355
6048 6875
3532 8094
5216 7062
7630 7404
3626 2415
2106 2292
8438 3857
8126 2353
917 6199
1039 4652
8459 5369
5350 1224
5753 7068
721 4817
8327 7900
2524 8573
1737 6084
8575 7862
817 496
8696 2361
1979 1054
3063 1704
3476 3062
6503 222
7563 2474
6063 6140
8376 736
1290 2900
3957 3303
7997 661
5899 7767
6339 1908
1920 3777
3768 2894
46 8384
605 3675
1417 8124
1446 6597
6921 7899
924 2851
4244 1853
7218 5464
3386 8342
8327 2731
6750 4230
7590 2196
2573 3086
4963 321
3463 2711
2202 4906
2938 8538
5218 5825
6942 7426
875 7241
8931 7651
6968 6160
882 3733
8918 5564
2667 550
7952 6757
6008 7385
2154 3683
4756 7130
1198 4811
2993 1393
80 2250
3980 2666
570 1119
2768 4468
3159 5712
3610 1176
2086 6441
8269 5747
6883 121
98 2752
8041 8589
301 7554
8066 7995
6326 9000
1245 5663
7793 6319
7124 4783
1577 1513
5175 7595
6858 2903
375 3938
4351 1142
5309 3480
8753 5709
7815 4158
879 1303
5304 8149
4333 8484
7142 5904
1872 8315
4741 3082
442 7085
6226 7440
4290 3396
5676 1525
2153 336
1740 5391
4417 193
1313 5121
7048 4175
638 8653
8367 2184
7163 1807
2345 106
5361 1458
73 5764
389 3689
5904 2541
5141 2899
4919 3806
4924 5758
78 4868
7365 675
1943 3384
7970 4783
214 6274
2355 5661
4694 1248
3281 4944
667 3064
8823 2642
1328 1326
320 8051
4786 4981
6449 610
6017 567
7274 1381
7531 125
6090 5442
3304 8725
5850 3320
4510 8596
3029 2333
282 4842
4947 4294
8110 4191
639 2205
8634 8616
2203 611
8727 643
8120 2700
2741 6115
2051 8769
2599 5591
4088 6587
3455 7774
851 1713
1115 7247
5339 1891
5466 7926
3678 7232
3329 1840
4173 2743
2299 8963
1133 2463
1559 5111
310 1538
3485 5039
7668 3118
5859 237
1202 5978
5063 2661
4258 4789
1341 6326
5691 5529
164 1019
7300 8837
7073 7068
912 7931
3125 3452
2842 7801
5198 4935
6334 8073
3219 4180
8162 3736
4516 1771
992 313
3319 4534
2985 4615
6722 8450
3024 6608
6814 8976
1566 3519
4739 446
6676 3228
600 2893
1451 3771
8116 6538
7531 8249
8708 8359
7254 4454
4747 7404
7717 2646
2561 5346
401 2618
3823 3803
8140 1274
4647 5851
6724 739
7555 5276
7886 6066
3473 7174
2083 7840
2010 7470
5765 7971
8508 3097
8106 1854
7260 7085
3986 1242
2758 2951
4713 43
8064 4527
3241 5418
1680 6469
678 8300
3766 4356
2497 4821
8631 6059
27 1169
7609 8464
3365 3784
8906 429
6909 5457
5943 8474
3830 5917
6208 1540
4201 687
8693 5310
7030 8693
6305 1036
7267 3269
5506 5618
4695 5302
6334 3203
8530 5791
3492 1648
837 8702
8100 8799
1663 7469
524 3238
4261 3815
5525 8300
2309 4392
3374 761
2615 4025
3844 6411
4081 7129
6981 3554
1113 3881
7914 8439
4148 4269
3737 5324
4407 8931
7690 6842
1575 1822
7912 249
1686 7047
7501 1665
3107 5944
1092 840
6814 2363
1457 5411
8888 3791
1585 468
6545 5306
4468 470
5592 3172
1260 3720
3335 1552
4442 901
2461 954
1050 2673
3204 2552
515 3525
154 5165
582 5669
5340 7582
2986 5218
5152 7787
1273 7055
238 3804
7713 3877
4864 1487
6250 26
6359 7865
3688 1983
7574 8051
6403 6944
2674 6424
5683 4833
4240 7570
3884 743
644 441
1478 7430
2213 8784
3339 3334
8672 8024
6954 551
3817 4920
5811 3095
5129 8147
25 6940
231 3124
3336 8902
5816 1076
6781 5720
1378 7944
5200 6025
5783 2095
2510 6959
7408 420
2390 5473
465 4930
1104 8618
7375 4175
4127 8507
7675 3352
7824 6652
386 390
8514 6417
8498 4212
1594 3676
6496 2910
4910 3017
6825 3149
5797 7504
1221 3334
512 6345
2220 2909
6748 6039
7382 8333
5367 32
1554 4404
493 7757
2142 3406
8844 990
5704 8633
8596 6861
3980 5455
5777 901
8391 8535
8602 1217
4335 5553
3105 1524
6728 1761
5414 6655
822 5716
5852 8673
7231 3772
5188 849
326 748
7116 1487
4920 8800
8681 7190
5476 187
2944 7238
2358 655
6516 3897
1381 2066
8726 1421
5563 6003
642 4578
160 8258
6689 5366
1123 5110
357 2450
1676 3270
6377 8633
5717 3403
265 5498
7402 2917
1316 8363
3404 4112
1317 6688
4861 198
2624 8824
1123 2243
1717 4420
225 1833
479 1624
8187 5548
4220 2005
7309 535
4584 7689
4007 5821
8071 7229
5313 1739
6860 1042
832 1470
8250 4993
857 3517
6435 6087
1742 1755
769 5242
2821 235
7384 6410
151 1475
6686 334
6367 8373
1317 5868
3963 6740
2263 6482
6498 6731
6501 5497
1729 6834
5846 1640
7845 2870
2059 8415
6637 6831
1640 5902
6011 7640
7047 5072
5998 2694
6094 2359
3484 2427
6335 841
997 591
4476 7784
3153 1020
241 4667
6376 3559
5049 5836
8710 3516
463 243
5044 3722
5242 8631
0 7239
8716 7854
6504 8720
5078 1474
4015 6302
817 2758
2885 7591
8226 2070
6938 252
1766 6611
5903 7218
1618 7312
667 4374
4600 2201
2131 7248
2233 6826
6285 7089
5180 3369
3231 7861
66 578
8055 3162
6175 2705
6064 1492
731 7870
6392 7356
8073 5879
7677 8671
917 4214
352 550
4901 6349
5741 3766
279 2789
8836 4038
2620 2315
4575 8289
4897 6839
3564 6306
1599 1958
4916 1636
1869 2818
523 8463
822 7005
1807 4313
224 5749
5627 7273
569 7020
1626 8819
5006 138
85 7674
7296 1768
1026 7718
6419 7623
6374 1494
6503 3653
6559 5893
3322 7640
5631 4
6094 2871
8382 7631
8114 832
7580 5871
6162 4456
3134 7229
7137 1172
7163 331
6487 4078
3173 1791
7933 7462
5390 6290
6035 2196
5021 2362
7904 5269
6921 394
4525 4166
5431 4082
8749 6653
2683 1649
8639 1716
7412 8614
4292 2512
2289 2391
6753 6646
4344 2789
4307 4201
1120 389
393 906
1709 2697
1855 5253
8669 5610
1204 4547
7667 851
4833 813
8476 3710
1508 2745
1518 3002
1399 8545
208 697
1336 1055
6893 7188
8187 8214
3793 2414
8685 8177
2947 5681
1620 8225
8303 2871
5111 6366
2212 5756
5484 2628
4504 751
5023 5305
4119 1232
5367 2353
1529 2497
2900 1641
6252 6962
1241 1635
7319 7929
4395 7366
3915 3971
4704 5594
7316 6630
8451 116
2604 3891
511 5122
5717 4610
3946 7688
4099 7962
4373 1528
5897 3611
5144 542
8448 1189
865 2102
7347 3872
6625 5588
296 212
727 7341
3668 4603
4518 7474
8040 1372
333 3397
5120 4361
5842 6122
8502 4667
3237 7516
5682 3949
4426 3055
2579 3576
2462 239
7691 7031
4641 8429
8438 2591
1486 194
6887 6034
8279 1196
3794 3593
1436 465
1478 3321
7383 239
8979 4456
1100 3232
1047 1516
1659 4013
6746 7847
1628 1340
8682 6293
7715 414
342 62
8217 1602
780 6191
4962 3159
7846 5947
1006 8509
5714 5372
3382 2964
6712 6932
8235 7221
7788 1941
3336 2279
40 2525
6510 6317
6364 474
690 1135
2220 6057
6038 3486
4859 6022
5464 4215
6902 8657
8900 7130
8621 779
2885 8768
6870 1330
2695 204
8197 305
8313 522
5090 3615
1780 3973
33 7475
7058 8133
6970 2705
4168 5309
6888 5059
599 4048
275 1688
6574 4849
324 4998
7716 2236
2578 5784
8227 4371
2209 2142
3428 6912
6328 2674
8946 3351
3262 5608
7770 4370
7101 6456
5539 5082
3891 4293
76 3206
4701 2482
7485 3906
2561 3203
4615 3701
1832 777
5606 7881
5979 6978
7424 2668
6248 5161
8002 5062
929 6961
2885 2514
4163 2478
2598 4916
3126 8937
5304 6816
4266 2900
3109 5375
1575 5716
1393 5243
5735 4981
8813 4726
3678 3126
6830 7712
8770 6000
1773 474
7173 7298
8298 3121
8876 3550
1323 4078
7364 8727
2485 2749
3811 7086
7502 1051
3641 3921
1870 1689
7109 8415
8520 4826
5325 4522
8552 3619
145 7012
7438 5611
2559 7900
7650 1498
3357 6183
3049 2443
390 4054
8099 8311
3997 902
7113 8585
6477 8383
1297 6897
7869 1736
1272 646
5588 6246
216 7882
8408 4839
3524 1960
4980 5529
7170 4316
3609 6506
7721 7605
2874 2293
2647 4589
7387 4024
1341 4540
5648 5710
204 1222
1615 4309
1906 8770
8560 4338
6342 2825
4380 4854
2005 1469
8520 7770
3283 135
5545 7659
4482 2261
2997 5480
1271 3593
4884 4939
369 2866
678 8447
3633 7874
5062 3037
3356 328
8604 7074
4637 2761
3808 1366
7174 818
8813 7713
5628 8330
456 7866
3545 5909
1934 5980
1323 8209
2901 1813
4699 4008
7300 4824
1070 1411
2533 1288
3843 1882
4509 4296
8723 6893
489 2551
3999 1963
5514 577
4889 5180
5436 5760
5528 6122
1146 3536
154 96
863 3051
1912 1572
238 4375
1211 6838
8503 7504
1083 2796
1575 638
8210 3317
755 7102
6401 7119
8932 5339
2285 1342
983 7398
833 8808
3279 636
7773 2731
4323 2057
126 7978
1451 2162
4212 1324
7452 3363
7046 2966
8564 6553
5297 2877
2134 4545
7144 3383
1578 4807
2856 2098
6474 7975
1765 8752
1417 5076
829 3392
4102 8155
1744 5978
829 6572
5091 4709
2744 2282
2904 528
4110 2952
3184 4718
6312 218
1701 704
8432 3969
597 1725
2056 947
2911 1074
375 4172
5816 4379
1991 7324
7621 6180
8116 242
491 5880
6376 5290
8418 4739
2270 5032
814 15
6575 2843
6293 4138
465 628
5899 2025
2275 5879
5384 3234
8624 552
5790 2813
5917 952
8230 739
652 3866
6784 851
3524 6051
2472 7261
359 1829
5725 2357
7062 1755
1235 5561
7798 8458
3501 4730
1142 128
8392 444
2695 6003
1892 1454
6107 5329
1092 3636
4089 2554
2017 1251
7177 8156
7197 1082
7184 7589
7363 5677
1017 6295
4883 510
6616 5137
5960 6519
5007 8839
5299 161
2158 5973
4515 6132
1997 2044
3975 5698
7206 8647
2698 4104
7977 2622
2337 1533
5081 1744
8620 971
4892 8930
4604 1347
4108 7016
4609 1883
3916 3624
4545 6918
6196 938
3506 6979
3432 6075
5100 7535
3345 8197
1822 6474
6417 43
1756 8057
6288 5912
4559 5328
6608 495
6523 2685
4806 3184
4648 6908
3529 8366
7743 5679
938 740
1917 4474
7519 2748
2849 7690
189 5060
4526 6678
2781 3809
6727 7210
1325 3255
633 7379
384 1739
7415 2494
3264 5042
5869 4971
6526 5087
5889 4682
6932 3120
7642 533
1489 5789
6309 2090
8057 4889
7213 6340
2730 8040
7623 8921
524 6724
6150 6033
8727 5828
4030 263
5315 5584
2941 3688
518 8108
4826 1995
7876 5468
1160 6641
6568 8301
4510 56
4883 6492
6260 5737
7028 1561
1809 1820
7316 1902
6074 879
315 7212
8228 5303
8909 1292
7034 7395
5949 28
5349 5224
3733 5065
463 5965
5247 5242
8752 491
2590 208
368 7289
465 8357
5443 2432
1186 3019
3845 7801
418 5049
347 2251
2899 2202
6651 918
7808 8987
4335 4518
3114 416
2987 94
8858 4617
4923 4407
2556 5243
1208 8287
7711 1693
2777 5369
4775 8956
6166 8577
914 842
8353 6250
2418 1192
7530 8159
8491 5685
2986 3379
5437 3134
3733 1902
5711 453
8105 2031
938 2356
7893 7790
7522 8988
4221 8376
1545 1419
6857 686
4702 1681
1951 4824
7485 6542
2439 5783
6603 3651
1497 8621
1860 7593
8430 3021
3541 7271
6114 6265
7607 4812
3614 3518
6198 7747
4998 8925
3715 785
5541 2888
2217 4263
4888 3445
2665 2965
470 8974
3498 3664
5688 2445
8569 7400
3789 885
5879 3732
2324 7218
6249 7324
1454 1468
1010 8202
8593 6138
8980 5075
5921 1828
8538 3431
4432 8552
6203 3363
6043 8717
1047 7024
1858 8573
3817 2013
5874 3907
789 5087
6556 1183
7928 502
6874 2296
1407 3648
462 2414
8784 3888
2356 5101
4067 5403
8516 5957
3093 1121
3478 1364
7168 6019
2725 8597
6532 4473
5079 7128
8746 5132
2948 8403
8271 8273
8974 8248
7989 1490
2401 320
7519 1418
1881 2533
7869 4930
4610 5774
3833 2787
172 1719
1883 5536
8856 5449
8851 2006
6707 2054
4806 5317
8769 5494
5507 1162
6897 8056
6997 47
801 2539
7383 5179
3003 8486
4654 593
7243 594
1018 1054
4591 6986
6216 1409
4304 8311
5360 5657
8301 8155
4344 5347
1082 6581
8096 1566
2021 8683
4677 8292
8448 8039
353 1231
8270 6240
7115 1089
8167 8036
5645 578
7946 5595
325 4438
4125 5054
5514 4412
3252 7029
1238 3958
2084 5210
1975 5876
8508 8588
4132 5678
1874 4782
575 5348
5727 4029
348 6446
6826 8358
4992 5615
2159 1003
1639 1738
7427 8461
7308 111
8291 3545
4897 6109
821 8449
5652 5824
8232 3204
93 3525
2402 7187
5869 19
1828 7502
8837 8082
5031 4185
8377 2830
6698 8767
8198 3601
8848 3709
5728 3024
2049 1536
3984 7603
7279 8024
7394 1703
2740 67
4565 6239
4916 4097
647 7764
2741 3214
152 6803
8666 3644
8281 3420
3171 586
3556 6678
1929 7475
1936 5366
2271 2495
4003 8798
52 3415
2369 6704
2519 4971
807 4593
4346 6727
3705 3625
7388 3664
1339 2385
8355 5175
850 5376
4106 8671
994 831
4138 7367
181 4322
7101 7159
8582 6303
6112 3335
1956 8096
1366 5660
2022 787
7641 2462
7369 5047
4293 8722
4658 2951
8567 691
4498 3534
449 7577
2756 7664
2440 874
3766 8929
8231 5842
4192 2302
8287 4648
996 2890
3951 216
1599 6708
2298 8301
7568 3659
1764 5572
4427 7187
5488 1871
3809 6502
8713 1692
1217 6980
4632 5197
5838 8551
6436 2864
3192 1538
8489 1814
5819 3781
4930 7824
5148 3089
7004 766
4243 3330
6683 5732
7148 4660
7799 1002
5380 8736
2069 674
2193 3232
699 7968
8966 1365
7564 8722
158 3717
8710 3262
4863 8007
4199 7423
1283 5014
2861 5671
611 2291
4768 7608
7920 1087
6160 6889
5227 6102
3010 934
2822 8177
4299 6878
6716 1169
5669 4735
7572 6845
3736 1193
594 2751
6922 2208
1067 3454
7247 4238
6741 1491
3274 2901
6854 3458
2137 1937
2527 1908
6072 4223
2275 5319
239 8441
6732 904
3250 3226
7533 489
6748 633
3502 4017
7791 1832
8313 5541
3580 5276
6918 7026
1527 300
4124 1343
6365 8546
4725 8461
3812 3122
2589 2879
4046 6826
4564 360
3816 8361
1787 8207
6781 2520
8584 2594
8925 7852
6900 7654
7280 3176
4451 1821
5380 4321
2499 6207
7190 1322
7913 7912
5920 1680
1277 1479
2665 6841
3052 674
6020 1043
661 4010
2392 1340
6666 4669
5870 5083
7324 6109
7164 4570
2848 7278
2871 4624
6583 7813
4384 5227
8137 5992
1437 6051
7834 3782
171 2374
3562 3620
2138 6290
5374 7348
301 4762
2397 8535
7927 2695
8532 7296
2486 3260
1479 839
3360 6505
2169 1615
3268 2259
8538 3531
8760 753
5565 4025
2835 1452
5053 859
857 7571
2299 7015
8890 2161
5391 3488
6322 5067
5132 440
5195 3865
5547 167
7520 2606
6417 7916
2786 7592
8518 2626
1757 7489
8840 2486
1673 4774
7588 6398
5991 3393
1297 8962
1512 8848
7100 5532
5849 2459
3025 2044
5019 8177
6850 768
8467 8224
533 8660
7163 5812
7598 2013
621 119
6636 7937
4173 3615
6221 3785
3923 2934
3414 1502
7024 8909
6674 3438
7194 3231
5747 7200
6692 4278
2923 4706
5663 7508
3975 6955
4743 3644
4282 4127
7299 940
73 269
4940 3981
1219 4417
5252 8268
7465 7108
2135 575
6703 5575
62 8701
1414 7711
6780 5889
2139 7708
1744 7396
3299 7778
3277 3116
7092 5017
1683 4234
5960 8652
7231 7376
7833 8653
7608 5562
83 5888
5133 2710
3069 8301
7964 5989
6581 6966
3966 3133
2031 603
4350 3001
8655 1478
2515 6009
3561 8958
508 2217
6471 7142
5240 6687
1261 7815
5972 7072
3374 7494
1270 1982
6024 2487
3574 716
8708 6780
7823 1262
8767 2307
4881 353
2183 3747
5909 8991
5996 7855
3978 2794
7010 7776
8898 2330
5682 5149
5520 7393
4877 5496
3672 1660
8845 4235
461 516
2147 1551
4246 7473
1213 7889
8256 6591
3277 2374
7196 4770
4049 3906
7243 4379
8649 2029
4959 4153
5277 1327
2857 6786
3410 5340
262 8509
7951 3785
8118 3231
5971 3567
7505 8649
3807 8782
7236 1011
8333 6861
5654 7421
2326 4068
109 6658
759 814
6187 1168
2182 6167
6054 769
1495 4372
2897 625
4117 5213
2476 2587
7151 7384
474 8889
4004 5314
119 7162
2827 1524
1727 6395
560 8931
3738 8067
7180 5301
2490 135
4830 3001
4696 7219
4621 4142
3853 6755
5481 6465
7572 1331
7930 4114
6476 5333
6802 2597
7862 181
7619 7682
3429 6600
2580 8167
4015 6038
2068 5656
7952 8873
5414 794
3639 5765
3129 1723
4534 5557
2627 2494
4377 1393
7086 2441
4961 2427
7523 3348
2577 6711
7309 2000
395 4896
1235 2496
4637 3867
6045 6250
8929 8100
1929 1223
8689 7282
1836 2457
6011 7232
631 8585
4992 5050
4120 3534
4188 4333
964 4147
4284 907
861 8114
4139 1418
37 3760
4339 776
1000 7202
6505 6805
3945 5190
5251 65
5444 2261
3638 4403
2396 7888
7837 5038
8510 4455
4058 7455
4816 2359
3877 5303
2939 6443
8770 8111
228 7635
6416 5188
4443 8430
5458 7196
242 7261
5113 768
1672 1476
7348 6003
8513 2069
4915 3556
4810 71
4621 990
6332 675
3267 715
6077 6685
1490 6505
7447 7487
5091 1016
6078 3728
6866 7445
5564 6719
7451 3135
5529 1991
129 5479
923 8180
8369 6776
6269 4802
7304 2731
994 6480
983 1712
5636 2667
3222 2854
8929 123
484 5489
4488 8731
122 6859
5126 4897
1264 8713
961 527
6012 323
1921 3499
4157 7256
805 3253
5473 8173
12 5153
5480 3409
7387 2320
2347 7986
8403 3376
6920 8218
8353 7248
157 3014
4809 6902
3511 2281
4274 2102
426 5323
6369 6306
3098 7387
8824 8969
8710 7936
530 2872
2379 2824
8465 8659
3178 7426
3623 5473
4262 2574
6540 812
973 108
3224 8087
6500 4248
7080 8638
5248 2391
5084 2113
1625 3806
1494 1225
1124 6513
6534 5236
3793 6356
4496 6263
3077 6391
4141 8934
5315 7520
8728 21
1273 5911
1392 3020
7638 2707
1984 895
7703 4847
8065 5754
4411 2811
3422 4951
8084 5375
4920 4601
8103 6656
8192 188
8827 4432
4135 4066
6089 5970
8124 6918
8974 2298
267 6715
5092 7394
1213 6531
4582 3980
6419 6259
3740 7879
5133 8272
4499 1139
6105 5536
3659 7729
7348 4508
4709 4951
4600 6180
8100 4788
7098 8313
2185 3365
1506 7785
7347 7202
6638 678
1742 3915
1251 721
6091 4098
2982 7772
3847 2188
5148 258
8099 3123
3425 3271
8549 4510
2769 6241
6978 1340
911 3398
2175 4959
3217 1924
4970 6053
2632 886
4726 6006
8075 8205
2227 5232
8392 2975
8352 8933
3234 7174
5314 3271
8570 3816
1887 8252
1118 1681
6097 3623
969 1964
3812 7190
1976 4698
7347 2549
1314 7574
7541 5955
8548 3339
2519 2046
3768 3270
7455 772
2746 8319
3081 2980
2836 7966
3613 1243
7728 5280
4673 8600
6631 1463
1034 2959
2099 5144
1912 4607
5130 8081
2656 1349
7309 8306
3461 404
848 1585
1215 2905
5132 1780
2647 952
7594 6543
4852 6173
2625 6531
6978 1754
8575 7217
4138 7091
7630 115
404 4378
3341 6254
1229 8770
3485 2507
8563 2163
4712 4515
4149 870
5058 7758
6850 4166
394 4645
5984 5824
7318 1274
7737 6059
3846 6185
925 7479
8573 4173
7571 211
7118 4294
5295 1253
7727 5369
1615 7605
2491 7695
8263 1490
1353 6842
4226 3927
4270 6513
1302 4812
1471 6710
6318 5350
5088 1143
906 6134
2189 2969
1271 1583
6416 6686
8065 7381
6416 8447
2703 7114
8696 3364
6345 6072
3623 6109
5204 4868
4028 4368
7185 6101
452 2174
4919 8665
8228 3738
2087 2090
8094 3065
4008 2121
4001 7782
2339 8580
2432 2644
8524 4071
6224 7171
5752 1348
3210 6244
4293 8000
8480 4006
2851 3926
4981 1124
1772 6517
7467 2533
3852 2539
8934 1591
6931 8969
7978 5298
5375 5902
5505 4868
1978 8491
1931 6312
5778 2220
5671 3107
4262 2396
2021 4744
6591 2709
8495 8901
3656 1040
3822 5802
751 8239
3101 524
6126 3280
511 815
2468 65
2618 6955
1766 3653
4690 7525
5900 2961
4395 5388
7197 5566
6430 952
664 5021
7676 8587
2064 4427
3535 1014
991 4288
3161 4000
1717 8587
7173 4474
5633 4805
2582 4784
6984 207
8410 4053
7554 3027
3534 7423
7740 1107
7349 2397
4594 4928
7005 4736
4611 7861
1752 5812
5464 2554
7455 6494
2924 7090
7113 7616
4750 4631
8703 5878
8746 4823
925 8505
7863 1902
7858 5554
5468 1519
997 3132
6843 2075
2402 7379
7791 4020
4236 434
8503 2188
3250 6601
2039 6347
8860 1906
37 6015
1659 8416
335 7013
1816 5624
262 8147
6136 8809
5916 596
5044 8801
776 3990
5050 241
2905 1693
3407 4648
4526 7904
7159 1244
4668 503
8473 5132
8116 505
5297 475
5758 264
8726 8742
8200 5098
7124 3334
2919 4886
4494 4921
804 5929
279 7431
7918 620
8625 2924
5242 320
7012 8537
2758 6057
4441 3560
1549 4619
2195 8437
8587 5363
5293 7853
1700 3796
7961 802
4075 5464
1837 6542
5278 2071
4480 8152
2147 2802
5740 8413
4160 5007
338 5749
4892 7659
6821 5588
6470 5217
470 3839
1386 5867
3826 1716
5272 8731
5238 1209
8724 1918
7063 2862
4703 6196
951 5554
2780 4235
8100 1425
6402 5533
3389 601
8058 5810
2714 5360
14 2902
5304 2157
6959 3506
7848 6780
6742 3524
3039 3835
4362 3784
1358 4423
7757 6212
4188 487
2844 3054
6297 6375
2930 5265
7153 5134
1767 7751
414 3309
1559 3161
5295 5135
774 5691
6955 7534
781 7563
213 2843
6295 7867
7807 7874
3784 704
3540 6755
1947 8648
4683 5485
7177 3151
1244 7123
5012 4460
8948 343
167 3253
4058 1889
4314 173
5665 5462
5304 6415
6468 7302
6269 1115
2199 7777
2028 6612
1361 6592
7599 888
6830 1813
5780 3860
1519 5306
2828 5811
6423 8589
6223 842
2288 8221
1769 4531
5505 1934
3456 3846
3789 1872
2520 7794
7709 4932
7907 1271
6693 6563
5221 4014
2171 3825
3144 3053
3266 772
6257 8723
6198 7814
4760 7266
7667 3907
1806 2997
8074 4317
3662 8796
6313 2527
5130 7168
2819 708
2377 964
420 4149
1653 1920
5681 7244
5038 1140
1282 1361
991 8594
6705 3925
2627 1550
6849 3268
3211 2005
8198 361
1996 7942
3089 4704
2123 1172
1551 89
8397 7732
6342 8669
2119 5748
7985 3221
4580 4640
8844 3315
450 4546
2079 3657
6576 5477
7290 5407
575 3279
6294 7654
6869 6576
1234 3882
7548 2793
5275 3439
1087 4695
4286 7396
580 8629
3442 7935
3748 6011
6442 687
2678 8523
829 1114
861 5515
8721 8023
4199 868
7631 4026
3633 294
7018 2145
3453 1317
1503 3200
1368 5788
5066 6448
2614 5677
3965 1406
1159 1219
7052 3683
7122 3640
1808 1901
4052 476
491 1025
7452 1522
7800 7377
7434 4077
7639 1837
2999 8838
2338 5331
4220 303
1747 1461
3357 3180
5930 5597
8091 5472
8327 1542
4639 8500
8177 3982
8114 4842
60 4164
3843 5480
1774 2104
5393 8876
5670 6522
7498 2852
3379 2749
4629 3776
1816 6827
6038 3910
5203 3100
6630 6028
3375 6917
8958 6374
3454 1214
282 2226
8794 3386
5410 7125
8716 207
8232 3250
4479 1484
8149 7163
5988 5191
2085 2441
6077 1422
4751 6740
551 2022
5569 8998
4079 5733
459 2614
1768 2905
5441 1963
4602 1809
5436 8457
8469 564
4097 6051
6302 7565
6977 2123
807 7225
3449 548
6951 5819
8858 8283
435 874
328 2502
4708 6279
4296 2213
5309 6354
3049 7071
1557 3837
3458 108
5083 633
7542 1686
5532 8821
6612 4344
4102 5261
860 1170
8543 5016
2177 6320
8458 33
7840 2797
5451 7491
3341 6440
30 8913
3818 6793
4494 5161
824 3122
2861 1579
5104 5291
1732 3510
8295 5845
984 5156
922 7569
5873 2169
7500 1540
4610 6514
2562 1471
5316 4645
2046 2180
1950 3196
3414 1183
7074 1347
3284 5317
5849 5210
5415 1037
2468 6870
5619 1274
1877 5124
5302 4145
8949 6626
5773 2560
8835 2310
2663 4356
153 1574
4530 4782
3918 2352
3620 2926
7757 3966
6788 2238
5256 5578
1650 8335
5079 1902
3314 3479
3527 8317
389 2072
4822 3710
5234 3947
2487 3848
1584 5771
4465 4046
280 6100
7288 717
6449 3630
8971 572
1776 3058
7965 2181
5164 12
3798 1200
206 6799
8196 1893
5501 8885
8059 7166
6792 6474
3864 1279
1295 7763
4485 5320
6063 7681
1536 8223
2036 4089
8308 5930
7272 1972
4484 3106
474 3659
7949 346
2433 5884
547 7257
5221 5283
5590 2587
511 1556
3849 1493
3693 6542
2852 5110
7184 1016
6413 5251
8356 2318
2551 4493
3777 5301
3331 5436
7739 5578
8986 0
5937 3851
6421 6834
7784 5210
7997 3686
5507 3097
1360 1467
5596 8752
4641 7211
2524 2178
6877 8533
595 5735
7692 8109
7026 2556
4850 6103
2539 607
4542 7026
257 4099
3754 8529
5264 3220
4985 7695
5247 6536
7856 3827
1409 2649
2723 4569
4959 51
5222 5889
1568 2852
2019 339
4390 6576
7449 862
1404 6803
3544 1662
1002 8876
7088 3487
8889 8859
4964 1699
7807 6037
6917 1525
8947 2096
4170 7718
6282 3885
1668 8631
3423 137
5819 8728
6957 4086
555 3684
8250 4298
1384 640
7089 404
748 5630
7311 7985
1271 5511
5297 6882
1539 2576
6817 3685
6239 2233
3123 1407
7891 1223
8457 3243
817 1920
8882 6041
2283 6319
6793 7456
1289 2366
5658 1874
4461 8583
7363 4080
91 4322
6243 7936
2079 168
7779 7176
5823 6030
8161 8534
3578 3423
5856 1042
4977 920
4967 7336
5615 5530
2770 6481
8593 3696
2545 7068
8148 5938
2820 1371
363 2726
3657 174
5350 7060
14 1634
6654 5110
4529 2075
4134 8397
6250 1623
4769 7882
4080 7271
3702 8821
8032 3055
2837 8656
7102 2160
7043 2750
7507 7606
5428 226
3092 2113
1974 2122
5833 6392
7704 995
2471 3718
7313 8901
581 6314
8477 4298
5166 484
662 5162
3351 6605
1594 7164
5533 1119
8427 481
8460 4763
2403 3950
2133 4943
6613 3062
7532 3463
1643 3599
3757 1353
299 4652
4544 2988
999 1855
219 7695
4921 1227
48 6647
8110 2650
8044 1854
4273 6773
3167 3340
8860 8520
2083 280
3130 8611
3128 5766
4067 2950
22 730
8146 1726
472 4238
6229 5233
280 2071
2906 8198
4920 5225
7399 2087
417 6880
6241 5926
5683 3354
7408 3066
7239 7300
5199 8108
1550 3702
2039 268
2658 3162
3246 5948
6325 5764
3435 2617
2862 1904
2061 4312
5526 4936
5551 7288
5901 2612
1383 6143
4080 6332
4759 53
6899 3254
155 456
5957 1741
529 2167
5917 5853
6374 7472
4451 3819
8443 7781
2243 7991
834 5768
643 1486
5005 2129
783 5322
5700 6257
1966 7563
2007 8230
490 7018
6653 4115
2493 7336
4585 874
2008 3675
2025 911
3546 5790
7347 6897
5741 850
6295 5582
3230 4265
3899 2136
4912 8996
101 8806
8263 631
5881 8126
1560 6314
5456 4962
4770 2180
6213 4427
1858 3557
932 1891
877 694
5332 1071
2568 3367
736 2188
6898 8405
6957 6050
5966 2956
2188 7224
8 2831
2304 4894
6728 3360
7800 2175
3386 8647
2932 4747
5066 4643
8271 4473
4284 5390
2334 8892
5494 6173
803 8102
4402 6914
6363 4193
7762 1562
1694 1950
333 2778
7423 5057
5684 127
7021 7965
434 5736
8242 8785
1074 8382
7602 7930
6032 1091
2629 2424
7188 6971
1900 6075
2003 6019
8518 3822
2407 5337
6773 4785
4812 8603
2350 594
4267 6333
4854 3089
5417 2874
3268 6029
5633 1152
4049 4948
4609 4557
2470 3020
6349 0
2423 3477
5330 5815
7318 6339
8431 7083
1171 2055
3270 4794
4839 5679
2352 6590
5899 7657
2408 380
8977 8295
1772 8951
442 3428
5979 6643
2754 5735
1434 7263
5318 4866
5287 8401
6710 2375
1153 822
2742 1262
5662 5200
6149 3511
121 3233
3915 4729
5928 5138
3990 8327
5572 6990
1137 5603
4672 7993
4289 8934
8678 6342
930 1602
8652 3167
704 8018
5341 8254
4743 8369
3931 6361
8590 1911
1661 2614
6148 3692
172 7058
1734 8529
6668 8902
5664 4943
847 73
7722 1512
1240 1521
7116 1635
5751 8273
1256 6941
7993 3941
8491 1081
7333 8551
7732 794
5110 1433
1048 5493
3282 6924
7163 2055
7904 7520
5565 8688
7831 1386
4425 7997
5639 527
1354 5106
943 284
4975 4718
5079 1337
1616 4759
4426 6053
8086 2794
7539 7582
4917 4352
861 2474
3958 4202
1908 8568
5711 1669
4814 7980
4934 5260
5372 7983
1379 687
1205 5896
3181 2186
7040 83
7029 3362
8805 4938
810 6644
5910 7589
6944 3986
3651 4500
7066 4454
5295 6216
4236 7027
5022 7017
1868 1543
1677 2044
319 2943
8708 8415
3775 3879
8915 5895
3727 4678
5877 89
6567 2130
1230 5865
4565 5884
1700 662
6325 1541
5674 3574
229 6929
411 6277
3187 5433
7793 6236
1284 8016
8239 8615
741 6302
6672 8701
3399 8586
4028 3785
5686 7813
704 2744
8659 7774
1059 6040
4096 6849
7671 1104
873 3633
2521 1082
4815 6313
8663 2694
5056 4722
402 2211
8329 3425
3222 3385
261 5154
4612 3118
8188 1519
1246 233
8748 1254
3806 4485
7380 7584
5368 8783
2221 3155
848 6296
3872 6787
587 2605
6228 6246
5880 7914
919 7246
8035 1049
8300 1902
3567 6168
7957 757
943 1094
1143 3812
1164 83
6618 849
6510 5009
3201 5052
3581 4126
1959 4097
343 1693
7402 497
3461 6421
8321 7818
1845 5653
4645 5009
7902 1845
5295 3956
2491 5818
8486 2334
198 5569
601 8378
4122 2613
3941 53
7851 4852
3131 8208
249 6027
3269 1140
6744 1673
2566 8673
7079 7836
5059 2793
3195 2097
5927 4359
7602 6301
5812 7585
6027 371
4226 3797
5080 8678
3085 1312
77 2880
3180 3457
2437 2119
6300 3235
6873 5827
4197 257
770 1342
302 262
6813 7107
7015 6469
8294 1593
3953 2993
8089 2876
1391 2942
7746 657
3293 2930
3663 3773
2428 6885
8494 4738
2420 8754
6724 5359
537 6100
7696 5743
2320 2448
7845 4704
187 3381
1018 2617
8729 6097
3864 7589
3372 4553
3003 2174
8859 2790
3543 8051
3690 6654
6148 1739
2847 2547
7488 4333
6759 8939
4864 1532
2787 6172
3588 8882
5563 406
5465 81
5034 2494
4017 6747
8649 5503
2830 2212
3293 5876
5538 3398
5572 5451
819 1321
8816 1300
2784 3005
4654 6431
6242 2528
6554 1293
1249 1270
7253 6324
8808 2032
5078 1694
4059 5008
4338 1425
1470 5579
2399 2334
2861 8521
3763 1303
6279 3008
6339 5581
3406 987
5803 135
2019 3869
2910 6986
267 8301
5956 5061
5278 7476
3270 8329
4957 8150
5382 3155
2539 456
5301 1961
859 4632
2131 6061
2069 3224
7791 5133
7238 3646
5287 3521
8010 7616
1641 4995
983 4694
4733 3793
8859 6561
5504 1491
8155 2052
3411 8767
226 4843
2620 3713
6137 6683
6604 3200
6667 7804
2294 6418
8148 1213
8661 4151
4882 2554
2142 7586
6978 6702
1850 8512
898 3032
7412 1920
2763 6009
2157 8976
6545 4061
7993 7335
5556 1880
8354 3088
2245 7290
7010 5080
3763 6267
2437 7960
3172 6155
6057 1131
7034 8598
5328 7861
96 5615
5170 1724
8211 6532
6710 8483
8694 7822
817 6029
2564 1558
352 4018
3439 5229
2024 5821
6994 8921
7155 7025
87 6727
4191 1169
8511 1171
2336 5856
601 1779
6950 2514
6005 5784
5380 5299
7477 8114
6342 6157
7242 1841
426 6451
756 284
4282 7085
2305 6386
8865 3994
2517 4084
6892 5291
2334 2962
694 4631
5076 1084
5675 4283
5600 8793
6382 4726
2262 3240
8437 7887
8884 8131
6065 3361
5408 2728
4891 2665
3998 5399
5810 1518
1129 4439
3702 7683
6750 8823
7154 6718
1701 1509
6904 4672
2214 173
4521 5127
7564 7440
762 7157
45 2146
6094 6422
4658 1761
5368 4839
6715 2423
5814 1308
546 8999
1094 5808
6033 8032
5350 7311
6228 4275
8475 1131
5013 323
3903 5419
1949 8858
6319 8629
7975 2493
69 2923
889 1764
3067 8487
4005 4228
798 6083
535 4762
5457 8947
2066 8611
3627 5525
8360 5247
4642 2455
1874 5916
6423 3518
5308 5476
2707 1202
7333 437
901 3910
416 1705
3409 7608
3756 2277
5139 1562
152 8669
6559 8630
7064 7610
5154 3197
8155 1070
6529 3694
6860 1616
5366 4041
5411 1247
920 5504
8017 4645
6147 3772
1612 8935
5085 3193
2632 6214
5181 7558
2922 2327
1817 5167
462 1963
935 6679
3608 6560
3060 7013
3779 8723
7612 3315
2818 5229
1400 482
7258 2460
5887 8574
250 523
4022 5035
1557 3993
3402 7257
5890 297
348 5310
3970 2494
1458 4255
1728 2298
6545 3289
6378 8827
7401 8664
2815 4913
2588 8225
1746 1051
5160 6690
4733 2560
8005 3271
791 465
4824 5344
3956 3878
3887 8475
4772 6430
6333 949
4300 2324
8980 1642
7225 8690
5358 8846
5886 330
1539 5816
5818 6443
5251 4959
7204 3566
1858 7941
7157 7928
7659 337
5833 5974
8563 8736
2557 6044
1300 5710
3087 3649
3221 5906
7669 2583
180 3130
6173 3919
6294 6005
8146 6043
525 1137
2855 3265
4773 8467
8651 4621
3209 3319
2403 4971
5136 3807
7844 6093
2875 8735
1699 3166
3076 4518
1255 6757
7163 2336
6602 4461
2437 6421
23 6904
7565 284
4468 2353
651 6386
6461 7501
6481 6266
2732 5009
5017 6933
3106 7528
7905 4849
7564 4751
3649 8342
2027 5003
2799 2130
4650 1365
523 1821
7403 6804
3274 8740
6846 2977
1831 3765
2857 2989
2617 1881
4645 6321
6912 2772
4080 948
4926 5792
4562 1715
3722 150
1226 2197
7664 6240
146 5303
4153 1133
5500 5370
1727 2914
7700 6250
3918 3255
1688 8347
1140 3246
6061 1291
8025 3574
6955 306
6404 732
274 448
1822 4391
8941 8732
7522 3123
1463 4115
1793 5571
5244 8969
7783 8605
8057 1544
7901 840
5478 6520
2536 4816
5644 4156
2729 8533
7087 182
4554 527
5009 2796
8881 3508
2433 354
4254 5477
531 8064
6714 8905
2744 6800
5836 8969
4308 3438
5857 1282
5679 2889
1709 4054
1049 3338
6388 7881
1080 2255
1957 3262
3854 3867
2571 5180
3203 1608
5948 1302
6560 1666
3202 347
6816 6103
2436 8592
7199 880
4037 2190
7457 3092
1080 6404
872 2507
5544 3
7957 1929
5835 3025
1551 8730
4550 3883
2278 5572
6664 723
7204 617
6488 7717
4971 411
5352 896
3095 5142
2101 1395
2417 490
7200 8104
8303 5637
5545 8437
8043 6486
7583 4310
4293 8389
7901 1552
5284 3592
6402 6633
6128 1173
2846 4409
4691 4288
5267 3285
1543 7674
5901 5519
3889 7089
6989 4091
8322 7960
4357 3745
8865 3850
2883 6507
8068 7072
720 4734
2321 6045
5707 306
8698 6389
6690 6979
7572 3287
8688 855
841 1381
5757 5874
6094 4464
8036 4520
7881 6769
1618 2744
8523 4279
5346 8892
7333 1178
754 4044
8010 4859
8630 6186
3513 8907
4342 6508
8426 1509
2755 1010
1303 6038
1300 4879
6760 1244
8280 423
7366 6592
4249 6034
2735 8982
4470 963
6088 4280
7064 6249
861 7688
2862 8960
6302 8870
4035 8998
5599 4143
6929 5625
3340 5278
4674 6076
1596 7136
6709 2816
8742 5383
744 6227
1087 5032
3856 5073
7354 7234
21 7070
8145 7623
7706 627
8407 6305
7836 2141
8393 2686
5802 2498
4400 3649
6221 7257
1717 4573
5663 3742
8490 7958
8635 8402
4652 7882
5697 6904
2792 8482
7458 4845
5409 6030
1711 5546
904 4387
8358 8682
7336 8286
8538 6848
95 3415
7726 7936
3170 3529
587 1183
1014 7058
3363 8064
5733 7665
3744 581
2355 6255
8258 7729
6097 4705
3204 7879
8512 6982
1353 5735
3331 3791
5243 3356
8641 5859
6984 624
5072 2706
7672 5997
1373 3768
7099 1585
7882 2780
4337 6758
564 5736
6645 7020
2851 4952
7655 1902
6842 2690
6373 74
2597 2182
6421 5752
779 4124
437 5643
6118 3128
2694 1165
1720 1673
3462 4813
3233 553
2598 7239
4955 7532
1243 6092
4852 7125
5701 850
8584 119
5421 4321
3260 3053
2479 8739
2998 3070
5951 2930
4412 3502
1813 3159
8467 5980
304 6034
1397 7189
1204 4332
2721 8473
6730 7005
5485 8766
4857 4179
3128 2821
347 2559
4421 4554
2484 1328
1472 3542
5630 5200
3004 3769
5562 3706
4327 2310
7566 3127
6767 4874
3526 3723
502 6104
2398 6875
2691 7408
4765 5922
1269 8873
4605 372
7617 2133
4040 633
7555 6476
8765 3707
7397 666
6000 6876
5768 6332
4228 3188
96 4805
7793 2792
4741 6232
4559 1028
4965 2396
4240 3752
4267 7856
1998 5495
5477 7703
3379 4074
1062 5213
3799 3346
2501 2114
5497 5274
1813 5970
5558 2717
4267 3860
7530 3429
2160 405
8590 8013
2242 4717
2370 7799
7077 744
7975 3742
3922 4101
954 2541
2690 4456
3824 6538
4691 8246
6916 8692
2273 7345
8414 6155
4719 5468
8720 3998
3156 4047
8424 1550
976 8314
7370 928
8443 1911
5042 8766
4005 6394
7745 4959
3871 1920
5187 5354
5898 1944
6447 4984
1329 1862
7410 2725
5781 3505
2682 4950
2917 4249
3213 716
2652 5278
3065 4860
7829 1230
1531 5561
3934 1411
3284 5913
2633 6266
2390 3797
3379 7304
1631 1770
4637 1802
5335 2764
7811 2126
6901 7251
391 7562
4688 7392
8469 854
2097 204
6816 7836
5428 3279
3259 355
5643 7111
1129 4290
6898 2329
780 2248
3506 6092
7970 1509
7866 2744
2115 5722
974 8975
2307 7093
4446 3959
4326 461
1303 3940
2473 5761
2129 4753
662 3973
8270 4383
3645 2752
4415 499
8314 7780
560 1637
168 7124
7287 4077
2339 8649
3356 1786
6181 4949
2303 6
3385 1600
2791 1694
3367 7422
5554 7493
1244 8928
8813 582
1953 1445
1012 3240
8689 5400
2808 4653
7435 62
4767 3715
3246 5093
1295 1931
362 4362
5973 4725
4350 2271
2404 1062
361 84
4553 4940
3940 731
5370 4252
3015 7972
8861 6016
8807 3931
2432 8728
3674 8107
2183 7386
6175 1260
7798 1736
8019 7088
4883 5316
8461 2083
5379 2692
2160 1995
7905 6689
4281 3013
2139 2432
6209 7467
1513 1129
2838 5713
1454 6367
6270 5352
2657 4968
6062 8835
2452 7815
5285 5967
2331 7123
1795 1684
3884 3839
127 6962
7563 5931
5348 671
3450 7641
1990 1545
4554 4034
1556 1547
7155 8533
2306 6806
4601 4303
6956 2821
6815 848
8061 3086
4325 7945
2816 574
3630 1657
3955 3941
2182 6453
4066 1444
1474 3145
5547 6799
1275 5209
993 7909
8064 4419
8417 5627
267 4380
5911 8117
3057 4717
3968 4000
6709 8931
7975 7158
7891 6277
7534 5727
4467 814
5720 8715
4284 7231
3053 6639
4138 6383
5851 3540
775 8738
3079 13
577 1508
1753 435
8345 6781
6765 6743
7888 3284
3493 2849
5946 129
6466 4867
2990 4117
3925 3088
3425 486
8004 6778
837 5445
7956 2715
7084 7430
4336 1752
5353 1744
1506 7100
1201 5739
5826 1858
4478 3172
7561 8575
922 4571
5561 1904
2067 5833
1479 6997
3335 30
7989 2109
346 3806
4393 3428
293 5167
2217 2516
257 2628
3606 693
6016 4626
5659 513
3324 318
8320 1826
784 968
233 1859
8572 572
5516 756
5642 64
3264 7881
2572 2537
4950 5566
6345 816
1364 6774
5745 7729
1306 2144
3971 8831
3972 8442
8187 8572
6613 8811
4519 8324
266 1441
220 5127
7861 4026
4747 6426
8449 529
4271 1667
2400 1576
1596 430
4082 466
277 1781
3725 2378
636 7086
54 1858
1442 4393
4784 6651
1840 3168
7072 1626
3589 7260
7369 4201
2897 1503
6327 6497
4638 1322
4943 2728
6122 7322
1793 664
8661 6969
20 4108
2802 8589
6308 7018
5566 3010
6086 3291
8545 7224
6378 8304
3015 7675
7094 3769
8099 397
5127 8176
7445 3165
5577 3326
1769 7069
5338 4495
5486 8479
3767 2446
7396 3439
3231 6005
3014 3633
3348 664
6686 1023
8639 8309
7611 1101
674 3103
3620 3212
6473 2219
4906 3741
3943 1053
1751 1778
7684 651
4526 6987
8767 4462
6566 3673
3245 8531
4923 8203
6561 6895
3111 669
2390 8623
4257 4166
70 2429
5554 4922
2268 6538
2955 903
2495 6243
2660 972
3198 5665
8349 6153
798 6511
5895 1033
3450 2957
597 4133
4458 3020
3139 1866
7853 7961
8908 3452
7714 7262
3361 4922
5072 3886
88 3136
4273 6856
3015 1536
8412 4894
6301 1713
3559 5446
1516 5167
3834 256
5673 8708
2392 6656
530 2902
5370 7935
7748 7678
898 5622
744 2659
5158 3389
6275 6687
8965 8104
5509 5879
2857 1668
2444 4702
8734 7134
7573 8769
69 4088
6517 8478
5707 4056
2409 7635
6810 3403
7330 1578
1349 4071
6872 1789
2131 1266
3696 5588
5477 8138
5403 2586
1923 4169
5439 1366
1115 5960
3568 797
3002 5992
1188 679
6523 5829
3937 659
1633 3456
8670 8196
6442 7491
5542 7755
1434 6408
2730 3729
7082 7231
4709 4864
6015 2067
1455 2520
2455 5888
2354 825
7937 1513
5318 6996
7780 2654
1682 4639
5528 8134
3398 8235
1436 6721
8419 6841
266 7927
409 3053
1661 8859
73 8102
2578 8096
7308 6392
6339 4819
1137 6005
8140 4408
189 3007
3162 2240
755 4395
8284 776
2749 1642
8344 8207
900 4570
8781 7434
5993 3571
3974 776
6246 8120
3529 3053
2641 922
6097 1793
5910 4382
2724 8732
3576 5666
8986 3527
7435 8122
2109 4367
1361 3301
2557 5750
4810 5533
5684 1752
3874 5682
6752 817
6359 5657
4434 4442
6553 6959
7863 1427
8545 8583
1093 182
6921 1120
3116 5513
4292 4772
7606 576
8633 525
980 5607
5864 4192
7017 2608
4785 7569
8314 6067
5401 3927
5002 8293
5829 2529
7901 96
2130 8592
1965 3541
4800 5078
2303 5396
1088 791
6787 3613
3377 5762
6937 506
4087 5908
5026 5282
6642 1800
6001 1631
7605 8495
2898 7216
1335 2769
1688 918
6617 5890
1223 6856
3319 8855
5677 817
3938 6581
6701 421
6829 4596
5858 947
451 2825
5723 5951
3752 3411
7374 560
6914 2594
5409 5561
1275 6473
333 2970
1555 1307
7929 960
2746 2553
6430 5289
4180 1824
1598 804
3499 3626
3547 8434
4969 1262
4073 7655
4377 3723
8826 3401
5875 1084
1656 7721
8890 4207
5658 6823
1571 2903
4947 6901
8491 7005
8702 5274
6874 5042
7295 1731
2023 8913
6602 1300
8797 1348
1251 7755
3836 4349
3316 7410
3588 5567
785 2275
5155 4547
6028 8522
8624 4978
8965 5596
1008 2771
8547 635
4988 4549
6435 3102
2518 5068
8716 7765
151 3076
1243 2066
1414 7437
615 4195
7738 5393
7618 3713
4325 3568
2181 155
3475 8104
3391 4265
8650 878
3514 2254
4866 3897
8101 2834
6700 4532
1628 2266
2477 2347
222 6012
818 8350
6 5984
8976 2385
8772 7179
1984 4043
5989 4507
3591 7956
781 6795
5966 7938
5702 2568
4499 5998
7591 1515
1927 5420
2480 2412
6506 1813
6539 7913
8217 7762
686 5556
1295 3674
7776 6981
6538 5439
7510 8734
2719 2875
8010 3399
7754 109
5066 6597
7006 2505
3972 7245
1178 5029
8927 735
4849 3704
3322 7205
2542 6316
5138 110
7855 9
6486 1825
464 5914
778 2415
1623 1132
5753 1318
5018 4409
6939 8882
6055 8571
5956 1544
6107 58
1954 4366
8436 5531
4047 4359
7950 5759
4341 1233
6231 2907
2725 2080
8734 3338
7928 3512
1702 276
7683 410
1674 4951
8293 4722
6792 1707
3969 4794
7877 4752
7089 721
7778 4798
7631 7492
8195 8457
6010 1518
1254 5244
7099 124
5227 8855
79 2640
3943 6543
791 4954
4863 6914
1026 8172
6188 700
6366 6238
2688 7466
379 7759
4709 6226
503 7848
5007 7475
2541 291
2118 3488
8844 3945
1614 4127
8616 6610
941 2598
2740 2467
7157 2034
2233 2567
7308 1294
2933 4126
336 3334
7390 1294
712 6538
6017 7445
5580 6869
5281 2901
5606 2796
7996 4817
4460 26
4346 4275
5943 8282
3014 5531
5419 4010
4024 7335
7488 8813
8392 388
3452 2114
8758 3476
7444 6313
602 4923
4238 4539
7010 5660
3586 7428
1710 3663
2354 7585
8285 6388
971 2480
5695 2510
4401 5940
5716 2760
6376 30
125 1725
3458 7072
7644 693
2657 1324
5054 1241
6029 7802
6541 1127
1597 3572
6555 5937
7724 5604
346 2409
2109 4903
337 3140
1668 5166
4362 400
8654 8755
2898 8116
2485 7103
4477 2159
6107 8763
6732 4755
396 2528
2170 6785
2625 6570
2361 3495
6502 3685
8477 2905
6832 1171
907 1851
2799 3960
7734 4980
1565 4450
3717 371
3610 2306
5162 8285
495 660
8436 6501
6430 2362
1910 5406
896 8701
7239 754
8852 5342
5140 3958
3218 5161
595 1273
856 8177
2335 7923
5701 6981
5969 2352
3344 8166
4249 1618
3378 2463
7989 2861
1019 481
7989 3869
3971 7132
1585 7423
4381 3764
921 8376
3195 1300
174 3817
2573 7359
4314 2515
4170 6651
3851 5687
2035 3938
2075 3728
3502 7405
2252 1737
6722 4160
2593 8913
8280 2317
4866 5012
6474 360
449 8625
6931 3433
4595 5258
1269 4513
3829 2246
8719 6872
8538 1447
4497 3918
2133 2398
1114 1561
6131 2968
5020 1089
6019 1022
3889 5365
27 1746
6268 8750
4327 7060
2140 605
5321 3036
5398 7728
411 3262
3209 7716
7264 5862
1642 5527
8200 7472
3855 475
3731 3935
4228 4693
7938 4698
1430 1272
8701 7659
8203 2704
20 8287
4596 8826
8304 1019
1304 4048
8313 3610
1708 3270
331 3027
6762 5658
2333 8549
58 4621
7749 2593
1406 8945
1171 485
5545 6654
6728 1417
8166 5295
5624 836
364 6406
7025 2588
1881 2895
1234 7489
141 1530
2429 154
7654 4001
2107 3701
7401 4093
4014 1035
496 6576
8786 206
5881 4651
3483 4751
4063 7679
1746 2394
359 4495
1189 214
1141 5476
8016 6300
5389 2781
4178 2678
8603 3046
4941 6238
3320 4138
3118 6613
8750 7425
1973 584
6469 7219
786 2953
5037 1709
1208 8951
2542 4307
7183 1185
3280 3572
3077 8409
4968 6166
4599 7736
6102 8182
3059 7035
6286 2901
1195 2119
686 7200
5202 7599
271 5344
654 2523
8081 3997
4249 3663
6887 3751
6474 3863
211 803
7165 1200
6559 6640
6293 2781
795 3155
6548 6155
506 8204
6611 3848
4319 5534
8139 6195
1633 2599
5036 4001
4385 7328
6826 8570
803 4922
8073 6040
6514 1272
4810 444
3436 8520
8834 8538
1160 237
8723 7824
5720 5066
1881 7702
7091 5471
7685 7741
6393 4981
3577 7503
3397 6880
8461 5592
7536 3398
8636 8355
6678 3543
3018 1116
3954 8247
5472 2876
4827 1458
480 2493
3124 8105
6340 780
3529 225
467 4759
1444 8337
930 5102
7830 4833
7029 2069
4055 2320
2587 6068
1023 3365
1083 6807
7688 4085
8301 5316
311 353
866 165
3518 1857
3043 8776
3650 486
2614 6166
2953 6688
4010 4677
8983 7768
5115 5622
481 3721
2410 1765
7247 8483
3343 8427
1712 5785
6748 5565
4577 420
7693 8087
766 3957
4775 1745
597 1880
4858 3665
4863 4851
1172 7781
3098 1379
1570 8631
2712 485
5653 6765
5385 567
1752 4413
8687 4154
201 8551
6690 3685
2990 3187
6439 2383
8910 3646
2482 2929
1066 649
6937 7116
4258 101
6044 1902
4294 5271
3513 5950
671 2469
6807 8389
1619 8627
5609 3484
7980 2789
2491 3666
1925 1934
8436 4968
4028 8124
3651 1567
3030 6322
6817 2889
2 7619
5455 2818
1628 6384
629 6370
1657 2098
1240 2571
5518 2052
7698 1390
5866 4054
4687 6709
2559 7036
738 5326
5522 7986
3826 4939
7979 1078
4378 7897
7189 7379
8160 6823
3944 3454
5009 6281
4615 2047
343 3704
545 2360
6925 891
3334 3195
4399 2062
633 7969
2615 7998
2446 5953
450 1820
3655 4929
3624 6524
2785 8111
1199 1686
3038 1361
1331 8889
2647 6150
461 4430
670 8424
5101 4076
4704 7308
1319 1220
7940 6841
4262 1223
3446 431
6977 3936
5948 7513
4298 3607
4961 3321
6832 73
6521 471
1241 8980
7243 936
6047 5460
7944 4127
5957 2572
7704 4630
7425 5532
4474 4025
1898 2522
995 4870
1442 3382
1277 5264
2936 2764
5466 45
1065 7983
1425 1001
1123 3057
6541 5964
1819 5527
3404 4955
1014 5700
3387 4153
7574 2349
8956 5011
2676 2905
1062 4929
2353 4288
5063 5314
4657 1790
4916 5515
4044 2546
8410 5594
7484 8705
8304 8131
1891 8070
8495 7608
4700 998
6709 155
432 910
6031 1966
3844 8988
2302 3144
5776 7765
749 8011
646 3473
3384 1917
2929 6069
8445 2986
10 3070
5917 4503
1367 2487
823 5118
5013 4262
1515 8937
7830 5800
3639 6513
5767 554
2710 2287
7143 8173
8159 3382
4571 5458
2878 6571
6913 2917
460 2264
1385 1384
2759 3632
855 3940
1820 8409
1842 3396
2540 5321
2417 2421
2814 3745
3307 7283
3080 2764
3892 651
4711 5773
1779 1007
1906 7792
4467 7629
1686 2179
878 5606
3031 6016
4863 8588
7424 587
3569 262
7601 6230
6032 6676
1608 4668
6160 7715
999 4133
7582 3370
8269 2842
1610 7852
459 4739
897 920
1192 4395
6113 4907
4943 4101
5928 6323
2534 1142
7925 6747
8364 116
953 8409
5718 6914
1145 1091
8168 251
1329 6039
7931 1637
7536 5425
1292 330
197 880
1720 4956
565 8802
4990 8410
3094 4644
4974 4649
2572 7099
3155 3480
5139 4065
5504 2313
7372 4775
5783 4138
4933 3426
3746 8120
7700 5545
5814 181
4922 155
5701 4654
3472 6746
1785 1748
3430 3879
1939 3432
7753 5003
5519 6573
103 4837
3116 2903
3595 585
5516 8732
2982 7169
8652 3836
606 4014
779 6849
1596 1059
5979 2844
3310 2689
5990 501
8895 7983
6781 6751
8537 6722
3211 1127
2676 809
1098 1080
159 425
4264 52
6593 4955
3484 7994
6976 6418
8204 841
966 6475
2355 1416
6524 3532
3646 6644
7452 4150
5216 7287
1948 2718
1631 4865
8045 2547
6642 412
6762 5443
8181 1475
8670 7249
6105 5729
2452 2547
4781 7444
2480 3787
6296 3006
1392 3871
333 1452
6907 5029
5399 5528
324 873
267 4232
3683 8707
5942 2821
3348 3145
5 6371
6293 8053
6738 2822
7717 7115
5459 4240
1003 956
4167 4431
4085 105
3640 7235
2404 8771
483 135
5315 5258
7064 5250
3761 3362
1127 598
3459 3686
4627 3073
8150 5233
2130 154
5968 4530
4227 6065
2439 5141
8536 5757
1323 5339
2659 5791
7470 2241
6321 2318
5787 8862
6585 8911
4697 150
6131 6773
2802 8558
5008 3841
7716 8945
7570 6008
1604 6430
4685 3529
3887 7798
3985 3941
2442 7584
7832 4677
629 8514
3774 4021
8700 4602
2723 8897
243 8860
7288 5606
6634 8558
1441 3069
5462 5806
7567 812
438 6650
8613 7390
4746 6257
7238 1674
713 6374
7795 7715
5370 8525
6132 1968
1663 8669
2292 1218
1833 3326
8076 5180
8674 4020
1012 7802
8817 3276
6783 3001
5631 8993
4161 946
5885 5112
2951 6656
6722 5529
92 6461
4011 535
3264 227
5604 14
4713 3851
6806 7931
5190 8595
1906 4880
4022 949
7837 2496
108 7341
5740 8352
4735 5510
6674 3732
1612 6752
6174 5425
1045 6745
7413 3476
4736 4619
3917 8999
4185 3316
2070 6033
4054 3270
8540 6693
4357 3297
1605 6062
78 1962
8184 7507
5315 655
7879 1190
2642 1819
4386 4225
5221 3994
1360 828
6672 6905
2793 4047
545 5045
7624 6921
8911 2229
3826 7873
1562 770
8158 4860
5438 3589
3303 6500
539 1835
1734 3199
259 7224
6621 7259
8804 7302
6756 1183
1886 1635
2838 2166
2290 8732
7660 2781
2029 4689
8954 8948
1307 5316
5160 8074
3918 5224
8349 2264
6350 6496
15 1454
1876 5309
2540 117
8972 7869
5225 4241
7126 2018
5239 8688
8950 5544
4528 8774
7358 5606
6178 5833
1274 2702
1744 1202
8437 1708
2085 4093
6689 4688
5677 4506
8692 4357
8616 483
6284 8619
5124 6728
93 2445
5523 220
3217 7383
6779 8215
8047 2498
5423 2348
6375 2726
5388 2341
1572 7321
6917 6916
4065 3515
1932 250
3812 4160
6212 2459
114 8360
3708 3128
8691 4098
4712 1412
1358 8445
7497 926
5191 7622
780 5038
956 1874
4415 5282
8340 5750
1520 6447
3002 4343
6239 3172
7077 2105
1239 3325
512 6245
4618 3880
1334 4227
1387 8964
6057 3423
6013 2834
8946 2501
8495 613
2527 7476
3623 4764
8787 34
205 1276
831 6387
1126 5880
2874 7314
1488 2799
4038 3817
5569 8959
3646 2267
2745 1457
884 4963
2619 6642
7326 3767
5043 722
7961 2141
8004 7207
8922 8812
5328 6446
1970 8873
2549 7492
1027 812
5288 3057
7467 5046
7702 8055
7671 996
8528 7859
6475 2134
1968 5813
3256 832
199 2916
7856 6136
5900 7601
2957 284
6353 5629
1364 1898
8782 2694
1028 2880
5960 3276
8915 6076
0 5867
5789 368
3549 6456
7135 5946
5615 1045
4160 2805
5054 2734
3038 4924
5660 7854
7898 6380
130 446
526 1733
7121 6448
8110 295
3162 1746
5216 2915
2679 2534
2507 1920
1912 7565
3815 2635
3955 2895
2192 6934
5268 3330
148 4893
5151 7334
7541 8622
1826 3183
3194 7269
2031 5266
4234 6604
6118 1488
3792 2435
4040 5488
5728 4840
4159 30
5240 781
292 2467
3791 201
8886 3975
5811 3419
5453 2646
1309 3223
7855 8433
6888 136
4836 4855
2375 4304
6028 5459
5483 4328
8038 8834
3193 8728
4547 3424
168 2938
2933 2795
6890 1292
3050 4540
45 3003
3930 6344
2137 3042
8380 6141
8349 7580
2554 822
6280 7762
6689 8270
2840 6384
6824 1936
2960 7996
3816 4685
427 6704
5902 3822
736 1144
2877 3644
7734 3090
3203 7744
7311 7596
3783 4214
6041 324
7450 3519
68 4544
3811 5440
8329 7929
4111 2301
3713 4457
6037 6498
6983 2946
8363 5402
4212 2622
602 6088
3576 71
5905 8622
3273 7845
5353 8092
6009 3964
7696 8695
8869 127
3625 3559
8230 5787
7510 101
3556 6964
1360 689
313 1691
6609 5211
753 6877
2959 5655
638 5058
2432 2909
3045 4985
7246 7771
5869 4080
1889 5971
5824 1490
4717 512
8952 3782
485 5546
1380 8151
6079 4612
5897 619
238 7277
7268 8207
3006 1172
8602 3709
3082 2265
1046 2641
6659 3905
974 7793
7896 6347
345 6796
3982 2303
6316 3987
4746 6777
800 5556
7876 4473
3814 3152
708 3714
4511 8957
3272 8550
3099 4436
2934 1298
174 6365
8593 2398
1146 7320
1992 4611
4722 5393
4189 7538
3552 8028
6544 3820
18 6760
2084 1460
6234 1184
7935 5682
6652 6370
369 6493
3830 100
3650 5846
8472 77
3059 4643
4504 8196
8568 3489
6535 3000
5610 2993
7831 1890
7419 2362
2588 669
1158 3568
2807 4688
6389 455
3036 5564
3051 7812
2601 600
129 5980
2859 836
5734 7189
5367 7961
7363 7037
2197 5019
1257 1391
1179 1967
5609 3213
6265 6807
4175 1292
3077 8585
7664 2274
2287 3736
36 6294
5865 567
7095 243
1521 8501
6354 7839
4309 4026
3020 3693
8824 2490
8538 1755
415 620
6044 1027
23 3358
878 7834
2682 7796
3520 6500
1976 1453
4842 4094
4269 874
3550 4429
2606 2582
3796 3806
52 1910
417 5593
1071 6067
8213 5452
6967 2658
4964 7483
583 8555
5233 6034
7636 5001
3700 200
7164 8339
6007 5218
5702 5357
797 8409
1232 6782
869 8682
1917 2743
2195 5879
1721 3772
1311 1020
8163 4790
4801 7425
2132 8179
566 6864
2749 4787
4028 5271
2494 3159
4145 8827
6083 8841
7799 7517
4152 2213
8801 7078
2773 5306
7569 1741
8759 6960
5363 2123
1373 4863
4342 2946
6362 251
2412 5034
1902 2503
4863 5621
8126 7413
7288 2395
3512 4198
1881 3013
3968 4626
2319 8484
8143 5719
8494 3041
3329 2782
8095 6599
3363 1816
4508 3226
7790 5084
8242 4464
921 1852
785 8877
8386 2631
6032 2351
5897 3366
2919 5418
1732 2752
4110 6125
46 1706
2175 5718
7636 6393
2495 236
8660 1759
8919 2055
6962 7253
2720 3644
2139 1297
2607 7161
6236 2733
6076 2016
5272 4613
361 6928
2415 3327
8903 718
4864 8304
5765 704
5021 2218
4385 995
1862 1457
4214 2889
1533 3540
4445 6516
228 4298
192 986
3024 8144
5482 8972
2423 1874
1005 6894
1716 8891
8421 5659
3690 1241
1873 7753
2505 4911
2576 7819
8770 6272
5476 5751
7336 505
7518 4802
1549 5776
1979 3042
4106 2340
6693 6000
5810 3579
5841 1055
8702 7069
5192 6482
7307 1219
6703 2716
4918 8874
3987 826
2559 2996
7230 8832
3049 1097
3626 7299
3499 228
2325 1576
86 5661
7021 7983
4737 6178
5738 6527
6695 8912
4606 5556
7597 4739
1201 2102
5047 8732
157 7880
2355 1398
3160 6953
6758 6342
2551 5647
1631 3302
1958 6715
6869 3781
8731 2115
7217 1327
940 6547
4527 8379
6464 8710
5605 7026
7774 114
7654 5757
1082 379
5486 5667
8093 3878
5971 7721
5542 2286
6786 4933
1368 8628
26 8725
5142 8529
5519 8251
7100 3333
6397 5974
5739 115
285 3307
2338 6188
598 7823
4964 3262
845 8784
3963 3344
1602 2152
7750 4613
5304 7443
8707 1976
4755 8976
8154 4334
7922 3170
3777 5071
8080 2685
4181 4457
4637 1620
124 6734
3465 599
8367 8806
7049 1310
629 1112
3307 1131
7574 6103
2153 7869
1928 96
1341 3346
3459 8728
3335 1687
8926 1774
4332 8742
5126 6838
1654 1166
1477 8097
7760 8656
7167 3330
8737 6155
1434 5088
2074 1572
4214 3828
1345 570
3555 8654
1174 8250
2223 146
2667 2341
4450 8633
6830 5553
581 6159
2900 1029
6795 298
1223 5884
5254 3328
7571 8960
2377 2891
2306 326
6080 2063
444 4666
8720 2106
3134 484
4482 3595
3491 8760
1573 5853
4799 1510
6214 7559
3408 7939
8046 2172
1104 8354
5671 8828
8872 2269
1830 8242
7845 8127
475 8232
3721 4049
2859 7016
1507 2005
6294 3665
4901 3361
8212 2414
8383 6725
5219 7804
5640 8067
758 4328
1264 3866
5916 1636
7159 4248
1937 538
511 1804
728 5271
7578 7338
5714 830
3611 6855
411 7311
8060 2511
2279 5221
2239 230
280 7294
5966 5563
8569 8049
2904 8543
4125 5304
710 805
7193 4802
7455 4985
4892 5357
2885 1388
6698 7423
8062 3726
4329 1784
946 6272
8604 8980
2307 4040
4708 2231
2592 850
2564 7215
977 1981
4940 5695
1254 6838
3730 6211
829 8744
4935 2691
4456 2273
4481 2937
2515 6214
759 6212
1153 6220
7335 8970
1419 724
7927 7328
6534 2447
4594 6571
3358 7138
193 3967
644 553
3627 7955
6060 357
4599 8154
3813 654
335 3956
6906 1656
1519 2587
559 4635
6542 7250
5247 5661
97 2359
1240 4947
5301 6331
6903 2938
1430 3897
4894 4545
1393 5689
704 3836
7237 4121
4952 7852
5651 4298
7828 6119
7569 1519
3808 991
2860 7195
2711 5153
1 4080
6593 3073
3180 4640
3079 6068
4362 3604
4061 1197
7524 2533
7249 2801
1091 7373
4127 569
7476 1190
6022 4693
3279 4838
6288 2983
8722 8084
140 7631
2661 8745
4558 648
6216 7426
7175 3811
4992 6260
4193 2469
4781 117
7172 8317
7444 1702
2031 2601
7588 5610
5943 4114
221 6632
8589 1673
1831 510
3076 488
1007 1440
1438 2802
2012 2304
8739 1787
4363 3859
3375 531
2820 8267
2596 1412
1292 2819
883 2869
1741 5132
668 6653
14 4126
3944 4393
5336 3758
798 2293
1015 800
7380 7112
5334 4956
8598 3016
544 8175
2251 6980
7078 1325
6819 8465
403 1479
2436 5484
8031 1238
3627 8492
2666 4122
906 2720
7489 3295
7566 5624
937 8119
4407 2230
4973 1869
6558 2505
3435 4496
2970 147
2642 5493
7347 7006
4412 7364
7394 5954
6349 4873
3485 4410
2368 3969
8709 7178
4568 7501
7303 562
3039 2244
1446 767
653 6506
7704 5142
5580 1441
1826 1872
1657 418
798 2202
323 8517
2546 4478
2764 361
6693 934
5145 6014
5468 2195
8119 7226
5173 5223
3668 877
4514 1823
6783 7269
7582 7254
4607 4989
6637 3497
4203 820
3719 5843
4514 6409
8356 7705
5769 4490
5793 5057
3928 7637
3938 1566
4465 2969
2889 2341
8869 7629
6994 1965
7104 7566
6695 3012
2490 6225
5662 2629
5192 6100
8741 47
1461 5881
7989 7841
1674 5784
6075 1087
7591 8325
736 3764
5670 2869
8936 5820
5403 6353
3622 2524
1516 621
1465 7343
7161 7174
8703 8603
1545 6368
4241 4237
1243 1742
3663 7689
2014 7343
5111 638
960 913
7972 6278
4589 7306
7431 283
226 8696
5892 6250
4408 2659
7512 8283
3211 6057
1676 517
306 1992
3387 7005
6900 1418
5560 2350
8629 7704
6386 7262
7780 7375
8203 2790
1340 6639
4611 1232
8847 1473
8885 7069
3225 5281
1461 2758
7859 3054
7105 1880
360 7555
6185 4173
5564 7135
729 3234
8313 7994
1893 4320
2051 5008
3769 10
4786 5806
427 819
6490 385
3445 6923
2273 7535
2505 4834
3488 3166
3547 4027
6935 4184
3156 8984
8449 5829
6588 2428
207 3323
1972 4960
1572 73
287 8015
8625 8225
6583 2024
8262 464
1979 7535
7731 743
4784 6352
711 4005
3697 4260
3566 6521
8997 1179
601 6318
1897 5804
2744 1356
8248 2841
254 695
353 1091
8133 3921
8373 245
7731 8625
925 4791
7318 2181
2840 5157
7430 4905
7316 7659
7109 3510
7313 231
6551 5110
8262 1314
803 8617
6160 3047
7402 5301
2567 481
7182 1563
6932 1479
6512 7766
2741 1375
7922 8835
6505 661
6035 7258
2871 4316
365 6481
4349 14
857 6112
2992 8597
8753 7188
7855 6115
7123 537
4742 3119
785 4100
5130 208
5663 914
4517 8793
6406 633
4564 6782
5732 981
3606 5030
6438 6208
7107 6580
5212 2430
739 1841
194 2014
1771 5510
4443 2624
4029 7100
8291 4095
3322 3566
5858 184
546 4476
2760 5856
5778 2367
3778 1102
2202 6702
1413 8588
5687 3931
4676 6930
965 2130
2260 6185
505 1156
8583 8429
6796 451
1780 8537
4601 2549
4231 8490
4759 6011
6272 7923
5053 8998
6806 7254
3325 7679
4622 871
2993 2152
7495 4968
6499 2490
5440 4890
4466 4953
6244 8798
4189 1613
1399 4317
1186 7458
8691 8193
3316 570
2255 5299
5448 1115
4176 1064
6354 3146
2195 3919
8086 2341
7093 3427
999 34
6342 8690
4893 891
6530 5383
4070 327
3066 3776
8332 1315
1666 4723
6872 4506
5563 7944
6879 8550
1425 3102
4503 1126
560 5276
1818 8968
3336 4650
7052 770
188 8649
6580 7178
8984 329
8962 108
7529 848
1892 1788
711 8650
901 1329
5532 2083
7825 6617
4202 1544
1520 1281
1890 4137
7375 1523
7265 4563
3759 2169
7877 4895
6465 1334
7161 7568
1071 1369
6465 2669
2715 3935
5751 2132
8882 400
5911 1608
7662 7124
4457 6859
5470 6132
5794 7823
4299 122
6322 5312
4605 8236
573 6174
5964 6307
3110 701
4405 1531
3043 4571
4800 3959
4531 7316
5967 3957
476 8628
3736 6874
2313 2385
5211 2131
1878 2194
4555 7702
4975 6952
8151 2811
3876 8262
4760 1610
1622 5122
6426 869
4540 8860
1746 5235
6944 1938
1767 2811
1971 5234
2638 5636
8131 7950
4279 632
1507 6081
4775 6834
7665 640
5680 6267
8035 4377
26 5790
2713 783
8370 4362
7477 5591
376 4482
3911 1422
4100 4904
6038 6277
4131 8221
7492 8051
3522 2033
8284 446
7752 1664
7412 206
8310 5609
5941 8147
5599 4016
1487 3515
511 7905
6022 2912
3244 7200
5667 7481
7395 5245
700 2897
3310 8083
7430 6698
7498 4141
1588 7590
4315 8862
1494 976
4587 7019
6294 1164
2429 4764
8076 8955
19 7428
3877 1408
1460 6792
8164 7167
3783 8626
805 8347
701 612
957 8599
4206 4708
173 8327
7767 439
5563 2203
2075 1325
4537 7835
1419 1939
8968 6452
1270 2309
4379 8109
7917 6028
1258 6913
1792 4121
7723 2672
2747 8070
2915 5766
2014 1269
59 2777
678 7469
8545 3943
8509 143
6809 2707
628 8474
3345 3089
3951 8530
2866 5283
1888 1383
278 7818
7105 8356
4479 4177
164 571
688 7860
6306 1100
348 8793
3041 831
4379 545
6219 1645
1646 7036
6937 1430
4802 5330
2469 3452
8519 1920
4111 6885
5159 5135
6461 524
3944 2415
5220 5530
6936 3460
1891 7352
7301 3843
7605 8819
8770 5064
268 2392
1919 5460
2531 4643
4867 8166
8040 4017
2665 1276
2237 6466
702 368
876 4489
4011 1755
8503 2488
7238 4017
4203 1706
4193 5578
6379 1843
5145 7186
7275 1530
5619 3433
8465 5420
6620 7510
5706 8925
1194 404
4928 1955
3894 6831
8428 3548
8080 6873
8229 3604
7772 6563
6345 6172
1032 5457
2715 8386
8690 646
602 5012
468 5717
6663 82
2805 6293
1186 8953
928 1205
6291 5014
1499 3571
1028 7849
8906 5322
4141 5425
6949 8265
2923 2340
3091 5066
8397 6149
7900 8675
1637 396
318 4854
664 2561
6587 2611
2225 1535
3518 5403
3163 2398
3086 8558
4859 8276
6830 562
3822 5647
3387 2565
3889 3538
6375 4589
3613 2275
1528 3443
778 5598
622 2529
6949 1227
7472 4543
7867 4511
412 2198
4769 6755
7434 8885
7052 8798
1735 6917
4535 7204
460 4138
314 6679
1739 5501
1673 5008
4468 3199
2739 2792
3965 220
1279 8127
6585 2650
6540 6027
429 2414
7122 8841
3303 4056
3877 8150
5862 509
4704 599
8827 4842
2878 8053
7378 8748
8594 7485
638 2515
4433 7328
2492 3788
4301 8499
7525 4167
8247 6565
1705 6302
3057 7024
8874 3815
5250 3258
293 1425
4273 8222
8837 7277
420 295
4709 5950
627 1854
5191 7736
8146 8198
409 6759
2369 5090
4456 6055
312 7
2918 6048
5436 1247
1484 6973
3010 2621
1235 4105
2763 3301
3977 5557
3657 503
1543 1096
2926 176
6357 5359
5063 1721
1755 3184
3923 3115
836 5692
7577 7139
1385 7842
4139 8688
1346 3818
663 3685
1625 6570
5949 4318
184 5896
5939 8902
8107 2737
474 5451
861 3634
715 6449
8521 3982
1894 1971
2140 4499
6312 5541
6998 5234
6260 1058
6292 7023
5007 674
1891 889
727 3611
4468 5711
8127 246
6771 437
8337 6375
2702 2508
6064 627
6668 8742
8239 6034
5783 7515
3967 3098
7459 6793
8350 1867
3025 2005
3394 1393
4992 5787
6005 4372
3871 8141
1335 1801
4056 4682
2864 8130
492 2424
4410 1549
7762 7328
53 2959
562 8332
5512 7583
2966 4101
6287 1092
6190 1185
515 1653
4523 7117
1328 7253
1766 3024
5362 1917
6396 5356
6933 2551
4912 7925
5934 8118
2031 2318
399 1149
6843 6958
6084 6409
1370 6448
3365 8496
5278 7807
4283 5964
3509 8172
1065 3100
7409 8894
1277 4280
4956 8648
8854 7786
4859 2255
3782 8211
749 8559
7764 3806
2774 8615
1724 4035
471 8741
7383 3030
5182 7348
6806 5126
1352 4397
7346 4402
952 7211
846 8235
4315 7003
7249 7842
8104 5411
3168 840
476 4124
1411 2897
8255 1846
1899 399
8899 5085
1596 1649
352 2110
2139 2077
4382 2167
7809 2479
2942 8150
8458 3281
2087 2621
431 4811
3583 3182
1835 6907
2847 3703
3345 6075
8176 6975
73 1598
4672 2622
5237 2704
3692 8600
7322 1191
7053 6598
4900 4135
5524 2493
8538 897
8816 2075
2033 7236
1752 3226
3330 5108
7625 2943
6828 6364
2640 4166
4793 8180
1944 4354
10 122
6383 8018
1397 5938
6141 2139
3656 5189
6905 4140
440 7454
4630 7860
4443 3697
98 966
448 1272
8115 8172
896 8174
8613 228
1409 1327
4082 318
2671 5128
5523 256
2995 7463
372 3077
7861 4862
4064 7806
1633 2677
6071 2617
8259 125
5082 4192
1102 8776
6480 4238
874 5093
8854 4748
1106 2312
5379 6945
3245 8761
1674 4471
2219 7693
5860 1219
4545 7045
1408 7269
299 8440
677 1909
4447 5396
8566 6798
3939 3082
2609 5631
3779 3721
8835 30
4114 6815
1618 5243
208 8932
1050 792
109 6890
512 5583
1932 7875
1855 1870
3743 679
1764 3603
3141 1070
4583 4535
4181 2623
2627 7607
3867 8126
8973 1524
7025 3053
8591 1967
8954 6493
911 5343
8855 673
1015 5143
5172 6101
4874 8005
8962 4987
8410 5338
7399 7484
4920 2928
4500 3654
2838 5580
1279 1796
687 5283
5668 3284
8438 3263
2676 7030
6163 2428
1525 2123
3620 7649
1094 3240
8441 7009
6146 3396
8003 8749
4446 687
6490 7303
8658 1631
4223 322
8842 1628
37 4183
5658 802
6075 1703
5001 1079
3006 4639
3232 5485
2580 8043
7268 7361
7638 6789
3971 3786
1585 6552
3833 8702
6698 5124
5720 5699
1716 2258
791 6496
4954 4128
8473 5450
4661 7698
5885 6116
5887 8378
1870 2968
7092 3831
7112 4799
6861 3626
5045 7914
5348 5768
8869 5773
2074 544
3434 7225
7774 7807
2667 4691
4197 4235
6417 2444
2812 3519
2023 743
5630 2618
5890 8261
4715 5610
6921 1456
5940 6829
2101 1190
6239 4859
6293 7677
8836 1455
2137 1381
8492 2914
7251 6109
7961 1288
6387 2762
2346 4881
4274 2151
3553 6026
6865 7888
5660 5374
3737 8382
4966 2224
4957 4071
6245 1202
5460 5666
7249 3491
6530 7732
6483 2572
2719 2388
3050 5975
8509 8436
2517 4563
8647 7376
5717 2876
5171 6966
7665 3817
3810 4233
4068 1013
7657 1632
4032 4084
976 3924
5077 2517
460 4249
1295 5784
5353 3023
6760 1804
968 4088
2950 3165
7047 5813
4114 5085
3486 5763
5587 945
4423 2852
4240 2377
2434 7376
7398 7840
7902 3237
1596 8426
8281 6130
4075 814
6729 5830
5509 8805
2362 8169
3984 1494
2973 1162
7091 2130
1949 2766
7451 2657
6950 8186
474 4717
7300 7813
5688 2586
7718 7315
2677 6510
5952 884
8486 7470
644 8161
2822 8710
990 4505
3077 5522
2845 3041
4885 5442
5880 4035
5119 6921
4540 3225
7484 1871
7387 1378
649 3571
6447 1851
268 1381
6419 195
7661 2363
2814 1619
7458 7805
7095 4405
810 7502
1205 7293
4223 604
496 6204
4256 1064
6651 3379
3784 4112
7606 6358
3127 1280
4796 597
3885 1607
1285 5867
3442 1295
366 1907
3861 4840
2898 2041
3826 8989
5503 8629
1608 4452
217 3849
878 4154
5898 5739
3684 503
2588 3534
1561 8797
7695 8465
5190 561
4212 2682
3666 5207
3377 5697
7648 652
8870 1448
4003 1403
5441 4335
4491 1204
6355 280
2772 4055
2245 7245
3339 1065
176 5454
6936 5871
7935 3976
5490 272
7529 7571
412 4745
5725 7198
2329 3677
1719 4190
4576 1711
2936 5483
6017 5659
2467 5650
5932 6429
4655 5665
1935 4501
3978 8668
8259 1832
7380 2099
1681 1401
2887 3730
5131 6415
7607 3706
946 7646
4397 4022
57 153
6480 1657
1826 4318
2070 2815
1207 7876
1204 5120
3201 4172
2897 209
345 8308
6006 2227
6142 2917
1345 5302
7409 6587
2226 7151
6486 5245
2958 3113
8641 7148
4670 5141
7635 759
4388 2021
6331 1932
7820 4558
4701 5325
2220 1919
602 7026
8512 7050
8971 4419
7655 6225
6926 5567
8544 465
6986 8750
5577 3813
6620 3497
2676 5738
3282 4360
3057 2840
4109 5248
3432 4839
3895 2029
6583 4386
2618 2981
1231 8012
481 7512
8946 6005
7952 3877
7167 216
6610 7
330 3832
8604 7925
7102 4158
2200 791
5202 347
3437 6840
1217 3967
2725 8129
2202 3032
7186 7553
4149 2113
6631 1622
247 4530
5846 7787
2364 2707
4057 7479
3258 4655
2307 729
3422 6497
3470 1278
8880 5225
7349 5335
5081 8931
1600 6313
2729 471
4114 3082
7937 8874
1279 1316
3255 1951
5777 5840
7320 2344
4810 2653
7557 6341
6624 6965
8013 2361
1200 7806
1331 6561
4573 7018
2074 102
4184 703
210 2033
4459 6776
8743 3739
4701 2734
1162 4580
8793 3454
4761 1177
4237 7636
8186 1583
5930 1579
6378 558
6724 3788
3878 5445
7795 1041
7468 8811
1350 667
3141 4699
2578 4989
1309 1995
450 6913
4305 341
1013 535
3580 5155
6876 6918
1694 5476
8181 256
2178 6810
1331 4321
8684 3025
8642 4866
482 621
4608 8560
5106 3349
6972 5794
2742 6005
5827 8642
5286 6819
658 6874
3000 5811
203 2490
2579 7873
639 3795
5674 8258
6272 7424
6744 3131
7686 2437
8921 941
4383 7703
6967 3234
8673 2842
68 8520
8337 4872
6530 2162
3712 8315
6583 3515
5528 1226
2697 7027
5982 2091
3189 7299
3033 5038
7433 4189
2506 8621
5472 3990
3358 1867
5983 5529
1220 7421
4018 5370
4485 2764
5647 2792
5886 8713
8998 8325
4027 3033
2072 5545
2479 1894
338 3208
2019 4873
5697 7800
3658 1122
5181 1249
983 1051
4612 7063
5522 597
2850 7738
4208 7263
7517 2593
3491 6203
3352 4778
4813 1840
257 8009
7990 4556
2507 2418
7399 2617
4649 6077
4672 6697
3167 7885
3449 7065
5658 4120
8080 133
6989 3565
5823 3227
5213 8114
5969 4843
4376 4652
7223 5490
1053 4467
6461 2657
6343 8013
404 6508
8300 3485
6887 1073
1431 8884
2398 2398
2966 8529
863 6044
4911 2285
5032 6947
3425 1875
8107 2506
7361 3445
7889 6327
2374 1425
1169 8943
5266 2076
4912 2324
307 6693
8406 8173
8411 2662
1225 634
3170 7265
3911 7175
2668 8665
4256 2484
2617 3637
2127 65
8141 8159
4691 4061
1361 7167
6288 463
4862 1906
156 7800
2808 2583
2679 2673
4597 1203
3394 8440
4803 8918
306 6476
4458 1072
8564 6357
6546 2340
6890 8934
8681 7670
2462 1353
1695 4564
1857 6359
1412 6165
8536 7716
3908 6176
8981 2944
2422 7811
5095 5479
5394 1882
5251 6384
3106 8835
5648 2436
7067 3080
4603 1679
8813 1468
319 382
6250 1525
1526 6975
8079 8981
8628 7988
7990 1884
1044 517
6786 4041
6621 7083
7847 7869
2538 1834
7943 3956
2415 7625
3744 1691
7559 1082
5214 3592
6049 8146
3182 3487
5392 3346
8570 6159
1379 445
833 7365
5392 5450
3368 5989
1777 5025
5240 1140
6304 8861
2886 1113
7000 6819
7098 6708
7017 4528
8537 3310
7443 8792
5129 2328
5803 5716
7607 2697
7126 3872
6226 2873
8771 1320
6775 6971
4468 2374
5866 3302
611 2417
5793 8589
7924 6945
191 7082
7011 5478
7802 1085
4717 7966
5527 848
779 5407
253 8685
4733 3433
6507 8751
6541 5057
8928 2214
5364 244
2305 8549
8191 6455
3108 5633
4790 104
7629 1856
1503 7076
2085 7070
5067 7152
7237 1034
5463 1671
6854 1838
6666 1683
1139 79
7747 7527
1336 238
824 5006
582 8083
167 7766
7758 8188
4653 3928
884 8561
5755 4921
5400 8490
531 3036
3971 8019
5674 8873
7168 5559
4642 1272
153 7758
6308 5438
669 2172
2601 1720
3635 5705
927 7981
6447 6525
1487 271
6128 2171
5994 2935
4283 2858
8174 5209
2858 1054
3396 334
6801 1461
4087 763
3159 457
4319 5310
452 5198
6408 7384
5399 2472
7236 7542
6510 5265
1442 620
7842 7397
2246 6173
8166 1353
2155 4025
5782 463
5051 2861
7115 2854
4092 5767
4572 2987
7543 1252
7478 2593
6327 2837
3600 7549
5369 6997
8284 4266
2239 4605
6692 2821
2983 984
3084 4968
8646 4064
5215 4418
3616 568
4530 771
1312 3112
2335 614
5337 930
4450 3754
2925 8043
2975 4017
6696 1835
2511 6971
4262 6093
4511 5522
7891 68
5166 1625
6857 8092
7946 1964
6987 5743
5709 121
4422 955
5541 341
624 6639
1995 180
2724 968
5763 3805
4707 6823
2579 1480
646 4371
1319 4737
2288 5768
7829 3792
6096 3730
8510 6886
5130 5550
1549 2962
7038 8886
8682 5162
5775 6923
586 3710
6106 7147
2184 8795
8930 1512
4762 8892
3750 541
8028 6463
5078 4312
2122 5871
7843 92
575 8610
3896 1144
2246 7832
3047 1527
4565 5744
6665 6512
1202 5291
2900 8038
6570 3481
6440 448
6496 6622
1386 884
6763 8100
1087 4169
4352 1611
6065 3629
4621 3478
233 7713
961 6338
7694 7988
3728 3689
2853 4492
2631 564
1458 6644
2907 2453
2783 5048
7123 708
7824 7904
2795 518
3910 4664
137 7326
1873 3298
2171 7037
2111 7332
5060 1192
7252 6621
8606 5855
7864 3693
2457 3896
537 2068
4779 1518
1324 732
8555 2759
5482 6383
6923 1870
4103 6656
5849 7489
7643 5403
4313 4776
6019 4014
5934 5308
6863 6337
1999 521
2247 7971
3769 2603
4058 3560
103 5304
3712 2001
7846 6941
2591 8923
6546 1036
2916 1028
1228 4944
8707 332
7259 2149
4908 3047
5929 2091
8762 6679
7837 4327
6483 1749
4726 6274
7490 1250
3355 6075
3581 5774
2565 6950
240 5353
932 8900
4206 927
5969 7122
2349 376
5681 2531
4519 6536
4757 5558
2532 527
5840 7515
4203 1176
230 6572
330 6085
7482 2669
3792 4240
6040 2749
384 5001
4726 4884
1624 5352
164 5537
2312 2722
7188 1458
8659 3159
8885 645
584 1929
6658 8950
5416 1546
2033 2070
2435 323
2611 5811
2200 2963
6443 8647
3082 8613
5584 3035
1970 5130
1542 1251
3699 8665
8101 1216
3048 3184
8201 3954
3886 7272
2060 8625
685 667
729 8555
4264 7394
8954 741
1180 5172
3629 3572
6761 3966
8071 364
5994 2367
7597 8148
3668 8743
4494 7643
5652 5651
4322 3212
7941 5268
5033 6667
2125 7478
8553 7534
1762 6329
4537 5886
7985 8300
920 7853
4379 7474
6531 3360
6930 1361
1201 1049
7114 318
1681 4202
1812 4528
1005 8600
3852 6167
8213 8090
5892 3800
1492 2993
3951 1982
2573 2509
7419 6270
8191 4557
8886 3539
921 4625
1357 8797
5791 418
3516 7807
1069 1770
4002 5164
2155 5604
3232 7608
4537 1895
6285 933
2049 4177
8743 8510
6596 2981
5190 2524
8644 1340
5957 6708
3451 3240
5743 3049
2719 6577
4771 5253
5176 5632
6183 5951
3383 8785
6497 5523
7678 3905
6539 6553
4364 6981
2055 7769
5355 5903
3459 8781
2747 7553
6276 5137
1670 6300
2589 6542
4327 8902
2239 2153
6832 2604
2824 7655
7400 55
808 5452
1302 8782
8773 7323
3418 2854
6555 2820
8184 44
2562 3284
1922 8961
7720 6528
8959 4602
1513 7656
3905 6791
2688 7948
273 3602
644 7687
6355 2699
4577 6787
6431 2044
7911 1216
4139 2579
7158 8293
6898 7169
3235 3559
3338 5810
6765 6827
4602 3825
4244 7004
7577 410
849 6222
6788 4017
376 3967
3515 6755
2652 2893
8059 4961
8939 371
7085 5667
6306 5589
7276 811
2786 5443
8435 4883
3502 4825
5228 5037
832 2416
7811 7029
539 1186
2143 4927
1703 8724
5480 7358
3226 3862
1901 3634
6737 7169
2382 8969
5902 1952
582 5295
4747 7942
633 7858
7384 2719
2186 3167
4967 4296
8385 3083
3460 24
7964 5445
5305 5460
5841 8005
7623 6215
7344 6772
3654 7286
2234 6205
2021 5752
3919 7044
327 3392
2989 6001
531 7641
4620 8530
8107 7891
7892 4890
7709 924
1644 5447
5367 545
6458 502
5049 5346
8645 7965
1881 4383
7241 5847
7689 3802
8903 3529
1255 5038
8597 6003
7019 6636
116 654
8717 695
7938 6032
4476 7863
5138 3396
1038 7497
4317 3641
5071 7969
8912 6463
5644 1474
5909 857
1284 5649
4205 7601
1040 2922
3833 3358
2306 913
6042 3777
8558 3083
4245 1279
2330 7989
6367 3927
5575 5824
985 4679
3770 816
149 49
8360 2137
2158 2238
772 8647
1452 3104
1309 5611
4628 8359
5458 4121
4153 8696
6156 980
5184 5276
4130 4162
6353 5648
723 6947
1756 3999
2177 5335
4725 7709
5943 2378
6126 7903
2409 8403
8704 5852
3521 6411
5170 2425
3192 1273
6314 7577
3696 2313
3595 3977
2739 3591
220 2703
7580 7801
855 8969
5255 6308
6145 8211
3612 2422
7044 501
8044 4888
6453 1051
8365 1874
4163 7363
4599 2508
2087 2010
5521 8834
2130 7153
4117 1161
2081 4203
1843 3739
4537 5818
6678 7833
6627 5564
0 729
2659 6487
8999 2433
1562 2215
4512 7065
8342 1486
2478 6811
3063 6109
1653 1987
5997 4109
2189 7182
7462 176
3922 5946
517 2935
5766 26
7680 6767
2003 3228
4729 4013
535 2680
2913 1640
2281 1075
1060 3570
5714 1485
39 2182
8568 2466
4885 7603
2752 5840
4216 7794
7 8787
3041 3380
6074 8909
5060 6660
962 1137
881 4314
3809 160
5246 8694
4516 5367
8230 2822
7633 1634
6189 8004
5376 8899
5280 4482
3440 7622
1291 7184
4723 5580
3103 4291
3201 5977
317 6940
3299 2553
3919 47
4745 6836
1551 2112
5691 4171
1909 6547
4208 80
1912 7222
485 6782
3989 5984
5858 1673
4793 4644
1324 6110
2227 7254
8545 4312
1371 7966
3907 6982
3113 5949
4674 5164
1626 3061
8522 4924
493 3329
5338 3618
7578 5645
723 329
7927 7685
198 4720
6781 3665
5682 1984
4596 8178
4567 2192
3883 588
3658 5515
1258 7968
5088 8778
3074 8178
2746 738
457 3671
1281 296
3471 8349
7576 3234
5339 4259
2952 6414
8196 8928
7440 3901
2424 3614
4387 8357
5577 1246
1082 8548
6708 5778
113 8052
5895 893
8510 8635
8828 7633
1645 8599
6145 6683
1089 6396
5684 4516
1848 96
8797 5843
2926 8723
1365 812
1324 2322
1438 6754
2951 8835
1109 1396
1150 2456
5025 7177
4952 2449
3950 7564
5589 743
7730 4365
5213 7952
1379 5275
3869 6188
8579 7496
7882 7883
4742 7301
5828 1195
3960 8740
6184 8417
1858 6669
1320 2079
8663 2176
8714 2517
3089 999
670 3476
6657 4333
7239 7180
416 3334
6798 6568
8211 627
7687 3470
158 277
3514 4919
89 8339
255 373
3862 3628
7834 2744
309 1035
2160 2363
5500 7467
297 1409
1668 1390
6007 3092
8742 8465
6960 6105
7704 660
700 8532
8670 5889
7813 2937
8085 4180
2883 8926
4682 7231
956 3448
6471 3895
2787 6616
6620 7995
5243 8496
6204 2973
2155 1499
6385 8584
7679 521
8101 3519
198 8776
7594 1453
1380 3266
8902 6788
5122 4556
7313 3913
5278 3293
2220 5388
4319 5012
5498 1216
3556 2603
2490 3562
408 5817
5275 3321
3391 2735
7106 2421
7172 1431
3164 1846
3739 8373
4061 6811
5220 631
8214 5046
1954 4643
6559 1964
6610 1791
453 1381
406 7226
5376 1582
4274 1189
3567 5126
6205 5872
5352 3178
7434 425
8493 4583
8003 1035
6289 3562
5106 6728
1352 140
7427 1
2525 4090
3333 6748
6851 1773
393 7345
8716 7207
5172 847
76 5664
5007 2475
2960 2010
5406 837
5987 5509
7414 8859
6646 4905
3071 2952
7032 671
7345 366
8740 713
7287 2087
4678 6681
6540 5874
3984 4879
4843 5790
1836 569
2810 6031
4264 8175
6133 6188
1804 4485
2602 2768
6115 4966
628 4042
4670 5181
2303 6771
4520 1488
5804 6705
8790 2019
8173 7407
7131 8331
7139 503
3495 4841
532 1607
8325 8615
1327 1505
714 8256
6473 8017
8627 3054
3201 3887
875 2963
6181 4656
5579 5186
7060 2180
3202 2495
3068 3393
563 3275
2829 2732
3268 4066
8829 7006
7959 2299
413 42
