70 780 99
353 754 1
1404 465 2
179 1011 2
44 579 2
1674 349 2
1072 548 2
553 1337 2
1627 132 2
1076 1434 3
1548 1457 3
1453 796 3
401 1587 4
732 1900 4
1351 1244 5
1034 785 5
187 119 6
782 1536 7
786 544 7
827 149 8
1642 680 9
371 1137 9
1871 1274 10
1306 183 11
313 1854 12
432 404 13
1873 1638 14
1838 224 15
639 826 16
506 997 17
1948 891 18
566 79 19
896 1011 21
1030 1168 22
1209 887 23
1120 1714 25
1325 1944 26
1904 633 27
1556 1148 29
258 569 30
1852 1847 32
975 1917 33
710 1078 35
26 1419 37
79 1181 38
686 1706 40
1912 49 42
1870 1088 44
22 358 46
1257 623 48
849 1284 50
1010 209 51
1500 1735 54
17 870 56
1214 403 58
1692 889 60
215 1685 62
1331 1049 64
578 565 66
952 1666 69
1785 1486 71
11 118 73
416 187 76
1687 1792 78
327 1393 81
1529 1959 83
556 1927 86
1317 1775 89
1726 1949 91
607 285 94
1196 1287 97
21 1671
1368 1625
1680 1327
1535 286
1358 8
1776 739
962 69
777 872
564 1781
587 1509
1153 1052
1278 1503
174 1885
204 706
899 670
1943 310
316 22
1905 452
190 1491
1168 119
1697 1661
1960 1397
697 1306
155 333
697 15
1188 1904
1406 303
1570 983
1489 1273
1776 35
423 575
1368 917
208 1211
455 1256
1541 445
1002 921
738 1416
751 430
160 450
1561 1575
1446 1018
1618 532
105 1753
175 835
971 372
574 1097
1726 1187
73 220
1121 305
1165 1561
1481 23
415 1720
317 1232
692 729
1656 1438
639 444
432 1434
48 1936
1561 804
1743 530
257 293
1507 661
973 1403
414 1949
1385 621
1278 779
814 1811
351 977
491 297
1709 228
1040 1599
1286 1156
3 1835
472 4
1940 1010
1388 1493
31 1079
765 1637
886 543
1071 1832
265 1580
169 1321
459 758
220 12
893 1119
75 2
823 1194
1234 0
1536 178
362 1494
874 878
1837 823
906 1551
842 740
30 1265
1184 693
170 566
29 778
1173 232
1773 1011
1948 1829
1109 19
1409 1773
1363 108
1926 1563
1575 1817
616 1211
793 39
1278 529
993 294
304 155
1823 1340
1706 89
1852 1758
384 69
326 1704
1462 210
926 1233
1161 1420
60 947
1248 1609
1160 593
1405 1926
1801 1237
488 911
1867 900
1124 479
95 1470
1566 907
1825 122
761 189
998 1756
477 81
798 1086
440 1084
1100 1900
1082 191
1211 1141
634 1438
1791 591
1274 63
1710 1537
258 804
1839 1535
634 139
1688 815
231 1831
746 1247
948 490
674 576
939 219
516 1480
1338 1553
1863 725
1680 498
1814 1682
397 1321
551 1664
1338 1372
1126 1316
1132 1223
1329 419
1327 348
1714 1084
819 1740
485 1627
1855 1924
1333 260
239 492
1059 375
106 1252
1128 906
74 454
596 633
1728 1726
1581 1234
565 714
890 289
486 1741
1532 575
1633 1554
1769 468
1022 1473
1245 1333
154 1139
1950 115
660 670
384 319
666 244
1861 980
502 1846
1870 1425
500 162
1591 732
399 912
1910 1146
1225 471
1263 1399
1445 1334
96 1681
1378 192
1269 1885
629 750
139 673
652 1913
1691 995
272 1086
1327 1835
30 497
330 360
77 1333
590 899
227 630
1174 1
1102 1116
345 1950
321 430
1407 1867
1847 409
528 525
12 426
1188 536
918 593
1615 1614
780 929
839 1637
1270 900
51 723
492 1394
702 1169
1893 117
749 615
1720 1398
1624 1150
1582 60
1955 1487
920 927
1879 1369
434 348
1825 1055
1234 1706
1889 1488
1425 1192
668 1641
833 1887
155 1950
1689 1598
816 308
1940 717
1072 948
22 265
1146 1654
1059 687
774 987
1345 752
9 1329
1836 55
1565 678
1469 487
912 415
1939 545
242 407
834 560
632 1330
172 886
1222 577
459 535
669 301
1015 1339
604 1712
296 1916
1533 521
1028 1084
159 1810
719 91
858 370
1893 182
589 1396
694 1549
821 1689
1456 274
376 658
1952 772
1613 1703
278 878
108 1528
412 461
928 1486
992 443
737 384
940 1774
79 1017
896 95
482 848
1772 1647
1559 1631
952 1324
348 132
1131 1856
1 65
1160 372
1270 143
1115 393
796 1444
1401 1121
1295 1259
1784 1922
1934 1709
1547 1771
571 457
234 1939
261 48
941 1106
564 1833
87 1402
1368 1703
1342 1129
351 608
996 1693
1648 1856
991 128
721 1788
1772 1103
1314 1671
403 1004
546 304
1393 521
311 1751
966 1149
1619 1956
902 1648
616 1027
517 1133
1532 1679
771 1181
790 830
1317 52
234 1891
339 558
1173 1812
1242 806
235 1275
1461 1641
1127 1462
1090 1650
1382 1823
1265 214
1501 1341
1168 1707
1520 43
433 864
755 1758
1053 1556
548 603
135 272
1511 806
1584 170
1063 1729
1746 352
650 1072
940 713
474 462
1096 1350
1256 722
47 1801
987 1604
494 575
633 1509
1656 863
394 764
1482 1404
758 14
126 1319
108 914
595 1597
1538 114
1213 1537
946 963
1838 867
625 38
1492 586
1213 653
1851 1597
1250 1457
1377 715
688 1443
1475 1834
609 1076
1742 1300
454 1025
1 169
590 824
1584 484
1452 124
846 75
1172 1490
818 201
1912 1257
724 465
500 1920
1036 1959
424 690
1647 190
1492 1114
1481 536
371 1765
870 1212
1266 1813
1904 1610
1289 281
1320 719
779 1384
226 779
434 1222
1304 1609
1453 641
636 563
419 821
647 98
1565 1030
128 1647
489 1543
552 1224
43 71
1451 1882
364 933
6 227
1888 1681
1658 758
1053 1236
58 1486
311 1083
1733 437
1228 1210
960 1834
1421 610
1703 1363
1833 1131
1578 767
1027 483
757 699
662 1473
1777 824
1428 704
1118 1065
1809 707
1732 57
1070 1937
1699 1871
88 1057
1457 65
825 980
670 58
1916 1932
1346 1015
304 331
872 153
1352 1746
897 1046
916 1144
1414 1395
539 1036
1417 342
972 997
197 202
1421 543
1910 1791
944 1701
262 1632
642 1562
989 1098
834 886
1058 832
1171 459
483 809
27 1167
46 650
577 759
554 1578
808 87
1402 120
1407 1072
1593 248
620 361
193 424
1264 590
1485 255
1074 325
192 911
1403 744
1923 144
1863 614
55 290
1052 605
117 978
29 1472
1696 296
1184 1950
995 845
44 1877
237 230
1167 763
934 560
1724 152
398 374
785 738
779 148
1934 280
341 723
1822 386
1393 76
1173 330
683 823
837 432
1827 1570
1956 446
1880 1556
1587 1771
899 358
1838 1169
633 242
96 341
515 11
1151 284
1681 619
719 1393
681 1334
14 928
1791 1613
133 1885
155 27
732 675
405 599
1077 1032
702 345
156 780
922 807
1791 949
774 242
1690 1281
1243 1243
1900 1436
1288 639
1120 1768
1762 903
1129 231
1436 1228
289 851
38 23
162 629
921 1066
286 1767
96 579
540 1093
123 1436
74 1292
291 1724
123 1137
1179 169
569 1135
859 1713
1270 1928
1898 1060
1022 1541
1914 244
1023 517
932 653
1234 180
1309 862
429 744
1643 1756
65 35
1571 1489
1000 1411
665 864
1676 1621
1561 386
566 349
1194 779
359 1646
412 1752
626 866
564 521
1047 1694
158 89
1009 1055
1642 890
638 1243
1 832
1529 1133
983 1793
769 1259
600 81
1671 1666
1300 233
1100 1264
365 1597
1593 1919
181 1288
850 1178
387 1071
109 648
1181 1204
1397 246
810 1956
1928 813
608 465
1175 1319
1117 139
1060 724
1429 1856
1210 1316
1138 1893
82 149
881 1509
1474 962
1320 1718
738 799
1058 470
485 373
661 1221
118 552
74 1777
851 1612
1564 1297
1864 73
1293 929
757 470
1626 1773
1827 513
886 1800
564 234
1391 948
1906 1579
880 1547
1196 1115
1561 703
1304 1873
1739 1848
1456 336
742 826
1016 1831
1557 1893
26 1377
1023 134
788 520
1590 525
1390 355
1176 1032
1120 1831
1827 1887
1878 500
437 451
576 1223
1878 255
98 100
1923 1118
1130 1273
1738 238
1685 944
1422 729
692 802
518 1211
787 268
1794 102
1210 4
1364 1209
1212 834
988 210
1912 1757
1017 739
1273 947
1634 714
1700 457
1186 1572
306 1598
455 1230
385 1348
1721 1619
792 225
1658 943
865 1846
667 841
602 777
835 1118
942 605
1085 696
529 1341
678 502
1122 645
1049 1102
321 1497
664 484
242 261
1026 1202
1266 1103
1234 1640
158 1730
1554 505
1068 648
1882 558
1007 1306
618 1292
1220 986
1910 559
1512 1777
997 513
1263 1261
896 32
900 1362
1663 1884
1667 1372
680 358
142 1006
1041 731
1454 1937
766 1829
1745 602
843 220
847 1313
130 1628
1485 1320
1051 103
837 1479
1809 1631
1057 27
1816 1830
208 229
1484 1254
635 1922
787 392
1556 1844
1642 370
1233 1099
801 1517
1692 240
620 1941
1281 483
1593 197
238 1638
1418 182
1760 214
1542 1247
540 403
1651 310
1267 803
686 1361
592 1842
621 1412
539 718
591 1347
855 1560
547 1765
1606 1161
849 1035
688 1138
1853 1056
632 1764
1775 527
1473 519
868 831
1308 1220
1481 1146
542 1687
1850 341
1083 266
1565 1188
1613 175
1597 1021
966 1170
697 249
1372 172
1842 1100
627 1133
70 256
556 1062
1456 585
1026 1751
1591 1065
109 224
