150 7498 448
6990 3309 1
7158 4420 2
8809 2018 2
7023 1091 2
8988 7428 2
1219 1507 2
7616 339 2
4746 586 2
3566 5954 3
1649 8447 3
5016 4534 3
312 3720 4
209 637 4
6159 5722 5
7593 5600 5
11 6471 6
7214 7307 7
3157 1494 7
8059 1352 8
2252 4956 9
4549 3179 9
2597 8991 10
6007 231 11
8757 5419 12
1999 2655 13
4541 7355 14
6085 3719 15
1684 7134 16
6121 4686 17
8693 8707 18
5014 2197 19
1029 5582 21
3163 4933 22
2373 860 23
6095 2148 25
3611 235 26
8619 3767 27
6600 6593 29
4209 5168 30
263 8205 32
1430 3852 33
5670 8491 35
4174 1386 37
4402 8244 38
655 7295 40
106 5412 42
2727 6999 44
5784 7400 46
3478 7737 48
3368 3412 50
261 2556 51
7238 2367 54
8587 184 56
2101 6166 58
7097 8317 60
5059 6329 62
8024 2889 64
8979 991 66
7652 8987 69
2444 3532 71
3670 8759 73
3835 2602 76
2190 1784 78
1212 60 81
5530 1021 83
8814 6447 86
3809 4352 89
7669 6597 91
7936 8116 94
1063 4644 97
4941 8911 99
2582 8000 102
3022 2526 105
8195 4696 108
1008 3089 111
2164 18 114
56 4584 117
67 1548 120
1113 6441 123
3902 6712 126
8849 2930 129
5352 2927 133
721 8964 136
2933 4144 139
6422 8721 143
1193 2368 146
5524 5344 149
1562 744 153
6502 7656 156
7715 3783 160
6183 2870 163
6758 5089 167
6299 1214 171
46 8962 174
5254 7811 178
2692 5590 182
4335 5869 186
5395 3967 190
3043 724 194
1241 7729 198
5515 1743 201
1672 5278 206
709 1099 210
7938 2207 214
5738 6610 218
7875 7343 222
8227 5956 226
4295 8914 230
2323 4312 235
994 8338 239
6646 1730 243
7522 4962 248
25 7217 252
6843 274 257
2974 6207 261
3330 6950 266
4903 5525 271
1694 3221 275
1697 4559 280
4371 4123 285
6740 3936 289
6767 2723 294
4652 1728 299
7031 6077 304
5363 419 309
3079 8274 314
4088 3636 319
2609 2942 324
594 1768 329
3799 8201 334
2393 7480 339
8650 8124 345
2506 2249 350
8807 4791 355
4306 75 361
3608 829 366
1672 2075 371
5546 4736 377
2682 243 382
25 3153 388
7575 1753 393
5338 6969 399
5008 8385 405
2108 5600 410
3893 7231 416
2355 8508 422
580 6005 428
6382 8159 434
4617 2543 440
813 3842 446
6579 7108
326 7688
8930 4250
422 4982
69 5963
2421 6562
3133 8811
1357 8876
3669 4873
6037 736
4748 1115
1895 4024
8212 6629
3890 1870
5131 3507
8147 3373
1712 6541
5136 1418
4553 4736
7570 1150
5525 6063
8639 1513
8125 54
7372 3018
8927 5969
8353 7581
8477 2613
4655 6786
5959 8991
5766 2624
6297 6248
5880 4131
4135 7649
1845 7594
651 300
3352 5360
7226 3901
3560 3852
624 4347
8207 8511
7449 7922
8419 7114
6755 2196
5721 3189
207 42
3190 19
728 2387
1867 1269
3885 3112
4241 2837
2712 1743
2213 6956
1331 2787
1294 6942
3813 5590
7516 8523
7730 741
6973 5506
5941 8179
6961 679
128 2168
5509 8908
6518 5480
8190 926
3369 4292
8242 3917
6579 3154
1290 3399
1059 5103
65 8554
755 7855
4031 495
6985 7898
1632 125
1226 990
2931 3729
6491 4330
4380 2144
1126 1942
180 1105
4394 783
5256 5783
7543 6147
6867 4691
7541 2616
4021 897
5254 2555
6219 7319
3545 1378
441 6543
5188 36
7677 4243
6500 651
6420 4918
842 6894
1793 8055
7625 3316
3220 2065
6487 3532
1057 476
5084 845
7864 5914
3327 485
468 8624
1960 914
2781 1054
5757 5633
3575 2158
8849 7781
4816 3864
4548 5490
5899 5201
8387 1972
8186 487
2821 5230
4804 7659
4274 6266
5751 1481
2170 3073
7960 5161
1124 4275
2003 8900
2107 2215
8476 3211
8032 8841
3309 7339
8658 2324
3345 2674
3116 3092
6249 1557
7250 1512
2640 6223
6672 5882
2937 6699
5648 2313
2745 8403
8200 5537
2055 3685
30 2809
7229 6389
7241 8990
7854 6244
6110 8605
5880 5999
6891 8675
5725 3620
11 7941
7281 6861
7303 889
976 8763
4760 3517
8375 7914
2386 4641
730 3257
5295 6561
930 7519
2489 1366
3195 1114
7715 7616
4903 7091
7265 4744
5593 82
8603 6688
7302 2054
4138 4552
6043 6795
8810 448
8336 4333
347 2999
6587 1400
4666 1423
5994 1738
603 8316
3251 6418
8945 1438
7205 5105
8126 6934
6949 1579
2709 4588
7601 7061
1631 6836
7301 5815
312 6957
3394 8458
8701 1214
1267 7291
3903 4039
3165 7756
4282 6785
366 1393
4624 4326
74 310
1185 5918
8554 6294
8842 3967
4780 6006
5576 7141
4747 231
5652 7907
8379 4932
1572 4892
8586 7400
7327 410
6146 7793
6355 172
612 4688
2504 2665
5346 3251
3592 4593
1544 5696
3304 2374
4024 2207
7058 7604
319 3290
2962 7435
4266 7996
8441 5244
3783 3515
6386 1853
1860 1632
6579 7929
2701 7608
4769 5194
586 7581
628 2048
3497 3083
8038 1843
2177 8288
8994 1785
8947 3288
6869 8985
1013 7139
2493 8262
5843 521
2784 8719
5834 936
908 1538
3696 7941
1721 2555
6476 5212
3646 7501
7730 2958
7198 2716
2344 6036
7702 8717
283 4200
6931 6948
6641 8388
342 1885
7734 69
7847 5497
2394 8792
2517 5804
7955 347
2828 6452
7515 4647
8800 715
4521 7884
34 4128
2750 4329
4467 3473
6564 4692
5249 5194
6727 3647
1766 3660
2795 5904
5341 8308
6912 5778
2971 1756
5328 5517
1385 6156
8278 1562
542 3517
3620 6918
2035 5122
3926 5338
3977 8846
877 6231
5733 3906
1942 3339
3941 6352
2292 7949
2504 554
3782 1614
4147 2539
716 5642
5521 7457
8876 50
4820 2753
7866 4731
5010 6836
1335 4568
4755 8032
3036 5800
5401 6332
6974 6527
5586 4434
5116 4144
8601 576
1547 4327
2389 5565
7443 8790
6911 1840
3046 5469
6793 1218
5624 2943
4354 1688
4819 8617
1769 8832
47 7543
2736 3258
6155 3297
5951 7208
2223 6379
2094 7765
5 6815
1415 6467
5229 7295
1425 533
2024 221
4143 1963
8631 8440
7042 2125
2450 7184
3013 8521
459 5568
5363 2171
6437 3979
517 63
2292 2511
3907 5036
1422 3621
8199 2590
8344 3571
4487 257
1832 3044
880 860
1507 5957
6251 6889
7576 7427
680 2832
2555 5194
6664 7340
248 4430
2970 3430
4185 3189
8865 6983
6339 971
2211 1146
865 3622
4619 8320
1537 7514
5817 7741
1016 2541
8470 5916
565 2574
2987 2276
4886 3219
1737 6166
1645 1057
2153 541
988 8036
8909 2312
5032 7422
2997 368
7144 201
3640 6278
8608 4284
8902 3567
7261 7746
7188 5387
8983 585
7502 758
1377 8304
3355 6608
1422 7910
8582 7823
47 3782
7501 3542
399 7930
1243 8584
1625 3471
282 384
677 6707
2415 4003
5920 2837
3073 6987
3485 1816
1776 5040
7653 8148
6350 5906
2502 3221
3952 5820
1681 1826
6578 6864
8849 6671
2219 3281
880 6472
7051 4936
6990 7361
3497 8087
5317 4690
2093 4779
4702 7032
8143 7946
153 5675
5020 4879
8452 1743
8351 10
6853 7146
690 8069
7680 2115
4460 1273
2615 4145
4463 2878
3132 6656
4078 177
4869 6420
4940 1563
5445 4164
4151 8250
3854 2870
5084 3034
7886 3145
6709 4329
8778 3181
671 713
932 6683
4964 7843
2850 8917
3698 8482
8508 4729
6685 6200
4742 4991
3527 8965
24 800
5698 1182
5464 5086
3 8152
3461 6177
1141 3839
1014 2147
6078 6435
7845 4022
1397 1896
1883 7865
6805 8040
698 4932
2809 7308
258 8589
3992 8419
2799 4927
7987 3633
5732 4823
1981 5958
1907 4541
7098 884
7849 2647
3104 1281
1661 5525
3755 687
7228 3293
7930 1544
7723 7205
6021 4974
3543 5327
7243 645
3644 4140
7489 6742
458 825
4339 8622
7914 7160
4180 336
65 3452
5534 6894
3686 6726
541 6232
2299 6747
5172 6005
1556 1613
1896 6599
598 8797
5268 8939
5444 3509
4077 6198
4770 6634
5390 608
8441 971
8689 5684
8207 5185
7363 4403
6250 3928
7868 8962
1136 3626
6927 4137
3893 1253
3590 2824
5622 4062
2001 5765
1189 7950
7372 1782
7417 7317
6206 390
2883 222
461 7180
6788 3324
5873 2319
5663 1955
3582 5519
6077 2634
3806 1090
6392 4563
2122 3893
6203 6072
3809 2287
5738 276
2755 4003
8573 4006
2804 2135
6436 1576
8070 7497
7094 2521
5405 8559
2958 1172
5552 5786
6869 24
2587 2013
5154 266
7718 4606
3196 5605
1341 7570
4985 5869
1854 6336
3414 3591
8380 403
2852 4742
1253 662
3651 3215
1864 8395
6355 7158
7688 1439
6484 2590
3034 2711
3393 4883
4427 2697
5076 2475
8577 1872
8590 6990
3236 3920
8799 2448
3687 7690
950 4770
4342 4604
633 500
8351 2276
3993 7998
5210 8669
1485 2143
1827 1948
6023 7390
8398 5503
5647 8162
7002 2662
1888 2258
1028 5839
7832 5697
2883 3164
8826 5583
3951 712
1371 5815
5148 7980
3156 6015
6737 4104
5007 1895
7365 6534
827 8531
4320 934
3507 8684
7789 1632
4320 5655
1275 2100
364 6273
2015 1905
6289 7618
176 6219
3134 6176
6312 3376
8976 6530
6041 904
1371 2545
2130 2837
1376 1200
5119 7639
6835 6073
5821 5406
7965 4189
1728 2907
4867 4601
4192 4223
4993 1077
85 6668
3790 4586
4104 1162
6287 5576
4617 746
7148 6181
8702 3516
5436 1280
2996 7961
969 7718
7957 6458
8114 6441
8163 3595
2711 553
8449 726
4588 1960
3623 73
5568 2661
6695 2861
7678 927
3243 3588
4485 48
2012 7366
5816 1749
8064 6103
4910 2084
7411 4191
7230 4066
5333 2719
2226 1447
25 5169
6620 204
1017 8913
8821 1086
8813 3779
7202 1123
2911 8113
507 7388
7101 8151
23 8734
6040 6589
7119 1329
106 1910
888 1284
2183 8719
8994 7705
5872 8476
6681 7666
8774 4203
5855 7557
97 7713
8652 5025
1690 5776
4615 2127
3454 5700
493 4034
8534 5712
859 2737
2232 3553
4403 3316
1163 6668
5029 7271
3225 8929
4996 457
4088 5422
7278 8569
6323 485
6064 1175
6017 3486
1564 7959
7446 186
5890 3088
1318 5249
1181 2773
4024 2821
5129 8154
58 1247
2178 8931
2128 2474
8699 1666
8077 8332
4144 6460
328 5757
7062 81
2684 5341
4747 5659
5188 507
6927 8462
7068 3917
2326 2114
6190 4189
8105 4412
7538 4079
7891 8591
7366 8188
1475 7101
7617 6428
3387 3206
4425 6475
8871 5719
2695 7797
1857 7352
1691 8245
5249 727
5732 2165
2508 6375
1094 4429
5105 1628
171 3071
2593 7117
6851 1015
1998 8230
7725 5357
6556 5031
6338 3172
6573 52
6402 5732
6274 2986
3968 1642
5301 4924
804 8721
917 4979
5954 4476
1917 3724
3236 7921
5084 2639
7875 3522
6343 5256
7946 7560
2259 1609
327 8749
823 8343
2416 101
4508 4885
4935 3387
3764 2158
3250 2772
7857 2060
7131 4635
1733 407
7527 1387
735 1256
3142 3237
8248 7052
879 527
2134 6691
7371 2382
4730 896
6824 5286
8551 7221
7301 6093
6736 8178
7398 5682
5395 7842
6477 6182
4407 5282
8976 6890
5861 4346
3450 322
5575 807
7772 7884
6150 4411
945 7306
305 6068
744 6377
1170 5279
3650 1534
8580 6855
4036 3451
3485 2685
5518 4888
8369 8332
4119 8994
7438 8964
8553 5457
5583 4257
8454 7767
8941 5336
8857 7168
2473 5082
4100 5246
8460 3634
546 6954
2781 1903
5515 3624
2311 3884
2794 3869
8151 8906
5170 6904
6248 8528
6804 2384
8003 5310
60 7025
1826 5399
7378 5089
8753 7578
1266 2970
2109 5431
7720 5107
6444 3083
2578 1271
2239 1908
8790 3414
872 1673
7011 2864
2971 4488
3605 8155
4608 5222
8096 3082
3093 4405
5186 8446
5674 1718
1607 4105
5776 5265
8682 7279
2238 2351
4373 1978
590 5150
8240 159
4385 8471
1614 2982
1695 827
3382 2539
7178 3634
8049 4565
5608 3831
2703 8824
7166 1859
8479 7584
1956 4834
8337 6147
1798 7726
8926 8506
3316 5548
2857 6025
3678 3414
519 288
1131 6879
1591 7237
3763 8861
6606 1916
4969 5202
2221 7638
3021 4718
1005 3344
1496 2388
5722 4995
8730 6730
6636 5434
6900 5009
8102 1584
8215 5708
2298 2237
971 3932
4692 3666
8029 860
2225 5201
4871 1130
942 2050
330 6458
1464 6706
1262 1770
2976 85
8826 2569
3901 6072
7254 4225
7825 1304
470 5296
8626 8952
4748 78
7150 380
4902 8061
5438 824
5807 3274
1105 7366
8317 3054
2941 5665
4545 1614
7531 5965
4217 6090
6814 5455
2444 7348
6725 115
8064 2433
8137 2108
6332 7850
7371 3575
7304 7077
8773 7410
306 5538
2600 1697
1960 8716
4928 633
1678 6036
909 7933
3827 7970
179 1778
8619 2950
4665 2709
4879 1402
8063 7854
7172 3012
4386 7169
6082 6242
6871 3770
8728 5269
2668 8296
3796 2763
3079 4568
4631 8837
4881 302
8941 7273
4269 5053
6501 4823
5752 8234
4320 3447
8050 2627
8735 611
7526 2012
7050 4162
3655 7332
5805 8836
1557 8614
1206 4167
4469 4227
7086 550
456 1827
4820 7412
6578 3674
2990 2115
6314 6657
3487 8851
4284 3752
8247 1251
3149 3801
8818 2781
4467 4423
3569 2479
8790 6261
6276 2450
4171 7269
1955 6249
4155 6304
4009 314
2818 3017
681 2611
2054 4402
2117 712
3495 1227
5894 2134
1937 6487
5151 6404
778 2113
444 4295
8303 4805
6900 433
2263 8611
6294 4244
1763 7242
5558 537
7899 4456
2390 6952
7438 3424
919 5324
8915 6139
4548 6379
8050 7367
1107 352
3338 1531
8786 3637
3354 4475
6600 567
8651 4835
2890 486
7034 4450
2331 8317
5251 4299
664 7770
4162 1635
7708 2579
5494 8468
1883 3449
1789 5946
8189 7667
5299 1832
8610 1762
8318 4172
4520 5729
1783 4187
4004 1101
2926 597
2664 3869
4491 653
1914 3612
3669 4270
612 4830
3416 6483
21 3341
4385 6744
7073 4338
7050 751
8553 3879
5072 3399
3218 2226
8340 6576
8839 8891
5854 1177
6456 8342
7839 6545
6671 3075
1372 4305
5996 4118
8764 7090
5940 3373
3918 3639
2325 5283
6668 1230
355 3545
200 7947
845 2414
3933 2269
1809 2704
7102 5665
3825 594
1375 5969
1903 5158
1824 3824
5349 7460
4162 3908
7255 4887
6567 2231
8006 2036
2935 7204
2954 4264
7733 6969
7958 723
3949 2481
8873 4153
5349 1975
4781 7840
8638 2540
779 1418
6125 5997
3185 8074
719 3654
6278 2564
431 3773
2163 7909
5703 4695
2053 7094
4137 3328
3856 8803
3534 4842
3551 7972
2539 4817
7252 4485
7776 551
8283 647
4329 7643
7569 3212
1550 1952
598 174
5391 4281
4864 4121
7576 4296
6313 324
4325 4284
8359 8474
5192 8864
4753 3364
3866 6992
6372 8990
7951 3228
4687 7514
7833 8389
6953 3509
8559 8198
6252 3567
1495 8383
4384 8019
8260 4962
5607 2159
8031 8978
4388 4768
6595 4321
1713 7485
2610 7368
372 2389
5729 4166
6069 2026
5863 1567
5911 3943
6693 7972
2475 5502
8001 3336
530 8168
777 556
4715 8511
7967 3906
1099 7054
6212 8691
7001 8005
4663 5961
5110 6113
3775 5445
6595 743
258 862
5673 1556
5895 3776
4533 7474
5410 7712
2521 7035
7988 5542
2042 8598
7802 4210
2479 4284
1898 5671
2417 5336
4845 1920
4991 6643
401 1493
7324 4649
5800 121
2210 8468
7000 235
7472 3167
2176 5876
7151 6
7905 65
5468 6250
3283 3466
3074 6288
3586 3647
2674 2390
531 5029
6588 6700
3388 8610
6568 1268
6103 2752
3953 4921
826 6043
8744 8370
8958 776
5013 3742
8734 4637
5920 2002
7913 3710
6693 1100
4316 4453
3527 2046
8357 3902
4198 6651
5476 8636
8638 2003
2974 831
8615 7991
7079 5350
8275 8199
8955 2058
6230 1377
5438 4655
2912 8436
385 8875
4522 8725
6865 3036
5460 4503
5157 7530
7365 2673
5795 2249
5699 8637
865 3986
5588 310
1010 6022
7698 1770
3266 964
7774 2338
104 1031
3244 8828
250 5698
2256 6238
5289 1643
6593 5753
2209 5609
3266 1826
8578 957
3425 4017
8640 5550
3379 7521
6378 6865
1253 5840
61 8444
958 2795
3284 4651
3879 5705
5489 7556
2693 1015
842 7717
6129 7657
842 7324
1432 3501
1963 3862
3835 6413
6349 5099
7863 8248
5756 6286
7940 463
5038 1227
1510 390
6001 4229
427 5934
3110 817
7302 3704
1012 4067
6332 3692
2592 8775
3800 4125
7970 1064
5830 3502
7170 1659
457 3594
3434 8220
8801 5946
8715 1119
3807 6010
7228 2885
8764 1908
8850 3089
221 2298
3292 7108
2692 5986
4559 8025
4091 1273
7270 7449
8262 7198
7129 2319
7760 3211
5355 3038
4679 5813
7323 5561
5335 3660
5414 1818
1947 8089
166 8070
1436 3722
7094 4010
8089 1971
6216 2682
8406 8133
3985 1374
320 2229
130 7870
5726 7159
1424 5285
2748 7522
2993 7086
6569 2809
268 4729
6553 6276
6547 8278
1845 8905
3683 1193
1902 275
3044 6806
7655 1237
4280 1064
6557 8573
3174 6978
3815 6804
903 2286
6698 6674
6633 5206
757 5076
4244 4666
6628 7009
4540 7113
311 6745
6602 1613
1615 4776
4750 1023
6826 7899
6442 7501
8389 1849
208 6097
5133 365
163 7575
2794 5427
4925 2993
3312 2248
3360 2983
6266 6573
5029 942
3550 7100
8510 4208
8753 8464
6169 5301
7257 8219
7038 1860
7068 1618
4001 5597
6029 7255
3293 6520
4505 4013
4860 2909
3993 11
317 2648
4714 7303
6909 6422
1888 1514
3482 6579
317 5372
5539 5958
482 7571
4819 6506
5968 1922
8442 1577
7578 6250
2750 3455
6973 3684
4262 6922
1654 3100
6367 3509
7658 4852
5524 8788
5014 4979
4099 573
8485 4622
5046 7515
2891 2175
1309 3606
1893 4118
6768 210
5240 4411
7107 4743
781 2536
1058 1239
6435 2743
5976 7920
1986 2090
6737 6885
8340 1704
3172 7360
1775 1371
2726 7274
8473 1174
1417 7474
5393 2300
2107 1049
8912 4538
1029 6611
564 6801
3855 6632
1293 871
2469 1583
4175 2112
938 7087
7267 735
6441 6535
3980 173
7043 8921
8851 523
5208 3775
2677 4277
6691 4016
2641 6717
1681 7616
2045 2955
6794 6302
666 848
7496 1090
5639 3037
5112 2249
3472 5175
5221 1058
4953 8505
7393 8057
1689 7320
5895 6781
8336 7250
233 8384
6780 4728
5911 7821
7249 2598
2264 809
6036 8904
2120 3004
6800 3146
6249 6460
8428 8910
6384 847
8409 2455
7104 3087
3019 996
5871 7647
4283 511
6681 4913
6270 1061
8602 4099
4495 2070
6301 5419
1387 1792
8971 7944
5649 8837
5392 3419
3783 5210
8017 4422
5670 6749
8267 5840
7304 5961
8366 1167
4835 6310
8795 6103
5237 7631
8498 5184
1029 5023
6028 5192
5343 2490
4061 8696
2226 2012
2458 3033
6031 4770
468 3949
3641 5583
6723 492
1908 7054
1293 8223
6299 5732
8387 6930
7703 5651
7103 5022
4413 8789
3361 4391
1761 8448
2934 4411
4608 7227
7412 8369
4815 4380
8425 3543
3243 8736
251 7114
2173 4167
8658 383
820 3189
2814 1402
2828 2483
7276 8738
4958 7153
7800 2492
4862 2615
7095 7731
5604 6965
2541 3373
8661 7781
1148 5048
5051 8582
7162 5548
6184 7899
1039 1647
2670 2031
2648 5052
856 7159
1169 7117
4576 3957
3399 6045
340 7286
2196 7373
3250 1696
6622 4418
3385 71
2047 6320
5876 6260
6254 7959
3155 3404
7353 1502
8952 1968
1266 5385
3977 7913
2863 354
5000 2095
1341 6785
3391 7089
6108 3920
3942 2953
1977 6
4964 6284
887 2118
3682 5103
4809 3689
6846 2778
1714 737
6886 5487
3430 774
5787 4299
3057 3960
4772 2829
6893 6285
1304 512
2216 3767
8311 3785
6045 2931
1844 8805
7100 5938
8863 7913
990 341
1266 4020
467 5842
5489 7145
2488 4066
2927 6976
4458 8067
715 4077
7074 6264
8819 4267
5650 3143
5332 8894
2582 1354
4518 4315
4919 1205
7948 3829
8734 5518
1668 7777
168 7298
1692 8764
4191 8875
4283 6138
7656 2413
440 2589
7305 6488
1265 4216
2112 8056
3512 4339
2771 4209
6818 1615
7912 2764
6219 549
6271 6347
761 5388
4032 8123
2449 749
6234 4740
5276 1173
2110 7507
6410 1184
4501 8429
8500 6141
7838 700
6292 4492
8837 1622
7669 7028
3304 7469
1859 828
5140 2987
5034 3246
5241 1394
8645 3441
1649 2901
2792 5564
4508 7966
6993 1184
8599 2090
6437 7700
5977 5570
8551 7619
2575 8418
7599 4669
4455 5517
3432 2835
6033 5892
6336 1614
3871 8163
3472 7440
4452 4509
5162 1768
130 3133
85 4301
1546 8540
7616 2754
5315 831
3919 7522
8060 3672
7618 3575
2145 5998
3282 8392
6811 8373
3851 849
8134 6279
768 7562
612 5655
7338 2286
1031 6773
4877 2223
3795 4838
2185 2972
4206 2209
662 6916
315 7901
8273 2776
6774 3838
1489 1657
5081 2133
5876 5482
8699 7528
3398 3808
1905 5775
3050 5972
3958 4802
7596 75
1781 2488
5036 6523
8985 4202
241 8465
7426 6858
7194 2019
3148 136
4875 903
5639 5173
6191 7692
3088 7357
3608 3288
6007 6340
4394 6221
933 7781
7386 7841
7707 6481
4772 3592
6437 7837
8233 8768
5254 7068
6450 6910
4430 7884
6818 1699
5533 3282
4603 5139
3968 1488
7931 1944
7979 5407
1496 5248
4304 1841
8578 7541
7830 8818
3161 5840
3866 224
2423 1959
4800 3424
6273 3474
722 7323
5570 2750
3481 504
5732 1375
7109 8436
646 7366
6073 569
1172 1322
8994 8795
5290 3333
3548 357
8019 3019
2703 5148
4084 4389
6028 8308
1233 4414
4273 8163
8942 8708
4389 5599
8952 4121
6669 5673
7571 7169
4111 4322
2832 1518
8273 1907
3239 6805
7981 1404
6279 2890
7270 2246
4352 5379
4770 1893
7123 2415
1068 7755
8855 300
4863 135
6511 7151
4816 5933
1474 2257
891 5985
7429 1599
1891 4900
6609 7789
2842 3298
986 4911
5082 1049
5651 2059
1965 3505
296 1646
4588 892
4325 4064
5803 6208
4051 4265
2194 2215
4532 5626
1866 6089
5033 4150
3572 5700
8657 107
4927 3493
8446 1276
1408 8963
5038 240
6821 8304
6137 6690
4205 8596
2124 8782
7586 7616
5971 559
4352 6092
8147 7607
3221 4390
4092 5096
745 3138
6937 2263
1191 8290
2986 1988
7805 442
4143 4669
6108 5096
7690 6761
8295 426
8511 2770
4067 5492
8489 8046
6701 4759
7842 1020
1663 468
8690 992
3611 8578
4453 4820
618 3374
4909 2324
411 14
4192 6857
574 2221
196 2793
8733 1412
3463 188
6715 2128
3028 881
7015 6899
4334 7777
2894 6160
3918 8961
490 3065
5458 1193
2277 4600
814 1002
3055 251
8557 8518
7124 2967
7811 3454
6724 7085
1683 3309
1242 1
7040 464
6792 3766
181 1599
8027 5024
2606 1555
2169 7827
3130 5120
3460 1518
2809 4858
2171 7537
4498 6872
1845 192
1479 870
167 6619
6365 3309
2197 450
6244 5913
4676 6570
1367 18
5927 7428
262 1307
2544 8060
5573 1709
7846 6790
3568 1245
5724 1114
3391 5422
817 1628
2214 4235
6092 7307
3953 5450
7666 8333
5886 8363
6142 730
1303 2423
7936 538
429 2456
3622 2415
7228 4398
8495 8368
1523 5007
4299 5273
6940 8749
1309 4135
8747 3999
3244 5004
7106 6034
6959 2054
8350 6826
2997 8822
458 8133
1393 8132
7536 6634
1677 8979
819 4368
1188 3582
4059 7796
6303 2812
175 1982
6932 45
1723 5338
8087 707
3282 5382
6425 553
5572 8879
341 2168
4673 4000
3717 4023
1846 8506
5818 6988
1502 2587
3580 1547
6750 8101
929 5928
4095 1045
5492 283
4346 1253
5173 3908
678 4272
787 7088
2601 3214
3007 7671
2575 701
5855 7098
8255 4624
5190 6127
3362 7633
4766 1644
1732 7685
7113 3583
7069 3660
4679 3597
732 1375
4960 2693
6164 2717
3050 3126
672 3995
6746 3045
5646 3970
4433 6086
1271 2351
902 1176
4404 639
6268 4882
957 5096
3101 2134
2851 8556
835 5667
8445 4126
6873 522
962 5462
2355 2991
2742 139
1481 8313
8975 6096
155 2496
5175 5874
4642 5711
4574 1680
1647 6121
2400 571
6190 294
3311 4332
1689 982
6272 7026
8264 954
5186 3541
3431 7962
5326 5378
5878 4208
4535 3708
926 7394
4488 3250
3150 8524
7407 781
6750 4824
3189 6380
7518 5061
4783 8951
442 3302
2608 7249
6421 8547
3245 600
3076 7212
886 1757
2725 1193
5675 1242
2923 6559
4957 7722
6414 7068
6430 8067
1916 4356
989 127
1164 4722
5709 5588
1793 4375
3385 2620
8846 6314
1585 5635
3694 4975
7513 662
524 991
2810 7039
608 8537
2372 6355
2655 7524
3574 468
4046 3524
2281 1153
1625 8880
6572 4106
389 622
5468 1487
2254 5742
6562 1154
1927 2618
3531 5227
4337 3532
8820 1237
4125 6034
1769 2830
3886 8735
8000 8256
5083 1792
8565 8459
5234 5026
1653 1991
2997 4101
1435 7774
3696 104
7173 2089
3789 2962
7923 8668
7871 6360
1939 6681
3590 2905
8343 6466
677 3827
3588 5286
1169 6407
4638 8570
3009 7774
7416 267
4629 8484
6757 4174
3197 4013
5848 6383
681 3093
7617 8229
3691 6154
490 2433
2758 6490
5508 2134
1782 7845
2843 2254
7762 1516
5274 8552
6629 4827
2188 6542
5428 5529
3871 3178
6697 5817
2959 2999
3063 6056
7 7299
84 1131
490 6725
1626 7383
8339 6326
3505 3834
8568 1345
4082 6788
7644 6809
535 4322
6580 127
4597 4949
2894 1278
1675 6213
3710 3176
6497 6609
6168 5479
2153 1337
8650 1435
2966 3074
4521 7715
6725 6139
7965 235
4393 2205
390 7148
2527 8331
2686 8026
1407 4424
1960 6095
1207 6816
714 2236
5265 411
88 1420
1776 344
4144 2465
1792 550
2725 952
7273 7938
3332 6838
8880 5058
8489 6993
2444 2831
5772 1248
1224 2892
1865 4788
4222 5387
4068 7421
6054 5132
3878 3274
4081 6130
7251 4968
20 3592
2505 7414
2591 3797
8624 260
3713 11
7260 2826
3794 8290
1718 1406
4191 406
5939 218
6702 3144
8815 3585
4816 3527
7264 5596
6030 2109
8869 8637
3038 1860
6820 8715
2924 2652
6406 5234
6264 5112
8745 7822
6994 6221
3346 3351
1113 4517
7565 4902
5816 7989
6752 6517
3856 4504
2014 6991
8756 5821
2113 8575
3152 6913
266 579
796 5844
5452 8830
5222 1797
1813 3178
3251 2957
2777 6853
6350 5682
623 555
5910 2390
5348 491
4391 4376
8713 5764
8488 6473
7774 5175
4153 5827
1770 1309
2918 6372
6959 7652
1915 7115
8197 5406
6711 4234
6397 6019
6629 4197
8043 3111
1441 2959
2564 1815
2265 931
4528 384
3581 5392
4391 5511
5138 4694
3903 8097
3504 994
939 4873
3272 8544
103 2103
1420 1476
7987 8783
6961 8106
6910 3227
6352 4301
4323 2084
4841 5734
7588 6973
6083 8976
6493 6690
4597 2664
4326 4371
7377 8893
4133 8501
6778 6109
4483 1338
6207 7028
1135 5180
7904 8002
4125 1696
2502 6939
6118 8397
1793 1697
6587 5410
8694 6169
6234 5696
8713 7109
7942 3769
2803 1975
4064 2535
2984 649
5415 3586
6348 3561
473 5118
1431 1315
2705 1546
8249 5487
4018 3245
5000 6040
3042 5063
7856 4264
1011 1949
307 4642
8002 3219
1634 8089
8500 0
5405 1764
4331 7702
6728 7260
1919 1470
7538 6800
949 3209
8548 7957
4843 5473
7942 3960
1720 5661
4712 1587
6164 6480
5327 214
7805 7838
1328 5408
5602 5319
6274 1687
2488 1840
8226 3155
8772 3953
2841 8152
971 6772
2323 3292
2162 4368
6289 7765
605 8403
3500 6017
3551 8307
1918 6541
8640 7563
6474 4754
4121 7972
829 353
1533 6688
1644 4495
8110 4325
4547 8122
7676 3222
2547 5064
1600 885
8531 161
1187 5132
8407 4298
866 5845
1223 6554
2980 8263
6846 837
4126 7225
652 5908
7541 6863
4545 5906
6973 3115
535 1372
6603 2648
2760 578
2470 2886
245 7833
6698 3248
7868 6720
6366 1437
1594 2803
2459 2076
5988 7769
5699 4503
1799 2768
1672 1580
7191 4359
8956 7789
5219 2382
4151 2357
7078 4248
1863 5512
4331 6427
1774 2063
4263 6005
8135 5003
3400 1034
8294 7887
3492 2920
4073 1984
8632 5608
853 5760
6839 4281
7568 2433
4757 6409
1486 5053
7775 6451
775 8553
1029 7911
6972 510
3803 6553
929 5416
6922 2791
4427 7381
6413 1322
7383 306
8001 7767
136 8546
5516 630
1180 1644
2973 8059
4224 5744
6885 2462
1407 6080
3315 5654
5875 969
302 7035
3986 6715
1702 4953
6488 315
5177 683
2923 3596
3530 3431
1478 3109
1577 2256
4185 2426
6506 4241
2966 5823
8238 4555
653 6378
5126 4467
502 6900
7684 1634
4236 8035
3750 4413
3947 4146
3740 4570
72 61
2496 6
6366 7253
4725 1521
7015 7261
4348 4011
3388 8977
7541 1856
8597 6372
4089 6384
1981 4257
2368 2425
5406 2986
61 3500
4240 2486
8921 4819
2386 6813
2218 197
3969 5060
5767 5150
1416 8780
2468 454
8989 3739
1337 8998
5265 8483
6671 2785
4318 5967
2987 1445
8435 7702
4730 5362
4461 8928
8742 1046
417 7343
6577 3409
5728 6201
2919 5234
7353 528
2648 2993
1274 1017
1981 6196
7723 7916
3678 3854
6488 8261
8863 8059
3163 1406
4124 2166
4630 1632
3012 8589
6470 205
5909 145
6349 4728
4149 1098
5382 2021
1684 2762
5737 8084
8334 2933
4246 4291
4722 965
5726 7395
1807 4662
6398 6269
5106 8415
8825 5860
2029 6014
8994 5713
1353 4430
7403 2098
3197 6764
765 5139
4262 6437
3294 4183
2873 7713
8103 1652
4209 6478
3970 3463
1192 404
5099 7466
820 5943
4561 6210
439 3133
444 5447
318 3480
208 3035
1241 1572
4802 1608
8444 6911
810 8254
3392 8752
3610 8710
1539 2152
3158 1022
5149 1683
2076 2399
3892 5301
4161 2063
3607 3542
6379 2407
5611 8504
7939 1251
5855 6160
5935 8817
4102 6541
4481 8289
4604 6255
5817 8359
3674 1386
7721 2879
1554 4374
5025 4741
8708 6123
508 3655
4194 2607
3460 2079
6924 6617
1307 3738
3458 7835
5189 1444
4652 3115
8394 3504
7035 7912
644 4039
6869 4053
6497 800
8561 4279
5132 2344
2230 4395
6891 4444
6405 4043
2997 6756
1909 7279
4116 7696
3567 8766
8939 706
5379 1178
683 3333
7340 2750
8286 3269
8478 4386
2699 2957
2106 4924
5957 5836
2052 4846
3147 445
8617 6470
3632 6798
7613 8527
2475 4120
1171 1927
3727 3608
4751 154
6637 4645
7753 2653
4709 3915
1708 5145
2207 8005
8769 330
4111 4874
5298 4438
698 5586
4332 183
2573 3109
7121 4539
7308 2110
2935 4212
8386 3041
3122 4226
6590 5836
2575 2976
2290 8226
4455 3179
5532 5288
3202 3360
882 2605
6346 3994
8030 8636
6521 8814
1328 8375
6402 4841
3435 2516
8274 5387
3969 4732
6212 5136
3300 3552
5556 2225
8803 3361
2849 7016
2631 5195
5569 1001
4606 4036
1577 1793
8 8432
4442 7168
4921 6537
7325 3618
1817 1828
5556 3787
6719 8832
6888 1433
4529 5435
7664 1853
3798 5066
2851 7245
6493 97
473 8916
1485 5433
543 1627
6983 4421
2341 8616
7804 4733
839 486
2596 2670
4061 6320
5752 2351
3470 5964
7241 4649
1711 1787
8814 4365
7987 5252
5594 1869
5984 1786
7178 7990
6437 917
8082 7134
5409 8455
4732 4458
4894 7917
5117 6582
8196 6051
2456 6766
1821 1765
6226 1677
6601 3053
7791 7301
6077 1813
4148 970
3892 7696
3467 8794
517 6770
797 79
1909 8561
7370 1904
8277 1472
1080 914
8689 705
4407 1682
5016 2385
5733 5934
7242 4597
6658 2920
7386 4058
6232 5034
7547 7250
373 8820
3396 8415
8107 7316
1329 3823
4270 1013
5128 5921
2812 2625
3422 1697
8997 3464
6203 3658
8540 7775
4356 6962
1254 375
2637 1193
1493 6913
6683 6582
1199 3501
2893 8042
1785 181
911 8124
4905 5236
3675 5929
1628 1689
6098 7873
7297 5263
501 2283
4915 5712
3053 5393
3829 275
2474 4629
340 3818
1570 3647
4594 7046
7443 5534
633 6780
5753 6814
2193 5047
4416 3643
800 6881
5156 1231
3724 4528
4452 437
8364 1278
2913 8524
790 2775
3575 4776
2328 2068
2639 2905
8637 1841
5837 8661
8808 7617
3191 7236
5602 6203
1920 4269
4673 3300
3598 7427
7723 3131
5104 6655
2381 2025
3225 2610
3165 7470
3794 4000
5999 2079
3946 6135
8087 5113
3225 5062
3711 1491
530 2863
3047 1460
6866 6209
4658 6608
5736 5509
7751 8610
8275 2029
5177 8534
3617 3393
2000 564
5265 6064
2018 6596
1934 4140
1784 7019
864 8092
8914 4654
4278 8619
2052 3262
6008 8045
425 7640
5144 899
550 2260
7276 8900
3944 5754
5551 4927
8911 120
4173 938
1714 8188
1012 6336
5267 5932
4412 7511
5328 2223
1722 8129
2087 417
2335 7339
3376 1390
5586 5477
7208 5620
3095 6352
5032 8336
1661 2850
1473 5782
4033 3043
2158 4248
3693 998
3552 6755
4140 3662
6550 715
3144 1275
3206 8868
4410 1419
3916 3701
3305 1343
1246 460
1395 7004
7798 5943
7309 6173
3646 927
1605 242
5660 7544
2775 8004
8898 2719
6763 1269
5820 5817
454 3685
1777 5100
5139 1920
7601 258
3775 51
4116 2278
2685 1992
6672 1426
8015 1090
708 6452
6425 3919
7483 8327
2116 6538
1384 6232
1595 6506
7513 3944
6895 1733
2234 1569
2094 7244
3188 2756
4825 1093
4682 1769
4724 6781
776 7751
8138 2412
7795 5852
429 102
28 3691
861 5557
6468 4035
2727 1914
1157 3184
5568 3568
1011 1719
8888 5906
1515 4082
4477 3674
6921 5331
2994 3486
192 2210
7564 8386
5794 8215
5656 1054
8222 695
12 3401
5085 6004
5927 6004
4547 742
7390 1863
8602 2203
3656 8873
7473 3445
8539 4482
4970 7408
7436 4709
5083 8107
6745 3444
170 1529
5332 4851
5412 6717
1114 3310
7453 3291
8936 1164
1022 3691
2961 6508
731 806
1041 1498
1133 7002
5676 3813
5999 5754
2179 3209
6021 293
5036 4364
7661 6340
190 3300
2511 5102
7367 5374
4046 3655
207 2138
5500 22
1131 535
1201 7255
3198 5090
6757 5943
379 3075
8224 2907
3368 2762
6654 2323
3449 5459
1302 7342
8837 5366
7474 3688
5161 5720
5667 5394
7272 8686
1846 5942
8257 911
8688 3084
7187 6946
5335 1578
983 8803
6477 2149
8142 2824
6922 2917
767 2036
7787 4098
379 4725
1112 200
8522 2087
720 3903
758 3596
1622 2523
1915 2049
4897 7556
5610 8402
8955 6810
4238 3192
7585 7762
1053 5810
757 1062
4096 1550
469 7922
4962 8772
3492 6719
600 8473
5167 8115
8134 4186
349 1112
7918 7621
1793 920
8663 2850
3957 4249
8383 3969
3324 1098
8909 986
8453 3756
1042 8309
5139 3308
8650 2814
7825 1597
617 8964
3845 5227
3837 7463
3465 7894
1274 4426
6725 1680
2021 3974
6008 459
8919 3009
6622 990
2340 1208
1236 3410
2285 7758
8823 1385
1716 8032
2730 4133
6709 8061
6401 5827
364 6400
1268 2576
8861 5174
4496 4812
5347 8143
4437 5437
5215 1863
7848 8191
4251 8799
4150 8096
7602 4523
7674 147
7224 7795
7394 444
7938 3632
2035 8646
1857 3
6082 1967
1002 2895
2169 289
8845 3033
6949 1275
1291 2
2104 3207
189 8821
5352 5090
8122 8717
4325 1473
8908 8733
8823 3720
8258 223
1475 8594
3572 8605
3946 3178
2492 4168
7781 6029
4410 361
7970 3520
4402 2640
4799 1738
7016 6584
1092 2968
2347 5996
7582 3748
3734 1721
6471 7044
642 2298
5256 8385
5279 8106
7888 2329
5556 5149
6745 2779
499 6549
1667 7010
2340 1701
5501 1835
4732 2804
7315 7608
785 1978
7397 5801
1185 5334
427 1860
7288 4554
2027 4331
6010 3679
7282 5653
4830 8763
6575 7755
4871 1244
3942 3425
7830 2140
2819 7431
2514 2161
5597 5623
4496 5551
3606 587
5444 8141
5286 2196
4753 8156
2026 3492
2870 8716
4247 826
3422 5513
922 2585
7238 7380
6529 6724
3760 1442
6959 4822
1436 7087
2144 7466
325 51
4439 813
1559 3280
7275 5370
5401 7449
7194 1724
7653 3974
1081 3531
3981 6076
8368 1581
90 6516
6783 4961
4076 7608
460 6204
8671 5991
1820 4054
5536 2793
8534 1522
5242 3660
7270 7575
8890 8102
8254 7676
2346 6326
4460 8449
5453 7767
1612 5045
2995 1543
6007 4641
5544 8246
6592 7247
5350 6035
7687 402
5295 1464
7118 2728
1070 7840
5366 7360
6071 8926
4837 7769
8440 5693
8664 7898
4768 7435
6196 5727
563 5663
115 2908
4468 6405
1349 478
1062 3878
355 4342
383 2071
6548 2505
3201 4190
7056 5235
4792 5409
8587 8127
275 8132
590 898
2350 8026
8430 7337
5071 5952
1849 1672
5243 4091
8 2448
7733 1403
8551 511
3932 7409
1431 6118
8290 6958
4606 5433
2973 8980
2948 392
5091 638
8359 3193
8604 6724
2748 4544
4037 1405
1120 5414
1128 604
5998 2834
2414 6893
4108 3468
6677 5716
7514 6202
408 3803
6766 3115
6779 102
8967 1195
610 4583
4316 2788
1874 2132
7356 8223
4686 4637
3952 8583
1185 753
2597 7173
7483 596
1106 3968
7045 8596
7236 2688
5853 4593
770 3904
8626 313
980 8851
5407 8970
7492 5452
5248 8594
792 1683
5196 1025
2284 6448
609 3640
2720 5560
2463 4859
1593 1572
1800 5543
8378 7464
4615 1284
1952 3418
1014 2815
764 4766
3002 1487
3178 3308
5667 2408
1285 6734
2921 6915
3418 4911
3283 7788
4756 1829
1022 7464
8089 6961
8936 3368
8976 735
295 3946
5607 8855
881 7322
333 3433
6130 5222
7328 4015
4298 7420
3260 7837
4515 6340
6862 7292
8034 3240
1760 973
1832 7893
2481 6058
7543 8912
395 3192
5934 1132
7757 694
4350 2125
6153 6871
2456 567
3543 4101
5567 8492
3060 3587
8550 7163
2942 1251
6001 6759
848 4076
3568 6078
2665 7167
2005 1433
6848 6241
7 6150
8995 124
4746 6506
7632 1966
234 3320
56 7475
5666 1284
5417 2407
5715 4297
5463 2238
5861 8830
3218 2547
683 2250
7298 8836
8779 7283
5608 150
5651 7501
7752 7054
4621 5527
3899 3468
2122 8539
3101 617
2857 3913
8230 3217
1007 920
1825 6960
3634 1591
2874 3947
1648 6193
4414 708
2401 7006
5536 6467
7673 1981
5233 1164
7561 2990
4974 1606
1727 569
1218 2716
8643 4442
4235 2654
698 2797
5035 8232
5995 1562
6241 8240
4211 1431
1363 3187
724 2895
3065 8611
3225 2021
5352 4672
6639 4375
983 7219
4903 3814
4960 8627
8710 183
5453 3216
5626 2448
8447 3378
4975 3350
6368 2294
3556 13
8837 4700
8846 5632
4993 7825
5307 7146
3052 3210
5487 4088
6917 7093
994 1272
8178 2070
6763 38
4577 3825
4027 4578
459 5886
2381 4186
4167 8795
3233 847
4870 4767
3362 6743
6469 4282
4884 502
6078 6472
8128 5646
4813 8091
4658 3382
1366 4852
2046 1450
329 2364
2378 2172
6402 2470
7685 1579
1518 2446
3888 5425
3957 6771
4794 6076
2196 3521
5900 7925
3293 8782
2538 1474
7015 98
399 6395
7746 3802
8729 3863
5149 8404
3418 6541
8357 6204
54 5190
8922 5603
5701 3660
7382 7747
2603 1218
7097 5143
1536 7187
3877 6888
264 4033
6955 1401
2231 8943
1999 8393
6603 7415
391 4401
8694 2879
1728 691
8158 5845
3352 986
7653 624
8718 2477
7883 6812
3232 1396
2262 3099
2033 8361
2996 4375
1575 2661
5688 2246
7922 2954
7112 6971
8169 1027
7402 3492
7940 7436
6595 5450
4841 8420
3024 2069
2908 997
3732 5188
1914 8003
6607 2219
5705 2745
5497 2949
8143 1305
2962 327
7444 2793
6909 5907
3594 2130
6432 1535
4281 1438
2391 4970
4536 4556
3712 8169
6540 292
5040 673
2974 5637
3511 1368
4623 3099
542 8464
3324 6589
6397 7804
5219 244
5701 2574
8437 6159
2975 2616
835 1198
2452 8385
5072 4092
1266 2004
3463 4318
4176 8486
7545 2164
4066 5604
6894 2718
4312 4094
4938 1776
5661 6260
7586 3663
2241 6136
6565 931
2956 3264
1020 4167
2956 1814
7930 4805
5957 3755
8663 7666
90 3623
7593 3785
1830 531
1414 6024
5464 73
873 2538
7635 578
2483 1090
5227 6724
3524 5093
6073 8071
8371 5988
967 554
4151 8189
4415 1928
7122 7033
7616 4019
3781 6145
3674 8244
8021 923
5827 8110
1149 3287
7444 1321
3476 1706
2901 3369
3555 5810
705 8295
8970 31
2042 7897
4 4627
3368 194
8491 6433
2455 105
4843 6553
3446 4834
6379 5197
738 7978
5431 599
617 7172
7501 6125
990 416
3215 4881
694 5554
183 3156
2679 4050
8895 3339
1020 2869
8133 3337
6353 3612
1307 6762
5364 6820
3254 3052
2671 6856
1681 1411
8101 3407
7795 8143
8333 691
6741 3153
4645 7050
771 8273
2043 8841
6834 613
7484 4749
8203 7544
6768 2541
8464 609
8490 3889
6649 2145
8683 8928
5474 4694
5099 2759
8051 4678
801 1830
2151 8562
3163 7714
6648 6156
5129 7442
129 7673
7600 2645
6105 8490
7862 5536
4461 1450
8597 3486
8331 8934
5111 1587
4319 1187
2353 7417
4669 481
5419 6254
1057 3475
8317 1126
8914 237
4848 681
2322 4716
7560 1982
7692 3025
4223 997
3916 829
216 8018
792 4755
1690 302
8299 8341
631 6957
2289 4534
3571 8408
756 8582
7900 259
8495 6017
5165 2946
201 6503
3801 3374
685 1142
7307 5
4071 4142
328 778
353 3783
5941 1416
8355 3703
5081 2209
5085 583
7079 1945
3740 1418
3584 2045
4726 5456
6109 273
5570 4162
7871 7795
1380 6539
5167 2913
6893 5730
5370 7862
8378 3669
1803 7199
1654 8733
4876 7132
5846 7004
3393 8264
2802 7872
5836 5174
5306 4179
3204 795
1689 5121
4374 3921
3707 3645
8936 8642
977 7932
556 3193
6743 7890
2220 7228
3403 2477
4249 2719
5334 6444
3095 772
6273 7475
8323 6383
6891 7481
4664 6065
5126 3135
749 8632
4825 2480
1427 7271
2089 837
6350 8559
1917 8354
8036 4242
4047 2681
3164 6265
39 6325
6311 8065
2923 560
2830 8021
4241 8541
3139 2236
5483 7414
4404 6985
6778 724
7112 534
1889 4328
6512 2287
3407 6237
492 7622
704 8626
6437 1401
7212 3108
4434 5699
4377 6667
2020 1097
8902 34
4434 35
4550 7596
4483 6055
101 8304
7165 5358
8261 8108
6305 4518
454 2561
2009 1226
3153 1628
8020 4288
5424 4222
1166 670
3266 1732
7605 1210
7216 187
8138 3857
7112 1527
5692 1646
4971 2232
3373 7022
30 4767
4560 2712
2931 1181
3883 325
6963 6676
3543 7176
2804 8434
4963 4831
7651 538
6056 7826
5017 1680
4856 3
3084 3132
1326 1381
8175 3660
76 6761
1793 8241
1321 3395
3932 2745
2892 427
8281 2507
8583 3358
8212 8201
3798 8330
7092 8071
6444 8161
2105 3460
4285 6492
3496 1642
4458 3310
4800 3771
4175 3458
6716 4841
6756 4578
5072 5579
5535 862
1637 1382
7831 8067
726 4733
575 52
5568 7810
4041 1318
1723 2155
1441 498
2809 56
2797 1028
3732 5474
7546 5518
8505 1718
892 4079
897 6177
3819 1274
4766 2436
1812 3071
496 4710
1203 1234
7577 7715
5254 6604
2889 1946
8873 5353
3329 415
5220 5235
4935 5889
8599 3863
406 3043
5906 4453
8551 4380
4945 5916
4656 3887
1110 1652
2360 1959
1173 2675
7394 8229
5175 7315
882 2039
5115 3784
718 3947
1476 1240
216 7228
3579 3258
6055 8720
5035 1701
7622 4453
384 8912
2757 7762
944 8665
3804 2049
5568 2909
2884 4762
8017 5341
520 1541
8711 4372
6585 3915
4087 2438
8799 5977
5984 2112
446 3850
3957 7798
8610 2713
3455 1772
7561 3529
277 1394
5844 1095
1255 7461
3739 4729
4063 938
8861 377
4565 3865
5606 7690
6464 3686
1761 4896
2537 6547
3421 2454
3773 2197
364 2250
3904 2629
5068 666
4292 7212
7614 427
2644 2765
5191 8156
948 8853
5117 3685
1762 4649
5911 3879
2564 8580
742 7641
8662 1187
1307 4708
4147 138
6543 605
8926 5719
1105 2491
7104 1058
8851 3564
4898 3126
4791 4306
4592 5319
3869 8435
3213 7649
7895 2097
6975 8877
8621 7943
6342 3640
4011 2028
8589 2790
7431 8724
1106 947
5905 6326
294 8277
8517 2477
2153 1850
3619 4085
2013 6901
7958 7026
1769 7469
2840 4892
4340 2169
7931 1373
2998 2387
846 2622
8099 5209
8145 1011
4314 4637
292 3212
1871 7544
3597 717
4172 1732
740 66
7585 918
8830 4775
6048 1647
307 7998
7699 1742
3210 4754
1512 4736
5633 2795
7491 912
3965 7473
7119 3842
7435 6620
348 3279
5280 5983
2579 4102
827 2509
8861 6514
6859 6112
6559 4463
8983 5142
816 8978
2780 4516
7168 8831
7514 4737
4685 1137
4093 2876
6452 7986
5773 6877
2115 464
78 4405
8234 8349
2102 6941
1953 2130
2182 8109
8922 1262
8 8557
6856 4126
2578 6225
2447 6605
6392 8850
7506 8035
7047 4289
2817 7567
7535 1185
1153 5846
8697 1833
5186 8221
7525 1092
3127 6027
2088 2017
5998 966
3833 1784
2368 4583
2094 7691
7794 3270
5712 2979
2346 3243
1156 198
5203 4112
5273 8351
1123 3498
6207 610
2996 6948
1336 1750
7593 789
6783 2695
1996 8795
6374 6738
4549 947
3820 2327
3845 4176
2235 571
7041 1726
46 2966
5403 149
3230 4318
2287 4440
4971 4130
6795 3264
7352 5744
8802 1921
5208 1521
8622 8918
4186 7586
5264 8177
1857 1072
8914 4408
7899 6032
643 5266
26 6882
5804 5875
7375 1033
3798 6209
1146 3224
5182 8476
2010 6716
1479 7449
1882 6421
727 3799
574 1576
448 7667
3653 4801
2227 7878
3189 4708
4067 4853
7345 2984
7068 1887
6010 667
7017 7209
2587 5304
8157 5318
2428 7748
7601 5134
6219 8579
2613 1876
1735 7572
1783 4963
2692 6830
5599 6549
5948 5936
4230 1717
1577 6854
7036 8761
5808 1641
7050 4651
8726 1851
1663 7547
6368 4668
8683 928
4662 8839
7321 8654
6939 2612
1174 5365
4691 6245
3698 4493
485 2661
8678 3434
6449 7119
18 6714
2774 5965
8760 1159
6882 2433
3658 341
4761 192
2369 5765
3960 1247
6791 3198
2335 6064
6155 4345
6176 4628
6014 7458
2721 2380
6664 5595
7868 5597
1512 6507
7477 2918
3947 3299
4549 5964
4701 6641
5037 4458
4932 4959
2766 7015
4241 1642
6559 407
2584 2896
3898 87
6191 6360
7731 6402
4183 2894
1662 4364
3538 6983
4502 776
2053 6850
8751 688
4290 2667
4262 1678
4462 4124
6623 8619
7341 650
5686 5530
7072 5967
1929 2203
7188 46
5959 6087
4621 2445
1340 203
7444 1621
4283 5572
8103 8057
6944 7677
8643 3680
8735 1802
4324 2307
4267 4561
1786 2112
7597 153
930 2926
1655 7298
875 6733
3422 599
4400 688
3497 3235
2107 947
4043 847
7639 2606
6198 7416
7307 4219
5535 4478
2166 3559
1705 606
2126 6193
2325 1643
3659 5124
7864 3980
3250 3878
8047 2106
78 7298
5911 7568
3278 753
5209 3313
8486 2894
7166 6492
7578 2091
2991 4595
1241 111
7679 5942
7197 4686
3613 5722
3561 514
3940 6643
8407 275
5571 5504
6302 2921
3397 7601
474 3518
5132 7072
714 6379
5622 1725
4620 4280
1217 4998
5990 4969
7659 4056
7960 7724
2144 5096
669 1119
993 1855
8770 7322
8466 1617
7833 2073
3919 252
1362 3398
369 228
4276 4257
4678 8697
7195 8816
4167 2739
5845 2643
1169 7781
4574 7109
6244 5642
5426 1520
5610 5236
4523 8583
2989 2964
3542 7551
55 4486
76 202
5242 2046
6800 3525
8139 896
479 107
8176 332
1536 3992
5140 6293
7883 5843
4822 7349
3621 1724
5224 618
8254 1862
1729 2192
7138 7308
806 6671
942 7676
5305 5321
1404 5517
4263 958
8883 8763
1221 1137
4083 4274
7672 8661
6222 1880
7590 7550
3403 4438
2084 7804
1063 5163
7958 2832
60 6727
2269 7405
8903 7503
8241 7445
5736 3822
7331 4053
1765 4857
3281 157
1832 8771
8387 1318
7228 5574
4304 7845
169 5481
5775 4354
3953 6619
7535 3395
6686 1025
6292 274
3969 3006
5875 8547
6580 6813
7915 4412
2559 1392
4012 2547
3375 8398
8704 5728
4322 3084
2572 4264
3276 8910
8532 6123
7323 323
6041 7681
4903 4795
1664 1742
4937 5274
1248 4777
5219 7392
8963 4891
8072 4273
6831 8811
265 3613
1321 8309
5818 4655
2346 1539
4997 2161
6405 5033
8645 3268
7907 5205
3451 457
5012 5960
6808 18
4075 5655
255 1161
223 7863
1191 7454
2640 4277
4147 2854
4687 7621
1467 8823
535 7999
5249 917
6639 7579
1995 332
8313 391
8552 4151
690 4370
7216 8440
5333 5931
5844 6722
8088 8187
34 8676
1915 2996
3297 1197
8868 3523
3131 2073
7470 2692
885 4864
4355 8725
697 7186
7965 5843
5221 7851
1078 4725
2574 2524
7468 3942
8742 7857
4459 629
1206 4743
2238 1992
4767 7893
6340 1424
6485 4854
3071 2040
6654 1659
6646 633
486 2885
2544 4986
6586 6939
7688 3505
4574 5993
3784 3089
4148 6565
5029 8088
3358 1131
241 5466
8305 6106
5628 3573
4836 4762
8882 3763
6546 3618
7383 4114
883 1130
4935 3603
7597 2440
4092 3963
5937 5299
2370 7726
5445 5037
8932 883
4462 3911
2033 943
1676 7044
8583 6125
4553 3818
4585 5451
6544 1676
3052 226
8725 8342
102 1310
5012 3278
1733 8506
7705 2912
2486 4706
1179 2586
7216 2825
6118 6886
7920 3381
8261 3301
7011 1498
536 3154
8604 2902
4050 4350
6321 6463
8971 8344
1099 8581
8948 2882
1620 5976
4032 817
8706 5457
6323 5107
5956 290
7691 7435
1583 5247
4702 1028
921 7862
8084 513
1047 4454
2390 5840
6676 8644
7859 4081
5333 3969
7516 5828
1481 7274
4815 8729
2592 4511
1256 7782
3804 4971
3141 3756
389 8424
3158 2694
8320 1638
8123 2744
8418 6639
6554 4919
4646 1503
871 8560
10 1344
2189 947
8064 3628
325 6013
6985 864
5143 4123
438 7914
6335 4927
3730 1078
3419 4068
1698 7449
2429 2913
5387 3773
4818 6960
731 152
835 3966
2504 6486
7638 6245
668 6561
7007 5858
8435 6823
5273 285
3500 6400
8026 3286
756 2718
460 286
6930 4839
1941 2304
8448 3080
4561 3707
2567 2432
4090 8974
7588 2364
8446 8220
7202 5978
4378 1331
5907 6532
2084 5779
8089 7683
1662 3658
4641 4001
4808 4441
1582 1858
2825 1272
5518 4089
4131 121
3708 2626
4911 3869
399 4803
7001 2884
568 8401
3336 7099
8035 6453
7947 5420
8343 878
7906 5005
1015 187
8239 8189
4317 4771
1524 1000
6505 1362
8144 4442
2699 2579
3735 7281
4600 2296
2626 4023
7867 6105
4865 864
5375 5578
4558 2490
2986 3293
752 853
8364 3306
4713 620
3289 973
4638 7880
7042 8499
1044 5387
4096 2983
6401 8421
4663 1868
6892 2599
1881 3137
8022 5238
8971 2263
5478 7949
7005 1329
7978 3551
4350 4630
8412 4714
7336 373
6962 4359
7523 1789
5911 314
7888 6553
4156 334
8571 3257
5678 5186
6521 588
6888 4524
3430 8963
5660 6932
6941 6853
4185 4793
5557 5624
5336 168
5889 4912
1338 1182
5137 7870
2725 8096
5371 938
3445 6543
8372 6062
2468 937
1957 6709
8242 403
5331 5085
8466 2593
7403 7177
1854 767
2902 2385
695 2762
1894 4142
5005 7712
5621 2894
6520 6815
6206 4012
4559 8573
6078 5873
614 4225
1235 2533
8568 1111
5639 1470
5257 7955
582 1013
4378 734
8854 3904
3627 48
8561 2826
2564 2258
8602 927
7997 8875
5729 6946
4311 4865
752 6874
239 5344
7932 5553
6328 6568
2310 4390
8009 201
7074 4587
2177 5071
1950 3306
2140 7833
7751 7027
2627 6972
6301 6428
6763 3959
1865 7126
8029 2758
2741 1969
5193 3288
4200 6035
5044 4039
5763 5886
1669 318
5991 7464
3431 5673
1331 3728
3264 7121
6494 7581
8405 2510
5491 1274
1317 1148
2419 5855
8914 7897
1267 5348
2408 6509
1665 5912
1917 7192
4732 8608
6581 5080
8737 7267
485 1090
8359 6342
1670 3962
2438 4750
790 1851
8410 2537
3088 974
1797 8000
1858 468
4469 5408
5799 8744
4253 4490
6819 7995
4080 6655
189 3509
630 2486
7756 4507
8290 6478
2793 1472
5016 6750
1244 888
183 242
5867 5627
5196 2773
6081 2838
4433 3809
3213 1738
1178 7659
972 3221
973 5512
871 980
5023 6085
6567 5900
2335 7453
640 5018
4478 5874
6973 2168
4214 17
1477 342
6378 7041
8570 6934
1394 6429
4503 7419
4428 3605
5314 3006
7476 6087
2649 7857
1218 8428
6961 6253
6205 8973
8367 3814
8673 3486
919 6824
1421 7811
8447 11
5676 6361
5489 6952
1726 6965
6966 4858
4537 3009
749 1930
7929 6362
5009 8900
7061 5800
8154 6881
2025 3187
7112 839
1991 5876
1920 4242
6234 2986
6322 7706
836 1588
6028 8952
1030 8520
5687 595
5823 8318
1008 2692
7785 6500
1965 4984
401 8197
6412 3799
2010 8517
3313 79
2228 4666
3019 5136
4013 2801
8697 8185
313 6833
7166 5758
1555 2412
8868 8837
152 6598
4763 3491
7114 7812
1230 6998
2634 143
2978 2374
2428 3295
2216 1310
8082 5022
2907 206
4987 8191
7474 4567
5287 6786
1064 8724
8574 5745
4366 8840
7403 867
7897 5788
7407 6841
4705 2576
1091 7796
1004 8255
414 408
4824 5613
986 5620
6936 5592
5700 172
2581 8793
7450 8114
4407 845
3310 1779
4089 8406
8643 401
3999 1868
7632 2231
8909 6507
2471 1191
7000 4489
4050 6079
2426 2173
7376 455
24 1220
1208 6668
2343 5250
4161 3347
2510 1004
8978 5783
8454 2162
6252 4240
5043 3012
6622 3770
3789 3681
3819 5195
5743 1244
7143 6389
4378 422
2501 981
7405 4395
1633 2660
3843 6058
7308 5353
2198 3865
1600 6529
3441 3074
6841 5707
3264 5758
1124 4928
4950 2825
3839 1688
4213 5227
2013 1545
932 6194
689 6881
729 1828
4547 7081
3552 7078
5988 6558
1310 6327
3187 8145
3881 4256
4485 8684
735 5030
6208 3850
4931 8163
2049 8445
6153 4386
840 7389
6161 1922
3122 1781
2253 4872
7323 3070
2736 1267
2502 1438
4482 5291
2003 8625
1457 337
8074 5664
723 7077
799 5719
429 8000
527 6609
5243 4118
7303 3253
1795 5919
6047 6757
8128 4587
3784 554
7982 1191
844 1365
5728 3038
1487 721
5481 6503
350 6256
4226 6359
8106 6179
6812 8231
3665 2295
2668 7729
6959 3385
7597 5681
6214 7965
7173 8863
8386 8063
338 7022
7243 5923
1153 5752
3147 7920
6428 4458
6928 3462
5315 4992
6207 6827
3386 1739
3085 6116
3381 7175
5523 4018
6826 2001
6619 1046
3705 4443
5030 553
6761 8419
3067 7063
2688 669
3838 5696
4714 1900
8065 6941
7104 6418
1650 3421
4829 3187
8984 5763
7537 6297
401 5365
7001 7291
2741 5260
7842 3219
7983 3300
6210 724
1806 7300
7565 3927
7577 6727
1446 5889
4662 5191
3296 8104
4457 1306
388 8494
6244 4424
8543 870
2711 5414
3772 8644
6521 6862
4533 1294
3588 6849
3598 4163
7183 2900
4976 2971
3747 380
7121 8845
534 5379
1181 960
3818 7086
6887 3160
1656 5614
7180 2415
556 6978
288 427
5234 2745
4333 2467
4370 1870
4521 4495
4630 3141
5038 3665
733 6854
7097 7062
4776 5119
4715 4334
5990 2344
3045 473
4441 3141
8071 8688
2067 8993
1906 1551
636 3859
7003 3191
4744 6638
3244 7125
971 2560
7928 7177
4872 7360
710 6137
6466 1485
762 3773
5799 5506
4435 4883
3378 4323
7910 7703
2993 4893
6163 5240
7242 4154
2959 4592
74 8994
232 1471
573 3495
8904 1358
5289 8746
4369 3186
852 8909
213 875
5714 3693
3145 7579
2673 1541
3688 2591
3844 4249
8003 6651
5878 8333
6886 1992
8462 2844
7807 2190
8696 2209
2861 8739
1839 5683
1336 8205
6306 3297
917 2816
6169 1588
5209 736
3465 7497
8112 7787
442 2695
1714 8653
317 3783
1364 5993
4615 3848
5476 431
2734 3050
3199 4609
8827 4203
469 2381
6035 8405
1225 2863
4400 4978
5532 6035
1440 3116
8178 5407
6176 7490
1383 7604
4877 7988
7148 817
6086 1324
5513 2333
498 262
7371 2534
8411 8976
620 2867
3803 7052
8273 926
2628 1804
138 2302
761 7
3168 8611
6518 4296
3248 7412
6833 8218
6660 7588
8617 6768
416 6652
1810 8980
3574 5037
7651 5912
2550 8031
1168 7570
1266 8696
7265 132
3225 6649
154 2167
7453 2521
1926 4857
3126 7433
4406 6063
411 980
2925 938
5147 8158
8917 1159
7109 8349
1869 1296
664 5302
3520 4677
7982 7469
4868 8910
1746 4795
7470 1646
3334 5981
6386 8383
6256 7907
4546 5271
214 4773
4989 1678
2999 6610
2399 4765
5838 5132
937 39
5972 7497
2346 4220
1030 737
5361 7636
6030 6477
2864 8451
2363 5862
6026 2205
1055 7621
8912 7011
3301 1051
119 7625
860 1260
7937 2611
831 38
8677 3207
1558 6518
4842 8480
7608 8180
7413 5325
2787 550
94 5441
6323 3189
1746 7165
2991 5228
2627 8780
4130 960
7176 1191
5542 914
1195 5984
1928 8520
5319 6900
7996 4715
1451 3648
6492 295
2207 8831
1109 5908
3592 3935
3367 1492
3410 4543
8563 1443
2552 8903
3823 5499
5266 1066
2788 4096
3906 7646
7178 6461
8472 4017
2786 2794
1786 4797
3277 3935
1531 3560
8667 7527
372 4554
8704 6083
8646 4281
6531 5910
7575 6637
5389 966
2300 3612
3843 1268
8671 1643
2962 4549
1362 3974
1474 3598
4324 639
6037 4226
2684 4075
5400 8412
1705 5608
1866 6754
6100 3376
7162 8360
2582 4147
124 2837
5532 3918
4376 7693
6328 388
3230 1560
4793 5443
3333 3274
1941 7542
3918 2508
3447 6353
5978 8722
378 1078
4054 8227
7172 1782
1537 4483
6044 3126
321 8234
4751 4292
2458 188
6159 3996
7691 2186
6523 1712
4735 5933
384 269
3811 5910
6765 8513
4200 5669
3029 4142
5283 2871
3458 5212
1516 5458
3050 6484
3934 2096
6568 6755
8106 7173
7489 409
6086 294
2045 5452
1187 5298
1799 4543
4440 4339
6271 2913
2012 8868
2987 6138
4466 2193
5167 455
6636 8704
1586 7131
1228 8955
2131 3602
4411 6494
508 2110
5230 8661
2781 3640
934 7020
3879 7382
1155 4921
7848 7413
7534 8879
4357 2290
7329 7297
2434 5347
6432 1855
7074 7444
8849 7960
2397 4684
8554 5372
7387 7367
3820 5380
4140 7509
6818 7712
96 414
8253 3195
4685 521
6259 3592
8529 3326
3615 5435
8621 8061
4606 248
7137 5951
8201 6500
7277 2729
5232 5892
406 4051
5893 7422
3236 6700
7499 6145
1894 2456
1438 1888
7305 2251
6415 1745
955 8190
4192 4018
2229 3650
5680 5849
3888 820
1695 1576
5230 96
8291 3774
8025 3706
6200 8621
7376 4025
3481 5881
5970 3014
7616 1025
7565 7681
8509 3563
4242 4689
4439 1061
4134 1725
4430 7315
8945 1635
1727 7156
4783 6554
2252 8269
3724 5915
697 1405
5383 13
7205 3868
8790 8605
8960 6111
2796 3814
7598 6488
6416 8318
4879 7811
648 467
6911 7162
6063 8276
116 661
7110 1037
6515 1880
1707 4641
4518 1027
3692 4312
161 5530
4269 6596
3464 6787
293 7011
6808 795
6076 634
8474 2509
2897 3179
2537 3870
320 3691
8120 6530
5865 7152
67 4095
5517 1466
4041 3597
3631 1683
6219 8262
7794 3912
7953 6749
4804 2736
5071 726
6074 4705
2065 685
8208 7774
2624 2553
4632 3978
1611 3807
2774 1596
2820 2839
8703 6843
3776 1954
5194 432
2955 8621
6734 7423
4989 6875
3318 4603
4808 3901
7362 3620
1291 7870
6209 1390
7776 6744
5216 5017
5988 501
1699 6590
8694 8639
8932 2113
559 7987
6097 225
6778 5026
2834 3264
156 7312
7623 5485
8438 5117
2357 5653
5288 2792
8755 4375
2717 3551
1198 3152
939 6266
8897 1098
2052 3894
3419 8548
5784 5717
885 6268
2965 3636
3621 1549
6371 1682
8209 4442
481 8807
634 8792
2477 2907
7731 5723
1808 3152
187 859
6934 6889
6558 6405
7807 5030
5692 5997
7596 2198
898 1797
5494 5494
6426 1712
7663 4913
2026 4716
4579 1788
8745 7630
933 8
2409 1343
1046 6936
281 898
7706 6625
2067 1467
4910 1830
4493 1874
2335 7282
7157 3303
5471 2208
7212 6227
6020 6669
4203 4347
5465 1336
6863 4176
8812 1601
286 779
5074 352
6206 2271
6167 6850
8540 4193
3569 1398
2780 3083
1440 1284
8456 2144
8386 2612
5165 4305
4499 4771
4519 780
2062 2126
5306 2184
631 3755
7288 3848
5557 4256
3222 7037
7551 2138
3057 6243
293 5197
4357 2506
8096 2413
5401 722
5661 2248
1897 740
3304 2966
4576 8218
2322 311
8051 8647
3128 8491
5918 4722
1353 2514
1922 3575
5963 8111
6130 3094
6942 8706
7976 8990
1289 8979
199 3768
6753 4719
7500 4083
2459 2384
2042 1556
2474 7523
3831 1436
276 682
6857 7462
2198 4878
11 2662
5448 3862
32 8655
473 4281
2214 1815
4482 616
5716 3208
4360 3971
4541 7921
4061 1525
2844 935
708 4422
5379 8347
6831 8012
8049 4148
4280 1975
1428 3185
2884 6015
1554 8342
855 3583
3737 5649
5457 1475
6940 5339
6262 5575
4453 2450
3212 3894
2793 2824
4683 8044
3843 6743
4837 4928
2178 7972
3310 1432
7284 7330
2080 8847
690 8783
8017 758
2115 1784
126 2769
7928 4923
8327 5681
1254 6929
1361 5424
7144 8132
4821 1353
2337 5766
470 360
614 5588
2258 5247
4194 4816
6533 7521
2835 3328
7751 7468
8380 5095
1129 4472
4670 7491
56 537
7836 2634
2075 3222
4059 3058
2790 2532
6572 6375
397 86
7509 8802
892 2771
5392 8130
3400 86
6624 8082
3348 2715
6107 7048
6476 552
846 1658
3051 1170
4683 4413
7221 7659
4279 108
6708 809
3553 399
3336 513
8090 1567
1201 6464
5847 4195
1231 836
8553 4406
4442 5147
5008 5561
4011 3981
8593 2609
3543 2635
5729 1172
2897 2427
7031 3827
670 5755
8541 8400
7753 3273
6436 8881
8758 7223
8872 3199
6483 2110
6636 3021
4310 5932
2680 630
7130 8715
236 400
1410 7165
7246 2991
259 278
7833 3495
7285 1878
6103 2793
4404 3075
2478 2601
7726 8546
984 5259
1912 2449
6160 5943
1004 878
8563 5234
1290 6559
7795 321
3955 2983
2748 5246
384 3641
3912 4340
6072 9
3249 3509
926 3784
8960 8997
1125 4637
3362 6436
4239 2751
7688 1359
8830 4305
2014 3441
3394 7405
6301 3546
5933 4549
1065 6782
5427 7179
8436 781
8189 8240
8504 7644
5093 6033
95 7811
3366 5594
5872 328
1475 5685
1821 8563
8666 6808
8471 2369
5429 4491
551 4608
1269 4718
1198 5410
8618 1104
4437 7350
3662 5621
2475 195
1547 1335
399 5735
3288 3749
2478 3803
7969 694
3021 7975
3465 1832
1381 3753
7038 8385
3589 1438
5668 4661
5260 3651
7236 4118
8788 574
8521 1299
7950 7117
1499 7252
6601 8770
3432 205
2726 3686
3481 7099
6374 4848
2016 5906
7078 421
8570 8219
2658 7072
7110 5601
277 23
5082 8129
3387 1075
8903 687
8030 6475
3046 2994
7149 6615
5566 1304
993 2811
2577 7973
5889 8955
1668 6576
1591 4454
7517 6521
5644 7026
5345 1114
487 4778
4928 376
3331 1373
3007 8610
7962 5908
1246 2212
3602 3524
84 1858
4936 4577
6159 5751
4915 4025
2705 272
1378 6437
7563 5589
8046 8070
5666 4978
2209 906
4949 2990
4234 6500
356 5876
5469 3027
7924 3934
6747 7985
8363 6246
4724 8886
7329 4882
367 7867
7347 1812
3574 5090
1531 594
779 2391
5277 2649
2635 7791
8703 1090
1713 7260
8731 7911
2572 1511
7209 3526
3960 1396
6375 5376
5066 8738
5947 2728
8658 827
7673 3013
6052 417
1758 5989
1313 4826
6920 4744
8999 2394
5377 1007
7657 7420
7261 3679
1304 7545
3028 8532
6829 3020
4913 8328
1661 7435
7040 6047
4125 339
8227 2080
8737 1520
4270 8122
4764 1085
3943 5311
2077 8045
1357 8472
5806 5035
313 933
4224 4473
4831 5308
5180 4178
7558 7135
1376 3068
6611 6261
6260 8308
156 1914
3121 6950
7235 716
921 222
683 3773
4254 4823
1459 2203
557 7135
7917 915
4386 3168
7946 409
5604 2418
3604 2807
8268 4350
1992 6562
3240 5097
1016 4687
893 1669
573 4410
6464 4366
1778 144
5679 2556
2851 8191
7893 1451
395 2604
1659 1409
8660 1924
2562 708
5413 6470
5700 2682
4076 3688
7735 7333
5324 8185
2436 5363
109 3026
1727 8351
4930 4326
1137 4026
7469 5077
3200 8726
3307 385
5369 8043
8788 3673
8689 6383
221 5549
6280 8102
636 2462
4791 2188
2566 5708
2269 3373
7615 7706
775 6569
4471 4298
834 3126
3203 5467
5226 6343
7761 757
3759 3434
591 5653
7254 5292
6961 6776
7965 7777
5243 5633
7401 7019
6173 6272
7722 4662
2173 5296
8561 691
6642 1369
3247 8907
212 696
2080 5044
8473 4103
6848 6639
759 778
1443 7122
6082 2411
255 1401
3738 1797
5908 6586
3174 7820
4 3860
745 7799
0 4707
3315 748
6024 5036
712 5809
5181 2242
8088 160
7348 2627
2770 2304
2162 4832
2492 4591
731 7178
5871 6240
1485 2746
5002 6668
6473 2218
5133 1292
6648 6748
8700 1736
6915 1802
3946 7886
5233 3361
810 4999
1136 8565
491 8763
8752 6698
2397 4324
5002 809
4211 921
6951 8624
3070 8649
1529 909
5397 8605
305 2034
7853 3127
4201 4789
3348 963
1826 5654
2130 4951
8083 8873
7513 5144
3801 7948
5337 472
8143 1266
5682 6097
1890 8937
8792 6014
5792 3310
1869 1561
3469 6772
1297 437
4404 3466
6851 4726
1462 6351
6913 4282
3580 1930
6594 884
644 4324
2457 5164
1120 929
4311 1701
4772 1986
4345 1944
8619 1032
16 4545
4314 8001
2128 5913
6214 8805
6801 6887
592 3320
2374 6608
3860 2482
8055 4330
2913 7012
8587 3878
7329 1292
3777 5576
5611 5473
8923 4031
4259 4790
6482 7850
8248 2325
4346 6591
2218 736
7586 5166
6136 7040
7019 268
1950 1605
8217 6650
4989 5607
8047 8992
1153 3882
8505 1319
8489 7851
5374 7620
8424 7187
1942 6638
8387 6592
4356 7820
1273 8070
6880 7120
5190 2585
679 7424
6153 5375
5492 997
8820 1405
7673 6102
7499 2946
1364 8731
6592 5334
866 2246
713 8877
3567 5485
214 7502
6432 6160
2284 6939
490 7386
7452 3334
7982 4956
1566 1691
4015 3611
6019 8797
4259 889
3474 8909
5622 1429
6087 1842
3288 1903
4886 1757
4113 4166
5738 8930
4799 2337
2674 5651
4348 4300
5791 4196
6533 1953
7950 3385
317 2673
3625 2303
4853 1150
2851 3709
4370 2049
3101 6421
8483 8309
8761 2313
1504 5073
6941 877
2359 4701
3828 6487
2728 5790
7581 6007
1797 3738
4396 5132
898 1510
5407 3771
1861 4988
2590 6052
7898 5095
5430 2477
3665 7838
1163 5055
7961 6637
3515 1469
2340 6630
7410 7494
3330 6544
4716 3558
2783 2931
1040 2428
2585 6486
8728 3777
7785 8039
5318 3879
8511 1740
3752 1870
3734 8300
5759 2112
3860 2371
6893 5090
8279 2411
4698 1442
4918 3690
3014 4058
7965 2847
1093 7597
1334 2229
7362 6563
1098 8674
8794 8446
241 6401
3168 6617
5813 3981
4947 8310
7864 7002
6291 3115
7232 8839
1028 1770
1483 8947
2093 1206
1794 2210
6246 3516
4480 8759
8032 6328
2543 3688
5233 5152
960 2047
948 6757
7200 5464
2001 7716
4635 1129
3810 7492
1591 2819
8202 4992
6668 8798
747 683
7337 1703
7513 4253
3278 3314
5433 3720
4227 5534
286 4324
5515 2798
2761 4859
4264 409
7329 3293
6850 5382
6486 6717
8960 4165
3316 3249
4990 697
3416 6719
7529 3011
6622 6027
843 8879
204 6788
5237 3402
961 4991
7807 3102
2879 95
1553 7373
6300 5585
3256 519
3122 946
3612 5413
6997 75
2142 7291
4665 5023
2743 4271
7984 3080
2030 8534
2124 5245
6863 6086
1965 4028
6354 7989
1630 1507
1463 7572
8883 7143
1756 1463
4363 957
7114 3659
3087 5960
2088 125
8564 3855
8674 7082
7959 1739
1187 6801
5692 8204
8065 8165
2276 3086
7798 3648
4846 4859
2481 4223
5875 5125
4512 4717
1158 2266
3115 5877
190 6354
2686 8436
7182 2749
487 5760
5526 3212
4994 3280
5983 6871
4749 1348
7910 7283
2958 1897
6248 1133
6736 3528
722 3098
1387 91
5890 5875
5866 8763
3420 7752
8348 1924
721 8815
4424 3159
2794 6252
6410 4802
6659 3250
298 4226
4430 6325
8829 2039
1546 1144
5477 3969
579 8130
6955 4875
3631 4636
7443 3704
7637 6963
1774 1390
4590 2429
8098 8469
3911 4126
6602 3616
6810 2552
3999 3729
424 1706
7975 5586
1176 346
3943 3851
3232 2221
598 7011
1867 1859
6312 6042
4824 8499
3515 6808
7259 2763
7069 1208
3086 8983
8846 3633
7966 8529
6107 3985
1950 3154
6438 1838
6306 1437
169 1751
6090 7543
5518 1654
3785 6177
5184 727
4510 6200
1755 4345
4591 2145
8143 5731
3370 6270
5849 932
1135 1619
1013 8768
3258 3521
1927 399
2477 176
3298 3262
5604 8710
4980 4865
6942 3145
6989 7622
7858 7961
5666 1204
1496 6269
7147 2671
8978 964
212 2586
1418 5401
5537 3556
744 6917
1728 3884
1780 8240
1625 3130
3728 1549
199 7824
3629 3368
2807 2430
7654 310
5258 6360
1503 8903
311 2918
7708 4833
3367 8703
8996 1203
114 322
1322 5705
1976 3780
7033 4408
6387 5948
5448 7802
4328 7171
8403 7730
1955 3763
5389 2961
8988 7220
8465 8395
5421 4634
1137 7341
5868 1244
5180 2809
7571 1045
6810 5183
8622 5336
2243 7806
6327 8618
5941 6633
8009 851
1369 1984
3565 666
8626 2358
3073 6383
391 7913
3857 8318
4835 6660
7149 3710
5888 5431
3458 8585
4906 4091
8642 1972
632 8822
3906 6368
1891 6357
2299 240
285 3590
6462 7143
50 280
1946 392
2074 2640
2356 5786
5378 3025
4345 8773
5545 3071
7833 6655
3629 4992
2231 7616
2718 1252
2668 4998
8576 3507
7986 89
7641 7255
8029 3917
2493 1795
8908 4888
7420 5975
6591 8467
8888 1352
7789 6773
6013 988
7343 6121
5268 5724
1629 3852
640 1960
7029 8869
3080 8031
1957 5904
4123 8694
8712 3356
7534 3851
112 1695
71 5193
7823 6857
5788 8912
2847 1179
8141 1402
2521 1214
5438 4887
5417 148
8526 3975
2000 3715
8465 1224
8365 1478
2137 8385
174 2983
7774 5750
1194 2266
7871 7274
5131 3926
1726 5625
8921 1189
8021 4456
151 2895
4770 4092
3787 472
7632 3768
6415 2957
924 2495
4728 6394
1477 7840
1044 3590
214 2425
789 307
7973 3042
7933 1326
3751 3886
5349 7911
5278 5862
1201 8561
1865 646
8326 1260
216 8951
6032 2083
6699 7772
8922 860
5361 4464
7051 1549
1437 346
8044 3511
7327 1890
1139 6387
8717 1252
3889 7005
4075 1004
8269 5446
3192 2344
4861 2120
4936 4799
7462 8657
2089 4491
7410 6313
1978 8039
3128 7062
5453 6846
7761 6244
4374 7948
2654 7550
5132 2098
1403 8741
5324 8017
7145 964
1042 6882
4795 8353
2882 5800
4549 5085
3553 4048
6437 2966
7862 6739
3117 192
381 2653
7033 5538
1466 2659
2008 840
670 2464
5513 110
1171 3753
3680 1132
2954 1552
6973 6827
6773 3244
3729 870
2467 8045
1043 3647
6787 8486
7961 5813
4503 7575
6089 6458
3775 7858
6400 5644
222 7088
7756 8156
3112 3604
7036 237
3742 1659
1471 984
687 8523
4769 4522
2115 566
5777 2182
8332 7230
3141 7139
3340 2047
7061 3518
7463 6858
8849 7044
2501 6503
3331 5964
2017 128
1190 6786
3146 5696
7196 4637
8211 1307
227 8173
7290 5233
2873 6057
4617 6796
1074 436
2078 4114
7085 2674
2582 5909
7432 8444
4795 805
4763 5054
5249 8360
8252 1413
1725 3562
567 8011
8686 5348
120 1129
258 3689
4708 1066
5142 4008
945 459
4891 8716
5371 1530
4749 7867
3243 978
7002 844
3598 5699
2885 2378
5783 8134
1431 4110
5845 35
3015 3790
8233 2007
3507 773
2689 2118
5097 2152
931 5314
492 6152
8130 1454
5463 8875
7545 6728
8905 4423
4910 4394
2654 8121
1684 4799
1790 6558
4411 3429
3697 5549
8910 5818
6050 5517
1448 3365
4741 390
794 8263
3009 7241
6496 5913
8096 6140
7711 3804
5090 3489
5308 4416
5131 933
5844 4602
2903 4806
5471 3844
1888 2019
7261 8819
1785 5903
7737 7470
3750 1435
4499 2844
3015 2028
1542 1843
2270 1184
3662 2270
910 3317
5717 1154
8161 2634
2828 4947
6072 3418
2415 2834
2517 361
5945 3307
2278 5928
6145 5856
8184 5447
5134 1607
4544 3462
2245 3852
2771 8493
8102 8903
2484 2143
796 7978
158 3311
6957 7740
3238 2897
8081 3062
3413 3737
3538 1670
7324 5257
1357 5545
4936 7813
4817 869
6995 7724
4481 1580
4452 800
2504 5798
4666 8936
739 3657
7920 3864
512 8393
6816 6335
1974 4873
3073 3075
7834 6377
6460 5639
4940 6396
1424 5179
7826 8217
3868 1858
5456 4662
7741 4612
6891 867
8604 3258
4929 8433
6504 3382
5886 691
7432 8763
2022 4603
4933 116
4745 1525
2143 4341
4070 8480
1478 4935
8025 3194
5775 3210
6155 2142
475 3331
3738 4810
4648 1670
8938 8721
4505 3636
8201 189
1373 6904
3833 5124
2748 4934
7196 7542
8146 3813
2143 1060
7494 8752
8115 8483
2814 7151
8629 6878
1048 4427
8418 202
868 7650
5444 635
1495 5759
2363 2173
8147 1647
1522 7295
1924 7964
1362 2426
4521 2742
8960 4828
4658 4305
3087 4951
958 4678
7641 556
3818 3376
2710 872
3101 3543
7393 2187
5999 7656
5834 7292
3281 4977
2672 757
7265 6712
7162 429
4840 2897
7989 5784
2169 4601
3257 6904
3533 5844
736 1808
5021 8861
4619 450
3444 4745
4281 7253
8063 877
3147 4986
7112 6622
8495 1036
7126 5303
3333 4899
8840 6809
4185 7146
5799 3081
4341 6087
6658 1892
523 7919
5014 8029
7203 8357
5081 5723
5195 8920
2840 2555
7523 3193
8977 3682
4925 6032
6762 3367
4493 8475
5811 463
3972 1741
863 5335
217 2205
3647 8145
117 282
8236 3885
3198 8961
3584 5586
3952 5978
5595 3523
3215 121
1547 2180
6489 2809
3992 2496
4551 8014
8249 7848
2486 286
7716 3861
3354 2559
4584 20
1384 880
5974 7207
6235 784
7718 8957
8640 1300
3651 8511
5770 8009
7212 5992
263 5082
8887 4690
8926 5177
93 8156
3093 8028
6807 2020
8844 6868
8268 1630
5810 3572
6420 6170
6720 3361
2245 5706
2459 5403
5172 3647
1348 6863
8970 411
8290 5507
95 4015
5383 1479
5672 4707
3650 6297
1305 8213
8299 3495
1052 5032
4383 8508
2708 2060
2849 4531
8028 8347
3694 5336
8841 4446
324 7187
8510 8350
3090 8295
2520 892
8865 4816
5202 6007
8324 2045
7582 3543
6209 4437
1086 2823
3371 922
76 5921
4029 6595
7591 4986
1223 3781
8751 5445
6986 4655
6133 7102
1710 3294
6929 2053
4437 8561
5844 166
5224 2779
7104 313
5149 5161
7030 2124
7569 993
7005 3094
755 5216
512 4404
4535 4471
2750 6435
8196 8044
6929 6870
1594 6860
544 5291
3233 6794
1540 7722
5997 8892
3008 885
1481 8215
3078 7558
6358 1135
1000 7560
8592 8566
1840 3535
4991 871
5846 1241
5842 7581
2521 1966
5643 7857
8773 6086
5439 7614
3329 2997
948 8544
1109 8936
1701 5405
8314 8151
7409 5946
1538 8796
1057 3192
3567 2635
5582 1853
472 7868
4894 1949
3161 2266
5471 2494
1885 4734
8708 1477
8729 7943
4333 6541
137 945
682 8741
7778 4585
2868 2752
7013 1310
1938 5304
8895 4000
2173 7035
6250 6657
8258 7637
7271 1434
5239 4527
6379 2079
6088 7390
11 616
6219 3212
8774 6338
5568 5905
3288 3364
2083 3562
5587 5351
2353 8387
2791 2577
3108 2938
1049 8480
5405 7851
6990 3468
5229 5912
5647 7297
1954 5771
1339 3031
5386 1506
5704 8605
6706 7986
2317 766
2406 8537
8342 7036
802 1132
5616 6829
4797 5933
3606 7117
899 7201
3195 4509
707 5785
3045 8917
1687 2371
7278 2761
4263 3137
5862 7429
4663 2248
8539 6079
4555 1803
4076 4047
5320 3940
7123 8682
171 8254
5870 1232
7150 7839
2430 1698
7418 7357
7655 6321
6107 7672
5292 1677
1127 3730
1066 6743
3514 1923
7599 7441
2214 5189
5769 1915
1723 2364
6602 1030
4281 4582
782 6341
403 1134
3568 3275
6868 1673
3810 6544
8664 3221
1532 1678
3305 1937
8117 4517
7300 2418
7276 882
5957 8451
6245 4269
276 8877
7342 70
4693 7632
8466 4943
8909 7467
4607 3951
6652 5640
2446 1997
7758 6002
5483 7566
4408 728
4399 8456
1176 295
8490 3438
7037 7756
8168 7262
8584 6587
2422 5895
2355 7384
5330 2177
600 4757
8609 8578
790 4661
5851 8739
1525 8244
7667 6734
579 471
3315 2865
2107 1284
5732 3890
6731 5280
4192 1427
8215 7182
1102 7616
4928 1302
4432 3884
7996 5692
3943 39
7115 156
5559 8639
8131 7719
6374 8796
5924 461
7955 969
2124 4507
6254 5190
8793 7803
3224 1181
2399 6833
184 8142
6638 6239
7872 1127
8081 2931
298 1024
3145 7106
7773 8588
8288 8368
8664 4396
7729 5426
5929 5002
1598 4728
4870 6514
7117 2687
5039 6703
7235 3698
1491 1900
8184 2897
1557 3438
3402 8789
412 1090
2636 6513
5713 1650
7106 4308
2342 6876
1436 1372
8722 1862
676 937
8625 7446
7448 3594
3541 6933
6385 7291
707 8240
3866 8803
1278 2586
5695 6546
117 7584
582 3026
6248 6903
3153 6456
1578 738
8053 1323
5296 545
7782 7664
8629 7963
2651 8104
6446 4625
8202 2470
4396 1450
6160 7868
4719 1535
4067 6191
3688 2276
3261 696
3712 3874
6168 3499
4768 6483
463 7593
8551 3631
3539 6815
631 3514
391 2228
6096 6710
6712 6515
6582 7877
6917 8425
8802 8367
4415 4658
4052 3092
4970 5828
2525 5311
4410 5744
236 520
2896 6509
6300 3241
8870 5319
2845 8980
8794 2300
6450 8811
8477 5950
5170 2578
8493 8132
6285 256
5963 6117
7725 7533
3364 8271
105 6022
6887 6971
672 8671
3503 5792
4971 1431
8751 3921
3786 7383
3476 4555
3701 5941
7572 8722
386 501
7265 716
3565 536
8230 3281
8024 642
7565 5792
7537 8333
6495 6372
2028 1978
2734 1922
7475 3614
101 5146
6381 564
5870 344
2111 1830
3248 1843
8838 4007
4809 3131
6083 5845
7313 5009
3473 7642
7443 2862
4342 1981
8877 162
6733 2701
6407 635
428 450
3974 6352
2889 8509
7702 2425
1022 1357
2486 6931
4243 4393
5882 2776
1301 941
4772 6766
2934 6780
1142 8992
1318 4683
7762 8962
6733 2410
5729 5136
7743 5370
2917 4009
7182 2767
3660 7019
5249 8232
5330 6475
8018 5577
6649 8197
189 7339
8844 1042
8802 2332
5155 3375
296 3539
4212 8119
542 5085
5195 3573
4579 7919
776 8446
4796 5768
7206 3623
1924 1058
2650 6890
3957 292
1423 1301
852 3652
2464 7075
6083 7697
4875 4143
4028 3190
121 5197
2773 2193
3372 556
2589 7219
3946 509
7698 286
1796 3159
5789 2866
3741 3104
7972 580
4899 7483
7940 288
879 4126
2718 322
2086 6741
6896 5828
7089 4824
1744 578
88 5768
644 402
8830 572
6357 1037
1941 1653
2908 8468
5889 3214
82 5908
3583 2125
8750 950
1003 3986
1361 6560
1326 8779
8796 6635
8388 7415
5967 7842
6143 1219
5435 2520
6105 6264
1971 6798
1856 431
3488 5863
4628 4913
5231 3778
5055 2722
4942 8323
8911 4159
2367 1893
4397 7230
585 5429
8799 4837
4469 3142
3940 6979
7414 3501
6570 1988
1916 6678
2523 683
4876 1769
3477 5674
5171 6965
8133 519
3643 1615
228 3058
7163 924
456 2706
4308 2267
8438 5655
3870 1919
2729 1031
1547 329
1568 170
8713 8659
2091 4440
4331 2896
2396 6508
6382 8262
6621 1128
5351 5437
6337 6476
4136 981
231 5780
2360 5332
4827 5100
7843 4878
4844 544
8692 6351
3062 8498
5090 6831
2392 6550
7285 8582
8645 3303
4641 3002
7727 7549
1368 2993
7554 1427
8405 484
1565 3782
6138 4700
436 5233
7300 5303
5181 3733
1551 4606
2368 7051
5667 2471
886 3437
128 5420
814 4767
5320 8280
5286 5316
2690 8219
615 7372
5617 2134
7875 8415
2565 1860
4599 2274
1787 4272
5173 2062
3877 8844
3681 125
104 5484
6090 8936
2934 1234
3452 7431
6156 313
1275 7206
4657 3679
7954 7823
634 1327
349 4905
72 3793
4559 8047
4550 1757
4060 4113
6436 7426
4230 6691
8326 1830
123 1730
4420 5146
7427 8428
7879 8594
1519 3837
2268 8391
204 6804
7217 1653
1072 4359
3945 2437
8291 5586
6606 4932
3784 1423
7085 2574
8048 8150
1587 7647
2770 8950
1119 2404
3853 7349
8693 7390
375 4102
5029 4991
8438 8914
6569 2270
7133 8215
8338 2347
6066 3440
8488 6564
2839 3274
6920 444
3829 5364
983 3707
8041 6938
5775 7367
4199 221
4335 5280
6610 8131
3859 6211
7387 3672
4565 497
429 6433
7821 215
1473 8480
564 6750
5634 6729
252 4827
7267 7683
8184 5829
127 1118
2834 1729
6723 8409
6414 6099
4366 5536
8058 6414
4364 1384
2255 966
3197 5458
6793 8155
7920 2306
260 5195
5023 6857
8566 1610
4374 1172
922 4082
6682 6284
3171 8254
228 4402
8170 8403
3368 7889
1695 7421
5631 6720
982 4012
7191 4528
1486 206
5584 5646
4495 3545
5180 8634
113 2324
4250 7371
6058 2757
2084 6545
8414 7421
1089 1634
5298 1568
2960 5945
6460 2814
7529 281
8090 1140
7401 2170
262 2308
7667 2352
1286 4098
6683 1727
6782 4934
3241 7723
4480 8833
8842 2258
2614 2119
835 5353
6926 5647
6276 7271
4563 5186
1150 4433
1002 35
578 4977
4773 7298
159 4880
4282 173
1930 2302
1558 8709
5600 2632
5331 8643
6991 4469
4663 5754
5945 1654
8530 7453
4334 7872
6834 2405
7775 8934
6984 2070
4382 5265
4369 265
6730 1633
2943 7423
2868 2013
672 425
3004 6285
5031 4975
5369 1125
1668 2465
7589 4725
1553 1586
7648 1265
1824 3361
7330 6942
5099 4004
3846 675
2815 49
862 2115
5753 4658
5271 1493
6297 470
1031 4889
1522 6792
6230 270
4652 3724
1337 823
7012 1128
31 920
6134 2207
6061 3872
8516 8554
6849 3240
5931 1552
1813 660
5717 7672
2547 7635
368 3985
1443 7962
8711 3920
7911 6958
2206 2270
6852 8043
7476 4233
8005 6233
7479 4113
6120 4594
7555 4004
1284 1827
3090 4431
6667 4992
8083 8780
6973 3656
3023 6960
8464 8472
1654 8481
8353 6077
949 7397
4292 3650
3474 3755
3657 186
8148 249
1440 1758
4392 5536
6064 8340
6234 79
7218 7413
364 7151
1333 6290
4955 5639
7934 1773
6326 6307
7641 1914
7073 8681
51 7243
7932 7342
216 6422
2482 8915
8790 7692
915 7489
8920 1465
1863 3981
7879 7102
6141 7059
1489 6305
6225 6509
746 5795
3180 8228
5776 465
5532 5243
1905 3895
5241 8955
2634 6300
1644 1298
5607 8411
8609 8537
5209 8945
5118 4998
8016 1827
7843 7857
7438 8012
1324 7464
8070 4144
8174 3033
4128 1282
5131 6867
3402 955
6708 3175
7235 4719
7307 506
3668 1193
8606 2564
5185 3057
4605 725
7563 1998
7248 6313
5019 4221
3455 6704
3592 1332
2255 2173
4260 4406
244 8328
3444 2777
8868 6371
1622 2656
5232 8062
1579 3361
4353 7482
7584 8394
8059 573
4606 7684
1331 7477
5506 234
958 5040
4952 387
3518 7024
6609 5629
6830 778
3458 3637
1866 2136
5476 8395
5120 1405
6393 5319
2768 8593
1793 115
7293 7576
7554 6394
129 4317
7334 1353
2543 5381
1571 5527
3253 7003
2897 4340
1731 1383
3808 2267
8636 6552
6711 2680
7990 1766
779 5526
8786 8746
7104 3051
5473 8940
3432 8910
8643 5758
5598 465
8504 5148
4887 8973
8527 4486
4754 6755
5017 2251
5952 2059
2253 8713
702 342
6615 4397
308 5664
8491 6936
7096 2339
4466 2
2513 7424
6555 3337
6668 1693
3993 7970
1432 8855
6954 2362
8610 1532
598 5874
4326 7771
5106 2087
3509 980
3139 4140
3149 7653
2842 4009
1393 6618
6221 1263
3906 1490
6633 1832
7852 2513
1090 1647
4057 7886
6901 5551
4024 1336
39 4835
3722 5756
6118 2267
1958 5156
4411 4014
3795 6170
1609 2781
3131 1923
2797 2414
2210 4098
8754 5629
2670 18
5741 8985
3069 1978
6340 5231
8293 3405
4981 5660
6176 142
7468 4172
4003 4986
1639 2506
6863 1162
5645 5056
6734 2233
1486 3534
1273 7897
5093 1001
1069 7914
8901 8841
6416 2376
2611 3086
679 6748
648 1713
206 3265
3356 4894
162 7115
3578 8051
5161 7718
2379 1631
104 6797
1401 5457
953 1864
2701 6374
3758 4002
7061 4415
6313 3994
876 4280
5051 4906
2104 8123
8740 1029
3561 4082
4436 3486
4791 1702
2322 3002
5670 6312
5786 8800
222 3242
3464 4107
4496 2963
1991 7653
3463 4363
3611 2964
6306 718
8883 2012
4410 1053
1348 4657
1703 6432
3992 2012
3627 5846
6572 3428
2224 4909
5879 8800
3431 6472
8421 8141
4690 7853
4145 3906
3317 2025
1326 3984
486 8729
5226 6583
5756 4965
8901 8800
1664 5209
6106 7224
6190 1662
1503 2648
1874 1728
4091 8273
1616 2811
2613 1985
4326 7419
6007 8665
1096 8812
582 7167
5564 395
4625 1438
615 2554
1120 3537
2477 3261
5453 1379
6591 1240
2033 7741
6518 7852
1894 1706
6761 4130
7701 1017
2098 187
3439 7564
7823 2815
380 2610
6540 7121
3404 8355
2325 5773
6051 7171
8731 5401
755 8147
4087 7136
6393 5238
5972 6738
5731 2483
5209 6672
7752 5059
3601 6138
6392 8007
7393 1125
871 7436
4016 6068
7891 4112
2335 5270
5501 8734
4926 316
3747 4623
6707 4468
3053 412
7271 8431
7477 5323
2357 8667
66 7245
4910 4496
195 143
2759 2335
3383 4835
1741 2967
8558 7721
2139 5140
606 6231
4869 3623
5773 4533
7538 4888
6549 4126
8297 897
5318 3049
5027 5305
3948 3397
7540 1936
7707 3580
7389 417
5800 6429
1047 273
7499 3859
914 6413
2297 6733
4280 298
5428 7565
1281 3042
5501 6424
3941 2226
2491 4660
4024 4355
5729 790
7764 1357
2536 1344
3833 5280
2899 1304
6795 8101
3856 5056
8709 7994
1692 4737
6574 2277
2116 8207
4673 3966
7132 5612
7237 4022
8143 6153
7242 779
7158 4228
7532 1228
8380 121
2497 6370
8598 8653
58 1433
2216 3641
6290 7946
8148 6401
7253 4521
6162 5092
2665 3609
3438 8632
6752 4399
3345 6371
4004 6596
208 5611
748 3654
5652 8105
6422 711
444 3052
795 1019
2177 1198
4947 1553
3125 6830
2055 8560
7510 232
5539 2832
1469 2228
3320 7202
6279 1982
2558 3741
342 5455
2838 6797
1814 6689
4730 6481
6021 2848
3159 4899
1931 6591
190 7381
4274 6581
1254 2313
6497 4652
5268 8926
2018 3146
2711 7050
6277 1401
2289 3115
6608 8997
8350 3438
5637 4783
5549 8232
6053 6561
4124 4154
396 751
5414 5420
3059 4871
1297 5420
6020 7786
2004 1485
2194 621
1948 6044
3623 7122
1670 2026
7366 8396
8661 3974
3509 4001
387 6651
935 6891
5647 631
1737 5478
5473 4851
8159 5558
4327 2269
8997 6920
8803 6983
3862 7409
5910 6751
8905 3655
8839 4912
5451 8883
7817 2250
8443 4426
3875 2987
6882 7394
1237 7053
4850 8335
5365 4677
2752 915
554 8930
1781 6713
8059 3983
1025 8393
6322 5620
3336 7317
5227 1544
8428 3040
4966 157
2194 6062
7652 4008
5312 7726
7778 2296
935 1483
5914 6703
8858 4140
7284 28
198 6735
5551 5416
514 8145
8984 8332
422 6765
3736 1737
7630 8321
6888 6458
916 2437
5446 4454
4554 3688
2595 842
8832 7654
2913 4898
5336 984
7810 4144
5575 1743
1696 2695
4534 4309
2598 8301
7130 5023
2270 3021
1256 5764
7431 952
286 5894
2589 8943
7955 8039
5376 6615
7968 2913
3676 6167
3972 4578
5712 2785
7131 2938
8213 4129
5975 4568
5561 231
5201 5281
8797 6248
5329 8340
3441 8322
434 4776
65 4959
5976 6452
7383 3727
8168 7195
4107 1334
1153 8343
3753 6899
2156 8682
4889 3000
4384 7646
3484 291
5121 6460
2967 3145
7565 6202
638 7606
90 75
7038 6468
2392 7229
7133 4503
8593 52
646 6587
1860 2853
2190 8713
6726 1785
2019 6244
251 2370
1734 8094
1863 4613
3653 5997
6832 2858
5418 1031
3640 7842
2196 5142
3436 5385
8290 4140
3658 2512
1784 243
4821 3742
8180 4818
5523 947
5645 3276
8652 4729
5540 3840
3218 7029
2809 8537
6292 2748
5422 6810
2268 4904
8290 5417
7143 7397
4937 6118
5849 5916
5940 921
6357 5369
719 1250
4889 1026
3337 6187
3721 6878
7560 7878
159 6894
5186 1554
6382 5204
518 947
185 2667
4841 3698
5202 301
6304 337
3682 1711
1479 3432
1938 2913
6172 2456
7367 767
4962 1807
4986 6188
8712 1759
5591 5066
120 7664
