70 780 99
1777 1201 1
77 740 2
1511 575 2
435 583 2
738 1893 2
330 1922 2
1755 797 2
12 1405 2
1342 1592 3
1143 739 3
927 221 3
842 783 4
573 1108 4
632 1313 5
1439 1902 5
1172 443 6
1623 395 7
1362 1152 7
270 1639 8
1520 67 9
223 1250 9
1563 1217 10
1845 976 11
798 394 12
1426 365 13
1005 1455 14
1916 407 15
1194 131 16
134 1839 17
1928 1389 18
1863 1822 19
516 1786 21
724 63 22
1209 1807 23
1734 10 25
228 1048 26
0 15 27
553 1534 29
922 1169 30
972 956 32
1515 982 33
1202 1430 35
225 20 37
846 1651 38
298 733 40
1174 1092 42
950 1812 44
675 550 46
1641 1808 48
1777 546 50
371 263 51
1307 593 54
258 461 56
415 1217 58
59 464 60
567 754 62
1007 601 64
1890 165 66
1449 800 69
1121 1265 71
1469 1410 73
1669 1421 76
589 272 78
22 1229 81
740 1514 83
1522 1631 86
1157 1606 89
1679 1035 91
1941 646 94
87 217 97
1954 1140
744 1147
664 927
257 1428
27 1578
553 11
1361 41
1783 1663
363 941
1754 304
952 449
697 1737
956 73
1513 216
1242 282
404 1385
569 1959
1071 1919
213 325
1290 1959
529 447
453 124
1060 280
246 171
1658 1605
1341 1444
503 969
885 569
1942 1664
29 1743
260 582
841 1383
224 897
809 159
99 854
539 1666
1926 1945
1546 712
24 625
658 432
728 715
1069 1775
1334 735
449 812
1258 1309
845 1052
19 358
1230 817
372 5
1018 1106
1299 126
1917 889
529 1363
1619 1924
455 1582
406 691
366 1695
1951 2
890 682
1038 1625
425 1080
1436 1696
1374 1277
852 1511
1200 971
138 993
1209 661
140 1343
1664 739
536 592
1452 1559
1319 967
1275 1090
1247 1717
40 1907
1085 1032
341 351
688 281
1514 1098
793 575
1698 935
212 1143
1483 438
1801 122
79 1498
49 1058
679 144
333 90
220 1530
788 1791
636 1484
1082 42
1691 103
1851 1301
1866 556
1936 982
1700 439
1551 1444
831 247
1530 1834
738 1307
1623 244
1516 330
834 906
929 1591
167 1952
292 996
1875 781
1411 997
1832 9
1900 1546
1722 1798
506 1203
806 1202
1838 1726
207 659
1780 1881
1164 48
1048 895
90 88
1135 341
640 1057
188 1617
1353 250
1026 516
822 36
348 513
1173 1178
604 866
592 1770
1259 205
282 1344
874 1788
868 494
1603 497
1814 461
1407 903
1438 647
1324 1712
1552 889
118 661
323 835
425 1761
1728 1505
12 148
29 554
358 1803
119 1212
1028 810
1209 1554
1340 1369
441 424
1741 661
1298 437
262 266
770 284
1686 1136
464 1876
646 1383
764 774
913 382
848 1308
1136 1898
85 1297
1207 583
1797 1032
150 1079
860 313
142 11
825 1943
569 1886
860 1146
1466 1046
899 1931
1953 808
1353 871
1877 60
1653 50
125 499
488 1288
1676 612
1352 1515
925 305
207 778
1875 497
1500 1270
1831 1447
1345 1909
1589 1524
226 1879
1188 863
1256 1485
744 481
1338 1072
1954 1060
1923 1844
490 1706
1909 730
28 1001
972 185
760 1726
274 323
1422 1813
1638 1201
1429 1200
755 920
444 368
725 1820
1131 907
1799 1497
436 1642
1703 1644
1045 1516
385 1286
1883 1135
820 1844
84 536
492 80
1952 455
1040 1190
1831 1251
1694 1204
775 850
1947 1604
1623 1108
269 776
1207 507
166 840
929 605
1208 346
486 601
151 1287
1959 333
1913 1027
1049 169
685 1518
131 594
850 638
304 1240
1327 177
25 66
637 387
702 194
1453 483
1600 1672
1363 341
1406 292
1448 1623
1820 1930
432 889
684 1444
94 1151
927 1004
792 1891
1138 617
1643 974
1827 627
572 556
380 1618
128 59
1407 573
822 1547
111 1886
441 1928
288 1510
1423 733
50 952
181 1687
381 616
1107 1433
1008 1351
1178 792
298 234
1864 1074
1754 1754
898 458
603 419
1926 1472
722 576
1409 1576
1059 953
36 422
5 1136
1202 83
182 596
1239 1852
1087 987
112 1800
1042 1568
560 1739
650 1187
1155 1372
172 1217
377 855
1613 1602
1505 851
612 101
1154 1502
817 823
864 1220
1475 954
1271 1154
439 1717
904 1296
1820 730
1303 1022
1098 1201
662 994
1675 1959
818 537
1011 766
321 1753
960 1510
460 1134
1077 1683
1369 761
1565 1883
1828 540
336 1391
134 1589
151 786
1473 67
1370 143
393 1139
1143 861
931 1431
811 1096
1409 952
542 1030
488 369
120 1935
1341 664
905 1236
401 123
150 293
1460 1358
1179 206
728 1588
1587 959
868 123
594 1022
1566 279
1470 1153
1069 634
4 1934
1531 1489
1680 827
1428 840
1662 919
1276 1651
532 1112
1450 268
1552 1604
201 136
1192 543
1474 1946
889 625
772 54
1209 309
1470 213
1525 1950
1715 180
763 670
949 889
1398 1612
1855 341
1024 862
1308 358
35 323
202 1077
405 1484
1274 501
1423 37
184 750
1247 1010
194 97
951 1723
1025 473
1699 648
816 993
1792 1727
1581 997
513 708
281 1381
944 1329
38 1672
428 521
1558 1647
1540 1746
1428 1406
1609 1957
1507 782
170 1382
908 1081
1314 1782
9 937
88 1402
1113 406
516 1512
221 1581
1612 1362
1488 1448
497 1666
1766 1255
1051 1853
1136 811
455 1368
1485 1787
427 182
1813 970
1289 719
976 1097
1458 303
1068 1425
167 226
1324 398
863 959
998 636
316 558
311 892
241 513
523 267
119 104
307 357
1035 83
1282 664
423 1591
384 1897
69 371
1849 1953
516 776
944 1147
1466 118
1807 420
471 1807
582 360
1868 703
1400 204
675 1603
660 103
924 1639
86 1774
874 814
36 1466
789 1645
857 1846
162 1120
1317 1922
445 1300
1721 1571
906 1710
393 535
205 389
1174 1918
1723 549
1745 849
1372 800
353 542
1200 754
708 807
494 36
638 908
1593 1153
1668 989
1808 1069
812 1720
324 463
1896 1879
1053 1085
20 1037
1627 535
1016 1801
958 374
1679 1330
410 280
155 573
1794 285
1481 1579
756 1467
6 1889
1185 1253
547 174
1720 1230
726 911
3 1281
1536 920
1255 1123
1502 1007
517 1151
1007 1830
350 1097
1455 703
1690 1812
668 1350
340 162
1395 59
1761 977
1362 965
1960 751
1662 853
1251 1889
1697 1365
558 347
211 1849
964 589
1289 764
470 1846
138 1162
535 728
1347 1487
623 1014
289 464
428 1269
1169 634
188 1414
964 415
1892 1750
1718 91
624 1753
1567 1125
450 1534
241 555
81 610
1352 8
297 58
1581 1551
1269 148
1746 937
54 517
426 939
20 907
247 201
1162 1438
61 1537
1114 1177
1755 462
1193 1381
925 1520
324 765
972 1851
1159 1069
93 1197
1289 1397
441 918
371 1472
1652 624
955 1249
1004 662
519 555
741 1945
541 679
268 1159
304 1279
769 419
773 1267
1765 713
765 1659
230 1121
1688 1243
639 240
950 105
563 1132
449 1952
1123 1772
1822 1772
345 9
1565 1955
405 1163
889 1666
632 967
977 1800
506 1407
1238 1404
1401 1245
989 1125
1542 129
512 844
491 190
785 625
1056 62
1437 1735
1565 153
1683 178
925 1111
70 1327
692 1235
1613 1247
309 1083
621 681
1784 1928
694 1083
456 516
147 435
1650 153
207 50
15 1360
668 1724
1292 467
1842 419
684 888
1205 1478
0 1317
1866 584
783 917
1700 607
1311 641
1141 1729
1151 582
1937 570
1872 1330
1760 1717
1628 580
673 4
1352 1414
188 1660
59 68
1502 302
1561 685
1328 1870
136 374
1860 44
1596 1186
292 145
886 1637
254 1893
1266 1521
1576 1344
954 626
1881 203
8 1249
712 387
924 839
825 665
704 436
1643 1273
737 1123
574 1077
1066 368
75 1562
381 1874
553 1367
1798 227
641 1086
758 1919
959 1878
351 1939
1538 196
1025 1077
443 447
55 714
138 1535
1096 489
1817 1834
1281 1586
1859 1934
476 15
1632 1655
821 588
1332 1611
312 1714
1310 1340
627 1203
924 115
1811 1177
776 23
1893 860
931 1405
737 1433
1088 517
1878 453
1317 1516
1713 1125
1874 1004
1739 1016
1019 1007
1578 624
1745 1233
876 1865
287 650
1071 550
669 62
186 698
111 1265
1554 780
1575 1625
1240 1325
880 410
167 1836
449 1342
1482 1902
791 1513
1355 993
437 38
43 1945
1207 1112
1708 1398
318 1056
504 128
1011 694
223 106
583 1541
1344 1754
833 1152
887 603
1700 1673
1592 395
1647 1699
1625 690
42 643
231 246
1807 1515
1901 277
1477 1835
1849 826
893 1580
1718 1875
552 375
990 1687
170 1742
542 119
345 1009
35 30
177 1907
1243 1588
486 1318
795 1000
330 1201
32 1559
51 991
212 87
998 364
744 107
1028 140
1477 1015
608 729
603 346
944 1563
380 1400
376 789
646 1029
270 209
1733 1272
751 72
687 500
587 1802
661 1630
358 1190
1454 17
1268 626
150 137
1343 221
243 861
1107 725
1120 440
1094 260
1031 1371
1323 1449
161 756
646 1548
116 624
1531 315
1664 4
836 1634
1031 645
1395 821
713 280
373 1773
264 1915
429 991
1910 351
556 1307
1956 1730
406 1113
14 317
1185 1354
1518 1679
1169 1285
1883 835
1508 1911
526 1629
