140 6100 390
7772 4179 1
5581 2078 2
3081 6890 2
5399 5273 2
372 2305 2
1232 3269 2
10 564 2
4963 1499 2
7223 6468 3
1104 5732 3
2075 7465 3
7485 2183 4
3741 6034 4
7559 4984 5
2059 3599 5
4392 3151 6
6647 1865 7
6946 4300 7
25 7500 8
3760 2363 9
6286 5064 9
1978 6166 10
5358 3729 11
6674 662 12
4984 7376 13
3845 5217 14
5901 7418 15
3514 3805 16
2772 2186 17
2549 935 18
2719 4726 19
5222 6041 21
2898 7775 22
2673 2984 23
945 1609 25
4563 4099 26
22 3508 27
1399 468 29
26 1407 30
4879 2503 32
6940 7517 33
6668 2778 35
5692 4459 37
878 7108 38
6056 6316 40
23 6397 42
4003 653 44
5636 288 46
7836 1051 48
7716 149 50
1846 4425 51
6634 5786 54
4646 101 56
1853 5282 58
444 4444 60
4161 7682 62
1773 2139 64
2804 6169 66
6258 3907 69
7733 7625 71
7506 3019 73
5850 2980 76
5983 1446 78
4270 6629 81
10 5419 83
4078 1385 86
3234 138 89
574 51 91
3090 5428 94
4487 5686 97
7556 5761 99
1092 2439 102
1650 6817 105
3276 992 108
1367 7635 111
1969 1387 114
1198 5021 117
3462 4556 120
3446 3041 123
4723 4996 126
7175 1431 129
1887 2927 133
1248 3995 136
2339 6740 139
2500 256 143
5361 899 146
6863 3553 149
501 2956 153
2871 4036 156
4095 4611 160
893 6424 163
3297 1865 167
6486 7064 171
6174 2264 174
7718 6913 178
5060 6771 182
6027 5696 186
4292 1946 190
4639 842 194
5710 6854 198
683 644 201
3545 7524 206
7809 6292 210
655 3544 214
1949 720 218
7704 3605 222
5071 4442 226
7700 1603 230
1206 1043 235
6412 16 239
2555 5685 243
422 5782 248
6196 963 252
2943 3493 257
2543 1643 261
7181 144 266
2199 2454 271
4839 3562 275
7056 5132 280
3950 28 285
1809 151 289
4288 2459 294
299 3921 299
6359 3271 304
247 7057 309
5413 7626 314
686 1139 319
3307 6326 324
4037 3693 329
4974 3084 334
4452 7109 339
4689 6130 345
61 2759 350
1173 9 355
7807 2629 361
6406 7838 366
5138 318 371
3705 6792 377
3072 2547 382
1309 4507 388
621 5134
5801 3609
1448 1548
6241 502
3853 2806
796 7659
4905 5508
4548 1311
34 4638
3761 1794
2688 7084
1445 2823
802 4125
5435 1505
7043 7067
3083 1413
2002 5733
4596 7596
6233 4508
2426 3356
2276 4448
6812 6687
7200 4638
3508 5533
1585 3629
26 5922
7533 515
1575 7265
4232 6110
6471 6317
2155 4923
7375 3899
1295 6546
10 2124
5532 2525
7145 5831
5334 3269
3712 4181
2511 5229
467 7450
1566 6082
3412 5145
2004 7075
7378 7275
1003 2900
5429 6453
728 2556
2678 1291
7095 2078
2875 550
78 99
6201 2656
6791 103
4200 5005
6707 5396
7308 3344
3205 4265
5853 685
5485 7210
5266 4828
3574 412
2412 7650
3700 1396
3403 2218
735 4675
3864 7278
6670 1394
240 934
5971 4238
2442 3844
5029 1061
5238 2815
7261 890
2408 2103
6169 6814
3400 7193
803 6074
6931 3928
1980 6600
2780 6564
3547 3427
31 5022
3065 7451
6811 1011
3511 2672
6038 1833
1456 5263
1798 2507
4401 3534
7419 4381
4585 1750
423 6343
5998 7753
2123 1860
1840 7826
1034 3641
3851 990
7378 7611
343 1935
4305 2793
572 1493
7548 1203
6904 2408
1425 5641
3060 4711
2243 2783
6689 4890
3714 4772
7437 6204
3735 6409
654 2124
2950 876
5121 6374
2237 916
5922 1129
601 5455
1145 6157
7683 5344
1426 2096
7158 3663
3253 3539
1637 803
5049 5066
2424 6128
3014 3068
7421 2713
5517 5831
6252 7417
4635 2867
7308 6928
2744 23
2174 192
1726 3943
4076 4091
2598 4203
4738 2021
685 6724
2121 3930
5387 73
6539 391
6130 5316
5716 4973
7027 3239
549 3251
7802 2971
3401 6029
1197 1779
5190 4176
6321 5682
7820 2214
1042 7386
2974 5837
6071 38
7780 4688
6362 1265
4268 853
2472 659
5241 2186
3765 3186
3417 6645
4617 2291
5245 1832
152 4251
5673 3208
4706 6846
6234 5948
7400 5468
6390 4267
1505 1046
32 3208
4951 5856
7027 604
2104 3231
2110 4218
6811 6298
3482 752
3396 7830
4222 442
3289 458
1653 386
1328 6841
7838 1361
3878 5783
1086 785
1525 2421
1164 5298
6979 5434
2959 7130
290 3524
314 5444
2447 7362
5959 3299
3337 5733
5790 5518
1669 1777
4114 1651
347 6774
1679 6426
6126 3100
114 5681
1307 2605
6668 3936
1391 215
2744 2697
4908 7771
5506 521
856 5282
845 4958
6476 5279
4997 1803
7533 842
3269 4009
367 644
3612 2065
2852 5228
2930 4338
1706 5741
347 2636
7330 1724
7308 4869
3906 383
3767 742
2994 2042
5311 4562
4388 1110
5336 1158
2729 3381
4065 2277
960 1094
5616 2788
6694 3229
163 7702
4810 6624
1692 5061
7078 6243
7035 1673
2098 427
6801 415
3544 1085
6645 4336
5551 1840
4447 7385
2672 2463
1714 4737
3939 6960
5115 2537
1024 1343
1749 1319
1373 1325
3764 3923
4603 5917
4647 389
980 6806
4495 6669
3004 217
4348 1623
3921 3384
6248 208
3128 624
4572 5358
3065 1702
208 6064
6231 1449
1043 3410
2289 3006
2343 5791
5497 6070
4841 3976
7506 261
7268 4167
1344 3597
5522 746
3523 1737
1014 3937
960 4662
2965 2843
3418 258
7692 6100
2437 6481
7354 5100
5986 6551
4740 1056
6977 4688
785 2305
2794 7310
3685 4484
2811 1120
2213 5327
1873 7272
586 3996
7612 6519
1307 5816
2328 4043
4167 232
6700 2532
438 1216
787 1796
5586 3599
2788 6777
6297 1667
6870 7188
4131 5474
6669 7778
148 1851
5369 5622
1605 3226
605 375
2653 1959
4886 346
4625 4504
7183 2358
2411 2433
2711 3614
7756 5100
1108 321
4438 7810
4029 4338
691 3759
7010 6773
2162 2176
5216 1459
1272 7258
6493 1523
6027 2122
3947 3009
4717 3800
5959 2707
2175 1250
3866 1607
2624 5415
2688 3952
4404 5189
6861 6078
5720 2417
3002 3705
4207 1188
7434 3664
891 3077
5607 7448
4477 6166
7174 7749
7809 844
7062 7331
1945 3345
284 46
5575 4140
487 4848
6490 3674
3607 5252
6493 6677
4979 6972
7418 6627
6746 7601
5957 6894
3842 5501
7822 6716
5835 380
6876 2672
2077 6353
7296 5970
5923 3966
393 7266
5692 7130
112 2511
4392 6919
2737 375
5690 6317
5110 783
2458 1236
6827 4522
6595 3451
2887 1779
5292 5850
1763 5524
5818 2159
338 1474
1454 4122
3238 2311
4286 4137
5861 5810
4142 2680
3332 3279
1962 7660
4787 3332
503 7052
6558 7257
4488 2678
5605 5445
685 5867
860 7357
2640 4551
5012 6118
6068 5011
3548 2402
6196 4732
1870 2322
3059 3315
6609 3051
5741 4258
3165 5946
112 3918
333 3703
4016 1080
6243 693
3205 7747
6480 2626
7346 1090
4504 3896
262 7389
5656 3978
2715 1596
6278 2986
6476 1727
1420 4793
781 159
61 3702
4827 4268
5113 3417
4871 6363
1210 4358
5504 4406
256 6523
117 1229
4472 1927
1208 5523
2757 4416
5410 2146
1816 7497
3385 6970
3010 1163
5303 6215
2888 5006
6640 4617
5650 1475
5911 2414
4716 7817
2007 161
7657 4036
7042 1014
7829 1730
7709 578
4786 2956
7110 807
2204 3477
1619 4234
1437 7105
7070 4918
1634 7688
2655 6417
5990 7096
1722 1042
7375 2450
5162 4685
1135 1514
5173 1662
3692 7218
2813 5397
6937 7751
6588 6033
6999 1221
996 133
1893 3511
3692 4981
4321 3831
4975 7149
4416 4490
4352 2126
2361 6907
3014 6231
5170 7544
5232 2979
4026 3927
6547 1115
2955 6398
4646 2467
876 5503
5445 367
5876 4731
3232 6691
1606 2600
2916 2432
746 2867
4414 504
2377 1932
6450 7497
6769 6952
7190 5471
5549 4719
5016 5312
5724 3443
7285 2855
1860 1815
1170 4815
771 5628
5127 6578
1187 7699
272 4847
1478 6342
4137 7345
3323 7487
3804 1269
3259 1375
2882 1270
873 2052
5698 5926
2486 4627
172 2910
7673 2392
2837 1472
3496 5816
5828 7838
3589 2807
3752 5665
5240 7021
5570 1646
6221 7141
7482 4573
2961 6641
2194 4690
5069 535
7264 4341
5832 6461
6545 1296
6964 5748
5994 554
2349 1434
695 6912
5928 7250
4560 230
2235 3746
6323 6156
6333 7039
7339 3155
7518 1351
2640 5109
7536 5382
5733 133
3584 6296
3992 4938
6723 5945
3997 1891
2149 6074
279 2500
2058 5292
5584 2266
1859 3820
2486 4999
3126 4564
834 813
2178 6787
6559 2134
6099 3826
5025 3706
643 6448
3924 2634
3023 7678
5867 5958
4591 1482
5560 940
7277 1231
636 4822
4283 2971
1736 3581
1438 4417
4497 6017
7086 309
5799 2645
2475 4300
7436 7125
3795 13
7106 3808
7114 7564
467 2144
4343 4665
3128 2103
1452 6583
6215 3604
5167 5610
3518 567
3622 7353
4219 6404
1605 1169
7490 4170
7789 3125
1578 5591
2788 3187
5888 4548
5398 6892
3558 7723
3253 3837
6535 3809
3378 4774
5909 6247
105 431
4907 2804
4194 2114
3674 2667
6197 6346
3775 2145
1687 83
2914 4760
830 3911
6884 5578
6900 6573
7756 7832
4854 4680
7693 4902
5724 5218
1573 4044
802 2674
4774 3172
1449 3195
1306 7810
7215 3075
1543 2208
6385 6544
5247 2607
1111 2242
2842 1977
738 520
4335 61
3057 5254
5954 1267
1193 153
2657 5945
2543 6805
7766 4362
4759 7072
2567 529
347 3019
4647 6405
5057 4817
1007 1882
3576 6941
1744 6721
2227 7118
3742 3034
6861 1315
3088 7181
1870 6978
68 2247
2448 2764
1448 1218
7509 9
7228 1641
6259 5815
1401 5979
217 5005
220 3385
1363 3031
6631 3611
1810 4867
2267 1548
1633 4939
7600 5564
7311 7463
5329 7347
1294 2330
284 6894
1857 6352
4731 5654
5577 168
1490 6902
1496 4585
1493 7753
6904 1837
1039 908
2255 7836
3700 7526
65 4887
254 1296
1542 463
6814 3434
5657 523
972 5745
1579 2805
1850 3081
7198 5170
4486 964
6612 1703
6154 6219
1863 1200
3565 3258
161 3133
7558 3762
1468 866
5759 6636
7150 2513
2757 7774
1535 5128
953 4829
1374 2714
5368 6036
5397 2428
3088 2776
6096 6081
2612 3758
5612 5135
7444 708
3370 4272
5551 1276
1716 7299
537 254
1960 38
4860 784
1629 7416
6692 4131
429 1025
3244 2505
279 387
6962 3092
7461 3526
3251 3138
7594 675
4127 5951
2855 6993
5181 1269
3878 6552
3652 136
170 6755
1714 7023
1262 2479
3293 5092
2355 3128
1504 6746
409 3278
6509 4473
4753 561
2032 6905
5669 5611
1164 2650
2703 555
6650 810
6394 2712
6918 522
6222 1095
5561 4595
2065 3349
2058 3470
5922 4089
4322 3970
1167 4588
18 935
6312 906
4239 3578
7676 7089
3557 4862
1318 1207
5904 6708
3169 5179
1807 563
5483 4857
822 4480
7602 2003
7831 4054
2495 3176
4969 6302
4143 4437
2673 898
1057 6514
1113 6386
1202 3076
6630 1206
781 6530
5173 5768
885 1489
443 3113
3411 5413
86 1750
5600 6594
4465 6533
3310 6561
4156 6889
2876 5934
4271 5461
7153 4052
1313 1622
6177 6491
2700 7409
562 4371
4658 5439
1113 2817
3519 2187
5830 6074
4047 6099
4925 3821
1987 2827
3609 1521
6349 4430
6902 6967
2196 3123
7445 7772
1417 66
5018 6545
5635 3333
86 4385
3222 3357
4454 4604
5096 2013
1502 1844
1884 6806
3109 2397
476 5198
5808 1779
1787 25
4954 2214
4671 1824
2997 350
3201 7068
4031 818
576 6663
3626 3544
1051 592
2006 1045
6483 3382
100 5562
391 2848
4449 3741
5409 6644
135 7490
4075 3042
4587 7206
6753 4791
4534 6965
3836 4900
5132 1877
1117 5611
563 7746
49 7384
4896 4458
3972 2403
1146 5896
6094 5575
3500 2945
558 1279
2357 4573
6541 6823
2899 6753
5060 3178
5422 3352
4776 5432
4321 243
7689 1798
5041 5964
5919 4441
4672 7001
6472 937
7662 6305
2706 7599
2255 1107
1796 6092
2513 4497
5337 4229
5231 3125
5525 5522
4560 3366
2355 2284
4583 2120
1855 3636
1830 4983
411 4672
6338 1074
5749 7027
7036 192
2043 2316
5476 2290
1128 7257
4110 5741
1239 5627
4169 582
2606 3582
7638 4190
6014 4729
6476 3908
4637 1235
668 4247
6463 4926
3317 6166
6543 1886
5294 6709
6231 4377
1804 2639
377 3825
5469 7471
5859 6585
1720 260
7454 1158
4977 1607
7039 7736
3527 3635
971 6021
86 7193
1786 2809
2541 2690
6368 6012
6530 1400
3931 213
3656 3194
2975 3952
3153 1229
1996 5180
3281 572
5229 224
663 1286
621 2303
4934 97
2824 6363
1284 2105
2049 1513
6842 2317
2124 79
1767 4207
4784 2573
1059 5061
5909 1855
5154 7118
6743 3139
2978 992
6684 1003
7332 4512
1487 3696
6705 6624
5102 7020
31 6976
5631 2649
6451 5630
5989 4631
4822 7494
7412 3224
6886 3269
7552 1659
2546 3301
417 2545
7392 4121
1017 7647
7341 5236
4410 4853
588 6008
2487 7269
5700 2179
1574 7059
5468 3138
3344 4117
5342 4893
7383 396
5327 2914
3757 5781
4813 641
7680 7198
3296 6925
4916 7520
4123 2787
3835 7592
5368 6302
663 5265
4103 6360
5323 396
1610 4690
2677 711
4989 2110
4144 5322
2828 1622
3894 6729
630 7232
3658 3674
3056 6708
4148 703
2405 3580
1897 1946
4903 1421
129 772
193 6598
7603 3287
1007 5153
1026 6297
4250 4572
6339 5587
4947 2717
1691 3754
3242 5714
979 4237
4827 7690
7122 494
3571 3077
2457 5855
2856 5820
204 5124
4058 4749
4212 2220
258 528
6840 4367
4446 4010
4104 6589
5417 1965
7052 5625
6809 7703
4505 7291
376 4911
2971 5537
2959 655
3773 2732
7206 1918
3585 5949
6339 1402
7646 3893
5939 3610
6580 266
5915 333
3877 4540
149 1402
3090 5704
4551 1604
3899 7118
903 6592
684 3218
12 5681
2975 1510
6481 5133
5233 5200
5676 7676
3996 944
4375 1436
1664 2180
2054 7192
7589 5141
310 2028
5079 5392
6873 6394
3954 5955
6376 412
596 2935
6616 123
2664 6962
3242 2094
7447 2535
3363 2904
6363 2414
1677 4051
218 7816
3410 3322
4692 1643
138 4783
6762 618
1480 695
1307 389
1094 5452
5819 3885
2893 6470
2069 5961
4216 6257
2305 5059
1218 6223
1976 3075
3242 2679
6549 2036
6734 3566
902 3650
3687 441
4885 3384
5176 7292
6784 864
1310 5183
4793 6923
5945 169
2204 305
5227 6146
1001 513
1030 5901
5122 4372
5298 6090
45 1853
5434 5749
2684 3837
4360 2561
7033 2843
3204 294
5219 4467
2320 3886
560 508
4322 3479
5583 6827
5946 5770
228 292
2098 4419
4598 4216
7693 4464
5404 4155
4129 2031
6229 22
4444 4177
1203 860
717 1884
7467 4702
1849 7147
2615 7157
6390 5064
6179 2749
6868 800
1006 3304
2945 7011
2554 2944
7216 6048
7504 6806
5698 7534
143 7290
3645 4024
7454 5281
6387 3809
2123 4846
7361 6304
4803 6509
2712 3498
94 4017
1931 3943
180 4096
6924 7378
7822 1865
5148 3807
6968 5342
7436 603
3280 2778
5647 3024
5796 3302
6561 7800
104 1502
2779 6263
3063 1917
6813 2521
4853 3109
4679 3695
3191 7630
4464 1302
3501 5021
2415 5722
643 5787
1922 4256
2439 1562
3645 5621
3884 3572
5948 5362
4817 1660
7328 6077
6667 414
1868 1326
274 5745
4758 89
727 877
7398 6010
7832 1152
7056 4814
7769 7145
7646 961
2556 4366
1912 383
1806 2372
7246 7513
2286 997
2224 6572
6068 1677
1859 792
7233 3561
4051 5180
6856 612
4750 4891
2150 3384
807 5447
7834 6145
4487 419
341 4088
6072 1400
2456 6263
2141 3585
2175 1989
7829 4247
537 1584
2250 7443
3989 3529
6465 1028
1497 554
3664 3842
1989 7801
5394 5420
87 5204
4309 6004
609 7126
4263 3721
3138 929
2878 3139
3553 5325
1269 5710
6796 4010
2251 5736
796 5349
5229 4076
466 330
5368 4469
2225 6301
3703 4280
3231 6560
16 1991
6470 1350
3065 4799
843 7563
1906 7412
5060 5527
2415 539
3294 1595
4710 216
603 5922
1632 4399
1091 7075
4405 5857
5531 4501
6110 5928
5048 4115
7776 2032
2613 7427
7439 5746
7741 3240
7369 5896
5769 3231
6737 772
672 1551
4549 4652
7111 6464
5228 7831
5504 7573
6140 213
2882 4841
522 1082
672 7311
4344 1729
1347 6753
7407 5612
1267 4241
3722 7774
361 225
5014 1172
2160 5424
127 6391
2572 3471
6579 4140
996 2750
1202 7352
6548 6317
6370 3596
3218 1658
2100 4499
6524 3246
7048 737
2804 6869
3548 1283
15 7662
4718 5843
5696 6408
2403 6403
4827 5053
1433 6731
4327 5008
5593 1345
6259 6074
5988 704
2453 2890
5049 2375
477 2626
2284 7190
206 2763
2381 1350
3718 5050
107 523
5176 2861
6738 2329
6 4435
5826 6733
3676 7710
3676 1235
881 6165
1536 195
5036 4680
1366 992
4967 7633
4823 6086
4276 3910
2560 4727
4062 1717
3819 4324
2095 5649
3121 1872
5397 1650
7251 5032
3330 840
2768 6105
1365 4263
5461 3694
3161 4795
1497 4984
6334 519
3633 629
5491 917
6003 1031
4796 2363
3906 7611
1369 2936
2719 5016
4586 6789
3962 1310
4996 5113
1695 4900
3970 3774
1316 3110
5294 1014
2071 2121
5790 2339
5458 2962
6037 4905
5530 5017
7296 3729
6009 5167
3562 5429
5634 2216
4146 4865
2635 149
5842 273
3781 7836
3803 399
2060 997
1455 7666
180 5607
2857 6215
6064 2862
2307 3339
1848 2227
1218 335
2601 2620
1479 3071
4533 905
1441 5853
6325 2624
1083 4476
2749 5747
6158 3504
90 335
40 4182
1356 1998
5113 1432
4660 3286
4542 2403
5351 1935
1226 2845
232 5850
1946 1688
1215 5124
7567 2688
2789 7123
6737 4393
6839 7618
4852 3795
6383 7763
3989 6588
2153 6949
5668 3508
5690 3592
735 4493
7432 1747
5367 7013
7447 6716
185 2155
3349 4393
269 855
1643 5792
4127 7252
7795 3799
4878 6695
6389 7403
1342 3787
2940 2544
6953 5037
1452 5179
6871 4624
141 6974
1286 2739
4387 5276
5784 0
2528 3746
3133 6481
311 275
4972 3212
3657 4226
1402 2422
1181 728
2335 4915
5000 157
3086 533
3487 4148
5661 833
4949 5748
1286 89
3996 7809
149 207
4365 6739
4782 315
2353 3028
5313 1358
1873 3280
1328 7188
4349 3294
3297 5547
4763 7374
3338 4691
1416 1642
7827 7459
335 490
2177 4511
1399 891
4534 7756
6928 3397
6699 1915
4063 1166
2470 1142
515 3101
5893 6435
1667 3585
1688 1601
5805 6973
5037 7683
5289 859
7815 3463
4077 384
5525 5325
4969 3292
6989 5813
6131 665
1120 3349
6224 6171
7135 7811
5001 3958
705 4348
4356 2482
5800 5915
6361 236
2744 974
4520 652
2527 177
1213 2173
4376 5440
5080 886
6381 3903
1943 855
5599 558
7387 3514
7764 2503
3835 2115
6854 1440
7538 5207
514 4564
4017 4024
459 7811
3770 7228
6519 2475
814 6299
4875 4223
3815 6381
833 1174
1887 4849
6555 5435
1818 5637
1026 2569
5033 7258
853 1607
3528 6102
1373 550
4414 4074
4821 498
6926 3157
2522 3577
13 5089
7825 635
6424 4158
62 5974
7470 3826
7179 3951
5336 4355
7381 3611
2505 736
4212 4080
5436 147
696 5170
3062 4924
2979 7467
6053 2018
7582 4479
7283 2600
3658 7449
6043 2200
4226 3196
435 1782
1483 4059
4579 7838
5167 7457
1133 484
3356 5264
4580 5775
3784 5058
1722 2814
6070 7452
2793 313
6958 4142
860 6709
6629 2951
733 2412
7429 6333
4668 1365
2952 5633
4676 4135
7389 802
529 3335
5239 7173
6170 2136
7588 6688
2763 2567
7064 1
2537 6570
751 3770
3984 4485
2079 6209
6197 6001
4091 6216
1757 3144
6315 7400
172 7569
3542 4684
761 6440
6184 6586
7712 706
3515 1802
2186 5966
5807 1317
6088 3221
6924 1464
3486 6745
6116 2552
3914 531
3806 97
4352 6340
4810 2113
5918 4635
449 5327
5915 2936
3920 2834
2695 6353
7664 5919
3519 7310
2670 30
220 2358
2664 6062
7566 2094
1818 4325
1164 3885
380 4172
4307 5654
5120 1745
6404 3389
3821 1384
3285 7190
591 5540
5714 4320
32 2350
5719 3946
3040 2300
6980 1025
5566 4929
5023 5718
249 2412
7574 1294
6546 3380
6434 3847
6700 5587
3554 6761
864 748
5307 1770
5467 7004
5609 4424
6150 797
2095 4903
3921 2308
3233 4645
3252 671
7109 3386
7076 3139
2227 3046
6654 4749
6296 5287
5014 2676
6392 7112
765 1003
7019 3556
7284 4927
5353 1688
7825 3694
4562 3291
5424 5907
3938 707
3643 830
4261 3142
3956 2007
4697 3140
6613 5841
2696 4216
692 2960
195 7012
812 7722
692 7123
495 6782
7598 1866
5458 1425
2380 2770
385 4484
4539 2567
4679 5730
2721 2786
7059 5396
1934 7209
7749 7685
721 3827
7268 5560
281 5128
248 773
6165 4341
6897 2788
3149 2700
1641 4845
419 2458
6140 5383
2466 6606
5183 498
2733 2124
2370 3239
3029 92
7089 1789
4422 7277
1289 7671
5457 4135
3815 5633
4320 7827
7718 5284
6464 3582
1700 3273
701 5475
4713 3468
5461 3806
6403 5483
7193 3813
1085 7607
3681 965
3732 6331
4684 525
4419 2478
4296 2387
7125 572
2326 6043
6149 2815
5830 601
5892 64
5074 7419
7450 5369
3404 572
1642 541
4421 123
6631 2341
5756 6278
3071 3404
1758 4519
6419 6995
3717 3302
5201 6441
1423 816
7223 3764
5991 2168
7611 7388
626 7433
6935 6089
7264 992
5985 5814
4572 5846
134 6578
4996 427
1337 3707
2558 2115
4389 1171
6302 163
4963 3363
2857 6787
2771 680
366 1851
6159 4816
3157 4918
4017 1398
6398 3472
7323 601
1261 562
3751 935
5693 2333
4940 1376
4355 4041
4184 7811
7810 6910
2356 2365
6491 6527
6241 570
800 1870
413 3783
4152 2862
1170 2249
7189 5227
4295 4762
5678 5792
7113 2617
2826 5327
911 5898
1028 4280
7210 794
2657 4920
1940 5449
1089 6740
4243 1992
4162 788
2451 3262
2755 620
5927 7760
4543 5661
2877 3782
3106 3791
1219 1979
5520 7281
1704 4595
3433 132
5218 3867
526 1877
2028 1730
3127 2274
7003 1357
70 2420
2166 251
6237 5668
7256 2293
4138 4074
3924 7728
2633 348
7616 6884
5453 4327
6846 1697
784 5784
6114 1224
1799 1356
6955 4012
7239 4280
2857 7263
1033 4842
3606 6082
6984 2947
7631 4515
7237 36
2744 3309
2855 3438
2103 1614
6476 264
5385 686
415 5089
7583 1450
2640 7699
1914 2838
1138 905
5378 6531
1644 2116
2325 1386
7313 2224
1803 1912
5440 4554
2856 7531
5079 2769
4335 5355
3534 323
5094 3942
3294 6801
6404 6781
942 4448
3822 588
690 6027
7058 1249
1581 1304
4590 1350
5965 120
5141 6279
2307 2149
822 7169
7388 1588
1973 1791
6348 1578
1309 7514
2364 2684
863 108
5280 1581
6053 2279
735 4987
3407 3586
4055 1969
7289 4675
925 2133
5631 6365
509 5599
2761 5202
3391 647
1651 5266
2014 455
4707 2801
5057 6469
1392 6081
5629 680
3123 2948
5413 7060
177 2520
6545 5616
5264 2010
6417 377
553 2790
7298 3817
524 1926
6528 7211
5742 5276
941 2776
6612 355
7340 6009
4233 4491
1218 3538
2769 4845
3521 1332
1792 1019
7284 7673
201 6117
3161 796
6082 4231
4453 3349
4119 5628
525 6025
3183 6375
1732 1785
3493 1140
916 5137
843 485
1151 3817
6092 857
5834 7364
4598 2170
2782 5800
3374 6435
7114 407
60 2147
198 4840
4896 6639
3753 676
2494 1655
774 6666
609 1285
1370 5598
2265 3620
282 3164
1516 6509
4849 5846
6288 405
1564 317
2529 2350
1863 5410
6957 5899
6408 5932
5314 5690
3791 4253
3952 3958
832 1944
7671 1468
6845 5759
3857 4773
6184 7009
2666 2201
468 126
6816 6735
4142 4696
5304 225
2164 5113
3777 1052
1975 6408
4781 1887
4505 11
6104 730
2038 1350
4373 1511
1369 6435
3201 4042
2682 642
5073 941
211 3465
3153 3287
1332 7242
891 1658
3466 1387
258 5791
5176 5181
5619 4634
6333 1937
2473 2546
3281 1466
713 7678
310 2836
4404 1898
128 3612
4643 5885
4714 7767
212 7274
6425 5751
3641 6315
151 623
4454 7753
5853 6528
2838 4660
1096 6680
261 7601
556 1969
5152 4251
7529 6466
1817 4100
1306 5753
6803 1741
2664 3088
3393 7450
1917 4573
7795 1699
641 3069
2415 813
7640 4683
4531 3011
3377 898
1833 5892
7211 7393
2320 2527
6756 7666
2074 4570
4366 1868
7411 3337
6016 3590
4914 1029
1613 6435
1074 360
1876 6488
5008 3371
4172 1056
2605 4415
3944 981
7126 2743
3268 2428
1669 1919
2829 3613
5510 1443
3820 5176
3414 7665
4030 7212
2406 5887
5006 3543
1625 3464
7204 1250
3107 2020
7300 1833
3165 5001
1625 6156
5112 5684
2361 2049
6576 4201
4549 709
3812 3025
5733 4919
2850 6262
3271 1807
513 2239
4727 5170
3353 1949
5952 967
1641 2771
4133 3630
6786 7762
1396 4544
6793 5329
4235 4868
6288 2842
7621 6257
5822 933
4137 7824
4755 5247
5909 3705
3024 1660
1970 3777
6917 4365
3947 5051
3859 3197
5871 3197
2117 7758
3914 1797
1587 7455
1556 4910
6520 1993
5606 2583
2270 4888
7755 4252
3159 6895
2830 165
3985 5316
6754 4434
3460 6502
6854 2124
5025 1001
4640 2616
5177 6621
2562 7134
7574 7443
6298 1417
591 172
3447 5653
4081 3387
3629 3811
562 2299
4613 777
5270 2940
4666 6077
510 7144
2563 800
3791 4120
2266 1787
7657 7318
1457 1260
1359 2984
2444 592
3986 4406
353 2135
3941 2442
301 6071
7831 4905
1406 1357
5814 5236
1189 1853
7719 625
3856 3755
505 5442
7151 2963
5966 6978
3065 3637
7450 7537
4371 6423
2436 3795
4926 5621
7083 3664
424 1728
4445 6803
6138 466
6343 7102
6373 5809
6528 3478
6288 273
7372 6790
3715 5296
5795 2453
5391 2512
2611 2104
195 2561
5855 5596
1863 4189
6316 6490
57 1289
3536 5047
6749 6706
7715 2261
4737 333
3527 4203
588 1019
5228 5580
1971 5776
186 410
2458 7227
3979 597
1128 2547
2250 7607
6938 4900
4588 5105
6034 3914
760 1470
4749 3975
6644 2683
3868 5962
2323 270
1310 3153
2180 5896
5767 7688
6404 6262
2275 5617
7786 5234
1455 3643
642 7481
2745 796
7174 6455
3900 1926
2750 1380
6247 4910
1787 3323
6728 7819
1861 5972
5604 4009
3163 600
6428 7285
7094 5563
4841 5308
7420 5239
2643 4102
1847 4359
4531 5262
2677 5701
4427 181
4764 6497
3473 6163
2781 955
7680 7651
1282 7573
638 1129
7095 2220
96 830
2121 6272
2139 3716
6378 140
4316 5582
2208 6102
1753 744
5423 6812
2845 5633
7484 7609
3529 7218
6157 6
5481 1075
1537 4333
3825 4599
298 6636
7635 903
6892 2277
1674 2662
7800 3390
5452 7169
4216 6502
3907 6518
6222 923
2412 2907
6130 2872
330 7093
1756 4322
5181 691
2199 6185
1949 3160
2103 1523
1016 6104
581 1180
4673 975
4706 2393
4550 7646
1191 3437
7581 7655
3572 4055
6021 5318
3425 5544
6326 6077
1827 49
7139 171
5300 743
4865 904
5470 4790
2899 4891
3847 7650
1462 3969
3742 5376
4271 5172
1467 5757
7432 3482
6892 249
4492 6275
4934 7159
2890 2951
2633 720
2123 6913
5105 3489
158 2374
6501 5616
3098 2066
5998 6226
5266 4992
2559 2565
4206 5778
811 191
1462 1109
647 826
5691 5152
5531 5981
5958 754
1642 5075
1161 1993
4484 6615
4198 1808
1611 761
4562 191
838 933
4307 4097
7123 4359
7758 917
6561 3846
416 2238
2511 5922
3691 6082
1941 7584
5512 2133
5225 1626
2856 1580
6588 1365
1419 2303
7473 1418
38 5745
3530 1039
5387 5071
7226 4223
4101 3749
4871 5256
6286 2433
4890 3125
3970 334
7518 3134
6224 319
5771 397
762 3534
5163 2089
1301 1159
1180 4895
2703 6121
2687 6550
7156 7511
5083 36
3658 226
6650 6781
7092 1844
819 2227
1565 890
3247 522
3170 4880
3348 3517
4901 6046
6007 6832
2133 968
6870 4864
873 6489
4049 5904
7017 4404
812 72
5828 2271
843 2764
3080 4994
2487 4910
2272 3990
5032 6625
6326 6857
2802 6447
4217 7754
5909 5077
3444 5699
982 3847
5775 643
3784 1674
4314 5471
6621 2612
6552 1818
3984 870
1732 6789
1497 6831
7454 5541
1752 3901
173 3638
6313 7780
1534 3552
3973 3213
4201 5259
1333 2677
5287 6616
4851 3732
1761 4124
3517 2240
268 1497
1147 2046
4134 6127
5869 3432
6543 752
6046 6805
5801 2752
6779 2250
5717 2530
7629 1368
2431 6027
5572 7496
2176 6710
4866 1382
7386 4752
2420 4146
1078 190
6911 7101
2152 7370
913 584
688 7014
5865 2834
186 5235
959 6534
7175 4684
4591 6567
6927 5825
7792 4297
2038 1189
5348 4952
4176 1721
2164 3667
3191 1940
635 6053
1686 354
837 4603
5651 3153
3001 7632
6580 329
3832 544
6146 3357
2381 3497
4372 7567
2187 5619
2713 3745
3733 4002
5740 2137
5018 4447
406 3075
7480 5653
153 7770
5485 3997
3555 2748
3076 2615
4155 7587
370 7615
1927 1996
7613 1410
3877 1238
2594 1042
853 2883
1096 2701
5594 7636
4494 694
865 6354
7203 3530
2742 3923
7461 3229
7518 4707
3357 140
1666 1444
2203 5539
6295 5456
7837 3581
4250 49
4289 4575
426 6917
4205 1686
2035 6561
6528 4796
5577 7688
1780 2210
902 1565
1395 3944
2151 3431
7353 221
459 2397
2722 6893
1259 5914
3030 6163
4060 3908
7105 1926
4050 5952
614 3021
5611 3122
5980 2530
6238 5553
1044 436
7042 3192
1781 4011
392 4823
4598 1613
5398 2557
424 7091
5692 1825
721 4016
4336 3689
7179 1534
2469 438
4737 6674
5879 1814
6563 6944
3572 5255
6713 5136
885 3475
6354 3027
741 2215
1028 5318
1375 5749
2607 7621
2166 7600
1051 2828
7147 1902
5369 1057
7122 6830
3594 5892
1567 7192
1016 6263
4520 280
5772 4102
2051 2826
6936 7619
5789 4723
1095 917
4505 3732
6585 7298
3764 4338
509 6421
6228 5027
7154 5572
5089 6543
3183 1632
7194 7350
7704 5172
6469 3087
1693 3081
6436 3752
1612 3827
2088 335
1395 4067
7611 803
790 3604
419 4970
5795 5591
1774 5061
7774 5420
4763 7660
6028 5841
6410 504
3322 7546
5930 4364
7542 3168
4601 3999
6951 1776
6054 4653
4508 3653
3845 930
5908 5724
6467 2091
2013 4258
5605 7158
5668 6917
5064 5803
7065 4201
7591 7311
6765 689
2356 2553
2655 5622
1640 6044
461 4045
3138 7006
117 4398
4572 3754
6727 6657
5300 2405
3583 1788
2376 177
7335 2696
964 2552
2942 7829
3602 4281
2115 5772
4777 981
674 99
6714 172
58 449
2466 6889
4234 2304
7569 2319
2046 2673
585 4993
2090 2196
7203 6566
1988 630
6637 6362
4277 2895
4317 407
3074 2680
6747 4934
3531 4317
7023 7188
3351 5827
1333 1546
3979 3095
1938 100
505 3181
5183 125
391 1611
912 7076
6212 7262
548 6000
6033 5061
7592 5344
6483 5189
7754 87
1060 4525
6295 3864
2427 2957
2667 4985
3920 5512
562 7226
4246 7415
5023 3751
288 3593
7281 2959
7729 786
2983 4387
5020 4554
6470 6083
579 5762
2790 4203
2913 4428
4709 6715
5525 6249
4877 1764
2690 6998
292 1088
3623 5558
1596 4431
2373 5287
4444 6908
110 7441
7781 6581
3843 5120
5545 567
6615 4028
6670 7
4065 3955
4981 4144
5434 2730
5245 6088
3317 5008
3052 2705
3451 4044
27 4956
1379 4383
3381 3965
2783 5006
4223 641
6101 2189
1983 7223
5316 3661
6588 404
4170 3375
192 4552
3328 3087
3163 5249
4733 5686
2467 6671
4821 3812
2888 63
3749 66
2268 6243
4800 6202
1162 5776
2952 5411
5697 3722
2497 6637
2790 2078
906 773
6783 490
1898 7039
4988 5036
3806 3515
3760 6498
7394 2770
766 5305
7598 756
7659 5824
7388 1674
2186 6674
244 2325
4070 302
1009 2531
6056 7647
3327 4780
563 2706
7391 3398
5926 4513
5484 1774
4092 7389
7663 4344
6495 4328
3252 40
271 4498
2347 6821
6805 1803
3880 5356
5204 7785
6043 898
6583 2937
5924 851
3254 819
1464 1856
2368 3715
480 4501
4456 1273
511 4219
7696 3480
4095 1909
5414 3408
2117 3829
1899 2768
7242 6910
1473 5119
7239 1222
4445 1857
818 7840
1846 1469
337 2510
5699 1762
4983 91
4856 2918
7524 3896
5067 5744
127 3341
2312 7276
7189 327
1918 3765
5130 5961
7769 6024
4578 4838
7650 3130
6850 2353
6530 6633
6725 7562
3969 7770
7262 1722
3345 1291
6839 5972
6725 5525
2202 3404
6121 4669
4992 2242
2124 2565
1294 826
2929 4304
2080 3255
5770 6012
2716 237
4523 4307
4555 5416
7483 5939
3262 7739
1475 5428
5543 663
4381 4714
5899 4659
3482 4933
4970 2189
6126 2161
577 4497
4744 7685
2134 306
6897 643
1761 2934
5982 6620
733 7574
1391 6114
4801 215
4443 4237
3462 5004
1154 934
1685 7491
2250 173
2757 4699
3084 6107
1246 6203
4128 7152
1175 4963
4563 3624
4182 5836
4605 1154
7805 474
5564 5725
3477 2460
7633 4961
4668 5637
5784 2912
5689 3768
5564 1403
6781 6084
7344 3075
6667 4060
6759 2085
3704 2293
3716 5867
6749 3883
6619 6681
3831 5438
875 7297
7513 4517
2479 1446
6546 3725
5733 1093
6097 3739
126 6080
2622 6206
7410 7462
343 2685
1813 7447
7464 2790
2361 1133
7732 3169
4061 2327
2252 6695
3661 7575
3739 1346
4382 204
1958 6024
3463 7202
6228 4975
1347 2751
412 5361
6216 2925
7450 5417
639 2396
7216 4864
2511 666
375 2233
7807 1628
4238 2538
3901 496
2976 6328
6931 4595
5462 63
1370 3637
6560 1919
1023 4773
3107 7421
5791 496
6849 4200
2605 6804
7668 5230
2194 4177
6026 6362
5350 599
1409 4587
3514 3035
383 2020
300 6200
1002 6498
5415 3961
37 2555
1094 3560
3502 7119
3817 284
5195 1154
5834 5104
2526 6989
5931 734
4177 4258
6365 58
3916 3098
7191 7561
761 3129
6572 4716
5563 427
4699 2165
2004 4556
7385 3362
7600 7752
5565 5436
1300 2028
5162 1730
1806 5017
6578 3163
3824 696
4330 2022
1065 5921
5165 6472
2494 3718
582 7453
3812 2260
1879 1780
6306 432
4103 1849
6791 4070
2060 6466
120 6344
1312 6690
809 5047
3975 1823
3396 2873
7462 2421
7135 5999
3448 2099
4260 1604
5783 2799
3437 6783
2362 6594
7158 6389
4196 1017
5247 1137
7293 6847
2193 643
3172 7348
1439 1790
6478 7784
5584 73
1122 5644
1975 4604
5353 272
920 6472
5557 5480
4118 4129
1243 1091
6645 2276
7268 464
7290 3661
6605 4101
1344 349
1694 2755
5748 2538
5224 3777
3324 5839
7186 1271
6101 1843
3047 2004
2450 5792
6618 5167
1944 2060
7719 4748
117 6808
7316 6570
509 5523
2640 7507
7488 1675
1019 7443
1555 1947
4859 6517
4246 5564
2030 4021
7827 3747
4897 6394
4514 6137
1669 4641
3293 643
6013 4667
657 4746
4325 5043
549 3180
3229 3563
2853 6701
6133 1475
2171 7401
5232 4615
1774 5412
5387 1170
2979 5973
7027 3005
2787 7448
3713 5187
6447 3467
3792 5159
917 4879
981 6863
1511 4108
2864 2360
1855 6424
4053 6624
3839 5293
5280 6164
1656 3708
7287 2638
2774 7710
5245 141
7001 6665
6994 777
4165 7761
5236 1910
5599 1799
6704 1853
4315 5701
4970 4781
3159 4175
2820 4198
283 3066
6087 5849
3296 4973
3214 3749
2533 6184
5239 5796
2287 6180
1138 6721
6896 1720
6906 161
7512 2897
6348 5012
4489 2275
466 5076
1572 5819
6025 6104
4229 5742
3427 7540
169 4407
981 6940
1311 2250
292 3028
5779 1151
5890 4275
5155 5347
2696 6005
5920 28
2060 5931
2289 6284
7162 7780
1191 1084
6377 1243
4322 1813
3358 1063
896 2752
568 7145
1466 5917
2194 942
1620 3964
1417 6687
4233 1599
4095 6669
1702 6081
1876 1873
526 1
1147 3260
5 4068
7430 303
6184 7584
4560 7462
5660 2614
5265 7084
2276 2870
5958 458
6588 3860
3173 3209
4630 1387
1671 6181
6573 581
1259 7488
190 1535
393 7026
6937 6661
5796 6945
891 3842
5718 4602
2894 2753
7569 56
6011 6449
1442 580
6931 5863
3247 4578
4316 5183
7708 3115
1637 4259
6125 1276
2230 6758
755 1578
6387 3254
7405 13
7672 5265
3846 5879
211 1895
3727 5534
2031 3126
1599 6163
3798 7062
6604 7531
5338 752
7760 6638
6243 1758
4855 5044
1716 6346
7332 5086
5619 2296
6747 7099
5163 7794
816 7603
6383 3497
5729 1742
6368 2487
6382 7559
2122 1894
5740 3921
6698 2812
5472 6512
5655 490
3044 4190
7102 4679
2249 2483
58 4712
5264 3301
3322 3686
5844 1524
3681 7658
6788 666
4433 6561
1780 2107
3426 5520
6085 1146
3167 7142
5921 3655
2600 7704
1583 4174
1738 1840
943 1014
783 5657
7678 4141
3244 213
6550 6277
1221 2211
6035 7624
5390 7093
7101 618
7322 3134
2080 6279
3340 1630
5174 4814
5402 27
1741 5997
6985 4763
1164 1375
1200 6317
7596 6730
3197 6454
2027 1249
3082 5131
3081 4316
6956 6748
2387 5129
3497 5610
3706 4623
5651 4455
2514 2400
5572 1288
123 4029
613 5104
6669 2164
4718 5122
7803 6007
3209 6099
563 4028
881 2513
7552 3497
6022 1985
4612 5572
1591 7037
2174 5036
7663 4732
543 3682
3581 301
3480 43
6365 1381
1233 7526
3725 4343
7733 4410
264 3845
7236 3533
2420 1728
2295 5759
6948 2470
2793 3683
344 5030
6866 6461
4034 2513
52 6589
203 2938
1675 299
5255 6323
3457 3770
101 5758
3718 3888
2156 4206
7130 349
3857 3890
928 2181
7371 7375
967 5135
775 6605
6942 6842
3986 5412
3037 3714
6671 4933
3406 1461
1817 926
5906 2054
132 2426
6774 1353
7160 5234
6194 6046
4631 7747
6670 554
3604 2567
3715 6590
2356 6103
1274 7207
4677 2338
2408 3980
2698 7354
4867 3761
4901 873
5456 6207
3057 7529
2075 6438
3893 7353
3616 4057
3759 7759
6158 2108
3352 650
4232 2401
3142 6735
3552 4138
986 7202
2764 2527
7169 7551
7558 1850
2114 6049
6413 5351
425 3904
2110 1128
274 6281
7337 4715
4542 3942
1921 4447
4234 6042
3038 4023
6008 2575
1541 7462
6943 6121
5235 7266
445 7127
929 6923
3955 6813
5600 3479
5364 7724
3328 5531
5563 1377
6428 7199
446 2247
4440 5889
756 1863
1835 4135
7498 3908
2472 5066
1918 4922
1890 2118
5669 696
2647 6534
7157 3171
1319 1762
1720 7245
5792 3398
4740 5609
7713 5516
7156 6045
4586 1224
3019 6828
5797 3705
3574 1893
3135 5136
4587 581
6089 5473
830 7319
2910 854
1770 6969
4 2310
2872 147
5762 2861
3212 6231
6087 1961
6808 5439
5215 1402
815 389
5778 7795
2566 2620
7772 3619
82 5118
5981 5312
7334 1011
1656 4803
2459 6724
2505 6071
61 1566
2850 4601
7720 4814
6220 3361
6615 6761
4578 4060
728 3196
3806 3610
6935 3502
2536 1799
4262 800
7223 1863
332 2766
5929 6368
4648 7665
6142 7639
2153 6294
7342 3560
528 7444
4914 5252
2212 2853
2717 3795
4258 5496
5672 2983
624 7581
3262 1225
3988 7347
366 7839
697 5657
4408 2121
4855 2114
868 2222
7552 4622
7082 748
3155 4456
2730 2961
5030 1740
5281 6540
5606 6180
4106 2506
7636 6386
2946 5043
1299 3706
3806 3426
7696 4657
686 7476
1709 6912
4664 6526
5880 6778
2385 4682
724 5693
935 7450
1444 5981
1103 1194
7224 592
3225 7639
4831 2299
4752 221
7418 4342
7103 2831
4116 3115
6165 676
3950 6465
699 2921
1685 5922
6217 4084
5470 5569
749 3457
5618 4368
7264 1952
2154 1313
4195 7321
2934 3997
2913 7304
6693 4595
5821 717
6707 33
4011 5072
6421 2777
5426 6420
6500 3483
1134 3543
6975 7094
6285 691
4297 6508
5666 4952
2393 6675
2453 2792
786 2462
6611 6079
3538 5402
4562 3074
6439 2189
3383 2255
4321 2878
1116 4166
2101 2895
1301 7353
5790 1193
5568 520
6002 3507
6324 1208
1638 1144
1571 3520
796 756
4766 7199
5439 5353
5279 1816
1839 7269
5894 5977
5924 5426
3143 5399
5198 514
7214 3398
635 325
6884 7033
2126 1720
2875 3058
7669 5076
7143 2447
3015 5885
867 4695
2329 6838
6966 774
2370 3355
4274 6892
3516 4501
4920 6086
2545 7354
7502 517
5761 6081
5439 5485
2244 6942
2094 164
5020 2527
5723 3086
831 4238
7503 7099
593 5482
516 5020
6775 4767
128 900
4295 7668
2856 1531
779 7467
6626 5503
4110 4638
7760 2452
6440 2887
7250 943
2075 6386
3330 7043
6406 5306
4827 1198
3834 6499
5202 5373
6914 3913
4243 1719
3006 1345
6935 5929
66 4734
6553 4608
7670 4408
3206 199
3678 4822
6491 5533
6240 5694
2921 7364
3185 2750
3047 1570
3468 3735
6597 3964
7469 5207
6060 4220
1394 4893
1032 7071
6551 7498
1128 3377
5651 2341
1565 3823
7121 6560
1799 3121
5856 2767
7650 3729
595 7837
4726 7365
4671 147
6530 2502
4334 4435
3385 6537
2112 6550
5438 1607
6280 1340
4122 380
5589 5079
5992 4844
5827 6425
5171 5319
2763 2611
4907 2691
6454 698
301 1843
1697 3955
3714 3053
485 3699
4213 2709
2198 1114
3297 2845
6654 4643
6870 6755
7827 782
7822 2031
6758 5582
4578 3870
161 4472
7801 2592
5621 7510
7804 2684
816 2293
3202 1387
4979 5811
2160 3628
4591 6206
804 6848
6464 1570
6490 1598
3107 4819
2469 3730
7526 5847
7631 1040
1121 7783
5806 2191
3415 604
6230 2277
3025 6552
6384 4860
379 6110
4603 6766
2491 3647
4865 144
813 1242
529 5835
2192 2689
1778 3122
1316 240
5303 3951
69 7294
1625 2254
2608 1105
5229 7121
2112 1029
6361 7620
2454 6583
3740 6368
4140 579
2450 7140
5352 5944
3647 4072
856 7054
7315 576
6181 7359
1254 1500
4892 5923
4965 6810
6525 7085
898 5807
5851 6906
4297 6538
5798 6038
6278 4968
6234 1283
1342 7721
7456 5762
4356 2051
1267 3337
909 5448
2445 6688
6476 2032
5081 4988
2059 5190
4085 2361
1023 3334
169 4195
5272 2462
2577 1664
4096 5083
4869 6227
6423 6480
2943 5118
278 3295
3454 7777
2192 5220
7636 6485
6477 7576
2611 788
2944 7666
201 613
6851 2021
1214 2541
5121 851
6336 1010
3165 3122
4588 2087
3436 1608
2278 7534
1141 1386
4287 7317
6932 7268
1952 5870
3726 3648
1084 4441
2324 5254
6302 211
2626 5631
5081 5424
3223 2077
7350 3893
2414 7720
5481 1105
2747 4590
7529 3703
3653 7406
113 3651
5113 6712
6287 2706
3602 4980
2319 3768
1368 479
4927 7103
7450 1123
2540 5387
1733 6150
332 929
2256 3895
3691 3683
1742 6561
5989 1862
1293 1970
3862 2574
2883 1149
5263 6849
5229 4276
7468 3443
4419 7587
213 2849
5002 2384
2934 7085
4192 660
5861 2216
2205 1026
6890 5864
1792 1225
7043 1479
2101 663
4874 3052
4703 793
3229 7349
4221 6971
2284 180
2074 2099
4139 1636
1897 6642
3754 3165
7423 2475
6263 768
488 1515
7626 2053
2577 5287
2897 6776
3536 5178
459 5670
4799 873
4767 1743
5053 5397
3399 7049
5334 7576
7066 1133
700 3015
1915 4736
4219 615
6624 3357
3850 6310
4975 4348
3290 1052
2073 5161
2871 4817
5408 5679
1079 4873
1121 5535
6329 1718
4823 4459
1774 1974
6018 5189
4765 5145
2559 4971
1649 7060
6348 5982
151 6318
3511 311
711 2311
6302 7133
4219 2571
4856 3614
6937 1482
6942 5768
4318 3430
757 6653
4843 3868
4710 2235
306 6675
3559 6608
2625 1919
7324 1882
1218 7025
5532 7309
2147 7669
5816 147
7801 4836
7472 6926
7186 7406
5186 7760
922 2202
3783 7256
2063 4876
5 3431
3220 4626
7338 2118
3612 2295
2865 6079
6068 3194
1909 782
69 4665
2149 5634
6329 603
5050 4326
561 5610
6729 1465
7005 5194
6131 6531
5536 3891
2258 5120
3015 4721
940 2061
7150 736
4890 5129
6798 3580
1397 7789
4299 3826
1221 3314
2500 5112
4867 3566
355 7108
6305 5821
5977 6230
828 4910
3535 5241
2962 6513
6157 1114
6014 1634
5809 3275
2867 392
7798 7210
5750 293
6335 2997
3867 7819
6133 7611
4721 1777
1290 2681
5409 5732
6873 2311
4538 6100
1505 6071
2119 5472
6884 4225
2016 3678
2143 3106
7688 6149
6042 5543
6105 2704
5420 5856
2762 2279
4659 4188
3372 7690
2520 4820
7790 4705
5426 3587
5212 6307
259 6263
5353 4280
3382 5281
2885 4516
2720 5220
7561 4424
4009 5522
1177 2569
3585 3295
4050 2177
4338 7557
4115 7280
183 3894
5701 225
1174 643
5466 3070
3054 3288
7 5522
1922 1667
7840 6457
7808 4037
3436 7428
1552 2135
3551 4244
913 4267
5187 2265
7101 5026
273 1158
1345 2301
5537 3140
460 3801
7535 5169
46 6443
236 4854
6509 239
2098 3647
5088 6312
6216 3924
4093 7491
3104 1766
2139 6659
1910 526
3449 2616
681 4768
488 3321
1259 3057
1622 1003
6402 120
7807 7763
4711 1308
2765 1585
6234 2248
6692 5861
3037 3017
1090 417
741 6695
755 4186
3909 156
2228 4882
4407 1516
332 5701
6694 7140
6930 2722
1151 3947
4773 6545
3398 7596
7218 7022
1258 3569
6414 7604
7065 3046
4615 827
5022 3905
3472 463
1873 4081
362 7349
976 6548
2293 2120
785 7251
4671 1192
6392 6570
5618 413
3022 5041
6866 7164
505 3674
7089 2596
7394 6584
6129 3082
7533 5892
5432 548
1330 7102
2323 7618
3855 7014
4118 1467
6654 5309
298 2486
4055 155
5076 4150
6483 1667
1294 2291
3941 1166
1799 7807
1018 7159
4735 908
538 1230
3066 1629
327 3761
7459 5055
66 4846
5915 1758
3384 4576
1940 3794
3433 1267
7732 2698
7281 4512
5480 4291
6774 3262
165 1772
2265 363
3392 2497
5759 90
3284 3284
5987 7402
7316 1490
7400 2064
5428 3436
7321 131
4456 1130
3296 386
1745 5698
1327 4458
6773 1408
5704 618
312 5767
1978 2974
5937 1091
1840 1983
6362 3292
6068 7476
1816 193
4784 5401
2425 6451
1223 691
2427 6220
7797 7300
2607 1536
2417 3013
3156 4041
2971 1129
2619 7476
5657 2564
1258 7145
6219 6902
1290 2881
6139 7545
390 3088
7194 7625
3099 6740
5586 953
5086 5882
7515 308
1784 7294
652 4907
6838 3468
4696 1544
1458 7579
6369 4054
2574 5690
7812 1609
2298 6714
2202 6123
254 6776
1425 6612
664 6183
1232 2022
3087 1703
7343 3521
1755 6914
3182 3258
1377 318
1986 3505
2534 1271
2279 1808
7508 5674
5243 1862
3915 5339
5822 4990
4533 7220
1037 1282
2248 4674
4181 5733
3837 4203
5344 1268
3213 3197
3658 5893
3881 4239
2140 3481
2937 2608
7024 4286
3772 6704
4790 4304
7042 460
2901 6302
5558 2598
5904 1393
4532 7032
7060 2290
4522 7734
2387 1670
1788 3734
6334 6947
6504 5011
7710 5868
747 7647
2441 1787
6981 3377
3632 2590
304 5049
929 5814
639 6172
1537 6254
1289 206
4424 1923
4498 4317
4345 4303
3869 7524
5547 6851
646 2271
744 6198
3977 6221
3686 5197
148 1084
1643 3763
7159 952
5614 5195
807 6127
5340 3734
1073 6586
1894 5248
1591 7725
1531 1934
4456 6023
6647 7244
4210 4542
5397 777
5640 2425
1617 5754
2115 2257
3376 4008
3952 5477
837 5417
581 4140
353 1499
5182 1431
6457 2443
7560 244
7595 1417
3161 6370
1635 6650
2366 6209
5815 7629
409 4939
3337 619
6999 4982
7443 16
7175 2475
560 5953
2403 2222
4530 7715
2530 2195
6110 3849
2786 6326
2022 2193
637 6082
4681 3938
3761 1323
5743 6972
3566 4212
1397 4173
5812 5088
2099 5587
3065 5790
6742 7352
5497 3610
835 2716
3636 6270
779 1699
1062 7755
3710 1844
4866 5673
2074 2268
572 1627
5442 7391
4069 4732
4570 92
5883 6653
4844 2879
2331 7764
6203 4681
5230 1190
1966 2796
4109 7751
5060 3095
2585 3499
1012 6022
2280 7463
7528 4208
6409 4523
2102 496
4321 4857
4447 4878
5945 7716
1291 4727
5186 3712
1494 365
2140 2251
482 4558
6567 6449
7514 840
373 5968
4692 2629
5140 2647
646 2494
271 2038
6448 1241
3097 4322
2284 7005
4550 6925
3344 6889
5106 5253
4418 3571
6250 4158
5081 785
2711 347
7790 5802
2557 5125
4828 2123
6895 6025
1174 2199
4663 628
2865 331
1900 3581
5614 6350
5188 3658
6947 6486
2384 6106
4036 6678
6432 5662
1975 3166
7324 7161
1235 7341
2539 29
532 7093
1665 2575
5512 259
3430 7112
5788 401
2379 2230
6364 2810
5861 6999
5229 4948
565 6477
2666 6176
2019 1911
1564 469
5315 2816
6978 5784
1403 1654
3270 2857
3763 7177
2560 181
5387 6591
4142 373
1451 428
1969 3274
171 136
1379 431
6424 2393
4635 6070
4035 5082
4006 3324
1356 4739
4486 2815
1392 6469
1715 1663
3229 1750
1648 1349
4652 5870
6031 6471
7678 347
2213 6411
895 224
2976 5013
1201 7335
4005 2333
7716 6418
6117 1504
7061 6596
1118 2609
3657 5682
694 6790
5149 2309
6597 7215
2714 4104
1461 801
4775 2065
1429 7323
6244 1586
5206 7518
4925 4148
3599 1936
658 2093
5451 3025
2282 4766
4048 2213
6376 4595
188 6031
4001 4295
1924 1529
4745 6929
5986 1603
5138 7447
5297 3502
1747 7038
6243 5461
1964 4479
5500 3664
47 3895
1729 1914
5490 2613
6036 2967
4120 6101
1259 4485
4035 2961
7140 5504
3139 2422
5878 2297
4909 6772
6193 7804
7344 1274
1901 937
266 6188
4060 6996
4873 6809
7639 4817
4085 6041
6278 775
131 6701
4380 2289
380 2369
7063 4974
2851 6635
3777 1784
5052 581
3599 6955
1582 7640
3048 1063
2094 2371
3088 2946
7395 4787
6143 3301
3561 5656
6977 6035
6099 1883
787 6590
7455 7611
1911 574
5715 1542
3085 370
5051 5019
307 6772
5560 3829
7653 3288
5134 6409
7674 1108
6230 1813
1735 945
6680 7364
4713 3072
6058 7242
2634 2260
1256 6342
3362 6922
3463 4890
99 3854
4611 4345
6711 3405
6181 677
601 1264
228 2475
660 2279
167 1986
2609 5841
45 5541
5387 4637
5273 5574
7810 2375
3334 3600
6985 2675
2768 5222
290 4484
545 5740
7113 6709
6139 4158
5074 406
5839 4433
1058 1964
5054 671
2612 3830
7268 2674
1058 1637
3940 373
5997 6928
1343 1309
325 5908
7250 2039
4182 7360
1709 5974
5099 7637
5238 5379
3043 1808
2077 5128
3106 2088
2951 7686
365 7750
4728 4936
557 7605
6149 7061
3473 2159
1485 6565
3876 144
7444 7677
7318 2415
5535 6561
7422 906
1331 4835
3798 7309
7337 5119
37 5515
4130 1239
3684 6985
2815 5893
3846 292
1655 4099
2235 3556
5355 2169
2556 698
5159 7762
1938 198
5763 1266
6555 482
5348 1036
3054 500
985 6585
1518 3860
6028 6606
598 5065
6436 2919
2677 821
3612 4241
3259 7288
3009 2067
6120 6505
5358 5103
5422 2523
1326 2555
5476 5010
2553 4006
1612 919
3900 2750
4925 1380
3043 7282
1726 7003
5277 588
1823 3760
2015 4216
3166 1009
6790 2166
4349 6994
7042 5123
4550 6057
4786 1830
6023 7715
7721 2648
7211 3370
1278 6313
863 2838
5176 741
2079 732
374 1460
7258 118
3740 5588
4740 4679
2123 7035
2009 4364
7124 7724
2041 1926
393 6210
5646 1426
5819 1224
7706 1075
6051 3901
301 5343
3833 6070
5407 3734
3671 424
5298 5744
6393 236
780 2987
3540 6032
6823 5594
4628 3122
4194 1423
5848 6265
4540 6522
6189 6734
6595 5178
3204 1522
356 4595
4788 6120
777 5255
501 4684
6995 6479
6774 257
6509 4115
846 682
730 5441
194 4999
7278 6809
5299 3375
6272 252
1911 6246
4333 5538
5771 4434
2268 4167
2533 6672
6645 3651
2081 309
4347 1924
6639 5578
5763 6726
342 368
5163 5402
2379 5971
7068 2883
6985 5671
2942 6798
2945 2339
5033 5346
4314 124
2397 4566
3571 6044
6523 1780
139 7027
1713 2689
5693 2833
6684 1208
414 3667
3589 7506
7468 7402
6571 2762
4227 3754
5856 1350
5437 349
2704 142
5847 2456
315 4656
5189 476
7299 4906
616 1712
7331 5310
66 1149
3996 2111
7523 717
6748 4011
5220 3218
1680 5521
6479 4772
2680 2271
3222 2291
4604 3349
2748 6771
366 7551
7188 5047
2530 4302
7682 3573
5400 1808
2560 2354
851 4104
5191 4738
842 5825
1747 6997
2997 7113
7046 2310
4495 7236
4643 5574
4665 2973
294 7353
7433 2875
2760 4524
1811 359
5911 2316
6837 456
7569 3451
7115 4668
1812 3222
3444 1683
5473 80
449 2814
296 703
5246 1023
342 4863
3720 1920
1796 5900
715 264
1100 4512
1612 3562
3950 2932
7615 1896
6070 2107
5233 298
7321 2907
2259 3672
1211 2442
6206 702
2186 6088
6875 7796
6105 1033
4258 7813
3002 457
608 796
4302 6124
4223 1932
4970 4025
1555 5920
680 2079
428 6395
3791 2635
5441 1702
2536 3050
2311 6582
962 3764
1250 6784
3746 6827
5787 4815
1252 788
5962 6843
945 6108
767 5875
1212 3448
1267 4501
5470 4846
5373 5910
4422 3136
7023 3335
7807 6246
4426 741
6556 1418
2808 6332
5040 3462
1474 7033
1298 5548
5255 3729
5502 4360
4398 7347
2043 7462
1767 2024
4268 7647
3772 5720
6797 7270
2121 5086
3866 7728
1604 294
6690 4640
7636 2701
6456 3001
7796 5167
3571 6193
6699 3387
5055 531
3659 1243
3303 2862
661 2642
3761 5033
7800 1058
6671 7239
480 3508
5836 2231
980 1013
5919 5143
3918 1192
1594 5951
1035 4148
7461 5326
5096 814
7518 3779
4733 1164
122 19
926 1873
2467 3560
3572 564
1441 1026
729 1375
6124 4625
4034 6528
4001 7574
3878 4005
1567 5781
5211 2532
3431 5803
1401 949
6158 7271
5388 1412
7793 572
6107 5640
2100 632
2158 7346
5755 5492
7659 7243
954 1951
7283 76
381 3929
3798 6203
1850 2685
917 6751
6537 2707
2467 4233
2839 243
3838 3417
4150 5200
3846 5008
2533 2334
1579 958
3822 4796
6098 5784
3913 4358
7313 5192
454 1027
4134 7080
2170 2658
2926 3374
5626 190
5470 1085
2662 7753
1871 6156
5319 1227
6939 4118
1763 1226
3619 7465
58 1228
984 4527
86 5774
7612 296
1530 7776
276 599
6151 6950
5307 7178
6146 2434
7541 3319
301 7131
1979 7365
7379 1298
2528 5817
4225 3807
5524 3569
6655 1798
1066 4025
613 1255
1638 4125
7704 1679
5139 6971
4507 5153
5558 2817
1337 2928
425 3846
3583 4319
6794 6764
2085 7270
4831 6326
1162 697
7763 4591
479 6629
4813 1993
1692 1187
6699 446
7490 2072
5120 2510
1733 2982
6264 4054
110 2080
6002 6552
4544 6743
4620 2617
2047 5733
2241 4206
1750 3829
3063 324
6619 5287
936 5569
63 4030
2123 6850
5004 6719
3286 7121
4454 604
7791 175
4297 7270
3946 6546
3442 5443
4371 2006
6777 5935
3863 19
5735 728
1333 438
3082 1259
867 6405
1876 7403
198 3599
315 846
1007 4401
2471 2173
304 104
2177 2057
605 7273
6844 2569
3898 1093
5098 5794
1040 4569
1282 4198
451 750
1634 44
6331 4722
1877 925
4023 5488
5034 1381
5529 244
7463 7765
4291 1016
6154 279
919 6610
6488 30
4515 6691
3077 5664
7022 7335
3813 354
6180 506
7240 6715
3381 2723
4158 3252
5559 5522
5725 831
685 475
7012 3941
4957 1854
6237 3386
5803 854
299 7288
275 1921
7227 7311
5773 6088
4498 3212
1855 5640
869 7614
5734 4279
7189 6330
6042 1412
7639 6619
6853 1887
3969 5144
4006 1120
7596 4180
4637 2338
4854 727
7564 3841
6573 1179
7487 594
7231 7354
3028 2223
1821 4610
6542 6556
2828 3759
3319 3395
6877 849
4401 7734
2213 2609
1883 2186
7754 3256
3328 1043
1971 3717
7709 879
4035 1449
387 1218
7044 5069
3053 2873
3492 343
566 3137
6741 5420
2772 699
4070 3340
7618 6116
4644 1450
4628 654
963 4318
7246 652
6227 4468
5531 3863
5648 1678
5933 2391
4682 1960
6773 6750
7303 526
5177 7183
7279 1689
2776 5132
5961 2858
596 6702
2225 1949
4842 4967
134 7355
3848 5551
2152 5534
4147 2224
3331 1197
5821 4891
31 7349
6131 4885
5205 3709
1388 634
3184 1163
2858 1752
197 1516
4099 5283
5432 7421
1635 656
801 4195
1292 6578
4451 3384
3311 6522
1451 4644
3235 332
2484 2173
1268 5238
547 3777
4488 3222
5229 6858
5743 79
6517 2187
3352 6544
3318 2874
7 2754
1209 1308
2483 3521
780 6764
124 7275
5955 4742
3508 7062
1995 4199
2514 293
5291 4667
3339 6417
779 1388
629 6572
6029 6674
7405 5084
912 4814
748 3630
1496 4350
1775 349
1867 6285
5171 970
6104 4631
6759 1712
1562 7550
6741 3724
4047 4331
2998 1561
6882 6028
756 4086
2558 6608
6240 4579
7746 3048
907 3252
1243 1896
6650 6265
4460 5285
2056 1681
2020 2547
3119 5774
625 3803
429 284
4129 1650
574 5972
6544 815
7429 1890
5225 4400
4058 4536
3824 2652
359 5830
1988 3186
7234 5475
1364 5550
1254 7445
2328 2891
1190 103
1205 2394
7487 853
251 424
6245 887
5282 4018
1692 2499
7744 1228
1350 5856
4774 3585
3500 4690
162 4184
2774 385
1853 6894
7267 6037
1 3890
595 3112
1836 1050
953 279
6818 4358
6298 1540
5331 7549
4112 6331
4302 7201
383 7814
452 3583
3074 4558
4053 4200
7600 819
3025 3327
6346 679
2328 3845
1258 1693
2416 3264
2096 3957
6664 4526
7700 6364
7388 6345
3017 5284
5759 4074
4147 403
101 301
7710 2445
3850 5411
2045 2192
2873 1572
3589 5842
6304 1608
201 4269
761 5293
241 77
6977 3507
5268 2769
1520 6733
2192 6595
3436 145
729 784
1859 909
5584 7439
1622 3980
1676 2825
865 2557
7546 7781
15 6361
5363 1184
667 3302
3623 3195
1996 1878
4683 3338
481 4092
932 6714
1536 2971
5861 2260
6388 6106
5511 7748
4051 5866
7385 771
2153 7437
2223 3591
6405 897
587 666
2996 7479
5465 591
215 3175
6543 4514
2465 5507
2841 7274
4485 7008
5815 7083
7142 628
7137 2589
3419 1491
1285 3654
877 1653
2536 6444
5395 3546
1115 7178
2005 2054
2432 219
4983 1589
4137 1693
1559 4738
243 6829
4023 4134
7347 6798
610 7478
2221 1159
1586 4457
7136 1138
1651 346
3199 2085
5636 1802
6477 6922
4920 4246
3383 5742
4559 392
490 5425
1929 7761
228 6234
1282 635
7747 4605
7281 2072
1744 6491
1492 2487
7740 1557
878 4583
1150 6634
6647 6429
3599 6971
896 1042
1404 2513
3413 3842
2770 4968
4081 1687
5257 2670
2331 1962
5614 7782
6023 36
7838 7475
3401 3968
585 2712
2373 1336
2270 1110
4037 3912
4366 6322
3702 2709
4976 293
7044 667
6160 4774
4022 3031
6241 2554
1741 3155
3844 4068
6217 5065
4914 6863
5590 3871
2658 1096
5588 3277
4005 615
4356 6119
7704 2068
4988 4520
6736 3288
2807 1340
2860 4330
7083 4356
3240 1971
2760 2133
3970 553
553 6247
2938 4705
2033 3660
6993 2743
263 5359
5156 2973
2665 6693
1520 3580
6724 7018
28 1036
2845 7806
733 1332
2318 7737
5055 4037
5735 4557
869 5073
5465 4691
6963 7109
2778 3621
4294 2288
5764 5704
4283 3351
3049 5895
3171 5422
2240 677
4676 5107
4667 2678
3098 4712
903 4884
4764 1406
6151 2390
107 4603
6775 2662
5668 6009
7370 6948
5374 3553
2249 5989
5155 1338
6584 385
4168 5756
7650 6181
3910 5942
5873 126
4197 7660
5100 588
4795 1504
5606 6204
5651 2975
3843 6964
1887 4678
3113 2031
6076 7811
6557 3685
2302 6553
5339 6275
1736 5524
5980 6100
577 5544
2974 5791
1824 3791
5912 4623
4622 5703
6819 1318
1528 5768
263 3307
508 7389
840 4484
3773 10
1058 5426
4127 1744
6098 7170
7164 2773
1009 1427
6925 5227
3859 4171
2870 1168
1041 1001
3412 7062
2728 5415
3087 2964
7411 663
1914 5706
4295 5477
1202 2562
3312 638
3057 4472
7571 2620
4660 2623
1728 6313
1737 40
7486 5865
7584 3012
1882 2511
2129 5811
2576 6208
316 2441
4449 1781
343 4736
3906 6155
293 3013
4277 7355
4117 1298
3432 490
6174 2728
3472 2576
4470 3773
5974 3080
5530 7058
4464 3571
2522 856
876 5451
4073 5994
5006 1431
6929 6872
2885 2150
4475 4143
7347 2933
53 3523
2233 5040
1983 291
7768 1649
2535 3597
700 6293
2701 2350
2527 2473
5995 1524
5865 6427
4869 2576
6971 2694
301 4048
1108 414
3995 1351
5573 5313
5755 440
462 6212
295 648
4306 2030
6730 7368
1655 5727
7654 2618
7704 4707
22 3556
7407 3169
4327 389
603 1507
5389 3609
6731 3309
4019 4955
3310 1565
2180 3956
2656 1903
1547 4441
1802 1497
2570 735
2173 4646
2750 7305
5838 2720
505 1562
7696 7256
799 2727
5493 2344
6794 6635
7455 6619
7801 5236
2488 5686
3010 6784
7470 4200
1182 428
1089 5998
4872 1677
3465 4303
85 47
7333 6678
3446 6496
2759 6360
4048 3704
2816 4267
3235 4062
4482 526
5392 2844
3302 1114
2937 3576
486 7132
2438 3650
1980 4491
4697 3847
1185 49
5433 2865
4484 1126
628 5191
3734 209
1176 1215
7655 6664
1447 2487
706 7766
1218 3299
3302 1188
2640 6333
6217 302
2666 165
5773 2904
2089 6099
6340 6455
2984 4433
5692 1779
1292 763
3944 770
6122 7453
2209 3278
7576 3282
2001 6464
823 527
538 1158
416 5295
967 6195
7012 667
2037 3246
6231 1373
898 4248
6908 2397
5782 5972
6804 26
1750 3398
2304 2399
5409 3672
3964 2523
4890 2958
4551 6124
7748 3080
6443 5282
3419 873
4237 2887
4937 5270
2710 7160
556 999
175 7443
6685 4826
4570 134
1188 3734
4819 3349
5478 7072
2803 1817
4679 7548
7203 867
7449 3816
5750 6040
5457 4064
6552 2122
6022 1531
7611 7759
7797 2439
2156 6095
2101 4372
4919 7728
2576 2351
1656 1944
3539 1480
6899 2560
7450 7745
1605 3119
3887 3369
6229 1406
5475 6411
515 4638
3036 5883
1537 2882
5092 1770
2521 7079
7599 7165
7098 5895
5936 2768
222 3884
6568 3754
1406 1323
6210 7725
3679 4774
1175 1532
6762 6250
3235 1790
604 2517
7375 6853
1763 6277
689 2113
4955 383
6160 7459
887 2343
6481 6204
7622 2563
3870 4789
563 3843
3588 5475
3451 991
951 5465
5867 7706
4998 4143
3533 3140
5634 3151
6881 2089
7413 5054
140 3547
2892 4293
424 3234
5178 4132
293 5925
5600 3139
5943 3593
1684 4532
1002 2215
6127 6390
7239 4337
5118 6426
2529 6037
1207 6574
2162 2589
5789 7823
4146 4603
815 5648
1993 3579
1214 699
5502 7704
2769 5966
7804 4697
6957 2202
1903 4169
2223 1190
5146 1982
6138 2520
1838 2324
5868 4356
3424 4199
180 2674
4114 6732
6135 2417
5077 6984
2509 359
6040 4817
5855 3971
5813 4758
7468 42
7510 1246
5157 735
5951 123
7573 5504
553 7549
5471 3710
6145 2563
1334 6476
1450 6427
7045 5184
755 1998
5046 1443
6151 611
2949 3619
1001 5914
1694 4428
5735 6650
233 247
6885 2212
229 7600
3605 4270
4916 2672
5182 2499
1927 6168
727 2761
4408 5975
5520 5404
458 1327
3635 3273
7021 2408
2504 886
294 2395
514 998
7019 1685
2148 5117
5321 5327
331 671
6395 5405
5682 1582
2687 264
1748 7256
4246 3764
418 687
178 6726
427 6331
6768 3147
6294 4361
4461 1872
834 3614
7812 5529
945 7663
5208 7651
7023 4654
5507 2584
3406 2114
6256 3351
891 6225
5825 373
851 2337
444 6368
4998 1661
6824 5074
7263 3493
3982 2668
1748 5063
7048 1337
5022 2347
2260 937
5393 1361
135 1566
2036 1487
7759 2166
7080 6535
7757 7221
7627 1860
6667 5558
188 9
1263 7713
178 2651
4110 2006
7082 1254
2759 1956
5244 3173
6049 409
1999 5705
6076 6652
5793 2622
1622 5456
3374 353
5989 2383
961 6351
2085 6320
6529 64
3503 6454
7677 6725
6662 3599
1939 3829
6355 4545
1623 2435
1455 4320
4033 4941
1753 4169
4987 7435
258 7490
1219 7199
489 2425
3258 1896
4667 502
2025 3853
2865 7244
6766 3282
2289 7746
1226 6166
1506 4382
1480 5750
6531 4082
7404 2997
1900 757
3154 7276
7133 6053
7642 1007
4271 7432
2685 895
6689 2992
713 3549
3212 2778
3794 1874
1707 6286
4266 1279
7674 7006
4577 6291
2518 4043
3632 5829
4035 2393
216 1634
5699 7737
1765 875
7834 7230
6673 1341
2532 4494
5861 6334
5502 4745
1711 5633
951 377
7236 2661
4927 6337
5522 4324
1083 6630
4361 5942
7215 3157
1057 5165
1663 4952
7058 3532
2429 5634
3470 820
6129 420
7744 5998
4979 6055
1587 6415
5130 4964
5200 178
5693 6584
2 1827
2766 6225
4402 4497
5939 7248
2992 2357
3780 4818
3150 1757
410 4220
562 6561
5628 1288
3387 7027
2242 605
7323 231
3036 5427
4777 828
258 5392
2972 7291
3520 1475
2564 5272
2962 768
6109 5133
5440 601
1803 2901
5191 6594
3388 5379
6210 2834
3829 418
752 3883
3247 2854
5166 3540
1915 4268
7696 618
5490 1996
6326 2362
1949 7282
981 4110
7290 5302
1001 5293
7312 184
7501 4331
3618 3423
1098 3077
2081 5337
743 1423
1664 6251
1977 1308
1736 5114
3782 2686
7532 1755
1926 7337
2823 5683
3789 682
4346 4402
4645 4999
6441 6295
732 3751
4526 4564
1317 4591
6073 2584
4671 1454
6727 4435
736 6088
5339 1628
5326 2638
6988 1536
5664 3417
3194 4845
242 7782
2936 6109
4447 2083
2041 5389
2937 4007
2772 1669
673 5824
985 1574
6803 2136
895 6037
4020 5050
1599 2147
1095 3954
5514 4048
2082 2161
2728 6833
3350 2991
7276 4219
1776 1502
6833 1253
7488 1341
1041 2955
1314 1519
3200 7017
1957 7774
7400 874
4889 5933
7087 4496
2708 7568
4835 5888
2208 7799
1931 4133
305 4758
3081 4504
3197 4722
5942 3400
3543 6569
5895 1745
1288 4957
3656 7439
486 6809
6993 6153
7476 6833
6889 4452
2189 6024
5112 887
4871 2612
4660 7720
4298 3970
6859 1367
7526 4628
1698 5204
2028 5985
4406 4893
791 691
5621 1234
3644 645
1400 6735
5890 7633
594 4457
1975 3451
963 6779
29 1911
374 2335
4793 1673
4256 1684
6201 2169
7722 564
2559 1875
5873 7651
3841 4626
1940 1071
4317 2187
7625 3027
1527 6805
4803 2891
6706 2732
2018 2137
7283 1410
3917 6142
2186 1828
4983 3577
6048 5685
7165 7533
3130 3360
7839 7017
7439 6903
5936 7454
6319 3694
7313 3554
1399 574
5948 2934
5401 4635
4238 5523
868 5004
6983 5745
6056 3788
3525 1140
5447 5024
7499 4921
3612 330
2493 4339
5049 3220
2966 3115
5840 1036
2929 1417
1133 1893
1636 2810
6800 14
2973 3132
3034 1928
4228 6713
911 7093
7265 7122
7600 6462
1869 5043
7350 5855
1183 3174
6962 414
2084 638
6940 4586
3413 1403
2323 2005
5132 5874
2488 2008
6820 3921
3891 453
2191 6961
1262 7472
3346 7236
6502 5659
1228 360
4560 659
6765 496
2077 3900
5965 869
7523 3554
1557 1470
7295 4605
76 7785
5629 3660
254 7126
2477 647
5176 7042
2423 3542
5989 5546
3686 2163
7838 6282
451 3717
2634 873
2225 6343
3058 7258
5374 5367
5227 1052
2427 4599
5242 4570
5704 297
1853 5204
5617 3864
5400 6685
4051 1146
4953 3016
5637 2247
3876 3698
6125 7002
7594 2222
1040 4193
3303 833
462 3859
3925 4843
5861 405
1492 7592
4200 2499
7249 4292
5626 6607
7666 7216
633 1552
5934 2272
3050 3354
3354 7517
7505 6962
13 157
4401 7580
7350 6082
4130 7551
2216 4006
7838 7460
4953 2533
1010 7697
2694 6657
889 1705
3941 3143
5181 7553
6868 636
5942 7639
6472 3633
200 1147
2938 5708
304 7824
3362 426
7307 4434
4035 7121
1845 7741
6895 3658
7488 1615
4742 3661
1666 7164
1332 2047
5374 5395
5592 7207
3442 2278
3024 5457
1998 2060
22 7652
6006 4746
1282 1206
7538 5445
1531 502
3900 4841
3427 3515
6921 7278
2734 2565
3202 7796
5717 6561
5915 1330
7653 3683
310 1006
6897 2853
1723 1259
4874 6108
5222 3003
6772 4514
3081 3379
1580 5746
5204 1311
6539 4168
289 4518
87 7462
2777 52
5232 6064
5762 2813
497 2168
3224 2123
3669 5547
4245 1588
1177 2301
3301 5925
6584 3567
4213 3109
7339 7642
4108 167
749 6118
5663 6254
539 3230
4296 4641
269 1071
5690 6906
2685 2224
5011 5304
1084 4613
5752 4769
1620 4447
5083 5260
4495 5780
5267 257
6960 6652
220 2480
6467 4546
5589 3783
375 891
1919 1824
1801 782
1008 1459
1223 1482
2852 841
2843 5452
2007 5551
7280 6493
3883 3415
6025 2368
4648 1527
1105 5030
3939 7034
4040 3664
5871 3931
2319 3167
203 782
2793 7478
2171 3870
3416 2282
678 4530
3202 5199
6866 5811
695 4701
7079 4148
2825 587
3557 6239
1573 4171
1850 786
48 3612
1318 2048
1815 7685
2654 2599
5371 4551
1677 6232
5065 4890
4108 111
6731 2374
271 899
2204 183
4906 4760
4151 5578
606 7664
358 4981
2434 5103
3265 7157
6419 4708
4770 0
1325 6896
3709 5459
4584 704
2886 1966
3301 3517
7273 5135
4759 4626
147 3742
6044 5097
3289 4494
4499 7464
4780 6624
6004 5610
4664 5577
4534 2594
1712 4970
92 2206
6091 4116
2274 4460
7732 822
7254 4617
4686 5156
5027 5092
5026 1813
915 1911
4485 4596
3124 2843
6092 3553
1355 5129
6960 2466
6131 6314
5961 2609
6489 1736
363 5638
731 5224
3070 1883
4356 427
3587 236
1164 1250
534 4788
1949 3619
4731 6065
3749 56
4723 1897
5160 1809
714 4005
67 4812
6980 1523
1892 3217
2402 5307
7281 500
7531 4002
6907 4271
995 5562
7234 1508
815 1834
5845 4375
6195 7491
1443 7041
461 7646
4376 5233
6994 3319
6229 2819
6682 1609
7527 3032
6181 186
660 431
7211 1949
4851 3239
3005 5705
5861 3274
6293 4125
5736 5395
2061 1433
4871 3402
557 3071
2970 4330
3700 3443
6162 3799
6468 5093
1580 4360
6855 264
6337 4522
6608 1461
4128 4152
1499 3599
5948 2502
3163 6917
7410 6959
5134 463
5778 4942
1215 3863
5356 3962
4645 2327
4254 5505
5564 2655
3953 952
7441 4225
5308 3690
5583 1589
7050 4155
4652 4987
4841 4790
3738 1597
222 5274
854 7522
6716 1038
1533 1295
3237 864
2052 5914
1628 5587
962 4274
2687 7514
5334 6620
4402 5544
2962 1757
6613 3477
1871 2139
4755 2907
1957 3828
2920 6827
3751 6846
5724 3409
92 5074
5269 7643
3493 6558
4522 3629
3962 6930
4623 7444
1243 4038
870 3271
4602 1827
7055 1712
2392 1155
2772 4181
3409 2527
2658 360
4981 5603
1850 2246
2957 2598
6986 3872
2611 4675
5589 6046
5379 7100
3361 2819
6814 7819
492 3275
3846 4355
7108 6208
6958 4906
3414 2943
825 4457
2046 5948
920 2166
3330 3619
3752 6762
255 787
5704 113
5479 2140
1679 1731
3287 5967
5558 4251
513 3354
4999 1257
4698 1280
4377 3534
1583 6145
2198 4607
4923 3312
7827 6051
3958 1384
1166 1390
1762 7194
2623 6980
1864 6896
3615 1777
4914 5639
4075 5065
3583 5217
647 570
1238 351
927 7141
5958 6305
4697 6504
5185 5004
2118 4292
2310 1455
1603 3896
7373 6595
7095 1561
3914 2966
4589 6417
7772 1533
3731 4259
5589 7617
2537 4236
2736 2790
28 5848
640 2066
2136 1501
7051 6448
3588 4897
1705 680
7652 7285
7532 2917
4316 1432
3082 5928
2585 5366
1281 2722
6943 3251
3269 5243
1319 5520
6914 1839
2126 6165
6101 7031
2184 7583
3098 5381
3998 2820
3797 536
6018 4910
4947 2342
2874 5042
2093 2799
227 446
1979 6057
3477 4654
2132 6596
7260 7008
4484 1792
2210 4460
4092 7357
1920 6202
2039 1502
2710 4085
6171 1147
3337 5723
1220 5069
1634 3747
5893 3727
1109 1918
1684 1705
7157 6057
5588 6782
4264 7279
1103 4878
323 4946
4283 2433
1701 1456
1335 2699
592 4393
5628 4706
2050 7092
379 7143
413 2310
1658 4864
