60 498 73
416 1371 1
883 1251 2
816 279 2
1242 844 2
132 597 2
1320 127 2
737 944 2
611 1172 2
1193 1257 3
398 16 3
42 743 3
59 223 4
441 684 4
1033 347 5
1336 589 5
1192 481 6
444 275 7
973 988 7
578 488 8
993 65 9
1132 11 9
1006 1375 10
449 983 11
659 190 12
587 691 13
57 932 14
786 468 15
1322 1439 16
1439 1096 17
81 1203 18
737 664 19
1179 699 21
372 538 22
266 95 23
1436 439 25
828 111 26
975 617 27
827 1102 29
329 1084 30
69 1399 32
997 816 33
858 794 35
1392 250 37
252 410 38
245 1263 40
1301 1048 42
444 842 44
2 376 46
143 1056 48
268 923 50
723 1410 51
479 1149 54
244 241 56
1210 217 58
432 407 60
1041 504 62
579 1009 64
1359 1281 66
209 1417 69
1052 1167 71
1145 936
706 794
70 7
722 1272
539 1315
531 116
1356 750
324 707
1388 903
1075 173
1169 1065
1275 1175
186 726
635 48
1330 378
146 367
352 1206
1111 813
901 200
144 1314
909 459
900 1431
142 134
37 108
1230 1402
247 1138
557 322
315 1349
567 814
71 445
640 610
1433 1202
117 830
893 360
1142 113
570 909
321 339
646 325
1139 296
26 553
311 173
386 772
264 543
691 399
162 281
1130 1328
1001 256
850 901
768 1033
504 36
1272 49
791 1344
764 170
699 534
877 5
189 507
1416 634
966 1188
1065 423
1055 912
1221 600
667 869
1087 709
197 24
533 552
1404 1369
860 643
1083 1083
1043 1246
704 1096
1434 342
1078 1431
488 909
644 968
940 720
635 1264
322 869
28 1333
976 415
511 1392
901 1055
216 832
748 1169
1353 661
350 433
1354 67
1131 440
510 1245
200 655
1112 556
38 653
119 1140
827 1414
1290 773
163 1234
609 394
1091 61
5 265
570 211
215 956
1222 989
251 477
844 731
1156 763
98 693
1055 1323
307 1003
849 484
946 1282
956 3
502 467
68 1029
900 105
807 586
262 1054
45 313
369 293
745 836
1346 969
1219 1099
1438 686
453 1279
461 628
1133 623
129 66
410 173
841 53
435 1078
360 924
1266 924
546 1174
936 565
813 829
173 873
1267 508
257 689
1034 631
309 1245
1419 203
84 1345
381 645
491 759
1230 14
1182 642
1367 812
21 490
1437 536
248 357
691 137
1353 1151
588 143
628 476
61 866
779 526
1178 1410
1316 1352
382 852
1087 360
374 351
732 52
434 936
904 1320
773 8
1112 992
311 770
212 1105
1357 432
1035 138
89 265
1394 983
984 123
22 418
1079 283
784 1396
1164 557
201 1164
232 162
946 364
71 1248
1210 406
993 558
935 517
770 322
1352 507
682 463
124 328
1270 970
681 356
773 1295
1209 1188
385 975
7 703
949 762
612 737
720 217
157 1370
445 516
511 160
1307 84
735 500
414 582
700 692
964 1236
93 532
870 1105
467 1388
880 1007
1015 392
844 950
441 1119
605 1064
944 1406
209 916
1255 1119
709 627
157 805
555 1122
776 1220
1025 862
71 606
387 450
576 1331
430 454
361 161
978 1428
814 220
504 1022
290 1174
1263 437
1137 1387
1173 964
1210 889
257 629
1275 1010
80 1069
72 130
462 1047
1320 1208
1120 173
1299 241
1298 598
574 1428
890 832
222 315
153 196
234 60
1394 1159
789 725
1082 1385
1437 1415
1213 257
769 925
728 431
732 306
476 697
936 650
538 188
44 1059
337 826
710 578
541 490
389 130
1348 1401
696 1381
313 917
941 111
161 444
1413 866
1391 11
466 371
296 1440
1080 1252
905 1399
1160 1186
396 87
1112 1144
740 468
956 43
384 688
1246 706
489 257
980 1298
1265 369
1334 7
608 1350
6 956
1200 5
1184 750
705 1220
1240 962
1118 352
269 659
395 942
382 1396
808 1059
170 640
957 897
869 538
66 680
994 1218
415 349
1053 988
1357 845
1058 103
547 385
1099 633
1216 804
335 1269
131 982
1228 1371
1181 1365
124 907
897 710
176 1131
458 20
403 1133
1135 894
528 336
441 220
28 1206
966 278
74 314
572 541
813 628
964 321
991 195
683 960
115 200
822 886
533 238
736 788
459 777
1036 532
389 1290
362 18
880 1375
1403 167
874 209
875 1278
505 541
293 876
1019 1026
324 1050
1085 1010
731 1088
1302 466
1125 964
248 1394
431 802
579 1189
661 569
213 120
365 514
1181 100
589 1213
16 74
34 1408
275 726
685 1021
1403 1191
1046 944
551 599
17 1037
111 1184
1395 602
1422 1012
129 651
443 128
533 1012
462 906
1053 811
1413 76
367 487
763 779
525 786
257 48
1127 717
404 291
213 876
1082 149
4 829
1088 756
839 1379
593 38
948 169
571 1053
659 759
158 550
721 454
924 949
616 1002
828 328
388 570
1081 1306
236 106
1428 158
48 1364
534 0
1126 768
518 269
1196 287
422 627
1090 1036
661 897
1368 177
289 123
451 242
665 218
642 1238
589 1411
777 993
388 904
421 1027
1246 401
954 1102
322 222
377 736
380 1026
1429 719
591 726
251 773
1075 43
1313 962
1027 914
960 1322
334 633
1101 1292
848 198
193 290
513 188
850 283
90 212
728 396
1195 339
992 1021
1376 1016
821 512
5 786
872 394
644 100
16 1381
1387 1419
295 55
1298 738
1153 231
959 123
1265 1245
1254 1094
474 806
412 432
1376 791
1051 659
552 980
487 1381
579 752
706 735
221 544
973 725
208 752
670 1161
237 936
944 856
14 882
1384 1135
430 1190
214 588
1309 15
492 1226
869 1161
728 619
276 296
1292 34
665 725
1287 830
1342 1430
126 1095
1126 845
1015 633
711 765
129 722
1227 1144
980 575
1123 61
686 1326
433 363
457 1353
561 522
152 470
393 820
1001 1303
938 464
927 1124
117 750
1398 51
565 28
1247 1036
180 1083
576 124
