100 2238 200
1962 358 1
476 2620 2
2111 879 2
2862 1108 2
779 810 2
191 74 2
245 3598 2
3189 2151 2
2994 2954 3
1923 2932 3
3961 290 3
1425 1036 4
169 1513 4
2561 3713 5
2544 2761 5
2541 1711 6
1856 3485 7
3644 2468 7
2322 2304 8
1344 1877 9
1047 3070 9
3967 880 10
366 1928 11
2794 2398 12
3570 1646 13
3149 549 14
3539 764 15
1883 1423 16
963 3923 17
1349 3609 18
1876 3983 19
2459 332 21
74 2289 22
3287 3624 23
1621 2510 25
1508 407 26
3820 3863 27
3739 2970 29
1219 2568 30
849 16 32
2540 876 33
714 395 35
993 1658 37
3056 1681 38
346 3127 40
3402 3203 42
674 1378 44
3305 1294 46
3984 1289 48
1079 2186 50
23 1017 51
3960 1734 54
2010 1815 56
1117 364 58
2813 199 60
2521 3167 62
1722 2069 64
3992 3479 66
299 583 69
1615 3195 71
3296 186 73
936 3454 76
1650 62 78
2924 3895 81
3559 2069 83
535 3874 86
567 2255 89
696 2984 91
47 3985 94
1741 813 97
1044 1254 99
2211 3766 102
2933 3417 105
1463 1416 108
2359 1204 111
1955 2425 114
850 2567 117
2252 1515 120
3639 145 123
3149 940 126
2206 3363 129
3623 3602 133
447 1125 136
3884 2166 139
2186 2659 143
1475 2874 146
3625 1229 149
559 3514 153
1641 3725 156
1169 668 160
2664 1372 163
3233 2577 167
3484 2765 171
2927 2668 174
794 1108 178
2 1772 182
2073 2104 186
41 2627 190
3760 3255 194
1958 1137 198
2358 52
2848 555
504 1669
811 2070
3553 451
3351 3948
2337 2010
533 0
2241 528
1314 3940
3983 2473
2906 2007
2190 3096
1851 2667
3150 3251
1269 3281
1410 2298
2612 2216
249 2773
1773 1719
2672 3990
287 3951
3323 1569
3050 339
991 967
1178 2796
2896 1438
3066 3661
2743 2917
136 1251
926 577
3773 1495
3087 1305
3811 707
3758 1900
239 962
2526 3480
31 427
2816 1665
1266 1625
839 1807
3576 1028
567 3216
741 3979
2684 13
2440 2576
2877 884
224 1748
2661 1050
1753 1216
501 837
389 1367
432 240
649 591
1716 2953
3325 703
1565 1704
4000 647
2469 608
3191 2771
2804 3184
1828 3178
2688 1947
757 3754
1522 1221
859 2322
1748 1014
1323 807
210 3297
2060 3488
3124 3449
3359 2313
1466 3071
2013 579
3851 2648
3377 2975
3131 3989
1967 3304
2161 28
506 2076
3141 2373
3864 115
3181 3802
3476 1889
773 2769
1438 3788
2845 3585
1650 529
478 551
1227 1171
43 3469
2147 280
3832 1178
2410 1381
3690 2243
125 244
1757 2300
142 3790
1882 206
3217 3040
1039 1971
1278 496
203 2505
1462 3326
349 1555
89 638
2389 3614
902 179
2988 2507
1624 3910
3165 747
2385 2969
666 1737
3648 3818
3440 3730
2765 3372
1048 2632
2732 2626
2232 1054
1554 796
217 2011
2243 1777
2219 2810
2753 3787
3021 109
652 2391
926 2815
11 1477
600 3733
1240 3018
3305 486
2116 1687
3345 1005
1621 2776
894 1474
1147 2420
2071 2793
2989 3125
3181 1430
2545 1553
1819 606
182 393
3358 2100
2438 1082
2495 2114
3733 2056
382 82
2466 2316
3571 1479
3442 1260
307 738
1164 2053
1251 1319
1873 2106
1489 1907
3538 3302
2795 427
2404 3881
3538 3453
2392 1535
1185 3630
501 2397
91 2103
1504 3544
2860 2812
3625 2836
597 296
1322 1458
1746 3596
2276 670
1023 3594
871 3180
1641 919
2619 476
2638 329
3769 1327
1050 3814
78 3022
343 2617
437 3741
2216 1208
2132 1884
2353 3167
1701 1424
2117 3646
1905 3743
608 2572
1068 3340
3816 2292
211 2341
1467 3664
385 2110
64 772
3892 2804
2238 2401
799 269
3456 2213
3016 1852
553 2935
3338 2464
3627 1809
2593 2032
3948 1534
1138 86
1205 2281
813 1285
3951 3694
991 2418
413 2833
3104 3089
3990 2598
774 1479
138 1909
3743 3588
3824 1769
3836 3384
381 397
3443 65
3381 2645
2690 3483
1576 1031
1800 3049
193 2164
3066 2172
2098 1353
2268 856
2412 2441
544 1302
2011 3980
1181 1423
853 2444
2873 1276
3917 3076
2736 946
3722 241
1732 1601
3202 268
1166 840
942 2179
1864 1952
3413 245
1340 36
3479 1372
278 2922
1493 1583
653 710
3574 3912
2720 2278
3454 1547
882 3318
2466 789
633 2737
3044 901
2295 3465
2226 3609
1306 3140
2132 3935
1572 1340
1586 690
364 1008
96 2811
1477 2451
1518 114
2334 2658
3223 1757
279 3746
3252 1920
2008 2534
2723 3096
3461 3041
250 1394
921 3043
656 3845
3259 3240
2270 3012
243 1855
1552 2648
3015 622
2017 1515
542 200
3978 3973
1742 3299
1030 2798
3435 2550
1696 3458
3655 3466
760 3505
1420 331
716 2004
3462 2030
809 1709
3136 2482
665 3629
2043 3810
3990 2912
1296 2747
2884 1751
1224 1935
945 756
2276 1393
1997 3111
408 2297
948 1318
901 1113
2652 605
3417 3460
3130 13
1606 1595
3380 2845
3469 609
1065 1823
2820 754
1834 772
2423 1940
39 2396
3132 183
3283 580
3283 3419
3095 3870
3568 2950
2214 430
1772 230
1924 1692
663 3254
1101 177
231 274
3023 1401
3891 514
2913 2118
1503 2094
2001 138
3748 891
2821 3480
2836 3704
1466 764
2009 1051
2325 1025
2495 3279
2066 2344
3925 2397
3022 3452
3840 411
3913 1896
1580 1802
3668 1000
3456 336
2136 636
1838 1290
2151 126
2474 183
3374 1883
401 911
2195 1999
70 1698
2924 156
3466 2922
2019 1977
1088 618
1796 2844
3625 1987
2537 1087
1390 1984
925 2633
3205 2277
789 606
2350 588
2562 3053
2734 1721
2486 2957
1586 358
3303 2218
2141 2901
59 3652
2840 3981
518 2844
3104 2592
2608 2827
2780 1315
927 2078
1810 3678
3579 676
3829 930
412 3490
2097 3026
2694 1643
3779 2396
3988 2295
348 2440
3757 516
791 2872
976 1536
1362 1288
2363 500
170 784
509 3138
3355 3814
500 1939
164 498
18 1255
2593 1159
2997 3358
1826 3286
1932 3040
2058 686
1017 3162
2425 1652
3088 2724
2095 1475
1070 3971
256 1174
2404 3718
1694 426
3236 379
2623 2475
2059 3201
651 872
2353 1862
526 3288
1302 1546
3631 491
2567 980
840 3636
2810 3847
2623 1687
366 1817
1923 492
2353 3804
1540 1137
1232 299
3084 1796
3709 772
3457 1785
2506 699
116 3867
2719 2728
411 807
2198 3509
1024 1166
2297 2904
3113 1548
1374 3330
201 2865
1966 3564
674 89
707 2663
990 2255
3353 3341
1477 2777
1680 1169
2735 1542
3617 1712
3405 468
941 3835
3501 3828
3591 2595
2484 1156
1331 1179
624 3921
2576 3318
1626 2315
3551 1972
2894 3345
1349 3872
815 2210
158 3230
3456 3915
1863 393
3342 3153
1324 2905
1275 3406
1905 3261
388 3278
1597 3648
1385 263
2811 3287
1379 2478
1554 3032
839 1204
1814 96
1911 1603
799 3431
3961 3304
315 3882
137 1146
883 1985
555 1786
3132 1168
1175 767
1225 97
1542 3317
1744 1097
1522 1494
1451 1765
2956 2265
2675 92
113 1348
2782 2685
2226 940
2408 2809
243 2241
818 3829
139 140
1595 2009
2935 961
2696 483
3622 3734
878 1668
3851 3461
2629 3812
2271 58
560 1217
1757 2185
1809 337
2392 2079
2839 3781
2646 3354
2309 1314
1876 2775
1702 2769
1103 2966
156 3569
1052 274
273 2996
2130 3407
3517 2272
243 805
854 359
2103 73
2840 647
3542 597
157 11
3691 1188
3464 2619
3839 2579
2441 3488
3613 2130
2204 170
2340 3969
2149 2759
1081 2448
2684 3580
1102 3282
2848 2474
2748 1119
3049 221
727 1916
2743 1908
2491 3905
3058 1177
1845 2032
2604 1796
1370 1745
3947 428
1276 3204
993 2726
1115 2676
3520 1306
2971 329
369 3373
741 1781
471 3856
3800 3117
2186 1562
311 2105
3155 1772
3043 2023
1185 558
3093 2795
1176 395
940 3686
463 3659
3991 103
3414 2456
73 3098
1986 235
5 1987
3979 2008
3204 3988
962 154
2025 415
2899 3518
3123 3330
2022 2409
401 3847
2669 1747
1410 429
2275 1935
1868 647
776 2297
3379 3516
281 3354
3838 3763
2510 112
2657 842
3893 2983
935 3595
2910 598
3655 2900
3282 1689
400 3908
1509 2529
459 1249
933 1907
3908 2479
106 1762
3393 1101
1374 2061
528 1394
1244 172
3749 823
309 818
1483 190
720 1673
2818 2013
1150 1776
2921 3777
592 27
2814 1949
3742 3142
3775 2098
3309 3023
1992 2912
2443 2858
1996 1450
1572 483
3195 3506
2974 1240
2980 1125
1167 3128
1911 3345
504 1562
2963 2326
3437 3992
478 3453
1831 1596
2711 2196
1349 3457
1860 2236
2496 2492
3863 1501
1956 2211
321 2781
1630 1767
1108 3812
3599 3283
85 2518
1281 435
3702 669
3721 1376
1647 766
564 2012
1273 2069
2318 3405
1231 936
1806 2264
1932 3181
2495 2171
0 181
2143 2112
1676 2227
2416 2741
120 952
1750 2730
597 3285
1087 56
213 3521
1730 2651
2299 3238
81 392
40 1202
3530 2840
3848 576
2 308
1864 2553
1447 1668
2630 2575
565 2514
75 1879
883 834
3786 1569
1519 3129
3839 3305
913 249
2025 2614
189 332
2266 364
3712 1439
3643 2690
3701 2434
1873 446
3728 2786
2623 3734
720 790
2777 492
1960 3705
745 994
995 1761
3836 3203
1281 3767
3951 1844
1420 1198
2664 2659
3155 3541
2162 3032
648 204
1121 735
2153 2706
2370 1422
3369 1986
790 2524
3952 1035
1902 2503
3755 1163
3274 714
1701 1539
1523 3208
3795 3007
1929 3466
1654 1941
692 2502
2194 1741
2969 544
2161 2228
299 3669
1380 2382
2895 35
3847 3673
3870 842
3513 3994
931 337
489 2940
2766 3700
608 1425
1924 1011
3284 3775
2598 201
3784 199
1504 1767
3509 3655
2899 1522
3622 1590
3588 3819
167 2452
3206 3265
2627 778
2275 2729
2801 1461
1124 917
1231 1478
693 3170
1620 3994
347 1642
3547 515
1518 1363
1293 612
3555 3522
3675 2976
2051 3256
2498 3854
190 2654
334 455
785 709
728 1047
1704 3014
3094 1242
1941 1377
721 191
2557 1244
2576 609
21 2985
3050 3922
1500 1660
1257 2970
1061 2134
964 3528
1890 1336
1895 1164
1381 2553
188 1424
521 3967
841 623
3241 2702
1774 1661
456 2864
3410 922
1098 840
3638 923
463 3170
3257 92
709 3370
2346 1136
2690 343
2687 712
1567 1553
519 1107
2472 21
995 2136
1127 2851
3217 671
3145 1602
3917 3134
1215 3297
646 3209
2206 3141
2804 2327
1542 2813
726 3840
1065 1548
890 977
3062 1094
3877 1207
3490 39
368 1769
181 554
3005 3555
2888 2229
2816 3075
1081 1349
1523 1039
843 3489
2080 1902
2121 216
2788 1199
62 331
2852 3631
1999 1263
3774 248
911 466
433 3106
2379 2183
1171 1260
2530 2434
3427 3509
834 873
1825 2788
41 2552
565 2607
2407 834
1823 1706
770 1865
3527 3902
418 1576
1548 2073
3838 3151
280 1058
1852 1137
1902 2733
1046 2308
2896 3136
87 563
3392 2164
1953 1574
3803 2472
3857 2932
826 3749
778 2173
3743 3334
529 384
1281 3881
2152 556
215 226
349 3737
748 313
3222 2741
323 1719
1331 304
879 2265
606 1734
3375 1220
2134 3118
3145 651
2767 104
1589 1931
3836 3510
1011 3317
3182 1806
823 3223
2668 2140
773 1951
286 1627
1440 644
3289 2943
1684 3810
962 1116
1011 393
2710 2333
3663 2784
2508 341
1913 1733
1667 2927
3063 2682
2880 2998
3395 3394
623 1132
3819 1087
3054 1347
2116 1438
1723 3232
3283 2152
1760 948
1790 3752
1679 3085
2047 3669
204 3726
3335 1956
1678 1726
3281 1754
1210 2049
49 2145
803 482
3937 2625
3163 3915
2612 3666
3159 821
407 3209
3647 2275
2847 472
610 991
3181 1623
1661 3022
2276 3399
150 2089
3054 1016
22 484
3811 2728
1663 1642
2411 2151
1147 3576
1050 539
471 104
3297 2823
3065 376
637 635
2202 2615
3940 561
1528 555
3092 3587
1973 688
2447 727
2969 3696
3382 1407
487 1871
2327 2241
975 548
984 613
51 2678
1141 3754
3509 2359
1533 3591
3024 20
3601 2259
1009 3233
970 3777
1842 876
1172 1157
3596 2333
225 3798
1580 3841
999 3665
3735 2833
3351 2390
251 1914
2879 127
165 3686
1424 131
1393 3681
1948 1855
1649 3836
507 152
1849 29
45 146
511 921
2496 1733
3209 481
2839 3340
775 3579
3870 1757
2601 1458
3577 1125
3207 2338
2818 3907
1937 1643
3224 3574
795 122
2672 1123
3168 2900
1670 3607
996 2857
1530 1419
3525 1111
3140 2270
3066 713
2376 213
3416 146
3766 3175
1145 1714
3526 135
3863 2202
1241 816
3508 3772
768 39
3481 286
2655 3431
985 1011
3691 2654
1763 3686
2059 1546
3347 391
3946 1791
3684 1811
3511 1452
2231 1003
3831 1423
341 2192
942 1431
3293 540
456 521
2115 1188
2719 33
3647 1774
854 1302
2643 2714
333 3941
3087 2063
1 1128
2850 3217
35 3169
2333 2156
368 320
625 2692
2750 1228
2068 3890
2881 3395
530 2144
361 3312
2448 273
3041 1289
2754 2361
3567 3682
3373 2934
1845 1223
1370 3976
2219 309
9 3658
2156 201
515 3704
684 3468
1893 780
1396 1709
3818 1606
2859 1681
3811 1727
391 673
1661 2566
3731 2129
2983 251
2142 3828
1498 1997
809 3511
463 3131
50 3209
3606 3135
3728 1279
3171 621
1230 754
745 704
2056 3131
1282 1262
278 157
1375 3897
377 2257
3453 2835
3736 1484
287 1113
658 1293
55 904
3940 2583
929 2553
2329 3594
1140 2134
2751 407
497 3580
251 3415
3394 2060
3597 183
2198 1865
2371 3315
2929 3994
930 1566
3936 1201
1681 3514
789 3910
2820 3373
479 1099
708 431
1271 1792
1320 3732
2268 2871
1226 256
2103 770
1173 2593
408 2956
3233 1688
927 3363
1127 3656
2761 2992
611 3250
187 3635
2616 3228
3521 435
48 1533
97 2963
3141 2808
682 3089
1061 144
1716 297
667 2116
2268 301
3072 660
1266 1480
3232 2188
79 3459
267 1662
3181 2990
3176 1262
2363 3418
1154 2507
395 28
1680 3326
651 2031
3552 3423
2847 2975
3227 114
1393 1348
1385 2675
1247 701
2818 1158
2596 3184
704 3743
683 2850
75 849
776 1186
1725 124
2947 1949
1283 373
2788 1867
1504 2648
1446 3880
3683 3203
1511 968
3602 2628
3201 1552
1201 1808
614 1318
3157 2658
2538 563
238 3477
2268 2284
858 100
3728 444
1122 3227
1816 3811
1227 1734
2848 2751
946 1284
2672 2050
2794 2578
1326 3107
2928 640
2534 1612
1124 3600
3722 1881
3306 661
1350 161
908 2756
3821 3430
3786 3684
1080 1021
1103 1394
1462 2143
1424 1935
3067 3030
3560 35
3662 3025
2069 2382
3956 1913
517 3781
40 689
2928 1353
924 2520
2672 1536
80 1157
89 3829
294 2271
96 3758
2560 3985
3184 2826
2821 2441
1751 2457
1832 2502
2506 2032
444 3805
263 981
2063 2995
1255 3531
2253 1706
402 1133
3642 2421
1182 2019
2944 689
2632 1248
1945 3978
1310 683
883 1068
3159 3652
2622 1490
1799 1810
605 2161
2907 2731
1534 68
1436 2607
40 1752
619 769
1739 2542
2611 729
1559 3755
3107 2294
1158 1445
2963 2667
1839 1107
1699 3636
1138 1074
3797 968
3248 3320
651 452
542 285
2565 672
2478 550
3714 158
2012 1560
1465 2273
2594 2663
872 736
3407 3549
3252 1293
951 3118
3354 1615
816 2547
1332 3800
266 611
1799 1867
935 1360
3261 859
2548 3292
1917 1445
1262 1670
900 669
1858 1527
1284 3315
912 3738
1804 2569
1623 648
2889 662
39 815
3742 2166
2300 1238
721 3645
3418 2998
3641 3429
2481 1307
929 1830
2958 2774
2834 1224
3643 1696
1750 351
2790 597
3699 825
1195 1856
2890 3236
3835 508
1979 1343
88 2461
472 785
283 1237
445 3003
2656 2918
2267 3863
2366 3983
3131 809
3291 1971
2374 2920
2522 2369
2643 1839
770 3872
447 2376
2987 1331
1470 1214
1214 2512
164 3347
220 405
2470 1523
3801 1382
3377 2535
3237 215
3749 1016
1102 2098
3422 3947
3001 882
2402 1677
3827 1990
1936 821
3058 2390
101 2155
1765 2118
3516 541
9 1611
3998 1356
3047 761
636 3742
1893 3526
3942 738
1042 1849
1718 3950
444 3613
3847 3642
3554 2362
3649 3979
513 965
2461 2933
3693 462
1275 324
3536 198
2282 2440
2035 256
3280 1928
1984 3152
1580 3621
1588 2211
3832 3067
76 1920
2143 1278
3487 3383
475 3501
2565 532
3654 1824
3164 1075
3982 3418
2758 812
3056 1728
1710 3505
2046 1511
3413 2263
1440 2352
3907 1106
2125 47
2563 3476
2504 11
3726 2234
3085 3145
2623 2384
428 1880
3806 3656
3003 2212
1025 2746
949 2723
1354 3001
2068 1160
1010 914
2963 3458
3172 246
1550 2950
366 1109
3027 3202
776 673
3967 2129
2084 3232
3857 3255
3910 2936
542 2550
3919 1786
3498 1329
3736 3642
678 3752
104 700
3456 3211
1211 2948
2580 99
2183 2314
429 434
817 3548
3014 3974
1044 2971
1220 1030
1539 1527
1331 595
2804 3408
251 532
794 314
2824 1808
670 2539
2162 3558
2369 385
2619 2134
3931 2206
2964 3393
1396 2936
3511 1911
2971 2085
1598 1828
3366 3630
1503 2458
903 3846
173 1382
1931 1182
3825 357
1742 1155
2729 427
2945 1601
3914 3337
2791 138
3256 2421
1376 3825
431 3844
2575 2408
2901 944
1885 2971
799 2838
3722 2464
3273 3095
1823 2549
3095 3303
210 3892
2407 941
745 2786
1556 429
930 3303
3289 1839
2865 197
479 1441
3237 445
848 1719
2491 2328
1951 3629
3098 2926
37 2208
2006 658
3796 526
2684 177
72 211
1668 2061
1476 724
2000 2576
1468 1178
419 193
2747 3287
1319 1403
1739 2244
2573 2814
2662 1578
1754 1800
2746 3966
3391 3984
955 3224
2243 2685
1169 331
2136 2443
2182 3886
684 3383
335 2020
3672 3869
2618 2984
1528 3713
3355 1107
2635 3318
2468 3680
2359 1582
2565 441
2229 760
3398 3128
2275 1855
1873 2731
578 1654
2540 1222
1924 88
3349 3711
2415 533
1984 1051
1321 3337
326 2874
2930 3257
1126 1831
696 2622
2470 1099
3930 3947
674 819
990 2630
2431 100
2557 699
2569 3832
3463 2887
1144 3978
3731 187
624 1190
486 2891
2706 2807
2555 2641
1809 2098
3172 2853
2035 678
2859 730
1970 2165
884 296
2316 2051
2427 183
817 1778
101 3146
2590 496
3601 3541
3562 3878
877 3933
706 3951
3460 2765
674 1687
3474 3097
2244 1129
3775 3564
3312 527
2654 3385
1747 3975
475 2477
2267 2250
1083 743
2314 67
2037 2072
726 1311
3263 1104
3892 33
982 3402
83 2719
2932 2268
1615 3767
3437 2135
1216 688
3744 2219
3691 415
1346 377
369 3110
77 2689
3348 1335
2612 2344
1354 2232
2560 511
158 2312
1270 3786
3585 2851
2614 1327
1239 1651
1054 3380
3625 19
3079 829
2093 2538
259 3783
199 1808
3583 3663
1021 3078
2290 977
3371 3464
2293 454
3336 1755
2319 3656
700 2767
3278 1134
206 1006
2167 2672
1774 2582
2419 255
506 589
57 979
2317 1513
140 72
2748 2462
2249 1929
380 3551
20 378
2809 2653
3408 706
2467 433
1904 2602
3739 3232
404 3036
345 1323
1830 2926
2319 2674
80 905
1828 2170
2247 2081
246 3328
2505 867
1386 355
2138 571
3996 3703
2042 620
755 3201
2706 3506
1331 3957
1676 2848
1763 1550
2096 385
2849 365
505 1058
2978 100
3934 3903
3335 136
3044 2716
1353 410
2403 981
1579 3369
3419 1165
2920 1497
2384 3335
1450 1437
3990 3885
1650 3911
1191 3838
3581 2309
2659 694
1800 2962
1476 3631
1275 669
1494 1545
2735 1636
2840 1896
3281 166
121 2970
2942 393
2600 2182
1062 3228
542 2750
2044 753
1205 3155
3325 1533
1715 2036
3208 3489
3310 3303
257 3289
2594 416
1861 3818
2690 2699
807 2663
1917 3947
2461 2890
3977 3573
2853 2186
2186 1675
2234 578
3282 2728
1584 77
1378 3254
2333 2795
1442 2768
3609 3814
1820 3469
924 424
1077 416
2958 3929
2170 165
3855 2243
2424 1815
2942 194
1966 2857
1752 380
3594 1982
2480 1704
2978 1272
3305 3331
2988 3472
48 1142
3234 2623
3884 2673
1777 914
2762 2101
3760 2954
1235 1249
3816 2016
1593 1192
2493 2246
1252 3744
2204 3420
2621 301
2166 3080
3023 3120
2216 2960
3916 2158
356 3151
2702 3108
1254 771
1439 1239
1158 196
282 2249
1256 1431
3392 3703
28 3004
1288 3484
1210 2465
3965 2848
3411 1183
3702 1757
2727 3120
3266 937
1607 123
3230 3008
705 2203
2174 3854
3885 589
2874 2466
1425 3245
2160 323
2870 2309
2628 3245
1134 561
2858 1987
3613 3510
3340 3089
1710 3892
1688 1890
3680 2049
515 727
2230 3108
2895 1484
654 996
1752 502
1151 3412
3822 2510
155 3469
3413 121
2193 350
3819 546
2924 837
2379 2137
608 1645
2290 1815
3286 1479
1077 3595
1337 1043
861 1466
2641 264
2117 495
1506 3634
1612 1191
2634 2235
488 2084
1063 79
1114 382
236 863
1633 490
2781 758
3522 821
2190 2702
2568 2904
2075 737
1034 1898
2547 3571
3191 787
1428 1519
868 2099
3787 2893
1104 1026
1571 2185
1689 1231
1192 2905
2322 2510
3863 3586
2724 3569
2278 562
120 3834
3384 244
3527 3112
3601 703
843 36
990 1917
253 2725
1460 2359
752 3921
160 2400
939 2510
1301 2622
2452 2110
1146 1677
2628 3344
2033 3171
3418 981
3554 1844
1116 2386
2838 103
3896 2952
3204 1368
1801 241
2342 1724
3491 889
2569 1779
2316 3769
1512 2480
852 155
1687 1600
3751 2322
3204 3815
2332 3025
3603 1036
1411 3507
2647 3788
2071 2823
2585 806
2460 3602
3017 1172
3130 748
1790 830
2406 1352
2828 3880
3090 1856
602 2107
2867 641
805 1237
456 1887
2596 3072
1312 3043
647 1604
2838 53
50 117
3186 1012
733 256
3612 293
3891 1096
3914 133
1836 808
549 1575
47 2977
524 1224
2009 1624
2736 721
2859 3040
3223 2072
551 2884
2735 3145
1489 3067
283 1853
251 3202
1913 3293
2517 269
994 2993
1372 3271
2726 3899
3756 3036
842 680
2459 970
2118 263
3075 28
336 2560
3471 990
111 3694
2212 2343
3524 2124
904 1
301 3571
775 1446
2497 3486
934 3156
2200 3080
2224 1889
1732 3837
2111 1624
3396 516
1832 3343
477 1766
3931 3695
3904 400
2991 1951
3084 3921
3735 103
2575 1607
1241 2194
2868 354
3701 2060
298 2487
2103 1006
3969 984
3907 114
1393 3270
1879 3125
654 1828
58 2700
3360 2908
1178 1455
2249 778
1897 2986
1307 2131
1501 670
3707 1606
3914 3509
3700 3497
1488 1845
725 1413
1978 1493
618 3153
3064 3942
1177 253
1655 1391
567 2545
1391 978
1604 1384
3882 1264
2784 2367
2289 3954
99 1577
1959 2251
3811 1580
2622 711
57 3443
2949 3608
3852 3603
3806 1029
1863 2573
3178 3712
2905 2797
3174 729
1323 3620
1823 2723
1959 1620
857 2500
2588 220
1752 3326
364 2392
3246 1451
3946 82
1033 725
536 3944
194 1282
326 2234
625 427
3674 568
1953 772
372 430
1003 3789
3510 1952
334 690
3982 742
77 2617
3786 3701
3134 2753
2720 310
2914 14
2921 861
2588 2954
1075 2681
1675 1194
2647 3411
2126 136
3553 3898
3294 1341
3884 1677
734 2053
3681 1087
2932 1890
1819 524
1850 302
431 651
1055 980
431 2342
205 3074
1361 1957
434 848
3627 2258
2432 1255
412 2404
1178 22
1008 1677
3286 272
3015 2987
2553 3517
2259 1278
616 2854
1212 3209
1857 3927
1514 1674
3431 2574
1477 3912
632 1730
2020 170
2511 2306
290 831
2679 3597
2374 2898
2415 1266
1430 3529
1022 2773
3051 2801
460 3814
2482 949
69 82
3039 670
295 3039
26 2595
2322 801
3152 880
290 1189
469 3478
145 1511
2373 698
1642 1246
592 2952
2399 2927
3686 2484
3962 2761
276 3669
2287 255
3044 460
3715 1202
2658 3740
3126 3391
389 2188
3389 888
2425 797
860 2480
1986 1369
2183 906
406 2748
2095 495
70 1233
1876 713
977 2171
1761 1433
1701 3438
1878 3101
1400 2424
2141 827
3852 2444
3861 2736
1223 3017
502 3825
3110 1704
663 2876
581 3050
2881 3659
2621 2000
669 803
334 1217
3348 3367
3487 1464
3407 1487
2843 2875
3528 1847
2130 3158
3339 3029
154 1800
630 1636
571 1469
1695 2437
665 1589
1410 2724
3793 1744
1183 1670
1874 682
1046 3271
1565 107
310 3781
3726 1752
973 304
3268 563
2567 1099
2880 1191
2081 3820
2151 697
2459 2563
3590 1174
3149 1227
810 2595
2358 1637
1415 2158
282 2079
1619 735
1460 1965
1512 1291
3728 2007
2163 835
2868 962
1546 3124
1849 962
220 3142
1006 1181
3043 933
3399 900
3827 2656
3407 58
2931 332
1441 1194
3530 1006
586 2426
2398 2511
1602 3428
98 2117
2750 2859
2354 260
1525 132
427 2243
3566 2048
1881 2954
842 2015
1431 3905
854 3149
2856 2102
190 2784
3713 1912
3362 3058
2811 1567
1595 412
1615 2854
1086 2245
2473 2435
2032 1626
3924 1843
2197 1360
1170 572
2946 970
3042 3681
1217 3326
2772 241
449 2487
3780 375
1371 2289
2131 2151
2382 754
1642 2355
990 3754
1910 2030
3822 574
1401 3752
1952 3511
2315 3450
900 1625
1922 580
3028 2043
888 137
3836 2619
2541 1969
3233 1240
2753 2176
2138 2405
3083 60
1295 1851
1530 1196
1691 2371
3311 1890
1087 2111
3944 142
505 3889
2942 1366
1476 1892
3457 1657
2112 3334
512 308
3433 2595
1707 2384
2051 1447
2495 2666
3903 3616
1984 2053
2977 2259
97 2882
3197 759
1286 2483
367 2292
3510 2871
719 1275
3278 3462
2636 93
3423 3220
2515 2063
1461 1938
3565 7
2161 2045
3634 1686
397 3142
2205 203
2407 1219
2655 123
147 1612
2319 3294
1685 20
3396 723
1608 934
918 2178
1194 3565
1122 2103
1404 3111
1596 2636
1732 228
2470 3915
1118 1713
2531 2389
1563 3902
2035 2496
444 1959
13 3708
638 2460
3393 777
2604 1762
320 964
3054 1539
2238 1069
1677 2690
3578 741
1064 2973
2745 102
1024 1150
1724 2766
3371 3246
285 1398
264 3242
1031 3716
608 632
2763 489
2586 3277
1183 3105
2426 2389
911 983
718 1130
2286 11
3002 2940
3469 2559
856 2110
107 3624
2324 3641
1346 1776
3457 1528
2088 1195
3913 486
2595 3810
3306 372
1735 2969
