90 1637 162
2781 896 1
626 1920 2
2871 2082 2
1819 953 2
936 272 2
2101 2004 2
1507 1110 2
1247 490 2
293 1551 3
2713 293 3
1369 3204 3
2669 3146 4
2395 2688 4
1710 1822 5
994 2425 5
789 849 6
46 1119 7
95 451 7
1883 1373 8
258 2560 9
2946 1336 9
1030 2102 10
2887 2895 11
2078 3103 12
1780 57 13
543 2343 14
892 3167 15
1474 2276 16
1716 3105 17
55 0 18
3167 535 19
254 838 21
91 2192 22
1810 2184 23
1804 2544 25
1380 789 26
1691 606 27
341 2975 29
651 2833 30
676 1296 32
1342 1391 33
2431 1785 35
2089 1673 37
3032 238 38
2945 2406 40
2575 2367 42
2411 1137 44
2197 320 46
944 1511 48
638 426 50
561 26 51
60 1867 54
3204 3011 56
966 2755 58
1037 1052 60
1276 1842 62
3236 1526 64
2436 706 66
2295 1442 69
1461 170 71
3213 913 73
1264 2726 76
2152 793 78
3085 1805 81
2667 1440 83
2875 627 86
225 3236 89
1490 2935 91
2353 78 94
2084 2370 97
1186 64 99
370 1127 102
2115 1218 105
3211 2266 108
1960 2843 111
461 628 114
1923 437 117
510 3189 120
2403 2140 123
327 1946 126
986 558 129
3139 2685 133
2807 1763 136
11 2814 139
38 1498 143
2387 3229 146
2727 2591 149
2131 2658 153
1639 1518 156
722 2144 160
376 176
622 2589
1422 1617
600 1004
2427 374
1718 2800
959 1749
2748 1153
2381 2961
915 14
715 1526
2036 27
1548 2068
1209 3026
1494 2667
393 2167
706 197
1695 306
52 719
475 1695
1239 2120
2599 2935
2546 939
11 2556
2654 647
48 922
1257 2484
2016 1025
2299 932
1147 316
1226 946
1597 807
3036 1075
2220 612
1748 1183
1606 2511
433 1335
2943 1536
2697 2777
1024 3032
184 2749
3229 60
1996 1839
2532 1973
1523 1810
2667 85
3054 3225
2296 2289
2892 30
1534 1306
303 501
1921 784
838 2352
154 1697
1574 473
162 3049
2961 785
3153 2477
2082 1401
2806 2260
826 1220
2460 2484
2598 1764
851 2868
1030 1320
1231 1614
1067 863
247 2385
3036 2093
3219 2107
708 3109
172 255
2249 2467
1310 211
1632 1004
2941 454
796 646
3093 2887
22 3114
1845 1904
1231 2878
433 2763
201 1203
492 869
1147 2262
36 1277
406 987
1712 1382
2080 2950
2138 155
3059 885
3081 1468
1904 620
1094 3168
455 3054
1834 2986
443 361
2005 234
3139 1210
1785 1599
532 1550
1786 2347
2596 2236
1836 273
3030 559
2325 481
411 1824
1190 1744
658 1728
175 679
2281 1612
467 1941
1221 1102
1091 2870
820 1757
717 2975
151 1984
2825 1636
422 2504
2933 2560
1506 1487
1910 2329
2297 2025
3114 1674
2155 994
2609 787
780 1016
3173 3132
1921 2109
2943 1778
2743 2921
3182 1089
943 1923
2246 1210
3023 2273
321 1405
198 2111
298 716
2108 658
2789 483
1594 1902
2832 3198
2485 87
2448 1631
2411 849
1227 3175
2072 509
52 2042
1897 1128
1620 71
231 968
661 2272
1952 924
1998 1300
2954 140
1308 2974
1109 507
73 2381
2151 32
1838 2861
1136 752
1033 2569
152 2533
1610 2402
533 1294
2534 3125
773 2447
1942 2689
1377 963
1136 2692
2781 2687
2831 1899
2629 1188
3177 766
1592 2822
2896 1075
154 1443
1966 2204
281 2801
1386 1722
2204 1090
129 787
480 2864
3079 1320
293 1785
2062 2170
2213 492
3171 149
2081 3235
2884 321
1345 1148
1828 164
2680 1336
2646 1018
728 1190
1071 1493
1620 2953
2494 2188
2839 2503
1591 255
3057 2420
2877 2998
1890 1659
2808 1403
555 2757
1746 434
347 2441
2547 698
1983 1938
344 3120
984 2252
3214 1674
2706 1621
784 1453
910 1348
11 2262
1498 3138
2998 2675
1503 987
2427 256
1573 671
1508 840
1852 3192
1995 704
2479 511
1053 1887
248 2669
2684 1990
892 2514
353 2628
2189 1950
963 1157
1419 379
500 1201
3189 1868
1124 1019
1552 373
43 1709
1709 2563
864 498
3233 1247
3183 1777
3023 1238
2958 1939
1227 2009
2186 3002
1106 1242
443 1536
2769 102
1797 722
2050 858
2314 587
3154 2000
2946 690
2288 1859
527 2007
2479 2709
2775 2366
1338 2676
2531 1580
1963 1751
1695 2019
42 2947
78 597
150 2308
1990 2051
1061 111
925 2989
2727 1854
239 1911
2314 718
534 2546
1875 2616
2208 1808
545 206
593 351
2773 2164
2499 2808
1211 1519
1358 3120
1608 1358
13 335
1564 3087
2994 3047
3137 264
672 1849
1310 97
235 3120
1866 1746
1768 1751
2059 1762
1403 602
2488 617
2296 1296
1747 2927
721 2691
279 2022
1197 158
139 891
1406 1932
1058 439
1264 1275
417 2341
620 2139
2430 1996
774 2604
1697 1678
188 80
2056 1908
2486 1016
1942 2438
1913 1487
2531 1865
6 116
2531 1467
188 2234
1767 880
1457 2785
2655 2873
41 1951
108 1236
2891 1680
653 3176
790 160
611 2507
3087 2809
1520 2195
372 788
1752 131
2006 1606
2938 3103
1154 2932
2073 2513
2247 830
2348 1523
214 321
1932 2925
1414 303
3000 2932
2315 1015
3129 2270
764 1809
804 332
2945 942
2928 2227
2603 292
833 2201
2893 1266
2867 3135
1997 487
2137 3181
415 282
69 3225
82 848
429 508
1964 311
3077 661
1512 2355
1869 13
870 428
872 1068
1626 362
734 2378
3056 19
2264 1923
889 2294
3118 2171
1375 2450
1393 122
3161 413
955 2589
442 698
1500 625
2681 447
510 1093
2010 2698
1216 582
2594 197
2787 286
2103 734
201 425
848 1651
916 2233
1083 2170
3070 3093
1725 1018
1537 1593
555 455
2247 2143
131 1085
729 354
1419 56
1600 2752
312 2879
816 1955
1512 1940
2284 148
3006 3177
1594 878
2778 2842
2649 2581
1640 2199
1185 2550
1137 2068
2661 3038
3125 1375
1059 2627
3157 1549
1032 1241
2260 359
956 149
1284 392
1363 2141
182 2984
3202 2527
760 2910
1900 1194
2306 2681
736 2276
185 1122
933 744
2373 212
3240 2873
2283 276
1341 1617
2460 1838
1068 1615
2638 1518
1732 1320
2568 1380
1637 3137
1879 505
953 2475
2364 2629
2862 1502
3193 2357
72 320
1840 604
682 2443
1576 2575
2804 1204
285 1329
2939 1869
1437 1115
812 100
2783 11
892 3229
977 1099
2682 2266
2337 1668
3203 1348
150 2824
599 1423
1004 3209
1304 2621
95 2692
2851 1015
2039 1174
3131 2944
2543 1161
1645 1807
1579 2459
1899 2783
715 1922
2951 1218
3129 2549
2768 364
2272 3044
881 638
2582 1492
1742 500
491 2392
2717 3060
2030 2787
2226 1722
569 566
2196 212
83 2462
2947 2134
3178 225
2714 961
248 1836
786 2534
240 3047
1104 3081
1858 2134
1833 1539
825 3042
2592 452
2265 2782
2740 1987
2779 1549
831 1813
2345 766
3021 1540
456 1745
1403 1157
413 2451
1768 2767
2480 3207
1917 132
2238 701
315 1700
2511 1206
1551 1998
2521 2033
3213 2178
1346 394
2566 1061
32 2613
659 1380
364 1672
2770 1028
1663 3068
71 65
2181 3097
2619 3235
322 2379
821 1522
2817 697
540 2818
2727 1692
1549 759
1777 660
229 1758
835 2686
1977 1433
2145 2392
2449 978
1830 2774
1340 2057
1728 2628
1219 2264
2244 1470
1114 1923
1035 2711
1806 3240
2863 838
1907 310
957 3121
3067 2727
2860 2147
1520 715
1409 3099
1612 1274
1511 491
1625 2287
2353 2160
1298 2245
2620 2515
1075 2259
480 2729
373 1031
968 2018
883 1246
158 344
2891 885
2653 590
1851 431
1772 2121
1411 2710
2093 217
250 1664
528 958
2878 518
2429 1337
3180 693
192 2863
2364 1220
1493 1207
2530 2156
869 2149
3027 2213
3107 3204
1393 906
1777 2425
1953 1592
2036 764
291 277
2007 556
1109 2763
2163 2559
2247 2854
531 2438
1272 886
577 1644
87 1047
2864 1365
136 1390
1415 2328
1269 709
1754 321
1227 822
1176 954
2821 1687
645 848
1174 3168
814 2287
2953 2873
2626 973
3087 2067
1097 2535
150 563
3137 482
277 955
2226 2967
822 2019
212 891
202 2301
1926 180
188 1571
961 314
63 3038
566 803
459 1298
1041 2041
655 1960
211 1330
3020 2469
2872 1723
3188 1273
2736 1259
2431 2594
1992 2325
2835 2871
1378 1249
2639 2626
277 2265
475 957
1722 2337
1438 567
2608 2804
98 17
664 248
2756 2121
1276 2794
2072 2759
166 996
2414 1592
582 863
1706 2266
2656 1691
2300 1171
2419 609
499 3032
784 2984
2136 2884
2669 2695
1861 853
1322 1768
2348 385
3236 1469
1222 2172
1702 1541
1403 1308
1308 1433
473 241
1057 1820
886 892
597 505
2720 2427
2901 2625
2367 269
2641 1752
2683 879
2357 2335
1258 1341
2413 2435
1832 1966
2342 1915
353 907
393 2110
1628 1973
2349 2891
2659 371
1878 1303
1764 1956
1206 239
2872 252
371 1749
2276 2906
1025 2180
1632 128
377 661
2183 1149
1276 3149
267 2152
1398 1578
2558 3024
81 540
105 177
32 1324
3017 1684
1969 813
894 2097
1255 2344
1255 2634
140 2129
1636 850
2571 903
1449 334
2497 375
2023 1464
159 1295
3178 1930
1119 1438
1954 1293
1956 1825
2146 585
1893 968
1317 2144
2948 1648
1433 984
2262 217
2999 1328
767 406
1923 2191
2112 940
3182 2445
1706 834
130 1337
21 2477
358 978
2044 242
2616 253
2751 3023
112 1610
2685 211
673 2108
290 1065
2293 2421
2427 2547
3126 1432
2022 1983
109 2826
1056 963
2181 2236
1257 1419
3166 824
3042 1497
2193 152
905 1301
1513 206
2630 115
1288 179
3238 2500
174 2906
2722 2363
1735 2203
935 2119
1995 964
1622 1734
720 2625
1643 586
2646 1113
2257 2081
1050 539
522 2243
1867 898
2379 1303
1679 2425
2750 808
204 2038
2660 1166
1004 3
2586 2116
1858 1067
633 2689
1099 2663
634 2314
1579 2684
520 1251
1360 518
909 419
12 1003
1299 1186
2902 2841
1592 1690
2621 2465
2799 3090
2350 1271
121 2629
852 2536
723 1648
1187 2243
1379 1670
481 2110
372 1622
1835 2462
1798 2602
3088 1725
3137 2380
802 2716
1006 2803
1783 2683
2570 98
1360 2270
1481 1843
2338 1349
684 336
358 322
1279 1972
2140 3130
228 2911
2692 1122
579 748
1407 2007
1623 10
1778 1236
945 1698
2934 2267
2259 1564
1 2909
445 2052
187 1055
1290 1028
1834 2406
2759 1410
1465 1372
2862 1549
2162 245
2582 2858
1969 453
851 952
2795 1927
2634 2662
2143 1809
615 716
3126 689
462 792
1300 428
1798 1445
2867 1124
2698 652
366 1463
1870 1617
2155 2289
724 31
487 2815
2475 3147
336 2091
2515 2246
2943 506
530 1397
1545 2416
2254 2591
1720 980
2378 2194
2209 1294
2750 3091
1783 207
3019 659
1363 1919
1352 189
2714 1799
2836 533
1648 2239
124 3153
1466 2178
1525 2844
2619 849
404 565
2004 2521
2204 3062
3018 1205
2439 2983
1472 734
2689 1709
1134 2992
1033 574
1604 2182
247 564
1095 2292
1194 283
1414 447
1990 921
2056 1551
3185 2879
2721 405
2446 1014
1328 1094
3021 2641
1423 3000
2654 153
1069 2507
2399 2267
2223 806
3058 2317
1779 915
2821 2166
2525 1391
971 269
379 2217
537 3019
557 2469
2650 2350
704 764
452 886
879 2940
1070 1419
147 3001
805 2247
1342 2805
750 1870
176 532
2514 997
1535 2311
3230 2018
1538 3233
580 266
635 1185
2675 131
728 2415
3153 2320
2192 2095
3136 1778
863 559
2606 747
1722 3044
94 645
625 1263
240 1076
1662 1259
2150 2194
993 2918
2465 2775
1242 1393
2795 516
1140 1390
2854 667
2838 1220
206 2717
1534 2799
404 2854
2974 1848
383 301
2584 1738
2267 872
2810 776
2479 559
1715 586
181 594
1047 717
1003 779
2489 1815
1127 822
719 1128
3088 567
2080 2831
1137 888
1530 901
766 638
1190 803
1608 2564
3062 529
86 2951
2968 199
2008 121
3023 401
3006 519
382 539
1405 2678
2283 179
230 434
1319 1040
3042 1652
474 2571
1648 2697
1024 2778
517 1716
545 1818
115 1006
2867 2524
664 2154
3157 1674
2211 2529
1193 95
512 624
425 112
2910 1835
1732 1880
90 1278
227 403
1715 1090
376 607
349 1243
388 3073
1330 496
1581 1590
502 3233
3085 902
941 569
1206 1813
92 3202
2420 1227
2397 2826
2656 559
2025 2601
211 1415
1725 1769
1174 3027
1306 585
256 2340
1098 847
1854 1460
897 984
1143 2963
196 1173
2973 1454
2926 1387
2939 572
2212 0
2209 2330
2817 556
551 627
1827 1753
1430 2924
2117 2940
577 2252
819 2319
2220 2879
2259 2824
3051 162
242 1300
1936 1201
1256 172
1189 878
3160 302
1575 1018
1393 3221
2964 1425
2697 1517
550 1589
839 3194
707 419
199 2836
693 893
6 1307
1642 2465
3229 311
748 3168
1892 51
3176 970
2904 2411
14 3172
903 1959
681 2175
1868 997
488 361
299 73
835 1442
166 35
1469 3234
1448 1801
2988 1033
471 3163
1526 948
3212 2732
387 494
541 736
1746 81
1170 2115
2725 1516
536 1054
1923 1765
2669 2031
1352 3089
2488 1590
1175 188
2097 2433
1877 2320
1748 270
2734 923
3016 1854
2895 1789
2933 3194
131 2175
3155 3070
2794 208
2208 2720
1967 1724
3051 1361
1419 1262
2417 2645
2901 3091
2494 719
2752 1065
1966 2958
2594 2774
2767 2310
621 1213
2222 2649
2900 593
1293 912
950 2071
161 2564
1394 2796
616 1474
1403 2182
973 2815
1023 384
1580 503
3201 1244
993 2372
1806 2324
1966 1689
3015 2126
1688 432
1025 2515
820 2600
204 3162
1063 1155
2123 1861
2570 1155
929 2811
1484 2967
1422 1339
536 1920
604 2940
688 2916
2372 2911
1587 3033
2556 517
2312 162
2381 299
2743 995
1435 1567
192 2560
1913 2407
3118 661
2912 303
2391 441
1384 1292
3067 1592
2819 2816
1756 2151
347 2410
1730 194
766 2024
1154 1206
2664 2765
887 1456
1616 620
3181 3050
275 774
1580 378
1100 2095
2566 3126
2039 2730
2283 1572
1943 1569
2945 58
1387 3170
833 1165
2109 2767
1360 1460
2152 2845
1229 1286
1951 2173
3225 2423
2235 1640
170 1213
2982 230
1192 1976
2155 1118
625 2868
1175 483
2252 131
2648 1835
1658 1700
2618 1922
1098 2931
1624 1132
2222 404
3097 3019
1586 1170
5 725
59 893
2942 1819
2255 439
3026 1987
1452 1995
644 994
267 2848
2865 2470
2206 2020
941 1949
1854 1158
159 2430
2047 1833
1246 2204
99 2533
708 2942
913 3112
340 1866
156 2762
41 3136
2826 2985
558 90
3185 2143
897 2685
2069 1878
826 3001
2601 2878
74 268
699 2386
1401 41
1391 548
2208 1012
2721 2294
1310 1350
2543 383
2966 2746
1093 2146
19 3022
2728 756
1754 973
770 1602
2854 2821
1930 2010
2891 433
1560 3196
2493 2088
1743 1612
146 2342
2217 845
1853 2972
1265 2107
348 1717
1391 89
2741 100
831 2093
1362 2944
379 327
78 902
1200 305
991 1894
2087 992
3218 3144
450 1724
1688 41
3188 1010
2230 1425
2352 1159
27 1167
2868 208
2804 411
316 1229
242 715
1448 3021
1348 1539
108 791
441 661
1993 2185
3204 1914
1637 38
2006 154
2970 1190
432 794
308 2855
636 750
2925 24
2428 1681
1963 2094
2655 2509
3032 1262
1669 1417
435 1631
2825 9
784 3239
117 2244
612 1389
2942 2101
590 1664
1116 1788
928 1064
1481 1290
966 3035
222 1256
90 382
372 890
233 2014
268 817
529 2864
1071 2482
2892 1954
963 885
2671 2462
1929 2318
2773 2546
1645 1280
1384 2643
2732 222
1653 948
765 1540
2385 1877
2019 41
1867 3136
522 1582
43 384
761 1231
333 2904
714 3049
2788 2989
1019 1259
772 2808
1826 3100
466 999
3182 1709
1097 1306
2586 2625
765 314
273 1721
2739 2468
1870 2812
3029 845
1433 2739
2670 1245
810 3221
2968 1588
796 2737
541 2204
3169 1260
2699 734
1500 230
3215 2830
699 2459
1826 856
313 1474
1565 868
1469 1139
2738 254
1833 144
2490 413
2554 975
2913 1264
1151 479
772 226
1268 586
2274 3210
1000 481
2233 2126
429 3226
637 1801
1573 1449
2329 2343
342 2884
13 2327
2642 817
516 605
597 1109
2243 1869
53 511
663 918
1410 227
1817 2511
1236 2634
2820 2920
1389 14
2112 795
2004 2449
565 1511
2028 2004
2300 1405
2130 1387
2155 200
2187 557
1894 291
3078 3236
2853 442
1296 510
2433 1485
3211 476
1601 2647
2518 1321
851 2299
3205 1856
341 1338
494 1787
3201 2387
1090 3130
2482 2650
1454 60
1566 719
3220 1495
1157 2173
1370 674
932 2030
1376 1398
2556 1028
2981 2013
5 1527
1688 2942
483 897
2289 3066
1381 1518
971 466
1124 2773
93 2490
1487 2456
766 3028
1968 1606
1422 1642
444 2337
2476 2051
1755 2663
2328 2258
1549 60
3176 3211
2544 3240
774 2086
2183 2677
3072 2466
2274 3171
4 1859
338 2561
3239 502
2711 1410
1737 2887
436 1835
2722 2659
2701 705
639 1534
52 2402
2959 1034
2233 79
1204 3177
1250 20
1116 1672
2899 2435
969 2519
2420 674
731 1484
693 969
23 1551
1882 235
1130 1873
2560 1416
2405 2587
2464 965
1001 1578
3028 2715
2705 2958
2785 2895
2688 1031
1426 326
2152 1076
3115 3033
720 1389
2035 321
2650 2821
1063 597
2374 1772
2765 2083
2376 2324
1738 2548
45 101
349 2284
1885 1757
1542 931
3058 2091
3197 100
3007 3032
1850 1021
2849 2416
3205 1984
131 2849
2805 854
2994 1302
968 1685
1221 153
786 1553
1848 2030
566 886
2499 1329
402 1276
1259 562
12 566
1041 4
2394 490
2253 1984
1976 295
3129 1510
1360 1699
923 2943
1693 2146
1282 2354
1367 1008
300 2542
2940 2505
2696 2534
194 466
2320 2313
2632 1647
687 1910
1013 1957
2218 471
4 1579
673 1235
1863 2941
3039 963
3125 1641
808 1867
2122 1797
281 1408
657 1274
2470 1093
994 3118
177 2657
1695 1508
2657 1763
1272 67
1789 2384
1727 2931
1592 2059
2469 760
1690 901
2972 683
1615 2020
296 3161
2109 2913
757 1206
1825 1820
3178 2711
1767 761
260 1996
1378 2619
1682 1615
1675 1387
2963 529
1204 1300
394 2550
2669 2157
2869 3219
1156 673
2811 2467
802 3108
2391 1028
3020 679
1155 658
1615 1321
411 1318
194 1693
2531 1721
588 2917
977 1630
349 76
334 1670
1409 119
975 1307
2554 2641
2082 75
2054 2025
3028 3165
430 2037
38 2432
1847 28
35 2461
374 440
2328 1612
1014 2190
1154 1081
1734 3236
1951 3224
1277 137
2331 441
2345 892
2932 1190
2094 334
2663 2737
1682 1893
717 1339
740 3043
3062 2757
1239 1851
158 3163
2438 888
2805 2565
2961 2779
245 885
2584 3212
1508 1625
976 364
3 375
2372 721
2497 1064
1413 3240
1028 3142
3122 2494
162 1933
147 2724
197 2328
2738 1703
2443 2712
2225 979
853 2251
457 933
1753 753
2217 2358
1821 2232
1576 657
529 84
1032 2806
1734 2960
2380 3216
2121 2091
874 690
2661 2615
1536 1006
912 1982
1350 470
1464 593
963 2953
2973 1281
397 865
902 755
1025 1718
997 2950
67 988
937 3000
996 1653
670 688
2163 2251
729 2232
268 756
1450 1829
513 2115
1228 238
908 619
135 827
2560 847
3201 920
522 2745
3016 1962
62 306
218 1538
2942 2083
