471 5152 97
3483 62237 1
65935 7009 2
37740 51676 2
79228 46183 2
27764 60500 2
88610 9395 2
11518 68502 2
85809 18918 2
71524 60412 2
59196 31486 2
36715 64327 2
50663 79792 2
66898 43917 2
35815 3529 2
34095 83108 2
47802 27029 2
55596 47514 2
87188 51096 2
14748 82368 2
71228 28897 2
14688 40663 2
72929 18016 2
47837 88669 2
49709 13614 2
485 15151 2
80384 5834 2
21534 47061 2
29964 38282 2
2852 87267 2
23709 78443 2
32238 18984 2
51071 36821 2
4179 26222 2
85419 36942 2
44677 5474 2
59810 58703 2
71547 88634 2
88444 79507 2
19537 32917 2
64145 82917 2
809 46730 2
82873 88099 2
16000 23941 2
84968 64770 2
61434 71955 2
59779 14174 2
46874 67450 2
17773 4169 2
39004 73109 2
4050 76279 3
14081 58394 3
41045 38311 3
22687 18018 3
10788 50084 3
49995 59096 3
23616 87549 3
46063 45917 3
8553 2566 3
38915 12625 3
39339 24311 3
80084 76342 3
26952 9791 3
79911 26625 3
27963 69785 3
9254 14060 3
54321 2449 3
71658 71445 3
29330 28168 3
5160 38990 3
62129 23182 4
75471 36455 4
80651 57100 4
71223 51491 4
27021 1127 4
19844 65962 4
88410 383 4
125 6584 4
30205 47577 4
56562 86826 4
72040 79694 4
11157 31506 4
73574 786 4
41880 80989 4
54157 20552 4
54825 66812 4
16407 74625 5
88192 29124 5
58544 39964 5
77217 65713 5
64711 64991 5
73978 10141 5
42493 58174 5
159 54512 5
22421 54536 5
62633 382 5
36613 32062 5
67225 36021 5
63295 52275 5
88105 71505 6
22372 39864 6
40155 88608 6
17538 11518 6
244 32276 6
88641 43433 6
81145 13607 6
44726 19862 6
35905 43611 6
67008 14023 6
22855 26001 6
77336 83920 7
31657 75419 7
54150 74070 7
49079 52257 7
88679 57598 7
4542 69639 7
7626 82561 7
7854 56307 7
11264 88567 7
33538 56893 7
55319 54111 8
73239 43990 8
5042 19631 8
59186 7216 8
46363 74429 8
43712 31961 8
8674 44117 8
58626 80229 8
25535 33729 8
16770 51051 8
80723 33096 9
29927 88515 9
66236 75535 9
12164 19276 9
53946 27586 9
495 81803 9
52441 8386 9
78341 20420 9
10381 25371 9
42241 197 10
33136 9075 10
11644 8600 10
10008 77314 10
81918 69687 10
64878 29333 10
62845 88604 10
21773 71566 10
82521 499 11
70664 23238 11
79584 40371 11
1496 984 11
53225 42175 11
88509 86311 11
66568 57276 11
28244 82124 11
5059 10054 12
27230 21911 12
83439 81908 12
61036 44959 12
23448 5442 12
9600 63052 12
161 66378 12
20521 82799 13
41272 67713 13
48964 79 13
38515 18092 13
43676 51682 13
27874 54535 13
66743 19472 13
28 22574 13
75389 55559 14
33904 69814 14
5446 33302 14
70539 66390 14
17492 17178 14
68344 2465 14
4667 51037 15
31537 64179 15
77314 72170 15
20520 59499 15
76127 50124 15
39527 47047 15
88047 24204 15
34720 26661 16
9861 36928 16
46305 40306 16
59588 63679 16
31954 14042 16
58752 18940 16
40050 7481 17
81839 51263 17
44344 14302 17
84559 46165 17
14786 63774 17
49995 31792 17
26715 43703 17
41 41488 18
18304 28113 18
76421 60446 18
17426 86813 18
74934 25261 18
56309 35573 18
14264 812 19
45699 84406 19
38190 78026 19
37958 59796 19
52055 85718 19
34761 88194 20
84318 41439 20
61172 35654 20
21472 1062 20
17653 44552 20
76276 30449 20
85355 5511 21
26180 15074 21
66282 48446 21
53968 61495 21
30262 4463 21
69555 83874 21
85116 75188 22
49227 21618 22
16885 69359 22
35975 37714 22
63979 40339 22
66501 70786 23
62381 10503 23
42252 42811 23
51384 70419 23
705 72923 23
70736 6987 24
43535 63290 24
74649 75845 24
25658 50188 24
31887 51715 24
24661 65655 25
31155 33601 25
77159 88481 25
75037 5653 25
56885 10933 25
21519 9368 26
81151 62074 26
76608 15115 26
35346 48071 26
47751 8574 26
66516 25086 27
82742 23348 27
20075 22518 27
50426 65142 27
71761 39287 27
50279 4145 28
60974 76511 28
57392 23278 28
54914 16047 28
58265 953 28
14901 34372 29
18766 78470 29
58587 50469 29
51336 48758 29
85889 13695 30
44371 24503 30
38915 84494 30
2234 58074 30
30827 43164 30
63751 60911 31
83721 28798 31
31962 23077 31
43907 10015 31
14165 47812 32
6581 66112 32
87339 33160 32
26240 73635 32
18490 37458 32
55313 82957 33
4498 6025 33
6838 88734 33
13452 14199 33
67176 80237 34
45 77372 34
85481 60276 34
77030 79380 34
46559 34708 35
41237 28238 35
67253 88732 35
24206 29937 35
57355 71246 36
4508 44636 36
7283 72392 36
77651 8655 36
84556 56188 36
14713 29639 37
71878 33129 37
49882 17636 37
77482 1892 37
32040 150 38
35550 21044 38
63535 17016 38
70125 47404 38
54516 31642 39
7586 29960 39
67631 62341 39
73530 85340 39
81740 17794 40
88591 47266 40
56310 77174 40
2419 36413 40
13486 72004 41
26156 39091 41
46074 78419 41
59611 54574 42
67499 53644 42
60232 85280 42
50238 75774 42
75541 40538 43
24165 83645 43
68112 31926 43
46602 56283 43
71028 56237 44
81690 36934 44
42017 76439 44
62748 4367 44
11261 81232 45
6739 22864 45
35583 14501 45
84633 9100 46
69968 10975 46
31565 79165 46
12774 53080 46
57816 27633 47
78894 53764 47
61631 26912 47
5019 14230 47
21454 13418 48
18316 41046 48
53253 12561 48
18204 62847 49
2873 29778 49
22893 43647 49
70758 76176 49
383 26467 50
64508 33597 50
55600 58289 50
11935 5054 51
36358 7143 51
88332 16519 51
58635 67047 51
8954 40583 52
4309 55180 52
33115 29940 52
17858 588 53
41688 21732 53
83526 78363 53
74307 68642 54
43878 87993 54
43065 71069 54
51206 55072 54
40607 34672 55
25096 57971 55
29480 16570 55
3516 79716 56
46307 61373 56
49170 43311 56
49299 83438 57
22249 75108 57
20799 51362 57
17876 57252 57
63304 55990 58
17526 8007 58
21827 35795 58
15005 78650 59
33178 40526 59
61908 67702 59
70849 14844 60
38275 55128 60
493 10228 60
47032 2970 61
6753 59530 61
69742 42209 61
7010 47584 62
75008 20600 62
87214 82669 62
8721 33838 62
88201 65653 63
37446 81303 63
63441 78720 63
21709 62950 64
29518 57632 64
63022 48123 64
38649 1455 65
27905 76642 65
13960 10857 65
15190 20601 66
80261 79841 66
87905 38957 66
43348 48193 67
42141 84468 67
12299 44459 67
73755 62818 68
74522 47379 68
33447 60736 68
50650 25178 69
27045 86501 69
52506 45727 69
40933 3679 70
29703 67140 70
35553 11175 70
26355 46924 71
88689 61649 71
23881 69217 71
47487 48717 72
40585 15693 72
9390 17303 73
26845 25030 73
85141 85267 73
13995 26599 74
11182 84336 74
46622 30597 74
84253 33720 75
35630 72869 75
81865 66077 75
12763 38179 76
67233 67424 76
1789 49654 76
76896 43412 77
71277 3726 77
80247 10665 77
81258 73351 78
12876 61327 78
88579 4500 79
40756 61941 79
87533 54299 79
28243 63832 80
85144 68522 80
57681 4569 80
39207 43916 81
28699 12347 81
26828 4298 81
58837 73950 82
6704 85732 82
41643 54800 83
6212 41995 83
5465 1715 83
1665 19424 84
3613 23008 84
70223 19860 84
8747 10313 85
30877 71082 85
8305 7002 86
52953 77070 86
54165 51194 86
191 85286 87
27 60395 87
6572 79564 87
15469 55218 88
88437 20606 88
13400 75780 89
54746 38296 89
55940 7826 89
4088 73043 90
7453 52359 90
24224 2502 91
29231 19728 91
38355 40107 91
48931 72628 92
44398 27582 92
15424 66639 93
31003 84658 93
77166 23093 93
58172 45660 94
53569 24696 94
77566 33242 95
26397 79529 95
79764 86602 95
26344 19112
39911 31319
28099 35895
34736 79936
59912 88443
3381 65754
76605 11517
19263 54220
73396 13047
84485 52896
4604 82367
28798 7201
80704 83599
62795 13332
32621 36984
14542 16988
56621 64024
74060 82250
6665 35836
68222 50676
46118 64590
47913 5758
30740 55000
40840 50969
20933 3911
81198 20912
45526 391
81205 43587
68697 38734
32523 67301
51025 28148
29142 73945
78918 16944
12537 23510
23073 32472
46929 15558
6404 62474
61711 20360
31301 11337
9175 70076
79072 29485
9944 59063
64385 37191
30891 25638
67623 9218
61711 42133
73778 57865
62107 30638
7263 25828
38181 28386
11998 28854
77738 4648
48275 37653
78488 36613
10830 55447
70663 26217
11514 12042
7107 76212
71722 36473
69187 58524
64797 86496
44026 68004
61006 61239
56657 13819
49769 62155
13101 86616
52074 88429
18254 20022
64680 73270
43566 39269
46127 22460
17401 48037
51773 338
33968 32914
21338 85337
88112 74403
54398 79439
1901 39443
87965 35814
14464 3956
6641 16427
39860 57977
37527 35198
33546 44906
42031 25647
38296 9984
33050 5320
17531 80854
35757 54208
69636 69347
80409 48526
41671 73583
42829 17680
64368 45920
9834 22081
30430 30532
53787 56306
69430 44815
65791 1605
65275 11953
82515 25905
35663 29277
12301 64585
87029 11397
70754 63423
46441 53697
44618 81482
3956 48061
83072 6772
20970 30062
57642 52960
49214 11091
64310 21360
54792 69588
51803 39854
76582 27927
46745 11850
1671 69237
86146 43777
23828 52277
3033 16867
41184 10627
20033 69463
34872 50700
24013 10082
74360 87853
8140 19869
16658 84013
35934 23765
49446 47067
46985 70116
20246 44068
83924 16085
85380 1292
28286 49165
447 63903
74117 28646
267 51990
3212 12043
41636 65062
15797 60244
51632 82655
22566 67143
43158 36249
38071 15350
29070 51681
2353 8177
11574 41899
59906 69209
68119 22901
33408 77403
78005 57762
56516 60820
58674 77764
52524 5194
31907 16547
22721 81323
31089 60150
78910 60274
81962 2914
38424 70028
35690 75742
74996 33187
78837 12735
24086 37701
9972 46565
15188 44499
25613 27850
79056 68395
14538 6642
48783 55237
23150 22844
75786 17978
11475 74297
69778 81410
69218 72570
12437 78305
23845 12589
54532 85343
7211 4666
61870 33310
79491 23624
85212 26840
59980 24739
68898 27842
15605 13159
33020 2460
63182 69800
44005 2425
60809 82759
57653 56582
26986 67013
68328 77734
39098 21501
2158 4916
11158 71502
55205 43549
85325 71875
70854 53891
17602 72079
65165 54530
53311 64408
34702 62855
38177 75344
42588 78718
39166 64717
50898 67639
62466 7958
2189 44185
9169 39
85208 21244
9125 87132
20885 19527
63881 58529
62000 63344
13195 56266
82600 59375
76781 52342
24535 41451
51098 34235
68169 5254
34270 17523
13129 32728
1840 75045
19799 75922
20763 41640
155 36920
85914 79704
40238 41628
73122 74014
25736 6751
51971 21390
35451 59
78645 50301
82448 39424
31890 82273
3839 41819
79735 118
44819 43522
14415 51360
79358 64895
48059 85601
67367 84811
23970 62462
3079 32365
6296 8125
61419 39144
35597 85901
69820 86752
82096 30997
74187 38376
44819 76504
28856 44688
66014 16966
52263 57989
30795 40397
38142 87417
72995 30947
48035 33036
59823 9422
82487 47499
51366 52074
69082 13039
48220 24385
21026 78472
19587 25818
52064 2786
66654 40978
77259 62848
83288 20063
48091 19243
42703 7362
73070 23278
9426 65336
8821 74490
54183 87599
28375 32548
73032 7898
77573 74751
36528 83490
45201 7774
82208 55197
64947 50432
64606 42549
65205 4062
34737 65543
70275 1352
58366 16188
47782 59095
26115 63010
18394 30558
61428 65468
62623 81201
24400 60150
71649 45822
86120 30945
5389 28523
70777 31259
59990 22131
83041 72040
48579 80661
36051 68849
15952 36999
55871 28562
79421 3094
8118 49777
11528 16560
50525 6641
20888 88595
5494 57429
56296 80513
29837 22283
45516 50185
16426 31513
72739 65804
76343 38502
45623 36932
33100 85421
19581 7467
37566 4954
20304 39307
2060 24572
73549 15911
18683 60659
33297 49217
21722 28096
18658 88651
42879 44906
56593 75012
72011 82822
63689 75484
4473 85813
25888 76027
46890 43931
86802 56504
25861 88396
17577 22507
73656 51467
26623 52178
32023 72826
44756 72670
71732 49072
24249 47542
54982 40648
58758 42134
64382 25283
86011 15961
16959 77040
86623 3252
4976 64099
24397 16327
68380 296
42637 33759
18881 14771
67935 65300
28654 42025
59163 36540
51549 10790
75529 2860
83401 13655
57017 32817
51433 15069
84012 50129
36238 56974
9442 53286
42072 30663
44374 59086
56069 19746
63138 84724
44050 65820
20553 11570
56082 26469
44389 54248
73451 53664
14875 68635
40213 53068
35610 60751
83053 35417
22437 49343
43843 29635
20171 56542
76808 69827
259 2709
42470 12298
32350 88401
37866 26326
20613 73897
54647 4493
25204 21169
21281 6254
63337 2273
86387 77354
61301 49982
28585 78680
87975 69280
45943 86490
16719 26828
73286 77703
12886 70051
40119 86384
49004 68716
30926 7795
49033 2286
67481 29389
53624 17879
61678 74074
40571 70953
34245 52696
37902 48320
67744 45848
406 87770
48049 63545
20867 16944
39838 76869
45588 17834
86897 41242
48004 76543
59752 28978
4807 4091
87225 63175
8776 85049
5704 31195
53002 54299
286 58305
61773 15584
75511 80689
601 28764
45866 9710
17555 66202
85985 87956
33981 74551
75005 43005
75422 85913
65349 62888
68643 15969
88655 31547
2477 53850
63321 44180
32553 46593
29591 9185
24922 45507
72378 20193
80239 8348
40175 82767
58880 34070
17368 53811
83563 67134
60349 4261
64051 9523
98 34268
66433 38460
67832 82854
77803 47897
60182 927
22387 60135
80108 88613
45182 70759
19417 46465
48813 66480
77995 55749
55005 9842
65520 31225
61929 57702
51646 63427
79371 14685
44090 56664
25409 54022
13246 67323
77646 25515
83089 64313
65041 67703
30418 1150
82821 57395
64839 77407
88719 84017
52553 80915
24238 8151
42552 40943
67008 73062
53519 71715
58213 25508
33879 22581
4631 88222
56841 84201
48325 45467
40327 26611
65775 59635
82680 10548
37899 42388
24397 71115
33312 42972
73466 55975
86062 23975
27842 38304
78615 82431
50075 38456
250 44560
85714 39163
51485 18833
12522 3077
2718 71430
19386 84969
56959 42638
86475 48835
28173 18075
1308 79315
15821 15059
11303 66541
64762 18842
18715 49710
69424 52168
66077 27574
18071 35187
85764 66551
36174 41568
82618 83624
2724 27448
62985 34896
38597 66937
53459 82507
26094 81770
42090 46819
34550 6714
26974 58120
22296 20936
5239 23908
60074 46995
36869 49990
9982 4302
56613 50203
71678 42563
68435 7152
75147 64949
24416 19022
31367 68784
7748 67638
79411 74258
39063 36187
48083 29211
7139 13912
26580 12729
3888 59386
2889 84897
77216 76776
8621 31685
35130 35465
28826 171
73529 4586
25871 69414
5144 53229
15005 87038
44790 12218
83332 86018
19642 87051
65986 83484
28031 14873
46140 13930
60415 17588
12777 35816
69502 34292
57938 82402
55513 24144
1098 12047
36771 19399
69713 36900
48858 78256
17244 59227
53867 58982
74446 71015
55534 22237
25735 36073
67261 33882
79226 71455
63255 38617
60478 52037
3744 37910
48142 40725
19057 1892
16329 62353
16907 39145
79678 34859
23963 73921
29715 83446
612 17245
74234 35148
9637 79691
45730 26257
28254 23940
81093 22686
36129 1671
9877 38695
11440 1229
30573 86613
81019 53395
26469 30112
27896 40280
10486 33379
58228 86259
5913 12407
56844 44496
81414 15778
54055 34470
24216 56373
18708 82522
34031 71863
82015 76401
58651 60725
27467 71512
14763 70419
74396 45587
52648 60377
51486 41942
34963 45889
42276 60751
52884 37912
87646 60119
69346 30050
28522 85568
36923 71156
72294 86545
64373 14436
68119 26172
58609 48749
32336 38899
76430 6744
5145 67376
5482 46729
73150 2636
55402 72245
1898 56036
56192 17842
86311 52944
75849 13092
75607 67018
64978 81143
52751 66570
24812 14047
34909 8928
39375 49269
61035 55767
24638 23773
64427 71035
73253 25781
20680 80497
54742 36410
68189 87293
11020 61322
30653 44999
81299 28873
37512 85661
7284 45457
86462 35058
79077 77724
5967 21291
25275 77575
39833 81082
51166 44490
84705 2863
69559 49143
9550 48318
71732 68555
34984 67359
42402 16021
87887 76614
86844 25654
21967 56244
71930 10406
35933 17617
13608 46054
78512 38831
76795 45533
86655 128
56064 5504
33088 12746
7196 69430
57966 8983
85955 7552
13190 39761
37306 21276
37156 66088
15909 10138
45823 48135
60671 79471
57542 36743
69357 25068
61255 53760
12357 82878
48214 57293
43584 21174
60650 11520
28082 34218
84585 58221
74458 60615
53801 6264
81398 46040
14857 22689
59861 43450
29340 26135
27788 29105
83239 43955
54116 842
7041 11030
9448 51066
50886 73242
19704 18306
56854 40620
63251 66569
78258 6229
77087 40056
16799 6386
2254 10238
65587 22346
72298 58507
46501 51606
30425 77274
73446 40461
10054 73054
33236 87042
68888 74677
56079 2150
16368 2454
25071 80521
71850 848
15888 18204
46776 71994
36700 8947
76403 34870
27191 65059
13546 20448
627 8437
80764 68106
84716 12480
12095 58603
68502 18921
25958 83619
61680 18773
51428 23308
38363 45658
24635 26472
38944 38156
22219 83701
87166 72859
43083 82827
32592 20590
42579 23882
62520 28867
10198 82774
19141 68143
33027 34646
38547 79761
36296 25815
71802 84604
75587 57256
84316 62313
56638 68850
61466 87364
22576 3205
46571 24454
75801 22272
39975 55576
49156 34877
84752 43036
30553 20840
8142 78897
43105 50004
22828 15255
56949 54562
79521 61731
56626 73420
36182 78285
41845 63139
39059 61622
40916 79750
65317 52307
15824 28282
41760 19753
78443 11154
73669 80110
32852 63161
58724 65174
60076 27434
76169 1022
47623 82373
284 70376
41405 5729
69751 17123
8555 28239
4811 35616
76201 19500
24368 34854
11494 21701
34180 15616
2292 21368
23875 281
42599 1724
48961 49988
4203 17976
37642 37093
22996 45794
88060 27409
8390 22676
64985 35266
49954 54105
72071 62344
21132 26107
86827 81115
5790 77825
10809 18449
69523 3659
65793 44976
14835 84056
74817 11900
19006 43003
16258 33482
58765 72367
18815 24431
19999 62847
75336 62391
81694 80605
72591 34602
29460 10862
18983 6028
253 68472
80297 25042
2928 77465
53570 68563
7335 32756
60107 38003
40217 732
61647 2731
24781 67854
73567 49879
88463 55546
49476 15856
54815 49773
43788 84550
9066 81643
53342 9719
82009 78501
32704 58260
58981 84388
49834 26820
23552 57843
45948 58671
34967 5004
69323 21747
33949 64251
75489 73654
72852 47235
15579 11623
88283 13349
43056 4462
13502 49188
81793 41420
19385 64238
44673 34486
61740 69283
85837 73774
67730 60019
3936 1417
68561 47483
46796 20140
75376 84350
19486 71538
32734 54775
59099 5118
46746 6685
20314 35230
87802 5924
34934 31449
14049 73867
35945 52194
9111 60682
56785 590
81779 85956
69650 56880
59811 2801
39749 63080
6949 84175
37326 3280
57651 7101
15454 80287
78426 43357
14766 38398
29478 80775
52372 29698
83389 1743
36845 12538
12333 30322
57155 31046
30803 27306
74507 31424
30220 36541
354 48485
5863 68741
22374 12149
37141 73446
72564 52483
30998 18125
32036 53208
50057 88082
84920 17652
52512 73218
78040 86117
7192 43650
21583 77082
36399 27657
12967 17414
11770 45953
79055 80790
51708 50657
81799 11718
26545 37402
20173 49607
29221 55304
10074 11272
15831 43078
29282 59105
11426 86581
2594 81225
15695 53152
13042 25036
80090 36249
24516 4235
82089 49179
17285 61193
29876 53697
23035 41268
12692 63143
40205 9098
69849 60635
72010 72857
86782 21485
86954 85428
79249 58827
17730 32248
55228 30291
65989 8832
10812 14257
5230 71279
68217 71197
39831 68453
83778 75982
11203 47312
79429 31476
21820 7615
23954 39565
7448 54370
12788 81102
58154 13979
13950 43227
29408 70034
56243 51787
22383 64463
6087 82982
32296 65746
75611 78291
17171 29547
85157 83465
12564 73095
3813 57888
5560 37326
56551 88458
29127 39428
52828 16059
19276 73307
37903 7919
77744 59304
5217 16199
62289 25168
31080 80953
48495 74509
37966 68567
53020 31716
11140 52129
2619 83135
15609 8650
34333 3101
84002 32095
43702 61052
2460 63305
42779 28648
75409 9685
72548 81434
48213 12893
39175 71555
87842 88493
4913 206
7045 39931
52951 19529
33115 27485
8936 26189
59442 83074
63632 5834
40172 74086
77459 17694
47860 17587
21784 58368
657 30581
27457 31210
53964 45650
62981 45674
23557 80105
48206 61345
72208 6525
931 83590
64702 23423
1086 43251
16069 40639
43197 55549
63315 53831
13048 50798
7275 1049
65850 85568
48037 1228
46387 42517
82002 7921
59455 20473
20964 67676
31537 2921
84107 54262
54124 81303
66211 87451
49463 39710
33304 81259
85109 22874
73878 83631
79660 55252
782 4968
5082 65820
37403 62573
42519 87766
78761 62894
2410 47100
67425 42388
12486 15572
64764 38934
79711 51313
36899 88570
68737 54492
40682 56840
34975 39634
77643 81038
44770 23165
44660 47317
29682 64911
5618 26099
64537 84807
31951 24487
17000 21245
14848 85546
50535 46167
33249 31712
54154 63057
42537 37686
22207 34232
47103 54993
50176 77352
72692 27836
12943 42003
26691 48784
42551 9896
85785 45536
73393 67245
14109 65325
75674 51436
87202 45084
85690 51371
83652 80504
8139 15859
45566 87989
11673 40029
87556 22645
44586 82893
80390 1784
77575 67217
52350 55927
27566 45645
63721 19956
16652 79591
80415 38033
64062 1108
27524 83565
54779 12378
10804 75890
28578 67996
84957 25343
76320 8436
1359 33431
68038 56610
49460 86725
29118 29903
66492 10873
68460 63974
24233 76261
25346 9667
71882 74910
19863 52809
69073 79685
30282 73242
32311 71304
68662 68311
45950 82594
19992 20911
31732 9590
26895 27344
74928 14123
12777 88015
55578 55642
51305 66292
13857 12520
67129 4263
25979 41244
16949 42177
24526 86432
79620 84814
77360 31813
30693 29222
80120 4314
6503 24686
86506 20160
49579 36566
87014 70400
63690 7280
7192 64894
22807 8823
52753 40825
87395 42683
57132 3218
4269 21048
43004 75005
41796 13873
3218 67485
67565 74846
61689 48247
26761 56043
47876 87024
74489 23129
72922 60319
30625 35104
40613 84329
41019 2150
43911 78658
38924 33479
88722 26199
3215 88664
50412 1397
50599 60764
50889 29757
5352 80500
49350 25401
63251 33174
81308 58284
8874 45407
11269 37274
18838 55566
83841 74175
37762 30252
3596 75046
1736 60905
40095 65789
61279 28237
2614 51905
35382 34030
68549 33249
8174 57753
9947 67684
15378 32526
66539 15453
18169 13644
80540 42057
43336 13406
71206 80749
77382 35815
22405 79263
62098 17078
7488 37454
21466 53458
69292 62540
30394 14897
72979 88686
22328 70253
52812 26696
81611 72083
26290 23607
82158 34383
71455 19034
3034 3329
4036 78187
19045 83
30017 13401
50033 69883
9331 30245
43751 46090
62613 50055
80468 66055
18656 9572
15874 57139
69126 40136
25328 43704
177 24264
615 38267
10461 44656
9563 20387
65200 10397
83307 51911
83814 69300
47488 10500
2582 221
31566 56423
48461 65250
54919 17730
15794 76293
1098 35468
27278 81119
54391 25939
15770 4649
49966 33413
83663 11478
53560 57738
46996 28285
82376 74076
34557 23810
38438 83003
80519 69501
6729 70893
36728 55479
47669 47230
60225 77642
28725 62622
41648 49410
45129 51484
6161 55102
21526 22309
18347 74560
64705 26850
31770 61396
1984 2267
43794 42352
79550 18961
25344 51532
51260 32879
61291 13731
6938 28297
75126 7597
12216 33670
86640 47391
1439 50871
66858 55182
59393 11360
27986 26259
88465 81213
43105 59692
56301 66828
13261 5082
4449 84366
35321 58797
58142 35622
3803 49643
28928 75795
67574 69660
17484 25829
18334 76238
74712 72283
64868 57761
58450 63136
62603 77362
84937 47697
37417 79168
41254 48018
54894 76331
67629 20438
77850 69144
60108 40915
32644 59524
41138 58032
60187 6070
50441 42681
26485 28873
33952 142
42292 72385
26618 8197
78768 88300
37591 38915
64570 2266
47048 79821
58575 38642
20166 24308
18044 15999
6873 48837
71130 87238
66855 50379
14525 60168
18458 70234
65361 61549
76476 58876
86207 12381
38924 16390
52264 24393
1367 88566
45336 55751
83523 37383
19862 38057
73004 64016
10016 34708
51261 16645
77654 3236
84144 5964
13671 31043
62309 46827
29990 63174
86596 9874
15958 73047
1690 64807
78017 51796
63839 49487
54162 7585
10791 54057
45364 33010
14869 72195
16611 58133
53275 49970
83699 48319
64201 28094
28456 47015
38936 22849
1974 76453
78732 75937
49925 12139
43602 80242
41080 17173
39399 87396
36290 5838
61883 5961
13023 21566
18886 21381
67327 76119
12572 6139
50219 22685
69741 45981
53533 84081
5799 76545
50734 9597
59504 86783
52921 78484
69133 82541
55846 49042
47433 14331
8003 17145
80092 60518
66162 18364
23376 65672
39516 14986
87317 4257
86452 2012
49860 71603
62547 86433
69173 65550
79457 56961
76020 32415
27331 2570
19071 57671
77782 63968
63945 74288
40953 39717
84143 72961
80057 12830
63842 63896
11419 38822
55405 78333
70273 8335
28753 2789
12974 1531
60016 66258
2080 73237
16093 81785
46869 50016
26666 84673
6436 16
82641 68606
2064 62090
61462 7128
73203 42017
2465 18545
13527 54605
75013 15880
65581 43274
67866 17667
49653 8746
61613 40349
22952 28020
81684 81943
2253 6652
30720 57590
87262 37330
88191 34199
44157 33283
78106 34866
36500 80200
84578 7784
45834 38896
83778 87284
22946 86207
2642 48321
75832 44308
20087 12965
83497 45430
64348 69522
34235 55704
68791 10280
86553 36275
21516 86656
58071 5712
83804 18737
71921 57113
40797 43444
31916 31911
50694 83455
16287 25640
70399 70405
28679 20788
21938 32113
15777 48846
66543 12872
13339 7845
65743 55660
19236 80203
10960 79215
14163 24246
36651 47207
53395 3717
57523 76361
45048 16422
86533 68818
16832 15650
4390 13075
65818 79287
9759 54747
37568 44006
1639 66082
26611 53616
10172 80769
44917 57525
52757 53145
78341 84827
61551 51250
26822 13996
47929 43226
46484 1772
45209 35764
40619 32485
43135 14930
20722 15436
56720 46154
42278 69676
7460 61880
79387 66476
34548 86996
68407 24388
70379 40987
47119 23040
19663 4633
24954 24963
7332 77793
42323 32281
63961 30902
53605 11255
24115 17464
47210 37041
55804 34377
60420 57482
32435 6642
40124 5008
81130 30255
16934 75827
55918 84952
3367 9162
49312 30753
1244 20781
32628 69783
8356 59267
83906 4049
31653 1717
78988 32609
13592 27698
19618 36763
82495 52952
32242 29104
44705 61891
30751 67606
46032 68681
39854 28659
75334 88701
38510 81823
8721 24969
57704 41489
44923 64584
24704 22196
3145 25361
81170 35848
32366 83563
69984 5530
1669 16099
21464 65962
69893 9719
80730 63145
49443 20315
33465 7427
77207 50961
11403 77414
75701 75227
28144 16216
12569 59954
38605 2658
14420 53164
63532 73180
82649 29763
15064 62665
13157 9841
11951 56561
63737 22490
81615 26686
19612 28026
3855 36212
85553 54147
457 56889
9346 76356
37240 67259
21202 45690
77007 41399
80582 87504
65484 82413
1615 27041
69852 77650
6095 30109
59436 61563
7298 31067
53807 75986
79376 6958
44450 75060
47289 60470
12233 14482
52040 74263
17174 14429
43860 7809
3755 19968
83119 9456
75675 26887
61516 1308
21895 25039
57761 12346
22981 71722
70808 59532
73205 48389
36689 74530
10179 41406
58959 51906
41091 8386
82024 24477
36314 10211
10923 5835
48096 79258
73012 71912
3675 33629
36460 48690
11288 2648
76813 82013
74465 74367
80971 7512
5011 21872
27652 6735
19081 51861
70547 50436
60962 9412
71070 74124
54379 53299
33731 54266
28923 4649
4243 30849
22702 52637
81391 10421
53088 87246
54100 14673
36562 33530
37750 56222
88569 11552
62654 21833
69169 67043
21060 32897
15468 41866
6625 74769
3263 52834
53291 13675
45148 60815
71414 38014
57510 21981
76540 56684
15318 50499
31222 21872
5115 3019
57028 58785
52345 6746
17338 37070
63682 76781
49028 58435
14452 18482
77905 70652
73100 16935
1299 37373
19172 10561
22671 61556
54705 41926
84145 84580
57036 61795
9691 2661
25757 4878
17171 85339
40908 20884
45605 65936
81767 70797
78203 28464
85648 57701
58783 55386
15435 3476
39127 13945
12713 48120
61848 32058
15101 74437
68543 43637
26686 78138
70823 32707
3198 45278
33477 35995
10757 24329
74922 59490
48599 3779
23109 48130
50586 86359
15642 16284
75243 48312
75506 53509
52366 65358
40460 37302
71523 8306
74432 54548
53506 55248
33632 28958
58397 70011
34362 41085
49214 23335
22044 51388
87305 78935
72749 29418
2090 22976
16064 88058
70700 35292
8160 47322
63080 32002
80632 70601
62352 43320
23170 46977
78378 61228
2190 34688
68673 8824
6858 34019
34365 30227
43448 76522
58677 57639
71691 70083
57514 20362
12921 65552
51952 71406
80804 40542
29848 33799
60396 23406
27516 74294
45886 52753
2923 28525
40944 29711
64907 7611
81737 19256
15394 7470
54003 22034
5628 49248
5310 8510
21015 64556
58826 47143
42533 3282
30805 32136
38028 46695
56258 29954
86517 14842
80148 29391
84453 23816
45087 30793
44282 48816
38082 64710
23104 29915
85587 55958
24880 59145
25372 85158
6622 19056
58769 12916
75092 76921
62405 79539
42624 20522
63242 59503
15581 21751
31465 48292
84653 49030
58121 33296
41305 75009
55202 51373
68 4107
55238 60085
9554 49931
23127 19316
2122 42593
6210 3792
22161 68948
78938 44459
51617 53716
45227 79365
59331 59767
18621 47361
24944 12835
9892 7909
68026 30831
4716 79309
61877 83465
82927 4481
59621 44730
77554 49416
14793 25132
16688 35575
8627 20995
44880 9118
58104 75283
10611 30520
76256 47134
23539 51228
60362 80655
25825 32664
51654 75531
61528 58889
5533 61370
2071 3718
52156 69289
27248 35214
3482 15584
80877 19835
79913 82808
13671 3101
25340 40408
53436 48267
25480 1682
86883 74567
68802 20782
24308 32154
27757 47918
35011 78224
1709 77467
61361 70844
10683 69197
61973 11661
27346 62822
6923 50934
38996 30269
5013 43265
9931 71993
15779 46494
20489 30974
71085 47893
22433 2081
67563 21530
57957 15181
20014 83814
76791 78325
47459 77455
21691 42294
84923 10824
61353 207
34102 20183
83934 36077
73611 86394
50320 68860
85248 38163
24973 82449
8073 70821
28373 13607
46915 81349
86727 27373
66221 60922
85581 32317
62679 61491
29274 18179
12387 46911
51703 26180
33093 16666
10244 42672
68268 34348
16006 85313
46722 32717
12328 41151
43159 81416
27924 56399
19776 74495
87152 29821
54291 46866
88431 53035
10878 29048
28588 70885
43366 53635
32573 41774
81717 84129
51490 30726
6168 27055
11182 59295
20034 85901
37592 76877
56430 79293
38129 71626
85709 42021
21487 37829
20507 40448
83931 14713
87115 84426
22047 5234
43390 86301
75380 39284
44731 40681
41543 11847
39221 34751
47290 69050
11259 26526
83672 46965
46629 4601
72804 69443
7945 75526
68066 37491
50968 12844
10731 19814
60489 75103
22841 84787
56343 65607
6407 44315
70807 85019
77507 13144
4242 86949
33112 14402
56072 57108
52858 61480
40885 24697
42108 66875
26255 61309
3591 81167
16526 70507
24901 5486
56645 85641
56874 82664
30088 11861
83355 38428
57945 64165
28452 88583
14399 56940
30889 23586
48100 35911
82387 75327
65220 47353
28335 84427
21204 27220
36818 40810
1032 62368
76355 54547
56668 9809
68167 12133
72005 30254
38020 49636
3455 82343
34663 61424
31799 77400
40424 22849
24086 84687
8664 66757
74948 66050
60477 73869
27370 41270
49985 51585
52370 49269
70655 78233
33566 47916
75937 68321
53945 60410
8186 14119
56757 70323
86557 17564
65846 13715
35068 16269
73454 36260
52956 70720
68157 14299
66065 67663
63656 41418
75984 10540
28585 22927
55105 86812
38675 47550
25985 42401
66009 42367
77804 24413
77519 12020
45623 6331
60138 48326
43006 8470
53557 36870
10602 70616
40572 44933
25540 64713
1564 48050
76835 85379
24737 11666
25844 86271
32709 26265
74374 6535
1681 31418
11595 35212
54547 71724
72342 54749
49218 40773
32206 4537
47780 62281
22927 56480
43614 69751
72752 9638
73946 3707
13378 52273
63111 62373
34162 47110
83520 55258
24668 50071
49419 29695
17176 43675
21333 55031
53725 28889
4142 60954
28628 43724
71953 43668
82560 54187
30412 66005
18533 39005
27480 88042
85030 63430
22492 72674
85366 28986
14749 5597
1659 70574
4212 56604
10322 1735
5488 17431
53535 16770
44723 78130
43965 38112
51221 84823
33276 3645
55658 33285
43594 20176
446 42444
44767 84020
43696 57599
65570 49463
34127 1589
42220 4964
10634 39789
13701 85623
65900 30236
12766 13218
63827 86004
4897 45854
18266 36178
28212 25009
11871 7169
10409 64020
82716 81114
15670 5930
79759 52816
84630 80188
79539 73018
11099 10257
12706 31289
74199 52810
16491 64576
35089 44559
35519 55195
84813 186
74567 78502
64870 8688
58011 83629
41068 52405
77184 68121
10837 62395
38874 57204
74323 37155
5627 73152
70729 67940
12238 51648
22744 36808
51580 5900
3137 85896
79881 20979
87478 34999
72062 5420
75333 61206
24253 43287
2633 50577
80943 66927
28672 65611
73646 30022
18335 23413
5858 40177
48542 31835
52243 13957
60870 54803
36404 67783
17126 12604
22064 82527
17959 67180
75909 63458
45516 73846
27579 13036
2 53022
84606 67400
44548 86798
66450 77892
38298 63321
33245 61893
54654 48694
47539 40001
64492 12514
57171 24394
58554 87144
74575 80582
59991 10437
7095 2080
42438 65734
16101 86517
7962 40931
37124 461
50506 5433
32037 62596
59319 81811
10390 641
50993 88462
908 25483
62689 27692
85476 65553
12616 85142
14346 19867
73346 21437
30087 76051
30175 51728
30948 37436
33107 11369
27569 11719
18980 48218
65210 40256
88492 40924
72969 38208
76037 33615
9222 64359
2523 74211
69618 23874
75423 71258
83109 70432
966 78430
23694 33621
82748 56146
45475 15272
3116 69228
94 83189
23139 35953
18433 87682
7163 15372
41992 50858
65990 2927
85173 39980
69489 43299
50995 62503
18142 42602
71106 34074
33636 58407
42922 22779
30386 71983
80827 78195
6450 86916
28492 57345
61413 29702
742 14161
63996 35926
54928 80808
49844 66004
54140 33324
19160 81125
73632 19243
27707 59554
72024 14170
48471 73583
79655 21950
10131 6886
34301 33902
48534 27664
48492 70487
55578 31358
18928 65141
29433 6131
71507 52874
33999 38395
82684 58454
76166 21377
48008 56190
12915 57329
54851 27771
26005 71294
1003 76618
52640 28595
28180 9589
64588 53566
1760 40918
58718 54017
35246 56305
248 11511
43024 66940
81383 75149
64261 87630
68731 59998
50082 28321
6124 50445
15577 45469
30407 82384
57536 17617
14774 49338
13880 28792
9892 74104
47168 83811
26406 54863
65296 69716
19279 12531
81448 56343
50221 74846
2295 12714
20222 45553
8705 29465
39049 75684
87363 64641
70385 21916
69977 28761
48235 15541
7248 81237
42330 18763
14426 21735
83074 12186
30683 10195
33248 24905
8000 24041
80414 71476
77893 29846
40531 75889
7804 9467
15290 1241
415 27776
86622 42117
37756 24236
37574 10592
27684 19933
41241 60431
82992 21650
30514 9085
56965 51246
30222 6579
20516 71711
74114 8630
43807 64797
44952 80365
31831 25698
32482 32874
74075 56633
55394 68855
60704 34017
62268 9593
26672 59751
36771 34702
76924 70963
36153 71659
61106 14989
10385 81777
32430 30726
59305 49774
29535 46235
55329 3462
39116 70633
18972 40382
33073 55668
69952 71914
30216 58934
64382 62927
45235 20654
23298 10947
30432 48971
39489 39248
6334 6302
16977 9047
88338 64403
24326 14998
18210 46510
58382 9883
60787 5398
59229 17994
11788 85536
64455 15707
70833 36599
67428 38698
8345 88310
78792 15857
85042 6899
65476 51225
39863 79647
32725 68196
63470 55044
24929 72860
45197 3454
64302 66277
87519 52743
47220 45009
52261 54844
34811 70390
57111 5574
80852 14632
80930 31827
48617 8180
75862 69771
76259 25835
86966 53567
50794 81384
57827 2469
40156 25275
80614 45212
63074 36386
6975 56799
9414 88580
58351 23768
86731 5318
12698 26554
78587 31137
50794 63691
24878 28582
16627 11475
8332 52353
9941 31150
5863 51551
87179 71470
39311 27006
54076 40446
25821 66828
8315 1461
78675 27282
65076 66813
53436 15353
12498 62152
178 35940
41745 77305
70908 17354
59969 30639
5420 5837
8725 43010
44708 46377
41626 79110
54768 6191
30566 50223
37195 75289
21106 44726
2225 25626
29137 47681
26297 26035
21108 23748
68018 55017
77919 7708
31395 58403
35907 50538
13545 62177
34531 85290
73391 58992
29665 7337
40628 13277
5763 86267
73745 33918
47688 20140
17843 84469
58115 84864
87198 2559
56897 72034
17718 2725
4488 28638
35400 74262
48369 25323
81216 77173
10483 57557
67831 46839
28774 35301
11846 17974
60043 35501
66592 66446
24833 52840
18283 50783
88423 62727
71422 66282
29278 87218
52261 35614
78396 42428
82062 60867
41071 31135
7154 61023
7377 21230
13383 59226
24140 1104
60968 62358
26089 44819
82504 50326
66777 68950
20968 63654
49674 44150
46876 16574
76348 17293
36938 82316
41235 26770
59684 64757
76625 24641
7248 63959
29019 77152
17271 18232
31116 17071
76701 80801
71235 9623
20607 5421
35277 25980
53671 80437
34130 34885
56093 62736
58257 68684
64484 5213
5810 84557
13117 37011
9782 68977
85702 69342
82573 36507
85768 82467
22050 48199
34982 43258
82672 19287
82576 17125
23977 27652
34337 80847
19941 47796
33381 18268
80987 49504
63101 68435
14205 66766
43489 44257
77717 19253
4350 66828
9631 27803
3735 6930
49915 67169
26244 64082
45677 80948
19962 29974
65140 76606
108 74416
60331 1938
58404 44144
65836 72898
18118 77260
15207 58219
88619 59245
15511 61858
72938 31820
40517 59489
80573 2841
30833 79974
28308 50733
69939 12933
14473 14071
62839 72134
56733 4340
76445 4753
12357 504
16740 49919
85131 59088
29308 15236
46173 62287
86924 13760
22106 30320
70705 11744
16659 87185
68385 11129
85140 87611
84680 51417
84371 38094
16791 46864
12595 55134
37025 84757
39721 3859
37063 44757
47462 74190
55595 13642
68588 75559
84061 63339
9245 1389
42932 26610
41745 68535
64434 88529
71252 49776
81559 79302
72587 12
47135 5321
75814 72104
58803 30508
45618 4693
83616 25142
39788 35408
65719 68855
50861 7700
16149 77741
44719 25693
24981 30374
44614 73547
28255 52552
55189 87889
34050 37184
44144 85688
61177 43334
9250 56198
56866 46983
14853 30874
84487 30792
57089 16502
44968 31712
52667 17138
59984 7771
20115 23434
26551 17095
80667 11461
268 1729
47366 52704
52748 33521
47542 71383
81033 25703
50420 50575
5648 24706
82589 37828
56936 34517
2981 64010
51177 22051
28423 11070
9267 84220
73631 22227
70368 64810
18273 17854
65733 77435
1426 36327
34009 26047
56363 71236
54649 57532
68407 28771
3068 60799
75070 28532
73452 70988
45272 59658
13698 80991
86198 61502
63577 24299
65803 29328
22727 26910
11650 87668
72719 78557
25779 22133
69563 59294
4825 62773
3777 71552
2302 33355
33429 50180
18149 68688
41620 37232
34178 8468
64520 55163
51422 55921
7410 80330
36988 39988
87673 1149
87793 10265
31267 5511
79380 17837
16893 408
38290 34381
73251 75532
2284 70012
61735 77504
82579 12916
15488 38899
1603 81529
16674 1554
65659 53556
71018 41990
45039 39625
56217 16066
8849 38794
40101 72708
68919 14943
36168 66464
56390 32096
37506 31833
10445 74758
21619 36973
79320 10009
34727 69452
38579 5186
22707 31720
37327 57283
77761 44713
37665 40907
37229 14306
7353 83386
39064 60658
31640 80174
62688 65917
36041 36114
11496 80432
31944 84813
16062 72037
20543 21646
16794 40122
48380 52946
84031 59191
57180 29747
46821 63308
60172 62954
49037 1464
50982 59744
39228 88448
42617 27598
14204 32817
33852 87973
17720 50191
65278 37931
39152 58587
31424 40998
80938 52343
46835 59248
56380 37722
44370 3734
82264 5098
61137 12708
62433 82212
68982 53341
72413 66615
46353 75465
59074 3421
39210 45261
79581 20106
70105 54957
53944 88483
84751 28335
30581 19240
53428 67450
27161 63721
54754 7021
63501 81299
70763 52433
40270 48072
14127 62855
31389 19449
20912 20790
31150 6611
79892 45718
2205 53041
53313 65444
16821 19954
36747 52419
78843 51547
59710 76857
44976 85777
51201 26829
17616 78493
86091 5950
80605 21977
58179 11310
41633 86288
44250 36982
36036 84706
66663 28245
63918 34173
82211 43407
18390 43815
84130 27691
9450 12404
68039 76874
42472 44168
51666 40939
11506 83537
40007 85057
58606 37630
76736 2437
19852 60906
67402 24682
27050 10996
26822 7287
24119 49060
27839 17133
45878 76709
53776 8728
70921 16425
63625 11607
51424 57782
55281 52315
82315 15767
78807 79593
87454 67549
69139 51075
34180 5789
37356 33173
59754 70914
28583 72545
67313 1824
64374 61468
23594 77030
59072 934
59817 74610
58428 18035
13830 78118
880 34554
29660 5204
3805 39867
2610 38569
35792 20168
31338 8539
52484 30791
26668 68011
522 40765
6472 67894
50857 31433
53906 72787
79819 11976
32563 76224
11425 23347
45349 67051
88322 73128
65691 46151
87158 49480
29173 8481
35258 5900
37970 58897
13086 3741
21973 59302
40457 19043
23949 88468
33825 86149
29449 61007
36923 20554
25820 48967
55629 40036
18652 86619
88269 30629
65271 21045
58186 59633
17111 67392
34083 70756
70846 12530
17325 83272
9948 26711
53236 73929
43511 30604
16396 67950
32267 45051
58651 40749
82211 28441
48803 44092
82805 73137
61075 3567
82168 82682
39438 50574
65591 9683
44152 16141
28971 40580
59334 75549
21108 47941
19386 77055
37329 60627
36373 38837
13459 60725
69441 88297
77884 48683
70028 48341
46032 69902
8652 5472
31014 63157
84363 40362
14555 15633
46546 35700
85274 33372
65384 32255
57695 88721
3548 216
29538 52397
80996 54496
38711 26010
45373 11557
78353 74677
7432 22285
31677 67398
23773 59074
2707 80070
56954 18879
17144 30971
82729 66192
44915 2535
57067 26685
3260 35354
87804 61453
28639 53917
42447 52409
13790 5784
34884 19101
51283 45364
87314 23812
14802 9381
40919 72554
82145 31955
21375 2348
11031 63426
70763 79634
46205 19517
55542 37442
56162 8649
57083 60004
2710 59832
40202 30322
65217 5771
83295 65284
17972 51778
49961 54952
14084 35671
66803 86861
27386 68536
27542 43033
45211 77471
40924 42328
6361 65084
68047 51561
52568 84728
81340 65197
76628 72884
77316 28730
70461 49501
30909 78464
14510 50381
48894 85891
86632 60414
53622 30759
18901 41807
45378 24089
40283 60323
30608 54149
84633 69316
16385 7138
42553 77288
9134 77730
12232 70970
74459 15089
10320 85752
87142 28051
85235 46655
85548 67779
73956 66589
62328 21048
44763 87974
69905 15512
16145 14000
40185 27675
79131 83008
61821 85254
38160 52340
82243 46309
16804 32748
88705 76713
9479 19410
76115 37423
86661 40168
68737 6041
3441 55700
4718 46615
59442 16337
47089 75979
8530 63929
28080 882
34151 10253
50417 40593
18608 29241
64298 51026
19925 31755
30945 2135
5787 11552
88619 60084
33013 19247
71592 55240
20571 55199
66836 1012
65841 26292
17749 79547
85359 52537
64133 52159
64538 17981
57847 18937
45187 10438
25978 53031
1373 45346
25398 59775
19198 79332
32190 37877
48109 75651
88725 36122
83197 3763
6070 15658
10763 15823
7 55962
20308 77694
67357 81077
36016 12529
5889 75597
14666 65855
60330 82024
6448 20471
67372 6878
87966 18142
70404 396
73991 41046
21506 52045
17525 19388
38969 31306
17625 56108
40818 18119
10680 37828
59241 35271
61098 78051
21363 49982
57273 38835
53426 29854
9526 13261
19737 26778
9047 16132
35484 18525
64275 219
26599 2053
86067 50380
6812 12645
81363 39483
22169 17308
74321 48536
64900 3335
69849 2865
45101 45133
80300 24035
46896 39377
51223 11926
60427 20387
74920 35798
52702 67710
59767 45540
68403 39538
40774 46375
58274 71656
62751 37075
8322 50682
28483 61531
85476 72917
72457 51672
88200 77942
10704 45555
32606 57421
57485 87332
20845 58796
10011 62313
41340 53318
63891 84035
51899 1948
31984 68091
34467 72516
13824 8912
38606 29076
19832 81482
8855 46893
53730 86711
34662 47754
34481 7557
86999 61315
29578 60144
14478 45989
60803 10753
17437 63415
276 33134
77780 22008
60063 83828
46999 29174
18696 75557
50874 20934
86354 71318
13839 63794
56620 53717
49364 84218
67069 8591
85248 24234
67106 51160
70432 39265
63374 23391
41713 29394
56495 6690
77524 77697
30442 11059
26189 77492
25210 87106
15426 53870
10008 5098
24126 38663
23699 45375
44377 49849
39067 41791
46886 73589
69137 77137
40091 40608
33220 74249
31085 51531
35683 87081
8797 32845
30033 29876
25408 3277
10844 73428
42621 73939
55240 8847
80711 26953
61052 23941
44466 53330
15853 70883
45231 53573
419 19767
16404 63350
18043 59447
75992 81673
55879 42705
88132 87387
2060 17511
88366 14525
58331 4111
4500 821
79303 4870
44107 66724
14743 67450
46434 55465
55307 32283
49263 18514
35201 83511
57839 61320
78596 76842
75393 79668
8023 64803
11043 60212
20847 35939
69920 74970
35408 41987
42722 79640
68482 84382
8300 21845
80624 64428
88579 29867
34275 48611
30047 3503
52498 25336
74642 69910
47259 21019
55472 50156
63486 26480
83892 71207
78232 67649
56457 27817
82779 27555
21552 18152
28761 17546
84105 42506
37575 69709
78564 725
85784 75777
73963 26648
19175 4012
35817 40127
20297 2518
41237 81535
49227 42072
81615 35121
46449 13074
41939 23013
74709 41907
66529 63482
72204 4145
38844 65999
25402 10853
14869 56113
12253 24407
21444 48843
4703 54283
43658 23892
79201 13778
5157 77242
29461 50719
8677 17996
42589 62876
66662 36982
34578 84368
57178 79710
76202 76972
65403 84808
6523 35014
60212 32710
28400 71753
65701 41031
36958 42047
29662 41665
18558 22576
66481 2254
87962 7387
105 67545
41200 71850
10726 32519
51067 78759
66788 72135
39914 1569
35912 62280
31152 74332
59865 86142
80589 73871
63545 67260
18597 11070
50418 19114
27409 33195
2337 20592
69127 1474
30221 61981
24957 70305
82737 41832
5773 9209
64351 44786
43452 33991
11979 31467
7540 6916
44055 34884
4548 59757
34446 66744
9859 35481
62409 48667
32210 36075
17038 52415
37177 86820
45720 28509
35464 7471
66273 4487
49016 85002
1353 32411
66197 39438
18911 59836
63608 69018
24275 20804
83821 3002
37214 9803
24113 36726
37398 61483
36017 4618
82660 77927
74071 17529
65900 50512
8814 72377
46361 47501
79862 70535
29501 49791
44123 8700
36981 23956
36576 51679
10920 35858
61096 84226
47706 66052
13466 38746
41125 16329
79998 39710
22938 12867
18764 2963
77104 34203
36371 60338
85804 530
3698 44753
18374 1362
31976 52497
14037 80039
63834 80475
72452 32448
86876 18882
19863 8517
22979 34525
18773 70936
24905 48770
14219 68062
29606 35773
26392 40597
8033 33025
15631 65809
60585 59268
75377 69028
80927 60969
36290 21707
25167 84241
67099 46504
60563 69829
3385 50504
85469 27856
2 62570
80258 84479
82401 6516
71997 76267
64859 44015
11411 75305
49336 46015
34236 14523
58460 22343
8010 11053
32465 43446
40933 54197
52164 15177
71277 47100
55827 44130
31054 31165
1598 63590
49553 80595
70906 71990
70948 65291
82970 50898
58507 29646
72743 56917
57755 49332
63366 71253
53172 32646
24600 61410
84190 44082
55651 73974
49912 49689
56077 52980
10217 17830
3051 14259
36059 52983
35290 22028
18402 72739
10285 65558
88597 75033
67626 71682
19428 58676
51749 7952
64897 78198
69495 85119
62280 44617
2650 8864
14661 48385
52139 32058
68893 44293
71454 27250
86647 22922
53393 41313
76353 66360
1650 10994
75908 15321
64821 75291
52271 37273
3666 10486
14810 1835
61930 34313
5357 27507
79399 75594
34807 57021
28700 58663
6467 37080
56025 24830
20905 14455
776 77690
37957 14111
14683 39620
33408 9849
80347 75359
7165 73745
71887 76959
51817 61919
74370 85121
7464 50038
44587 52140
7826 86071
38700 11525
43091 40287
19006 11655
66025 34612
62760 30092
37640 83503
17829 75641
32244 2447
87888 11117
83024 62014
33651 59262
51809 29204
41453 9746
64728 31335
36272 81100
56716 87773
62018 61910
39511 8800
19147 20153
73639 87799
85053 35654
466 21606
23274 25270
14367 86458
2512 11585
69739 32854
75486 24745
52046 84021
66676 83175
87242 9605
2368 56866
12201 73988
14717 43320
12575 80247
34732 64394
17917 70841
54532 84604
71445 22570
74883 50301
10179 28389
14725 58803
70604 46415
65864 33850
66167 86449
33916 21435
26323 34535
65421 65199
36602 35515
77297 16070
48889 38886
12129 48973
1148 42000
49084 71735
68830 19804
72291 73517
78819 57666
21234 40056
66291 8070
86383 7010
32442 81601
13868 41114
78634 10131
82255 88629
51863 43932
32397 15073
86417 51127
41636 42394
73505 59771
50149 36053
86132 75015
83025 83054
17562 86062
28990 45460
47268 86176
62362 54512
36427 61091
76861 67036
32155 7694
64873 40907
77471 58418
79475 48845
68988 86252
55104 65646
73929 198
87862 54937
28584 25702
75691 64480
44461 19001
1914 7614
23387 81953
82950 71347
42345 35690
74828 4204
33449 8417
46255 23681
76880 22286
70269 85621
88108 12231
60363 44121
20432 28187
56235 12154
12302 77339
16210 18820
57495 40217
57202 28723
55723 65150
85689 34385
1558 23820
640 80479
78761 38095
63061 83602
71091 668
65484 24787
20064 54144
25496 72196
7270 10094
80151 18107
968 68261
13430 16715
10117 15386
44840 75767
80777 17439
5085 68527
3664 30427
58912 79538
27101 85349
63900 20611
1495 44086
5793 60392
71105 83253
33156 64645
40762 85353
61418 80787
79984 38897
86672 8893
2772 72662
26484 15716
59516 37668
35400 61581
54084 5533
79924 28064
17785 27458
71131 61011
85716 87058
9099 54437
44949 67979
64281 30031
23964 30830
37229 11269
27360 36684
44847 42451
58020 66515
7892 85168
84282 29222
28261 51706
60959 74434
35087 52949
32430 35292
43537 27565
88386 82336
30623 64840
56678 2689
86524 37890
70988 81619
17753 15126
51198 47418
68344 57412
25167 75775
1500 82885
33589 80211
59049 33293
12542 28291
43146 11421
82901 44690
25478 63959
87566 51925
1991 67758
51481 72068
73187 50593
84369 26046
53214 10436
14069 44602
49939 57760
86968 62166
23798 29147
4036 45628
64578 47931
31985 45996
13302 29291
4139 9672
48536 88638
69 40254
71684 67661
30974 12042
59474 13001
84774 39307
10075 39369
38115 13147
28676 37798
75643 46576
72666 49565
35803 64471
50255 41839
39758 75256
85382 49544
55629 75766
61491 79806
5820 13825
16765 72655
87092 24995
72793 39290
35155 1548
72805 84373
4417 3224
36719 42874
80815 47178
55658 10486
72644 61302
69621 31451
30173 9753
52231 9081
67450 39595
56053 11397
54081 78299
31621 30686
38560 26829
74931 51052
61620 63954
32901 21247
81726 16376
86055 1382
13227 6845
33290 82391
79379 64213
10648 7974
77310 61016
52098 12873
77922 71
52692 88035
61757 60755
4397 65626
2813 37722
88428 35195
41920 16750
69408 7867
39518 673
35451 9912
14684 27711
57836 43612
43146 29916
82937 17981
22915 87291
17541 23261
69923 58382
81316 88124
26968 49446
51698 73351
33551 46507
53492 7398
10301 9594
13052 82201
83639 58123
25042 38783
71742 64359
18801 84269
85360 8635
46498 17326
34250 42778
12971 76956
27213 69409
54920 21343
33230 39647
9202 41677
45275 58661
1293 80112
24037 6593
69026 37507
49254 7006
85561 76822
87849 79866
33480 13662
3508 4914
85415 15308
34683 28776
3725 28456
31158 72868
38033 32349
56377 41970
39032 4328
63686 50685
80989 24522
4899 75345
9748 8656
1648 18262
35669 76725
83757 77342
16596 28097
33248 36750
47139 87570
26952 31954
40205 69721
43239 77766
38206 76552
67922 3444
16825 78498
80399 33770
33115 43957
30072 40218
26288 8982
61110 44268
48344 67219
27626 79163
15082 4186
74170 11688
57236 81642
41198 51736
56028 59663
35825 34786
76939 55821
4584 43936
42925 65193
50494 30384
72605 12739
7330 28969
64862 58925
72958 41116
57992 58567
77207 57138
75245 60195
78483 54278
29827 81934
42539 50511
68103 52643
27761 75500
59317 21975
64449 10971
52232 19708
87754 48189
7429 87158
40323 6396
57667 77161
62665 87527
58664 28257
79219 1743
11649 70229
84745 72445
20212 36406
57849 28643
83231 2608
29807 1602
45984 25474
26176 35314
12216 11659
67716 64444
79030 24814
70632 26884
38920 52379
29098 1365
76866 26531
42240 34289
8869 73234
17905 6808
7185 5507
84995 18623
37511 37747
20973 72544
25410 37473
56368 76132
12088 75951
87269 57961
50759 14506
17947 26745
87261 47746
60863 804
56690 52738
85907 21818
65680 35679
4594 22473
66534 29338
20889 43783
8581 3853
74622 17994
78073 71910
10745 3071
81120 8307
8611 7849
6314 33133
68870 55241
65335 74513
61227 46593
31586 78026
62388 68983
50269 25956
65829 62090
23496 66658
8919 23112
54243 85940
73505 9541
84391 19827
6948 17577
66733 62240
15200 76872
66734 31912
33373 459
78753 74117
63605 19057
16051 21167
26168 67415
5145 44970
56820 36195
5971 54170
10610 14897
30983 28477
11289 53125
73601 18097
83990 8734
11739 61462
78288 65247
57878 39399
51262 76361
52096 18617
34312 51714
47152 62502
25514 39293
43771 63931
76868 33560
9832 75253
35370 3017
77931 6993
53 19150
4390 36695
75124 24018
62701 64951
19480 2461
49500 12949
74152 49562
62230 38467
45706 37872
15181 10253
70653 82796
6492 78370
3657 23940
38093 67481
48291 71493
62689 14358
29475 56877
31623 57695
82871 62800
41612 45709
71694 85228
66584 84972
66772 27611
19344 66534
1581 54424
51676 31510
33081 52770
49803 34962
38244 36401
76145 83446
25057 16123
16998 24522
43484 83720
47419 34937
45552 14260
35662 6784
11226 317
54431 27170
42377 68147
15731 48151
41979 849
55286 1254
49274 79484
27024 18780
48448 16975
63341 39412
87609 77546
86249 26401
78445 62126
66590 23389
39510 13326
13822 25403
23368 49168
55880 66302
48037 47848
83759 39310
77411 50230
84225 2080
6655 53039
71613 44436
23344 38171
19401 27364
35395 36574
63692 10737
4338 67484
52490 72023
28984 32313
37092 75937
63947 1723
15194 42651
36323 45651
49045 73867
68869 3222
39701 48336
71225 57428
9425 38058
35381 48820
37301 72330
83223 21051
9607 40924
82190 15049
59254 66935
45645 42243
32634 77710
82458 66876
46217 72667
9425 39186
60688 15630
75284 4843
61111 8787
77455 64889
66199 60275
49244 48558
83476 23233
11343 20676
36093 8247
63457 65893
25115 47899
56617 81572
13290 10834
31303 87052
83404 32272
968 73591
53431 40144
19882 70081
66491 21836
2475 76883
38977 81208
65117 2591
46997 42142
5649 82292
86260 74291
50599 17107
20500 64183
22482 78126
64871 34370
40489 87469
18143 41678
184 69227
25627 2632
26115 5500
43569 85454
25026 67069
61515 37140
77491 721
23587 27123
34889 22581
1865 2906
28383 10419
5686 41018
48311 10264
35116 82213
25963 10199
75381 841
34352 9326
11797 3517
3859 42967
32841 33626
81908 13050
11900 37659
52762 2927
61227 6224
8588 76013
72888 1026
86274 46649
67560 74034
87716 62228
47548 18150
52208 78228
5345 51091
38588 17040
46467 41309
45729 43765
79682 37823
70217 27620
67480 78602
35071 25250
58011 79186
87204 26223
45104 18898
5915 48114
87616 70134
24288 45074
6561 43074
11443 43509
38640 6770
76130 18749
27472 44661
5687 34638
58380 52317
60757 70738
20217 73
13338 48504
50328 39413
87764 28273
35333 16962
73154 34323
43697 17280
17975 47704
32357 47383
55608 41978
42726 63879
43291 56278
81688 64324
77149 44590
4140 4860
74708 43613
29587 46905
81661 67752
16036 58778
69447 18538
79228 41375
71521 52100
35790 69697
62132 36135
70378 30160
46650 38817
78465 58736
68645 46446
62540 46253
73051 83164
64650 83939
86285 32875
29031 13286
59378 51184
86457 19453
45595 1728
50876 15840
8105 79757
25805 65296
68971 87692
37983 65915
84447 11847
33801 67421
57658 69084
149 76259
58466 12133
17071 82236
38491 72619
12306 59357
49626 16633
77070 39158
9839 70433
15612 75133
25115 22719
18174 60098
47449 32528
29316 38635
23058 20760
82012 38097
28223 73641
24378 80945
20769 77207
15364 35329
65674 64605
7840 19250
75741 5943
30602 26340
46755 37476
27705 55646
50954 69081
36633 3430
12219 25849
4774 60848
67774 82241
50059 70881
62162 35008
60197 41674
29139 62173
54958 28472
2059 19962
8496 81066
51305 52868
16473 38647
14614 11029
23391 64860
43855 41270
12445 16485
7282 85158
28477 19502
76796 10127
23890 54264
57152 43233
73456 47281
33588 60033
59590 69929
16375 69800
68684 48307
33615 83826
28698 16945
84165 60455
1583 13963
36081 2894
18104 83707
23289 39174
18556 25168
74151 5508
79012 52563
70517 68571
51538 64909
12274 54315
52622 82192
55072 22845
41503 56962
54886 44834
38022 22642
27614 58387
53122 31097
4955 73846
44026 14831
22524 23840
76246 86603
20577 37210
35531 59431
49687 56380
36193 31632
36860 43479
38304 57383
54639 77390
59143 53093
75457 18721
4318 11611
87531 30394
21147 12802
76966 48773
19613 5293
72495 44616
36257 58631
15994 26477
33064 76747
20161 9819
88339 44939
70046 62692
67098 48968
74502 83769
25111 31806
44631 41316
30334 77969
21872 80726
24578 62529
41815 54045
85760 84579
79116 27856
61700 8272
64411 57117
20161 68413
67204 2828
65021 36540
70953 11051
9796 69836
6608 68978
62514 85481
81633 14490
74577 27399
64557 62247
51930 17616
77823 72472
22585 85708
31190 81582
3387 31269
20076 27520
57692 84448
1860 53624
21479 80201
84841 4809
82540 85610
44019 29062
9704 33509
6571 81182
41937 31401
26510 64896
84523 81697
22932 53675
3045 6341
63707 76192
22414 34961
81462 47294
9866 6110
62503 69590
75209 31550
83049 29006
82932 26328
75854 23818
36484 61807
54661 23492
61146 4756
44474 1418
34817 11820
18447 85597
35751 65206
58633 32227
79420 33389
55375 14843
52305 62600
33896 4192
9177 25434
59747 50522
37901 3913
56889 33844
85039 66205
78281 5582
3741 46868
29997 68916
50510 3356
80324 54790
55708 83589
51894 46361
30575 66798
81746 58976
27904 57604
30574 87871
72730 8955
54481 11178
60544 21437
44576 71016
33576 70315
81127 4466
63124 58741
59782 55396
70165 72634
15089 8190
67344 23053
33662 50972
52472 47303
25699 45801
14524 70951
4511 47418
6264 32521
38662 8099
72343 72044
17790 58875
15907 157
54946 25732
71578 63275
79149 30069
1456 14681
25915 20522
66703 44633
77721 9783
85603 70649
25534 81092
73662 23766
62739 18023
4004 41176
55383 18412
75175 41107
80305 41033
74784 40118
64834 19835
48039 22569
72541 37642
38073 61743
83949 49298
77463 71349
2087 13490
11623 67373
43870 40670
45817 19053
71391 15314
9371 17989
83399 8564
465 13400
29739 77464
30730 14068
32852 17489
24706 49464
9745 81645
14524 35244
43440 28372
44554 77372
2012 37678
86374 62448
16669 30542
51010 87878
4702 36203
64731 32100
53287 504
17389 10773
57115 84722
17479 59822
67560 66365
76559 63549
42950 15547
60677 7754
54909 56547
69068 56694
37204 54359
85409 77862
47847 31705
64825 51375
88575 15586
48739 87759
32575 7275
51383 68652
64330 29123
21406 43288
75108 19855
6804 54880
20199 46775
5203 30030
23654 60641
81730 86647
73888 75753
77306 53022
88291 38336
44145 30270
14108 38977
33178 23231
63770 13106
77904 75797
14843 26535
79087 15217
29882 17344
62295 36686
63779 63208
54123 44665
79427 52066
26027 3827
52089 11630
53983 4128
205 72206
14542 31956
14176 87379
6728 26042
39546 32332
27338 49938
50916 38729
63505 18361
44783 32347
61818 10775
72450 64867
30406 16576
12474 7733
17725 29383
11452 14502
24930 54446
44497 575
20698 28948
31173 76304
87197 87314
82920 46855
65866 20599
10741 12470
51591 78499
62155 72729
68906 78735
979 48556
80300 63611
75867 22851
3105 24529
58495 65821
24687 50962
16991 31715
29483 63465
27940 50272
2535 59269
50196 21892
23356 3482
64740 38276
85583 63956
25766 30089
60808 85238
87834 82563
66754 53198
35649 31405
33571 63193
31846 10199
66290 55871
53224 69716
85001 34489
26738 5540
70708 87740
5988 79773
16844 71700
19710 57720
7413 35133
63262 29334
67454 76687
79154 25997
9112 85996
34711 27867
43276 41452
61432 63050
78507 48763
8560 75090
14448 10202
33793 24405
36846 36178
5537 13340
26815 30944
21279 31078
66721 81985
59373 63026
4222 10593
30607 74987
83623 7376
11977 55477
35924 73355
72850 27131
47307 70826
8798 64802
17277 41211
2760 23331
32647 16300
63871 4482
50913 58538
49406 66583
27555 81764
49721 59805
27197 28806
77047 7871
87951 42743
77469 41012
34819 20927
57461 30468
74655 67692
19142 61152
31604 27039
15590 2290
39559 6346
21814 68385
11785 34363
81855 87746
74110 43209
63951 54070
40335 51390
70941 67241
54432 16699
70007 13841
66540 7275
60863 51199
59888 68104
56584 66303
14584 74241
52788 85773
41360 48610
63398 70642
42131 74720
43539 12022
15629 24890
54118 83407
59322 14750
39960 83752
75209 38357
40613 10277
87745 58261
85614 83987
5299 59502
761 67416
11257 72738
15159 59304
247 66976
14787 11628
1188 85579
27403 70601
82755 32948
53749 4918
12755 13910
23550 84283
61591 60009
86713 20887
11232 48129
1950 9154
53124 20709
86549 55319
46126 44350
40643 7095
47969 54685
17054 2503
43644 74921
87644 75484
7244 68190
18331 12874
67283 12455
10022 45689
46716 484
50230 14783
67909 68148
50220 56884
41586 3875
18326 16951
22521 608
24003 11377
70996 62510
74112 55675
39412 7008
43656 5538
1754 5830
76934 5755
9438 28650
24279 22832
47827 44724
24929 85680
85304 13653
9371 26637
81521 31203
32356 63408
73316 65147
27285 54102
2690 79251
78066 12197
5812 45410
22321 71994
78036 78807
35716 32178
45824 70801
23675 1719
84697 45297
34764 13152
18154 80485
21464 70478
65872 10924
54890 59615
39467 72040
8557 53895
20211 7352
6340 1543
55404 35325
88527 33244
19698 65253
4457 42358
16997 86059
22266 7021
76458 35488
2291 85344
56333 46872
8485 36608
14879 61684
12762 73778
1400 57964
84326 77706
56673 80931
72111 24336
35759 84155
62561 70366
56884 65671
48685 47553
52351 41664
2045 46179
2772 13654
5783 63472
32545 31276
34286 59279
54411 66215
74458 15876
55998 40922
65573 38635
6891 49747
36030 59155
58214 30949
28977 9249
72598 47837
36841 15983
81460 2312
70361 15143
4308 63547
51878 77191
42360 22585
76817 87922
34514 40254
33296 19832
28206 86635
20533 67059
31993 59867
54169 37386
7034 71898
57649 9733
78142 69766
37616 6966
64655 25769
29397 35227
78964 39947
33638 33944
8565 87089
78291 32729
12908 74648
80065 78604
7813 68827
48570 13342
7816 851
59956 17117
70461 43354
73412 72712
15303 43399
39645 38584
83104 11583
54831 85949
58236 7141
51061 51139
21179 60327
61259 75607
32828 60030
36467 11478
25959 60221
57783 83034
73359 5291
71369 31538
5382 42067
40636 83674
17083 28842
15347 51042
67175 17852
63415 37795
52302 3699
72838 76512
85652 17161
76340 64611
39160 69062
75212 87711
71844 16053
88143 47801
14191 11407
12716 46134
49056 24630
50278 27329
41956 39174
6049 3049
1850 51480
71927 54142
8947 48117
49156 54535
42770 82111
15353 17655
56951 76963
25331 23815
61054 32926
48597 26514
47247 50995
76914 83276
22889 84110
85738 62876
70065 34782
14019 45294
77596 20720
32449 77131
46105 71499
59358 323
29703 85770
82633 32259
10411 54816
5730 15040
81774 39824
40622 65927
79533 44684
78444 57161
40080 65233
74115 40506
77726 29216
78279 40707
79697 79731
927 65981
25193 13556
7580 23092
86285 57915
38989 20610
53228 72708
79045 67486
51602 25478
45020 36353
9168 6050
75074 1302
13642 31876
41708 83139
27501 39260
48847 5197
48706 61780
29356 4108
75093 83566
17671 46337
23278 74128
87576 20384
81730 57613
42717 53399
12286 43836
48575 28893
78389 68542
64167 3512
14368 30287
7031 73175
8576 52933
12146 81138
33074 28210
86114 28416
58405 55921
59695 23890
1586 22422
21 29978
59972 19508
65120 59420
41417 596
87262 19454
73403 74874
15767 70223
85557 4143
42962 24661
24424 85166
18914 35900
67665 50208
7836 41649
48256 47063
82413 48590
83398 15385
28318 3486
54036 48243
58696 11556
54804 65201
49449 82545
38037 79505
84463 61349
27562 7824
7943 46776
19933 72828
60807 19752
59312 4179
81177 55841
68009 43565
54111 51855
26959 71161
33484 6748
13050 43395
21841 15205
22633 47558
38520 60686
33951 36393
26161 36656
54684 42692
6896 23439
26739 70423
83408 4917
23561 46202
88531 69699
965 27650
54692 47877
38444 31309
17701 24935
30332 12348
65936 71577
24511 54892
69864 45466
70821 85659
65758 56766
59904 47565
50754 8378
40029 27101
5333 70085
65272 83390
56876 30508
41841 78628
83096 40715
61045 36434
55746 69261
45114 21241
10460 78680
85760 10517
87046 69448
76091 52513
36788 57262
7569 88275
61001 24939
40776 49384
55958 46341
71361 27958
51325 43048
39503 69756
19345 69749
46825 77267
47716 28712
23059 58211
46447 6101
77322 85882
19417 49015
68662 25831
24613 58261
23284 62892
39481 59023
8067 65843
48883 14751
73805 15095
59366 12452
22147 1224
84295 22276
39922 60856
29586 68196
48010 52015
11825 59083
72642 12196
15005 61162
27909 29649
53413 21482
67803 49124
72042 12208
87223 68405
61442 12157
76141 57538
82710 23969
80937 84223
5460 20735
19224 68890
3128 7376
29443 408
8947 55035
56642 79996
71386 53699
62258 55981
38920 40201
25485 15050
87787 49910
53963 19011
47422 4084
18864 13291
88658 56663
9097 75831
78149 8290
82572 72674
37658 74068
2445 32484
5465 18100
47722 37712
78664 53018
32720 7955
4494 77693
58887 87825
79945 9443
17777 73118
58298 80932
2097 55130
70360 35868
85801 78749
44776 84754
40296 17506
13920 76794
33844 75934
74623 55276
86898 38891
47036 22001
66768 69764
81090 81805
35668 81401
16201 20568
47185 84383
49022 86419
37132 6094
56179 27338
19300 45725
4491 19179
23614 85029
23156 18508
87481 88115
68093 16708
14066 74491
27025 21433
4611 55785
39019 87937
2789 75283
20210 87216
51338 60309
25115 35380
7647 8412
25571 78728
9877 64570
27876 11190
53185 37251
83499 36805
72683 59109
73562 20755
11302 28738
24494 27449
36211 44970
5468 69578
38706 78279
54845 70384
50470 47946
74044 73416
25544 57573
32180 80798
65820 25552
72275 36409
482 16369
40514 46828
77793 26314
7852 48232
6904 80045
71721 7797
12438 12414
4735 49558
83745 46434
75175 1831
27006 25519
21031 73188
31895 49633
55728 21047
37508 1163
59096 25308
66964 41807
45538 56996
67167 11447
55407 48686
32514 9654
84625 61852
71037 21731
74825 68338
79519 9110
6685 777
65032 48628
54144 12665
1330 34851
4763 2307
61951 55377
62520 64165
68146 40056
11879 66486
8366 34279
69446 10693
43719 67323
78376 66394
88072 6427
43759 12880
86387 87118
49342 31400
78761 11733
31225 18698
43639 23258
38489 64115
65826 76270
80442 42572
53905 38661
13432 83811
58969 88556
54130 67076
61084 72945
40052 16617
86197 73186
69839 11808
51440 83813
73503 31092
677 74376
34494 1983
41244 23850
34576 59869
27976 14058
78499 8764
7547 52999
69230 45483
86456 87704
74970 26883
44249 79788
32980 6251
69568 28148
68441 76544
28586 27661
19816 6580
4409 27330
48272 68488
73173 7162
85029 63983
52779 4762
69242 72008
15888 74690
74048 74930
48649 60050
23009 33291
66392 47379
66810 10476
62786 63497
82176 9503
14003 37997
34121 78614
58890 20363
58921 2263
5130 29125
21046 30572
64487 81423
72663 87807
16413 15152
74120 41742
71723 86478
66928 16992
41520 85145
50942 74289
77171 46134
10203 22973
911 59930
84082 37240
4770 72790
26987 17412
50675 72350
11753 81848
62568 82992
58807 26093
64727 60098
73592 57301
45749 27712
88169 83448
62279 7041
64921 37260
6447 76761
26535 21561
63662 16390
66733 42371
44199 64370
42734 31040
68909 62100
16439 18284
33645 1336
14251 71383
63486 86713
2853 82213
3243 40025
15004 27136
11564 73553
21618 28831
58014 3217
71148 58944
34804 19880
67796 85538
54930 33688
22408 38899
52508 40250
75058 85001
6448 63759
22975 78027
39151 62172
71967 31185
37744 33963
38393 77356
70510 25120
51231 36068
35222 39165
3808 61344
72852 3341
5539 83857
80168 16393
3042 47421
33780 43709
14301 37031
67934 61156
18812 58526
49982 688
21610 65021
87338 44095
67113 58099
73929 80610
14536 69962
8352 81706
25334 66152
44294 67382
14909 52123
21046 58192
75158 59032
77941 46949
79397 46711
22922 8148
29439 16027
67956 4448
61004 52455
57296 2357
29836 85071
66601 25992
66128 31206
82808 16673
57479 88246
58119 20848
53917 48788
56714 49194
43550 14547
43940 7263
82773 65454
9436 9928
61887 3478
53788 62240
32995 45312
17428 64361
67401 86175
37750 84299
22135 6293
33752 15279
45624 34791
54501 17414
24604 1495
43443 54790
70946 10406
40835 4497
49525 37894
53416 59731
41402 7899
53630 42580
56220 71993
88555 26989
1262 75578
63341 27155
61758 25489
45687 60975
17247 15103
56542 11351
50022 83183
30158 40985
29499 40834
37701 44476
76904 30113
35668 26587
525 64987
29776 36989
42426 24342
49450 76638
78519 71603
30806 63761
26910 41655
64394 58053
60139 83278
46926 61711
69828 8847
2902 3970
5897 984
32421 39691
46791 40656
67833 63388
62682 33622
74328 24518
60969 66775
51084 53914
26985 3610
78818 20657
59092 64121
51952 24922
51600 69095
49869 62745
43960 59891
26567 75021
28857 48272
22322 30882
15679 51880
24350 33256
51558 1305
65373 14893
70693 7771
52143 87245
10590 27011
53357 61411
7776 39963
53113 83441
67627 72370
64049 36657
52708 64796
22838 2498
35452 32741
81568 73831
49027 70745
9255 31866
85038 40857
25111 34706
74581 8828
28560 87707
27266 76091
76079 2838
52932 58001
3934 72090
21283 62716
13725 19795
5030 58732
64847 75907
57281 68702
86678 44543
22230 41553
58303 7806
75834 6508
16993 70634
81208 1285
9549 53897
54402 68917
5023 79738
35942 22654
55672 64111
69822 71370
84272 4905
84149 32621
42460 56886
73820 72401
31466 46119
18096 60740
87933 41929
13997 14601
50765 84364
14902 16549
47218 8681
88554 33862
2925 70089
26289 63460
10770 47589
20967 8511
8192 44091
51543 37936
83551 63619
63961 56202
17660 38335
45220 34033
86359 57377
78210 19332
74288 77400
57805 22716
33601 26824
68453 22176
83877 66450
39189 23638
72851 79057
61109 22348
66114 69771
80103 70949
26935 73363
4095 81603
11731 22330
70256 57598
53658 33791
41440 78066
84426 16632
71405 61544
20191 11961
40673 5640
21952 61970
72287 15504
4547 15955
15938 80759
992 53792
18180 67683
21067 6966
39899 42766
34126 76798
12039 78627
51762 22127
80346 65346
83924 52935
79361 87420
66063 1050
69392 87087
2252 65235
12774 19364
39236 8390
65658 18349
14923 44100
29243 53505
37195 72888
60990 41658
16732 61532
30876 38754
34873 461
36902 58583
666 1310
43099 83417
19391 59293
63132 8421
11121 13661
68005 66697
22725 29349
10082 18738
52772 79501
39591 85692
26820 56553
8721 26747
30971 16404
74353 4869
84864 71238
52034 59256
63865 22965
62077 74702
1205 31425
12111 20749
22836 10750
23326 21294
10572 34876
11875 62304
51174 65459
48609 76120
31949 10743
8084 8928
45010 62850
17763 13328
29115 67313
13686 32622
61908 32611
45378 9091
44852 44560
65486 58562
63053 50710
19303 53590
35347 45592
37908 36053
18512 43116
67071 57354
6538 4953
70501 13917
11719 9101
28538 24533
44752 29680
55049 47299
46371 45517
29188 83888
15904 10680
55686 82466
19725 50749
69915 21361
15662 16966
17283 66938
62027 56824
49223 75580
14818 41832
59601 1562
34748 44160
70654 25651
10625 83621
22492 45207
16666 34474
53856 39355
74846 28973
28099 74869
34679 21393
27077 42890
22680 62822
27590 47005
59626 39519
61859 46073
51038 57457
28564 29626
33454 7916
38312 53334
77323 62141
10453 19035
45142 38623
72028 41866
31171 57894
54876 67892
19874 14501
24739 29330
39917 15435
18217 12347
32996 43425
87716 12824
77802 80328
40727 36143
60773 37182
