171 251 12
11031 611 1
2929 1889 2
8441 6828 2
11076 5689 2
7168 5562 2
4072 7143 2
1589 112 2
10080 4190 2
658 9562 2
3206 8725 2
2666 5025 2
5849 11144 2
8150 9911 2
10725 8067 2
2204 10386 2
6184 3321 2
7957 3732 2
3971 3060 2
5726 7990 2
182 2879 2
220 11336 2
9655 808 2
1147 5262 2
1267 7144 2
6703 9374 2
9730 11570 2
5186 4393 2
7647 11005 2
4854 9462 2
451 1135 2
8114 8099 2
11461 11132 2
4485 11387 2
5844 352 2
2608 3126 2
8557 5142 2
8595 1917 2
3346 585 2
10639 9554 2
3898 5915 2
8245 624 2
10152 6799 2
6980 1208 2
160 6076 2
11682 4545 2
1773 1379 2
2911 11464 2
9889 2675 2
9170 9174 2
11157 2363 2
2156 6161 2
3540 10455 2
7228 2845 2
5235 2291 2
4722 102 2
1868 8678 2
1421 2808 2
1713 4130 2
576 3959 2
4087 1724 3
518 8168 3
5410 6668 3
6352 4615 3
6758 6791 3
9320 7891 3
11339 7064 3
4594 8233 3
2945 7597 3
1524 11344 3
5675 5568 3
9886 5612 3
4091 4315 3
11313 3461 3
8750 11026 3
11605 9186 3
23 188 3
6911 176 3
6819 8207 3
10392 1540 3
5727 1374 3
9483 10297 3
6440 2090 3
5014 10451 3
6567 10284 4
7116 4102 4
666 10516 4
340 7224 4
9074 4266 4
9012 3239 4
9217 6334 4
4752 5443 4
5805 9460 4
11662 10209 4
2154 7158 4
7693 4862 4
3171 3824 4
11555 8316 4
10557 10547 4
1583 9474 4
1027 6137 4
4004 9112 4
61 8982 4
4853 3595 5
272 4757 5
7675 9077 5
3709 5085 5
2562 9386 5
7677 1888 5
9651 1901 5
11476 1566 5
9939 8955 5
1994 2169 5
7347 7539 5
839 2205 5
10287 271 5
3599 2340 5
3757 8131 5
8287 2923 6
10841 11624 6
10932 4223 6
3952 69 6
4932 7524 6
7419 6401 6
1068 8854 6
8316 5887 6
7395 10065 6
3041 5765 6
9843 3487 6
5549 8723 6
8557 8749 6
2401 266 6
4666 6442 7
9029 94 7
807 3221 7
4680 1113 7
7514 614 7
8838 1073 7
3111 6799 7
6909 11273 7
9705 9629 7
9478 4982 7
10287 4991 7
2222 7903 7
6065 6488 7
1488 10522 8
11664 5273 8
2232 11574 8
2468 4343 8
1875 4939 8
4628 2841 8
6089 7180 8
1109 1216 8
10689 7216 8
1042 4515 8
8845 9799 8
3765 11359 9
4453 10122 9
10868 8855 9
8294 11667 9
2122 3539 9
6297 5267 9
836 39 9
2855 10441 9
10306 11277 9
10664 3518 9
3603 9667 9
3295 3115 10
2756 1177 10
2800 2520 10
3332 4437 10
243 1761 10
11663 795
5186 11628
4336 10767
5567 3292
9278 7027
2617 8370
5852 4074
10959 4822
10829 6221
7095 3430
6635 2873
3952 668
84 10398
9478 11019
5571 10014
7664 1289
7534 8272
5735 4866
3153 8144
4809 1683
1293 652
10570 2783
6188 839
10202 8384
1648 7940
7544 11685
8835 2682
8284 4198
7200 2283
7628 7046
8562 10316
5157 8256
8195 9357
6330 5893
674 5671
5481 7408
11692 6035
3335 1464
10944 10149
2653 6422
8584 7736
11412 7709
6894 6136
10118 6118
10116 7591
4669 8788
4589 4563
746 11610
2058 5646
6328 1563
7773 23
1468 5675
8822 11624
6989 8800
10936 1673
1340 3724
5521 6167
6508 10959
2066 11020
7857 10528
8031 2429
1296 1950
6661 3752
4204 3557
8832 5568
10463 5495
10007 10495
9007 8326
5097 3086
1410 8379
7195 4758
5219 518
4233 7847
843 7415
5378 1797
10800 1099
11323 2888
3664 6468
9702 123
8622 4613
5773 10634
5768 2564
7637 4222
2413 1598
8095 11185
9395 2524
10639 2219
9511 8662
1184 9931
2237 915
8083 1511
5124 8948
2466 9851
4237 5380
3163 9239
11028 37
5240 11119
408 6468
3228 5290
9015 1540
130 4112
3473 7431
11232 10667
11635 2502
11662 6708
215 5388
2287 9031
8861 6641
767 6865
6523 8668
1019 8008
2927 9732
3355 38
11171 6567
8099 7567
826 716
6792 5181
6798 7367
321 3531
10696 10971
6954 9956
1906 9872
1770 6379
8554 3409
10434 727
5736 11672
6385 65
9137 2087
3206 11140
81 8418
6255 2539
5095 5843
6668 4222
4108 1195
8073 3294
7860 5623
843 1586
2727 6957
9619 4167
9000 4917
3710 8637
10248 2015
6272 8186
1801 753
6319 11464
465 4358
2793 8818
3981 2204
9755 7090
11644 3804
9550 3131
10853 3121
143 621
4764 2370
8173 6451
1890 2618
7876 444
8956 10559
8186 8940
1784 3000
8613 9173
11478 11580
4339 2427
6760 603
9784 1378
7351 52
10546 6820
1617 9050
1522 4648
7764 6107
11424 2054
4207 8434
6100 7778
3402 6131
5508 9222
2406 2197
9969 10022
8099 5078
7723 9451
709 9178
5494 5218
5104 1292
3271 4863
10268 3213
2521 5828
5098 7179
1262 6466
5231 4774
8880 6069
32 1236
7917 1011
4574 6870
3651 1686
1259 3178
4457 5895
2290 8647
102 10019
9044 3798
6075 9029
7440 3702
8185 2010
11151 9269
8038 6807
10524 10163
11378 4232
7228 9579
11278 8067
6135 9932
6781 1859
4004 4824
3643 1096
9289 1054
3086 6367
1585 5293
428 2493
4816 6083
7731 7905
2856 10928
9997 9310
9241 5684
1098 11694
11241 8730
10643 5043
4263 10423
3506 3698
122 9485
10469 4005
10578 5953
10080 5314
8496 203
2266 2857
9887 8060
7839 8649
7307 1662
514 6066
2203 5287
6833 10628
2055 1734
6225 403
5074 10820
3466 6776
3426 11508
3234 10179
5642 5
5470 872
3543 7836
9512 5959
6612 1214
1538 1049
8367 7173
3003 4204
