110 2971 241
4702 2327 1
3679 1958 2
1906 4476 2
4829 492 2
3829 924 2
2188 927 2
741 3845 2
1551 255 2
4222 2486 3
3167 3487 3
4283 4222 3
642 4671 4
4341 928 4
862 1026 5
2775 2523 5
3098 694 6
351 471 7
3498 2988 7
4368 195 8
869 2214 9
1025 3337 9
2089 2680 10
2449 3132 11
3984 3234 12
4456 1446 13
3649 4648 14
4605 4806 15
1720 1265 16
1152 4465 17
4774 3202 18
872 2789 19
1017 1561 21
2241 3788 22
496 1608 23
2871 252 25
3289 1413 26
339 967 27
4755 3867 29
2907 2012 30
1614 2811 32
158 3736 33
64 4799 35
1589 3969 37
1323 2063 38
1753 692 40
986 321 42
3222 4136 44
2748 4308 46
191 4 48
275 2211 50
2112 2132 51
2420 1458 54
4064 3791 56
3799 363 58
161 2774 60
3365 160 62
2350 4830 64
3775 1517 66
2203 30 69
2688 1037 71
1556 3509 73
2679 3515 76
4405 1993 78
3177 4721 81
382 3349 83
3340 2370 86
2012 3294 89
3648 3681 91
1320 867 94
292 4157 97
2883 2973 99
2433 470 102
4496 2806 105
4790 1155 108
3413 977 111
3808 2722 114
4099 4758 117
1665 2389 120
3 1800 123
1830 1863 126
4782 4305 129
1927 326 133
3909 4279 136
1591 4822 139
1439 1601 143
1210 2564 146
2269 4256 149
2017 1502 153
656 100 156
2885 3817 160
496 2620 163
2871 1413 167
4483 3560 171
34 3267 174
2594 1771 178
674 3116 182
1937 4093 186
4756 1684 190
3157 2761 194
664 727 198
3293 1953 201
4130 2927 206
1164 3020 210
3027 1104 214
1151 3845 218
874 4174 222
1206 1244 226
4762 75 230
3509 4311 235
1182 4829 239
10 986
2575 4584
4058 2154
996 732
4332 532
2429 2284
4071 7
4070 1838
3576 1261
2391 2828
4083 1505
4360 3209
1212 3
1503 4270
155 1493
3504 2623
3464 508
2067 4806
3699 4021
2336 3477
3180 395
663 1289
3180 3846
1756 14
2016 1206
3132 3110
2674 604
405 4491
3750 2295
4428 4562
1852 3798
4000 3518
1268 349
571 2177
2359 1163
3703 10
2483 2567
71 2503
1242 3494
4784 2587
2750 4813
2738 12
2877 3326
2043 3599
4125 1195
2277 1720
120 4385
1988 579
2168 4514
1484 3053
4000 515
3051 4507
2512 4221
1690 3238
4245 3963
2458 140
3049 2474
3335 1715
3365 3214
2944 4100
2638 351
4663 843
361 1347
3313 4497
602 2852
1266 600
1469 493
2821 4585
3841 1267
451 1876
686 2450
4685 4553
279 3130
825 1752
1746 3019
3544 718
878 88
504 3793
2690 2868
14 3040
1264 4111
1289 1774
1288 2290
365 165
4804 1918
766 308
1541 1103
1340 2787
296 2485
2065 1733
2868 736
905 3675
724 1497
1277 3286
452 4820
2859 2269
4317 3412
4564 327
4125 872
721 1964
1645 2188
2312 2444
2516 3745
3646 3321
4811 4092
3828 3785
132 1166
167 592
4541 1105
2237 1913
1791 1669
720 3478
2398 2036
487 2417
2211 558
4369 3761
1675 3700
3518 2275
3829 4758
2663 3178
1792 4700
3903 2471
4462 2503
923 1355
3725 3045
3923 2028
3192 2117
3429 4645
3744 4428
709 913
13 2136
638 441
640 1764
2628 2390
4334 2998
2678 1421
4509 634
3935 4485
220 4695
3225 832
3509 2012
1034 4278
531 4283
463 3588
4175 201
1349 4449
2717 1936
4056 697
1025 2699
2506 3970
367 730
826 4426
1144 1045
638 3683
3476 4005
4188 2740
26 4098
3143 1256
1897 925
2512 1061
867 3097
4314 1564
2510 804
3096 3305
2389 669
4376 750
4612 1809
1163 4645
134 1680
1774 1050
1067 1773
1002 2422
4802 959
913 4671
1829 3365
1679 916
318 1656
2676 1204
1350 4746
4676 2807
2669 4149
4711 3509
1589 49
4556 4019
4517 4253
1729 1488
1143 2201
3847 677
2291 4666
2108 2997
2290 234
1660 521
82 278
1720 4336
321 1989
2310 1340
1299 3102
4544 3793
1471 746
3004 1723
2975 3189
3581 3507
3135 48
4053 4214
3288 3683
214 3951
4438 4779
155 1324
904 3959
4183 1660
2847 895
1414 3764
3515 329
3593 3838
2049 170
2328 3992
4240 2323
966 1987
3164 2957
2394 3295
4462 6
907 3468
4338 1792
845 3325
4183 4105
4071 3089
4216 3658
3034 2241
3809 1792
4552 3027
4302 2167
1769 3923
2532 1908
4073 4008
772 578
2241 1570
1641 2544
3555 59
3563 1515
4482 445
1074 4029
3340 3551
1524 1335
1223 3691
435 4032
2813 3158
2806 3584
2935 4249
1364 1314
834 2486
3883 4023
504 3159
3941 1076
3098 1888
2032 2501
594 3931
3957 1714
4572 1950
4656 517
2423 4715
3212 1529
4543 4409
3812 3407
4587 70
1489 4611
3615 2495
2107 3471
4548 2323
2029 1026
3179 250
107 723
2211 2794
4629 2461
1117 1975
4623 3644
1064 45
2585 3004
4735 2933
2360 1026
4718 401
2114 678
4807 3418
3359 1110
4201 4405
1768 4153
2192 2372
1172 445
1930 1354
1937 4620
385 1148
202 3377
4790 1306
5 2387
1056 882
1847 2795
134 4546
2451 3546
3318 2093
1457 1784
2993 392
1103 1364
1637 4239
2571 3612
4636 3190
2480 266
1327 1484
4684 2074
805 4809
2689 1685
1434 4036
395 4637
2713 2688
683 3293
3350 4757
1889 3177
4041 353
4472 2184
2675 4698
816 3582
1387 2901
4761 760
184 3587
3535 3190
2483 1290
4186 3279
2261 3109
1088 3156
4820 4561
116 2622
4662 649
919 2946
3368 4309
1845 106
2911 605
1861 4300
477 2936
265 4305
4089 4580
4228 1873
2553 3241
4750 2458
2759 2126
397 314
3593 4467
3445 3473
3181 2416
2355 4536
662 4135
3794 1972
2093 1916
4404 1120
269 4557
2924 2601
1163 3368
1939 4739
1027 2915
336 2883
4246 2015
2847 462
1384 990
3888 3690
4518 1232
4657 2192
1144 330
1650 1914
697 2693
696 4315
1555 854
651 2302
2314 764
3348 1557
1406 3200
2836 111
1322 1927
3035 4183
1999 2858
2204 449
1548 2030
2309 878
1877 2117
2658 3697
33 2801
2078 842
3699 1319
4290 1045
2052 4667
2209 4405
4262 1355
4497 1343
3709 2773
4430 3312
3426 814
2689 759
1874 2010
4132 4330
1437 2374
2674 2270
2477 2418
3031 4048
1136 2810
4731 1068
3003 144
3019 3016
2636 4023
1183 905
340 2609
4129 2062
308 3654
584 338
843 1415
2285 3332
1310 2613
323 3006
752 69
236 405
4817 3098
613 819
1723 2787
3110 3668
2944 1532
3131 954
865 4579
1161 1693
2169 3933
3829 2579
3445 59
4476 4092
955 946
631 2567
3054 2579
3044 4836
4194 2186
617 1880
1585 702
1605 2675
1515 2168
4146 440
2909 3514
2233 682
1445 1963
831 2592
4537 811
107 1021
463 460
1349 2520
3697 4295
1580 1505
4072 1296
1768 332
4821 229
353 4801
2970 2102
2089 2359
1357 4293
625 4424
3935 1840
1016 1119
1963 3751
1375 2187
2062 4337
3401 3340
698 1058
4436 1599
3688 1140
3858 2929
2745 3983
4022 1411
415 45
3519 4577
1465 4472
3253 4642
767 1874
1854 2258
3268 4345
2680 2586
846 2884
4537 1011
2657 2073
3290 220
1863 4796
1528 2503
1275 4691
951 187
416 3498
2476 3414
3956 3146
1296 760
1165 163
1068 4674
4316 2581
211 3213
3380 2452
1546 3729
1655 3426
4766 640
2939 4760
3411 4148
1406 1218
2628 1523
695 3585
4141 315
2367 3165
2022 3048
877 651
2399 3742
1673 338
1222 1549
4083 3345
4476 307
4098 1079
4763 1455
357 1466
684 4766
4411 995
3741 830
1038 3683
2777 2965
244 2568
3356 1202
201 2367
3648 2295
1851 2974
221 2076
1678 4837
4326 32
438 4344
1002 1859
1814 4411
4631 3816
3841 3167
976 2186
3716 2191
2432 2721
2054 4569
4612 1199
3792 4524
4747 3628
643 3000
1601 3849
1221 4275
1486 2304
187 2669
371 1783
4124 2235
4572 1653
2147 225
124 4030
545 4840
3899 835
2286 3891
1381 317
454 931
1038 2531
2196 3035
2814 3901
2403 4084
2331 2651
1814 1126
1231 2473
4043 2696
4551 4519
8 3375
2621 1925
601 2075
340 4348
3402 342
844 2710
539 3636
1947 746
921 4464
2020 4432
3584 4238
1581 4406
1561 2926
1332 3839
651 181
4182 1119
2566 2010
2100 3201
1075 3399
720 243
2181 1206
566 704
819 2054
2472 3900
1398 2302
4235 1463
2543 4435
1876 2551
4840 3587
2387 2120
3294 2486
4029 3862
4399 1278
1920 3635
1316 3711
1785 774
4302 2885
4292 163
2315 1541
4393 613
1585 1632
211 4049
2027 440
1258 4000
4825 1615
1684 3836
2599 3379
763 2806
2555 96
3645 1033
1889 1114
3383 457
1793 3222
420 3216
2556 423
379 2472
3858 3869
1830 4577
73 450
2005 4212
866 1829
3919 4715
221 1259
3200 4830
3025 3834
4566 468
2762 3665
930 4827
1557 2430
2080 2036
2617 3937
3568 4136
4361 4742
32 4003
265 2737
770 4572
3231 1640
3061 1269
3230 1017
121 652
3866 4820
1713 1181
3904 4551
2993 3461
478 206
1268 1682
3632 28
3393 3683
3867 1908
3840 4452
3301 3110
113 903
3928 2759
686 3769
1080 1011
1785 2875
2812 3759
1032 1402
3419 1238
696 3377
1730 4485
1150 2517
2522 3479
4708 1404
3316 998
1016 2098
3214 1958
2330 2524
3166 3244
835 3491
4548 2489
1827 3084
2137 4735
2111 1222
1166 2104
4691 1658
4330 4423
2138 2576
2420 365
773 4049
1943 1986
4293 3516
1999 2770
2498 338
3209 3780
4332 2037
4699 2701
3489 1135
2250 2552
927 3314
1456 3590
3613 3904
2620 1269
4840 2299
4656 735
4144 2389
770 1205
3479 4084
1747 3339
1911 3065
2281 483
1591 4652
501 812
4497 2078
4678 3735
2084 21
4633 2992
2854 4665
3536 1615
1011 3090
2032 2425
4699 4216
491 1353
3680 3892
1388 4568
582 1975
4634 4049
3527 4689
3016 1987
4235 559
3866 225
3418 3140
882 1971
3763 4613
1189 2364
3402 1830
332 3589
524 2092
2298 4371
2225 3979
73 3091
1028 3227
3884 989
3600 1663
24 3747
2336 419
3435 2248
1884 4023
3229 628
2661 230
4150 3619
2873 1103
2499 989
1549 2824
1484 4144
2251 1836
2063 1660
4765 4835
3791 516
133 321
4556 3542
4315 3061
442 608
269 933
3558 509
2367 3570
4650 453
1592 970
1141 1784
1656 3170
1633 4769
1596 3080
4327 307
4837 4210
2938 4497
1637 4544
4463 695
972 2882
3274 549
4459 4217
2397 4363
2605 2863
3249 1226
4634 3878
4542 1387
4507 2688
1628 117
476 707
3153 484
2314 2866
2024 1418
2699 3456
4022 106
1725 2570
3482 4373
2804 642
149 3839
5 2469
1339 2415
2979 3362
1604 4319
3103 2263
4190 2956
3185 1394
1585 4728
1445 1860
247 1150
4333 369
2929 955
1244 1482
4251 1093
3126 2029
222 1908
2511 4111
254 2800
3489 3818
1282 3767
157 523
4515 3880
2744 2349
4006 4111
4246 4462
3328 2988
2049 2094
1984 2273
1534 913
387 3638
904 4773
303 3948
3044 2886
1107 4202
990 2983
3090 2930
1165 536
3213 4217
2497 3173
2970 2538
1470 3221
4139 1418
685 4032
475 4541
2162 2942
2165 1646
1996 4143
3080 133
4380 2318
2124 456
1693 1419
3946 3007
4335 1950
2346 4624
4134 4474
2683 2459
208 4190
2570 3109
2733 973
3798 1662
3441 2978
1258 518
3935 3433
151 2483
3293 4552
415 2829
283 1289
2917 3287
1068 2308
293 709
644 1595
3868 2634
1113 283
2614 2694
2475 2684
1192 3174
485 2510
2284 16
3583 895
4525 3658
1725 1984
3569 4062
1510 3610
2210 4606
4204 2853
4163 919
3230 3023
3604 1817
537 423
1591 3344
4744 4024
1891 1232
2162 3775
3706 4626
2876 2110
544 984
3587 4689
2687 1850
3290 4040
985 3528
824 3771
1746 3501
1778 1943
4306 1102
2745 3228
3357 1288
2214 820
2642 3834
2339 1670
1447 2893
561 1901
455 1697
1465 1506
2319 1435
147 3679
750 4358
4294 855
4725 3007
1320 2357
4616 2537
4640 3323
721 4176
687 18
2773 582
642 4301
4341 1212
3312 3932
222 4810
1138 713
1885 1614
2525 724
2334 4307
569 1203
1952 2641
4715 1750
1823 1534
3626 406
1520 1468
2122 3833
1870 2187
2998 3087
4713 1863
671 1659
2750 94
2351 4400
3918 1530
2844 4027
3150 4233
3121 1683
4465 2342
3601 2943
4599 955
2489 3658
4708 4110
4184 3907
1854 504
1437 3327
360 276
2969 4549
895 2301
972 1808
95 3608
174 1761
1680 4449
2580 775
3684 1082
3689 424
2037 3957
2787 2428
4507 1994
2473 2808
1727 1683
3530 1298
792 4623
2805 1154
4716 692
612 4145
1881 4406
780 1349
1230 3784
198 307
261 1816
1746 3096
2672 4454
3621 1990
190 2569
3184 2360
502 591
2732 4724
672 2802
3973 1245
357 4193
3615 2155
1074 2178
1898 3451
436 1817
2569 4051
4261 2536
2983 1383
2546 4287
1748 2917
2000 4027
699 3640
3252 4436
1075 3097
3029 498
3329 363
4064 465
2567 2453
4533 288
2133 3622
919 1559
2986 1292
1604 3756
3697 735
1880 823
3336 1874
2139 873
1053 219
3830 2314
3589 2217
1918 658
3992 4460
3088 295
1272 995
71 3765
624 4222
3011 2404
3806 1447
4434 3546
587 1057
2763 1533
204 1022
163 3523
450 752
2010 1660
2047 940
1829 4030
621 3204
377 420
595 4783
1535 319
1211 1871
3124 1124
4143 3824
2778 1294
2167 2690
3059 4670
863 4129
1318 460
1810 3025
2725 4497
827 3037
3529 3142
2098 287
1395 3437
487 3035
4404 4421
2850 628
4807 3878
2547 4772
4290 2778
4744 879
2808 2323
912 4106
4025 2119
2164 155
70 665
759 3020
3828 2840
2314 4154
4487 1074
2881 2213
1108 4552
4794 1981
886 3626
2534 4541
628 4372
2657 1107
2953 81
4398 1753
171 2410
2408 1321
4390 3498
3252 3602
1791 2696
3467 1782
766 3213
3377 3513
3583 1316
2083 2168
317 4283
4354 2737
667 1362
1989 2088
1233 2819
2590 4333
3322 483
3376 1355
2563 4169
2338 187
3075 978
2070 1061
1406 3137
4777 3552
620 4064
1326 1831
823 500
3219 1260
3909 1618
4004 1066
3696 302
600 2487
2923 1628
4032 2653
1948 2191
1025 4776
3398 1603
3965 2447
34 1272
2691 2165
3557 4321
4631 4156
4275 739
1954 2841
997 3934
1654 4383
3370 2660
1391 2500
4744 550
841 1096
2017 4500
4176 2298
2559 2525
4612 1512
3500 4493
3460 3909
771 520
973 4119
3590 195
1274 2213
1809 1707
4172 539
478 3951
870 1667
1256 2000
4582 229
2304 941
3304 944
4393 4130
4755 128
3864 613
4383 806
2501 1536
3647 4138
1313 3641
1859 2887
4602 703
3020 1776
4582 1555
3662 1784
4126 128
1575 2298
1106 2762
1217 3832
4787 299
3455 864
4527 2919
3735 4659
2310 4705
4122 4250
2476 2077
1479 577
1446 235
1677 1694
4808 3482
1227 2984
1359 407
1081 1633
3965 2498
4733 3063
4173 1735
1394 478
1772 610
643 1204
4346 2619
2274 3483
1715 269
3630 2245
3517 4797
3656 3846
253 2265
1705 1045
2165 470
4690 4676
3139 3052
2901 3097
4439 3449
2845 2442
3972 4669
2021 3563
4440 655
4799 2695
3530 2474
4415 839
2905 3041
359 4429
4358 2905
317 3731
471 4406
611 2396
4671 1713
2686 680
2187 1015
1591 1203
4692 89
3624 114
698 1408
1276 1373
2204 4679
3461 3083
3406 1174
1260 231
2346 2742
244 1651
3919 599
1328 3756
670 1932
2368 2260
2963 4318
413 1400
3146 1588
4417 1045
241 1395
4093 3382
186 825
2867 2678
51 3561
3167 1057
19 1579
9 367
3994 1555
4171 28
1380 2835
817 1387
3197 4378
1713 1838
848 2953
3832 4316
4281 4280
4829 4054
1479 3315
2095 627
883 1236
4553 1817
2190 3448
3389 2307
2014 2572
1222 3891
1627 1451
3247 4580
3440 4355
4757 4773
1673 1880
1418 4331
1165 2470
1915 3902
326 3469
1340 1657
4353 3997
2723 2770
671 579
3132 296
4831 1156
2390 1673
2805 1067
4193 1329
479 88
603 2143
2851 3913
109 2355
3299 1123
544 3009
986 4742
926 648
2041 1783
1673 707
1044 4174
4820 3257
4292 3735
741 1685
1495 910
2747 4228
43 1995
2504 4779
3272 2671
688 4492
774 3689
1661 1089
2434 4558
2703 1169
4100 1400
2716 1208
2286 1638
1132 1525
3785 4734
132 847
748 4113
4053 190
3014 3297
3338 3053
724 2878
4572 1499
1771 295
4675 3804
4355 2156
2824 521
3746 4712
378 3747
414 2652
902 2874
3281 2554
1424 764
4693 3288
1278 4431
1581 178
4305 1804
4748 2007
3498 29
119 2216
2851 4430
4453 2626
793 3105
3612 1568
920 1493
2523 4637
251 3670
3142 4389
1601 4214
3351 281
3417 468
118 4269
1813 1464
759 1815
633 2797
4021 2246
1237 2524
3369 4652
2634 4732
3055 1364
4413 3893
3724 2704
19 2633
2809 593
3258 2252
3578 2754
1175 1973
3691 1637
4781 1776
3421 2155
631 3063
1607 2626
2120 4828
2053 3883
2695 4387
792 4469
1541 3113
1058 4389
3298 1212
3536 1397
4608 2941
2619 690
3195 1700
4026 2340
4400 480
2419 3481
1550 4678
3181 636
564 635
4073 2408
4302 691
3085 238
2772 3839
1222 4384
1819 2868
1592 2453
2525 451
1785 4639
983 452
2543 611
200 3801
233 95
2453 3709
2953 3140
2782 4112
477 2352
2260 1265
3914 1945
2193 1948
3153 18
3092 4434
2812 3440
1540 3892
3060 4627
1847 2514
1537 1402
3796 3541
1603 897
3839 853
9 3134
4150 3443
2809 4731
3150 2812
3734 686
1104 674
3290 2781
4420 2618
2234 2820
3345 523
412 2335
127 3187
1042 516
2244 3671
3747 919
819 919
4579 2922
4341 2205
2138 2380
4821 3695
377 73
2400 3060
1474 2618
4641 73
3313 834
2785 760
2325 3945
1980 4513
2054 3303
350 2276
1741 876
1212 1836
529 759
1789 4474
198 3909
4835 267
4644 2688
1994 2224
3513 1805
379 4306
1870 4582
2072 4112
3727 1497
2579 891
3083 723
974 4709
2040 3153
3268 4480
2859 3776
160 1860
1229 1427
4207 2077
1346 3506
2711 1760
3568 983
3454 789
373 212
388 1880
4032 1177
1488 1829
3604 458
4383 4308
3935 1348
3748 173
3281 792
1917 1574
1751 4074
1237 3202
3634 3006
4765 2257
782 3455
911 3185
1712 1144
4307 3643
4480 1913
3878 514
484 3401
1490 1067
2585 4285
1135 4667
2045 1392
2108 4433
2449 2950
4311 2635
2860 3610
3547 168
951 4192
4530 4328
3464 1401
595 1091
2233 1216
843 4746
1775 161
2234 3235
1746 2531
1896 601
1157 97
1340 3265
3089 4643
1607 2902
2144 1485
3231 232
63 3447
4539 4217
900 4638
2092 4175
2545 1616
393 1319
3998 4004
4087 615
4244 4034
1835 2467
1198 1679
3078 3066
2894 2168
303 1031
3394 3429
4784 1612
4256 3686
328 3523
2887 4385
2656 1045
3853 1786
2059 2856
203 3477
3952 1577
4608 3934
1925 2575
3737 511
4053 988
3819 3051
1410 1031
4668 4746
3976 2342
3977 4302
3598 4718
343 2736
3984 3865
348 1085
1944 198
2443 2140
263 2018
4261 3063
4791 2068
632 2131
341 4833
3090 3919
2312 838
2934 316
3304 2178
4581 1919
270 4188
4758 281
4603 2992
4542 861
3735 1089
775 4719
2841 3803
2496 3808
561 4239
4190 1079
3445 4199
3243 319
3795 4330
3302 4439
2086 4275
1480 2170
938 1883
551 4148
2430 97
3212 3199
3248 2056
1715 4772
4697 3544
4795 1435
224 3526
4532 162
1563 593
1394 932
2635 988
3020 3266
4014 370
2337 705
122 3076
2323 659
3292 3754
4509 2376
81 789
2790 1686
2548 1225
2033 3912
3046 732
2023 4752
4585 1279
2553 3338
2621 4547
2986 3852
2421 1685
1676 756
969 40
1494 2917
4673 2712
4493 580
1890 196
614 266
2491 4372
2951 412
2432 2537
4309 1374
1948 1214
66 152
3685 3865
877 3488
2101 1553
857 1178
3009 208
3418 2880
3674 4079
1285 282
3199 3267
2452 2869
4163 4376
4138 638
2011 1805
2411 1767
433 4626
2022 39
1529 1184
4050 2458
2920 2728
2733 470
3459 2051
241 4783
3991 1990
1462 4168
4487 4669
3960 876
257 797
2092 3264
1616 2019
2446 574
3871 3062
4160 3024
764 2088
1532 2312
3013 4731
1969 3072
728 1377
3856 3016
2597 744
2444 4045
724 1877
1162 4345
306 2279
1339 3533
1849 1127
753 246
803 3169
348 2093
4597 2650
3242 1365
4207 452
308 678
1069 1105
3314 1982
2073 1117
3970 1190
2935 4689
4230 503
259 698
1847 3913
4239 397
467 900
2991 4438
2374 4254
1830 1035
664 3382
3107 3898
587 3151
311 868
1622 353
3914 137
1763 3865
448 2978
802 4287
3747 857
3651 4481
1371 2033
1109 4821
4272 3283
3609 2348
111 103
4187 3248
4344 1976
4565 2599
1139 2426
4439 615
3791 3987
1218 1042
614 1071
712 3664
748 2904
3679 1260
4626 768
2084 53
4724 3284
2310 1950
956 3562
3669 2909
731 1654
3680 3616
4709 3454
2387 1475
813 263
2833 2214
4723 782
3621 4266
1362 622
3121 256
1479 1667
2787 2650
3620 2574
2277 339
2071 1029
1838 1811
4386 3934
1737 4599
3825 139
1469 456
4218 2281
2739 1990
4327 4618
4492 2921
841 2276
2517 2811
2481 1013
1428 4541
428 487
4569 3231
10 2772
2136 4620
3402 738
3403 4671
3790 3343
4694 3970
1168 220
1162 4747
28 1360
80 4717
3729 1389
2354 579
4276 65
2586 178
2900 323
200 1270
2778 294
4835 1466
3695 1834
3326 2939
231 4137
321 4464
2285 1587
1597 939
1857 1292
3976 4747
3565 2826
3411 1481
4404 2147
4771 821
4080 3301
994 4807
2014 3821
4053 1783
2642 3326
1700 2387
3132 1387
1454 776
4428 2895
2203 3393
2484 1632
1491 3158
729 144
4114 2415
4173 383
3734 3195
526 1194
2229 1677
2448 3922
4025 1725
573 3600
3721 2077
1750 66
2536 2840
2079 3950
2352 4051
2206 330
2119 4120
4447 3062
1528 1232
4214 4475
3771 3415
2599 3514
2283 1907
3215 2797
1234 2407
385 2866
22 1654
2056 2334
3089 1674
3771 921
2281 2325
2543 1075
3859 2065
3539 1038
3397 2417
1078 2045
3067 2394
2745 716
3298 2329
1852 1597
1587 1777
503 3469
2033 536
4329 1697
3345 3878
3626 3586
2085 2911
1309 2681
4369 3091
3838 812
4744 2111
4521 1173
3108 4118
94 4698
3389 3318
3061 5
3138 2171
1402 860
424 3920
4105 4451
4426 1247
2115 4778
518 72
1030 3163
64 2545
761 3091
370 1822
4261 568
4143 80
1571 3353
1267 553
885 726
88 3197
2140 807
4181 4150
3088 2896
4179 1961
2074 405
4016 3703
2206 1323
4259 344
3598 3876
4410 691
2341 1991
3232 591
3238 4471
4663 4181
2014 2912
2963 4069
3469 3511
981 2725
3677 1598
971 3427
4734 4286
3437 3707
4342 724
2411 4622
2865 2635
3249 1152
457 845
1454 3006
126 2600
1757 4348
3139 1070
4478 4040
2869 682
130 1403
1097 197
3005 4621
130 3233
2893 3635
3731 252
1136 95
188 3314
1645 311
2160 4299
1009 2208
244 1367
1157 494
2613 1843
3966 2144
3951 1043
881 2556
2279 4360
291 1109
454 3209
3302 308
3142 1683
2283 4635
238 1030
1934 1483
2374 1732
4068 1869
432 2202
1032 550
2119 4326
2396 529
4741 3445
152 4230
3220 199
942 3269
4632 1113
152 4821
3994 1708
4750 2560
3727 894
1436 2281
78 1638
3194 138
654 4555
2807 2413
3306 2065
1674 2172
3020 846
3099 1648
2896 3848
1334 4561
1818 4193
2188 383
2976 865
2086 4583
965 4805
2186 2890
3332 1128
186 655
590 4027
1217 731
2972 1705
4673 684
4819 1721
4239 2961
3319 1273
4626 1447
882 4098
4487 2431
2543 2318
191 4070
3845 1640
996 867
1254 3246
751 3558
601 1677
1706 3341
4309 58
2798 1513
2064 3625
902 4414
4137 1036
227 297
4507 2642
3551 2527
2627 1305
2935 138
2813 420
1806 4018
3942 428
3647 999
3315 4718
4617 602
994 472
2292 519
97 4324
373 946
586 593
442 415
3801 4212
854 205
181 716
3863 2166
4441 362
2955 790
1938 1024
4829 1044
919 2895
1669 2730
4143 1207
369 906
2813 1097
1458 4733
678 4703
1403 1461
1232 1055
2745 4648
3718 1935
2485 4765
1652 4176
1471 3241
2353 3182
1233 489
4663 218
2484 3737
3733 1215
431 1023
505 537
3993 901
1478 156
3860 4394
1885 1261
3145 3439
1564 885
2007 2308
1670 391
4075 1897
3799 3696
2623 3152
1080 1317
2484 2235
4808 273
1041 4444
642 499
4283 2045
3570 4548
3535 764
745 4663
3914 3107
2902 208
3329 1062
1419 2876
339 1995
2817 3322
772 1899
4663 1769
2064 4256
1694 3785
8 3336
3561 4722
3376 792
4057 3182
2712 668
414 3001
1605 498
2944 3425
3008 3799
3930 2241
4577 872
3171 4291
66 1090
19 3406
581 1665
3320 4785
2057 1445
1926 937
2200 3618
897 1180
2664 3883
1822 33
2814 204
2912 2817
3338 2348
2898 2953
1647 3121
1748 829
1244 4420
633 4168
646 3106
722 671
1775 3783
3371 1223
3472 690
4019 248
1883 792
239 4284
3856 1422
1911 1850
100 652
4101 368
3700 2601
2338 2717
2948 2609
2063 3862
2749 3090
3054 3099
2080 4502
791 999
2928 3667
2876 1274
1336 3782
1199 3017
4163 4560
1638 653
3738 336
1252 1864
1471 2593
1278 762
1847 655
1923 2289
1769 1643
4302 2760
4750 2919
3600 2734
4208 1773
4050 1267
3105 394
2222 2455
47 2744
4228 3865
939 509
1765 428
2416 1649
3812 3975
3644 813
1627 2376
2682 4101
2609 3577
48 3733
3568 3079
3691 1410
4628 4502
4158 358
458 3641
3560 3881
1463 633
3759 1072
3979 1545
2662 1982
2133 835
669 2448
4228 23
2461 4284
2630 4570
2709 4570
1096 4614
3857 4608
4054 4276
1447 1714
3550 4202
4346 4701
3912 2451
1592 632
2468 3790
1472 1925
3167 224
2831 2300
370 965
4386 4444
2333 941
748 366
1734 4774
2245 1685
1954 128
438 2016
3710 1303
3272 843
3138 2991
568 2441
1294 1143
2924 804
3220 1886
3766 2780
2065 4392
3363 760
3272 4010
199 2541
3726 738
2023 2533
4573 3447
847 4284
3235 410
3956 4424
921 90
457 547
3563 761
4719 4575
3877 3491
3775 1839
3854 2538
405 2098
2557 1726
1569 1315
1053 2992
472 4295
125 1969
3214 2288
720 4470
2947 3285
1288 1556
3085 4067
1137 3792
3923 1377
714 687
2759 1895
1224 3919
4660 4256
1178 484
3920 947
381 4804
211 1469
2238 1503
1332 451
2003 375
1161 2389
418 396
2885 2612
3496 717
3418 2305
3078 4144
4584 1592
4188 3937
3116 1597
3122 3222
1977 3038
609 4044
4254 713
277 1964
2760 1724
2623 1388
4478 271
3597 2500
3333 2268
4747 4609
1957 1927
2581 2845
4042 1499
2115 1031
4722 1363
2677 3714
2860 1935
1043 2603
2449 3428
4486 1767
2115 4093
452 4545
3634 1508
1011 4542
1425 3740
911 2606
719 2994
2066 1546
1054 792
4189 4490
350 838
2253 4465
119 433
3857 256
4024 1057
2452 3593
1779 2055
1097 4576
4546 2769
2159 320
1569 3849
3617 4617
2158 918
296 4353
3699 815
586 3119
2556 464
1046 155
355 3630
2398 1739
2881 3090
4490 716
41 1301
2245 4039
4667 154
3725 2568
2541 3371
4262 2363
3547 3327
4000 1960
620 21
2007 1264
7 1911
2655 4162
2943 2555
3451 1559
975 2288
1802 2919
2710 3767
3671 3502
4027 1939
2416 4478
500 4008
415 4150
4407 117
3890 4543
2190 1369
4748 739
1146 1395
551 4373
4039 3720
360 1389
1092 2415
548 1430
2849 4561
333 4513
3027 3914
346 646
155 1016
32 4285
3801 2328
95 2864
2796 4689
141 1700
1320 2406
2558 4584
233 795
773 2659
4475 4814
148 2510
3174 3973
951 3959
648 2745
566 2035
3856 926
2576 2158
3492 3843
3644 2185
3131 746
3593 3397
472 1627
1650 3099
712 3126
2020 802
289 3941
2985 3786
318 296
4098 3135
3773 4694
1718 974
145 1823
3584 3960
4229 0
3342 1115
3792 4387
4538 4796
861 4436
822 992
3652 347
4255 487
3150 4796
3797 2619
3389 2266
3036 760
762 3754
3423 1713
2709 3364
633 2742
2712 3946
2415 4501
1273 426
2548 4123
208 4258
624 3043
4356 3078
1625 496
47 2944
3310 3967
2224 837
2263 561
2227 1875
4138 2597
449 2716
3078 1504
2044 4556
987 1711
4406 3365
4697 842
1658 2414
3086 1853
4706 635
1068 853
4652 1851
1727 342
72 1568
1892 2159
4078 3542
376 2049
4106 2628
668 2080
4391 1645
3848 3457
3873 3754
2149 1405
736 4558
1738 2232
456 1379
4522 837
2041 1844
970 1598
1190 4566
3243 2996
4828 4728
4297 992
3335 4639
3971 4239
1292 6
838 4506
4812 2555
1047 1588
2714 4384
848 3003
1777 4829
434 3051
4472 847
1127 1193
4405 3710
2468 2285
4631 3768
2012 2642
2378 1340
3294 1169
2174 1900
3133 1912
1629 4592
429 1906
717 1862
2477 4727
888 988
2337 78
3312 3383
444 2185
1364 2720
1385 776
3898 2711
4503 1664
2522 4509
4110 1446
4516 1358
4834 2450
3884 1407
746 1855
1026 225
1142 2093
1080 4839
243 2219
3715 4153
4085 725
1123 1026
2421 1426
2389 4540
3558 3419
3728 3558
4793 2318
3304 1253
1050 1787
3800 3820
299 3431
3776 4376
3321 924
2258 2209
4199 761
1637 375
56 399
415 4681
4425 1133
2611 4131
775 653
583 3246
2884 2748
616 893
2766 4681
4381 2729
2051 926
2640 4479
594 1434
1438 198
4708 1534
2731 2400
1941 1121
3406 2235
3914 198
409 3737
3087 1810
1528 2149
2091 4615
1093 2004
1103 4777
3061 1886
1601 2310
1186 4511
3852 4334
418 2295
1029 4180
1799 1803
3487 4302
4632 357
3144 2087
2226 4157
3638 3999
4282 1557
4671 4326
1317 1798
4633 1792
4228 1889
3429 2568
553 862
4105 1159
2862 63
1744 3747
2073 3081
3418 1509
3414 4198
2967 3631
3972 3408
1102 624
3766 404
224 1241
2907 2981
64 2331
3988 943
4479 28
4437 4381
4455 86
3600 2628
2111 4547
3749 3537
3668 225
2691 337
3771 1111
4659 1343
4215 1255
2038 3382
761 1143
3336 108
4613 2792
3373 430
4576 4595
1142 2663
752 281
1594 484
720 204
2379 445
3014 4600
4633 2633
2172 4533
3289 3324
2497 4595
3754 315
4711 4040
3707 2131
835 2449
4687 3614
1202 1613
282 512
3238 2921
3708 1475
3891 2699
107 1430
4103 2364
4406 2437
515 903
1327 3079
39 899
982 4831
4469 2912
1880 62
36 1697
1407 1067
2022 256
4256 2816
3970 651
3149 2333
971 2944
1784 1818
1665 887
4420 1713
4246 1068
4534 4636
1120 443
2470 700
2432 1313
4109 4574
4786 2111
531 1940
2658 3751
1020 4710
2403 433
4017 3670
1701 764
535 2780
701 2189
4404 3557
139 887
955 4623
902 1619
1036 174
3086 2999
1870 2405
4067 885
1984 1070
4072 810
4373 1369
168 4247
3027 2297
1405 4736
168 10
116 2838
1672 3437
1621 1196
1653 3022
3435 1757
3624 461
4783 1638
263 721
3880 149
3257 1357
10 3428
816 3557
3636 93
2211 2203
3820 3722
216 4120
3251 3898
2436 38
269 3461
3886 230
2113 1141
743 3662
1025 3441
4815 2820
2692 151
3837 2276
233 1960
1597 3703
3824 4791
2208 4107
109 3380
1574 2510
2688 465
3462 278
2868 2610
3044 2212
637 1946
2253 2290
4048 2306
1676 3757
1943 2658
1847 1068
4121 2690
278 1249
1270 2239
1044 3493
1008 100
3886 2139
2923 455
3646 3977
3265 4116
3894 2070
2873 3224
3026 2489
4492 855
3187 2813
574 3709
2745 3565
1487 3864
1235 2629
3642 1279
2472 4577
631 2222
2327 3384
4566 1866
3168 4325
1007 4523
1654 855
4811 2511
3869 4100
1180 1851
3070 460
1763 1940
314 1191
1774 3430
447 4448
1288 4564
3754 574
3373 4377
3337 2770
70 1211
924 3629
4471 3649
1193 1282
1936 3135
1995 2784
3352 356
3677 1510
516 2251
3086 1114
349 1602
2993 3491
3906 4531
2536 255
29 3371
89 1613
1775 3058
1146 2568
3333 2452
1830 1154
2395 3818
166 3890
597 842
520 3964
4268 489
430 1683
4833 2931
570 869
1975 2774
629 1841
2522 2417
4302 1067
4215 3392
3584 3807
2590 3613
1240 2263
1577 2420
1153 2679
84 2368
4768 3516
2221 3675
920 3052
631 3115
1302 1357
4568 3807
2499 2074
4169 1400
4683 1072
1950 2482
1177 4030
432 4737
2310 1793
4 2998
3799 1223
1295 964
4166 4017
529 2734
2106 2257
2833 2383
1498 251
769 2627
4509 516
451 635
3306 285
2668 2373
3965 1365
667 4693
2969 2754
3886 4771
1132 1089
134 827
1069 682
4707 4380
4603 4358
2290 734
2732 1301
2963 4786
1115 2364
4162 3761
3489 2443
1117 3141
2227 2078
672 4241
2691 1466
3223 1837
2047 1235
3028 2314
161 1555
3247 2614
133 4533
3230 857
3507 3110
753 1619
2341 2111
4128 1156
1263 217
4521 4423
2335 309
2268 1234
3925 985
422 4222
180 2380
2180 3069
1069 4081
4012 3853
4387 2056
1556 4830
1521 2919
930 1071
2739 2764
746 2168
886 381
1746 4208
1722 3081
872 3876
2213 2221
1280 702
300 1333
712 2596
2017 1914
2628 3498
4210 4541
3399 4628
583 3562
1116 3889
235 427
44 3786
4288 1370
2784 73
2279 2505
474 1365
4727 2798
2747 2194
3184 3034
2856 1614
877 3825
484 1160
1166 1141
4125 4045
3227 2187
21 263
355 2924
301 264
2023 2150
965 1481
38 292
2332 4198
2471 45
4192 2140
985 3003
2934 4007
1154 3417
1415 367
3394 1955
2866 2146
2579 2812
4071 1855
21 4608
4538 886
4763 3609
674 4451
2792 1851
510 4344
4153 1175
422 4800
2206 736
260 3531
3576 2738
3151 2235
2309 3770
3787 3751
3865 2865
281 3016
3244 3249
838 387
2777 808
3799 4756
1761 4009
2499 395
3584 3125
1535 1563
694 1451
2669 1377
3932 24
4661 703
2359 2782
2100 2475
2755 75
668 3969
2934 4676
4277 606
3167 1147
1353 2165
4486 346
3288 63
1820 373
927 4445
20 771
644 191
1278 3912
462 411
1850 3308
1706 400
718 3398
2740 4675
945 357
497 2058
1856 1139
3977 3693
75 3542
2934 2349
2853 3062
3341 2907
893 956
2131 1918
4011 3400
4150 3696
2020 451
2477 2997
4018 1150
2708 4469
662 2992
3231 4088
4426 3360
4269 1790
3337 4489
4513 3590
1266 3330
3200 3248
2974 4483
3274 711
3431 4066
1018 2487
2833 3826
3184 3304
2242 2729
349 2509
3815 513
3348 4365
4707 3669
2848 375
4163 2543
820 4739
29 2443
4674 2687
1340 4575
3864 2041
2404 1863
100 4217
1731 813
3549 2508
2863 3301
1718 1523
635 548
1663 2993
4168 1748
1089 4214
4793 365
1993 4091
3462 1794
1693 3291
3611 2974
3928 3601
3568 1206
50 2588
3851 615
3801 4514
1768 1478
4719 3336
4253 752
4299 2696
3586 2561
488 4248
756 1070
4449 4545
1678 2446
3618 4815
1829 3350
163 1676
1261 3928
1637 3500
4636 2057
1544 10
1981 4136
2431 3070
4144 3051
2333 4399
