70 780 99
1480 527 1
1292 451 2
257 1420 2
512 1371 2
1294 1311 2
651 212 2
1818 424 2
1255 1507 2
1112 1015 3
126 32 3
1150 1738 3
1683 1535 4
517 1609 4
1761 820 5
689 610 5
129 404 6
141 1620 7
1600 1847 7
924 328 8
944 1725 9
168 1067 9
1732 146 10
1821 1126 11
1051 110 12
683 1256 13
104 618 14
516 888 15
1118 296 16
1438 961 17
888 811 18
1009 1370 19
1039 492 21
174 855 22
1446 207 23
355 1228 25
526 386 26
1363 1710 27
1772 1741 29
1548 1273 30
1577 6 32
1380 712 33
715 1623 35
757 1936 37
1681 989 38
302 329 40
818 1115 42
169 1830 44
24 1264 46
1322 1920 48
1732 1305 50
1225 860 51
1064 1579 54
1470 1454 56
365 130 58
365 1751 60
1010 1181 62
623 1038 64
1943 1371 66
683 790 69
1264 189 71
1619 285 73
380 619 76
1928 570 78
788 92 81
19 192 83
1743 1949 86
651 1792 89
476 1956 91
1362 21 94
1098 744 97
1054 1921
535 23
1596 775
317 970
45 1476
1842 958
835 1356
1893 1525
1889 1889
1560 1662
2 1694
1498 1101
526 597
1903 173
902 1567
790 429
517 1195
1490 1935
656 474
5 340
1253 1172
419 757
906 616
431 1063
975 976
233 721
1159 599
1769 557
26 816
1950 1693
1930 1054
1942 852
916 89
899 1865
268 478
1356 1587
14 467
1480 1802
523 1775
1364 357
1123 1250
1623 478
189 211
1939 454
1259 1657
14 1059
1358 1063
823 1754
755 916
1205 1875
1222 40
611 1517
783 1480
399 1533
387 251
511 270
115 1936
1477 90
3 650
1566 899
154 1358
152 1509
1661 1212
638 888
76 932
1840 744
1670 1103
1482 357
1669 883
446 1686
550 152
65 1815
608 303
1330 967
1602 1418
260 1110
988 799
255 1560
404 888
1930 275
530 772
884 496
1771 277
138 289
1695 382
1336 842
1876 1768
663 1416
1488 652
1225 334
1741 1854
1717 480
692 358
301 1651
1260 655
297 1885
1357 592
1910 1229
861 1959
1149 183
1338 1804
1781 1445
1915 664
1938 59
875 1279
1585 1045
1372 1239
448 968
986 1860
260 572
802 1588
1160 395
801 652
218 1909
410 1288
385 25
248 1335
778 806
1606 198
1376 1375
599 812
1070 573
830 326
86 1190
262 395
1132 476
1520 807
23 1
1366 166
634 1909
434 311
977 1536
1003 30
1115 933
590 1102
1264 1436
364 1379
440 168
1761 1165
1659 1284
1078 1651
312 1483
1508 440
1957 1826
280 1720
1020 664
1672 671
1657 574
634 1162
956 909
250 85
698 1038
1148 52
1268 102
1633 1948
29 271
225 1664
262 1186
1063 1739
1743 8
1118 1330
1391 887
608 658
939 156
1262 1941
570 1910
1746 745
447 467
177 340
530 660
1736 72
405 1152
110 215
945 1479
1754 1504
746 744
1296 358
1241 735
202 618
1477 723
1205 1320
918 253
1437 1302
254 651
151 1180
744 390
797 253
1464 1642
15 1612
137 101
359 1603
1073 1096
1466 1563
1487 922
566 1262
1748 1585
1311 1182
754 1296
1136 844
1034 1014
416 383
1143 1874
1193 667
225 1239
1831 57
1177 773
1627 1620
1669 1673
440 812
371 1693
936 1641
1787 889
1790 1688
1750 961
1242 958
227 927
944 1374
838 568
741 1704
1309 49
1445 1382
1938 1604
1766 1083
314 89
137 905
249 30
1010 1082
1573 636
688 94
113 1840
469 414
1644 424
1266 1712
1950 1454
1017 301
366 1474
1061 927
1211 1736
1003 197
601 586
706 698
849 1185
767 1051
181 1137
1651 719
1717 1653
741 600
985 1254
1707 1771
849 1469
1944 1775
640 1362
257 1486
518 982
721 496
692 33
310 210
7 64
862 877
450 1544
877 45
1356 1529
507 1559
662 1537
762 1777
799 709
1526 285
1458 1743
572 1379
1649 338
547 220
720 291
1168 1832
1006 1925
358 1055
1433 1216
1437 1494
692 1733
940 1812
58 134
1360 452
544 1104
562 1023
1421 1678
1739 1210
41 1882
1258 274
1408 1912
384 171
241 341
378 672
631 4
1585 83
1518 1694
1608 1182
744 447
1919 787
1540 1209
1417 1124
284 434
839 6
632 1684
449 1112
1082 369
1899 1426
345 1869
1797 972
416 697
175 775
1614 964
1104 197
367 431
1243 429
711 1221
80 682
1848 1686
1551 1530
1313 794
659 833
1622 1349
1371 812
1423 861
1303 562
879 926
1425 27
522 1866
395 1858
1240 1213
100 1445
940 1265
1826 1586
626 1289
1228 95
1780 679
1288 830
1821 262
992 841
700 433
1253 1256
1360 84
512 1683
1100 794
1740 330
507 709
1234 1578
958 1040
1674 1750
468 270
121 1312
807 899
1938 892
511 438
9 1425
1205 397
1543 98
438 1951
367 1118
1538 1595
336 1188
778 999
1016 1711
1844 1492
1696 329
103 1128
902 212
757 1841
900 1934
526 1420
551 1650
1108 685
991 1793
486 1789
329 631
1649 1722
1049 330
1214 1272
1493 1663
1690 847
1668 1608
933 468
675 1854
571 121
57 37
1955 708
1896 1356
1427 615
305 1296
937 702
940 1904
540 322
1085 1940
1732 1260
1088 274
1455 152
426 11
537 1711
1533 936
1708 1410
1663 1057
1294 400
1147 361
670 1123
180 982
1634 1119
1845 1336
1782 415
1007 1412
304 1758
1726 620
1730 857
1577 1725
1106 1602
149 942
1104 1219
1917 1729
476 536
961 302
890 677
1889 1100
1070 1353
469 1378
1189 991
1175 1120
263 1920
214 283
843 1281
1403 1441
1423 290
446 866
624 1855
916 908
1511 1058
1629 872
1594 333
1901 1643
399 1382
722 886
1622 1582
845 1009
1677 1456
1195 1814
1486 792
949 269
1282 613
1643 1846
1279 1388
705 1516
1748 113
1403 1187
210 550
321 132
165 531
1591 1622
363 527
383 1783
1392 133
1611 587
1544 1021
425 623
490 808
1463 292
827 1423
557 1188
1036 1516
617 1813
576 40
348 456
123 837
584 980
953 1520
824 966
1836 672
327 1908
448 1188
816 288
1096 1398
81 370
148 579
598 1701
807 1458
495 1928
1436 1806
780 858
109 1214
931 803
1723 915
1770 461
277 177
1689 1153
1886 84
1877 895
296 1622
427 1451
973 561
373 68
1624 318
1400 579
1740 294
1518 113
454 1756
573 856
624 828
449 350
122 1090
1523 972
699 911
1959 741
1205 425
1522 197
1575 664
589 479
1795 1557
556 1534
334 1427
1397 1865
217 97
707 221
1213 957
206 754
1742 1914
1124 1910
1817 789
953 633
718 132
776 589
1292 68
1103 1548
280 1265
66 861
1538 257
4 600
478 241
1606 1786
628 58
547 59
1832 513
568 1697
60 1176
832 408
1179 1157
1455 242
1581 1781
1715 1349
763 1265
1249 711
1350 1859
1527 1734
1519 1486
1665 1553
1238 1905
1054 458
974 250
1050 694
1211 636
630 1108
1330 682
212 327
1850 178
1480 1250
1724 1799
955 1666
1672 111
333 565
1386 1673
1189 1355
1064 672
1795 1874
1663 836
86 644
1188 611
248 966
761 235
1404 1470
205 781
453 1892
1272 1327
836 672
1634 1045
1835 612
229 479
266 1806
1317 940
1503 1781
105 383
1110 519
657 1710
681 843
1489 469
265 1014
1273 1205
1800 1604
261 1638
193 1816
1573 1856
754 1442
1953 1148
197 1630
0 787
1529 1170
412 76
1177 1402
381 1068
1815 1316
534 444
1394 335
1384 613
1610 515
636 614
726 1758
1949 815
1823 1092
205 1142
6 286
1022 264
677 1025
129 1518
0 1225
1171 1564
1943 917
1874 1129
730 1667
332 1378
85 17
488 661
61 291
1676 163
340 1011
1863 1573
52 1679
1696 1627
788 1720
1470 758
505 587
1820 595
101 545
298 905
250 1153
7 1815
987 1559
894 387
1633 1021
1881 1078
177 1159
828 442
1606 1144
765 455
1827 1436
1234 1619
1853 1247
935 1860
1918 28
1024 549
903 994
581 1887
311 153
667 1313
868 1828
296 54
1927 548
104 1536
1081 215
1959 22
1071 1319
74 1263
963 1642
714 1480
689 1334
176 566
667 29
1783 933
272 15
733 1046
994 1159
599 6
1700 1325
315 1871
1126 106
1379 1571
1514 372
1578 1261
890 757
1359 1562
1072 638
434 407
1088 1181
1405 1509
1938 356
1576 118
130 458
493 1531
1918 1916
124 1482
838 1211
1186 883
979 821
736 24
1059 1277
49 84
159 192
1564 1299
1273 1555
914 762
738 980
1266 1032
285 1515
1143 1559
1073 540
1224 1866
1872 1639
198 908
889 1708
137 1068
550 1291
570 1047
810 548
1820 1616
445 755
52 1739
1466 1953
29 87
508 1487
1688 1241
1826 1683
385 525
645 1184
1815 693
1403 176
574 1482
875 708
281 1318
700 289
488 1166
363 1158
1274 676
1730 576
1612 409
744 798
1803 1471
1100 896
1848 819
1567 843
1584 1084
1838 1921
633 30
906 37
1514 1903
95 950
1099 140
1734 555
1826 1268
1213 516
1929 507
1378 558
333 1942
1274 308
1580 1346
1912 298
747 1874
1459 1285
1415 110
1778 1510
1466 1055
1344 1417
1697 1073
408 1033
1362 430
1448 730
850 528
1090 72
1401 1833
1488 259
1204 1509
1640 1257
156 1297
1490 1397
758 70
260 1617
118 151
1193 1293
150 418
