60 498 73
613 954 1
627 1147 2
426 1346 2
1368 365 2
381 220 2
1343 772 2
1378 1271 2
139 1311 2
288 889 3
72 771 3
1127 901 3
1393 572 4
143 1153 4
200 516 5
113 278 5
156 977 6
1344 72 7
1007 596 7
649 353 8
931 436 9
919 220 9
1063 1103 10
1040 1375 11
1203 1027 12
440 758 13
425 468 14
434 1047 15
352 41 16
684 164 17
1358 218 18
834 1057 19
1167 41 21
1079 383 22
1195 216 23
815 853 25
981 48 26
803 1352 27
663 569 29
22 501 30
280 1079 32
514 638 33
990 858 35
1174 680 37
517 39 38
1341 1131 40
1053 207 42
582 1319 44
657 822 46
705 1263 48
240 246 50
1170 543 51
515 285 54
322 362 56
571 472 58
1001 986 60
82 38 62
295 1274 64
226 58 66
229 655 69
509 864 71
97 640
846 583
3 1062
1396 1005
747 477
889 703
1264 1349
1264 890
108 406
753 68
954 1222
473 1242
14 1396
0 286
775 1151
512 1415
1332 656
26 152
1438 825
738 707
1033 754
613 681
781 174
27 1278
1425 1429
1229 452
991 339
346 637
406 906
585 221
1213 337
664 1438
495 145
936 1371
1054 502
615 1
58 1190
1425 140
195 1438
1159 132
347 751
1152 1394
829 416
404 1141
904 823
160 722
484 950
120 875
1233 1428
501 1160
699 262
552 388
190 800
1239 101
954 1067
870 915
877 106
747 804
1230 804
736 383
515 533
160 6
742 625
705 1060
927 628
1129 1244
549 792
1358 486
1292 403
808 290
325 141
1268 1231
1080 1305
923 515
1032 1238
880 339
791 961
350 1210
1291 1027
444 385
341 508
725 892
1145 1155
606 1056
1060 933
1268 511
46 351
48 872
1105 767
159 78
1166 823
401 1411
1130 287
611 94
670 1341
182 317
92 1068
680 1199
244 1018
203 597
358 987
394 322
274 1391
1413 728
357 1324
1112 1020
1241 720
835 1204
102 1408
348 422
1112 524
601 581
1319 1394
623 1392
278 1208
898 1436
725 10
1210 1290
999 128
1037 25
560 1261
1415 55
1211 1224
672 666
677 493
877 27
1150 369
277 550
163 1073
341 304
348 887
532 193
624 452
288 1337
695 1141
819 32
866 645
815 671
426 24
1412 495
371 825
1089 1405
628 288
437 660
1275 335
833 1141
125 503
139 151
994 251
724 1315
257 1134
347 1119
375 1076
686 1000
1426 949
220 1279
1080 977
999 667
1146 1308
384 679
898 871
536 714
310 937
846 741
368 559
440 213
1093 436
1154 615
310 1020
261 172
975 537
1007 1288
278 709
430 1215
986 1145
176 635
1092 127
297 594
858 994
736 974
978 774
188 114
188 1148
1118 839
259 850
923 1278
951 689
282 101
866 1260
1101 235
1431 442
1218 554
414 817
57 287
497 575
928 35
796 231
1014 293
1 736
462 273
178 1350
220 422
62 1008
697 767
809 348
11 430
1218 1369
1317 364
1380 1076
525 477
237 1060
27 247
651 1300
101 580
1104 71
144 464
64 833
1418 910
891 556
126 800
885 1060
1129 960
581 993
762 520
1128 326
707 1384
1214 134
728 138
708 944
1004 822
1036 1193
255 1426
143 392
750 582
912 386
487 240
899 764
1434 1311
458 1172
532 115
246 977
604 369
504 418
1329 549
57 117
554 342
1313 213
363 945
732 275
1016 1349
612 643
249 726
1211 662
1045 156
303 52
33 462
115 31
1301 632
1012 526
317 247
362 78
308 416
1172 576
1438 13
126 1435
375 790
868 1320
86 321
645 89
773 270
1289 751
471 1067
516 976
356 160
482 89
780 102
880 1164
615 1323
1319 871
1433 1145
284 831
704 839
176 573
49 737
1052 1322
322 1399
987 1266
913 675
1065 602
567 540
809 1323
289 1425
659 990
1198 867
179 230
547 1098
390 275
1036 591
710 611
585 818
632 137
848 1366
895 1281
659 630
21 122
971 185
1234 243
155 438
531 888
1047 448
837 255
412 1246
450 537
916 116
806 469
1214 415
424 851
1359 1189
913 1177
1094 1081
276 511
762 328
466 1268
1385 227
208 1204
1302 980
808 884
1348 1283
1390 805
155 1432
824 58
1307 1358
42 205
1293 1164
910 609
1355 905
1117 1130
1066 1249
260 1169
460 469
1439 1059
380 1021
459 12
686 71
649 735
196 45
688 1100
72 484
1340 24
1052 669
1398 10
407 73
446 833
718 1208
456 344
941 841
956 890
690 799
1222 982
951 1302
1037 377
90 95
201 622
1234 768
139 674
682 414
1192 1163
398 116
618 402
428 968
447 1385
1411 1314
882 800
1195 1071
486 668
692 1331
29 652
647 536
1376 520
321 1239
1418 1223
954 1415
951 76
340 1083
931 886
88 513
1269 7
399 1085
138 1353
560 1362
196 907
580 740
1428 1353
970 1014
507 693
842 864
187 1118
106 1036
1309 1245
1311 76
151 602
1169 1117
1150 1236
949 389
124 224
712 78
986 218
803 1271
957 464
640 1378
632 997
101 768
531 1308
846 1172
983 285
1314 487
548 1394
796 704
222 196
500 1115
1381 1370
856 487
622 1069
473 1366
125 572
216 111
528 358
525 739
1033 560
1109 473
1245 655
73 175
408 958
719 670
1215 17
59 459
398 474
81 1309
1237 920
1253 154
1311 999
1187 990
916 74
1029 69
584 24
592 84
1407 108
495 383
169 1272
1390 68
430 909
1296 110
1115 690
486 993
1352 530
1054 341
97 175
39 1392
1030 343
1405 789
1072 485
239 784
158 116
1017 907
968 976
1431 1394
568 49
263 137
25 196
837 1386
1154 992
1213 1265
1411 690
1335 1241
1153 634
1212 1122
1279 807
849 468
793 641
1148 447
183 848
721 1121
1261 763
553 200
930 282
1190 1434
402 293
749 1036
1168 444
284 1230
1160 893
567 713
230 582
745 933
1371 773
315 281
958 846
671 1133
