120 3851 287
3138 4841 1
2248 3783 2
1033 683 2
5175 765 2
3987 380 2
1888 5075 2
1064 5105 2
3885 1333 2
4129 2616 3
2597 104 3
4841 4264 3
3076 3009 4
806 4395 4
5211 5027 5
173 5418 5
1301 16 6
5101 5668 7
4412 782 7
689 3821 8
2574 1339 9
4947 1754 9
1899 4487 10
4032 3679 11
1397 2306 12
1177 1710 13
3698 4186 14
2308 3067 15
424 1980 16
3186 606 17
1687 5695 18
3772 5729 19
5615 3333 21
2343 1935 22
4865 3014 23
818 3184 25
1753 1670 26
3911 2018 27
4165 4755 29
3309 1555 30
5714 4204 32
425 1047 33
2433 758 35
3715 5121 37
5629 2541 38
1416 3494 40
210 2760 42
98 392 44
3147 3810 46
2876 2154 48
144 3556 50
4910 2351 51
4883 276 54
2323 2503 56
5758 5221 58
1878 508 60
2550 4834 62
4304 5438 64
5679 431 66
4616 3725 69
5559 1423 71
1709 2958 73
19 4647 76
792 5667 78
1596 1109 81
3398 2464 83
3612 3158 86
1303 4179 89
2350 5657 91
4400 1717 94
3232 5561 97
2833 4282 99
5147 3702 102
644 1 105
4788 1214 108
3515 123 111
5445 1933 114
18 1421 117
5621 4727 120
1933 2229 123
4342 4313 126
2679 3579 129
232 4119 133
853 2227 136
2121 93 139
584 1527 143
5594 5701 146
3569 870 149
821 2708 153
4750 5029 156
4444 142 160
572 488 163
1058 1132 167
1824 3664 171
4095 3218 174
2757 5226 178
1242 4629 182
1266 5489 186
505 5015 190
5650 980 194
3248 3411 198
3042 1190 201
1021 3536 206
2974 2608 210
4590 2086 214
3113 221 218
5300 270 222
3419 2054 226
2920 1678 230
5331 2919 235
2134 1095 239
4822 3391 243
5614 3800 248
1727 4049 252
1244 3000 257
4791 659 261
5302 4362 266
474 2437 271
1689 2551 275
1498 5051 280
2576 3955 285
4521 4692
3697 2798
5217 1134
4936 4660
4030 739
4280 1355
2608 2819
229 3192
3595 4725
3570 3553
5313 2320
3203 4157
4599 5615
4464 2628
562 2949
1537 440
2299 1598
51 710
4999 2693
3295 4551
52 1785
1439 1935
2391 5295
3925 5391
2378 364
2070 4821
835 4771
2788 450
2495 4316
1101 3836
213 108
581 3370
763 5284
3746 1767
1871 3270
4759 1510
2653 5595
4163 4003
93 2097
1093 388
3146 1937
5447 5364
2086 2713
4370 3037
3487 3849
787 983
824 1713
3174 2269
1051 1445
1403 2720
1319 634
4864 5490
4118 1765
1777 23
865 4066
2057 1372
5131 3366
1653 5362
2262 4525
2128 4275
5626 3009
486 5650
338 3840
1354 1384
5135 490
335 1641
1472 3781
4494 4060
1962 5580
5645 2225
5268 4051
1000 1924
63 5103
1971 887
3515 5408
1566 4454
2140 3390
3757 1092
1595 3296
3457 5148
499 4070
1677 1370
534 806
3151 907
2994 5328
188 1133
3893 4925
2126 5214
5566 747
175 5683
5001 1435
2714 3077
2853 959
4569 3445
3678 2336
564 4378
963 2494
3361 1217
372 301
1165 3273
2664 2542
3995 2318
4755 970
2476 1008
74 2404
5137 4786
3922 2871
5203 1711
1560 141
3175 5075
375 1303
1314 283
912 220
196 4383
3085 1463
2293 1302
1706 695
2315 3547
4194 5080
3906 2549
623 3600
4537 5240
4210 2100
3538 5731
53 3836
310 4636
1213 4874
3826 3830
4733 1879
5375 3312
4082 963
2989 3582
4888 3916
2573 2005
3149 1719
1009 3071
1861 240
3975 4292
4785 2688
1308 857
779 1276
3360 939
5726 4517
3518 4361
3084 4494
1442 4836
3742 467
1929 1138
2739 4084
1173 2527
4552 1069
4947 4908
5554 122
5297 5531
2808 190
1071 5675
2846 2434
3606 1497
5115 4503
4681 468
5320 599
4579 3045
5547 4321
2477 2200
4129 5649
546 5397
4468 2244
4562 4422
3403 622
2916 1894
2137 758
1435 1735
5727 4981
2778 4716
5247 1467
189 894
1528 4112
2392 4687
5091 2117
3193 5327
345 5305
4457 385
4206 2439
2014 2405
2093 1973
4178 2952
187 2984
3491 4113
1907 4235
1265 3696
4364 1952
2810 3366
5105 2930
2271 5472
2811 2892
840 3455
1358 3294
5350 3557
1049 2236
5476 4598
2066 3162
1289 4396
5451 392
604 2153
4773 4778
961 4533
2289 4076
2168 5646
1650 4734
1502 5661
5634 3521
4418 4938
3302 2632
260 2552
2165 279
3810 3488
3 980
5718 5480
4108 1417
2032 3888
4686 164
1898 4759
1852 5416
5466 3100
376 2686
1707 4239
1118 937
2790 4924
1514 5251
1909 1800
3157 3225
3702 741
4213 1091
3580 1146
3746 239
5038 1035
479 4570
5419 3942
3759 4486
5265 5223
4992 745
869 792
4018 5208
5477 996
5265 1923
2623 711
5739 195
222 5175
3496 449
2290 2306
767 2433
3457 2827
1974 1564
915 403
910 5025
5030 3563
2859 1307
4357 3464
4201 416
2690 1135
5743 2016
3497 2658
2874 5573
4644 2529
1008 1614
1634 2372
1249 3970
1514 3124
1917 2755
1531 804
5467 2234
3581 4970
1272 5260
2163 2203
3092 2105
2498 4996
4211 4570
2526 1603
744 2859
4628 1298
3341 4257
3289 3970
3334 3727
624 958
1216 2257
3046 4985
1298 2101
4116 1949
3882 3284
1402 4579
2038 3715
2167 3627
3950 2711
437 3279
5303 3744
4493 3610
38 5327
3477 3238
1301 1043
4957 5737
4210 3336
2480 3236
3194 3601
3135 4652
1025 2687
1703 4978
550 2590
3911 61
5178 3198
3260 1084
3312 1744
2714 1450
1708 887
2853 1119
5257 2602
4684 3964
3951 1784
2572 5151
3446 5549
2224 2063
483 3500
1320 1215
3759 4318
4618 718
672 4041
64 3370
2507 4560
1586 2843
2056 4663
156 3731
2556 241
1950 111
520 234
2984 5113
590 5161
4358 4750
529 3156
1460 2468
2428 64
967 2913
3986 3388
5391 1652
5680 572
1451 4229
5575 2880
2499 615
2192 3916
1152 1337
4504 554
3818 846
2974 22
799 4555
4147 4214
4420 1514
3359 2934
4463 5618
2413 1524
1643 4572
5089 3972
4858 446
2915 510
3936 642
4599 4216
4880 2197
1602 2070
3936 952
2943 4477
1813 4378
1657 3424
5641 1561
2830 789
5751 5
1702 2692
5603 1996
3371 56
3865 1466
5481 5065
4136 3524
3722 3083
4722 2855
3457 1364
510 1193
5426 712
5064 5328
2682 4268
1165 2069
676 2278
2960 4614
272 4776
3274 4997
2888 5712
3094 456
1945 3040
191 3906
4636 2750
2503 3637
5460 3685
1277 1557
5106 204
696 1160
5593 1729
3708 3887
3050 5558
5265 4512
3926 5113
4363 3908
4970 3199
4487 4296
1416 937
110 4803
958 3252
647 4554
3858 3059
4015 4099
4370 4614
4889 5085
1757 5301
21 4350
1755 4845
4395 3261
2590 3297
3695 17
1649 1913
662 649
48 71
5407 1189
2338 4929
3874 2231
4589 4897
2665 1903
5488 2789
4991 398
4235 894
4569 4556
5374 1512
352 3416
1801 1012
3244 1356
2057 1712
1477 1443
3410 4469
1656 1544
4297 507
269 1769
2141 4391
3577 1924
444 4360
5231 394
5619 1177
4827 3231
2750 3245
2217 2982
919 4333
4010 4876
1849 3800
3350 240
379 807
4682 3274
2138 4045
1254 3580
5424 2689
1853 359
467 579
4863 2889
3009 925
1515 5408
709 520
2772 321
4318 4502
2748 4364
4285 165
1788 3182
397 2995
3633 1280
5045 1849
5307 4946
5125 1311
4202 609
4083 4971
4619 2249
4727 5754
2265 5213
880 1883
4123 4373
4701 1993
3467 3441
3705 4041
2907 3124
1015 256
4463 959
5037 3674
2007 489
3786 3705
3964 4778
1402 529
4242 1750
1310 2588
5220 5733
2011 622
5013 62
3273 4372
4835 5328
4114 92
1103 3972
3052 3724
3105 5468
2972 681
4116 3825
4406 2532
1748 5089
4885 3658
4556 1677
700 4854
4588 1406
1961 5215
1733 4477
832 525
949 3972
4335 657
4428 3774
4185 4106
1852 5670
1549 673
3849 1588
5643 2393
2401 2026
3676 2464
514 2705
2222 4751
2754 555
3426 2313
4981 2157
3236 1882
3911 5499
4923 2052
5266 1281
4787 4444
1759 1842
2381 1750
1109 5479
2566 1862
2156 467
1542 4010
3898 4003
4142 227
3491 961
202 4907
993 2327
300 230
2763 3956
5445 4773
961 531
215 711
3647 394
1197 3788
1256 3379
5567 3685
4237 3534
3378 5667
327 2219
5386 4207
3429 5358
5410 556
3417 4586
3505 1458
2293 3408
2106 2313
5426 4968
2727 37
2881 3795
89 2505
5489 5618
539 2306
1154 1616
798 3355
5028 4185
3850 4382
4191 1495
2430 2501
3816 582
1800 3512
3762 5212
1420 5708
5190 5123
1458 4355
3457 350
904 3086
1052 3329
2608 3138
1705 3800
350 982
4052 5059
1262 1429
1491 3891
411 1452
2859 2718
1918 4391
2058 4445
3418 3049
4514 1556
3127 4296
24 3525
2191 878
4413 597
1578 2167
3967 4672
599 4151
5189 4638
1079 2613
310 1389
4833 3816
4854 1934
1923 2509
3332 5180
1345 1851
5369 5435
4732 1645
2729 5492
2108 2463
105 4459
654 4368
5506 4204
1018 1233
4189 789
3604 5330
2802 1698
3058 1351
4016 292
56 5443
1325 3834
1807 1202
325 4216
5710 4655
154 4172
365 3720
4038 5622
3063 2477
5108 2375
2154 3087
1493 2371
3997 3597
4556 2904
1620 3187
4071 1576
739 297
4768 2326
1368 1294
2089 1505
2968 1577
4634 1578
2597 4723
3607 751
290 2355
1626 4040
1014 2106
2397 856
2132 4490
909 5192
1259 2695
1365 103
1772 4567
207 1261
4033 4572
2868 2278
131 1893
5132 1948
1972 303
5210 2105
1236 82
2548 3397
375 4499
2700 959
2873 4855
3692 1688
4564 2441
4340 903
3359 505
4100 3338
2568 2481
4228 1633
4033 2481
5445 3822
1706 2022
2663 845
1425 3094
3784 2076
3002 1802
1576 5703
2171 4195
1865 2873
4351 1612
1991 4326
618 1421
4307 2668
2040 2548
3690 5038
869 4171
2954 2474
5099 4927
1098 1757
2328 2845
5389 32
1529 4851
270 1989
5487 287
4843 1780
2204 1809
1940 1271
5489 845
1550 4221
2569 501
3219 4664
4404 3604
15 1930
1785 1990
5265 3318
3308 2443
660 1780
5340 3234
4943 872
2795 3516
3739 2885
4613 16
2016 3976
1119 154
5699 2708
4899 3143
2814 5124
1102 4860
5169 1872
3374 730
3337 4934
3513 1091
1623 4157
5027 951
388 2876
778 3842
5371 4474
4144 2880
5583 632
359 4108
949 3719
3072 364
469 3835
3795 3250
2848 3962
1668 5612
1442 4733
5751 2213
4627 1908
1375 3199
258 1077
2422 3348
2144 5087
5722 2794
556 4632
4124 1681
2766 2511
252 1327
334 3979
3971 1657
3811 2475
2956 3858
177 5554
119 4558
933 1496
834 2567
3717 2536
1751 2348
4413 5226
1228 483
1074 4520
2847 5336
3071 77
5084 113
4159 5390
386 2422
1088 3433
4161 17
751 404
4173 3094
4667 2110
3842 2366
3168 1202
3897 3508
4750 4537
5277 2481
658 5609
2596 27
2625 1644
2282 2169
2050 5013
2249 4440
1205 715
2502 4419
3017 5676
4324 2469
3695 1844
2009 3374
3098 2682
3007 4060
1626 953
738 5458
3008 2244
4643 1811
5143 4075
1461 853
5616 3974
3078 5364
3700 989
3201 3332
247 5024
3214 2829
2843 869
4985 2784
4300 2991
3233 689
1579 255
773 611
4023 2679
3339 2837
286 3475
4918 3991
1323 4852
462 1269
976 4699
259 5282
114 3882
1418 697
815 13
5154 3067
889 5607
500 883
1104 2851
4078 5398
2664 2296
2263 2420
4434 3968
3968 5030
2814 4442
3882 2956
1630 72
3396 3161
783 3641
2081 3293
3920 474
997 65
1307 366
5445 5447
3556 3398
173 2480
368 2506
202 3304
4696 4345
4698 1069
245 4037
2371 4499
4038 1130
5594 5330
1452 2920
18 2570
4572 980
5701 5287
491 4811
848 1619
538 1739
1976 4926
2857 672
5346 1152
5365 5106
4142 2526
8 597
1514 3038
3687 3206
0 3688
2677 3818
3536 2047
3775 2382
497 5476
1479 1350
1128 1899
703 5542
3668 5397
367 5552
5085 3891
1612 1323
3756 1363
3444 1579
2710 2979
2418 3132
4677 1526
904 1325
5142 2440
4730 1749
4612 3385
3532 2893
2545 926
4770 4290
5069 2471
1465 2143
4366 4125
3093 990
2030 850
517 1819
1730 341
1637 2712
301 3287
666 2624
3568 2699
3053 3393
5127 1226
813 2314
34 1089
5578 2677
2324 4682
5650 4142
4086 2162
1123 4986
4794 4044
1203 2339
5307 3632
1713 3567
2677 4568
1764 2073
2553 162
2524 5612
784 4198
5356 1842
1658 1689
2457 423
3814 211
2299 1193
3942 4100
3384 5016
27 2667
439 5549
2524 1132
3472 1992
3128 4429
2289 762
2543 5083
2341 108
5712 1482
1859 3193
185 1199
825 5030
1717 4370
4444 4764
613 2436
3395 1664
47 2306
3074 4815
3171 4758
5124 880
4132 654
36 4844
423 2043
4258 733
3836 4571
3435 804
2270 272
1388 1131
881 2292
420 756
613 1339
1284 2380
3125 1593
3891 3442
4497 5108
1239 5662
2081 488
4567 1269
3320 4185
1847 4577
2849 2084
4363 5558
5152 5419
833 2886
4904 3404
3092 5233
471 2600
4912 2800
3015 3250
3279 826
4464 826
5501 2039
3804 4180
711 3940
1790 3373
861 5510
4255 4940
4832 2730
5205 92
4970 5297
184 3456
1610 5484
1132 5076
480 5238
1480 3972
1851 1910
4964 5587
2903 4697
1930 4970
5543 885
3264 3483
140 294
3772 2624
278 5428
5035 2554
5715 3380
3310 3904
420 2137
984 5275
2163 3012
1924 596
2887 3441
1879 931
4883 1126
886 3752
5390 661
1738 241
5389 4596
1170 4320
3595 5397
131 111
5517 1561
2480 5424
5379 1346
314 1919
2396 2231
1594 3487
3312 3194
1350 4371
4773 1960
2944 809
4788 3960
4216 3202
4355 2877
3255 899
566 3495
2900 1050
1945 3754
3130 622
2252 3625
721 30
1946 186
3973 5425
958 1228
100 3638
2031 4601
5015 1533
3133 5739
4887 5015
3677 307
2687 5111
2531 4207
3925 1520
5496 3359
4292 4406
121 3202
307 110
4047 1463
3538 2343
3971 239
2567 814
1790 2824
819 655
1715 2501
3571 2146
4880 1861
309 3929
3879 5338
3490 4275
141 1059
4496 889
1378 5212
614 723
3839 5241
5228 4127
2471 3478
2167 3264
696 3650
5490 4407
5407 4836
2543 5684
1991 5017
4265 4554
3048 4754
2196 4006
2800 3704
4213 3396
251 1934
3855 3957
4585 4156
5401 2738
3667 5645
36 4494
3778 1442
5039 3179
4406 2079
3304 2991
858 192
1338 1741
3214 1452
558 5003
4960 2322
3355 3427
1941 2451
1001 826
1767 1314
5227 2857
4700 1206
708 840
1966 3912
1637 1778
5637 478
3980 3224
1018 4989
2258 4865
760 4267
5739 3162
3227 2495
2806 103
2598 3805
3839 3349
5329 1548
472 155
5670 4067
1668 5428
2238 1860
636 479
3012 4704
5460 194
1135 3321
803 2628
4357 1673
2016 1299
4238 667
3959 2399
51 3160
4782 240
3892 3803
4644 91
1766 3880
4461 5563
2337 2980
3054 1578
2506 791
5625 4993
2400 2983
1005 5607
1595 3889
2310 186
2051 5156
998 3897
3856 481
890 3206
4832 5448
3100 538
643 2798
1378 998
324 4457
4992 2010
4485 4879
5390 2440
4639 4260
2910 599
2151 1267
2047 4394
5095 5503
5407 885
108 3948
514 3881
133 3452
4398 943
254 874
3778 726
4384 5507
4673 4882
5356 2874
3201 146
1427 254
2068 47
3155 3648
3164 2935
1398 4209
2373 5600
2800 3296
5647 1500
1610 4522
392 376
3036 4012
1798 4711
1488 5547
927 2725
1819 2371
4032 4236
965 397
4894 5367
4458 5351
1192 4043
1747 4637
3944 1250
1030 3823
2519 2973
5707 248
1488 2965
2044 1600
442 4211
1363 3785
4261 3233
1843 1562
1862 1407
333 5632
4079 3694
3290 1884
2788 1353
4132 1814
5036 4556
125 676
4145 5246
4266 2182
2608 2875
6 3883
359 426
5636 641
2152 2053
1993 5310
2700 3320
2926 88
1212 4951
4849 5122
500 3752
2028 3006
5012 3234
2657 762
4127 5148
5722 491
1320 5183
5681 3045
1406 5116
61 512
4024 4519
4515 343
5550 5486
3524 2557
1206 1179
2789 4812
2452 3599
5227 5083
4724 4629
5363 3642
1015 5121
5568 1081
4295 2580
5489 5304
1526 1668
533 5135
2976 1687
2947 5024
583 5491
1198 120
1276 2326
3074 4649
2689 1716
2811 4186
5556 1783
5730 2469
334 5420
1296 2004
3390 5462
5271 2380
5526 3406
2859 1893
59 804
4466 337
1493 758
3230 3260
363 1751
4279 2938
2202 811
3831 3158
1550 4297
4051 1698
617 5533
3286 2760
1732 932
1935 3501
700 4764
4622 1718
817 97
1387 1611
5514 754
1342 5058
2377 5031
3460 242
3653 4757
1706 3993
2784 3036
4306 2517
3872 600
1901 3391
144 5301
3677 4342
1785 3793
5595 3568
2706 173
5723 2851
395 3991
922 1645
2998 3791
881 5098
4810 4104
2662 626
2353 5490
1146 1254
4581 3912
3191 4552
2670 3635
2727 731
2475 5266
4887 1727
883 3333
2353 212
3727 5595
2318 2778
3369 4078
2194 549
1571 201
5178 3973
4343 1464
2771 4279
4017 5030
1412 4106
2752 2187
87 333
5233 4799
4749 4192
2430 2765
4721 1357
1111 5359
2277 3741
983 4119
1961 4779
4857 1572
760 1058
5648 753
3038 4365
3017 418
902 5266
3947 5652
684 3332
664 821
3786 2137
2393 3643
4051 2345
983 1122
5050 5133
3137 3936
1172 830
1261 357
3310 3817
4748 5359
2486 1708
3225 4109
1518 3176
1564 5586
1263 5010
1346 2536
4112 2073
350 1057
4808 2462
4402 441
449 1206
4212 54
774 895
4769 5428
4785 1778
1274 5305
571 4770
4969 148
5394 1925
3523 5513
1936 4670
3315 438
750 1328
1976 4711
3460 3573
5614 2499
3689 4095
350 3770
5384 2646
1144 1383
4483 1938
5597 5538
609 3089
2590 1909
431 3208
3668 4591
1502 548
2089 2364
1053 599
4242 3015
3529 725
4636 2647
1615 5652
4881 484
3412 2161
2429 2181
2266 3324
4367 153
5066 2038
3494 5676
2466 496
72 1706
638 3155
1282 4500
2195 1997
1771 4295
4173 5731
3181 1991
4023 5296
3642 1535
1204 3481
5080 5007
1228 2085
2412 595
3021 849
3650 4224
1514 2300
784 1805
2548 3830
4268 376
5276 2794
3428 3840
2362 4051
2390 789
3620 3882
5085 1086
2789 908
5448 5027
1040 517
4303 1432
2863 5522
1570 1267
4548 4883
2334 1084
4076 4586
5214 4292
2145 5511
721 2419
750 5676
1270 56
5505 3699
881 1832
4597 4800
4196 4520
1260 666
5606 1137
2058 2977
4266 1574
5633 5212
351 478
1004 330
989 3502
2920 5318
1590 3767
3030 5073
5541 2022
728 4942
4678 329
775 4713
3039 788
4343 4051
1606 5130
3647 3296
3 1497
3338 3686
4112 4431
2737 2087
1060 3881
3992 3126
1600 1976
4964 2497
2817 2529
4389 2735
2327 3888
2360 3930
3959 2585
1449 3730
4031 1935
1882 165
542 66
3090 2037
2933 2059
3282 3523
1007 5747
2720 4887
1529 24
5319 437
2507 1766
2373 3707
2188 4120
575 3310
153 2644
2302 74
3731 5481
722 4502
3152 49
5494 2603
4703 5303
2942 3361
1974 1395
2691 1271
767 5071
3126 5393
4347 2728
1244 2745
1517 1713
1899 5314
1692 4140
1735 439
1921 3251
118 2900
4809 3691
1673 1270
4299 2734
294 4315
312 3871
5012 1227
327 2559
280 1416
3850 416
1405 2529
2888 136
5247 61
4957 1704
4683 4485
285 526
3677 2599
5404 5497
1153 3845
1833 4515
331 3182
3482 2519
3388 2974
3895 4846
5025 358
3972 3348
119 977
5124 170
4451 4707
4706 4562
2882 5027
3510 3001
662 5256
2031 925
3413 690
1900 5575
4387 5183
3766 2442
3605 3381
3387 4379
4726 1529
1662 1329
3 1894
5481 719
5272 2297
2301 5747
5249 1072
933 4154
1108 286
4823 1093
2543 3543
2722 2719
5503 5732
623 4695
1318 3556
2968 3389
3163 1521
4445 1805
4035 1750
4248 3794
2423 3913
2893 4133
2473 3780
3633 3014
1833 3980
4360 2671
3067 127
4748 1471
490 4397
1117 472
3162 3524
3700 70
4148 896
2549 4167
1400 3828
3343 4991
3456 4760
1566 4669
340 753
2870 5291
3321 606
4384 5269
2203 2820
925 455
191 4436
2768 3901
695 3882
1035 884
2307 257
811 443
1784 2994
4666 4574
3493 275
1816 4754
1967 1528
5525 88
5296 2001
4073 3558
580 3811
1941 4220
991 4081
156 3783
1790 2631
3326 890
2571 3732
841 1196
1027 1988
4175 3737
2709 2939
3886 3092
3564 142
5256 97
3307 389
243 3369
1673 3164
775 3049
927 5152
4593 2955
3017 3749
2842 1411
1801 1661
1969 2943
3790 1180
4553 1439
1441 3338
4899 124
836 1520
528 5435
130 166
1656 2023
5219 2900
916 4755
2827 1491
5297 874
1068 5251
433 5009
1524 637
3230 1031
207 5207
1431 5187
2806 5258
4076 471
412 2742
1767 2402
5757 941
1345 154
4492 2067
3898 1951
3841 1267
5695 2470
4070 4048
2649 122
1932 4167
989 3223
1455 303
5310 4656
5497 3026
521 4560
3658 3534
4261 5088
4907 918
3120 3059
2753 170
5327 850
2577 1168
2632 5124
2513 3203
5581 4662
2025 2505
289 1255
4595 5486
327 1478
3401 5103
4707 5013
2247 3556
607 3858
1216 5412
637 3436
1651 3929
560 1667
4748 5095
3895 1838
3108 4173
2615 3205
3713 632
861 1104
3138 433
641 4411
2494 5597
5451 470
1113 5681
389 3357
869 4329
2036 4172
3867 3125
1496 3589
4993 3345
3376 1999
500 1707
1672 5101
2000 21
2672 877
3697 4692
3046 2299
1743 3506
79 997
1018 4759
2629 3395
4355 2991
1503 2623
210 2063
971 3111
131 5586
1537 3746
4710 5702
2503 4678
4646 5255
3385 1129
3538 3902
2795 4052
5566 485
5483 2675
2228 1529
5407 1152
2735 1705
4846 893
4856 2632
3705 3339
2547 1933
5244 5162
3913 773
4004 241
4474 2540
3778 5591
563 2647
5105 4344
4080 5604
3139 981
5744 2594
1491 3689
3536 296
1143 2970
4336 1505
4263 3869
3815 4597
136 2579
149 4847
3596 604
3274 3226
113 3748
870 731
5709 5058
4231 7
5092 2853
1797 3040
3504 847
2297 1559
2086 5214
4627 5567
4711 3912
4469 3715
3686 910
481 1873
5022 5629
5613 4572
4766 3643
463 328
2119 5676
1883 1303
2347 4473
1288 2042
3367 5371
53 5600
5683 2315
4536 4229
167 268
3200 4497
3202 1135
625 3251
1176 1540
2481 5148
3244 5112
132 5671
1707 1409
3538 2391
3077 1715
1723 1944
2242 1224
5746 792
4930 5297
173 3603
3293 1170
3526 5136
4776 2972
1046 5541
2017 1252
4414 3938
4106 5380
4284 2624
4539 916
4273 905
1049 3687
5714 3965
1240 2145
307 4971
4686 4166
3077 224
186 1665
2955 1049
3156 318
2039 12
3760 4674
2251 4359
2292 27
832 2276
63 564
631 4862
3828 3446
5612 4024
4520 85
5040 874
5034 829
5241 4632
5193 1058
2151 5369
477 1994
53 149
4903 2241
5146 1122
3833 60
4833 3559
2909 3172
5350 1949
3050 4716
3215 588
5751 3351
5078 1705
3755 2276
2274 3504
5263 3276
2904 4339
5145 3490
970 2245
5647 5743
5359 4674
5432 1986
2604 4939
4170 2017
414 5427
499 5707
3252 3158
1436 5427
1543 542
5304 4848
2187 25
4498 1973
4844 2923
2131 4979
832 2432
873 2167
4982 4425
3613 1407
2910 1249
4480 4485
4727 5588
2271 1887
2107 638
905 5411
5334 3848
2843 2661
5367 3841
2353 5109
5326 2872
4677 1252
536 1401
3792 1056
1534 869
3770 1
1130 777
5649 146
5441 4722
4977 286
1039 1689
5631 185
5562 5718
3316 1842
2555 4883
5452 4254
1390 4400
1105 1956
4989 5408
925 2065
2860 2377
3383 4620
389 649
1763 2972
4115 400
4272 4259
1934 5310
3156 5034
215 1470
4474 4369
4994 4136
5463 3486
3607 5726
565 3110
1325 2248
4419 1478
4742 1593
2420 5502
2831 613
3302 1443
3398 2211
3075 755
1354 2901
1329 113
2927 2989
5454 4949
5522 1061
4232 5433
1443 1824
911 2164
3198 1270
5369 388
4645 4697
1261 2506
1586 5222
2839 1731
4137 3640
2218 131
2050 2159
4134 1104
2355 3136
2306 478
3853 1748
2405 3450
4005 4784
2804 4654
5524 5590
2767 631
3253 3046
1966 2629
3394 121
4398 5412
4936 5589
2003 4531
5116 1566
5067 4056
2004 1191
511 449
2101 1014
173 970
4750 163
5105 5281
3292 2012
2106 5165
5458 3161
4920 4634
4390 720
3004 1679
3954 4265
5390 4401
4481 3922
5475 3824
5541 5297
120 1180
2425 409
1789 3463
2586 5031
3366 1507
1645 2401
4302 5732
3347 71
5429 265
2382 90
649 1377
1760 3662
4258 2439
5090 1149
1431 395
4501 5568
4406 555
2446 4266
2111 1177
2220 1741
5714 2538
91 2893
4728 2088
1390 1937
2839 4150
4046 4351
4220 2564
849 5558
1978 524
115 5179
2745 1276
845 3016
4958 3831
1652 1388
1475 1265
5499 1841
4853 4454
2844 417
178 1581
3184 4732
1459 3424
781 16
2842 5369
4617 4769
1587 370
3144 157
2975 5373
4321 4409
1208 1455
3091 2488
3672 1085
4835 1675
617 3828
240 3813
3524 2128
2660 2747
5462 2276
2885 1800
3949 2357
188 5038
757 94
2482 54
13 3445
2152 3816
31 2075
2769 3266
269 3191
1750 4274
705 581
1943 5539
1526 5093
93 1788
4125 5544
959 3931
5065 597
4621 3771
1325 1440
1356 1216
4310 4237
2645 499
548 2119
4806 4974
3449 4210
2605 2782
92 4930
2728 5449
2785 75
4419 732
4102 4519
5064 3683
3909 1373
2112 1667
1720 3376
5472 1838
3310 2527
5090 2237
1626 1573
432 2708
128 867
2966 2017
559 1112
3760 2796
2648 5722
2210 4067
1978 3507
3931 3133
2698 5347
5223 2322
673 1365
1074 572
2147 1923
522 5606
4845 3626
3906 4406
2553 1787
3328 1181
5382 4044
3990 3898
1862 3235
382 3505
2303 1073
5129 1801
1206 5586
2075 4415
1335 5680
728 4166
2718 1173
2305 972
1435 4143
922 4829
638 1077
570 4885
2811 3963
1805 5473
2223 3430
1373 512
469 5054
5387 3894
1334 3222
2370 874
2736 1653
2923 3052
2020 3269
5546 3665
3700 707
1455 3272
4202 2371
3801 367
56 2924
1997 1689
2066 5074
1505 2494
4079 2203
4693 3599
3194 842
1490 626
5305 5372
1642 3724
5305 2823
2408 4775
675 4002
1480 874
471 4276
4728 90
5392 2062
4015 2035
3781 4429
4337 4944
674 2036
1897 1636
662 5335
2800 5025
2370 1443
1496 3312
3444 4688
1967 2263
1397 243
1532 4445
4310 161
2712 1617
4870 133
4193 4390
3457 4556
3854 1828
1912 1086
2834 4226
5124 263
4046 4112
432 1569
1846 4115
1605 3463
797 4076
3593 3440
5175 4725
3875 5024
3291 1652
2197 1730
2226 3308
1176 4837
5368 2322
297 1957
1903 1169
5122 1287
228 5305
5697 2624
4060 4373
3862 1618
1969 2354
3070 1114
1983 3295
1438 2700
4194 2881
2891 820
2495 1105
2945 2539
4276 3415
2950 692
4625 5742
2015 4410
3327 2865
5344 3150
3824 5260
5487 775
5396 2616
2222 3699
2844 5636
4911 3746
4858 254
3037 2005
1525 484
1351 947
4059 5194
2248 4993
4573 3840
4599 5050
2502 3946
3653 5235
3592 4286
4657 4927
5322 155
4643 2820
3787 4324
2809 4118
4113 3400
3643 5289
3840 4630
368 4420
2135 1047
4861 1199
1105 2407
3608 2807
3066 575
2878 872
2005 4385
721 5718
41 3690
4891 4817
1124 5421
4363 3631
4480 4550
1476 4090
2525 3935
1165 2711
5270 5039
2025 2929
4022 5662
3330 646
1142 3198
4572 2264
442 3818
1871 3366
2489 4933
5573 297
4913 4767
2909 2393
5198 5274
1380 2605
3940 1178
749 690
3542 2527
5069 2084
115 5466
4829 2202
4076 2872
3812 5578
1970 1077
5666 3442
3907 2466
981 939
2483 688
5446 3275
4101 3439
1075 2383
924 1014
342 4678
1360 4066
2627 2158
4319 1806
4947 1180
2232 4837
1367 1772
4830 5097
3585 1413
5134 3111
127 1267
2406 5107
3579 962
165 1349
1659 972
734 743
3782 3275
1153 3492
3798 1721
3644 4616
4765 1545
5078 3155
4089 2513
3988 909
577 283
619 2551
482 5006
778 4546
4634 1193
3913 3196
5500 1612
2003 823
4218 1688
5392 2272
54 3986
5408 2489
1201 768
3023 1275
5144 2985
628 4605
5592 4836
2220 344
3350 721
4751 849
5186 3000
4705 3127
1899 2719
4665 3089
718 1937
835 1116
4710 827
2857 3401
1737 1992
5224 1817
2473 2146
2871 1152
4014 2123
3768 1836
5085 4544
2112 2812
2611 4140
5661 199
1306 3512
2071 5681
5271 4631
5725 2149
3232 5041
3078 1086
2923 5485
2627 3563
5235 1838
2748 2258
1460 5738
1010 5175
4368 1727
4499 5737
680 2468
2001 88
3765 2090
2864 3153
2100 308
1118 2158
1695 1484
5457 1558
2858 2506
849 2672
128 3716
2476 5053
2095 793
389 466
2876 1041
533 3069
5212 3733
4519 3433
396 4363
4895 448
3441 5632
2284 2630
3893 2419
770 1684
1308 59
3570 1681
3746 3870
4953 5060
5228 4063
1496 1384
4899 2439
2022 578
4873 3403
4229 4040
1053 4057
2078 192
4123 4946
5509 1737
3609 4272
5532 1921
249 4770
4300 4606
4302 4972
2531 5421
1416 2051
501 3989
1843 4247
4889 2342
5401 915
5705 3468
1491 3170
4489 1232
2187 2158
475 3946
3025 3780
4095 4779
3625 5274
2762 4830
1500 1989
498 3908
5527 4572
4958 3603
3113 4967
1843 903
1838 671
5456 2833
2640 1354
1881 2171
1941 4029
2041 432
2243 5732
2567 2265
5414 4892
4539 5372
5116 4824
2441 896
758 4927
2008 3866
1791 2468
5731 292
2934 4517
3362 2240
4992 4913
4566 1894
4918 333
4573 1689
1050 2185
5660 5609
4085 2293
5024 3809
5709 3140
3861 5398
2021 5050
554 3517
5671 32
946 969
816 5431
824 5198
1737 1453
1727 5190
5204 4760
316 398
278 1943
4669 5187
4134 2142
5631 1542
714 2400
3095 1399
5560 254
2084 4505
78 5539
4539 2762
4929 1891
2151 71
1152 1015
1241 3459
2194 1004
3153 1493
3538 2443
1281 4568
3228 3179
4967 2932
4986 2656
2963 4144
2884 3266
343 602
1849 5349
991 3585
1459 5044
4999 3084
3884 5396
1353 5271
4887 4078
196 1303
1817 657
4155 3573
1131 4050
157 5053
1865 2506
3893 802
3452 3491
3866 2667
4685 194
1762 1496
3083 3593
3280 4256
162 1934
4935 3696
1424 601
2172 122
1906 3160
4550 3341
4163 2739
4089 4852
3779 2850
2260 4743
689 2850
394 787
1615 1477
373 4074
3204 1309
5746 3591
4295 2113
3287 3582
5728 4945
5162 4347
470 4068
4061 3785
1903 186
4767 1185
5269 672
966 1466
4970 846
3422 2554
3895 2447
2658 4350
745 3468
518 1288
2436 3826
2250 4081
5677 5334
1445 5581
1613 2437
3577 2987
3138 4370
4279 1402
4978 1690
1144 4743
346 1707
1579 3528
896 5233
4514 231
206 2191
766 5707
3414 931
4356 280
132 381
5096 1058
2894 3287
1804 3261
1324 5237
440 44
2754 2230
585 3939
1663 2131
5104 341
5458 1026
4604 4828
4408 3440
2341 4772
3059 1324
217 508
3593 1707
929 4740
482 1097
2601 2307
5154 4031
1709 1803
4831 326
2241 1583
2504 2901
5241 3111
3064 5630
3458 5110
2011 169
5096 941
4775 359
4272 2013
5044 404
1585 4450
3670 1645
807 2195
4585 1302
5697 4374
2923 3439
5244 3344
4025 3831
3669 3988
3548 2769
70 2727
744 4734
3182 3931
3373 2595
3621 5484
2698 5619
604 1708
4927 1649
1579 1979
697 2547
467 3350
3006 2176
1454 4553
3767 5560
700 64
3931 1768
0 4360
2609 395
5102 2586
1494 2721
1291 5286
1403 3748
3462 1047
4598 139
5212 3153
5584 567
3917 1735
1687 4546
4115 702
4833 1109
4183 99
4273 3852
3543 3259
3304 1039
3126 2693
2942 4956
5248 2621
2043 3795
784 4920
1130 2178
1084 4359
5272 2401
4570 3211
2353 2750
3018 4008
3922 3531
4276 875
3062 1216
4731 3839
5239 3566
4764 1586
5738 2702
234 1173
1241 5469
2133 786
5758 1155
718 367
529 1652
5166 2641
1550 1952
1239 1010
3633 7
4103 3466
3800 4462
742 2660
5684 4734
2008 2439
463 2114
3026 4329
2784 201
3560 780
3797 3115
3554 5723
102 4330
532 2617
575 3902
562 5377
1273 1200
3030 3022
1812 3201
3557 3795
4898 1147
1305 3759
521 4660
4483 3054
2061 4176
4795 3991
3799 2320
3548 1604
3755 5089
2645 1495
4192 4145
2427 2656
5244 2166
1708 2004
4128 4720
4328 764
5359 2008
2779 2283
4021 3504
1938 3093
2243 1195
3779 4743
4451 1954
2029 4361
1320 2714
5665 2153
4467 1997
788 5436
1196 1052
13 1711
3317 2101
4141 4547
3522 4624
4271 256
3573 1029
1055 1329
3418 2874
5684 470
2933 317
2556 3471
5550 5225
4052 2709
2944 4147
4420 2433
76 5703
3695 4076
2906 3411
1122 39
331 5181
2752 3264
1798 422
1380 1743
4847 4316
4646 3769
800 4471
634 5482
3775 4572
2217 1408
4837 3452
5607 109
270 3215
1056 383
1983 1710
103 126
1068 4677
3315 4010
5270 4578
4142 1484
961 3036
5513 4083
440 1528
3000 1549
5495 1411
2699 4300
1365 3690
480 1699
3992 5264
4798 2898
606 313
5514 5468
4944 1462
5437 5543
1704 4644
5567 5449
1285 3191
2336 2362
108 5214
3792 99
4242 3368
4389 2118
2017 4224
5578 3794
1785 4839
2213 1247
2045 5649
2392 3091
5255 1176
1996 1333
268 3416
3523 2315
3118 3219
1387 3421
3925 422
2152 4780
803 112
2902 76
5572 4945
2738 1194
3025 27
1464 5613
2626 2120
873 879
2751 3471
4595 4576
4438 4665
2000 554
119 4517
3001 2709
1077 3359
3829 4832
4487 3984
1805 3910
1641 4547
4710 1775
3581 2313
3526 4912
2716 582
2462 5367
5423 4622
3062 3478
5616 514
2600 532
437 4444
1050 1206
198 3642
5395 116
3591 5351
3636 5653
3810 1095
5053 4217
3940 2681
3091 3710
128 839
4537 4928
738 1525
4483 2603
3179 4822
2866 233
932 627
5666 2242
1111 2710
922 4203
1531 3884
2084 3720
1926 68
4802 58
278 1833
253 164
943 3999
1501 1459
4140 2854
4224 3436
2028 1726
1886 1588
4861 5360
2999 1220
4320 2792
2670 3385
3159 2161
4904 2775
4145 1210
4665 4972
1825 3001
5350 4365
2352 133
1314 1781
3891 893
2181 191
5540 1286
2018 1565
1537 2899
1973 333
714 4251
5712 2134
3006 2460
4545 1935
3643 2351
630 4568
2206 371
915 238
5692 4065
5569 4171
3862 4849
3149 4221
1043 3793
1156 2642
1645 2225
4106 2578
5743 840
5066 4588
4988 2903
4844 588
654 1170
4048 384
4393 863
4385 2629
109 2349
2230 3654
4134 4187
3768 140
439 2462
3955 1845
5317 4894
1469 4548
4589 2312
3537 1830
4047 1351
4507 4914
3291 639
2599 434
3220 5694
811 5698
4431 432
1103 1825
5381 375
5155 4132
4149 1095
5630 225
3747 3835
1664 4158
5319 796
3436 4296
3857 4226
2239 5549
4938 304
5619 1440
5136 2503
733 5188
265 1897
2746 379
1046 657
1094 4060
4322 2352
2999 3244
4502 4117
1929 740
2645 681
15 3548
457 3806
4353 3700
1144 5589
66 5754
1792 731
1150 3471
3727 1041
4701 5093
2580 2884
1057 3653
4470 811
3589 162
2557 1370
3644 2902
5275 2986
852 1855
3317 4849
2590 1109
144 3312
3686 3419
1093 2171
2079 2109
5278 5500
1826 4123
3948 5755
2794 496
52 5546
3502 561
2136 709
219 3895
3050 450
4362 5592
1312 3016
4759 3862
3438 5331
4918 5270
3265 4255
588 1509
5541 2907
4078 3283
2638 2356
2217 3463
1857 4513
5416 3479
1084 5083
191 212
2442 4307
579 4610
598 5577
566 2104
1897 3972
5007 4453
3540 2468
2197 1746
3374 5101
870 3598
3390 1460
2175 2241
74 5239
3294 5438
2703 3869
3921 5465
1192 5503
5355 4624
1032 3015
4266 5749
2099 974
3291 4863
3969 5502
550 3350
5457 2882
1216 1390
5523 3142
1207 5626
2659 4162
1872 4064
3522 5671
477 4758
5234 3032
1980 5097
4882 5419
3606 4400
2809 5339
1506 2981
1701 2818
1514 4241
2269 2466
4538 2333
868 3057
1174 2003
5578 1248
5201 111
4338 34
233 4744
3841 5312
4672 4838
1013 1520
4630 4481
4392 1629
1740 775
1668 1517
3545 1293
793 1602
2317 5113
1286 792
1635 589
2415 4365
3518 2406
2192 2857
4899 413
2602 812
1199 3174
5295 615
614 3732
346 4861
5219 726
3160 2900
1806 360
4733 3537
4233 1188
5156 1743
3047 429
2882 5529
4503 2212
1334 3405
2722 4221
4419 2138
4068 5386
3967 1066
495 4509
5315 2199
4796 1728
1692 2143
2483 1865
817 2974
2448 2724
798 1408
2814 2292
85 1645
5649 4638
379 4742
4600 1001
4648 3903
3484 3265
4796 880
5687 4420
3595 1400
4496 1118
5386 5711
479 5739
3517 3631
648 519
3716 2970
1903 1359
324 470
1421 1699
4902 2851
877 3127
2117 3783
3442 1372
3528 851
3933 404
5476 4770
2135 5578
1878 1881
4178 2185
3100 5011
3914 2752
3636 4706
1007 5637
2767 1153
577 158
2527 4422
3490 3915
3467 3217
1694 3742
492 3566
4280 1679
3465 1833
3002 1036
1516 4452
3954 5329
2700 4572
668 2830
5385 1271
2243 135
1532 2952
2491 3218
2858 4898
4235 1161
3574 4678
2675 3450
3846 4986
3034 3191
2040 4252
221 666
4404 3559
19 4702
1750 571
5045 292
3174 1222
3142 1261
1992 2291
582 2813
2364 2724
5741 3514
4549 2453
1723 999
2823 4413
5122 1912
921 5665
1954 4555
5571 4633
4156 2981
2889 4497
3086 5153
3683 4530
3850 387
5592 248
1939 3626
1169 5070
2798 4513
373 2778
1845 4538
295 5563
3469 2286
3829 4895
3698 1026
3594 4910
998 4845
2871 3210
4639 4433
4310 1877
4866 5552
4355 4495
2150 937
5408 3277
3548 362
4048 2000
3342 1402
2297 4356
3571 2261
3592 2507
5332 1292
730 4678
3700 3689
26 3368
2331 5321
1280 2854
1007 124
2012 5196
1373 919
3979 3663
2371 4166
2879 3559
3163 2520
3303 832
5709 2013
1853 3456
2074 2369
2471 1831
4789 631
5680 305
541 2981
5181 3465
3819 2316
3596 764
3994 429
1584 2955
832 3388
4604 5724
1773 2289
778 3395
1412 683
5645 5385
1771 2273
3716 1948
3721 5320
4557 2709
3032 1348
1741 356
4125 4989
1883 3041
5471 2334
3323 1450
3668 3971
3939 2228
1090 5721
48 998
5387 5272
4017 211
52 2496
4766 3784
3407 4781
5620 278
4503 2037
2499 1725
3119 4410
5542 4613
1678 3752
1284 652
4763 3421
1068 5051
488 3067
5323 1402
987 2934
3828 991
3173 1748
4776 4871
1161 2857
4517 3212
1007 4711
5043 4614
2944 5657
4270 2679
5736 2295
2882 220
694 3409
3943 5450
4589 823
1722 2387
4489 2198
487 5131
2086 5345
1202 3499
5585 5243
2585 5728
5550 5175
3385 1189
4389 3402
3259 2413
4028 5445
4174 5402
2757 83
1438 2805
5008 2105
2802 2243
3218 720
3343 1892
3041 680
2005 2936
3276 2837
2587 4501
3798 5178
711 4989
455 3404
431 2447
1403 4341
4285 1033
5720 4836
4802 652
2548 3780
4817 3339
4653 1470
3351 5385
4946 3550
5626 3451
4850 2240
155 3669
3277 4333
540 2079
4279 478
235 3895
582 2755
3491 488
274 1808
577 3082
627 906
2972 1890
504 127
3549 2804
1371 973
4201 1886
5590 128
2186 2331
4061 1620
3799 5508
457 3538
1428 357
296 3491
5735 510
5682 5760
15 5738
1854 2970
3265 5751
5496 2401
4778 2465
3773 2768
1237 1428
5604 2271
4844 1144
3483 2751
1966 502
4138 4493
580 4557
4278 678
3820 901
687 1851
3934 5299
449 3110
67 4189
3388 5039
2365 1612
4206 4743
2747 581
813 1723
4357 699
1314 1124
1239 4546
1556 812
3148 2296
3134 1985
2256 3962
3679 183
4423 453
4819 646
3784 5700
2725 3461
1456 1230
5322 207
1372 4539
4671 2082
1132 4546
1741 4519
5428 5019
3759 5654
1143 168
2067 1872
633 3582
615 844
4122 5448
4630 4543
3467 4329
2459 60
2246 2577
1780 399
3254 1727
396 519
5302 5078
1335 1606
5401 4439
1105 5417
4630 4529
475 1528
780 5068
2706 5461
4994 3600
4946 639
556 3944
3593 891
2651 3276
960 4081
1613 5112
2302 5232
1267 5383
1709 4123
3351 1484
702 5481
2112 4924
811 5448
542 1307
2130 2770
1876 1529
2870 1659
3834 2688
3760 5745
2281 621
3209 4086
4263 1077
817 2666
2998 5238
4135 2432
5033 3337
3915 2335
5001 91
1032 4337
4798 208
1598 4664
5047 2453
553 641
3149 384
462 3468
1113 2246
5675 4744
4602 4015
2424 957
640 422
4686 5410
3323 4678
3365 5002
4977 4243
2563 1126
3222 4863
787 2143
239 1037
1363 4310
2502 1203
5749 2421
4786 5133
1788 4580
4378 5533
2311 5257
4385 1688
3837 926
1226 1183
3312 265
3884 3774
5442 4012
3395 5590
3766 4734
3716 1669
2703 1870
5673 4458
4648 4768
1052 2490
5145 619
2988 4809
5368 4321
2163 4454
4220 3764
3497 1182
683 4321
4214 834
666 2010
3339 4947
663 2256
2627 2726
2099 1341
4346 3937
3114 1858
1544 5739
1870 4648
4579 1077
3591 4381
4884 2030
4387 1287
4420 5671
1856 5278
4265 3890
4252 3270
1063 5066
4679 1392
323 3781
3122 3853
4073 1629
4256 4276
5660 2819
4141 3236
3900 4288
1033 4159
4410 1679
2441 3635
1146 3818
3845 2527
1988 3658
3371 279
4651 2554
3907 535
2121 3137
1454 5642
242 4142
1826 2415
4530 3724
1718 1923
1570 3955
2759 1752
1267 5757
4997 3623
652 3500
4631 5732
2497 2425
52 17
1614 3037
37 2900
168 4913
3120 4168
975 28
4054 3515
3352 5562
277 78
5669 1881
1493 2346
5345 5316
608 4963
5090 464
5396 235
4856 476
1852 203
3539 442
3849 2548
5587 3845
1931 4201
716 5138
3959 1014
4950 3282
5099 4805
2174 232
2249 5490
4919 3909
3620 3053
5459 3634
208 1138
2609 884
5741 4268
2059 4268
4662 2705
4411 616
3609 3232
4985 1828
1530 4498
2910 5186
4620 5192
56 1921
507 865
3853 4180
5574 4246
4495 2470
3119 1493
3975 1312
2048 4645
3404 2008
4133 4126
3711 4945
3153 4647
2916 2294
5179 2769
5140 5052
5395 5133
4129 5112
5665 1417
5613 531
3061 4501
3399 5655
4819 2770
3790 1664
3413 3913
3732 3091
865 1248
1431 2069
5495 2012
5414 2367
1446 5046
728 3145
5621 4326
3734 3680
3306 353
1543 1741
1596 1519
1514 4394
4174 3565
2384 3704
1894 4862
2030 5254
5368 217
4846 5184
3903 2735
1956 409
2163 852
2381 4702
5477 4492
696 2579
1933 4554
1191 4269
455 1304
605 248
5629 3492
5239 3837
1564 5621
1167 4277
3789 635
5055 798
5307 4975
2754 734
4125 4742
21 3857
4678 3603
2419 1909
5474 46
4282 5523
491 4550
440 1122
3877 2578
228 1138
3060 4975
339 3906
4304 1317
1091 2043
859 2054
2080 5007
3511 5300
2857 5535
3323 1504
1288 987
3857 4101
2820 2950
763 4485
5454 4641
1974 1198
2092 2676
157 605
3569 934
894 182
4059 3610
5317 1735
2671 4693
3680 4362
4301 4263
5560 1399
965 195
4021 1546
2531 3022
2532 2501
1222 401
3078 4431
1379 3379
1212 5190
4391 4042
372 742
1324 2115
2637 1195
2974 354
5129 1101
10 3564
3758 1661
5115 603
1046 1891
3108 3720
5151 292
1626 37
5732 3555
4219 3784
3045 3995
962 3705
1779 2012
3020 5113
4626 5433
4337 3208
4512 4997
1498 3984
3356 3152
77 4947
30 803
2740 5379
1523 971
4515 3948
2113 988
3483 5384
4716 1980
3375 3550
2214 2450
1800 1418
4421 492
3257 2999
1575 2456
1750 443
718 2676
961 5590
1044 836
2119 1487
3151 1646
4727 61
3328 3455
3607 265
3270 3793
1076 5104
1906 3433
3429 4013
3162 1554
1544 2535
4412 257
5572 2794
1734 3203
4193 556
5126 3145
3757 3600
2915 0
669 3866
1082 1262
4994 49
5009 3038
385 2589
562 300
3907 5552
3634 3570
1262 3008
3046 932
4810 4380
164 3322
3245 441
940 4036
2663 2820
5036 4738
5639 1468
4317 5073
4649 4267
2769 819
4503 3824
5133 2058
3792 1952
5645 33
4623 1053
3723 156
3088 1723
3280 4205
5511 1995
4769 4677
3457 695
1266 5369
525 4627
5572 2283
1842 1780
928 4257
4723 5243
3622 2988
951 280
2805 4612
1253 1174
3737 985
301 4388
553 3695
3691 5060
3613 5561
1129 1146
5454 4660
2990 2050
749 104
5246 3262
2864 1855
2119 2963
854 5659
5282 5653
1156 794
2741 1260
787 114
4276 4125
5083 4610
3082 715
1606 5525
2609 5445
1005 5099
1562 1050
2609 4856
668 2815
5014 3889
700 1453
4377 2777
1463 3990
3566 1100
3664 336
1870 3073
1024 191
1066 5239
1060 1307
3008 3424
4464 1255
2581 3996
2644 1126
978 2378
552 4414
5756 1891
1159 4418
405 828
1180 5448
2159 203
3522 2032
619 4811
3368 5086
916 5170
198 2850
644 3889
3928 5212
3842 2130
2675 3274
1750 538
5522 1603
3111 323
3937 5706
1498 3935
4017 1424
3867 4262
4092 3821
1493 916
3567 2449
2862 3009
4043 4533
1497 2786
3342 3849
560 3800
1023 3319
5677 2606
497 581
4156 717
4335 2081
390 5701
95 267
5293 837
1200 4957
5037 209
1418 884
4400 2575
5114 4681
3750 4412
5001 579
3678 5310
3363 2123
4594 4722
1873 4536
5061 4552
508 4448
4354 3994
963 236
3661 5296
1870 3171
5712 3433
106 5686
1034 3156
5608 5147
4199 2798
338 1006
890 1512
2820 122
3458 553
4768 2578
3583 3277
5085 5189
