100 2238 200
1809 1848 1
2290 187 2
2421 2886 2
2952 1096 2
1485 2261 2
937 2162 2
3653 2591 2
2413 1753 2
114 1767 3
2036 516 3
114 2381 3
591 3622 4
3590 3982 4
824 722 5
1479 3749 5
1773 3021 6
3580 3053 7
2564 843 7
3172 720 8
2999 2930 9
3120 3681 9
3762 762 10
739 1427 11
2177 3323 12
1159 1478 13
329 1379 14
128 857 15
3925 2156 16
3257 1823 17
518 3202 18
2061 1353 19
1554 1421 21
2555 3884 22
3677 1765 23
3780 61 25
1353 767 26
1248 264 27
2217 2366 29
464 106 30
79 3201 32
1864 3568 33
3272 2400 35
915 2812 37
3623 1154 38
1224 1880 40
1280 3001 42
3967 1345 44
2790 1633 46
3816 3387 48
1100 3935 50
1881 7 51
1907 2624 54
2730 238 56
437 2663 58
3129 171 60
2084 3941 62
2457 1222 64
2844 2049 66
868 125 69
179 3835 71
720 1805 73
1159 3487 76
2701 3416 78
443 617 81
70 128 83
3206 1411 86
3996 3874 89
1020 1058 91
2691 2478 94
3057 3301 97
1437 2630 99
575 1025 102
2155 850 105
3480 3623 108
47 1189 111
2430 494 114
1607 233 117
3583 2134 120
581 2210 123
3274 3970 126
3800 428 129
798 3873 133
1480 1089 136
2874 578 139
2977 2617 143
3351 2750 146
3 2870 149
3971 2884 153
1708 847 156
2261 2038 160
1591 3332 163
1125 2396 167
987 481 171
1439 492 174
3424 233 178
3454 575 182
1775 3913 186
3255 1128 190
2704 3130 194
1761 494 198
789 2447
2039 1685
2583 2240
2525 3626
3840 3649
1813 2360
685 497
2162 2757
2904 3879
413 1836
2 1466
822 3319
1991 2036
149 452
2642 2767
3385 3365
2706 1328
243 3559
3959 2469
2443 3261
370 332
2010 1045
3525 1530
490 2919
3743 2339
943 3641
1155 25
1868 1521
1706 1157
3392 806
508 1535
3986 1591
3892 1910
417 3853
2234 1510
3041 416
2474 2544
230 1999
2248 3089
3953 247
1512 3116
1201 2770
301 3077
3987 967
3593 2826
440 3441
2022 3158
3220 3154
2929 1383
1707 2553
2226 3719
929 1806
601 3953
2706 1860
2592 60
2170 7
1230 1241
20 2063
2897 3500
3133 2763
1115 3168
2362 870
3630 3755
1454 3501
1964 3746
3848 3178
349 2332
1628 1641
3154 1992
626 2603
241 2750
1314 3644
222 1046
799 1123
3454 2570
3109 2296
3964 2662
2789 3717
362 833
1772 2046
2288 3501
3227 447
1434 1726
3330 3000
2561 1989
3491 29
1120 3742
1769 2801
3566 3289
3369 1978
1112 769
2848 3288
1325 3320
3280 2156
2228 386
1323 2141
1783 3734
1341 2396
2903 2246
675 873
2446 1524
954 1580
743 2085
1513 3929
593 2429
3829 1674
2579 665
3766 1401
2732 1108
730 231
3039 3132
2187 1858
3584 457
1612 2859
1090 2005
3247 1599
2075 2187
231 2167
929 2341
1026 1236
1282 989
2797 804
1741 677
3302 3658
51 641
2045 3444
3249 277
486 2038
2422 2399
3742 2992
1611 3500
3126 3923
3484 2291
2398 3067
1146 508
1869 825
3459 3834
3806 212
1715 2206
3700 1987
3138 2543
3519 1679
1367 1593
1347 3831
362 1182
22 382
811 2989
992 849
1803 3370
971 2648
1326 39
1979 2948
2051 1495
3573 796
991 1443
2585 1473
3032 1234
3812 902
3966 823
1242 2291
18 3911
1002 292
2339 3984
262 571
2867 1896
3621 1292
1535 1819
3277 2546
250 1659
1555 2520
1956 714
501 389
1919 256
2247 1142
1626 3701
3080 1745
3366 1019
2895 407
2309 613
2392 2089
38 1011
3984 433
584 3012
558 1338
3953 94
301 47
3155 577
2713 609
3407 421
813 1284
859 420
1499 2125
2799 2969
2613 4000
1748 3174
810 3615
2460 720
795 2316
3971 3290
1550 2978
655 2792
70 3070
219 2595
2194 1634
3032 3545
1342 1382
1998 848
191 1435
3791 2572
3633 1446
7 1938
1117 2667
3393 1203
1220 2521
2677 408
1777 2675
1430 2863
1992 1897
720 375
2774 2808
1981 2260
386 2778
1769 980
641 661
284 226
3062 1908
2818 1248
2027 105
2568 3302
2935 3754
67 3560
359 3626
2427 272
1755 41
2243 3211
2529 2679
740 1550
1412 1183
292 1542
3651 3548
3922 1096
3060 1507
1905 3101
2935 96
2631 1237
1071 3313
7 3331
3433 2123
2548 244
1507 1640
862 2598
1087 1886
1317 3179
1376 2764
2936 751
2929 2382
1529 3614
3080 2409
3921 3030
3657 1554
624 202
2332 1367
2705 3844
3632 942
2801 938
3309 701
1733 1271
1905 3989
2137 3067
2811 2448
72 2512
3255 3475
2106 2527
3465 3020
1347 886
431 3972
1216 2097
3996 579
1166 609
1859 1644
1988 3329
2780 2345
1092 1650
1488 2371
885 557
3803 2465
3906 1443
1833 1230
985 3955
1157 1364
2673 2161
1690 3421
442 1397
2111 755
3496 3141
75 2278
869 241
202 3732
1913 2435
2111 3608
166 1597
2186 620
1478 1291
2566 2935
3900 3554
1624 1899
2636 3632
843 1032
814 2822
3118 2102
2009 2532
633 1630
3462 2797
902 3201
3336 55
2318 1877
1157 3074
1936 612
3681 25
613 100
1380 377
2266 939
3859 3818
457 1678
252 444
2699 1707
1178 1063
2786 3364
3289 863
1374 3104
340 2125
2590 2105
2528 3117
2399 3421
121 3398
627 3719
3399 3560
2648 3216
2651 772
2480 1132
2857 1537
1198 946
1836 2870
3958 3725
3046 748
3664 3341
1224 3412
2931 1655
1670 1488
623 1747
3901 709
3546 1784
2791 96
3482 1297
2062 610
2164 1431
783 3113
2877 3036
2476 2997
3980 2319
1598 1208
2653 1996
2820 3811
2747 1959
630 430
3409 148
1986 3237
3362 501
708 3598
705 1075
1632 2637
3680 2857
2555 1666
3858 2082
2956 883
1713 3572
1900 1039
2640 525
1662 403
1016 757
2622 952
2489 1899
632 292
2168 1750
665 2141
1177 2188
2222 2161
2050 1143
3864 2828
2130 2408
2317 3828
1897 1377
510 3705
79 1583
1399 1461
2823 1426
307 2931
1327 1298
3549 146
90 2016
3934 3212
1139 865
2393 1148
2344 3172
2327 734
2378 393
529 259
3004 1986
3566 2435
912 2958
2426 1070
3238 3873
3506 682
390 233
3509 2714
1196 3650
1042 1565
3140 1842
1447 1375
3655 1077
3233 549
2656 122
1294 2616
104 3485
2176 2069
3921 1695
3727 1914
1689 2466
3794 2010
1213 3759
3448 2888
1960 2870
3267 3284
1636 2028
1703 3295
571 1826
3768 3967
1908 3661
1449 1874
2336 1612
900 1371
3217 2259
2650 2870
1563 386
1639 1779
3210 2719
1187 1655
598 917
2587 1120
188 3207
1917 2532
1245 439
3223 1021
2237 2449
668 592
2408 2184
2564 2437
3039 491
2998 1448
2194 3430
257 3375
2397 3336
3966 1969
1613 1125
2579 3806
990 2906
3086 972
1571 3429
303 3481
3446 3211
2343 1783
395 131
1381 3915
3423 4
1105 3605
2606 2692
1029 3541
1826 2968
2206 2848
2285 441
580 3826
773 3443
3897 357
2481 92
3203 864
3689 3425
2819 2117
50 941
1317 2468
1052 3090
3883 3274
1473 2483
2364 3706
334 566
143 2477
2892 1830
3019 2468
2930 1931
222 188
659 2914
1720 2280
3372 3291
302 3910
254 325
3095 1335
2547 1004
1163 2961
2346 3549
232 3655
754 560
790 2663
2562 3028
3177 2969
589 1211
1195 2657
1112 1015
3169 272
1689 3222
3833 3888
2978 2540
2356 549
3319 3389
3015 243
2804 301
792 3532
3878 1571
2253 1707
2945 980
770 1733
1129 3249
3403 2833
1090 1278
415 1935
569 848
3046 106
2885 671
1049 3997
3048 3768
736 2175
1058 40
888 3438
3820 2724
2106 3125
1709 2354
3489 1903
1304 572
3943 618
2112 3868
3630 1922
2148 539
2703 903
249 1167
2298 2857
3036 596
3100 781
3709 3226
2040 3667
426 1320
1195 182
526 3983
3596 2052
1359 2211
895 1551
877 1296
1474 3674
2470 653
2829 2194
3488 408
1422 2967
3604 523
104 3866
1263 865
2996 3622
1272 3075
20 2636
1539 489
1526 932
3742 266
2758 3019
1115 3409
416 1044
2416 2279
1863 2713
159 1664
955 368
3165 392
3024 3948
2087 2923
433 3764
435 693
783 41
538 2299
1586 2310
1445 721
125 3257
3072 1820
2484 2239
272 1300
1002 1714
3404 2941
1321 2030
2439 3502
2151 2993
3886 2217
557 2939
3370 1294
1668 1968
2136 3971
1398 3040
3970 3967
1138 1531
3518 2541
1532 1751
2472 1763
3213 667
1594 1552
931 3540
3446 2635
3823 3565
1935 952
1405 2452
2167 1089
3165 2173
2351 3115
1765 1127
120 2814
3868 421
2764 340
3233 212
2261 2615
1450 1006
744 985
3299 3057
2723 3768
1978 1395
651 738
2239 1793
2345 680
1228 1807
3453 868
507 1827
1255 3568
3143 1213
308 391
496 3448
2946 1986
2356 2243
3310 2658
3771 2190
3760 857
906 1732
1973 2097
1251 741
3223 3652
3898 2729
3645 2075
1517 2025
314 2718
300 3178
1671 3914
1369 1251
204 1119
3787 326
3331 1571
1603 654
1643 1346
437 3310
1956 3486
2259 2784
60 2815
1214 1723
188 2756
150 1268
2260 3313
3727 3474
1424 1113
2174 3206
322 2517
3225 2432
3735 1077
2841 1119
2939 639
3547 1330
1060 2752
723 3409
3588 2370
2492 2475
2089 1599
772 1931
3570 742
337 3379
1521 204
3502 3375
950 3445
246 1239
1175 3814
2484 1071
209 1819
1637 3416
1843 904
1814 230
204 642
2461 3683
1037 3406
3023 3722
3107 3233
536 8
2713 2742
2208 1919
3207 1960
1998 336
1011 379
519 1942
1851 3229
1076 660
3846 297
1894 2889
714 306
1328 3426
2043 1979
756 3654
2273 755
2704 2530
88 415
3926 1233
2909 255
2785 406
2509 2877
3355 3947
43 2345
2537 3775
1007 3660
790 523
1697 551
9 1616
3976 3127
2395 1531
61 885
1648 3972
941 3290
2125 982
1053 239
2651 1874
1300 1889
3484 464
2803 1911
1763 1630
171 721
1283 3839
150 2661
31 1695
886 1662
831 1195
1534 301
3958 1775
3020 33
1709 71
1833 3918
1796 661
904 1071
2256 3632
1828 1792
2041 282
3782 1807
3999 1716
2258 1985
2105 188
3886 1641
3482 2492
1486 2192
412 2857
194 3459
2629 229
3032 3356
2473 3990
62 3389
2753 1389
660 1578
3211 3313
856 2495
2471 3559
2870 3119
3117 2992
579 1945
2430 1673
1282 683
3416 1640
3863 3013
1679 273
1647 839
2935 1714
589 53
1596 1029
3903 2911
3693 469
466 1170
1633 2579
845 165
219 1377
597 2518
597 2816
2387 3875
2418 644
3195 1631
1326 3375
2974 355
2372 2021
1339 486
3009 1133
615 2045
1045 1125
3122 1519
769 788
2486 223
2743 942
870 2065
2684 229
62 3690
19 770
1553 2169
2883 1009
3363 718
647 3039
179 3390
343 657
2685 854
1864 187
1878 348
128 1337
3879 2426
1604 1286
2868 507
3389 2247
98 3292
2706 1564
1696 1697
3253 1681
713 1902
2400 3620
3998 1827
3805 2395
1661 3061
301 1256
3151 2334
3384 1699
1512 1027
480 3275
2221 3961
1166 1203
1243 2721
3829 2982
192 2992
2119 1945
3970 2403
185 320
3450 1094
3294 1525
1309 1821
914 3499
570 2073
2216 158
3329 105
3524 2192
593 3401
3963 2266
2311 3709
2584 2989
3252 2739
3602 3123
2952 489
780 3365
3672 1400
985 2240
3538 525
2173 149
1024 3260
1854 523
3935 3839
3415 2181
1979 97
2961 3703
2263 1912
3670 2130
2255 579
3849 1077
1452 3386
3822 1467
1584 888
1917 33
109 3658
3737 3257
913 929
2513 2154
1053 2875
1119 633
1975 2639
1758 1724
3969 769
1255 1908
2573 2161
2727 2379
1617 2276
3553 382
2302 2987
3631 892
686 3227
1902 1720
3974 2206
999 39
1854 3387
2157 231
2207 2581
2258 2987
513 524
3566 3592
1209 316
2515 3074
3127 53
1095 2626
777 2845
1101 3349
273 684
1583 1995
2591 808
1931 1758
2167 3704
185 3544
120 1718
119 2717
3465 1232
2353 2725
3168 3548
772 1781
949 3901
1313 1018
3292 209
477 263
1646 3652
68 2102
3765 3042
2410 1810
382 3136
3384 860
2858 226
1034 3783
1221 873
1474 606
83 551
1843 3839
1300 1220
941 2042
945 106
547 683
3361 1147
460 1776
986 2096
713 533
2868 948
2959 3582
380 3244
2117 2739
3191 2374
1914 3421
1659 1715
968 1035
463 868
3389 2457
1658 3289
1713 2718
1033 2451
367 8
798 2774
1561 1061
3107 601
709 1363
1066 1223
3639 1653
287 2547
1938 1528
2628 3007
3799 108
1371 1009
195 2649
2960 1284
747 1218
1508 2463
2730 3307
2900 3651
1901 124
420 3162
1652 2811
1249 3286
1498 2966
123 1106
190 3150
325 2568
2184 3786
1827 2144
1044 1376
1975 3140
3843 249
2477 508
509 1463
2854 3577
3782 2427
3590 2529
3758 2457
3041 150
644 2549
775 2385
1423 3280
2388 21
170 2201
2318 872
1448 2560
2308 1768
3916 3326
2073 805
3123 675
285 894
1740 1093
3646 233
3558 2795
2751 3901
185 167
2022 1266
762 2788
43 2888
2309 551
1203 1126
545 3616
405 422
1945 2072
423 2134
2205 1585
3598 1359
2881 1767
1263 915
3494 755
3885 3190
62 2725
331 2683
2327 1060
942 1972
2273 624
3270 3822
2869 118
3452 2025
963 715
383 3556
3022 3396
3426 1921
3668 2787
3698 336
1792 2865
2392 59
1001 3740
74 3514
671 2521
2257 288
3599 613
3778 3084
962 3051
3066 3617
3007 1002
1542 2695
521 3664
914 471
1892 2262
669 222
3437 1338
2943 1532
3092 3550
3663 586
1956 2016
1200 3095
824 3935
530 437
1101 2580
2286 2178
1835 2833
356 2056
2061 3135
2872 2400
1343 2619
3932 938
1471 913
2020 2462
1734 163
238 3716
452 1585
303 2055
1938 1314
460 2524
2159 2458
1019 423
1012 655
849 2116
1923 2820
1827 1708
398 2518
832 1744
633 521
1746 2304
490 1073
522 1148
3500 825
281 2279
2459 3349
2449 156
2671 3369
515 3805
3176 53
3506 647
2684 3632
3688 1633
3137 3063
3903 2476
518 1329
1713 2604
1879 1214
212 924
1453 2387
554 3540
1070 150
1963 310
1712 2676
3517 3225
1755 861
2983 791
137 992
2588 327
1707 2969
2850 437
164 1404
1734 3525
3584 3634
1922 1857
3641 175
2267 2917
1121 708
1754 85
1208 2297
1495 2530
1021 126
3444 3979
981 2562
873 1906
3260 2342
861 1633
2053 3539
3031 3459
3611 2091
2143 3830
242 3102
1896 2743
2461 1312
1167 347
1985 1752
1602 2067
2766 2046
746 3998
1061 3458
2561 1067
1183 686
1582 3932
718 1666
227 3307
15 3115
2482 2596
436 1531
936 684
1338 724
253 1536
3362 1835
2299 2343
3591 70
1645 1830
78 1245
561 1249
2798 2560
2147 2667
3551 3029
1240 3895
1510 2343
3015 1488
1636 3847
1776 1026
894 349
664 2240
3746 3334
1890 3006
630 1217
2585 2652
3399 2288
2438 2465
2291 2568
2220 3768
399 1476
3949 1058
464 576
1686 2856
2643 3165
448 1274
2765 252
3133 3431
2175 818
982 1494
2069 859
287 3992
2581 3095
3449 1650
2300 3395
699 3261
903 2847
3011 2793
2385 1590
2734 1486
2912 3953
3448 147
1943 3288
803 3694
327 335
2556 1944
485 2227
3097 1633
1916 3774
1235 1046
254 259
2322 179
1065 1527
383 1688
102 3584
1263 494
3952 2095
2813 680
575 2541
1211 1495
2625 3056
114 1452
581 2768
3918 3797
3349 3394
3717 1879
2904 3547
3411 2718
689 3460
385 2400
2511 996
360 1055
1132 1250
921 2120
431 3672
3498 1602
2523 2415
647 3294
2288 3765
2778 2753
2142 3913
2486 2743
2997 2059
1024 3921
2740 1012
2417 769
3949 1716
3126 3990
3172 1695
1986 3408
3852 151
190 1230
2978 1828
114 2684
1767 801
3777 2704
851 791
2256 2391
3751 165
1944 0
2358 1566
1096 3801
2232 2408
666 2110
3933 872
2424 680
3896 3998
2552 921
2362 2057
1242 362
813 1040
440 34
392 3463
1776 2561
3695 953
1034 2346
3007 3219
1337 3020
1023 3070
2712 2848
1662 3516
1568 2942
1877 2592
2625 3250
1293 3899
304 3448
672 3737
2667 1941
2680 2118
993 3118
2435 3791
2849 1584
1198 386
3057 1202
1352 288
2015 2202
2014 1435
3178 89
3078 1944
1620 154
3624 1204
312 1215
1516 3853
2259 1225
1004 3040
2849 3944
1976 3294
3829 1625
2078 1966
2837 3910
1195 3493
2413 98
594 1630
3915 907
3361 2690
2934 3918
778 2347
2786 3086
2762 2473
1001 3345
3788 3407
2011 1300
1466 1414
2067 1905
1154 3129
2666 3449
1330 3773
3949 656
156 570
1535 820
447 3138
37 1265
3131 3197
3493 62
1434 2682
2885 3700
982 3482
2614 300
2803 1169
3619 156
606 31
42 175
2462 2866
735 2826
3557 1516
1782 2754
3789 3602
1018 349
2478 3468
2700 1294
2391 1714
921 2495
1787 1981
1282 1129
2110 3533
3517 1710
265 737
2345 3461
2544 1386
2978 2407
2511 2062
1553 79
3892 2624
1963 2690
3096 156
176 2627
1864 869
3244 2036
3212 2534
1830 2688
486 183
551 1517
1795 1612
3016 3519
158 2782
891 138
1571 1285
637 3218
1084 2898
3051 1469
1317 636
3512 1391
1039 3647
3634 2535
88 2548
1033 3342
3867 3084
2885 1866
305 1187
1680 967
1087 2425
3259 374
2140 1214
3038 2983
681 1459
2227 1899
485 1573
1629 3078
1181 3945
1952 2488
1508 2612
2561 2544
3827 2857
2621 2342
319 2227
222 378
3018 1394
1000 3195
1990 3475
3615 3961
2352 2529
3288 1965
3115 898
1808 2270
3545 2005
1567 2433
2792 3058
2836 3653
2867 2545
1493 3965
824 195
417 2420
1397 1545
1504 3188
875 1451
1010 3226
2257 1560
1803 1156
3550 1290
820 3510
2596 2020
2257 2310
1938 93
2951 423
920 2210
2836 3119
2074 2860
2469 2370
1686 2100
3364 3561
2432 3457
1245 2045
2772 3815
1416 2770
2171 588
3770 2823
880 1425
1880 1058
1053 2545
3117 1552
1377 3204
1297 3673
50 1812
812 1509
3424 360
2860 142
3587 116
2086 2000
1420 2066
3639 1393
2234 877
1783 3204
3242 1735
316 2433
2415 948
1048 2045
1359 3760
364 3156
878 1096
1588 2479
1898 620
1447 307
895 2055
2975 209
2992 885
3389 650
3880 638
1621 2218
2232 220
3275 1415
990 207
649 3490
3282 2615
768 1476
2046 325
675 1147
3437 1699
1709 2240
2055 1218
1301 219
764 2006
2513 788
56 3885
1788 1751
896 2925
791 658
2152 1466
2550 3264
2989 606
1997 290
274 1958
127 2310
1734 1863
257 3053
3775 797
2073 446
1861 1557
2517 1599
1366 2163
3647 1309
3046 2695
1244 3186
512 3250
2064 3747
3107 378
1957 877
1621 3591
720 598
263 876
263 2340
566 1450
2931 460
3607 2447
3474 712
2009 83
3119 250
1328 1530
826 2360
1152 953
20 3074
427 3501
615 1850
2124 369
2781 180
1751 769
2053 1831
2185 2034
2389 1489
1166 2745
3497 3053
3268 1148
102 3095
3441 2865
599 1721
1514 2753
280 3716
2605 3814
2354 1149
2129 2058
3005 499
3557 3326
1001 519
3004 3908
134 1801
2912 2196
2665 926
2882 3143
883 2488
824 1067
2990 2653
3965 1652
958 216
3281 3684
231 573
422 1708
2974 943
1762 3767
3528 622
1346 3331
3340 2430
3384 2771
2065 3997
2097 1910
484 1609
2667 187
786 2985
2226 1938
262 3229
1401 2899
1386 1035
2699 348
3999 3044
2665 694
1340 4
3765 1092
742 3916
904 2653
2016 177
2309 1374
3985 3386
2389 2047
2146 1162
2029 1881
896 1308
2820 244
3711 3587
3983 2150
496 1392
3907 858
2878 3571
3308 1564
3763 3265
2712 1733
3959 3155
544 3835
3082 496
3456 2269
1746 1550
2351 1723
496 212
953 1393
2249 3239
248 2071
542 793
2377 2752
1246 2978
1137 1392
2788 3842
558 2831
2939 3818
3575 695
1987 3183
2981 2288
3961 2754
2167 873
1133 806
1642 180
541 911
2133 3893
347 2563
2839 2412
3813 3911
2171 2605
2049 2473
908 968
946 3934
519 3635
2450 805
304 3856
3145 1106
3031 3788
3938 2861
842 3428
671 2204
675 3429
2704 3590
3975 2340
2690 2591
3861 3954
1816 2028
795 1667
3012 132
3215 3768
978 443
3335 1311
3194 636
2858 3141
1029 3893
1741 2133
1255 2566
1657 456
3135 3554
3868 2277
1563 3879
1829 2422
2084 1223
2199 2379
375 628
3710 54
1421 3429
3344 2290
2590 965
1994 3594
2477 3225
2853 3745
664 3881
3110 3385
2268 3271
3883 1803
2373 3984
722 722
3689 910
1228 3706
1539 1643
921 1680
2472 553
3621 1766
937 776
1726 229
573 2861
3367 3774
3250 1209
933 1102
2315 1851
1620 352
1354 632
3736 3024
3381 20
3794 647
731 3165
284 3794
3428 2553
3778 2773
922 1988
1941 1104
3974 3760
2372 2390
1527 2195
217 2050
761 1294
2534 2734
1450 2209
1669 214
3600 21
2643 826
2457 462
2462 1088
202 3995
1895 1166
3488 0
3348 918
2886 2534
1380 858
1789 3106
2403 2786
43 2776
375 2671
1652 793
2805 1976
1448 64
2593 2131
125 2003
3065 1686
481 3676
132 2056
3646 1814
2287 2402
1171 1582
3756 3688
3567 1713
726 1385
2182 2562
494 3086
508 606
2183 951
3442 1494
1413 3916
1484 3261
1684 87
3996 2455
2966 613
2393 97
2450 3720
1155 2228
2016 1323
3949 3584
1317 815
667 3622
1844 2987
3379 3579
1864 920
2982 2504
3435 1718
1373 2227
1021 1178
1699 1238
3229 685
1942 67
3752 1661
788 822
2000 2142
2162 352
3621 1786
2169 1347
3794 1257
1052 291
2042 3759
431 3347
527 2502
3272 2358
2489 864
2127 1137
2617 2366
1478 3312
1661 1577
271 2483
1617 2387
2436 116
2690 3383
3176 1288
511 440
3782 513
1682 3077
1759 3998
407 208
3600 2222
2916 714
712 2584
3461 1462
3598 3848
3303 1978
3211 2572
2207 77
3084 3203
1141 847
1151 805
195 532
3450 696
2574 1248
2272 74
1865 1368
3356 1236
2716 408
3771 2375
3596 2474
2031 943
3856 1892
3313 355
1240 794
3103 1072
648 1410
710 162
2881 3984
1832 3808
2441 2
2229 995
1372 512
3026 2627
246 3599
2141 184
2214 1791
3149 914
1260 1459
863 892
1760 1575
1866 243
1883 3216
3688 2450
49 1917
1242 2623
2707 1057
648 3272
1580 3839
1970 1374
1283 1590
153 3493
3433 3412
2641 1391
3733 1532
2971 2943
913 42
2271 2117
1333 513
2337 400
2881 3444
1208 2558
1678 2898
1541 2009
833 688
3224 3255
3300 997
3162 2473
794 2856
1102 620
445 3859
3412 1077
2891 2918
3497 528
672 2969
2246 851
1049 1601
3009 1069
2124 2485
1288 3061
2652 1198
3219 1608
1194 1713
3159 314
3177 3579
874 280
3654 2743
356 2253
3858 1303
1424 994
1951 3090
1331 2749
2691 2810
548 1273
521 104
171 3363
2354 2016
2878 3840
3675 423
3004 3444
3754 482
602 2673
2691 1656
1384 100
452 2163
3575 3911
3285 1775
2408 2623
3618 2227
2641 1899
1523 1902
3308 177
1641 2457
1346 1314
927 228
1339 246
1802 3015
86 1010
2212 2520
270 3924
3481 1043
715 3056
2791 2265
1022 2806
1215 3573
2959 2737
2501 593
2856 262
2924 992
2167 2507
715 3546
3276 610
2860 1032
2503 714
842 1241
3746 1794
3644 2244
3646 3353
1016 2473
177 831
3214 3001
3667 2230
2240 3183
2039 3178
1399 742
463 3744
408 70
713 1612
1341 1201
2033 1387
3681 3527
718 3530
2038 2004
1594 988
2299 2274
1790 379
3608 2521
2248 1807
3868 1667
431 2300
2198 1690
587 599
103 291
2220 2008
345 445
57 2156
2224 1979
2177 3407
880 1246
155 3552
2661 57
3273 3771
3963 2706
1191 1619
3110 2773
2467 1672
1406 2428
1750 2622
3661 3781
2799 2022
3221 2188
78 625
2543 196
2258 2172
1502 3759
45 377
3337 2849
38 3637
3583 3074
870 854
2421 3394
2060 2241
2733 1030
2556 3208
3294 563
2793 256
354 3775
1307 1614
1950 504
1129 3692
986 1824
1317 613
737 1813
3428 2740
1837 2807
591 1168
1201 3372
835 3978
2433 881
3120 2013
3354 343
2131 2894
1253 825
68 3719
1565 1405
1918 473
1825 2907
1577 1502
706 2838
688 1683
2908 3391
1594 1013
2220 128
3166 3132
156 1169
2305 2065
2931 3523
1276 3895
2641 1490
2174 3272
1710 2460
1319 3810
3997 40
2918 2885
2052 1238
504 338
2047 1071
2052 363
3329 2896
3335 2065
123 3544
2402 505
1420 262
2625 68
1556 2547
1620 3089
735 2288
2731 1568
1317 3130
3461 2329
1257 2272
2024 1716
944 1787
3820 2102
851 2752
3143 1677
3996 1997
2913 2711
840 596
407 3062
54 166
1394 3005
2827 555
628 2674
2726 1437
1652 2828
802 772
2495 174
2009 2844
3841 69
3389 2067
102 2063
2911 593
1286 2956
595 3880
3317 3555
929 3423
3079 178
3232 3981
679 456
864 621
3942 279
1723 2693
3023 164
3067 1642
3342 1561
2441 2536
3071 1486
638 1922
3527 2679
698 2594
2482 615
360 2042
3145 958
2700 1775
3224 3750
939 3687
1720 404
3673 2885
332 2743
2726 1348
629 2016
1700 2440
343 1698
2821 3007
204 581
1034 1431
1575 1897
337 79
2528 1001
2420 1848
973 2200
3319 2989
1858 296
2115 1326
2028 529
3684 1725
3237 413
1454 104
436 913
3827 1748
1481 1692
1640 1029
946 2119
2466 3542
2962 2309
495 1850
3621 2347
1726 3321
1532 2
1211 3250
1719 1229
1823 1888
2058 2020
3704 791
1944 792
611 3820
734 77
2343 2131
3445 3449
1651 3571
1318 3084
3280 3484
45 1965
3936 2109
977 1766
614 419
3352 1780
837 1208
1909 53
1639 1262
32 3850
1779 327
3103 1251
2771 1146
3846 713
2063 3969
41 3704
2106 494
2244 2809
760 250
1879 2425
655 3532
581 3784
758 492
1054 216
2997 56
1447 2924
2357 2148
2748 3043
3743 3580
2981 3698
384 1299
834 3185
1629 2864
287 1431
2095 2888
2503 556
2321 3332
2358 1169
3348 1806
972 3816
3580 3389
3624 1666
3241 40
2978 1139
417 582
340 1868
2209 3346
3623 225
795 1152
3972 3458
2421 2718
312 3539
273 3184
3615 138
3146 3108
278 1894
2530 2136
1535 688
3550 2808
3067 531
1592 769
749 2004
331 1894
1691 3037
965 2004
1150 1863
863 2119
3340 2032
700 1346
1419 913
1096 693
2853 3909
115 2988
1850 2177
3652 3737
1223 1138
2931 2885
3181 1783
2596 926
3727 3523
3095 3458
2136 1293
1970 2052
2054 949
