60 498 73
1262 963 1
351 761 2
1415 1154 2
761 744 2
1141 431 2
988 1103 2
1127 109 2
1352 38 2
707 1292 3
1179 1222 3
1231 704 3
1374 282 4
1047 1331 4
1403 574 5
300 218 5
289 1200 6
105 1119 7
479 666 7
663 637 8
929 1430 9
599 1007 9
501 28 10
782 488 11
351 584 12
218 926 13
162 395 14
374 1078 15
101 772 16
105 587 17
450 161 18
732 339 19
790 1034 21
1105 1003 22
512 1439 23
1056 670 25
843 29 26
486 460 27
1427 955 29
26 945 30
1016 816 32
1082 270 33
1377 1321 35
311 1435 37
496 829 38
984 141 40
459 1241 42
1283 1131 44
124 243 46
71 1294 48
924 313 50
40 44 51
657 112 54
1374 759 56
1220 1397 58
860 864 60
700 905 62
1279 409 64
1293 161 66
345 1313 69
20 674 71
385 338
587 312
936 1209
32 170
1419 462
354 924
568 1312
536 1146
1269 521
939 724
624 798
789 1183
773 203
812 1367
1005 530
1174 586
880 434
877 1101
636 1212
1248 49
1326 855
275 387
1145 1103
21 491
205 7
61 359
692 433
477 285
579 544
584 189
128 913
340 12
1422 1424
1010 24
167 1365
181 1166
260 583
916 567
1232 866
489 1004
111 1008
858 642
257 748
602 410
425 1412
297 113
297 860
921 213
949 918
1258 784
715 547
998 616
825 124
697 1427
984 426
140 74
224 669
379 498
769 868
272 1005
1002 232
1159 222
593 1417
1339 620
815 379
207 526
919 1349
132 686
641 490
1201 1313
104 477
708 809
227 196
607 710
1412 347
1079 393
425 1175
215 1247
692 992
1185 944
108 1434
724 1078
1302 723
234 816
900 1010
1426 174
1345 1425
1314 1040
554 622
98 1364
1092 808
876 757
530 937
1103 531
860 1440
105 161
1157 667
236 320
841 525
30 1067
1369 694
308 507
197 1427
534 763
1175 358
976 1380
1373 514
795 933
774 47
994 1271
1004 711
228 446
526 123
287 1354
933 792
512 231
721 273
40 604
1059 108
398 64
1087 1398
625 895
616 1085
635 36
201 1027
943 2
557 1221
1352 914
273 1086
735 158
1304 331
1304 244
750 403
1061 1095
1422 3
1204 1053
19 872
128 845
1104 55
83 1193
624 587
313 304
325 641
170 572
860 1306
1238 165
348 240
808 597
1409 1073
1222 2
1065 586
971 998
727 669
1167 1382
603 1253
165 180
669 285
370 1005
631 951
512 518
103 637
1439 407
304 787
394 1246
886 701
1191 295
1015 1157
1078 183
1425 1338
67 131
275 645
1171 894
925 486
1421 263
976 92
649 1313
830 324
63 548
1385 74
882 1246
526 424
1046 887
377 546
433 832
1016 1010
86 893
115 302
189 87
212 1377
1321 1106
157 514
1101 894
737 941
377 147
1105 706
1147 850
388 1154
692 140
148 1085
582 920
1142 783
7 432
192 778
211 1088
842 236
768 550
1377 837
1185 754
1173 1342
1033 407
1285 97
904 1311
655 1366
336 1114
231 621
1342 1162
48 782
688 1148
825 469
244 1302
1202 1258
472 912
329 432
1119 947
20 132
317 1393
1323 408
592 460
1241 623
1342 565
63 417
1306 909
1340 263
318 972
300 935
687 243
267 1394
793 998
1405 712
1359 317
178 896
1268 211
864 579
1410 504
979 803
723 111
38 825
158 818
1406 618
272 28
990 945
956 191
894 369
1020 167
232 1043
1321 772
152 1278
517 386
247 1113
527 4
139 446
976 47
673 712
226 1195
926 627
427 1378
589 829
1157 387
1057 1199
677 1269
288 78
174 449
793 244
1274 1322
671 1228
1022 1367
243 1150
97 1080
50 267
979 736
1388 246
1124 1268
1297 1270
943 676
1251 446
454 627
748 488
584 12
449 1057
1235 247
431 655
381 870
395 19
1043 800
541 259
479 179
1112 1164
457 780
811 1320
1023 1431
536 1198
1362 1350
641 443
156 1202
442 998
26 1295
968 1290
384 700
294 253
1022 54
562 342
581 676
865 311
1214 1229
558 731
1386 174
594 520
1433 550
1155 161
267 136
524 866
1299 282
1260 1406
552 103
1292 861
551 1384
970 265
346 1221
1330 490
443 1207
1159 1038
22 316
67 756
719 458
489 1339
211 107
956 849
1181 537
557 582
13 717
81 103
79 455
1149 961
722 1339
1206 231
1415 1109
1001 989
822 918
645 398
981 206
227 358
654 556
725 394
1327 990
577 481
434 914
8 1051
1396 741
847 830
1236 1157
893 1367
1021 461
1274 1367
339 1058
756 646
409 822
466 1296
1369 723
783 1356
1119 263
654 1070
1006 327
422 589
23 1346
184 1317
176 1051
1383 216
1357 1044
140 1176
495 157
239 216
231 469
158 109
1027 783
68 835
746 1132
639 1162
864 1395
1263 855
545 167
1381 1215
478 1411
1243 1440
853 1009
85 25
196 1287
855 618
849 266
1030 353
756 353
149 953
443 187
89 1153
523 590
1296 1159
976 120
1199 406
553 483
426 418
1010 275
1132 1322
1336 453
384 1293
30 523
954 583
752 691
107 712
836 750
337 1174
433 512
1342 1026
679 1122
291 1048
845 436
1279 54
756 1183
422 746
1320 1070
242 138
1322 1299
103 396
1316 1340
101 10
445 965
930 61
920 1147
473 1083
909 828
165 701
117 1327
539 67
692 46
1300 744
630 79
1044 39
1213 134
504 1121
924 986
963 938
260 888
163 1027
634 360
915 754
255 367
1229 1378
320 192
20 1029
1110 1028
522 668
897 1276
472 395
1320 1199
513 1184
278 106
1392 819
207 971
203 1401
321 570
1117 477
467 1050
665 745
1017 836
1396 3
651 941
1271 138
66 1232
73 262
783 835
836 1423
493 790
1274 1099
27 802
683 386
222 150
779 657
1261 338
189 856
989 863
139 312
553 187
909 516
676 1072
1187 439
535 988
436 855
620 1276
769 147
1024 1186
