40 156 34
148 509 1
101 385 2
452 256 2
307 407 2
342 606 2
389 43 2
160 612 2
565 556 2
638 503 3
405 371 3
484 630 3
266 169 4
137 295 4
261 22 5
594 300 5
493 505 6
39 99 7
158 151 7
429 494 8
539 86 9
497 199 9
310 543 10
579 412 11
321 341 12
582 143 13
67 300 14
406 136 15
233 493 16
19 22 17
221 282 18
108 102 19
474 413 21
94 42 22
359 229 23
6 470 25
429 576 26
128 440 27
96 603 29
598 616 30
43 543 32
190 390
637 241
71 236
82 162
209 223
389 311
604 7
46 638
478 123
212 640
547 233
537 285
634 139
543 28
478 313
596 206
267 95
162 339
376 415
38 184
338 474
3 589
493 51
329 50
374 522
630 50
431 87
93 479
236 349
84 427
513 567
550 489
416 200
191 443
525 419
297 293
359 151
21 277
389 628
632 395
138 204
450 164
336 291
5 222
150 47
311 246
467 365
77 0
181 300
40 400
618 551
511 381
292 450
187 527
568 178
474 569
222 570
553 618
625 592
252 548
429 44
640 298
254 626
205 148
445 220
342 384
17 357
391 223
545 332
493 271
400 280
165 231
491 17
151 120
13 433
559 53
43 587
262 131
321 173
337 426
117 2
280 511
349 183
636 365
458 610
61 352
354 348
460 41
223 389
634 78
284 329
358 263
282 257
129 156
33 71
255 389
390 97
46 457
74 636
599 88
267 222
535 455
445 307
202 31
289 206
207 421
509 156
416 244
78 270
612 342
497 459
415 451
225 105
186 59
79 507
285 73
24 528
45 500
583 61
287 44
101 454
579 636
349 528
362 464
218 459
572 534
98 126
454 523
108 636
178 628
511 316
152 25
144 389
342 95
266 432
573 3
640 463
169 474
232 66
292 494
338 147
148 459
462 84
107 222
538 551
606 438
529 5
409 347
441 556
502 127
64 562
575 328
239 611
87 527
450 579
433 620
