90 1637 162
888 1846 1
1690 2019 2
1395 2723 2
1137 519 2
1117 1177 2
2168 2436 2
8 136 2
2796 1049 2
1028 2954 3
491 2861 3
1808 3039 3
1607 416 4
664 775 4
1273 2407 5
1737 2621 5
2632 1708 6
2910 414 7
236 713 7
3101 1770 8
527 2054 9
2431 768 9
359 1581 10
884 1456 11
2866 2134 12
403 2513 13
1307 1771 14
2497 3058 15
921 183 16
3061 2455 17
1903 705 18
739 2368 19
1492 1114 21
3187 2834 22
2446 101 23
70 2853 25
543 269 26
2010 1131 27
2812 2849 29
3068 3146 30
1389 3200 32
2996 1405 33
1201 848 35
2199 2934 37
3009 783 38
2394 1207 40
1359 1427 42
2272 1797 44
1694 92 46
2544 2237 48
16 2545 50
3211 230 51
1947 365 54
522 1103 56
2318 417 58
2005 1472 60
636 3176 62
1186 2069 64
1520 756 66
2036 6 69
2837 13 71
94 1870 73
1927 1791 76
60 1519 78
765 461 81
2639 2554 83
1359 53 86
60 997 89
408 5 91
2085 3214 94
240 2276 97
780 2798 99
1720 1451 102
2637 299 105
1552 2390 108
19 516 111
567 1402 114
3237 1260 117
1815 2298 120
2262 972 123
2694 716 126
889 894 129
346 1830 133
3085 1042 136
2100 2686 139
287 3045 143
1459 2961 146
2113 2193 149
1746 988 153
2405 2720 156
3225 1973 160
1150 3236
1372 495
2769 1900
912 641
1544 1605
2114 524
1120 27
2526 1010
1146 2612
520 605
2457 1448
807 2109
2664 1269
1406 2223
1506 1902
881 3137
195 1164
3220 788
305 439
655 2593
1015 1640
810 1217
2776 3140
11 3128
1936 2487
1274 281
2421 2038
3093 510
920 2457
1628 3156
1896 2790
706 970
2448 2432
319 1322
619 1709
2108 746
140 334
2014 3023
3214 2206
1601 1307
2809 199
350 852
2247 1510
2173 1979
939 2710
2214 1333
1045 2253
2019 904
42 1300
2393 3229
1222 2904
1740 1828
1815 561
2872 1739
325 229
2668 2387
1030 1353
217 2451
278 2045
1144 1793
2307 2581
556 2222
1569 2608
199 13
300 2703
3117 2682
1879 2071
3005 2944
1292 1173
795 1707
2859 1199
1820 190
2992 120
3049 1231
2270 3083
868 2974
183 1631
1372 2558
1710 1654
2812 1464
401 2261
2588 1904
2647 2101
2337 2868
2662 875
3231 1476
1195 998
2827 2658
506 455
242 3205
111 2677
2426 1640
2914 599
318 1054
1411 2057
1505 557
1656 2289
514 773
49 1140
2888 3239
520 1577
1392 192
471 3014
1172 1609
1806 3239
1834 5
56 711
222 2881
2331 2266
2012 244
3004 2176
1133 284
1323 648
48 2175
104 2307
782 1369
1564 966
2714 443
1727 1261
3185 3061
2534 1288
675 128
2455 307
1668 298
2843 2269
3179 3230
2814 780
217 1801
1815 394
2213 155
188 991
1187 1450
2012 2383
1906 2627
532 1815
91 846
1858 1155
592 902
2470 477
2663 2841
763 657
397 1993
1762 2815
3231 446
999 393
1997 571
109 2037
521 1257
3106 902
158 3081
841 2584
2218 2119
647 581
631 1903
187 579
342 2388
2588 116
3221 959
2149 1680
533 2501
1620 1160
2461 2881
2314 226
1176 637
775 2255
2496 2600
669 2100
1435 2366
779 1575
1362 1074
1550 318
3205 38
27 1734
2380 1896
1262 127
1023 2803
3043 2018
689 1201
923 1742
652 2852
444 1457
2529 3182
353 3135
2961 1130
3039 339
2939 2403
2624 615
3203 1614
1013 47
2154 2809
2668 2732
1314 885
2245 3236
1191 2294
2299 2029
441 1880
1656 629
2675 3101
2786 2464
3030 2810
2382 2140
894 525
2135 327
2128 1469
1705 452
3080 1336
2323 2445
85 2980
482 956
1127 3019
2708 78
2592 1505
259 1420
1531 164
1906 2913
2041 1646
1877 1307
2942 281
70 421
2237 566
1893 264
2357 557
1932 2313
1762 715
2026 2010
3189 2403
2904 1552
1297 2643
463 3189
399 139
321 1732
1364 3031
1245 757
449 2416
306 2496
2357 882
906 1195
1046 483
1901 462
1273 1630
2236 1197
870 1014
1818 1575
2604 17
2104 1370
1420 2816
2712 1475
557 143
2098 92
1840 2193
2012 2165
1208 1956
779 1943
1053 970
2910 180
2911 1034
24 2720
636 1613
1968 3231
1106 1899
3020 1824
158 2574
1044 1825
1558 3012
577 1025
900 427
3171 332
1598 1452
1874 3180
2297 701
1017 2555
2520 1381
1144 2826
1161 183
1634 2955
2908 884
2894 2520
2693 2184
882 1599
2794 1594
1637 179
1386 1910
3119 2893
3017 3237
2876 681
2888 1840
2966 503
2395 2549
3159 1707
2163 1023
1215 381
2576 2365
705 362
1712 825
1527 2790
3151 156
812 285
1869 994
1015 1536
2591 1222
1889 1921
794 46
417 659
3087 408
249 292
2295 2687
2099 2949
1418 1205
2266 2770
1014 1170
2990 1567
725 2933
324 1919
1329 2797
1808 2661
2527 2983
526 1477
1544 2027
2878 1641
296 1233
1482 1491
939 2244
2999 2328
1303 567
2225 472
1223 2743
1151 1305
2067 1830
151 1513
999 860
2664 1920
3099 2160
44 2461
258 833
1266 3171
2989 659
1471 1279
647 3007
123 950
1529 465
1148 933
2442 11
3027 1745
660 441
2764 1194
3024 221
2108 1936
752 1045
788 1838
1066 3207
10 3203
2576 2920
2911 1283
529 381
3104 1627
29 1832
301 563
2141 943
743 1270
95 598
1390 323
2745 1732
1259 2188
1143 1986
175 216
145 1224
2213 3021
2207 347
758 1463
29 1600
1126 2942
2150 2270
1665 3039
903 2068
464 2340
184 1094
2311 9
948 1659
345 661
2256 1640
932 1282
560 3058
2067 618
1599 2708
1818 633
1805 1954
2583 2033
2130 2572
666 1789
1076 3105
2269 77
1815 2862
1487 380
839 134
2542 334
2108 1747
1637 1524
750 1117
2418 611
2798 2147
1042 2485
3152 2485
2005 1029
1349 752
3088 2560
1306 2494
289 1976
1535 3108
2092 831
998 3178
1674 2866
1691 2683
1284 1257
82 137
402 2189
3056 2896
925 771
467 26
379 1393
2879 2329
853 1346
2240 2288
954 1992
1287 2991
3049 1143
1684 1182
2774 719
3016 2541
953 2379
1059 196
2360 641
441 1157
2727 2553
2436 1274
2060 439
468 105
523 3168
902 40
1267 474
215 1924
170 860
1509 2079
2888 2638
2414 970
2296 3204
1089 2188
1311 364
1941 1255
2001 1767
713 2194
2027 839
905 1947
1734 1965
2265 1926
1942 917
548 840
263 53
2224 2826
2942 1482
2596 751
209 2385
265 389
2220 696
2217 221
1911 807
88 3042
149 1703
721 1977
917 344
874 586
1444 439
2112 3017
1064 833
1057 2719
2789 2234
2207 3099
511 1036
3160 1928
842 693
2741 3223
3111 3069
1587 2842
2912 1363
1465 1007
2894 2018
1107 1236
1973 2559
1671 2106
2840 1111
2023 2295
165 678
1311 1681
2013 396
2818 894
1402 795
65 1682
148 2496
2953 2242
2090 230
1887 2363
20 2984
1359 2011
568 341
2879 260
2968 1624
1141 3101
2485 755
1227 1102
2082 907
1181 99
1210 2347
245 1069
2291 1222
100 11
2249 1277
3169 409
721 2513
686 2771
2011 1922
2633 1643
395 2097
2981 2470
1185 30
1494 2628
2901 2459
2766 2703
2126 3166
1024 532
1295 1858
37 2313
934 1503
1688 227
1027 679
1046 1079
2817 3029
1579 750
2983 1698
1483 2218
1439 534
559 565
2934 2669
617 1371
1944 2401
621 2030
207 3027
2153 199
1121 685
253 3147
447 2895
1061 1876
581 1304
308 2936
2537 22
1442 67
265 2422
965 2760
100 2567
831 2368
2474 2813
2383 1011
1264 2126
1662 2155
749 765
2520 2791
3030 2111
387 2587
3125 1539
1601 2077
2981 3052
2786 1270
1041 2871
985 193
751 2590
2737 596
3006 1169
1944 2253
358 340
1209 3098
2447 2690
3179 917
2496 274
3029 403
752 407
2152 2728
551 644
1473 1750
1504 1363
581 1799
2032 347
1045 2036
1875 3045
2381 2000
2296 1382
1967 2128
3051 650
1438 169
266 2748
576 2366
332 2048
1436 2591
3184 1453
1182 1560
2243 2579
382 1041
1239 2786
996 2840
647 894
1148 997
2387 167
1980 1659
2665 1054
480 2106
2763 765
2768 817
664 2294
701 1098
829 3122
2802 1356
1666 1622
2017 1087
2386 1767
580 2540
2160 546
1645 1803
81 1956
2334 3002
854 3019
3226 296
2104 281
692 308
1440 1111
1291 1028
1786 672
1640 586
73 2704
1008 2687
294 2550
1461 2063
556 2601
822 2533
1759 235
1561 546
3075 1515
1138 2059
3227 3047
2667 1566
2686 126
2858 1553
2100 1588
1376 2944
598 3027
132 1418
117 61
2789 1681
1125 781
288 3175
2403 1435
2049 95
173 2788
1916 308
782 2201
1274 528
2406 3178
3099 1250
75 655
2025 758
98 2252
101 1138
2324 3071
1641 2743
2912 786
1827 2454
665 641
1244 1542
2012 2081
1364 2345
33 815
106 535
2486 3149
1967 872
2478 685
2433 1121
2760 1113
629 2949
933 1557
1353 2454
1966 452
1020 2450
845 444
241 246
1893 1600
3156 1590
780 1418
1503 2575
25 91
2810 2808
883 3236
1538 2467
1200 1667
2581 864
1459 2109
900 2947
2145 2059
1287 77
2542 1945
1473 1794
1814 66
942 2856
2027 135
1873 2996
1108 1088
2056 1229
1917 212
1426 3024
1252 1494
1594 595
1499 19
1397 1830
2703 2066
2479 2308
2952 552
2261 3177
265 2483
1238 1041
1305 1411
2609 1466
1503 947
696 259
1999 2967
1780 2532
1808 2964
651 65
1845 765
857 807
177 382
1623 306
2588 2959
939 431
1461 2176
3035 1913
1683 351
2806 2104
450 1267
309 2821
2808 2201
432 573
244 2348
955 11
1150 2785
1769 1868
2674 3203
351 2547
296 635
794 1180
1010 1866
2729 2228
2440 3136
2922 3015
998 346
2447 826
2568 424
453 1712
213 1867
242 1618
2020 3161
790 2391
323 2625
2214 3161
998 756
1436 1819
80 1053
2988 2851
2657 571
2458 3063
2827 1927
452 2006
3069 3240
1308 1460
742 3126
613 2337
2828 1811
208 1387
1503 1846
2992 2612
1955 1749
1636 895
2361 17
694 48
1688 1788
1883 894
1662 149
2303 539
40 2230
2942 1181
2074 2839
2168 2126
3094 34
2201 2759
1127 560
1550 2899
1708 1311
635 1491
3196 668
621 1818
2748 1358
1192 1322
791 2340
2864 2456
647 1742
2668 502
3167 2877
758 176
1222 2494
2019 986
368 2718
411 3032
1146 868
1732 2239
740 2419
1382 1984
950 2631
1849 832
2776 3188
2010 1832
846 88
752 1918
2562 650
1112 1736
2449 2839
1207 516
2853 447
481 757
2767 256
3224 740
2060 2759
1374 2765
615 1412
228 613
636 106
1424 848
1653 2777
2618 1835
2622 3195
1813 953
2260 1552
991 3052
2490 2447
854 1491
2412 134
1913 2666
2463 2656
2087 180
2890 110
2980 2579
2746 686
2011 1542
858 2478
549 57
1631 98
2547 1479
1149 2361
1953 2597
2656 3055
543 217
2775 2066
2929 2735
11 247
2359 518
388 2465
338 3180
611 1099
2363 1057
901 2488
1738 322
24 434
821 2977
2765 3031
706 3099
2445 3217
2941 2358
429 257
2154 2
2561 504
1089 2940
98 1335
659 2037
287 215
2834 1241
729 2716
2466 1002
1311 320
3195 597
1504 841
337 512
1920 502
2509 1346
1126 1432
2631 721
1552 129
1794 1661
2558 952
1679 474
999 1399
3149 2838
2254 2685
1575 398
2261 643
2214 1677
1161 2425
817 605
427 447
672 1642
2075 861
251 2704
1757 2201
1210 2822
2013 1226
979 1048
2529 2444
650 2750
1822 2489
1385 1472
516 2708
2742 1620
2061 1376
2256 283
2687 832
2063 1138
1493 2133
3008 946
1203 904
3190 1743
161 293
1563 2709
1910 570
510 505
18 979
2729 2310
2190 1076
2191 2306
2097 1800
2873 943
1752 1795
1596 71
2308 318
2128 1811
344 2198
2827 2928
2178 662
2176 3071
3028 602
486 1233
3048 2778
3183 3094
1213 164
1547 199
853 1701
1392 1585
2683 253
1512 1326
446 1041
1509 2923
587 2853
1141 247
1513 1439
100 220
2271 2867
3218 1234
1060 1729
696 2560
219 3124
1903 2283
1846 1241
184 1442
1268 43
835 3068
3120 731
605 930
2360 754
1242 1268
670 1972
2670 2344
899 1103
303 1119
1692 2600
2373 3068
1729 954
3129 1032
1683 1113
1006 2054
2710 3154
797 1458
2138 1193
1525 1155
1483 2744
951 1791
762 108
770 2886
1762 963
1968 345
2997 1037
1842 377
2666 199
5 1896
2165 1461
1300 1998
1430 1973
1363 2805
3198 162
362 2998
449 1326
2774 3062
2837 336
533 1746
1709 2568
2955 2806
2375 1392
221 1186
380 2659
502 223
148 2368
3117 2952
180 2135
2125 1001
1397 887
1833 1748
2651 1887
961 1006
445 3100
2269 2168
1256 919
1956 580
860 2437
1844 1526
1709 2041
955 2910
2921 39
1089 2887
2226 51
1522 1710
1832 2770
773 1009
2404 497
1808 2003
1773 357
1961 704
2126 631
2330 1502
970 1758
2346 983
1331 2368
2554 1975
1705 2539
2161 2033
1436 506
3053 1643
2052 2625
947 2940
2025 2819
1982 1313
240 3175
824 1775
1746 2877
1017 942
827 973
2843 123
111 1723
1594 334
1329 1742
1695 2064
1385 227
1146 3150
227 2563
3079 2042
1098 1032
3079 2670
2932 2070
3138 276
3108 2924
1758 2110
2651 1209
821 814
2756 2121
1782 2177
1827 2832
2627 542
1794 1123
534 420
1259 207
1102 827
549 2427
514 2587
2611 479
653 1222
179 1965
1960 136
1325 2071
2531 2695
2865 796
2367 2310
2687 894
1402 2849
1 904
731 2225
1526 2588
2194 2797
1978 2355
2363 2646
2355 2725
878 2087
584 602
1418 1095
2534 479
2048 2491
2989 2500
2925 73
1702 1961
1182 2792
2743 960
2959 331
433 495
1253 307
792 1535
1023 1059
350 23
1834 599
2613 2297
2966 60
3111 259
181 2275
2800 3097
2344 2568
166 1753
1672 3149
1599 1792
2514 363
626 822
2578 3086
1874 2963
1747 1417
1293 735
2430 2413
974 1935
1523 1954
2079 3016
307 1828
308 59
2278 2015
996 1818
1278 342
2259 697
2305 3131
593 2733
1053 1578
1381 2452
2720 2005
498 1158
956 1528
1958 663
312 2464
1269 1854
2649 700
1013 2395
2050 2693
181 2670
1642 2231
2389 1269
1830 1366
479 2589
1188 540
2163 1822
2481 1904
1119 2111
495 2645
1621 3110
512 2140
3172 1790
2644 2276
1588 241
3161 842
2463 1619
447 1236
1201 1023
378 2935
3067 3109
1691 1763
2686 1139
3024 2358
2683 1858
636 620
1020 1490
684 740
2619 2764
426 3240
2228 426
3007 2143
326 3211
1788 2871
3001 1074
1234 2643
705 387
675 1690
2741 1404
296 2986
3069 1438
2535 2515
1538 1873
2487 1218
2582 816
3095 3156
2204 2509
902 795
1815 1474
220 2921
1171 1835
1340 3163
415 1526
2881 2678
559 2820
18 879
628 3053
646 338
2170 3031
1284 3065
2983 1917
2059 3185
2525 151
2415 2776
600 1524
2596 914
438 1369
1798 2743
1681 936
962 1701
148 2120
2601 2114
2723 1056
2219 1296
553 366
2818 3238
450 182
2539 640
3156 1157
329 1509
1983 1004
219 1428
1677 2475
1442 26
480 262
785 732
1548 279
349 1200
433 1916
443 1631
2661 1736
1513 2451
1122 1282
85 868
1403 1795
1865 562
272 1344
2720 2761
2761 596
2468 643
2974 415
2466 2267
2662 3029
1810 1739
852 928
3004 3159
2847 1490
128 356
1497 3205
980 2587
1486 2267
2431 1888
3194 1379
708 187
551 981
2515 3121
883 2146
1787 2336
2448 145
1648 678
669 2323
1828 1887
1742 2961
1820 1495
2807 1236
1707 2194
403 1685
2427 1997
309 14
582 3012
1222 209
671 314
161 2758
1929 2041
2644 2033
670 1515
667 2636
2401 2458
2407 29
2705 47
985 925
2797 1896
2205 744
1257 2541
70 2558
1108 501
2866 94
430 690
998 1028
91 2806
3020 1236
2938 902
2690 2772
1454 743
2824 1010
183 1484
2532 3051
2894 3071
1433 1258
223 342
2586 979
857 191
2459 3011
2386 2361
444 2280
933 1144
2995 734
577 1111
3136 1826
2150 1477
329 1225
1523 969
240 189
2387 1237
2866 3162
2721 299
1247 1353
2766 1078
1897 139
237 2187
1937 445
1238 1799
1450 2913
811 2919
53 822
1668 1694
1113 92
680 3031
166 2402
427 2060
2819 2696
2343 228
87 51
2078 2066
2777 1479
2524 2176
1506 2118
1199 3188
1781 1028
1198 2913
1821 2078
3209 3125
1193 2665
2881 196
855 331
2628 572
1021 1391
757 2704
1937 3071
1020 1331
1639 1013
1071 1693
754 1325
1325 749
2511 194
3038 2603
2810 1744
1269 749
2501 1807
797 862
2056 3087
1973 1221
206 2307
297 117
2434 2563
2209 2070
3070 1995
2058 1964
1063 2218
1278 2756
1024 1572
1921 2574
343 2283
2934 91
3096 2748
1280 2093
1234 1758
3224 381
2288 2435
2963 2648
2796 2305
18 1175
2146 1792
1215 2248
2173 2846
1067 892
2883 2731
1717 2226
1487 1376
1784 2758
2947 2051
2728 2375
2815 619
3228 1369
1980 522
1566 2828
1789 2660
1276 2241
1701 2768
2875 2416
313 1708
2178 47
1977 1193
1342 19
2389 2902
2775 365
2244 2170
971 879
3040 3022
1804 2106
1608 2772
732 2010
1662 1838
2530 461
152 546
1867 2866
666 3155
980 720
514 2546
1825 1593
2273 1715
221 771
2785 922
1798 386
903 2692
449 2961
2488 1182
18 2490
1284 24
468 1148
2393 126
2469 3223
3183 2671
2121 1167
1588 2960
2707 2209
2106 491
2580 2383
2980 3225
2739 2771
1145 791
1485 3045
2862 2514
2961 1058
2813 2352
2108 215
2428 1859
2557 54
2606 2342
2351 830
405 1495
2629 2582
1539 3215
1786 2843
1345 1328
2605 1139
2206 3047
108 1909
1247 3159
37 834
2164 2238
1355 1917
2776 2381
3046 1005
2577 2663
2776 790
2956 2528
3081 2248
2164 2782
3008 2732
2726 2642
2092 3179
2047 572
3057 1760
2302 495
2458 1149
1872 321
769 2951
1974 749
2042 2311
484 1125
1897 302
103 2336
1081 1487
2219 1169
602 13
1123 349
3234 3240
900 1401
1474 1694
2421 2634
1053 286
2628 383
857 944
1377 2288
742 677
2714 3096
1866 2896
2703 2732
2530 1221
225 1588
2213 897
1946 3096
83 1079
3189 1780
649 535
86 1407
2763 535
2616 276
3127 67
2562 135
79 2824
1394 1166
1364 451
1773 2245
1318 2613
2638 665
1450 2649
2215 1580
2859 3073
465 1898
1611 2651
1939 2464
1552 1171
1424 2319
912 1120
249 1404
2732 1696
3066 3058
919 2906
1518 2674
244 2766
2151 1921
1403 2497
1687 1010
3155 193
323 1651
2396 3052
650 2117
1018 1149
1497 2886
404 2378
1954 2641
445 2096
3096 1360
2467 846
2171 1093
2840 236
514 2780
764 4
133 2272
2161 2152
3225 2973
1036 2839
444 2566
208 152
2909 1863
2326 3050
880 3159
28 1812
2840 3045
95 473
1791 878
1999 814
2771 6
760 2780
562 1121
745 3142
1564 2918
680 1604
2595 2260
1013 2831
1486 2498
870 1277
2419 3014
2781 1773
2101 312
1358 104
2055 681
1509 1861
2013 1995
1430 1508
1984 661
1915 2795
233 447
1670 1784
2782 1953
2502 538
149 1837
369 3134
2162 2753
2966 2975
1981 1350
763 1979
1987 1133
3120 386
744 282
947 1512
774 621
1829 336
2586 1474
2483 3206
154 2787
631 3072
1654 2573
427 2744
1325 56
1944 1219
961 2398
1665 2225
1984 488
2397 957
440 1119
