50 294 52
677 451 1
286 224 2
491 802 2
238 506 2
666 155 2
960 471 2
706 641 2
217 830 2
815 331 3
557 477 3
397 970 3
353 541 4
169 933 4
7 296 5
466 155 5
645 878 6
590 37 7
845 683 7
491 290 8
368 68 9
464 577 9
34 579 10
284 662 11
963 133 12
244 71 13
775 198 14
84 78 15
746 79 16
486 405 17
861 83 18
114 730 19
546 690 21
973 676 22
141 339 23
633 255 25
168 161 26
784 875 27
595 786 29
963 784 30
368 855 32
88 856 33
223 387 35
776 747 37
410 723 38
952 569 40
979 924 42
906 390 44
776 485 46
757 976 48
5 940 50
17 168
956 242
90 478
365 331
861 944
274 913
852 251
13 716
230 744
874 0
802 592
673 33
966 47
862 815
81 242
551 115
881 536
584 619
311 982
696 791
708 250
176 258
363 213
716 342
414 645
465 993
467 18
541 240
189 677
592 354
79 932
910 638
620 544
906 311
397 0
166 49
141 574
164 487
432 255
323 737
337 922
305 474
977 855
824 994
521 633
345 144
40 404
290 593
455 931
520 58
685 958
683 576
729 536
584 983
608 924
570 410
807 394
73 669
305 304
594 213
999 372
287 822
43 23
747 143
665 701
160 870
929 726
553 748
364 790
538 557
744 394
835 456
148 770
291 127
884 203
19 793
97 994
194 788
729 716
520 978
937 969
640 209
215 447
39 897
474 200
910 882
631 827
570 826
34 93
615 408
743 860
419 381
448 816
410 884
131 629
382 416
925 190
855 896
321 59
543 861
779 541
922 456
982 607
753 908
773 705
446 347
776 623
578 524
998 305
253 32
245 204
324 244
944 617
495 237
552 186
793 298
145 520
238 663
659 768
627 120
568 76
257 465
123 397
264 153
758 329
64 340
62 737
204 622
279 437
512 374
928 844
472 90
364 258
148 98
661 388
964 398
867 402
827 205
647 635
438 972
300 858
698 206
254 806
495 512
517 909
868 170
730 499
630 355
334 14
219 244
510 600
753 805
329 573
561 377
743 218
202 550
624 86
692 905
175 1000
955 898
693 310
201 76
433 49
446 444
371 116
6 247
10 648
910 582
254 349
711 931
832 837
112 935
97 623
113 788
214 590
366 658
722 373
693 734
185 397
644 521
150 277
692 130
924 417
49 959
762 278
704 61
625 607
575 950
143 183
505 721
404 596
93 283
616 697
775 661
241 987
299 158
340 411
723 762
577 556
196 304
183 346
476 608
944 930
252 399
932 657
111 115
555 36
544 348
71 823
838 285
268 497
896 934
226 935
114 249
23 441
955 819
669 6
27 544
412 839
794 365
80 405
237 779
567 213
139 445
390 905
672 676
403 91
437 888
267 190
102 326
599 329
88 372
497 683
315 371
472 960
204 38
41 511
463 894
122 290
901 337
262 237
862 572
728 811
462 837
132 229
43 150
468 637
976 342
411 278
932 548
779 803
359 948
657 323
794 423
415 66
786 3
741 118
80 965
806 678
705 817
234 279
97 908
510 866
788 27
462 313
973 502
931 81
479 745
405 239
699 465
890 141
239 859
30 45
148 907
451 685
419 412
761 833
194 817
466 283
322 885
746 667
116 171
756 440
618 233
595 243
170 970
208 13
129 859
861 708
951 283
221 896
708 438
934 375
799 937
