130 4889 336
1916 3044 1
2207 6630 2
3529 275 2
5010 5934 2
5140 2071 2
6053 3425 2
4035 4139 2
2456 867 2
2949 1571 3
6556 4137 3
1101 1613 3
1853 343 4
1963 2164 4
6232 5568 5
435 5304 5
535 451 6
2456 5282 7
3727 6231 7
2930 3730 8
93 1484 9
3467 5212 9
5397 559 10
5011 3766 11
4075 763 12
4526 2352 13
143 6156 14
4923 4743 15
578 3627 16
880 5826 17
6518 262 18
928 2537 19
6724 1024 21
2978 2754 22
6640 2680 23
3944 3189 25
1760 5644 26
4615 1507 27
2605 4626 29
1452 4853 30
5262 6736 32
6537 6497 33
1456 4141 35
3437 4435 37
167 2947 38
3905 1843 40
3051 6670 42
5726 2492 44
3109 5905 46
4500 5478 48
5560 5540 50
5821 4449 51
5752 1173 54
6175 1851 56
1569 6439 58
779 4298 60
4576 6536 62
4888 2920 64
4848 76 66
1401 953 69
3649 2541 71
81 4321 73
4145 78 76
5794 29 78
537 6726 81
2918 408 83
374 2063 86
2121 3714 89
3979 4854 91
6460 4831 94
3151 978 97
1302 2 99
2417 80 102
1366 3243 105
768 1027 108
1744 1438 111
4702 671 114
1359 2131 117
1954 4598 120
3288 2099 123
6642 3346 126
6103 680 129
2493 6072 133
5670 3873 136
5191 1131 139
3880 5722 143
4414 3694 146
4 3492 149
2406 1386 153
5809 6205 156
920 6343 160
5535 3359 163
676 4829 167
1122 515 171
2613 3127 174
3677 1385 178
1674 2585 182
5562 1752 186
6760 1602 190
6 809 194
3277 3193 198
4180 1249 201
2785 2305 206
4458 6050 210
5231 4301 214
5741 5006 218
6314 1292 222
641 3149 226
3402 3882 230
5888 6673 235
1199 3731 239
649 1520 243
3857 6712 248
5201 2577 252
6687 5462 257
1843 5197 261
2486 1974 266
4047 2290 271
2547 4059 275
5025 5181 280
2033 992 285
6130 2809 289
91 4949 294
5388 4694 299
767 27 304
552 6111 309
6735 2011 314
4189 2729 319
4357 4622 324
3220 4862 329
459 2656 334
4482 3301
6156 2249
3657 768
2266 3321
1119 4558
778 2124
4691 1907
3450 1702
6701 5944
5103 1551
2803 5466
5033 3305
18 5418
6675 3742
2358 2712
4705 4149
5327 2968
2062 5943
1542 5954
457 830
782 5446
2001 1731
303 3965
4131 5244
2479 3678
2944 4147
4029 3579
2255 491
6214 5101
4257 1965
2945 6296
61 5771
2009 4205
2575 6695
3671 3488
1229 2815
4189 6590
3493 6529
1133 6740
1612 4544
2810 4992
6244 4348
57 2390
148 6625
1240 6090
5288 6134
1313 5483
5465 203
3340 2647
3556 2903
1537 2914
5849 469
2316 4878
159 287
3558 5733
5796 5843
5981 3745
3234 500
4048 6087
5437 1367
2852 839
6684 5148
4725 3496
778 2861
3593 4719
5929 5304
5359 5803
3104 1304
2275 2373
3827 5322
5500 2272
3900 288
1083 5026
3021 117
5828 1550
4211 1617
1504 3806
5768 2805
1693 857
2592 467
1087 1976
4783 5355
4945 472
4723 1071
6364 3769
1834 6743
6730 2380
3053 5160
3969 4450
1619 151
6752 698
2507 4347
5416 5243
4936 6756
3779 2142
6203 6152
2204 6214
4751 2643
6685 3042
4263 5805
2041 5637
1219 2413
4469 4955
1852 3552
5852 1875
3126 5585
944 1365
642 2436
5427 841
3143 2427
6504 6155
132 1851
5143 5564
2126 1272
2966 1990
536 4130
27 3839
869 627
2281 1796
4393 405
5182 195
1595 1782
5323 3727
778 325
5437 6382
3240 6369
5028 6379
3823 1113
147 3255
208 4659
3453 6179
2955 3094
3211 3520
3494 1134
1095 4213
5903 5602
6009 1241
3736 4329
4496 4333
2130 5132
5670 3091
1540 419
228 3683
4767 6199
321 5860
6191 3186
5741 6473
315 1182
3498 579
5475 4310
845 1783
6268 5863
380 1587
4989 4324
945 3934
6064 2471
3649 5052
2777 4427
1426 625
5987 5982
4661 4687
2540 6323
1414 3475
6332 2410
1636 3335
2245 4622
2723 1391
5558 5992
5255 4990
5361 4040
2020 97
5140 4641
6263 5332
4828 1615
1278 1237
2714 1630
1929 758
3337 5410
3527 2125
1828 6158
3963 1590
495 5042
3776 2781
204 563
2143 5370
1533 5366
898 3617
3900 3862
6552 6760
2019 2474
2237 3050
5704 3535
1964 3340
4376 2947
1277 338
984 177
4179 6337
4807 5669
3190 3780
1744 4923
6279 6456
3724 4550
5093 4024
6530 1431
3258 6062
2498 1723
2796 75
2945 5743
1868 4376
4974 779
6513 5270
1739 4028
2284 5887
6479 1639
6044 4442
6685 4387
5084 1808
4671 4901
4715 5152
1063 881
2742 3499
6269 4080
5144 2799
3449 4898
2344 5569
1919 6437
3738 5894
4877 2265
5404 1051
4565 181
4482 6736
1416 1884
2391 1078
565 2922
6124 4656
349 2823
5644 698
6056 3958
1526 2384
4756 4344
6508 5650
2614 5829
6164 42
703 3435
4810 3754
4846 3168
6585 3568
2280 727
1007 4725
3473 3140
2074 4929
2301 4109
979 1093
6468 13
5788 4660
4080 5560
723 3828
6396 3242
4740 5871
4501 2147
1442 1643
5764 4077
447 2438
427 3744
3881 4664
5175 3469
17 4039
5785 2102
5001 1146
4804 6558
188 2204
6345 2016
2743 2509
1337 5777
4484 1136
4967 2484
5678 1943
4814 1320
2703 5306
3064 3388
4200 3403
3314 2975
727 5019
226 3439
6215 1483
1369 6524
5634 5358
326 3162
6415 457
4260 4222
3111 2166
6207 372
2754 2838
3320 4084
2511 2499
3277 738
2108 4407
1396 4635
4458 2558
5339 5560
178 5635
3914 2434
2855 5213
1859 3820
447 4684
3534 6753
966 2261
3228 1561
1790 2810
5714 231
3932 6339
1009 3432
1309 6315
2732 660
3915 536
32 4675
910 6147
4408 4133
2578 4983
3673 1918
5582 1234
3531 3372
3704 3741
2826 6693
4126 2494
511 5854
6361 2992
1514 2042
996 3768
1152 3933
6581 2215
1308 4317
1528 5157
1607 1233
2701 4148
2445 5764
261 2614
31 1298
6758 4947
4925 2697
5141 4446
5423 3125
562 6541
3132 3026
4446 5695
5090 3150
2717 3309
118 2766
6504 1248
5177 5933
5868 2371
6640 138
6422 2690
2785 1040
3289 247
6235 3452
1060 2801
79 5242
4235 3165
1883 2360
2328 235
4033 6624
4243 4443
158 919
310 6485
5116 2342
508 3288
161 6371
2620 823
5297 1597
3841 4118
2422 2872
4227 1458
2266 2163
4050 5769
4959 6192
1351 5295
4189 1824
234 99
566 5442
1474 5601
3155 4594
961 5336
4146 1000
11 2591
2344 6309
5069 5704
591 4300
1214 1848
5188 582
6030 6465
3216 5319
685 6407
4477 2785
2543 4795
5397 1882
5940 4956
5530 6236
6511 1906
2671 268
721 3285
6068 5780
3010 1709
4954 3051
4304 2179
2134 878
1795 4175
5300 5343
4576 1996
2745 3996
3096 3652
5260 1289
4143 4030
6740 6274
3693 3343
6672 358
3324 4333
2532 3517
5005 5367
1896 209
6370 3537
2093 4779
762 2682
383 1921
1086 1187
2017 2736
1214 5095
3740 2430
1434 1415
3033 4289
2681 5603
3590 4385
740 186
2149 2793
686 5881
2851 2683
4677 813
5900 6102
5931 923
2216 3824
1307 2994
3772 5582
399 3515
400 105
2997 922
1925 6010
1822 1918
3502 5494
4694 4012
3401 3339
1630 5761
1401 452
3331 2232
5996 1964
911 428
5693 4214
4341 6119
3694 628
2998 294
3454 5944
6729 3887
5144 857
6060 390
2188 6062
914 3267
1347 5930
2197 4251
4974 995
3348 1140
5029 1375
4730 356
474 6346
5826 3637
1559 3946
2129 361
3230 48
3100 6059
3902 6059
5479 6628
2231 1568
4377 783
3163 5009
1808 1014
878 6553
6091 6743
359 5181
2574 5394
4357 558
1549 2671
2929 4547
4533 6333
4619 4451
4362 2430
308 2984
4620 3862
1731 1748
6191 4941
6367 932
3722 2264
5902 2722
4801 5509
312 926
1250 947
6632 3217
2108 5512
1277 4594
1725 6609
1310 4753
828 6671
5279 3904
1091 2252
1753 3283
2376 1573
551 168
6214 6706
2894 6028
2916 3455
979 3026
4885 1426
2335 5434
432 1744
462 659
6085 3825
5436 2676
2679 6484
1942 5729
5995 4168
5977 4338
299 5053
6751 6093
5900 4008
2482 3943
6037 55
5210 3239
3277 5814
2551 1445
2226 1991
2402 4422
3554 5359
3404 2133
4893 4230
4240 4826
1835 3370
4297 3876
6362 2855
5929 1473
5888 3281
2548 3818
2823 1486
178 1961
5184 2995
5308 2142
6278 3944
1099 132
2782 4632
1579 4157
5044 153
4922 5828
5517 3684
5427 4551
1130 5415
592 3487
4613 920
1019 5204
3626 1187
1612 6626
631 590
3775 3012
670 6651
5634 1527
6223 709
3872 2023
3850 3642
3934 141
6350 4542
2128 2273
4766 2031
130 4431
4851 6017
3556 3217
244 5480
5340 916
5797 6346
6571 3033
3163 762
1805 6453
2845 717
2283 2846
4547 1402
1775 3906
1605 1481
5339 1462
3764 6106
5741 2632
3292 6701
3439 958
4189 5365
5594 6696
3987 6741
3667 4915
344 702
5923 3100
4858 4471
5802 758
10 2243
3326 1668
6027 2700
6426 4723
738 2011
5541 5677
2583 124
6092 3082
49 11
1009 5698
2342 3537
1471 1156
735 710
6322 1430
1298 1121
1746 2977
2180 1163
6149 1610
5205 1729
3825 3511
2079 6282
3960 2916
3979 5423
5275 5666
302 3335
3852 6585
6173 175
5655 4414
2599 5206
1404 226
612 1407
5919 4614
1952 2926
3695 5201
2622 4475
4291 6647
678 1087
2345 612
3061 3963
6087 4103
608 6206
900 5026
2571 664
1147 322
6466 5395
3004 6128
1373 2355
1279 3441
3056 6235
3975 1102
892 5564
3638 51
5729 3726
4392 4312
4146 3661
1594 3661
2741 2630
2496 2200
1500 6311
951 953
5653 2356
5018 6542
5460 4856
2801 3377
6430 5966
3465 2852
1168 5770
6396 729
1219 1556
3101 4731
2886 309
1002 5842
3477 1352
4324 1621
4559 5282
2277 4380
6161 5458
1556 3042
5195 4832
4522 5053
5612 2483
2310 5312
4153 4637
5514 1961
3422 2525
1650 1334
2352 6684
6205 4206
3045 4566
974 4607
769 5706
4099 4397
2592 1291
2166 578
3483 6344
1525 240
4880 3329
2978 4675
2061 3114
2178 3410
3164 3148
2105 1794
4281 5274
3641 6017
4391 6563
5350 130
2452 3376
4567 2702
5440 2924
630 4972
3420 395
4752 4993
1663 3771
3025 2652
5980 3547
6223 817
681 2625
2231 6407
691 4471
1249 2259
986 6013
6623 1612
1012 5593
6122 6550
2406 3135
2199 4904
5254 3104
5440 2811
29 3073
6320 6167
3487 2664
316 4409
4900 1205
2504 296
5423 682
820 2494
2729 6172
6198 2890
2771 3727
2399 1212
5528 688
3798 813
1749 2706
423 3843
2966 6619
4996 1875
6727 2747
6747 4315
2432 474
4855 2107
4848 922
465 5768
3797 6344
4238 3732
4394 6454
114 3693
4667 2416
6484 1742
994 353
4857 258
1989 6501
4276 2868
4005 2565
4288 2273
2636 2488
3030 3267
3135 6290
3292 4579
3990 2073
2367 821
4559 2558
556 3969
1312 3961
6443 4926
6283 3334
6422 1553
778 3929
2580 1804
3992 707
1110 3832
5716 4560
6120 1520
1704 6152
3188 6453
3526 4078
3556 2776
2214 4051
2107 2065
2249 2949
3342 5634
1693 6488
6318 6720
4776 1870
6624 6148
6036 6610
634 6004
3090 3851
1264 6640
6730 6632
1328 106
4071 1381
3483 4658
2883 4396
278 5274
165 22
5262 4034
420 306
228 6043
2539 2896
4115 320
4738 3398
1731 1162
5354 6739
532 2602
2964 3911
1715 5104
2902 6416
3995 6447
6341 1843
2833 4206
5366 5918
1002 2481
2515 3017
4876 1777
3948 5842
5422 4389
5395 6075
1706 1646
1018 4278
1862 4099
790 4857
3905 5938
2943 998
2228 5728
376 6639
2744 4529
923 1608
4282 3027
773 1574
6382 5824
468 1187
2342 6474
5708 131
4094 2695
4705 5655
5984 1716
6659 4651
2967 1857
3190 5215
65 6577
2773 5741
5436 5544
4056 5904
568 4395
4093 5130
5169 773
3829 4793
5540 5191
1795 176
5182 467
4794 192
4847 2456
2514 4531
1308 4130
1293 1993
1365 325
4912 2022
4753 3055
2972 2227
2348 3050
3500 2224
2444 5669
5172 6641
4175 4771
3399 4124
3581 3561
1135 3327
5849 2206
3784 289
344 816
4249 2055
2449 6183
953 2400
4224 6123
6516 4478
4512 5838
6606 4228
5216 1986
5196 3917
3689 3109
1562 2131
1573 4894
1911 1109
449 5639
294 2187
3468 4745
2619 2834
4727 100
2636 2071
6717 589
2733 154
859 1013
234 2731
3116 129
5107 2431
5323 4593
1036 3228
5816 2591
4633 4238
6545 134
6660 5023
1817 2166
6496 2604
2464 5864
5675 1079
1940 523
5477 6059
1548 6082
3585 3791
398 3076
5203 5748
3624 2707
1686 4478
1739 2516
5064 2274
804 1160
1832 4538
2665 517
3521 1457
2652 1087
6553 2904
4414 1543
171 5351
2708 4821
6579 4739
2214 2637
3484 6096
3055 5534
4251 3969
6330 5151
1934 2563
1653 1957
5880 4285
6091 5684
6204 4012
6394 4473
2043 1443
4244 433
2880 2222
5310 3356
4221 342
3172 1753
5680 2963
904 4809
5448 5321
6321 5696
565 2812
2253 6119
2959 2970
2678 1181
3542 4973
2077 3977
2486 2324
4679 2551
1408 4282
721 1656
56 269
6554 3827
1960 3651
6167 4320
5383 6309
2843 1727
858 2848
3177 1623
196 1371
3529 6250
1767 47
6512 6662
2385 177
196 1620
2749 498
4279 6424
133 4701
5924 2542
5939 4786
2741 6044
840 6221
2199 5465
1633 5441
4015 234
3613 5885
2669 4388
6540 425
1570 313
6654 3490
6091 4303
512 749
3153 2935
4487 1591
3583 4637
3088 3105
4731 244
5455 5045
6284 914
4198 5881
5577 2280
604 1962
6539 3378
6461 3727
2392 5128
2553 2268
5684 6171
1071 6633
2145 1467
479 3381
916 5704
3123 3469
3925 4059
4102 1757
2187 2450
5099 6666
4992 5287
1097 5504
6269 2256
3099 1223
1094 3414
518 1271
2704 2928
369 6400
1929 4836
4030 3396
5511 5779
4065 4520
1987 1056
4181 4886
841 2322
672 5745
6416 333
1128 1417
1135 600
2676 2769
233 4076
2395 6592
6260 1860
6592 2613
5416 6489
4377 3084
5346 3493
5952 2897
969 4937
4099 3135
647 2273
3922 2310
3383 3179
6587 5277
5942 3814
1795 3220
6011 6302
5317 2727
5633 6482
784 576
6014 3845
2776 5324
662 6151
1663 291
656 1689
6667 681
1173 4511
5958 997
1312 6012
1046 1783
1565 4076
2051 1191
4086 3277
3569 1078
498 4944
288 2473
2902 1662
275 3744
4746 4219
2820 2951
5650 6618
839 4431
4930 4148
1945 2710
774 1929
4183 733
5414 3385
2056 162
4495 4209
1095 3618
2750 1468
4377 694
5102 197
4016 4977
4174 1400
983 2773
5718 4861
4082 1859
433 4166
2451 4672
392 610
6481 2941
1578 1675
5345 1273
4757 4459
4409 9
134 216
1546 4678
914 764
6572 3285
5739 4371
3359 552
3851 2849
2988 6381
2756 280
4987 3559
5637 5024
2431 307
6750 4582
6610 2541
6316 3201
4271 2468
277 1946
2621 6432
2203 3920
6062 1057
3998 5240
6136 6117
4338 4905
4804 3950
1712 4364
5345 2635
438 6144
3485 4284
2957 688
6304 1035
6089 1398
822 1430
1625 568
6586 4966
5560 6154
4730 5585
5935 2201
2338 4506
6304 5800
6032 4053
1534 6638
430 4867
2458 4740
2716 1780
214 6269
4107 937
6117 2553
4890 403
3906 3060
4688 884
1764 1227
5105 3360
3870 4981
6756 2546
181 3843
5826 4941
166 5968
5707 5985
2961 1369
1350 6188
5448 5694
767 4625
2061 5704
4301 5666
5362 4235
2710 5831
335 4734
515 4434
4028 31
5355 5302
4509 674
1923 2002
4383 5295
327 304
2711 3091
2401 2124
6108 1872
3850 1425
783 1277
4762 3858
2567 6101
3193 344
3644 3292
5206 3667
1129 3216
6279 6658
2435 5971
1727 1939
727 2780
1290 3311
5595 3590
5908 1918
961 4516
5129 3210
3042 6013
6118 3652
2443 6689
420 1481
4369 1124
1874 5527
5990 2237
1076 2909
6 3719
3689 3926
6042 6543
1562 780
2195 2885
906 2601
4715 3719
17 6342
1402 146
367 1040
2927 2818
1944 1259
3943 2610
5746 5680
1681 1504
6055 759
4743 1288
3575 1737
366 2927
5255 452
6598 4524
1984 3801
6433 1804
3679 6511
6046 4931
533 5159
6735 3479
1392 4985
3434 3977
2917 3259
3985 2998
2525 1380
3922 1209
1078 6125
1754 5004
6124 5102
787 5869
3548 865
6066 6239
5602 4270
3700 1327
4390 3173
282 4974
3477 3734
483 1927
1387 2197
2829 3784
2873 5513
2282 5254
1111 5998
2136 2339
3633 699
5058 2700
4118 6479
1925 2244
73 4404
352 179
2442 1144
6418 6328
855 5387
4890 3487
5558 5296
5263 5164
1519 1841
662 1231
5835 865
1393 5988
4596 5783
6270 4431
1636 1610
605 2543
1327 2539
4287 4310
6752 4377
3721 5542
5843 5213
464 5910
3041 3188
6643 1989
6044 5097
4442 516
2970 2367
3752 4189
3604 413
659 4151
2712 802
1209 6396
3628 3618
2847 1226
2533 5916
1345 4077
5362 4869
3660 5835
4562 4284
3188 256
4959 664
6413 3929
1139 4931
4008 339
6044 2927
1160 6248
6538 5708
2349 3304
6674 4714
533 5518
1889 5426
1077 4023
3909 6463
4937 1396
81 6424
3222 6161
2808 1664
316 3898
2290 5477
6751 5540
2476 3292
4973 2330
280 1782
5960 4545
1836 1623
2021 6197
4855 3857
3774 6047
1368 583
794 6080
2575 4537
1526 2240
889 886
3971 4350
1197 1679
6413 4349
125 3898
70 4508
5630 4745
2694 4051
4697 1362
4171 5999
1584 6327
6159 6294
5884 2653
30 4129
1682 6664
2202 278
594 5713
1975 5239
6101 3570
6593 908
2550 6480
4679 6533
5199 32
3060 326
2595 3852
2507 4591
2150 6136
3808 5681
745 5986
6725 1452
3866 3576
4219 2537
1710 3355
2184 5088
669 1924
2161 3272
5659 3740
431 43
1588 5992
3038 1348
4830 2520
5356 301
967 1538
5240 5980
4780 6274
4410 4809
4253 6290
881 718
619 3036
1406 6433
565 4565
3825 2945
919 2841
4314 5422
577 4492
3581 5635
1000 6725
5801 6691
5453 4603
4213 4942
5773 1481
3004 2577
5109 5395
6082 110
21 1751
4869 619
4208 2182
3987 1454
201 1112
3927 3687
5756 5597
3407 5737
2345 3627
4475 4129
5989 3040
1419 531
3640 3167
3466 2726
3979 6217
5435 353
1476 4666
5606 4895
4796 2358
2503 6650
2268 3249
3707 790
4536 3869
2095 4997
2837 4118
5416 2338
6502 5159
2531 1209
4481 2673
3404 6374
1832 871
1898 2640
2359 464
4856 531
3750 5270
1341 2652
1720 3499
6025 225
6600 4845
838 388
796 1994
1507 5245
1430 3895
5833 1336
1955 5370
1646 2253
531 2715
6229 5681
3151 4755
4701 6401
3906 938
3265 3813
5265 5413
2084 3496
1708 1308
5498 1249
5585 3324
6172 3278
5968 792
1259 5153
2068 3364
2837 3697
103 4896
4557 1103
5387 2439
5644 3985
4665 2624
2299 2511
5531 2388
4610 3575
5554 1160
6325 7
1351 3167
3391 6458
3685 2939
1535 5072
5538 4705
5567 5356
4799 5041
480 279
4439 3973
6569 5184
6686 958
2983 3981
1849 1517
2324 1527
2665 6674
584 1577
5534 4574
2022 1547
5583 1097
3111 5815
6264 3576
5176 1312
2755 3805
4555 76
2197 5139
5733 1763
3211 6714
5266 3776
5414 3643
3252 1252
4391 5799
5118 6362
6628 3953
4772 1415
1356 1063
4997 2550
4886 5634
5554 4105
1514 4141
4207 5774
166 5265
845 5927
4392 5624
6474 6310
1029 1013
1338 5645
6374 1203
3674 4501
3621 4850
213 4369
3941 380
4606 5129
2294 1084
3064 3753
546 1072
604 5591
4209 5665
4384 5033
2070 4091
4631 1252
1435 5344
5776 427
387 4733
4913 3904
4595 426
965 533
6248 2093
1812 4485
270 3374
818 5123
6196 4693
5047 2873
4730 1680
595 6310
4987 5692
3087 2693
1600 6087
4878 5416
5751 344
815 5653
6210 3341
5564 1970
4526 3067
295 4534
6632 56
3854 467
725 2232
5490 5000
370 6590
6002 276
3187 464
1925 3871
5375 1724
3716 1438
2592 941
2020 4280
3999 6522
1222 5558
542 3771
2622 6550
2665 3166
5135 2985
4502 426
2247 5830
3824 5222
6030 2204
6599 1556
949 1787
1772 3141
3400 5444
2424 4834
2461 1688
3354 6547
1009 6185
4683 379
5689 3160
4095 6661
3388 503
780 5040
6576 5379
3064 5919
3685 2137
6284 5105
2322 2921
1347 1543
2705 6354
685 801
4025 901
6480 5207
3391 6143
4366 2604
4465 4854
6178 4844
2516 2693
4624 2053
702 1505
3270 1587
1310 4693
6328 5990
6181 4890
2464 6319
4862 161
1194 2501
4111 4276
2255 4746
362 1865
1414 6246
3227 1394
3183 2066
4001 2834
2554 2608
5929 3452
5761 826
1267 1637
372 6541
1187 2101
4360 1011
5511 2433
3857 2119
563 3182
5004 4508
4547 609
4480 818
1406 1688
3305 5178
131 1682
5377 2953
327 1414
723 4185
5186 877
3494 4438
5143 6737
3111 6478
2621 1480
2824 3426
1497 5490
1569 6592
3043 833
2826 3008
5475 2092
3970 3717
2349 1635
6728 5008
5670 4468
5734 3853
4581 6256
3626 3735
6393 5576
6241 3158
2711 5238
5601 6401
2415 6543
5309 696
137 2103
4654 749
3251 4386
5586 4528
4985 5407
1892 1637
956 3642
5907 5680
2072 6671
497 3425
3516 788
230 5107
4903 5477
797 2285
4190 3060
3842 2546
3772 6684
2889 1312
4053 5852
4014 2205
2825 937
4575 6584
830 1618
4007 2936
2274 6370
4951 2803
4467 1651
992 2091
6372 775
1806 4025
838 457
1879 6161
265 2007
5386 1465
1432 2684
2053 1845
4867 4549
2579 4827
1976 2769
3271 1855
384 6048
5803 1117
6556 6323
1903 1170
536 5755
785 518
4816 1131
5305 472
6256 2803
900 6714
4403 4904
3918 6122
137 5093
983 4325
981 665
5423 6140
1620 2773
4176 2809
4491 1906
5228 2708
5969 3990
5639 199
4104 6173
497 2932
304 4113
6597 1702
2985 4065
3973 1389
3488 2510
3342 1200
6646 6007
489 2983
5685 4968
4015 2028
5791 2909
4284 647
6540 2314
4597 4893
5950 5848
6549 1071
4751 687
4082 3026
2475 4160
3076 5861
6098 1005
6183 2071
4679 4387
442 1971
6512 3450
2001 3567
3000 1655
5865 1669
3980 816
6414 3762
6611 4375
1256 2879
1130 2997
4482 3198
5665 1655
378 5428
559 1987
3388 4649
88 426
2254 2663
701 5990
1355 1611
1149 2352
3987 6278
6259 5446
2157 2711
3148 321
1716 598
2566 1670
3617 6508
1288 4194
6302 808
538 1312
3329 1736
4168 2497
1772 5464
1418 4053
882 6097
6530 3640
5204 5226
3631 2583
5191 425
5801 2771
4963 6622
5891 1811
6270 3839
4852 666
3657 4643
181 4305
5964 3280
1148 5920
2172 3687
4300 1021
4880 3103
3559 919
6586 509
996 2951
5998 1890
5162 1701
4022 4096
854 4135
1683 4134
3195 2666
4259 1858
5931 2106
4159 5891
6412 6223
3440 855
5817 5724
5453 5506
3762 3451
1116 3568
46 5303
4364 3512
721 1614
3613 798
5066 2913
6115 312
3150 5975
4473 4477
40 2299
6453 5322
2309 3273
2947 900
6062 819
2098 825
1378 2000
3870 2983
411 6355
4128 3955
6547 180
5706 1615
5189 4525
1920 4996
5682 2746
1708 5549
5118 4316
3582 1996
4132 1858
3581 4058
1395 1510
1725 3714
4682 6349
3559 2308
5482 4136
1141 180
5831 4367
6077 6566
4758 4821
2798 1371
3610 1503
2064 5859
6437 953
5963 6443
5764 5490
5640 4650
3246 2863
5912 3137
2805 800
6637 1063
2873 5731
3024 368
3054 2830
597 6084
4600 3529
4182 2298
3667 123
5704 4014
977 4866
1414 3674
653 2791
839 2364
5992 459
6705 642
1282 388
928 6248
2721 3369
5201 4673
6075 4668
2994 5946
5432 3423
787 2951
3936 5468
1321 3459
110 3967
519 66
4266 3502
5113 6019
3358 4474
1456 2277
6073 2855
903 4639
878 2124
2967 5404
6023 904
5182 832
6620 666
79 5322
4407 533
5047 419
6441 4601
5336 3623
4814 2155
264 4705
207 2834
1727 2052
5494 5743
3120 2300
5058 986
2497 5973
3942 5424
149 5316
2388 5289
2861 1066
3606 2284
3978 3445
302 132
1243 4084
1850 6601
202 2412
5226 6209
3484 842
5825 1032
2782 2986
5459 6486
1593 5533
792 752
361 5919
1741 5276
269 3911
4528 2897
3649 4374
3414 97
5304 4305
4650 427
3199 3407
5358 6143
4680 1453
2749 2041
4060 1026
2977 3578
2072 5428
5399 2641
3048 2911
1065 3907
5849 688
480 181
5405 2772
5674 6018
5835 1378
1044 4228
3245 3473
1050 3437
543 6277
6038 3738
4793 118
162 2624
173 6265
370 5660
5082 3833
4320 5089
1309 6730
1460 2397
36 1718
6276 2366
6511 2790
713 2181
2925 4285
1636 3958
5416 4332
2416 728
5104 5054
859 3857
5164 3568
3189 4068
4598 1631
2598 6148
1079 1432
3462 3816
4082 2575
2037 6330
2859 4889
2196 1909
2110 4743
25 4822
4552 4921
4625 6666
1878 2769
4932 3328
5216 4740
2289 3587
3217 2114
1283 6493
4955 5717
3615 5815
5935 4428
3759 4636
1789 3720
1678 5387
5811 373
1782 1297
2894 2487
513 1975
2200 6684
4696 4959
546 5886
5852 988
1889 4809
2050 6636
6301 2824
5153 4598
5044 622
1312 47
2547 2560
3337 6050
6015 6159
4496 3946
404 389
2684 4268
5681 2445
5534 3030
6173 3609
3604 5579
4844 5873
4275 4785
5075 2039
3575 2082
2199 4468
5760 3233
6657 1266
896 2671
1015 5654
3014 5749
4187 5330
6716 5745
4754 2144
458 6647
6358 3611
5586 4822
6375 4346
5632 3785
2251 1404
1143 34
1107 5458
5886 3774
6355 4054
2376 3337
1999 1594
3102 3044
4632 4786
5895 2985
1371 4258
665 748
5132 4039
5476 2881
1976 4943
3293 3605
1766 3982
4124 1532
3883 490
5411 1676
2149 4836
6140 4982
2381 5060
537 2638
1502 6714
6734 3756
3252 5208
2037 4122
4869 2189
211 1007
1578 5447
3740 5211
4181 478
1175 5341
2109 3562
4465 1834
337 2735
5003 5602
823 5306
4388 1852
1830 3762
3818 2389
3841 5624
376 2525
430 5778
522 4266
6700 4549
6197 2819
5459 773
657 653
6760 841
649 1845
2975 5787
3527 6702
673 5500
4231 787
2103 4830
3104 6250
1820 5267
2953 3520
6715 5711
2172 4116
6152 5551
5629 2321
1901 126
6000 3392
2763 6142
2375 4941
4821 6497
1187 4227
6561 1216
6030 5637
5322 2663
1084 5162
4324 1091
1813 130
1188 2806
4592 2997
5380 82
1467 2526
5166 3851
5988 2753
3413 180
407 648
811 982
4948 3845
3630 4012
4413 3318
2096 2831
3645 5534
5701 3284
1731 6362
5259 2664
4752 4278
4897 6713
1401 6205
3543 4247
3294 5907
3267 354
5773 4623
4953 3425
152 4031
4393 3832
6462 1169
5011 1244
4672 4570
3488 5738
2175 2111
2506 80
1792 796
2330 994
505 6633
5954 2395
1472 241
2816 4827
4109 4040
3283 192
698 1772
1259 2758
5716 509
6102 4824
4957 4546
4798 2204
2946 4049
3005 4693
568 6057
582 141
1462 5142
1240 4920
174 6481
4072 1425
6260 1517
1567 1949
6109 4564
5058 4054
1329 1592
6316 3946
2828 5183
3695 4433
3443 6483
2508 2239
4647 375
1413 3969
4402 1649
1858 3063
3207 3061
6007 5126
1987 318
4147 6294
3945 1255
53 155
4553 4597
5532 1014
6101 4860
2228 767
3430 3377
2411 5648
434 6211
256 503
5785 5912
1063 5642
505 4687
6739 2186
1024 663
1471 2869
5173 2218
2228 1208
6317 4344
288 31
578 2746
3902 3286
1700 2906
1853 2679
128 2333
2857 4618
1733 2887
2381 5914
6634 2422
368 2157
2108 2986
1338 1356
5214 1159
6054 4476
2490 3119
4605 3343
3269 5500
3219 706
223 5212
2665 2010
5099 1380
1626 3446
2708 2055
6615 3167
5290 4231
1982 429
1897 623
4334 5277
2349 1789
1925 3209
3446 2580
6509 4756
2078 349
305 5339
5752 2912
233 1559
3753 6200
6721 4223
2211 3737
2636 6163
2346 4633
4576 5810
5226 5508
6606 3607
4646 3344
5370 1854
3235 1364
1173 5056
1639 4197
3834 905
1500 2755
6680 3930
864 5078
4964 5216
4468 6001
4959 5650
4167 661
3022 3033
3569 1023
3820 1376
3553 6529
1634 2863
199 741
2730 1863
4465 958
4290 975
4308 6066
2305 6519
5311 6685
1982 5103
2314 540
6122 1831
3055 5359
3426 2236
3703 3430
3984 5309
5159 2882
2293 1038
3292 371
3732 3652
4222 5501
6517 5222
2009 707
396 4658
5842 199
598 3600
3523 6618
756 1470
2997 1329
1389 4316
98 806
4300 2694
5608 3029
3353 2765
4105 3462
5812 6259
633 879
27 362
2073 1445
6574 3990
2237 618
702 5268
2052 6077
4546 5757
3243 2574
4818 1082
5923 2967
2002 3096
5555 4785
2974 6456
1299 1417
1652 4958
1117 5246
562 260
6426 403
220 2097
3934 1087
4844 2068
259 6073
5680 5809
6099 4426
2649 72
6193 807
2212 5520
6422 5048
100 538
2437 2008
2019 2872
6130 1416
529 6
88 105
2897 3354
6346 6289
4752 5993
6441 1676
5436 4100
3196 2864
6722 3190
3164 2228
35 4587
5331 6176
6089 4262
5819 498
5040 3847
3243 1627
6713 4432
3222 3443
2847 3535
5754 6611
1322 6158
1967 1651
2017 1210
2659 2327
1884 4634
3134 2709
3868 4695
3006 4492
4561 3523
5984 5295
2612 6684
2226 2251
2160 3313
4082 6078
118 5877
5301 105
857 2173
2900 4181
4960 1270
4401 5707
2189 1865
4715 5448
4355 5609
5397 6733
1143 637
6707 5274
6074 1264
4099 4241
3788 983
6678 3210
6042 6707
3306 5027
4327 404
3677 1966
5695 1354
6742 6496
3950 6202
75 5452
4480 6192
786 804
5959 6306
4222 727
338 4653
3096 19
4021 2270
886 3195
4729 6011
6457 3238
5242 2224
5715 5573
507 6533
3261 3926
4645 3914
5015 5316
822 625
4265 1700
5105 2822
2664 1379
3663 3844
5456 2212
6509 5793
297 3185
1693 3170
1672 400
5787 3300
1203 2848
1327 6424
4727 4678
4380 6641
3224 2689
1765 6261
6689 311
2516 6483
334 5042
273 3416
3793 4074
4613 5745
4517 4729
4900 1622
1154 6288
4930 4831
1832 2998
5504 6317
2744 1350
3398 7
4219 1780
5117 1206
1533 2176
4070 1963
3841 6317
4781 2098
3680 1749
1999 1854
4150 1728
2866 5300
6601 337
1584 535
5091 3394
2721 5058
781 3444
6511 1325
813 4902
4306 2953
5653 6108
5207 1923
3216 896
2605 2160
1236 1921
1688 3598
1598 3023
3661 4884
5514 876
3040 3568
2552 348
2196 2197
1504 3429
4734 2027
858 1385
3488 5168
3276 786
4472 4286
5537 4657
4019 2309
3620 3189
5489 722
1718 2859
1168 5623
1413 3169
1807 4344
2806 6351
433 675
3920 53
4423 3026
6122 3065
4788 2811
5539 1571
3283 6310
4330 2535
2435 789
1440 288
720 1811
2942 1489
6397 3606
1236 6136
1142 2831
6152 5345
5342 3939
565 1423
6336 6550
2501 5122
4212 4261
734 5058
3294 3009
6043 3625
6307 1717
2658 1257
226 1981
1282 5559
3606 5774
3375 633
2976 4744
3740 5313
4843 198
6500 5897
4931 3809
2744 5998
1410 3435
3356 4979
4922 3176
4623 2921
4722 2290
4962 3929
6142 6367
6380 4766
2492 977
1602 245
353 1777
2019 679
3360 4147
3292 4619
1377 6711
3988 4988
44 1332
121 2542
6024 3464
2518 2946
6389 2479
5545 815
3678 6545
3647 980
303 5907
112 198
4879 994
6063 3387
3267 124
1954 5056
4117 706
1760 4902
513 3180
3525 5292
1655 4739
2811 5607
1978 2835
3761 2018
3846 3784
5151 612
3766 6425
2748 5144
5112 620
4896 3847
5815 9
2418 505
4882 6576
4935 5306
4378 2041
3324 3267
2150 5023
4694 126
801 3502
2178 4586
4355 1589
5732 5310
586 6623
756 65
5695 4288
4485 257
4869 3703
1917 2946
3073 603
4175 1503
5169 6532
479 579
1477 4818
1143 4058
577 4596
3544 1195
2808 2069
4475 5940
6428 869
4998 3716
5703 2478
1478 5760
2370 1321
6178 5593
1343 2986
4375 538
15 855
58 1457
1946 4563
1502 4198
3220 284
1930 4084
4969 4840
6133 116
1085 742
3146 211
3428 4034
3333 4401
89 1685
6656 730
3143 6590
3571 3011
3991 2335
3796 6613
2620 82
4118 1008
6608 5650
4194 4053
4812 2996
6123 1547
444 5062
4188 217
3439 4086
5651 2199
5509 2826
1868 4318
2295 5770
3060 1800
6256 873
6578 1255
5097 2946
988 5240
1502 3218
6678 3145
3030 3603
2024 6640
5104 4291
1335 6074
6069 356
4670 1255
3965 1149
6283 3372
5799 4867
5597 5962
6031 5143
4428 4907
5905 237
4482 5111
5126 3044
3800 2077
4161 2660
4509 2237
590 64
2733 6715
3531 3724
2199 1558
5231 141
3846 4479
6217 2606
2213 4868
2849 3269
3470 387
5952 1899
4812 139
3759 2068
1919 1331
5298 6069
4566 1870
5231 381
5268 4125
5346 4753
3172 6678
5691 1849
4952 2352
5124 3280
4219 6692
1668 949
3665 5204
146 1722
4234 6522
3060 1677
6707 4087
6182 5064
64 6224
6637 535
3044 6538
2574 2691
2712 5416
1962 6430
3996 3631
2707 1725
2979 4411
1553 2760
1082 1562
5873 5211
1642 1754
3432 2794
4308 3640
4638 2292
4036 5436
3045 4417
6558 4428
3766 2272
1438 600
3209 846
6033 2530
2094 643
3978 6692
3182 2707
993 6398
2487 5264
4005 4308
6540 3153
1155 4396
5779 619
32 2261
1768 1381
1299 1889
1967 1016
5967 5113
5813 1320
6239 1042
5012 2411
5394 1073
4763 1387
2107 1883
4321 5942
286 5115
1452 4243
6195 2183
3554 5515
5687 6510
5162 3625
4379 2326
3342 2322
2101 1443
4260 5880
1310 6275
175 6677
2399 4457
1153 1329
2783 3301
6539 5302
5039 1062
6620 5104
3762 849
5080 1624
5407 4884
5467 4405
2405 4299
1193 4366
59 939
3514 2330
5517 5166
2479 2906
6343 545
3343 2979
4062 3937
1607 4359
4923 6015
5537 936
81 226
5857 6418
2989 6501
6368 5942
2798 4037
1466 1544
3542 242
72 4916
6154 456
4975 593
5143 5034
1396 1127
78 6674
4301 5557
10 5579
3960 4188
214 4753
996 6551
1424 2446
386 1889
2142 3587
5955 6244
2376 580
1360 4098
204 3067
2889 6520
1737 608
5404 5838
3589 6336
2754 6071
4458 6269
323 6328
4038 5177
1277 5967
3816 577
4484 6654
1996 3922
6730 1536
4058 1205
3949 1940
3014 2094
4693 1654
4472 4932
5652 1286
1438 5743
2875 3864
3529 3794
1008 2838
5829 1299
2507 3239
393 3363
5702 5598
3992 3254
1808 3896
5442 32
4055 903
935 1821
1193 5285
279 1653
5328 1615
885 229
4258 840
5102 2122
263 6229
4886 3148
1177 3756
5261 5274
1903 5505
5134 740
5893 5565
6509 4353
6644 324
5919 3555
3208 4352
4081 620
1833 688
3545 3434
3036 4650
6582 5206
1399 4341
5922 4860
2658 29
5005 4405
1025 2245
1071 3232
3327 4150
2463 4842
95 2575
2948 3228
2090 6406
2786 1781
2133 4192
5553 3914
3189 179
509 6295
3558 973
1218 2957
149 3116
4644 4477
6275 4743
3869 4430
4321 3411
3577 1483
1911 6159
2904 4583
5149 183
5440 3305
922 2214
1104 4990
1421 1140
1983 3757
6221 5307
3172 5999
5047 5886
2725 2663
2895 3993
20 2033
2047 6663
6143 6331
2331 5287
2149 1346
788 4708
648 1941
5655 5879
5033 5917
5994 2913
197 4977
974 3245
280 4901
4492 837
5372 5784
1925 2696
1770 1870
5322 1280
1601 908
2645 563
4664 1096
5322 6337
2938 6355
6539 2117
5692 2392
2066 1909
4155 2921
3303 4520
4807 3230
4101 4463
6035 5898
5797 4781
1265 2957
6086 1073
5835 5126
2598 3452
468 4007
975 5499
5150 443
1774 1267
312 2164
1146 4887
4806 5781
4572 5662
1750 5484
3323 3580
2245 2476
1946 187
4765 924
6005 2120
6563 701
5778 6481
3721 4811
6509 579
5244 815
13 2432
5638 6293
4613 1779
3623 891
5165 4244
57 5000
1231 1252
5630 1478
4274 3534
2209 5623
4619 991
2732 5881
2241 2537
6355 5499
2773 2736
3381 5516
4968 1516
2595 2224
6267 4985
4585 773
2423 948
2614 3728
2460 3944
1736 703
1187 610
80 3588
4612 5310
1944 4242
4190 3898
1454 5555
2008 2614
4243 6367
821 3947
257 3032
1406 603
6099 2303
4345 4595
156 3046
3107 4269
3620 6379
1684 2300
3204 6177
83 1765
2098 2161
4321 1752
3053 2214
3049 1634
1236 3775
2035 3542
3204 386
4763 1639
1644 925
3493 4761
2029 1875
5498 3506
1467 5389
1778 6621
2249 2914
5430 6524
4782 3000
4916 6662
1888 5358
1171 1155
5291 398
4509 2979
3017 3882
5368 5951
4711 522
1829 300
5810 706
117 2657
2646 463
4860 3881
5244 5831
5421 3782
1448 1329
474 3076
504 903
5917 4133
5259 919
6446 4478
586 5902
281 6107
584 1840
254 1336
1274 869
24 1054
5726 3644
2537 1872
178 1761
866 2195
1092 1779
5901 6705
2769 5394
3460 3367
4154 2126
1913 5406
825 6190
563 3475
3929 402
520 1216
6498 899
4546 5220
3432 2067
5497 6573
6410 921
2738 4973
4371 3272
6704 2031
5230 3296
19 5913
2636 3203
1583 4431
5248 4791
1406 1268
244 469
4296 1602
684 2293
783 1753
2608 4581
3691 1262
6109 5307
3481 4023
1882 1939
2101 5430
2716 2194
3301 3995
6407 5080
6432 5508
4821 5693
6318 1545
3714 4376
1599 4333
763 817
4784 1503
1982 774
2576 6412
889 2294
3784 4754
6067 1203
4030 3226
3651 1564
2334 5721
3122 1006
674 4195
8 4558
5679 4716
4630 3095
4521 4645
3707 3494
4232 5641
4894 3031
2932 1053
1462 4078
4906 3233
6106 2240
5924 4657
1166 1435
195 5133
1774 4094
2220 956
210 5696
4223 2988
614 2374
3759 3370
5077 2208
4228 2716
5101 4508
2095 4690
4884 6237
4512 1051
1551 5212
2843 1515
1205 5133
6502 4608
248 4551
3448 2148
3598 2771
3413 6644
2182 124
5510 3624
2594 4372
80 4661
1730 2021
3414 1248
2880 855
1620 1940
4210 106
5561 4364
2470 1825
625 1433
1790 1504
427 90
3249 2454
876 3154
4047 1732
3341 1765
4017 6106
2650 2903
3363 1271
266 3397
1391 3018
703 1304
4800 731
4058 4760
403 1596
1696 2215
4181 4019
1850 3147
6697 4673
2748 6584
5845 5527
1117 4098
4193 899
5766 685
2792 1239
4141 1708
2245 674
1452 3015
1706 4736
5004 6251
2194 4618
608 1484
7 705
385 714
5695 3219
2398 652
5797 5520
5134 2575
3731 2693
2290 6382
5243 3744
3714 4301
5346 1224
1573 4829
4559 2514
6185 3895
3720 2802
4070 1454
4274 298
273 2419
1757 2921
211 957
5593 3928
6582 27
5753 2263
6201 1902
5243 3630
731 6261
4836 6734
5781 4017
1498 6180
968 893
1824 1363
3087 4307
1502 1740
926 2974
4249 6251
3507 1675
1432 5383
678 136
5986 2174
5343 1192
2901 4891
4527 1356
3747 1362
1372 3602
3534 2856
6062 4912
5874 2784
1786 3966
3159 1073
59 2636
6546 1816
1424 3600
2787 6302
3360 1364
861 2798
1798 1998
2793 1976
285 4332
3119 4211
4293 5333
2662 3990
1123 2209
723 2915
934 222
2595 2673
3999 5898
2301 4331
1637 6511
241 2012
3485 3195
1598 2067
3349 18
161 2829
908 4092
1112 3329
184 4331
2867 5276
2592 6500
2369 6715
9 1021
882 5302
6321 6346
4433 2924
5456 2842
40 213
6301 6439
5815 1050
6458 4971
2986 567
535 3882
4889 1841
6516 6633
4554 4384
4175 5433
3633 4274
4695 171
1933 1600
4821 1722
2515 2612
581 1118
2889 5420
4559 5259
2920 2694
5214 3937
1166 67
5500 4554
3291 1076
2691 3702
464 4562
1205 6086
2490 5105
2215 639
1251 1937
4691 493
5748 5409
1617 6687
4819 6608
1074 4147
2590 4189
5795 1082
2997 4194
1667 4718
352 3510
2706 1516
4726 3260
630 3701
3847 5745
3371 5015
1198 5421
53 3902
896 2332
1703 4518
6273 5251
3753 6241
2345 131
6200 1698
3356 3326
230 1463
6454 3603
5570 3777
5552 2512
323 6560
2113 3211
3654 6290
1884 5182
5070 2557
5186 1804
2600 4708
4021 3732
1694 1661
2138 5335
6461 5755
2725 5216
2773 1125
4394 2679
910 839
1187 3033
4781 6044
4196 4854
5151 1587
3286 1125
4277 5890
548 6164
3343 4171
305 2334
1932 6053
3375 235
2083 1282
1425 5968
1731 6106
894 3638
3934 229
4106 5063
551 1783
5588 2232
1479 5489
740 4058
5227 996
4279 1137
1772 4322
965 5318
4564 2450
5453 335
6301 4862
391 1111
5409 6319
4913 4919
2325 3509
2446 4443
3748 6140
1416 3934
3319 5311
2582 3560
3972 3800
477 1423
6389 2897
888 4293
1493 2825
6089 5161
3606 4684
823 1378
6307 3700
2650 2048
5903 2309
4653 2126
4657 2947
2888 4704
6658 1546
4821 4364
6516 2141
4246 3254
3162 3426
2534 6621
4809 5573
508 6185
1580 4336
910 4927
6113 6508
6155 3456
3043 5667
5125 5122
6665 5647
1860 6166
4683 3321
6305 4418
5941 3175
78 6139
2980 3194
1224 1139
5563 1327
5165 4025
650 1754
3377 4621
3972 6402
852 5216
2485 2790
2618 3092
2134 6467
5392 6330
2346 4157
5855 218
895 5836
101 4405
1116 3954
6315 2415
2093 3330
1378 5691
1864 3246
552 5722
227 5422
233 4861
120 1491
3129 4583
2753 4267
6102 4167
4432 4252
534 1720
1162 3660
4012 967
5320 4805
3185 910
5375 590
2451 468
4111 5524
5929 2850
3636 614
3198 1070
6693 4983
563 1473
992 28
5161 2518
5650 6159
574 1369
6369 5780
6258 5401
1378 6589
600 5376
6493 2164
472 4993
665 6007
5370 2929
542 6066
3644 1747
1720 787
620 5356
2960 3290
4222 3211
3279 5630
3385 1351
2540 5059
5938 147
2065 1042
5474 4389
3598 820
4818 1267
5172 4780
5338 5351
6457 6404
5515 5397
3114 3235
3340 6345
107 2055
6046 408
1785 1602
1125 5789
2907 1066
2766 149
4272 5535
422 855
6302 6708
323 2952
2825 1059
4397 80
1856 6126
1215 2085
637 5973
5870 5346
6382 2266
6758 3107
2497 442
3481 6284
1257 431
5363 5406
253 4638
827 6756
3831 1427
3734 1941
5228 6068
4348 2769
2493 6623
224 4030
435 5360
5323 1248
5986 5043
3867 4355
2728 5930
6247 6685
2057 4008
6278 3038
198 5001
3245 4446
2395 3031
6724 1642
1420 5197
1343 305
1073 1086
6421 3322
6705 1448
5096 2460
6711 4451
3067 1388
4521 4556
824 4120
1166 3060
3336 5785
2060 3349
4362 6557
3254 5607
4140 6605
4207 2055
454 2478
6136 4133
6255 3375
799 1686
2959 5575
5974 712
6106 5169
3995 3134
6283 4825
699 4979
4775 370
868 2317
5568 3333
2576 823
4268 3076
3991 2296
1417 1829
4469 5336
6393 3145
1824 2101
4585 1817
2137 6089
3994 2253
6336 2508
4193 2407
2288 2662
4474 4387
4088 1294
6722 1560
375 2636
554 1314
5408 4823
1197 2925
5861 2871
6013 976
3151 6322
4606 2978
1719 2830
6186 4920
3579 2312
6123 5263
6514 4927
3812 1692
3263 1873
1619 824
5734 2605
3645 4962
6172 3682
4666 780
3262 4684
1579 2161
1266 4324
3715 1851
3660 4392
5669 1733
5289 6396
3814 558
3291 4791
792 133
6272 392
5297 3000
2527 5647
5546 756
3327 4110
2897 5511
5527 3069
5730 3697
2098 2914
533 411
4448 5098
780 494
4522 2628
5299 2877
2610 4800
245 3509
1130 4614
2688 703
101 2740
383 4294
2046 2932
4058 4340
3864 455
4659 299
5241 78
2716 3605
984 5917
6151 80
6266 3958
1302 4785
612 3717
1709 3155
5134 832
6130 6351
3917 116
4903 725
75 594
5458 5630
1911 2311
3175 2361
540 2467
4624 3765
5375 4969
3860 1165
5554 1439
5229 5427
5610 385
1904 2101
1443 787
3659 6463
4624 2978
6427 1123
1975 3713
3860 6662
1357 541
5614 3610
241 5780
5431 2156
27 6089
386 6077
1206 4920
1234 5075
3580 6361
3388 3502
5949 3568
1154 1524
6272 6183
4912 3259
489 5223
4652 579
1800 7
6592 2848
4420 5597
432 253
6613 2232
886 4846
5000 3870
2829 2833
2166 5219
2112 3678
4149 3134
6291 3754
2162 2208
6385 5215
6 2781
6660 2267
4984 3008
5289 6593
1416 3080
428 719
5947 4340
3862 2925
4419 1724
3842 3431
4523 2917
4112 1835
4348 5343
5363 5891
1311 2885
1743 4466
6083 554
3800 382
4727 3083
2089 3688
810 3343
6455 599
1288 3765
3833 300
6511 2173
6135 292
2270 4419
1064 5235
1437 4186
1790 4735
6298 4050
4236 1388
5872 6631
4441 4685
278 4049
5769 3605
6063 2747
4410 949
5459 1001
4742 810
4568 3809
2915 5493
3096 3494
619 4517
1320 2151
4950 5103
1575 343
2444 1741
785 1076
5103 2635
5980 4686
3747 1231
5582 4851
3794 4101
2403 4277
3361 925
1225 4727
2184 6505
5591 6359
1985 3478
2478 287
1698 5883
3187 323
3029 5234
5881 900
334 5013
4680 4885
6334 1470
764 1760
6230 6176
483 6192
1421 5458
668 6715
1726 660
6195 578
1551 4465
5946 1517
4755 109
30 5536
5752 2686
1482 742
5490 615
5013 2669
6217 5239
6205 6543
3034 4329
2886 6279
5441 3118
1718 1399
2994 3243
3907 1315
2706 5597
3679 3893
786 6488
303 6291
1564 1890
1421 2619
3492 81
6468 5065
4597 670
3336 842
1304 664
5622 2102
2878 6139
3131 1029
3819 5416
4389 313
2098 6548
3766 3225
4980 954
388 3730
6407 1552
3131 3794
2320 1944
185 5438
2813 3530
3302 6686
6137 2918
1085 5926
3981 2663
4038 2131
4350 6744
4438 4121
1886 6600
5401 4687
1195 1895
5231 5395
760 6515
5111 539
5808 1004
4840 145
2643 6187
3956 848
6358 6730
6310 6064
1714 3590
5029 553
3177 4055
3586 270
1702 6714
5414 1283
422 432
1014 6333
1328 556
4447 6391
1475 5884
3411 6269
4836 686
4711 2391
1233 2000
5991 4100
4771 329
5120 3173
384 6507
6041 534
3786 1715
575 6149
3999 1375
2443 4701
4863 3552
3706 2471
5236 5662
3702 5947
3419 5469
4561 1989
4796 5944
2763 3783
20 1456
4996 4636
5872 5289
6730 3713
747 476
272 721
1744 4182
2566 1595
4390 1933
4641 3205
2115 4016
2832 3382
1236 197
6339 3502
1435 5118
6280 251
3783 3843
5080 2757
5255 2631
4114 3746
1960 5731
4765 3171
3623 5900
3694 4896
857 5816
3732 3947
3321 5063
5851 6652
4637 45
185 5851
1388 2779
3650 1328
4245 1954
67 6432
34 808
5494 60
714 5647
6470 4033
3735 308
1848 4609
6294 6382
6639 1735
1174 828
3973 5509
4451 6373
6756 6259
2856 3497
2551 4093
582 892
5759 6149
6212 2783
5551 2734
6125 210
2264 6633
4334 2667
3820 3953
4678 2176
121 592
280 3466
3155 2632
6555 4698
2018 2819
2609 278
3832 1169
6250 6266
4907 5648
2293 5106
6203 5806
702 1075
3726 6654
1717 3573
4386 4688
1033 4534
2269 3066
6380 6561
791 1544
1807 2575
4125 2181
2790 4811
1589 6174
3375 2690
4144 1337
6422 3510
4819 5217
5665 1982
3201 6484
2845 335
1386 2987
524 6317
5781 2668
5103 5490
1800 1875
513 4367
3789 2459
2271 313
193 1027
2907 455
5832 6159
2201 4858
6405 5866
1037 1692
6225 3574
6740 2448
5664 2984
277 788
1059 415
5517 1244
4209 4926
6188 4304
5787 1235
5450 4984
6624 2195
1858 6222
2975 3627
2169 6045
612 1901
4094 3371
842 746
113 1034
1593 4371
697 4577
6472 3448
6167 4667
6060 6374
4472 6613
2118 3777
4481 1710
2770 4695
1842 2724
5514 6513
117 4706
4783 5684
851 3097
6637 5834
6149 4042
2315 1242
2153 3540
596 356
6234 1780
3564 6054
2243 4264
1730 4910
4246 6712
620 3179
5241 6536
3404 4070
134 4830
1079 180
2030 6461
648 4695
5991 3185
6248 2478
6002 6555
854 6227
3338 3919
5031 5024
3822 1323
2050 5030
4110 3206
230 3261
1082 3759
1923 251
3447 2445
1453 1365
5140 5688
5857 3894
6023 5010
3899 6094
4976 2718
6358 829
5530 5297
1546 2144
3212 303
290 5429
1571 1996
3760 2497
1802 216
3959 718
3353 6574
1798 1170
2089 2051
2031 6301
5974 1179
1617 2647
3137 3347
2584 6000
5109 5853
2351 1017
1904 3405
5611 3703
2966 4386
2029 228
2946 6204
1102 6087
5261 1748
4449 1370
4317 2657
2433 5941
5257 6185
5853 2131
5908 5011
2567 6265
3653 5361
2418 6708
4356 5703
5417 4146
5402 2110
4429 6696
137 6679
3468 1256
6248 5617
4970 6148
5507 689
2696 4641
4139 716
4784 2144
5551 926
480 21
5860 2447
3034 804
4110 2393
5520 2226
2242 6489
5776 2912
4512 2176
4473 4400
2547 4424
908 1327
1944 2445
6315 2621
3134 5692
2619 2441
3790 5469
102 3359
5761 2430
82 6527
2253 1608
3706 2046
5908 1455
5017 2773
2261 616
1367 2847
5095 2886
1544 2010
5157 270
1408 6490
5658 2928
5613 6276
5898 5366
4338 6354
5813 116
4702 4474
4458 3395
2438 3272
1570 6203
4729 1283
2364 2391
5290 949
6620 2269
2468 4052
2787 6014
6092 5387
6073 224
2782 5120
150 14
2377 4208
4637 4756
630 128
924 4520
231 2967
1325 6054
161 2909
3604 2557
680 4050
990 3449
1544 3364
415 5256
6615 4136
466 307
5790 3388
698 435
5112 79
5809 741
937 4449
2757 6334
1497 4104
2198 3189
3298 753
6238 2119
6330 4517
384 2320
943 3885
1622 779
1021 3140
2444 6337
1092 3037
3699 6325
6106 4451
5617 4591
3721 1486
2127 3183
6121 361
4567 2636
1228 5804
5750 6681
1211 2118
629 4227
3533 1958
3144 2110
6614 3416
4103 3699
664 4955
3570 4577
5907 1179
5563 3497
5492 1122
5431 318
992 3118
2669 4845
6746 1707
6540 3776
220 2231
98 6196
2122 2181
3219 63
3480 2895
3425 2365
5584 3023
4303 2323
3723 1326
3650 2831
3073 1850
2300 3670
5750 1717
1092 1752
513 5824
964 5654
1131 534
6512 2671
5394 132
2442 1849
4813 1743
4017 3820
3316 147
4866 3937
814 5263
4854 476
1119 1155
4531 866
5701 4501
3176 2961
5388 6432
4581 6382
4259 4913
3799 4825
3124 4863
2888 1523
4731 36
4474 3136
6135 5377
3093 3710
1360 6026
4019 455
6567 1540
3442 5766
6300 2433
4403 6159
767 338
3525 3317
2712 4555
33 3756
6278 3533
5974 1946
586 3308
5228 6584
6719 1475
4852 4623
2002 4224
1733 402
2986 5396
6664 3899
4013 545
2237 33
5911 4480
3862 4608
3346 6680
5824 110
6267 358
800 5875
107 5430
5917 6003
5885 6142
5913 3476
6165 4946
2147 1043
1098 1909
4426 2016
4835 6574
2441 3385
5860 6489
3505 1043
4180 4810
4542 1870
786 4020
4805 4209
5916 2407
599 3122
2895 2524
4894 5754
2851 927
4618 5885
2153 3131
4134 122
3161 379
1029 2557
1969 6738
6247 4225
4555 6520
6638 2296
2570 4624
2035 3588
2185 4808
5645 6236
1760 615
3159 1238
5167 2280
1302 1140
517 2523
5886 4100
514 2228
2200 2669
3420 4627
1984 998
73 3252
3674 85
4608 1749
2202 2643
899 4991
3736 4924
5974 3214
5360 4516
174 4783
4997 1061
2374 5727
3281 4804
5508 3703
474 5504
6271 5882
6477 4848
5498 3584
533 6755
5762 4576
1704 6660
4527 4690
2833 1042
1376 6378
1089 4366
5075 3253
5492 1863
937 1341
6193 3490
24 6530
4068 5064
5000 647
1934 603
4745 4048
1729 760
3087 760
3037 5120
5100 2575
3600 2338
4960 3790
3277 255
1012 4979
2516 5214
5519 2979
3907 3358
6046 633
3075 2947
3877 696
2281 4337
5768 4419
3521 5092
6666 4074
1637 6629
1471 589
3217 4911
1908 4603
4913 6250
3686 1064
217 4113
587 4152
1154 6488
2273 6540
2058 2789
6046 365
5375 1178
1784 2031
6506 3989
3170 3762
901 3425
2076 2374
284 5072
6330 5387
6613 1445
837 6557
6743 4996
5199 5356
6292 1497
3105 871
5889 6069
2383 89
6610 3330
1350 4870
3538 4117
1021 5825
4441 4920
2673 3351
2776 3346
5370 2898
1393 639
6612 6734
4131 3818
1753 4370
1435 6683
1164 571
6654 3169
4968 6043
6092 6535
4409 6617
447 3317
6217 5973
2541 1194
2858 755
3802 5907
3936 2880
446 1706
4219 6264
2488 4971
3790 2706
2533 4991
2649 3324
6099 3990
5005 3360
2085 5229
1665 4584
2411 6467
2836 1432
6699 5054
3706 5839
148 3153
824 2785
2655 4450
6020 662
582 1395
4593 5405
540 4511
4529 801
1627 4930
6036 1108
5604 2378
2379 2151
5725 2368
4766 1689
2512 1161
2138 6259
3993 1528
5573 1833
2228 898
3321 6611
2228 4785
5563 6569
4172 1363
5003 6443
2912 3843
4414 568
4333 4176
3272 4843
459 1329
4119 5896
5846 2298
1459 2232
4942 5190
1239 6412
2725 2609
3998 546
3071 984
5628 5882
5900 4511
1346 4297
1219 78
4467 3961
1137 4434
4905 812
3175 243
5815 3189
5316 2018
5874 2517
6536 1145
5184 808
2034 1169
2450 6699
4622 3252
784 3838
883 4557
5457 2139
2473 3788
5516 3141
427 1125
3093 3787
6627 2705
6687 209
3565 4909
4094 9
4336 843
4383 6758
4968 1227
5930 4111
5557 5493
2376 1451
6462 3169
5917 72
5917 2305
2661 3300
2379 4533
4582 5000
4190 3985
4387 3345
1610 3290
2951 2485
4392 4851
3008 608
3057 2996
3485 1753
2523 4445
2985 752
3082 3557
3157 5537
2450 5161
229 5166
355 3257
6054 6149
4840 2511
1987 799
2669 5715
6121 6188
4400 776
2629 5897
755 5466
2779 3784
2414 740
1082 4648
5121 4034
3297 1162
1444 2948
5352 5575
6650 1355
3399 2756
5145 6499
4759 1066
2671 6325
2915 6440
3455 5775
3606 5513
2758 3816
376 193
4160 3297
1807 421
5995 6637
3620 5717
199 425
398 2626
5412 57
1510 516
3548 4040
2442 6660
939 2488
1757 5470
519 3816
5133 300
2408 6153
4080 5954
976 2136
1330 5339
1545 790
5103 91
3960 5514
3589 402
3328 1407
6158 6754
5951 1831
1539 5582
4668 1342
6623 5163
5202 4333
517 6407
6087 2555
2358 6096
5177 2689
676 564
3424 1842
4480 2890
2505 805
4460 2481
1000 4989
1571 4973
3862 3484
5785 1931
4998 340
1388 47
6149 2611
2602 4526
6707 2561
4291 168
4209 175
4857 653
1370 5716
4377 2147
3312 1242
890 2051
5025 882
4713 4977
4555 5881
1311 5799
3537 549
6647 6239
6376 2191
5840 4875
3173 4320
6476 4050
3732 2489
3311 3420
901 5523
5972 4806
6267 5826
6739 998
5724 1191
5701 360
873 6639
6546 2968
2670 44
59 4109
500 2271
2073 3214
169 5318
6016 6256
4973 212
4263 3976
3219 256
1980 4362
3139 1543
6453 4006
90 4910
4223 632
4928 3433
2186 54
2515 2064
5835 6446
5989 6740
1406 4589
2984 4028
91 5869
2994 3113
1219 205
2146 5902
1097 2031
4785 2606
5018 2567
4853 1574
1737 2108
3099 5664
4929 3060
3997 2941
2230 5770
2488 5421
5656 1203
5930 4280
480 2833
6463 2554
6671 6546
4059 4228
847 3573
6718 3636
1498 1197
3895 4909
2185 2805
2507 4307
3211 3207
414 5922
5213 3339
1176 3894
2809 4776
3019 1393
5032 3764
6412 4007
2632 616
2143 5090
1419 4335
1134 1929
3648 2128
2343 3366
3261 341
6099 5696
643 4020
1699 2100
5339 6482
1499 5650
2699 5618
4222 5093
2533 780
20 178
1462 6229
2917 4211
2542 1274
5698 3691
4716 1518
782 5104
6340 2086
5004 868
2610 4059
5617 3236
2207 5039
2454 5428
2818 1337
4447 1157
5257 5236
6735 4807
164 823
2447 5211
5760 23
3656 1396
6318 2105
1628 6701
6642 5535
288 2289
2440 5814
6750 1595
1706 2379
3056 1052
1924 6067
5924 2080
2796 1770
835 5827
5640 5346
746 6419
48 3025
3596 5373
3631 4462
5544 4998
2047 3441
1242 5460
4745 647
5463 6243
3258 6526
5330 1799
6098 6203
5577 2541
156 5637
6431 1979
4930 272
1212 5421
5437 1649
6703 907
2552 1326
4241 2940
1594 5741
3280 2254
1450 2488
2863 6100
5140 4205
3828 2619
2191 4029
5653 1024
4602 3649
226 2485
2519 1036
2816 4962
1717 1149
5841 3943
4818 3612
429 4730
1436 1393
1770 2303
1675 2918
1820 6449
1756 5539
1135 735
6028 2378
661 3810
3729 6295
1044 532
678 3289
5203 6531
6595 2735
6307 3144
3188 6139
6296 6740
3608 6517
6444 4616
4913 144
5758 4808
1180 2649
1720 2975
5211 1073
3762 3812
2806 1521
5826 389
2547 4564
4195 4204
1408 6344
1462 6191
5640 2762
5800 5413
5200 1781
3238 553
2021 3623
111 1738
1594 3308
490 4151
6121 4910
5331 4066
5508 3884
5539 6142
1643 4840
1993 5592
4451 5320
1622 795
3148 4186
6243 1350
5825 2690
6558 506
3829 4210
2372 279
2496 5171
6709 2057
3493 359
345 4990
4875 1644
2215 3601
6060 4638
5994 3580
5234 1408
5199 681
5144 1650
3540 6554
5123 4805
4910 3109
3926 5415
1407 5514
251 1231
811 6231
5808 5365
6638 669
444 2625
4777 5101
1967 2445
5789 4796
1554 2966
3866 1752
1371 3658
1730 1097
6069 6139
4459 3452
1253 745
2885 5397
5515 1645
5897 2848
437 812
6670 2122
1975 5825
5237 1378
504 2232
445 2725
589 3054
6010 2344
3586 3091
4824 6358
173 287
872 3032
2515 5652
5039 1932
1995 1670
1276 2790
5509 3585
2831 536
3001 2877
5865 160
4536 5216
2280 1183
5057 1153
3982 5522
1940 5312
3919 5850
5146 5759
2409 4853
6732 5845
4147 4838
5886 6476
982 907
1477 1825
2368 1946
2901 2032
3409 2980
1187 4214
4149 3222
5817 2957
5870 196
6553 3006
3732 5413
4943 5471
4473 5135
3653 1234
5527 5864
376 5826
2420 5055
6369 2264
1310 5576
5775 1516
3684 4688
1658 4640
5368 619
252 2570
3909 6190
1319 922
3986 3375
4006 1353
3338 6331
4053 1417
3552 2145
1398 2069
2782 2731
736 2267
791 5220
304 2529
1383 3313
2267 6316
1691 425
626 5902
2722 3717
3951 6430
6679 2065
1358 3325
