120 3851 287
1897 4648 1
1400 3392 2
3146 4216 2
4178 129 2
573 3589 2
5602 5165 2
3596 1555 2
2302 5492 2
3389 900 3
261 1033 3
4895 868 3
1719 2316 4
167 5457 4
4880 225 5
4472 2028 5
3504 3106 6
4108 4963 7
2818 2178 7
1853 4009 8
3861 5499 9
4640 5399 9
1213 4410 10
3796 3979 11
906 581 12
3384 173 13
4337 2624 14
1953 1466 15
1997 3178 16
1620 5616 17
754 5069 18
2950 4957 19
2038 13 21
5698 2714 22
2593 556 23
120 1738 25
4238 826 26
5172 2124 27
4785 3590 29
5456 3919 30
4345 4431 32
146 58 33
4433 1411 35
758 1326 37
2708 3475 38
93 4879 40
882 1944 42
5497 1456 44
263 2541 46
5253 3244 48
240 4136 50
1619 486 51
3629 2369 54
5669 698 56
2444 2649 58
3229 5570 60
5275 4473 62
911 5622 64
1425 1062 66
5039 4981 69
2451 1153 71
860 2716 73
2390 4216 76
2286 2085 78
3067 1349 81
1425 2840 83
1323 1617 86
4228 3513 89
5506 149 91
82 3173 94
5248 5739 97
4936 2664 99
3069 2792 102
1076 3831 105
3271 1937 108
2902 15 111
1450 5136 114
3784 4502 117
2378 4853 120
2643 1659 123
3512 5147 126
2205 3602 129
5708 4300 133
3371 3640 136
588 163 139
1012 3138 143
66 515 146
2032 696 149
4343 3952 153
1127 60 156
4831 4298 160
3783 654 163
4813 3110 167
3966 1782 171
469 2141 174
1269 2362 178
5684 1865 182
2782 4471 186
533 3096 190
3420 4717 194
4091 3121 198
4908 1751 201
4290 5737 206
5253 471 210
2459 3153 214
5172 1210 218
2056 5136 222
2994 400 226
1891 2733 230
2827 3972 235
743 4090 239
4714 4728 243
151 3715 248
2679 5317 252
1727 3637 257
2833 1059 261
609 884 266
5737 1169 271
5007 3886 275
3802 92 280
466 4839 285
5662 2227
1778 1823
5662 3336
5629 5537
2905 5752
446 5759
2017 5753
3059 3279
3817 1224
5288 2879
4508 5050
1258 5691
1266 529
5336 878
5168 5400
1093 976
774 4624
1686 4309
5690 4735
4017 2126
2418 196
1247 1952
587 1721
4504 211
4477 583
4819 2157
753 2329
2731 1362
3411 2737
318 2871
2115 1062
3721 4921
2261 1448
1058 1434
454 4516
2187 4450
3327 2337
2971 701
483 589
3960 3668
1055 5300
431 1337
4824 1423
3524 1263
1633 130
3773 3289
1658 1444
1375 4153
4527 3447
2771 2744
2059 2250
4367 1128
4986 4548
5647 3037
2755 3039
99 2259
4159 1491
3713 2629
3998 4275
4683 2782
2652 4862
1709 4876
4414 3010
5455 2459
1859 5330
543 2726
5464 1191
2861 1816
5714 3983
4695 2470
4439 2364
2683 3745
5100 3495
3488 3945
993 4172
1125 4752
4103 4671
2499 4496
4613 3971
3978 490
4187 2378
5261 5105
4045 3973
1088 3497
208 4638
1088 358
5266 58
820 1036
1646 776
5189 2483
2063 2544
544 4230
111 4378
796 3256
2468 2907
370 3301
2635 4266
1790 1052
5406 1789
848 1619
3934 2434
4517 1716
2708 2511
3114 5292
3314 4937
1973 3535
1933 3760
5138 4182
4299 5451
2661 5604
2411 3898
3932 5226
3582 293
3644 2857
5667 3569
2853 1570
2122 4668
4299 348
4604 5666
5037 2889
5361 3507
2450 5729
3894 3018
290 307
469 1918
759 305
1853 5044
4732 603
317 5044
5380 5550
3129 4437
5518 423
3429 1737
1432 5503
1167 5105
84 1481
1866 459
3069 3795
3076 4704
3663 3547
1412 87
3627 2025
1397 2533
3223 1091
1171 2753
5 2738
2291 757
236 2099
2943 4172
2277 1661
2216 3333
2198 2809
6 5189
4425 916
3351 4506
540 5443
2084 1893
2119 4139
1532 4623
3425 3422
4035 847
3075 1678
2053 372
2472 1423
4474 4123
821 3835
4602 3255
3156 151
4241 4204
4498 3693
2962 910
4940 1962
2412 2334
2115 4880
4840 3351
4942 4075
5109 1817
5114 733
488 2521
3774 4704
4924 488
854 2498
1129 752
2452 3379
3217 2983
4144 5332
4451 4776
367 1729
3248 2562
3676 4142
3462 5459
3310 1543
3990 151
1743 1266
3799 924
5476 753
87 3414
3589 492
4672 4933
4657 430
1521 2198
2804 182
3346 5728
165 786
5427 4181
5564 1633
1320 1218
4843 5532
3797 1706
2931 4571
3738 3796
1843 824
1663 3088
286 3117
3734 2188
3169 684
3280 2119
2609 3984
3683 5325
626 3350
5013 5671
1742 2545
5676 1349
5331 3776
5002 1112
630 1446
1539 1908
474 4005
3074 5678
1300 3742
1965 1655
2410 5220
2709 5026
3579 822
5567 980
1037 2276
4944 2333
5732 2426
1574 3911
2965 2291
3002 3099
4688 1133
3383 4256
1233 3075
4898 4827
2054 2901
1730 2119
1283 1438
1494 4844
4317 3199
5460 5698
5187 961
2989 5409
3225 3309
940 4783
4959 5404
4829 2900
5356 4868
4487 2548
4513 5269
405 1542
910 3394
5049 3276
2263 278
2901 2537
1374 2071
3347 5185
4235 1031
4375 5179
350 2397
4344 674
1721 627
780 100
2283 2448
3137 857
3519 2257
5441 5373
1069 2611
2173 564
726 5412
2894 5256
2431 4059
4 1343
1108 3266
4834 719
4031 3810
5306 3946
1396 3912
2008 5572
3480 2074
5759 503
5187 1369
1134 2143
2425 847
1296 1775
1308 3248
70 281
5729 3785
113 5048
3795 1860
1573 292
1436 4466
5143 3705
5090 3068
717 5224
3966 1473
1487 1430
4975 1528
2007 4255
30 4097
212 562
741 4430
4832 1266
4993 4288
3253 4096
1607 2832
3642 1732
5505 4318
4191 3328
683 520
1495 2643
4026 5086
3294 2826
2546 3503
5575 2806
2406 343
3575 3661
389 5263
4262 4766
4761 5225
4841 3740
4781 335
1281 758
633 5583
5207 2706
5732 1541
93 5303
4125 1657
627 5002
880 410
3394 656
930 5374
601 678
988 2807
836 3636
4925 3466
5008 5172
2541 4738
1273 2871
1626 5298
259 3995
2668 2061
1230 224
5010 1298
2299 5007
4079 5703
2931 1186
1034 4918
2094 2033
2270 3045
2592 5098
4258 2101
4820 38
316 3637
3521 4929
5229 4810
892 871
4849 3878
2438 4995
1073 1856
1934 244
4147 2972
2813 5608
3711 1315
2852 3330
2834 5391
461 3430
2337 1820
5106 536
2668 5462
1950 2437
1734 1656
1194 4636
1222 2630
3675 5478
1672 4528
2174 2621
3419 14
1404 314
5002 3646
2651 3593
5039 4724
412 2271
4751 842
4593 716
794 2904
4653 3511
5440 606
812 4915
607 2860
5159 5240
529 4710
2692 1105
3849 4376
572 450
4809 2398
4668 1702
4369 4272
3529 1042
3971 4645
1286 4821
3841 498
3737 5126
4363 5560
5249 2006
4096 2273
4238 3058
1999 3949
1811 1950
3628 145
283 159
4287 3654
1633 3374
4590 874
3978 2797
4213 4461
4059 5505
1545 4270
1554 1071
5349 4335
392 4380
1453 831
3807 2769
2537 1991
2635 2308
566 4366
3675 5716
5098 2621
3280 830
1137 4012
2610 2661
4354 54
3117 3907
4671 5061
4493 1019
1796 4481
1386 2317
4834 1064
5345 4576
4594 2919
4693 4078
5438 2845
1489 4075
960 2
3834 3667
5510 4500
5307 4131
2410 598
711 2439
4819 2035
1964 4420
4835 1550
1581 1568
5661 254
5002 974
3189 5116
1928 2221
5337 1283
841 2122
1522 2448
5081 59
4555 1429
4817 4079
2987 5589
3836 1424
975 1056
1997 3049
2027 3354
4831 5098
2932 1485
571 4564
2548 5343
1494 3256
5718 925
1003 2979
2245 1068
3937 2562
2788 429
2618 1245
3388 1855
4398 3293
1753 5742
968 3976
5695 4879
4355 1286
741 1178
3663 396
2738 2624
346 1215
3567 4465
2216 2279
539 2379
1069 1313
3025 1875
1893 1869
716 3520
4079 1930
1542 1680
1564 4437
314 1605
3940 4466
512 5079
3878 265
4508 4614
4421 1579
3810 3408
2648 4674
874 2258
1588 2998
1841 948
2057 842
2853 3673
280 853
600 1179
2394 4457
3917 1143
1780 5614
4713 1281
5568 5627
4873 4193
5632 2092
4167 579
62 3989
2435 1294
3242 1211
5052 4379
1814 306
2620 3270
2524 1696
701 3630
3857 4919
3548 2754
2642 4480
5373 162
65 4702
5387 5243
944 5740
1294 4312
3834 2088
1187 639
3308 1428
3793 4281
919 1255
2762 4755
3557 2586
1036 458
4290 2954
4468 5720
1029 3647
562 3947
2579 357
5639 4484
3268 4793
4093 3299
4010 5396
2779 560
5321 5459
5283 1145
2564 3831
3011 4467
3660 1203
2597 231
198 3384
2299 4568
1200 1211
2199 3453
4005 666
3164 3090
237 5161
1686 3957
5576 3730
5160 5689
4611 975
2560 2982
4214 2196
1517 5716
2011 2717
522 1513
52 2416
2054 5428
80 3610
2748 907
1647 1738
1405 1869
736 4188
1831 3456
1255 4079
5038 1977
5569 3502
5332 748
3217 2355
4352 5312
2547 4626
5734 3264
4229 4580
670 3030
5476 4923
5267 1688
5457 3382
530 241
1413 5738
2257 4778
5106 1635
2511 499
5443 502
1823 1177
1185 3567
3185 3793
946 5495
2203 426
1638 3539
4326 4633
3545 3267
1703 5489
2821 4934
3397 1624
3531 3847
4165 1321
5347 3159
4674 1837
1227 2179
4158 3417
2956 1793
3416 1050
3768 1966
5440 1074
5636 5339
2927 3566
5224 1859
3307 570
4095 4362
3815 5355
4691 2222
468 496
3794 322
3948 3115
3532 1678
2944 4701
1934 1561
4388 1873
2675 620
1138 1982
1133 2435
1828 2610
2339 2820
1144 1585
4744 1939
1003 2051
2762 1522
841 4029
4064 758
1375 4793
2936 3242
4028 4081
719 4931
3041 1084
1241 1850
2357 3673
2243 45
158 664
2512 4341
2085 1177
2026 4602
18 5084
2793 2002
1205 948
2467 3255
960 365
2130 5227
395 2023
1456 1330
2782 95
3642 3429
858 3020
27 5471
848 4413
5302 2118
1030 4258
1489 1168
1302 965
2494 3948
992 836
1394 3779
2311 5239
1354 5312
3345 2463
1808 2996
393 640
712 5635
2471 4850
148 341
3315 5297
3456 2853
2147 794
3464 5612
2481 1917
3354 4848
1883 4893
3059 265
34 779
2995 2121
4867 2605
3019 2896
1030 3354
5090 4562
2173 3970
1079 5114
551 1269
4130 247
29 433
1613 5113
1573 2552
5150 5116
1171 3157
5558 5072
791 3344
1848 1389
2080 1735
2448 2164
4856 4523
1716 3758
5453 1575
2175 1264
1135 3705
4728 4237
4888 5455
3856 1644
4046 1732
4333 4993
1769 3400
4724 3988
5592 1360
4913 1618
783 1935
4904 2826
4502 70
450 2813
3539 4182
310 2636
2245 4257
1096 4654
5444 4391
1839 4112
490 1076
4760 202
1884 4223
2285 3760
4397 1665
2780 714
1444 4742
751 436
258 4356
772 2631
2556 4866
1686 5208
3869 1799
1837 5413
2065 4990
4612 2204
3356 2225
155 1625
2885 585
4984 5045
1999 2009
3879 753
2138 2122
3772 542
5651 1257
792 4351
4601 5325
688 4803
622 2252
2722 5400
153 911
3705 5612
4028 1644
3320 1067
5448 3466
339 4266
2766 5220
4226 2569
5481 2565
1470 2285
5736 5169
3580 5109
188 4991
359 4634
3165 5502
3140 3527
1499 5592
5371 4985
1021 5414
2343 2582
4327 4077
1756 554
4560 4538
3538 4685
2317 4459
1355 5154
4994 1755
5231 1591
5348 13
3728 3217
3318 3162
4901 5020
1334 4661
1984 2858
2987 1600
2835 1241
3434 5712
4624 3661
3308 5635
4616 2583
2449 1734
3462 5211
5638 920
3088 4306
2758 301
5686 1025
926 5178
93 592
2559 2766
634 2443
4166 3650
3118 1440
4227 517
2529 1839
532 3691
720 977
4675 268
653 2579
222 4856
2117 5651
3996 5679
1355 161
777 4777
5732 2605
5202 1468
5730 3665
1469 5260
3696 893
2179 2720
3173 2771
222 3798
2360 2937
834 960
5159 3620
3873 43
2203 5464
1795 3308
1419 3687
2375 1398
3479 1178
4488 2937
3531 1948
2342 1210
4379 1955
328 5155
792 3081
63 5724
2767 5456
2482 2370
4119 5599
2927 2999
1169 5451
2829 4137
2862 114
2073 1002
4687 1514
5187 4583
5521 656
4064 2890
3537 3375
2039 269
5173 3967
5058 4838
4671 522
840 2597
410 3896
1740 1488
2845 2926
659 2344
684 2853
671 1575
5062 3946
4281 1904
1263 3971
3336 3462
436 3171
3523 2331
3898 2846
1301 3547
2378 5574
3134 4516
4413 2814
5677 2015
3561 942
1627 43
1495 245
791 743
2978 302
5412 3659
5424 3024
2793 3791
3669 1871
132 2338
2703 1921
1768 2818
1225 3313
2367 4699
4610 2439
3539 4339
4691 922
105 2766
5721 5670
261 5504
9 2081
3414 2188
2579 1525
4912 1042
3250 3654
273 4665
3355 4087
3684 273
1918 2510
2994 1691
1672 988
1289 2098
643 585
2085 4304
728 1255
5379 1924
613 3483
3709 2777
4897 800
3878 5723
1198 3877
378 3222
5656 4933
5236 3076
5281 402
2687 3248
1810 2701
5602 1545
1713 4730
7 5597
4310 4361
2010 5084
4784 5732
282 4483
1700 4402
1931 1983
315 4888
2780 1675
932 1490
4576 3084
2989 476
2993 633
360 3849
3524 96
2496 766
1627 2485
1677 3026
3347 3747
2701 4169
2928 1548
2665 5700
1522 773
546 2463
1056 4323
1266 3019
1772 1421
1783 5138
1497 21
4140 655
2222 4109
483 3555
3818 1348
4562 4724
669 1357
3173 2834
3800 3018
3212 1373
5200 5334
2167 3861
5311 1804
3085 3623
127 4694
791 1812
1545 4199
3840 582
1002 2220
2920 1896
229 224
1772 224
4270 5066
953 2394
4466 2103
3058 4806
606 4810
5153 5512
2269 2928
1237 2042
5516 3689
3289 75
3413 5408
1617 4490
449 1788
3575 4866
5101 4885
2859 3129
4137 2619
3862 5124
1793 2042
4389 582
3745 2833
3105 2348
1631 1234
5377 487
2995 3797
5267 4222
4170 4840
2247 5605
1254 5055
5400 3832
2961 2174
1460 1825
3120 2277
4552 1869
5539 1817
2833 5231
3912 2932
874 4684
2853 3007
3056 1255
510 5276
2154 1874
805 2250
4828 5354
5152 1689
2596 4524
5048 784
2572 710
3017 1763
5390 290
5447 1663
5537 1183
4715 144
900 5564
5395 674
3823 2603
2869 3749
3554 29
3214 3241
4898 1460
2942 2376
5371 4682
1146 1474
2348 3835
1805 5226
4045 2947
5329 1858
4037 1149
79 5134
2706 4540
5606 736
2188 4044
3106 508
5269 3019
2360 1715
4908 2274
2370 2198
942 177
2927 3084
3863 2279
4027 1069
381 3664
262 3468
1966 702
3771 5611
22 4767
1413 2234
2624 2468
4363 986
2401 3341
172 4774
31 4842
4959 4178
4794 3503
5745 2188
5514 5673
2481 3558
756 2123
5386 3739
254 657
4598 451
1666 1377
3729 1825
5329 209
2635 3668
5474 1877
2105 3002
5547 506
5397 56
1937 598
4019 1274
2760 2056
5657 3164
3926 3794
4845 503
1075 3309
1512 3746
5221 4976
2288 579
4769 3869
2775 1836
2196 256
580 321
3549 1113
1640 3786
4778 994
5170 1894
332 1480
3418 1385
5609 1691
5280 2328
4101 995
5546 1287
2581 2100
1106 447
842 280
3212 5388
4566 3694
209 461
1249 845
1788 4323
4537 5543
3566 4552
557 5354
3268 2173
5535 5750
4461 3077
2244 5387
2045 5356
3902 1947
1797 466
1893 3087
5231 3602
2551 3985
1878 3414
4917 162
3542 5411
285 2935
634 2683
586 3095
455 817
3019 2719
3974 3517
4014 445
1741 919
1128 4146
4750 2521
4098 2423
2193 2036
845 2890
808 1122
4503 3126
1332 2753
354 4541
684 4700
2224 1723
1056 3972
4849 3597
5760 3406
3497 4094
4007 3882
4468 2806
3223 822
175 3764
523 2991
2635 906
2674 4104
1649 5063
3888 2738
2728 4977
5141 3370
4398 3829
3678 3828
4431 5508
1262 5417
2405 4314
3147 319
2803 3117
610 3160
2442 136
4702 4537
2064 65
2832 1444
1342 3035
2217 4845
3728 4526
5241 1336
3091 414
2363 1479
159 3326
4489 2308
5644 1762
2647 204
523 2195
2142 5386
415 861
1665 2407
4813 4618
4114 5536
4417 3903
437 3606
180 988
2354 1117
762 1399
209 1178
2694 4012
3998 5260
4943 3758
446 3945
2658 1473
1662 3889
5452 5519
865 5309
4619 1461
3693 2427
4232 4955
3412 1145
982 656
2431 3017
2892 3039
4275 4628
140 5724
5420 4615
798 5172
622 244
5577 3450
4823 782
5361 1814
1820 3119
2406 1861
1522 4572
2667 552
5455 103
5134 443
5175 2389
771 3684
42 590
2293 4628
4442 1322
2665 4794
2606 3134
5168 3034
3150 3987
2354 1312
4666 2567
865 778
715 4856
3208 4461
3283 2391
1673 2910
2580 4258
5277 1743
4292 1806
5267 1386
380 4128
2556 2535
881 5447
4042 2700
5287 859
2967 4317
3720 3450
3038 950
4701 1423
3098 1058
5363 2541
3527 2809
4659 4284
3455 1686
3730 4019
5758 3184
5400 2388
4697 2531
977 3428
1117 826
5294 4786
63 164
859 1460
442 1708
3999 3632
5420 231
1139 4536
4351 4807
741 741
459 3023
336 3697
2279 5541
120 487
3611 4176
4806 1681
4163 895
3376 1686
5610 5738
4258 4497
5730 1285
297 26
1539 4779
5716 83
4728 2939
3598 4418
1732 1032
5129 1467
4779 4152
2403 2712
2465 3722
1982 5004
276 615
482 2575
4486 2850
2582 3054
2976 5202
4225 3997
803 531
3186 114
4233 2349
5254 1798
1916 2613
4588 1950
2471 2431
202 5345
2966 1244
730 3130
4093 2584
3073 630
2217 4635
16 2975
763 1866
3312 5500
1337 4331
3855 1381
4043 231
1455 3045
5707 383
1447 1203
3764 1169
3624 3273
3704 4233
4870 2683
4788 5560
748 374
4158 5015
2202 169
4985 120
2930 746
2248 2416
713 1786
4000 4362
5424 1899
2192 9
2345 2727
126 1845
3989 3051
700 3813
86 1043
4474 3268
81 3333
5487 2163
3394 2984
1589 2221
3655 2258
5748 3111
3606 338
3794 4596
2363 199
666 5196
3769 2479
3069 826
4769 3213
5612 667
5444 4296
2266 2660
1079 1478
3852 2700
3911 4034
1597 2175
804 3974
2252 2797
2774 3218
430 4325
3447 4617
3328 3881
2754 3342
3277 3871
4589 4503
106 1231
5677 5261
47 831
2538 3431
4120 4567
2413 2755
1681 4007
3830 1004
2246 725
3760 1584
4949 1729
2299 4885
2818 3063
4322 2526
2938 4498
4531 2154
2464 4
1117 3635
5464 4592
1070 2093
2009 1037
3440 942
1957 2716
1762 4651
434 2368
2327 4517
5606 3571
320 1386
4348 1043
899 4923
976 4556
1497 4975
5045 1741
2872 3583
3504 2611
657 1830
4993 4745
1178 4021
1448 4337
4794 1074
5249 5600
711 118
2382 543
474 3907
3422 2794
4746 2344
1819 4836
5538 3806
5004 595
1988 1140
2160 1318
5398 2276
2045 1186
3487 2510
2505 3682
1275 284
2073 4075
1391 3116
1123 1068
5032 3111
633 5258
1708 481
4224 1318
4328 3081
4163 3725
1483 672
959 4473
2350 279
2729 3230
1845 4426
2161 1410
831 3898
3670 3721
4354 3870
18 1271
3889 2664
1672 643
4091 2669
1920 1718
5370 2712
5249 2793
4020 1322
2082 5211
3230 2454
4537 3764
4974 1572
3048 4011
1041 245
1978 973
3670 582
2844 2665
3323 1932
5577 2436
4220 3788
1652 4642
4733 2452
64 4120
1304 4265
3893 5176
4319 1676
3065 2277
169 2734
4973 2589
4304 2758
1830 1525
2701 2574
4408 5627
954 1358
3766 2653
2468 1570
5275 4920
2713 1010
2416 3817
4546 66
4190 2953
1996 2562
5135 5025
3699 2908
475 5297
4981 5575
1925 1238
4502 1062
2212 2952
1921 4857
3152 4868
5686 1525
4765 1231
2498 1308
5229 1749
194 2558
1661 5257
1369 3968
5236 1203
5579 1184
1799 408
4788 3415
4698 4369
1027 1520
360 3537
1438 2554
336 4408
779 4066
1396 1130
1655 232
2832 319
1939 2842
3746 2424
4592 5058
4217 4105
3242 2614
3510 1493
1671 192
1830 4567
2889 3468
3997 273
1955 134
4651 3063
2985 3409
3321 5387
2313 3633
4599 4420
5564 3398
4183 4402
2109 182
3619 3557
1029 836
1839 3802
4933 5217
83 2065
2075 1405
2964 2713
1105 3049
4994 1184
3798 144
3136 2914
2006 4655
5329 2565
5100 208
45 5570
1057 5464
5127 4739
4661 4873
1437 196
3000 3366
5432 2553
436 2620
1991 5209
2743 4098
633 382
2388 311
4842 5658
2228 3825
4130 1846
3497 174
1338 3988
4055 2571
4725 5453
476 5371
1604 3448
5719 1990
3331 4019
3677 2616
4083 5338
4315 4143
4182 5277
5517 2369
2129 1988
3096 4812
1596 1929
2690 1405
5063 1169
4741 3073
2848 4461
114 2036
5360 5143
2099 2134
5612 1987
4884 3272
2462 3086
3467 343
414 4043
1373 2235
210 3280
4585 275
2462 4549
3107 2793
433 3403
4551 5752
3206 158
5653 3698
3598 3529
1451 2030
5499 578
1575 3267
3763 3345
4710 1792
4112 636
4122 2817
2371 2654
793 5308
4530 1294
2482 2571
3955 4901
573 4291
1557 4927
2616 5145
3841 3236
4738 1709
1506 4437
5045 1576
3960 570
1588 1091
2521 1101
3848 794
5619 1723
2816 3837
616 3895
3285 4316
384 739
1292 1564
2957 1986
4479 2247
3198 3942
3237 2866
2306 3723
735 4765
4045 914
3347 2757
619 1774
4542 979
4552 890
977 2187
2151 4164
2848 5034
3005 909
673 1191
4863 2278
3683 4755
3139 5584
1504 3425
3810 5126
3683 3996
1236 3241
4746 4608
623 34
674 1764
5601 1225
1003 1656
3903 5290
2757 384
4624 1837
417 269
1095 5365
798 2836
1413 550
5111 4826
3616 4672
2070 3014
1920 2172
5167 4875
3390 1928
54 1409
4013 723
2099 241
4253 2897
1567 2434
4266 1543
2515 5592
872 2945
4367 1715
3496 3907
177 5526
1684 381
2418 16
3777 2436
1226 5398
3595 1022
4931 4637
246 5076
1787 1466
3011 4393
1971 4173
4582 1249
2735 4668
6 1791
4867 1857
3796 4148
4623 4155
1572 2721
3904 805
3582 3094
1922 2791
5112 1972
4538 2516
5038 1386
4026 4172
3762 2615
986 1756
4556 1828
1864 4796
5185 1082
2412 794
5417 1305
3282 201
4427 958
4353 2659
4342 462
605 1685
4156 1801
4173 1755
1045 4094
37 465
5160 5732
1245 1401
5169 4535
3601 452
2737 4036
5635 1673
394 5469
4994 1071
3889 562
1454 4499
2800 1590
4688 2921
2977 5011
3960 3240
913 3242
444 1894
3054 228
1052 758
2348 5369
3961 4935
2507 250
4160 2471
4538 697
3541 4138
3317 2707
4091 4129
5423 3397
2414 2919
5725 5127
2273 4334
3696 2233
73 2894
3520 2109
865 5756
2125 4809
4771 3468
2814 478
82 1318
2451 441
1505 2331
3386 382
1623 4632
1475 631
1628 274
2884 3833
5536 2093
714 3373
5591 2041
1177 3314
1557 4351
3160 2177
5501 2255
4290 638
3527 3567
1669 2552
2956 2442
1422 2470
4474 5264
423 2453
5397 4783
709 439
3395 465
4922 3943
2904 4256
4207 5509
4834 3251
2514 4283
784 5738
100 5705
4342 1216
2233 1165
4311 5410
567 2230
1023 1744
130 2677
3845 1495
1245 4405
2458 2021
4636 3478
2854 1922
2599 1941
2327 1012
3458 4577
672 322
3109 5731
4365 5070
1820 2848
2883 4296
1795 2730
4749 2121
2821 2604
3708 62
3051 5034
878 1302
207 5510
4783 4387
93 3808
5368 3039
393 3984
5502 3652
5154 4663
4305 5032
380 5345
5222 2813
3710 3527
4700 1671
5404 5687
2043 3237
3119 3847
4056 4818
3825 3296
84 3002
5126 5267
5197 4734
1055 2695
5044 2476
869 3668
875 2591
2896 5121
799 3530
3027 2402
2131 2269
5567 2105
4737 4530
469 4544
4106 117
1782 3939
1504 1504
2971 2990
2278 2847
1298 4411
902 1857
1191 1061
2998 2356
1697 5009
350 748
2543 3865
4777 652
5315 2732
3701 200
358 565
3839 2674
381 83
2095 3349
817 4689
2882 619
2385 5172
5637 4561
1077 2235
1866 1714
5309 5179
3046 4710
18 100
5418 3250
2306 4837
2280 386
1372 4972
2524 3097
1098 1678
4427 5004
5445 927
4177 4195
575 3830
3799 2834
5153 675
1650 603
619 4243
5406 1
2933 2187
4447 3881
1148 4903
597 4575
3411 1211
545 5114
1921 1398
3198 2961
3569 4031
665 4367
2342 3999
3503 2577
5151 5483
5661 4740
2928 97
1077 3725
2276 3997
2328 1058
319 5577
5417 894
619 307
1932 1446
3685 2393
1069 1504
4408 527
1193 4665
98 5623
296 1555
3768 3752
3184 5753
715 5509
920 3846
3443 3759
3605 3369
1014 2648
5605 2111
2948 5065
1578 1735
3378 3903
2006 588
1220 2378
3597 2403
3373 2743
321 3878
1900 1976
4480 269
1920 850
4290 3459
5685 3518
174 2926
126 30
2512 2454
3879 3547
818 5466
5163 1256
3701 4863
2633 1386
2044 5532
5188 3741
2192 1801
3174 2312
869 3492
1457 1503
4887 5421
2235 2041
823 4767
190 107
3773 160
905 514
1832 3346
5039 3974
2500 3494
2658 3107
1115 2192
3789 3631
1831 2915
3256 3102
4463 417
4674 5383
2038 5573
3820 4052
1424 5675
3775 435
3909 4662
289 1342
585 5658
1744 3318
4416 3669
2411 2218
2147 448
928 2570
241 803
5538 2812
1354 5635
5622 2257
1139 114
1460 2138
5332 3660
5156 4249
1114 2062
3293 5570
4214 2153
2102 3254
1061 730
3291 3286
1126 5372
871 968
531 2426
5026 881
2725 4262
2883 5148
5534 5538
4398 3536
2247 2204
3505 1101
374 1341
1565 4787
4443 4514
5303 5436
4798 2470
622 3432
1621 5424
1973 5040
2869 2131
4888 4765
2468 3613
4986 4893
1254 3263
3424 2956
5069 6
4825 1518
1394 5226
4119 2983
581 3033
4048 4726
1137 3249
731 2347
5494 4572
2449 1229
4778 3624
3507 4772
2209 4927
5702 2742
1873 540
1180 5649
2459 4310
767 5561
4085 4230
1430 3134
849 645
1139 5744
3095 1894
627 797
989 5432
4360 148
91 3248
439 386
3485 2766
3940 3378
4901 4432
2781 2560
3893 3627
330 368
27 2430
4319 4235
3057 4582
613 2032
5522 4526
5355 2928
5287 3384
4435 3101
1352 4478
2122 3402
4303 2047
3923 691
2473 3494
5109 3255
4909 1510
5187 1640
4917 5047
1027 522
358 3948
1373 1461
3861 4963
1145 500
1572 976
4103 1046
3750 4849
283 3048
1129 4792
696 163
2728 4609
2826 31
3113 3099
630 5718
1052 350
2319 2491
259 2944
2063 3316
1835 1289
4893 4157
2681 4068
3495 2045
3774 2819
2964 64
3683 2110
629 1602
1517 3955
3998 2509
742 4497
2931 885
4064 2501
2509 3443
3976 8
398 4631
3021 3889
2129 632
4367 2432
1726 5608
3635 5251
882 4017
5322 1934
1103 3146
5591 333
929 651
2398 1812
5127 1115
4728 5195
5335 4138
3931 1963
4706 5006
646 5146
4191 3835
4296 5529
27 5110
4970 1810
2242 3485
690 3670
5306 942
4729 3825
3304 1906
1645 1474
2535 3219
2814 921
3350 4039
5160 3787
14 4515
3797 1809
4545 3876
3594 2190
4245 134
944 3714
1575 1870
2217 3118
4280 575
32 2555
4177 1218
3020 5215
110 3627
3000 2880
3038 3673
75 4367
2620 3788
3787 4466
2433 2829
2917 2855
4460 5758
4475 7
1344 3369
5334 181
1579 2045
3968 1346
2667 5131
4759 597
1059 5220
2104 3820
2406 126
1282 1888
3854 215
2254 3906
2300 1671
1924 5223
3409 495
3718 1803
4146 4262
3920 3321
1789 2430
2643 4393
3066 2927
2633 724
3740 740
2970 4372
4072 3796
1240 4119
690 1148
4096 4494
3074 1839
3136 3491
4533 2817
4892 3761
651 3778
1661 3957
4601 4132
3469 1500
190 1823
45 2933
4287 4911
2132 967
567 3138
2036 1159
4293 1642
1236 5599
1732 5045
561 3338
685 1475
4436 3390
5237 5572
5161 2011
1362 3418
1830 1700
5483 76
4388 608
5032 4037
2061 1026
2289 943
4961 4897
3224 4156
4394 3753
639 1228
2915 843
4984 2816
1002 89
2818 2819
5663 1949
1152 1667
5022 3713
2639 3811
1912 1954
4573 387
2063 5323
3939 5755
4981 5466
4479 2330
1411 2664
3378 5088
4889 2728
1768 4268
3110 4247
1218 113
687 2151
1441 5295
604 622
1080 176
2343 2655
4929 1388
1684 3053
3083 2178
5436 3596
511 1695
711 2528
2609 5558
1944 1681
2232 4471
3224 5438
1907 1266
4719 4752
4351 1068
1618 4578
545 5640
2747 333
3359 4623
224 1691
285 3695
1398 3866
4111 665
4049 1946
4119 736
2547 4428
342 1454
1233 4141
3173 2034
5661 2459
3058 2762
0 1029
3197 2182
5053 5425
4412 4396
5683 2337
2669 4513
256 4823
1735 5671
4183 1983
3136 2797
2557 967
5066 4696
2718 1317
1437 1277
5184 3373
5544 372
3904 1528
3871 2404
1986 5077
3486 5096
1559 4487
3452 4733
3342 896
758 5038
4079 2767
1044 4597
5307 3483
5481 425
4160 3097
815 5296
2071 527
3217 1914
39 1876
199 293
3730 5186
741 3409
1715 2406
269 1308
5311 2341
3556 4990
2167 2304
648 4309
5231 2897
3689 853
3144 3354
1439 902
4525 4548
3640 1305
5043 272
480 5164
2212 3031
3570 2766
3040 4982
1147 4284
3298 3643
1110 4613
2942 1654
3398 3090
1704 3334
4354 3623
1527 332
2679 3646
139 5114
2744 2595
3884 215
175 2785
3551 2710
5043 2435
4447 2686
5003 5283
5199 2545
1293 2636
4833 309
4771 4580
2378 520
2980 499
2835 5057
1119 1117
4369 2860
4788 4507
4583 834
5514 2120
4013 852
139 2575
3676 1967
404 4077
56 3391
3789 3510
3330 2493
2936 2232
4042 5599
4181 1810
1480 2801
2938 223
5592 4690
3002 255
1710 2863
2606 608
5276 5521
911 4404
4317 3508
4342 2966
934 5325
2381 3698
5210 4207
343 2054
5226 2198
5279 3563
4699 1989
2980 3842
5473 365
3448 5676
5367 4201
3822 5591
4788 2342
998 5642
2221 4269
1621 5376
4689 503
2091 2319
2733 2120
5374 2788
451 3535
3608 2350
1750 3562
3036 210
1557 3404
4324 1831
5184 4851
1214 5504
548 67
2112 916
1588 4674
537 2291
4932 2380
3750 451
1617 5517
4954 1504
1817 4751
4314 5506
2948 3443
2893 4513
4230 4998
5676 3057
1431 2896
5695 5707
1650 3251
4928 2479
172 3486
5579 120
63 4300
1510 515
5341 2784
5538 2690
1333 821
1114 641
423 4774
56 3368
5617 5365
2949 636
2331 722
919 2745
884 4118
5576 4097
3026 32
4197 644
4277 5422
4058 2104
5747 3839
1326 1590
2292 604
3590 1166
3014 3549
3202 918
3449 3914
3552 1599
1491 3783
4296 1757
2873 2752
4932 3797
5301 3077
5502 1329
1465 4651
5425 582
5440 1334
4924 4565
444 4109
3383 4966
2190 1371
1533 1863
2086 1463
3530 1108
5614 1761
204 1905
1723 5389
1589 686
4928 1541
1730 5703
1261 1859
3955 1739
2323 2469
4065 2202
660 733
1577 3622
2692 5691
2592 4436
802 991
3081 2092
1708 5144
917 804
5101 1678
2044 3798
5444 3056
3445 5403
4191 5244
136 605
4904 2221
2002 3508
5260 2844
163 4510
1094 3872
1389 1557
4565 5573
3567 1679
1116 2561
5433 5481
3849 5560
5231 60
2350 1293
1510 4191
3414 3771
695 2670
2010 3583
2397 902
3038 1305
2386 792
2125 4246
2024 3223
399 2935
4579 1027
5205 3490
1861 2224
946 4887
1213 3340
692 1740
2584 2786
2205 1338
1910 5019
2986 3135
4654 746
4081 1600
2726 3199
4828 3819
3748 2953
4288 4951
3852 3985
4030 350
2804 4062
4014 5229
1827 3238
185 240
5359 997
5443 5058
4869 5391
5109 2459
2285 3218
318 4198
1170 3900
1240 4431
1696 3366
5403 5516
2292 1761
3988 5569
70 2816
2115 4920
1377 5208
4312 1696
1629 2936
296 3525
206 5644
980 2042
4379 502
3493 4361
1952 5518
2974 948
675 392
1109 5556
627 2553
2910 1839
2309 890
5032 4433
1420 3478
4530 125
3871 5098
1469 82
680 3850
3099 796
3560 5041
4429 340
258 1960
5340 4946
796 1592
3408 2693
2494 5339
151 4300
5186 4256
4982 3581
3702 2181
3408 2603
5723 4089
1488 877
2572 2899
3444 2771
612 5593
5469 459
5202 3763
1122 2712
51 4149
670 4501
2161 680
4132 909
3515 1939
333 4986
5259 4194
2070 1937
5517 1428
3721 1866
5165 530
2753 3667
321 2689
582 2326
1927 3043
4528 1247
1703 5268
208 4476
3990 1340
4213 3668
1734 531
1830 2964
4532 154
3079 2868
3857 2984
2864 1131
5686 4161
5757 4982
2887 479
3304 3755
3431 3920
820 1890
3607 1350
3234 637
1536 5301
1228 489
4356 647
4410 3209
4622 80
1980 41
2525 843
5225 5067
4980 2216
2933 3480
3108 2690
5634 5718
167 2527
1401 4300
3199 3580
3720 1890
3339 5433
475 297
3905 1549
3092 4513
3487 5391
1796 1907
4173 1469
2589 971
371 952
2637 2879
3392 2028
1101 2958
5638 1634
3386 1997
1692 4900
329 1988
1861 5221
5380 3880
1895 3592
4505 43
897 4526
4070 1286
4552 5637
2912 2204
2225 540
1434 264
4490 1121
5592 2998
894 4800
3337 2016
3376 87
225 3651
3616 467
3207 1321
2358 5109
5650 2836
4574 89
5744 5461
1700 4347
3829 5421
1045 913
3590 257
34 3207
4026 5361
4179 5376
2575 1997
2470 2863
2570 944
2389 5240
5258 2923
98 2678
5452 674
1688 3930
2797 4087
1117 3480
3257 4400
5592 5658
5067 2773
859 1902
4336 5114
4394 2395
1388 5248
666 3311
3249 4424
2936 5738
1155 3697
1705 1045
2274 3605
3242 3063
836 4089
4783 2586
1896 4944
541 5083
5376 3469
3771 3267
4808 1537
125 839
951 1099
5153 1574
3896 4803
2533 820
2907 2758
5169 1866
4039 778
818 1174
4164 3394
5081 129
2447 1092
2306 3068
296 2966
4704 3721
3818 1750
2708 2218
2121 2879
4571 5257
2617 130
3946 1885
374 4538
4678 1671
2181 3229
1597 439
539 5527
5122 1430
4763 777
793 4959
4570 1209
3101 1317
3771 4808
1221 2131
5191 2450
1745 5651
221 2239
2977 2392
1104 4237
4324 5545
2035 3272
4805 4027
1258 4430
2909 1292
4916 3813
3117 1281
5561 2001
4944 1363
4673 5331
4444 5310
617 410
4461 4302
1779 1266
3845 3059
3504 558
1743 635
5697 4774
1889 3350
5471 5624
5688 3165
2324 1349
2148 838
5243 4966
5208 1822
3007 1595
4366 470
4441 5631
2979 2753
1397 1214
4226 5309
4805 1428
244 2454
5739 5232
4767 1727
1611 3892
1711 4222
614 5538
349 1047
4014 4740
2042 2817
1704 1916
4982 2787
5251 4519
5557 4319
1592 418
1579 469
5086 4535
4487 3082
3608 837
1592 3351
2938 3972
4430 2585
4147 1560
3920 2179
3433 4192
4736 4289
1283 3672
3076 2670
2509 1707
3934 3182
3359 517
768 5491
70 5487
5122 4059
1324 1450
2933 2001
1675 916
4003 4581
5161 4770
770 4834
2249 5014
5525 2163
1834 2302
2659 3487
1995 190
4688 780
128 5663
1143 3205
3090 5371
2008 4236
2356 3554
621 4747
4192 1898
5696 4918
1322 156
1116 5128
1549 4119
1661 2340
5099 4467
516 1537
1739 2773
5183 750
1731 1573
2543 515
4005 2257
57 3601
1437 1625
3649 2150
996 1976
5759 5382
152 5562
3983 1656
1580 1020
3548 5566
4103 2237
42 2082
5509 1202
3775 4522
1521 2138
266 1132
882 5694
2786 5679
415 323
3437 3377
5051 822
1089 651
4725 77
266 3527
1176 5060
2664 2117
4436 2887
3344 2062
765 4217
456 1817
1674 5280
4692 4010
2357 3575
3130 3657
158 1534
4061 5076
1449 5263
5375 1521
4452 228
1513 3205
2151 1773
1099 1101
2395 4043
4534 4343
3112 4196
1292 4343
1937 1535
5542 757
5278 332
370 4593
4468 562
108 1100
24 4607
1173 2391
2383 3325
5403 5657
4869 2461
3354 3833
818 2400
3303 3511
5570 3025
5594 4372
1352 3088
5323 72
4275 4153
875 3264
2559 1391
324 2110
4994 4078
530 1224
5201 4021
2492 94
3888 1199
3012 4548
1011 871
1449 566
5378 4589
1827 5218
2166 3687
1673 2202
3682 1705
1839 1339
5139 4284
2123 3809
4127 4342
1302 3726
3213 4775
4430 144
2749 3168
3718 3319
5227 3882
3400 2460
4110 3960
3933 1274
4457 154
3179 4274
2845 928
4434 658
3585 4705
488 4292
4271 4695
5283 1719
3972 2594
5722 2347
2719 2017
201 2377
5500 802
2778 2539
1003 315
1056 435
1568 5432
3440 2676
4220 0
436 1581
3939 5144
3168 1474
4831 3925
4259 4414
2726 4386
1705 3640
1920 5455
1231 3458
1863 824
5131 683
3035 80
912 4358
4184 5576
5397 5188
263 1410
4800 2411
1454 5455
2509 5326
4494 1844
820 3298
176 1110
4151 310
641 325
339 3893
2247 3286
392 2446
3880 2566
3398 872
3172 2576
4841 1841
62 828
2583 904
3531 2837
2606 2035
3899 1249
1219 5635
3221 2223
4442 3967
4289 2372
3683 3271
715 2645
3515 2713
3768 1506
1372 5728
3367 2946
3121 2039
4229 427
4595 1486
2918 4262
274 3132
3971 4515
5629 5620
4090 5123
138 2361
1773 505
5499 5607
1176 2035
1677 793
4510 95
1311 4741
203 3561
1188 5627
5020 3792
5189 4924
1743 5290
662 2857
4462 5060
1191 2897
610 812
64 2087
383 10
3474 173
3419 2455
3103 2099
4290 922
4250 4659
4481 1543
2677 429
902 1413
3227 5619
1128 3341
3945 1228
1422 4512
3022 3413
106 1115
4868 1878
5382 4947
818 3216
291 1407
3525 4046
4594 496
2394 4366
1588 4244
5180 4194
1376 5121
67 3575
2882 4895
3194 3087
2707 3671
5004 3580
4243 2176
109 5109
1859 3493
5231 5498
4366 3633
1457 4608
2951 3227
1501 2924
103 1398
1188 4787
214 3951
586 4099
243 1348
4663 1321
4127 4434
2724 3283
1267 1035
2178 3563
4616 118
3111 2671
518 2950
2339 633
2304 5197
1954 4692
3549 2477
2162 3711
5320 4322
2642 1588
2777 4456
127 4412
1073 2019
2148 3072
5574 5271
351 5631
4480 4202
3823 1382
2748 1828
2507 3044
4788 2437
784 1082
3462 4900
2368 431
2138 4633
2214 4223
4521 3109
174 46
4624 4871
5195 646
550 5045
2963 5280
4728 35
2833 846
997 548
5153 2356
5409 2266
2324 1917
4867 3411
3090 529
3285 3195
4050 2997
2608 218
2299 2017
5123 3750
136 3485
4838 2053
2084 2020
3360 4597
5522 8
4370 1644
15 3672
4763 1277
2343 5624
2501 2123
5592 3392
1187 3761
3494 2006
506 564
403 1324
2526 3177
5482 1251
2484 3241
538 5057
3964 3273
4555 1693
2178 5699
2972 1628
1424 4415
1846 4892
1884 5750
5290 1272
3348 424
706 4611
2473 796
3774 1630
1159 3603
3972 3440
2492 2710
2482 4353
2295 1745
1466 3381
4288 3896
3888 675
624 3769
5745 4126
3301 84
5495 2046
2970 2154
75 2237
1424 5191
2595 259
5756 1723
5090 538
3218 5044
577 2489
4184 4368
5026 933
4977 1132
5477 170
4705 1349
2125 1277
407 4656
5372 1899
1453 2739
1224 4764
390 1209
122 519
1761 5212
65 3935
1370 4209
3929 1818
74 4534
1628 4254
4736 4409
1973 1531
3668 4121
27 4302
3763 5624
1188 1674
5596 549
4039 2485
3467 4380
5723 253
4053 974
318 3001
1205 3433
2753 3207
2852 4758
979 547
141 4679
5600 3236
4909 5100
4704 1298
1542 3640
3381 5402
3039 1903
3712 4663
2041 4244
3473 3805
3267 5398
2068 5060
308 5282
4409 811
2418 2006
579 862
1109 3455
5399 3694
533 2058
403 1922
5052 3025
1428 1535
5247 1120
4751 926
2430 3994
4246 639
1335 1146
3923 3761
2195 138
1463 3277
4411 4635
1866 5300
4910 29
3787 2377
3397 2795
3170 4749
5443 1104
1426 1632
5034 5508
4478 141
1744 3301
965 2864
2877 783
2180 602
1316 5650
2799 704
2705 4815
3207 979
5744 2585
5084 3276
12 1828
1547 1463
5144 982
5623 428
2823 2375
4925 4297
3109 5423
197 563
3704 1650
384 1635
3846 4454
4149 4190
4510 575
3739 4396
1612 1903
1407 1315
2481 3653
3993 111
2913 4087
1591 299
5339 4536
4195 5388
5488 4052
4921 1459
1611 3045
3733 4511
1391 2493
3511 262
3521 1198
5478 2250
2021 1532
4631 528
222 1290
1943 1378
5497 1315
3437 13
3215 92
2935 1003
1115 3725
991 3486
2001 1421
1926 62
4325 3330
5705 1954
1327 568
4851 5456
3425 507
5118 5181
5099 2676
4330 881
1724 4016
710 5591
4683 4868
1046 5538
3431 201
5449 5757
3111 2632
930 3656
140 4895
2414 429
4286 4044
875 428
839 4660
2238 4818
2703 5631
2857 2192
699 5421
2401 535
4769 3789
728 4062
5489 3999
3815 2562
3073 3876
1027 2381
5334 1571
4843 553
965 2032
1091 1367
490 3720
2572 859
4612 1254
1069 5060
3444 3290
5082 4718
520 5732
2141 420
3261 4506
525 3167
715 5041
1255 2910
3098 5015
5529 3951
4651 2297
2380 2345
3599 4447
2859 147
804 547
3780 1317
5416 330
5509 1048
3211 2767
5240 399
3316 2085
5588 461
4106 1861
1006 1557
2698 1511
2288 2358
1707 2134
3602 4494
1260 1547
2298 2543
4351 2456
969 4376
1516 2010
515 4012
126 1263
5721 2074
3698 1079
4721 909
426 1643
3409 3690
2789 5009
3765 4849
1948 3734
2531 5250
2377 1968
2727 469
1958 3163
420 3203
128 1183
2064 2977
1914 1184
486 3948
4487 889
949 3128
994 2174
5494 1544
758 2617
237 2864
735 5110
4695 4710
3107 2533
2519 2516
4985 5223
524 5541
4239 5220
5201 359
115 4099
4981 5541
687 1103
4449 1124
2369 898
3091 3224
2947 4464
175 1606
3415 3296
1817 2484
566 5075
4034 3869
2209 2332
2604 3211
1496 4591
683 417
1261 1120
5274 2282
509 490
2404 1589
1844 4738
3416 112
640 4662
3300 5723
2314 133
2799 2381
4352 4947
679 3832
3741 1647
2073 3307
773 1691
2412 2476
4423 2414
277 4593
4374 4048
1934 807
3131 3508
2724 1195
359 5163
2596 295
2975 5058
2428 5144
4497 5478
1637 302
4702 5228
4404 5455
5237 4403
2580 3356
1478 4655
5250 1925
1854 1581
672 1870
4590 1168
3124 3074
3708 2920
2986 1757
2655 3015
572 5333
1975 2102
5308 1643
1205 47
1495 3311
2205 5666
2616 2
4077 5552
1435 989
5294 4966
4261 4385
4896 297
5504 4807
3002 5399
2658 3027
5274 5259
2818 115
267 4604
977 3108
1516 4382
3543 813
3930 2386
2834 1529
5213 5367
2953 2161
1142 978
4114 3457
757 3673
5659 198
4332 343
2841 826
972 3262
4500 2420
159 4119
1031 2661
5699 2250
4050 3730
5167 4832
3509 4606
1784 952
5042 4574
1146 586
359 2931
1068 4063
3298 3620
612 4626
2539 4222
4134 5601
5307 2087
2204 2447
89 2098
409 4256
1248 3420
576 369
4928 1562
4857 3930
1911 3199
4129 4872
1734 952
3842 5401
299 5724
1242 1291
852 3545
2774 1947
2046 3292
2757 4472
3663 4415
4434 1979
5697 4994
4172 5714
372 615
3103 5543
2917 4849
3500 4689
3051 2433
1462 5269
349 203
2981 4983
764 4044
5393 3657
4866 4759
2736 3784
2875 539
2230 960
718 2305
3835 5506
447 2015
2855 3032
5037 2
3027 334
2653 3334
5036 875
1055 318
1136 315
1566 1003
4031 5515
4246 1107
3389 3401
4769 1767
282 5173
2203 4176
7 2324
1924 282
800 1899
627 329
3119 4283
1939 2469
4780 3754
2855 1229
2866 3931
3846 424
2630 149
3860 5251
474 675
5073 785
4604 1363
1768 1704
1636 1739
765 4724
4074 2359
1501 4491
636 2885
5355 2218
632 4113
3847 2995
2429 2946
635 2473
4257 1718
4694 2108
3298 1943
1036 2648
4428 2144
351 1975
955 4438
2655 2545
4635 762
5424 4709
4509 2107
531 1245
2134 4502
3250 4330
1980 618
617 2612
1924 5491
5467 956
5746 4727
1550 4435
4328 4140
1664 156
3085 2831
1497 227
821 3343
2174 5264
4777 1808
1767 2000
1575 411
2037 121
3493 1428
4382 3593
1060 3516
2555 5007
5450 2416
1173 2618
4379 1177
2649 2709
4272 5134
4112 4082
2107 1219
5041 339
4910 4660
5159 5717
3498 5363
5055 2235
2762 2848
2476 2818
5532 2501
4381 698
3830 5103
54 1305
1500 981
1824 5135
4576 824
5573 3215
194 2401
1231 2520
2889 105
2451 5210
3552 3284
1629 5635
1398 1677
1564 4393
5055 1419
4735 747
2168 1220
1919 5563
1680 241
2655 1654
3458 1794
1213 4357
4198 1357
4833 3398
2945 3592
4453 4028
506 1622
4421 862
2154 1999
2224 3377
4144 5709
4128 1392
2766 3270
3509 3214
1202 1199
2855 3153
788 3287
5317 1615
2551 4704
4611 1692
5030 2801
5103 3972
5605 89
307 2417
3742 3565
2865 4323
5575 1906
2511 5651
2613 1167
5509 539
339 3318
2123 1359
5296 5735
4135 2483
4511 1091
565 113
3573 1506
2504 334
4033 2462
1972 5445
1595 1113
4166 4909
4106 958
3562 5576
4363 2049
3291 3774
3517 1225
5618 4994
2916 5570
3283 3141
808 3657
1664 3532
3393 1797
4435 1937
2844 201
3580 3269
3293 5196
4802 2153
3684 3809
5151 2563
3769 5564
1239 5735
638 1615
1663 3860
5096 5663
5195 1660
179 306
4907 307
3186 2340
2629 5319
5372 928
4387 1521
5650 2531
1297 2957
2915 4238
4341 4075
3403 3486
2307 4012
357 126
1848 2443
3357 3904
1864 4926
553 3410
3469 2473
4367 1780
2608 2408
2483 5356
4038 4167
4701 3110
1551 2666
144 1160
1738 4999
1898 5366
2377 989
3989 5662
4538 5512
2199 88
5055 2709
3465 3254
4659 4026
3174 2279
4439 4466
6 4465
2288 145
4391 3948
2337 2354
3964 985
3808 5310
1065 813
88 659
2093 1630
5308 3901
2412 507
1833 4807
1783 4711
2875 5453
3497 3145
206 5581
4085 5580
1368 5198
12 1237
725 1152
886 585
965 1842
2728 5163
5187 1244
4462 4267
1944 3661
3966 283
64 2265
5409 506
4738 846
4891 2924
1499 1136
2559 3553
1521 2998
3861 1113
4593 2863
2240 1309
924 3558
5170 3921
4100 4978
5538 4294
5338 4216
4989 31
2807 3348
2524 5206
2025 4253
4748 4934
4513 3901
