60 498 73
790 642 1
565 1204 2
1287 571 2
1358 232 2
308 747 2
1079 1359 2
251 1395 2
492 433 2
661 474 3
759 291 3
1130 969 3
209 475 4
1281 954 4
537 68 5
1234 1256 5
640 817 6
92 642 7
151 2 7
868 1272 8
685 1009 9
614 281 9
495 1019 10
1388 408 11
340 258 12
162 1075 13
974 479 14
1341 801 15
460 641 16
849 806 17
13 154 18
1343 1138 19
149 1229 21
1195 308 22
523 1424 23
777 4 25
860 945 26
65 498 27
1319 59 29
348 1189 30
205 908 32
1439 1340 33
1034 734 35
56 788 37
1107 584 38
1158 6 40
317 75 42
961 166 44
680 1369 46
80 346 48
1195 687 50
1007 1224 51
1113 187 54
382 917 56
401 1349 58
1016 331 60
1155 1147 62
22 1384 64
884 335 66
776 138 69
221 182 71
39 918
1016 11
9 1072
638 671
255 637
5 1199
1425 692
367 1039
1128 809
437 768
1029 912
820 459
283 1287
353 467
898 652
774 1106
487 874
1289 1394
1275 384
1030 1023
1423 924
546 743
431 532
747 864
433 15
835 1416
985 581
1434 1069
581 405
894 93
87 99
1251 1127
145 833
1357 1010
191 1312
1210 475
45 0
668 120
573 587
94 999
362 1426
1194 1345
960 1296
1408 78
406 135
192 742
572 1090
250 1119
673 1277
857 1177
87 1153
266 334
366 379
895 553
621 191
332 547
536 191
426 1141
941 864
69 1277
1359 480
901 1366
1155 1053
932 1083
880 173
283 431
675 1195
756 518
222 70
1407 325
1030 819
1084 456
860 1017
1054 1127
93 1407
1220 195
335 677
615 969
36 715
165 322
249 1050
1150 888
550 933
590 1402
650 342
1082 1285
1275 832
1204 81
466 296
271 882
9 1004
503 555
1359 1239
150 607
1028 232
1333 900
935 775
770 377
1213 613
1364 164
797 919
1401 12
1098 691
936 385
1227 997
113 184
1041 133
1098 1183
503 1261
1321 678
223 1208
948 697
82 569
949 948
1130 382
11 639
836 126
283 234
182 249
529 488
211 840
188 1436
557 682
879 271
881 715
4 364
165 983
953 267
802 1349
497 1145
940 27
90 291
1299 739
307 168
1285 1220
715 360
121 938
1245 532
792 708
272 1176
802 248
807 1216
1077 1413
1415 1394
701 1067
1077 788
937 1415
848 1079
727 813
518 799
739 1403
928 601
399 430
853 520
957 1194
147 398
1419 203
13 520
99 1330
329 1260
1008 1091
630 612
435 879
296 962
981 106
957 218
584 866
1205 746
914 1017
726 227
1296 264
1153 431
593 38
92 1049
1078 360
473 955
86 49
1313 140
1353 549
761 66
853 59
265 13
1363 1410
875 768
1342 1073
1398 281
355 1369
137 1361
190 1028
434 264
525 1317
1166 500
405 736
768 1309
1204 1303
1344 296
262 287
1408 796
810 526
180 651
1164 759
478 235
419 1183
701 57
833 660
633 1436
1124 1288
442 353
960 1035
997 1353
1224 38
595 924
1140 1324
852 389
1167 838
118 754
1332 1438
1134 1208
335 32
352 219
416 842
261 58
101 423
1003 531
1331 840
332 871
906 1170
13 867
610 469
1325 1186
734 720
1191 386
462 1166
1024 960
1299 1132
153 1282
1285 1334
1260 1175
1408 375
1365 115
1280 699
1231 129
295 1237
669 846
334 589
465 466
1238 677
1167 1381
372 1233
418 60
343 1097
160 190
790 309
9 1247
181 589
67 824
307 1185
18 1155
187 1214
717 654
701 867
475 1077
627 1072
921 1303
1416 247
328 367
1077 743
322 431
475 1386
428 484
1252 887
292 591
808 1255
1233 1369
799 1026
1059 1005
843 866
1309 929
443 1230
35 87
485 112
425 664
511 1380
289 1323
1389 983
1172 1021
239 1338
1345 352
1399 1350
602 793
455 1029
154 733
925 200
641 49
775 675
655 1048
631 1372
692 628
228 1016
725 1043
1270 1292
1402 174
1058 276
1169 121
667 556
726 968
680 80
1402 481
1264 1243
576 1254
280 1370
1129 67
615 375
167 129
248 209
1203 1376
935 1217
396 292
138 485
937 979
813 858
584 1315
55 126
957 1437
1404 600
811 1084
571 713
379 228
785 438
118 511
826 906
706 731
1430 282
1273 915
75 666
650 88
133 207
1435 431
1162 299
454 70
534 284
1435 167
1318 19
1336 187
463 1280
205 632
216 234
999 275
832 611
871 575
198 1101
637 1250
815 1002
1153 334
1188 246
527 1144
1082 962
660 6
573 533
679 582
300 1046
489 25
177 1152
534 548
438 1090
838 584
937 413
873 1198
1203 278
1158 699
1204 354
667 1127
924 282
1290 203
1131 1412
439 1435
309 458
1372 655
1355 1114
218 1180
958 576
207 988
935 1281
1057 551
404 10
1335 566
980 1000
1005 635
528 707
1118 775
833 1378
936 360
1092 1083
849 270
1188 729
611 1021
1058 868
1374 950
105 71
375 800
235 314
1228 73
796 964
348 801
482 488
779 532
1392 1211
1006 74
925 838
239 855
1289 988
718 447
543 158
419 507
206 1337
696 436
267 740
791 614
488 909
589 1140
817 156
1171 815
775 1226
34 192
658 285
579 820
641 462
871 221
1029 937
1094 481
433 905
573 508
90 204
357 52
749 990
1213 1180
1205 514
526 637
1074 1036
1074 1101
357 399
342 174
321 1341
494 1050
1229 1417
632 1395
690 186
689 1430
610 735
558 1352
1175 953
629 871
1087 1238
824 1344
222 682
93 466
1415 817
1385 103
514 825
427 380
301 1086
337 1303
1136 1265
294 189
867 668
867 630
38 1215
1400 551
942 1261
222 1409
313 620
976 1091
1151 1405
905 577
1259 124
903 1196
72 1303
1203 1153
784 279
1202 1050
1022 1277
1060 1171
1413 1281
591 1012
1436 959
728 160
108 313
724 1091
319 898
819 681
223 1139
975 746
1237 873
385 173
392 1268
751 204
203 7
568 756
