90 1637 162
1130 168 1
2892 637 2
150 3017 2
731 2529 2
2584 2688 2
2154 1768 2
3234 1350 2
256 1605 2
2227 12 3
1297 677 3
2092 1268 3
3162 2395 4
447 17 4
2489 358 5
942 1718 5
1683 1719 6
1016 3238 7
3047 2736 7
1767 218 8
2422 2040 9
2640 1630 9
994 1377 10
2837 2126 11
575 640 12
2754 1140 13
1554 2358 14
616 1594 15
963 935 16
312 907 17
1151 2570 18
3150 1867 19
342 2267 21
770 2978 22
442 2739 23
3227 805 25
1303 1729 26
2839 3222 27
1426 3189 29
95 409 30
2050 3106 32
1768 1068 33
2249 2550 35
1040 2255 37
1803 2821 38
1457 1288 40
2203 710 42
36 2005 44
2021 2207 46
465 1941 48
3047 87 50
2432 2980 51
93 1178 54
14 48 56
28 2670 58
2110 337 60
2505 2337 62
1659 2025 64
875 408 66
693 1180 69
2365 1097 71
2541 793 73
2933 1528 76
1573 594 78
3062 389 81
1468 923 83
691 2181 86
1346 2856 89
1412 59 91
2777 6 94
1896 511 97
329 3234 99
2820 1852 102
1732 1335 105
426 1212 108
1952 2514 111
3200 3004 114
2819 2531 117
3040 1054 120
799 112 123
496 281 126
1191 1166 129
326 575 133
1294 415 136
1771 3215 139
101 2336 143
1895 779 146
2420 1389 149
713 910 153
2462 87 156
1025 703 160
2053 2841
1142 1983
1499 287
1506 2667
291 2503
581 3113
2829 320
2707 2916
2018 1487
1786 2326
2000 135
1290 2202
3193 2089
765 3227
990 2780
3222 229
29 1503
3116 614
2295 1556
524 999
2002 1954
938 2068
2351 1834
2025 1003
2293 512
1195 1549
2909 1283
937 2503
1242 3117
3134 3211
2955 2991
2767 799
1552 2991
2230 935
2650 628
2609 2105
2247 3099
60 640
1896 3001
2745 1458
2442 2561
1665 1533
689 2735
1693 2553
1518 1862
1399 1094
2954 879
2244 2785
561 2464
1388 2411
3005 2168
851 749
429 1732
384 1391
2061 569
160 1756
2266 2155
1842 1830
3081 1246
854 1234
3212 2613
2966 2365
207 121
1382 1463
2042 2368
1099 2901
3072 1631
576 1801
2574 1932
1469 2127
203 1962
616 10
2635 1032
747 551
320 235
136 2552
708 1935
860 1919
1040 543
1180 1006
1282 2651
1819 0
2409 1663
1724 893
2822 2317
145 1407
307 1835
468 762
2949 1961
1104 2435
2509 1166
2626 2500
3193 1117
1991 1681
1625 2754
1095 1815
3000 2514
303 2668
563 2852
1081 313
1839 2649
2592 3100
2638 60
452 3040
2160 1446
1937 1323
2179 1919
2849 130
1321 2998
655 1384
682 334
292 3058
195 3211
928 275
2377 642
946 3053
1237 2411
1563 1128
2565 179
173 2859
2743 2670
3057 1390
326 2112
1636 3144
2880 2737
1727 716
2365 773
1932 2787
2441 2712
3160 29
1659 2175
935 44
2104 2968
2903 1012
2186 176
3230 2746
2510 586
2121 2614
1831 395
1160 632
1713 344
713 1772
2999 3196
450 2564
202 846
2349 260
1945 1135
3079 861
1231 847
2470 3146
2209 2295
463 2067
2881 3106
807 994
2749 1990
226 499
872 3158
895 2653
2932 383
1240 8
33 1297
1844 3126
2681 3172
408 2884
2978 1192
524 2324
2347 2338
1297 1614
1556 43
714 750
2663 2788
2750 1679
1067 1533
2210 1053
503 1544
2354 965
1215 2905
439 912
3238 3131
287 774
2638 1408
1312 1194
2571 1500
858 2805
281 1078
2649 2333
1848 1431
1651 1892
272 1351
828 2125
33 801
22 2251
1855 988
817 1710
1262 1943
1583 822
1211 1284
1800 1616
2120 2050
2821 1596
2726 2168
1575 1002
2769 520
1317 946
2843 2956
1130 1404
2712 3021
2881 1686
883 2287
1094 925
250 16
216 2721
1126 2165
1665 16
850 575
2354 2788
249 2305
2214 1689
2807 1344
1460 1186
1849 669
808 2427
1585 239
2235 2987
1411 2310
542 92
2981 766
2719 332
598 2654
534 378
2608 1151
1496 1536
2160 1335
1939 2667
537 1343
430 479
2315 1277
3159 307
2396 2148
206 2391
1468 735
2646 895
441 3161
977 1225
2707 1848
778 1477
2554 2984
1941 3124
209 1140
1897 2079
1484 2249
2101 63
359 2379
2102 2277
3167 989
2795 230
1780 1173
2719 956
1834 2438
2182 1575
1300 1372
299 1460
2550 1701
1043 1677
681 2094
1308 78
2509 2774
783 2209
2922 1804
74 1038
2156 2530
3105 1733
2276 2660
2913 2847
2709 2563
1005 186
1130 727
2039 397
1020 1084
1984 608
3237 1877
347 371
2783 3081
3105 460
2159 3105
1073 2625
2491 1862
2627 752
519 524
2350 421
2963 204
1352 852
1102 1134
449 187
890 1131
2309 110
507 845
1379 1993
1404 223
2183 3237
520 2692
2889 2200
1457 1916
2711 1560
2778 2826
3126 2824
360 838
1564 2168
3108 193
1412 988
1613 2607
1123 1695
2388 2436
2177 795
39 523
2471 1301
3110 2581
1919 2315
557 1999
1499 840
3127 1983
26 218
2384 1525
2049 3021
2544 1240
727 2336
2669 208
2007 713
2333 3024
1590 1632
268 2202
1492 2774
2264 1812
642 3012
2048 2086
977 1939
984 1020
641 893
665 2284
1455 1699
2091 1486
1921 2913
1189 266
2942 2689
952 2260
2174 1842
3116 2062
2272 1109
2559 2533
52 2560
2901 1397
645 145
22 1799
989 1843
487 2851
120 925
146 2932
2775 2263
1608 1301
3031 1955
552 1638
1171 386
2515 274
2244 2078
2406 18
1844 1504
1022 2386
2009 1361
2501 1088
1594 1549
2822 1130
2824 472
1126 2970
1550 2885
430 1816
2186 426
1619 881
2480 1788
2386 1762
3084 1157
2184 2396
3109 2982
3217 1785
3023 279
933 2174
931 771
2301 673
2755 3219
1517 2026
2157 928
1693 3093
1403 2182
438 2641
2507 2217
1767 2078
1076 420
1614 1480
512 2769
100 2180
2568 966
1870 2563
1153 1486
869 2991
2984 600
593 2389
393 1019
3180 2314
1192 904
1457 1363
768 856
1660 439
335 3165
679 828
422 597
2105 2731
2066 1826
1877 36
1152 2503
1653 1608
122 2078
445 1349
715 1347
29 1367
2978 2229
650 1889
433 1578
479 2173
462 1157
1750 418
1174 2374
673 248
930 3232
1353 2485
206 296
1423 137
403 2002
658 1045
2777 647
857 1066
1776 332
2929 1641
1538 3125
2389 3090
1855 1671
2797 2631
810 266
3188 2484
1143 1859
1980 2454
1877 1285
1143 1263
1382 2618
339 483
2861 1181
1488 1000
546 2573
1309 2040
391 542
875 2540
2873 2601
2346 2628
3024 2294
68 3095
42 2349
347 686
752 306
1494 2859
2467 413
1496 2562
218 1650
803 2615
671 1620
1228 730
398 1273
2591 23
346 1570
195 1282
468 2254
2655 300
2993 2435
2264 2384
1741 478
1302 616
2823 2389
1220 2110
716 1477
1656 715
2594 1746
2651 2190
2083 1646
2219 335
1021 965
1002 2968
1885 862
1204 2481
2178 2144
392 1906
796 1833
1197 1652
1402 2941
1992 307
1721 1827
3177 1300
1360 2146
2600 3158
2021 1893
845 1768
1222 1750
2437 284
2517 456
2894 1866
1339 3143
423 2363
1216 2271
1704 998
1271 2870
2777 1031
2841 3157
138 168
2049 3178
2594 2868
1668 239
303 326
176 2059
2012 216
1385 676
1650 2385
1271 1541
277 957
328 2168
2404 2830
3159 2550
739 2279
1801 2485
2889 220
841 857
1407 2522
1736 169
1895 321
1087 811
1480 2491
2633 2418
2039 1083
1953 2141
1546 870
2864 2676
80 1471
1320 2580
3083 3235
1290 1268
2876 1524
237 434
794 1957
1140 2709
1573 2644
2222 2031
1779 2235
133 1091
2033 628
1380 1806
468 1282
1516 1691
94 1778
766 2091
945 2599
1609 2216
3200 1452
2113 1365
376 643
3105 523
3105 1912
163 3163
2168 1968
152 2606
2403 687
145 521
2088 3229
1923 2260
1109 1316
2990 82
1731 2185
1985 1167
312 2
785 1378
1967 2298
1886 1940
2404 219
1619 2522
1511 673
680 429
1931 364
1999 3039
3230 91
2847 978
1114 525
1379 791
915 1030
952 1485
345 2037
3162 3122
1900 1398
1010 2198
2348 33
1123 2369
2549 1638
933 2886
919 1644
957 405
1462 1046
3115 1046
986 2671
2908 49
435 1077
2122 564
1987 840
1773 45
2724 201
3001 10
1727 1615
2189 489
1243 524
883 1283
366 2782
297 851
2500 2959
2992 3121
2895 2972
1675 2343
1159 2105
805 2507
1877 257
1454 796
1619 981
474 503
1123 1040
3159 1782
2217 1506
87 1535
130 979
405 861
838 435
217 2136
2674 2672
938 1082
1261 248
1196 3003
1343 491
2954 294
509 3132
410 2957
1595 1209
2136 2767
1276 2732
2549 3030
545 1274
3178 408
682 2908
2152 2300
1052 2453
1804 1241
1050 2983
1054 3146
3212 2154
1559 543
2343 707
982 453
1948 2993
919 917
1018 1621
593 1106
851 2623
2095 803
2075 1586
1302 2336
2368 1569
1905 2711
395 147
2461 2912
475 1203
2054 849
2420 892
85 1969
3206 551
2588 1453
3098 2653
118 653
1499 3004
62 2215
872 1711
2888 431
920 640
2762 398
2218 2126
3071 964
70 1091
1808 2940
885 1837
2232 657
1800 1454
516 1118
435 2154
2128 2665
2083 1207
58 1577
3161 744
2775 2117
2690 59
657 1493
2135 1571
643 3111
441 665
2506 692
2536 1366
3016 1352
137 230
214 900
875 3036
3179 1242
746 200
476 2004
2008 1407
705 3128
891 3116
2440 2108
503 1635
2938 1122
966 208
1540 1450
1011 1995
1149 3021
292 2596
357 793
1330 1541
2755 866
540 3098
276 2550
2375 844
1082 2106
1588 287
228 999
586 1923
1166 2316
1929 2954
3103 57
854 1864
364 1176
668 704
2701 1508
2611 1854
2171 2676
1848 2262
2546 2858
1857 1885
2613 114
593 487
3199 2534
2 1056
2412 992
1473 2036
3212 1058
1566 1583
2575 226
2577 2048
2599 2292
731 79
2220 2235
1615 2057
1759 2545
2577 1065
1844 540
2081 2624
945 2659
2389 557
396 319
2287 2196
213 2570
1978 2257
2243 711
2684 2494
2585 2332
1361 589
2958 1366
3228 1544
2925 1765
572 296
1531 1037
1837 1360
3142 149
1565 1522
1125 2854
1991 2840
1246 1135
2537 503
1245 1572
2593 3234
1399 1028
2907 500
776 639
1701 1085
2416 2519
186 2431
1340 2625
67 2521
507 1796
658 1987
759 2495
1346 653
2330 1490
1606 1394
91 1420
1614 390
2411 1106
1222 2853
1331 1036
2887 101
2940 2396
2262 845
1372 3238
2017 2170
1390 2892
2806 3022
2158 1238
1792 396
2689 2313
3007 1633
2383 3019
1631 642
1223 3077
463 2461
2894 2412
1397 3157
1232 164
379 99
3139 400
163 1054
2805 539
2664 562
2078 2219
2693 2351
975 613
1430 2579
3154 598
496 2397
2356 596
2042 2611
2796 449
2949 2439
354 737
1710 2962
1070 666
1873 2921
2837 1398
3196 9
3110 818
2445 1426
891 591
1414 1311
570 3156
243 240
2938 1691
2740 1186
2010 2400
538 1731
261 3122
2597 1283
976 2517
2776 1721
445 2390
1617 108
705 168
1524 1221
280 695
3136 2342
896 2046
184 3054
2247 2878
476 590
73 8
1185 2522
1902 3101
1675 2981
2890 2095
371 2216
2168 876
1116 2567
2937 2110
2790 2984
1999 956
693 1258
589 520
2630 1812
2253 1066
2618 522
2058 1312
2491 725
2997 1836
1648 2552
1203 1460
2195 2348
115 1662
2857 1336
2814 2047
2386 330
3185 665
1708 587
1350 2787
1967 265
2765 1501
2455 2810
126 290
1179 1983
1768 2369
1303 142
389 3216
610 947
2286 1165
1678 2402
342 1919
2172 1056
2345 2723
837 667
55 153
1608 1808
2480 2564
1365 1277
1368 1580
2291 2580
53 2851
1914 1116
2562 1028
1080 3075
824 1642
2769 1247
1327 457
3018 1891
2105 1799
1755 1130
3138 1478
1465 2870
38 3082
826 2799
2829 810
268 584
2132 2185
1840 1213
2318 175
823 700
2168 3208
385 1112
2624 3116
472 388
1709 2912
2893 1364
2709 837
759 670
1484 3125
2687 2737
2606 577
2689 2981
2492 2521
537 430
216 1364
1704 2034
2839 613
324 2438
2208 1329
897 3067
794 1691
255 1104
2452 2680
2709 370
1968 2648
2208 266
1537 2712
1436 2994
1381 2700
410 2323
1125 2100
2446 1645
2426 1465
2015 2563
3205 3049
2357 2130
2684 3091
894 2714
3177 1618
970 789
1423 778
2155 1175
2607 2256
2736 1776
2435 3194
2731 536
3191 757
166 2568
597 2620
2186 2453
643 1078
21 1415
1198 36
2238 1419
955 2455
1959 2221
2918 79
2840 1219
2535 1090
2991 1950
2147 383
1312 1639
1698 71
2336 308
1396 1369
2946 600
2633 183
45 2455
1406 1944
175 1380
3107 2164
1019 2086
1383 3101
3100 2537
2104 384
2667 686
2110 2081
1091 1904
2031 2460
2641 1851
480 2544
493 1869
1934 2598
1845 112
1409 569
3054 738
1070 618
1733 1492
2595 2527
1861 209
2621 2654
2078 1748
2 905
671 187
2499 2270
2398 3168
1732 2688
683 2956
2221 1719
1617 2468
984 2303
1592 2360
1088 1603
3153 1675
862 111
2831 2722
594 2252
726 104
1566 144
115 43
828 1447
3164 2689
278 410
1872 500
2512 1550
2372 3125
3007 1446
468 556
863 2742
390 2159
2244 1249
1754 2405
859 297
592 2987
1535 974
994 3002
2871 887
1259 156
1894 948
1665 475
1026 1865
817 356
2408 2118
2448 1557
2621 2917
95 2475
3109 2432
1810 465
1972 2364
339 1299
489 218
1177 2036
2707 1445
3059 833
728 1949
782 1642
2190 1871
2749 2542
1856 804
1937 1988
1858 1320
1518 2509
2293 332
1000 979
1828 1259
3190 1868
673 3165
3119 136
2381 1148
2479 1461
2105 894
1331 617
1361 2430
3043 1586
1191 1102
1207 1873
50 2249
2277 3221
2991 2251
1657 60
2097 663
2004 386
2074 2661
1891 670
1885 3037
1993 913
1550 426
2862 2222
1846 1463
1901 1365
1916 147
1714 1942
2287 2421
140 611
806 2758
1442 3172
2604 1199
478 3159
3208 1683
48 1144
2790 1184
2208 2988
1615 332
1678 2481
683 1390
481 253
1857 1084
35 1204
1336 2881
757 3013
1762 162
2402 1812
2236 885
403 3124
1303 769
2351 1120
1675 1848
2380 1597
1873 714
1040 1961
1571 2807
731 2863
2853 193
1689 731
2904 866
1798 2863
1143 2818
294 659
2812 402
1254 605
648 2800
131 1758
992 332
490 2809
354 2500
228 1998
633 1021
2133 1137
1668 690
2279 1685
2216 2427
1117 772
2847 2762
13 1316
593 3061
1395 2032
427 1935
2757 1632
1664 2362
2008 2601
2477 2459
506 2227
2693 349
2184 1265
2523 2661
571 1402
1814 178
1539 2533
1995 3162
674 656
2298 2628
2257 2434
2942 3134
2581 2766
2989 1016
2814 1000
1823 3168
644 677
902 2423
305 95
673 2009
964 3120
535 1891
1917 1023
1893 810
833 546
2932 1579
1573 2899
799 2370
2069 1380
2976 1508
1412 256
2636 2593
3068 914
1911 2476
1224 1790
1757 2027
1109 3049
2734 2583
21 1951
1546 1780
2340 2074
1716 832
2365 1224
1650 2110
2715 3096
2004 460
2984 567
2861 1311
1000 549
1112 28
173 819
809 1112
91 1272
1221 598
2521 3098
1096 987
1572 1445
2549 394
2461 1487
1472 2900
1621 1279
703 1114
2178 1097
1665 2249
462 915
342 1130
1301 2697
314 1922
3011 2592
2274 1303
1133 2873
186 628
872 1672
2521 2117
2245 252
1904 694
1959 733
2004 1800
1208 566
1729 307
1255 2336
2672 1698
3187 1075
2211 2407
1341 181
1100 2317
746 1312
1149 669
253 395
2707 31
2121 1978
2917 2490
193 2743
617 171
1907 2057
2297 1809
2675 788
1625 1223
3037 540
330 84
2808 35
2452 3073
238 339
2407 1148
3129 2650
125 2743
1651 3223
1048 2123
1861 1652
2966 2882
3096 26
2698 658
2244 2231
77 487
2358 327
2174 3177
2387 2678
1373 14
424 2056
2246 1932
394 2036
472 2050
1731 658
291 509
1092 2299
2922 1481
1113 1546
522 351
2694 2901
1161 1817
520 1284
1481 2924
1108 3233
2476 2889
1403 1788
1028 941
3209 1768
355 2948
3216 1710
792 1161
353 2090
1838 2402
1700 1326
675 2324
1219 1157
1144 925
45 2114
3113 394
892 178
1147 2853
939 2546
569 767
942 617
1064 2653
2993 3001
1986 177
303 2956
356 2014
2466 2078
2871 3222
1533 2359
1825 1301
1071 2261
2188 454
2999 2480
1207 1630
2610 205
2106 1241
2697 1748
402 1841
2560 3113
1577 2237
395 2943
1371 2970
2922 273
1627 1992
2769 2871
910 2234
2700 2015
2921 1392
2430 3104
208 565
473 1070
1831 2991
349 2916
2148 2499
3207 2830
1494 1281
453 2617
2452 945
1785 2822
2502 1502
135 699
1093 2240
2222 2599
1607 1134
2886 3075
1351 2085
1490 1876
1179 2137
1712 1208
1857 2528
2245 682
1452 1343
1274 854
2702 2129
2734 2859
418 1950
1877 3107
1740 1946
2604 2607
1126 1219
1528 1959
137 1875
3072 2547
1884 2434
3239 413
1687 2953
712 1754
409 2186
2894 1658
2832 1204
2733 2919
641 2311
2317 1554
3056 2591
1701 2402
1702 1924
1757 526
2051 1590
736 1346
231 578
2935 448
1864 1799
458 1415
2592 2620
3218 3028
263 2868
3177 1852
1183 1063
2733 1027
2308 737
672 1547
1320 1703
3163 419
607 1871
2733 2966
1052 100
184 916
3025 825
849 3023
1349 2164
957 657
162 1881
916 1071
50 1950
2287 1346
1712 260
1105 2058
1190 2074
7 2400
1225 1823
2354 935
2788 2423
363 2282
1744 987
2388 1120
1373 2513
2350 2243
1033 98
1422 545
2937 796
2290 1949
1364 1922
2843 2601
250 521
1705 1980
1968 888
2160 2148
82 1309
1980 211
1197 849
1012 1034
325 2765
261 2139
1279 2942
228 3144
101 2098
1212 2822
2032 456
327 2459
1144 2786
1110 611
2263 1864
498 1186
3218 906
1309 3194
1624 3213
741 1768
2347 679
1594 2420
3133 1064
10 711
2440 2775
1413 3227
1888 527
2486 1116
890 3139
171 2269
1990 995
2817 1918
375 2709
3115 2145
65 2804
1474 1023
2974 2389
1172 3003
660 1293
518 2172
2923 193
2176 2538
196 539
2475 1921
2200 1813
240 1898
1694 2020
682 1453
1088 2958
1584 120
1140 3060
1620 464
173 3112
133 580
2981 468
2066 286
2828 1089
2690 1219
911 2040
2517 2614
2446 2253
497 2178
2991 1434
3047 699
1372 233
1832 2053
587 2505
711 1645
3034 784
1524 3227
1086 1207
771 1026
2691 328
1738 524
2038 3046
657 2589
558 2163
1215 2630
2954 2787
1124 1791
2051 551
1880 2049
1219 2659
2646 2438
2380 671
2551 1260
1944 2020
1363 347
1043 1145
2764 2176
170 39
1558 1025
2577 2254
1825 1210
2681 1194
189 590
2577 2998
900 541
3100 1074
1930 2171
2496 12
2890 1899
2088 2851
346 2990
525 1472
103 311
1823 2157
2099 91
2077 2480
2743 3164
2826 2703
762 930
212 395
2391 2614
2196 1488
628 2924
1731 2533
1879 1247
229 2886
1121 1576
477 49
1550 1523
2848 3137
3155 2579
1965 1864
1364 2251
2497 2060
2071 737
2370 3194
2665 2896
2921 321
3129 815
432 1703
3148 656
494 1254
3097 132
1947 345
1887 1763
1379 756
603 2786
1586 2662
1348 608
1542 561
2649 1685
1382 1927
2215 571
3011 2331
1998 3100
2887 2759
204 251
2660 2288
695 2048
2477 252
260 1509
172 769
2065 798
2659 987
2533 2562
2817 2745
2486 659
1300 2766
1028 168
1066 348
102 2875
1434 522
1806 3227
2137 2166
306 1125
2929 367
21 490
