140 6100 390
3529 6581 1
6455 7735 2
5308 3050 2
7045 3292 2
5608 4701 2
4055 1751 2
6291 312 2
1823 6409 2
542 5814 3
3762 7368 3
7362 4106 3
3670 464 4
4558 3646 4
1709 3432 5
1531 5537 5
5838 7236 6
3720 3874 7
3250 1240 7
1978 2357 8
6990 5103 9
2366 7249 9
70 7345 10
6469 2136 11
4529 4833 12
36 3407 13
954 6915 14
2487 4924 15
6640 6482 16
2196 380 17
7548 476 18
4738 347 19
1399 4590 21
5515 134 22
1579 1673 23
4627 6995 25
743 471 26
7508 2433 27
1209 2802 29
2518 3546 30
567 2269 32
3137 2574 33
132 1489 35
2460 1486 37
5258 1216 38
5007 7810 40
2628 6372 42
3647 5179 44
4246 6087 46
4467 2589 48
3097 7833 50
7786 6707 51
761 4076 54
5671 3840 56
5553 5693 58
7534 1246 60
6124 3165 62
5222 2124 64
2974 4327 66
6762 1191 69
7791 4979 71
4487 1067 73
11 610 76
195 6540 78
1435 20 81
3167 5792 83
127 5018 86
3858 2984 89
7512 5865 91
6430 4155 94
5126 6457 97
1008 1137 99
764 7681 102
2251 5621 105
7386 7410 108
1588 7803 111
6256 5250 114
6195 5947 117
5926 1156 120
1882 4124 123
7101 1804 126
3415 1964 129
2791 644 133
3241 3437 136
7722 3047 139
1713 7068 143
1709 999 146
732 5049 149
4786 1604 153
5857 2291 156
4674 5535 160
2206 7830 163
7170 6778 167
3008 7245 171
5925 6598 174
84 4355 178
4319 7518 182
2667 2200 186
6823 5808 190
1199 6129 194
7078 80 198
1145 3529 201
619 2872 206
20 2619 210
5076 4182 214
6700 7161 218
4228 114 222
3827 1161 226
3060 44 230
4186 4261 235
6686 2798 239
3709 5930 243
1200 2247 248
3894 2424 252
3522 4620 257
2314 2944 261
6445 4698 266
2752 5392 271
5115 5068 275
512 1098 280
5587 1745 285
680 1710 289
5373 7403 294
2331 926 299
5089 3678 304
1697 422 309
5949 4264 314
2193 6107 319
1236 7338 324
6668 641 329
5733 690 334
4727 6155 339
6523 3695 345
5485 2595 350
1986 5091 355
6892 4105 361
978 5595 366
4758 3219 371
6234 2667 377
689 6455 382
3306 756 388
539 3607
7647 3661
7373 4834
2231 4441
3092 3867
6474 1628
80 2007
6996 2246
564 67
3058 4798
7782 5422
5683 5127
2165 6801
4698 2136
927 4635
4034 4712
7111 721
7772 7161
3383 6972
1987 1459
6926 4630
1340 6687
4957 743
7835 964
4127 5154
4151 3522
2324 3957
2388 2544
5472 3483
4295 6679
5644 7827
2734 1126
5174 6872
1899 5801
3255 5382
2693 7780
2741 2816
3885 7810
1341 1371
689 7238
1132 3945
5014 2591
1633 2062
7166 5504
7146 1265
3343 3006
4136 7109
3934 6475
5925 140
3980 5548
2609 4224
101 3986
1548 3041
3669 4270
1724 2620
4743 5129
37 5763
4388 685
1180 397
5153 5442
3006 6843
239 5454
3009 1717
488 4533
4151 1406
1097 5008
7217 2703
2367 5270
7681 41
7535 6258
1293 732
6120 711
63 7726
918 2579
5006 65
6024 4859
5975 5490
372 6186
7662 1881
6272 1328
5560 6272
1893 705
2144 1854
6505 3104
3789 6920
3182 6241
1939 7595
7094 6129
6901 368
839 3300
2805 5816
6691 61
7008 7627
1557 4964
2676 7123
3431 194
3184 2226
7839 1371
4923 5856
4333 5548
940 113
6198 3524
7433 7003
397 7018
4343 3917
7256 3536
6050 1727
1892 3139
5082 388
1263 1715
3867 200
2580 163
6844 3768
2022 3684
5819 1483
158 6
4323 3176
4484 2911
2187 65
7403 2109
5681 6915
4768 4398
6779 3458
6340 6958
1327 7637
1429 4279
1206 5316
6205 3937
2500 5812
148 4651
3543 3465
3486 2283
2949 3261
4791 7580
7611 4337
3658 2735
6325 6345
2609 4536
6255 2356
5491 4084
6649 2497
6490 7382
4858 1314
521 3301
6091 2110
7403 116
4416 5161
2251 3250
2925 1390
4456 1364
1060 3110
2915 3621
4793 6672
1705 4716
3181 5109
339 1775
1617 5988
6752 1797
3968 827
1609 2354
4347 1836
5979 7817
6549 5205
6019 7022
3623 1717
5772 1997
4237 6405
861 2018
367 601
3279 7315
6943 2586
6722 4865
1878 4497
3844 1501
5312 1790
2416 2030
2064 7336
5439 4456
6641 4361
4854 2914
2069 1141
3352 4109
5848 446
6513 5777
7353 1553
2763 4903
3954 534
961 6348
5890 3537
6192 39
5474 1497
5222 5809
5921 2626
4461 7210
1243 2536
1403 7090
5874 5930
661 749
388 4903
1139 4215
1263 5859
5899 7539
3672 2071
7491 5164
7119 7215
2111 4866
477 4137
3492 5741
2437 7641
7288 7718
5562 7165
1498 6229
3406 7580
1889 227
924 5898
4503 7764
6768 3104
2918 2451
7828 6284
3794 5382
7600 7722
2943 995
4141 1059
7478 3162
461 1516
1310 1001
4061 3979
5028 7456
7245 5093
7734 2159
7203 4596
5779 4513
2737 6075
3307 6741
382 2918
6083 6788
2690 3799
6821 5305
2663 5613
6920 6853
2994 393
866 3800
6862 1587
4684 6461
5169 989
492 5212
6501 1150
2625 3316
5354 4878
5523 5980
4942 1790
2277 643
7300 6380
4648 732
7812 3873
6431 4968
1270 2001
7812 4723
124 6950
5447 2179
6047 6218
4854 7199
2207 2283
1006 7362
7269 3020
3624 7706
5021 6674
5656 931
416 2657
6358 1844
517 3842
1194 6905
5219 4584
5501 6521
7267 5843
520 7620
4797 1019
3765 3260
1004 6674
5360 7721
1432 3948
5272 5253
3187 1900
5636 2871
3686 778
3856 5048
6742 5508
5324 3851
7208 991
1595 3724
2110 3448
1581 6847
223 900
198 1267
3521 3249
4961 4002
5708 6584
2021 6250
2992 2101
6150 5730
7603 2746
6 983
2577 6790
2117 3084
5999 4482
2700 446
3924 7194
5041 4795
3309 3657
1582 7445
2424 2336
2926 7468
4948 1997
5158 7115
259 5239
2953 2789
3881 2683
2488 402
1513 2751
4163 568
2266 3578
2405 1207
5156 2430
6805 2042
1148 1548
4396 426
3118 6513
1399 2209
5700 4318
7353 5591
6777 985
1314 4884
806 1181
2391 1697
288 6727
1813 3843
7071 2862
2028 1680
1624 664
5177 6236
4621 7479
5642 3341
5794 4889
1546 5795
127 3654
4879 5645
6300 4465
7591 4703
7832 3386
2185 3783
4026 4438
3453 5032
1891 915
7201 492
1060 3326
2964 5015
507 6846
957 2235
756 7446
6585 345
1862 5537
4753 3943
516 6381
10 1777
1859 14
6479 3879
114 2924
5606 5493
3377 1649
358 5703
6587 6172
3743 4711
4442 4449
3956 5815
820 1567
7632 5282
7595 5668
3369 6266
7813 5980
4193 4547
1806 6867
100 3171
7080 4429
3223 6058
7439 1817
5445 6780
214 4852
5006 6058
6205 7461
4005 1197
5515 474
209 200
6061 2830
7056 2047
1536 3520
226 3424
1928 3346
827 2900
5336 6116
2789 23
3433 2554
719 6171
2885 3828
4584 6731
2437 3366
263 3891
3926 4247
4008 3088
3204 543
1105 4831
3308 3259
1537 6666
1553 857
2111 4264
1609 1424
1976 2030
4951 5185
4047 21
3041 3067
1610 4126
6944 589
969 493
1158 3764
4703 1216
3949 3659
6998 5807
2517 4738
2055 4685
7744 4561
3592 6208
4454 63
2897 6605
4106 7615
5657 1427
2106 627
5266 2659
1723 1814
3576 3028
1338 2929
698 4339
3782 6673
4127 5831
1903 7110
780 4718
72 5530
1719 5751
36 2391
5526 1132
4112 3328
7839 2325
3851 3432
3835 4563
6682 7621
580 3121
7503 3464
3507 1502
6190 907
6563 3449
5468 300
7814 3206
994 1384
4178 2965
2298 4835
3678 7216
7275 5326
4042 2234
6069 484
1764 4874
3772 2291
6666 7383
1409 2537
780 5742
24 3837
3157 2813
2531 721
7430 4561
5433 1977
3324 2705
3799 1867
1792 7420
2184 7080
4408 4145
7333 2507
1157 5726
477 4757
2826 4220
6395 816
3820 5664
1451 3185
6996 1026
7827 1986
977 4115
7138 4240
5942 1377
91 5262
1471 7332
2439 7462
6254 1143
6948 5546
5044 2891
250 3266
1998 5957
4257 2004
1720 5140
7425 678
4371 1599
7100 5676
5863 5620
7225 3259
7451 6436
27 2155
6391 3319
1266 268
3708 4027
7544 6027
2741 1300
1615 4461
1122 6501
6924 6243
4428 5344
4266 2716
710 6606
249 2455
5825 7757
4509 2256
6152 5469
6772 5117
7531 7245
2214 812
7302 786
5611 4933
7252 7572
223 743
668 5273
7832 7593
6502 6743
3446 544
5020 1400
7672 198
4510 5988
5619 4536
7834 1811
7109 6569
4652 2630
150 5658
2583 6190
5993 1983
183 4503
4606 2417
7572 2892
5096 5880
6097 5263
6819 7819
1126 2378
116 6073
6025 1015
6344 2504
4288 4717
3915 6849
4194 6572
372 3136
7342 281
7643 2314
1892 3976
778 6301
6767 6654
532 4368
3620 2216
365 5914
2824 7207
537 5596
273 6931
3148 2044
6759 330
3342 5885
4935 4235
4289 7028
7837 5637
3109 287
6652 1628
4605 7242
3705 2486
6897 7340
2865 2300
461 860
2024 6906
5966 592
343 4012
2797 942
5356 2397
988 2765
2295 1118
5270 591
312 1928
2305 6219
6703 491
4552 2034
3210 2402
1120 5196
2031 5395
6466 99
4702 2828
256 6321
1311 588
6949 1184
6353 6524
3597 6422
6360 3486
3573 1126
3569 1973
1984 4935
4921 6396
3532 6851
3601 63
473 1930
1133 7832
7680 6411
4824 6812
6065 4994
6578 5024
7824 510
6323 2773
4604 3284
6043 3006
777 674
6288 7602
1675 6484
2219 6951
3082 3436
2096 2758
7233 5647
5521 3945
2048 813
4094 7360
5216 4094
5370 148
2833 4378
3977 1580
2440 5456
6460 5335
7441 3023
5629 3713
3351 22
383 3608
522 1307
1386 6143
742 4913
4080 6247
5231 7515
6907 2783
6797 6399
7372 942
5397 7595
7346 3675
707 271
6402 3018
66 363
3912 6100
564 7203
7399 7560
1517 983
2039 2625
3546 3776
2863 246
4912 2296
6968 1824
6843 3258
4192 2345
1536 6996
4519 1680
5434 7255
2706 7273
955 1774
5208 1573
5007 3224
4899 254
7740 3550
7299 1725
2335 5818
3207 1081
5774 7505
4887 2703
5744 3451
6111 7280
1885 2982
4310 7715
5599 2450
354 4273
4895 3384
1798 6201
2848 2713
6715 1337
191 2742
5258 4310
4355 7834
5331 7086
4756 2487
2591 2636
3495 3950
3847 4870
3118 7537
5719 384
4550 5629
1162 158
3375 5468
1859 6670
1021 5815
5377 3591
5465 3337
2969 4197
903 4418
7445 1136
7330 3857
4900 5469
7514 301
5142 606
1046 5359
7769 6177
2905 747
3783 3677
6743 2660
364 5172
1718 6301
7731 7004
4673 3573
2210 2470
551 7380
6197 4828
5871 3845
7287 2882
4512 6295
6002 7224
2969 7595
5969 740
4958 2988
4929 7346
4197 5634
1416 5681
2170 262
7248 129
381 3337
6429 1971
429 2254
6663 4096
6232 5020
7640 3383
222 2308
4639 7638
1256 4474
3655 5778
5288 6834
1342 3529
2446 5080
3980 7582
3913 1775
5593 3184
2844 4040
6166 6100
1138 5915
1920 4262
5575 7670
829 392
3729 7498
7284 4686
7634 2436
6166 3366
3713 933
4727 4201
5844 6792
403 7445
4008 3557
2770 4585
2444 6078
2157 5455
3540 3659
2970 1113
621 2164
4037 3802
6540 2975
2841 6804
244 7334
1290 4184
2137 1374
4710 5967
1532 5295
4103 6862
1760 5315
4872 5053
6542 2815
6316 1034
4118 3690
4152 1892
3635 7426
5356 4378
5528 6864
4047 2912
614 4208
1701 3293
1494 2627
878 7734
4793 2051
2221 4238
7138 4078
2478 3203
152 582
5633 1945
3256 1558
6163 5124
2570 1358
6542 7499
1310 2444
5466 3713
2307 2820
4792 6924
2297 6738
2941 1231
7603 6636
3378 4847
3216 6636
1078 7450
6134 3839
5738 3116
6052 4196
4756 3802
3259 330
1323 1894
246 4115
3780 6379
7377 2818
7389 3955
4754 5856
6900 6086
4605 4297
5347 3235
5340 5980
7066 7327
7220 6018
5464 2819
3708 6245
3860 3810
6977 7146
1095 2655
6924 863
3650 2337
6248 7750
7398 2650
1661 198
5160 1465
4897 4889
4581 6
7602 3279
3055 3747
5037 4464
5257 3366
28 1231
5362 828
4597 2901
5851 7402
5115 7379
7478 7828
51 4499
4084 6540
2037 1319
840 6610
869 3124
7426 1379
142 3823
6271 7071
4239 447
4219 5375
103 6477
4434 4579
716 582
6617 3824
1389 3094
5566 693
1338 7753
3769 7622
2362 6979
444 750
3418 5614
3276 2302
2368 4276
6718 7291
1352 4412
5519 5566
229 1840
1852 4789
7019 214
4684 5410
3666 5386
7814 4041
2075 4467
2460 3097
5194 6055
5752 141
506 4011
2896 3095
2165 5922
5984 1271
4266 7241
6982 7448
5555 845
1392 5480
2693 1884
1447 559
7052 1352
7762 2757
2504 7342
4719 511
2872 1611
210 1964
7226 1115
4059 6112
6326 5991
1385 2041
4758 5326
5299 2801
3229 3741
4170 1209
7786 1116
1936 1801
3345 3765
4918 140
507 2423
6017 4351
7043 2639
7432 786
1384 5886
7107 3705
7268 7832
1525 5140
6534 1505
7165 2130
3802 1749
5979 2350
6132 1625
4211 5740
4941 5292
4545 140
5783 1619
7295 549
3084 2187
2752 1750
1619 6243
2927 6991
1663 5001
4419 7431
3442 3763
2056 7672
2756 5075
7836 3754
4415 6106
1006 6133
4797 2297
1773 4401
3270 6880
4067 4156
305 4963
4161 3907
6703 838
7470 4758
1407 1791
5565 2244
5923 3032
6187 178
2634 3598
5933 6152
5559 3567
3599 7004
332 4160
7124 2721
4659 5754
6629 5917
2810 3518
1917 6185
6113 2646
3899 370
5925 992
1888 7283
2145 2885
3090 4129
6503 862
2825 3709
1837 2851
7626 1568
5967 5593
6990 4703
3771 1647
5743 4720
1483 7806
2390 1311
5141 2724
5286 3666
2649 4794
5015 2206
2923 5233
4844 6034
1046 408
2313 4199
5075 5170
6850 2380
2810 2938
4442 3897
2929 5787
1676 7667
7625 6893
2856 5450
3847 924
5984 4588
641 1836
2209 6324
5373 2276
813 1384
6523 2675
5106 6034
4553 578
3888 4638
3973 2677
7229 6219
1375 3854
6816 1729
5593 1028
3727 36
7723 368
122 1345
7732 5747
5850 5138
3130 5028
700 2249
834 6940
7045 7000
762 7575
2288 7479
6529 1347
3482 4905
2901 6006
647 3957
3959 6989
984 5427
1428 3768
4914 4610
2855 4127
1727 3117
3928 4050
396 7695
5082 2004
1152 311
6649 3675
2665 5343
1185 4758
4252 2451
7200 2332
4316 4461
1909 7443
1246 1108
1455 7188
2620 3737
4384 7055
5158 813
5493 5834
3909 5308
5258 1669
5841 4619
3347 4565
452 5947
426 6505
3960 3271
3480 4415
4872 909
3280 3103
2158 6545
2031 3866
4302 2619
560 6123
7660 7281
5622 1630
6013 2200
7294 1638
4567 6169
3875 3278
4840 5219
2646 6907
2455 1802
2476 6845
1399 6881
1276 5187
963 4794
5863 7655
2172 1733
2 4204
4551 2726
6366 373
5831 3136
4285 848
6038 7625
5427 1700
5587 6626
3652 3443
6550 3592
67 5681
7438 6812
2575 1611
3013 2474
6457 460
7721 4936
7276 4918
818 5155
5563 6075
3553 2835
4893 6612
5046 5750
1401 1601
2551 2550
4654 2502
6092 1083
2663 1641
1672 5547
3718 166
6582 7785
2515 6417
3233 5233
7021 399
99 5173
3975 185
4391 2110
3600 5281
3414 4251
1264 19
4364 5803
6218 274
5068 1736
6671 5361
126 5981
3819 2827
131 2526
3427 2806
2183 2674
2230 4913
3852 4304
6509 3390
1009 2076
6683 1904
6711 4450
4305 3821
4618 1332
5002 404
2901 4850
6026 6542
7596 1016
2778 4793
3167 4746
2682 2651
1306 127
5877 6336
6902 5616
7685 6691
457 5513
2510 5717
5153 1905
6330 6226
596 6835
1087 1331
595 7507
5060 5651
7406 5169
1677 7261
4678 3375
6613 5456
4647 548
4050 7753
4025 1856
7728 6806
211 376
5026 5454
5814 6039
2585 6581
2507 6620
4833 2408
7174 7571
877 1325
7539 5432
830 7050
1581 2181
817 7183
110 2093
5123 7458
4161 1610
260 1387
5531 2762
2511 4825
2096 4172
226 3757
3053 543
3098 7042
6788 5630
6162 6324
5281 3584
2356 6883
569 4745
6101 3947
2077 4783
6912 1427
72 764
6306 5674
7630 2126
4562 2526
6392 3604
1592 5386
1988 735
1061 1440
7440 4478
140 304
1156 6685
6436 1427
2936 5571
7422 3110
7050 3895
4723 1062
5295 167
4424 1904
3118 2877
6200 2251
1646 7590
6503 2301
1025 7721
112 475
1978 4578
4188 4468
4582 4068
3032 1256
897 7199
5363 6395
1051 1933
5295 7582
4773 6499
2621 5947
7471 6336
3697 1462
3016 5512
5647 7753
3763 681
4812 3744
2860 464
6905 5903
56 2776
7233 4468
2727 6899
7635 2840
546 6495
751 7054
7028 4944
1511 4158
7491 7411
5703 4545
5314 5062
404 1997
1059 4707
6814 1135
1986 2694
1025 3500
2510 5044
3912 3059
767 7325
5917 872
4007 6450
4391 7266
5847 639
1713 688
5432 1389
6614 4247
5582 1214
4666 7117
1098 4364
7730 3986
243 6063
3951 2485
197 7138
4413 3366
7511 4633
2349 3434
3494 369
4580 5776
2562 3459
224 7800
962 1051
947 4983
4967 7531
3278 2017
7338 610
5692 775
5934 3261
3505 5211
1848 5438
4115 365
2058 3989
6268 6130
3627 4354
1797 1126
6618 5150
1137 4941
1806 4308
6116 2558
3127 2281
158 6181
3354 7626
7281 1964
3311 4241
6470 221
2856 6150
3708 5480
3838 1994
3205 6422
6571 6542
6832 3970
462 639
6494 3512
5952 5029
576 937
1457 7616
1045 2708
6913 4032
5038 3844
1071 3442
1942 579
346 5277
4425 6012
3913 2336
7176 3427
1884 2019
4334 5991
7263 2263
5715 7759
1821 3291
2041 5280
1877 390
564 4587
753 3061
607 4414
2785 1364
5112 3813
3801 4113
1276 6047
2821 7306
6073 4528
1645 795
1663 300
620 6705
1387 1158
7467 2774
4282 1598
5229 6970
1973 5769
5239 7164
223 5825
1115 602
6873 4882
335 7170
1887 6526
5208 7060
5742 3202
2210 2910
2083 1759
919 2131
5124 5219
1345 6543
6050 2029
6655 2638
2231 3853
1582 3191
5356 1845
257 2917
5194 721
3451 843
1523 5990
6111 3747
4978 6333
5333 677
3395 77
5554 2920
184 7537
7519 4866
7760 4335
4412 219
1700 3613
5995 292
761 4568
7506 5714
7613 326
1752 6755
1827 5009
854 5260
156 2423
6946 4413
6308 1537
3275 166
348 784
1050 49
7422 5810
2907 7623
5123 3216
7428 5029
499 3943
6810 3868
2628 252
2088 7033
1310 3139
5286 1398
2480 6540
6158 3264
626 2346
4481 7674
292 3360
2481 864
3486 6101
4919 2648
2040 115
811 7270
4753 2626
703 1321
6121 3029
3416 1765
7105 3246
1884 3403
723 3239
5075 7306
4475 6655
6207 6490
1146 7263
1977 35
4574 6030
2161 6702
5545 2671
4106 5994
657 983
46 7559
230 3344
2036 2291
319 311
3409 1313
532 6315
5596 5044
6706 2928
7165 3803
1311 5373
6384 7349
5353 1057
4319 5144
6970 6688
405 3957
7757 3175
4398 5888
6629 6420
3182 3814
3425 5180
2009 1531
5763 6122
1722 5861
4879 3712
4136 7246
3183 1316
6094 4612
422 1572
4367 4533
6427 5668
6685 258
7810 1216
6009 5747
1659 5868
250 4449
6949 267
5709 1606
6445 5575
4201 1799
27 6186
7081 5593
3257 473
3081 3252
3500 1426
2562 1474
5313 5650
5204 1764
4677 1838
67 1083
2437 1034
3301 7224
1537 515
7001 6588
6548 1575
7813 5191
3718 2656
5646 6965
362 2336
6375 4883
2640 2588
5601 4035
7027 6877
6049 4284
13 2055
4435 1498
3201 4995
7619 4218
173 4965
1820 1651
5994 7322
7618 4789
944 6465
3229 3211
6620 6035
4123 5353
1253 4540
1268 800
2654 3189
6712 2507
3521 1888
1412 109
3885 7131
7711 923
1074 1560
3197 4495
5507 6204
5258 3818
376 5829
3733 5682
3813 1327
6800 524
2731 1480
3948 3905
3342 2635
4393 6717
7619 6451
4996 4938
3888 1838
3950 7444
5787 4375
2439 7067
1532 6814
220 4670
1522 7630
1171 2300
2298 316
6029 1540
2996 6341
3222 7701
2108 3717
6807 6603
403 2464
7136 5966
3061 3625
6122 1787
5302 1991
1450 6977
3724 6001
7474 5997
4836 5289
3654 2539
3637 136
923 7378
6619 1384
6681 6727
162 6879
7629 4872
612 2652
379 5109
5695 1166
7013 7196
6535 6251
2790 6586
1188 516
2739 2243
1595 1124
6950 6986
4020 4817
4788 618
2784 3323
4736 6412
853 278
2756 6236
6569 1123
3321 1117
3870 7549
6235 6985
6846 4142
5266 4710
6083 2170
4181 2751
453 513
1907 4866
4475 4510
5425 5495
2395 1903
6293 7526
6797 5930
633 3159
4318 2530
2649 6155
7752 1810
3597 3956
1717 183
4477 2197
1542 180
881 780
1440 7490
5004 2762
5629 7054
6982 2937
6243 1202
1489 1276
6806 1336
1410 5569
2477 2311
3897 4436
1927 2275
4696 2739
19 2305
7699 6889
5977 5920
4861 6204
5327 7647
3266 1376
4239 4632
3611 487
4354 7433
7045 3349
5506 5769
699 7637
6468 1257
2966 2642
5407 5936
1105 3157
6977 5451
3957 7730
303 2689
7653 1370
4259 4154
2336 1793
1695 5452
1615 2270
3563 1221
529 6214
7127 6356
1390 2999
3543 5972
6421 7611
6823 390
4417 6645
642 6538
4063 7170
2941 651
4204 280
2123 6908
6550 3290
1097 2774
4507 184
2299 2340
1462 698
1104 3062
4891 3230
3219 7470
5323 4635
7511 5555
1480 784
5104 2374
4457 3520
4491 5407
7337 2596
2576 7585
2681 3700
1480 5308
3453 1888
1696 478
2566 3824
7522 570
4569 6970
6561 7131
4350 6948
3 1109
7225 4093
4508 4380
1398 945
880 5974
332 5576
5200 3724
6852 1083
12 89
4304 2772
1879 5728
6818 699
1013 1731
5894 4463
6768 4609
6650 6213
6232 4529
3341 7341
1706 6543
708 1469
2727 3599
3330 5311
5472 4199
3727 6512
4 1054
1197 25
3763 2496
3790 4986
6931 6780
517 2635
4759 2150
3956 5343
636 3519
4855 1642
5667 684
34 2506
5039 5402
5959 6481
6951 1346
7611 961
6580 4113
3028 2006
315 424
472 4470
1801 5735
3572 6667
5292 5504
5077 1284
6601 3408
882 5739
709 4036
7347 5889
4959 1341
6985 2372
7382 6978
3661 7364
3604 7162
5004 2328
802 821
71 3915
4565 750
5255 1864
2257 5834
4419 4646
4386 7754
7677 4360
4210 1337
698 5994
3674 4766
4358 4194
3211 7212
2941 3066
3890 7037
1126 3298
717 2184
440 1278
705 4415
7711 1668
6256 6628
3444 6318
2816 6002
7722 5982
2580 639
1221 982
6564 4000
3646 4707
955 784
511 7224
7217 7189
3660 43
7178 1305
5929 3336
4458 730
7192 6632
2173 4415
3661 3789
3470 6638
4737 2883
4077 7548
4426 4774
3984 249
2093 1539
1532 5609
391 6285
1154 3472
1312 3085
5486 6023
3257 7652
4865 7473
6161 5540
3375 2876
2951 3349
1507 7260
5768 1026
7585 1437
1821 1574
7139 6828
7127 7275
16 6409
4026 5256
4447 500
3517 7743
178 3349
4513 45
7826 2751
3989 34
5062 7160
5515 6683
2824 3967
907 980
3025 5201
5673 2608
7764 3377
2909 2697
1163 3398
389 7753
1477 5864
1694 4793
1655 3465
2856 6397
6104 5765
5867 6927
7554 4386
5138 1335
1490 1411
7552 5315
301 233
6520 6458
3454 7002
6511 1434
7840 5399
7604 5863
4132 4992
4616 2008
6914 2930
1750 1393
1174 4876
4350 3638
4456 419
1450 4426
327 2010
6662 4809
2657 4906
3219 31
4054 3396
5096 1584
2528 6143
5647 5068
3930 1946
5229 5
1324 2043
182 5390
7593 2006
6855 4346
2152 1975
7796 1907
89 1236
4183 4198
6557 3114
6864 3609
4460 290
2821 6246
1333 7165
5805 4447
7352 4723
657 9
5068 457
4734 1772
5207 4383
6379 5831
856 90
7230 5757
7039 6175
3818 2683
7520 2721
7074 3967
3580 2259
7559 1819
2411 3148
6479 4009
4554 276
580 6327
1452 6107
6063 7455
6568 2866
4914 1128
4865 1260
7012 3833
7672 2902
3514 984
3240 2959
3020 4825
5128 3273
7378 513
2860 798
2972 7755
5877 1208
415 999
1725 6839
6150 1946
1180 6784
6671 5859
313 4551
3957 3117
6893 7611
6317 779
7443 6130
1560 4880
7392 1818
320 1646
2992 7371
1432 5336
3146 19
4773 4102
7310 4984
5825 1057
4507 7254
1352 7418
3319 4505
1174 2108
5610 3919
3841 1376
4810 4218
463 2703
1359 3711
4110 4197
1113 3717
4874 4957
381 5754
556 3223
482 1332
4786 124
803 3377
1058 4899
6784 4133
3396 271
6674 3378
1152 3583
3009 6177
544 6733
6920 911
3142 6770
6631 5219
5818 1000
5679 1353
5136 4101
2293 1564
1249 1595
136 2709
5522 5113
2741 742
1518 2923
4913 2945
3264 3823
3719 345
4964 1474
988 4392
3885 5710
3456 1241
6579 6416
4251 971
530 3493
4396 3893
3066 2477
7728 273
6925 6009
6300 3521
6158 7399
7495 5023
5886 7716
7155 6542
3360 3395
1590 3377
2568 5343
3166 4421
3325 7547
5536 2526
963 284
2962 4861
1544 3875
6783 5483
1866 2558
882 5206
1842 5107
6679 3036
5349 1243
4512 7076
2990 5947
5632 3872
3197 2119
3189 1465
6158 4428
3952 3957
5797 6856
1133 1229
4106 5498
5339 5850
3187 7269
6991 4121
6842 7652
2749 1956
1846 1329
6118 4267
319 1438
682 2090
1602 7247
1141 7763
5621 3972
997 4000
6071 6173
2748 3549
7130 858
7404 3432
2646 483
6569 690
6888 415
5390 681
723 2890
2434 3948
36 485
5146 3687
2572 2895
2561 7271
7824 7435
4753 868
1828 6627
1347 775
1659 4902
1285 2542
1833 927
6392 5961
171 7580
7680 3054
6691 2725
3153 3559
5709 2021
7681 5495
3444 2326
2997 1536
2516 5908
6055 2495
7110 934
86 7821
5667 5461
4450 7038
2953 3743
4953 6820
4603 3845
6931 5436
1880 5381
3993 1789
735 6890
7079 4528
7699 6633
6561 2253
3280 906
1518 4579
342 5456
5676 117
3619 751
5038 7759
7285 7227
789 3883
3510 5910
4044 6698
4481 4135
356 1350
662 1534
428 4468
5606 2179
3923 874
7522 3171
552 1020
6716 551
4636 7184
7411 3683
6186 6770
5349 5417
6722 6839
7259 7623
152 5470
785 5486
6558 5556
7785 5838
2783 3005
7385 1012
5606 2673
2894 5736
6119 1019
7339 1855
5122 50
4279 5745
6605 567
4288 1382
6412 3954
6614 5095
5455 1734
1647 3154
4502 1772
315 499
2588 6739
2878 6360
5348 6058
957 647
7157 7377
4586 1364
6284 3989
5632 7547
7660 6656
1188 1699
1013 7147
4600 2269
4308 1985
1603 1164
2409 1827
7344 7514
2976 4501
5106 2285
3090 3067
3815 420
296 4801
3547 2556
1608 1883
1892 5162
1751 4118
1040 2806
3890 6188
2869 7800
6957 1272
3950 3398
458 1198
567 6565
2882 2940
2306 5162
5831 7073
5014 1693
6446 5912
7818 2562
453 5194
2501 1783
5990 5288
1623 4538
7515 4143
3423 6169
6763 4506
2730 3142
635 6051
542 3080
1527 322
4105 6080
2713 545
7048 7452
1988 3344
5690 2163
4533 4610
5835 3462
4621 28
2353 5520
3455 5354
3281 4022
7401 7125
6203 1603
2650 5219
7285 3301
5675 5606
7368 3334
7821 7274
1896 1755
7407 442
78 3634
359 6699
1602 970
3006 733
4318 3484
3790 5110
785 7113
904 4064
6834 7603
2696 3405
6273 7482
280 1080
6511 5445
593 2556
4089 6686
5051 7374
2753 7372
4308 6528
1869 4711
6678 7236
1678 6237
3436 2086
6559 1987
6245 2046
7162 4786
832 1065
4463 4993
4969 6956
5473 7334
1445 6536
4572 1110
2380 6821
4858 743
3782 1479
6973 788
6360 3952
1521 1180
7050 1712
7268 5451
4144 104
2585 4023
6878 2007
1988 5355
5056 3499
6327 5201
3734 2738
1297 7396
3126 422
1900 7483
5502 1062
5620 4483
2478 7611
4892 4762
6058 7586
5016 12
7469 1294
1183 5835
2553 268
4261 6226
5316 5437
331 3760
2203 2625
3766 6828
5294 5597
7038 5509
5462 6889
118 2752
4515 439
1958 1393
4615 5262
237 6691
2211 4171
5209 5584
943 2477
4689 6657
2556 6001
3020 486
2546 4937
7807 1535
7136 5850
5461 3537
3216 1511
2061 2993
2162 3672
2696 5916
3650 7268
1804 829
1477 5128
2528 1014
3239 4504
3022 341
6409 7007
5355 2993
188 6034
3620 1929
3825 224
6461 3748
2724 6831
5885 2553
2005 4275
2347 6662
4775 3176
7369 225
1870 6056
208 4320
6331 4208
3336 6594
2838 3248
1793 3425
538 4331
3249 1318
7159 7684
880 2925
7569 694
1119 238
3565 6782
3346 811
6474 7624
4004 1636
5098 5732
2489 6760
4474 7787
3515 3585
1303 7188
1749 7704
786 1275
4769 5960
2610 1438
3440 7426
7034 2374
2278 2745
2547 6103
6524 3232
4146 2434
4285 4624
4046 5438
5152 6669
5855 1017
25 6762
3196 7586
1070 5880
5444 5869
241 4585
4407 3452
360 4409
5279 2598
4639 1085
3107 2651
6079 7245
7607 7147
2587 6388
3088 4189
2265 109
3765 761
5662 4313
2413 663
5538 3871
3216 7365
3908 6887
317 2393
7741 3629
5024 2407
5079 2082
2597 5466
1602 4222
4911 7771
4151 4732
2601 463
4029 6189
2847 2455
6004 7288
7351 3100
457 1713
5259 2033
5871 3096
3088 1366
5576 4819
5008 1045
3642 2174
4446 2993
3228 6394
6299 980
6229 2787
5244 3024
5036 2061
4030 345
4858 1573
767 636
5911 5635
1798 3051
7033 630
3557 623
3689 2584
4840 3769
3792 1160
4625 3803
3413 7372
5608 6410
5238 1945
5232 7108
6038 5133
3676 3870
1910 3683
881 46
7517 411
5882 2365
4785 450
522 1447
6978 3697
4491 3221
1656 1410
5892 1138
7008 5303
941 5644
5897 6237
1351 4721
3969 3543
2385 7745
7792 843
1748 1968
1606 116
6721 3413
2865 2656
816 7367
6367 1278
74 856
3765 5351
5020 4612
5989 2305
6023 2260
2650 7240
1753 1594
2704 1922
6807 4315
5861 4770
3912 4309
4568 1453
13 7605
396 7571
2882 5173
6980 1905
2251 7742
1247 143
2514 4443
7530 873
3299 7002
6916 557
2600 5526
5891 261
247 2014
5118 278
796 1593
950 2868
6186 1823
3652 4231
4584 6625
4998 7400
7351 6678
5463 34
4088 813
6811 2268
7591 5582
2920 7219
3847 6578
2712 5331
4285 4275
6893 6750
2359 4891
3558 6246
6071 6293
1305 6531
3885 2188
771 2118
5794 616
7796 2011
4960 58
4632 5808
7754 1355
7460 5085
7448 2206
2854 1559
918 917
3926 5499
5345 2886
4710 2935
1501 1878
4790 4915
3476 2582
7525 6446
5015 4819
5835 5686
7427 6333
6482 5572
7462 5506
4269 2612
4453 6248
6577 2377
6455 6939
1347 1789
3012 6469
3753 2196
2534 6714
3172 5714
1585 7628
1677 7751
3486 4838
6433 5536
6861 6068
2859 5074
6848 5606
183 3837
2795 5623
5483 2532
2686 3461
1754 5744
4175 646
2329 5258
1944 4124
2770 7464
1547 4075
7008 657
3876 1205
2692 3005
2063 1799
3331 4968
858 1498
5141 4164
3228 6786
2374 5197
5604 7711
4639 582
2640 3926
3042 893
1002 664
7432 991
1333 2586
5042 4006
1546 2124
1957 6791
4169 1454
7448 3775
1207 4807
4861 511
7622 7567
2694 4525
4274 4474
7201 5251
3611 3692
5699 1947
3202 1355
1648 5330
6683 2395
6093 2353
6106 2688
1877 4275
1556 5748
10 4774
5555 1366
5889 3651
2732 4688
598 4177
1467 349
2646 1545
3399 3125
7005 4084
3161 513
6141 5952
210 1182
6910 7109
1475 4139
1964 4876
418 2116
2030 7435
1968 7743
2293 7688
2563 4663
3661 5006
4323 7040
4177 726
6615 1212
3882 1517
6123 3350
6690 3277
575 5036
3168 5356
1526 2312
3130 7387
2430 994
4233 3504
842 2956
1332 6382
2464 5510
5174 7580
4197 816
7458 5757
27 6038
2292 4292
7780 5772
2083 4950
211 5059
7712 7166
176 4893
3952 917
7234 892
5156 5344
3804 361
1548 2162
2014 7591
2799 6279
3177 139
341 4531
6998 2838
3964 1128
7419 5230
6458 4592
1079 7380
4178 7609
2664 6378
7422 4674
1128 4707
7310 6974
6193 4514
4751 385
624 1749
6654 3833
3560 4468
2147 3578
2751 2077
1306 847
5503 6781
4506 2179
510 628
7541 6492
4877 2104
3057 3515
2585 7475
186 1404
4470 2373
3937 3318
5486 516
369 3172
7607 4175
1928 4676
7008 4244
1790 311
6956 1696
407 7090
7354 8
6780 3206
170 2213
4104 6995
2257 1296
5645 4954
2697 6757
6517 5078
1505 2539
6491 5320
6350 1464
285 5271
6773 5832
3275 5170
7383 1514
1386 1306
3262 2887
6792 436
4678 7304
7666 4104
1258 4360
690 5849
2639 906
5632 6674
3951 307
2603 7417
5535 1758
3956 949
2418 402
3719 1183
4770 3052
2026 4564
3500 2376
1495 689
4435 4327
311 6361
33 4315
1096 1119
7138 3575
7293 2413
2989 5529
570 4075
3201 5793
1434 7378
5822 4927
7810 4514
1891 1224
3679 6316
3703 3473
5101 3485
1368 3131
3431 7794
7807 6548
2221 3149
1958 6401
1981 7574
4162 6219
7503 2353
7239 5051
7510 1159
3792 3470
3614 857
474 6695
338 912
3836 2618
2164 6258
6883 7273
2634 388
6103 4694
7329 7277
6451 4786
2142 5376
7081 3881
1844 5574
3449 6102
7372 1427
4056 758
762 6591
1168 5928
6602 5580
3339 5093
5824 795
1547 2864
3105 4007
7024 4060
7252 1626
5473 1373
4987 157
1955 7489
830 1480
5875 2025
276 7375
2196 5776
7687 5904
5397 6527
3760 4742
7504 4458
2420 3874
4761 3115
6647 5953
7347 60
586 6281
6343 624
2896 1503
2023 6408
6146 5879
6402 1771
2057 7010
6222 5071
644 4547
3847 4072
371 3943
736 3020
1801 1432
4112 478
2518 4302
795 4090
6035 1949
5290 6533
1180 642
6105 5464
2946 4166
7156 3068
4559 3464
2788 3931
3572 4538
7434 2302
3890 2519
6225 206
2800 2063
7284 5969
3273 2951
4805 3306
2947 1836
5032 1289
1864 4087
1786 1488
6297 6140
2699 7324
6133 6565
601 5988
5719 3657
3381 4408
1564 5993
1475 6489
3615 5411
6503 1906
6400 6054
113 7020
2515 137
7759 1154
2627 1756
7552 6415
990 1222
5227 2159
747 4840
7466 3323
7702 3129
6217 626
3300 3475
5675 4369
3802 5693
3181 3233
2389 5114
5310 3612
5425 2411
5263 779
1068 7206
7560 4110
1628 4010
3714 4218
7298 7757
2813 2104
6291 1734
3864 6782
3709 4547
236 2974
1489 6090
5718 2369
263 2252
1037 3779
2503 1440
6223 7813
239 212
6736 5868
4265 6760
913 3688
2800 1879
2748 1536
7056 3747
4533 6220
1227 3521
3070 2322
1294 5796
6601 3316
152 830
4990 5455
5929 5190
2286 920
6642 3333
6231 1027
3394 4336
3068 7183
6639 7646
6995 2539
4146 6340
7298 2253
4386 2254
921 2697
701 2607
6655 3553
774 7160
2706 5391
3388 1781
16 3714
4263 4672
1883 7330
4222 6994
7540 3519
1107 421
4717 4173
6864 4959
52 6547
2186 3010
5115 5499
707 3362
5739 7831
2458 3265
2141 4323
5089 1844
7777 5992
659 2906
3671 1948
3767 1312
2481 2222
4615 2477
6931 7224
2431 2650
7800 7663
2741 6319
2934 6732
1098 7685
2401 7630
7092 2783
267 5083
5336 7773
1007 3106
6560 2675
5045 907
6263 3650
2234 2426
4931 3086
4991 1574
7406 6425
2664 7319
3011 2173
7199 5525
482 7652
6497 6515
967 536
7682 3850
4731 3104
422 3730
6953 3635
2390 3101
4636 4992
7668 5674
7103 2937
7617 4693
5593 6992
3035 2676
1215 4044
3424 1644
5733 602
2587 4400
7095 3495
947 6220
6927 6599
4870 3839
616 7423
6283 4102
4990 3180
3230 484
2726 133
5832 2650
7640 858
1238 4025
3793 243
828 4760
6590 5745
7458 5539
1193 6348
4628 6646
2559 3231
6722 5061
3103 4046
1152 4733
2760 484
7097 3357
1708 6474
3340 1906
545 5392
3482 814
1671 4714
2893 6230
5818 3511
7760 6087
5817 56
1218 648
6994 6401
591 2039
3927 1311
4242 3313
5472 6695
5550 2606
4466 5598
7229 7663
5134 400
4786 5516
5762 7280
5375 6103
6799 1380
4596 7013
2446 5963
2666 1929
6873 5148
1963 7714
5110 2716
3485 1623
4976 2128
7410 4211
1041 2318
4899 114
1613 2214
7663 5612
7626 6479
7634 718
2509 6273
3758 7025
324 1508
3369 1292
7804 4172
4379 4923
3975 2774
3447 3607
3336 7079
4237 2865
4881 6755
3672 2949
5504 5465
4189 7420
161 931
1160 912
3101 1041
6397 135
5710 4717
1099 6786
7240 5898
2478 6509
2549 2696
1726 4398
5975 3040
5089 981
3026 6771
5191 610
7082 7822
5213 2421
1274 6896
7354 3561
6919 2865
3027 7158
7096 3178
386 2871
2640 2011
764 2700
3155 1002
6850 939
1178 593
7348 2813
2139 6032
5150 7057
5821 4581
990 2957
275 7651
3895 4116
7164 1740
2867 1655
6570 7295
1150 2537
6420 937
1404 2470
6658 7087
5671 3563
4246 290
5993 6801
3565 4717
379 1969
4693 7405
6749 7179
2213 4573
3437 5586
1830 364
709 2306
6608 3859
401 3908
2904 92
4247 7054
6054 4051
865 2548
5212 5537
5523 812
3439 2236
4848 5742
1256 2239
2038 5973
7145 1948
4813 1396
7794 1582
7198 7599
4344 6886
4930 291
1001 847
6378 6926
3451 263
3705 3152
3468 7385
2099 6666
6362 679
766 7777
6983 4279
1521 6439
3005 3461
1111 678
1482 644
4 2168
1245 6877
6641 5827
250 326
3396 6931
6034 5888
3634 2507
3169 5593
6254 7375
2461 1347
3942 3596
2268 3698
2550 1679
1525 3997
3578 6010
6380 497
4027 2168
2944 1952
6594 989
7196 1080
4782 6564
689 2336
1188 6059
3314 665
1918 2104
6823 4185
2406 3218
2599 1209
7283 4096
6181 268
5847 869
3531 1549
4405 1556
7565 5517
3792 38
6981 7474
1912 2701
794 5906
984 4944
4732 24
4706 7438
5945 4946
473 2812
7385 4480
1282 7598
6141 7644
2765 754
1539 4767
1259 1285
3610 2969
4470 2780
7042 5282
6167 6746
7799 5880
7822 2787
7054 3538
7122 6306
2627 4821
1970 5563
1234 2960
3522 7033
3015 6007
6637 5018
1803 6966
1399 2903
6974 1194
5763 4133
1142 2152
3636 6960
1278 997
6099 108
1801 6270
2814 3040
3749 4998
7256 4780
1019 6955
5137 297
235 1201
4320 2474
6743 749
1527 6901
5065 6559
1236 1214
7531 3831
3913 5953
4398 4734
4965 2577
57 1493
5467 7196
2043 5373
2196 1026
4017 7286
7384 6032
5398 5772
7105 4505
5875 3399
3175 7055
3926 3476
7470 7143
6639 1277
5635 7307
1439 1430
2214 7673
2401 2681
721 6059
1613 1584
3245 2467
6290 3150
4183 4356
2678 6165
7074 543
5280 7397
2183 3423
1514 6508
5959 6774
7223 6815
1022 3237
297 6465
6695 4942
5624 4274
6258 4084
4652 3848
2719 1287
6997 6538
2862 5305
1439 6141
6223 2033
418 4664
1635 3703
4318 2049
7433 3838
6531 6013
7314 5824
1604 3313
7472 7791
3081 4740
1363 4882
2349 4859
2763 4689
6713 4396
7123 6733
6900 3193
1384 4117
5186 2251
6788 3067
4462 2634
6901 6894
6133 5077
2490 788
7656 1600
7415 1788
3923 126
5310 4495
4492 3903
4892 593
7287 1868
2752 4345
3837 587
3356 6541
5828 1224
6063 2946
3203 4277
6322 5415
4385 307
2045 3280
59 2631
4131 3968
1953 5416
6444 6081
4843 2830
7329 5295
3941 3429
6621 3576
1086 5453
2993 1241
2962 3668
5443 5934
6993 95
5344 290
579 5088
3075 4937
6406 6125
6406 4806
3154 4215
1917 2902
2023 6631
7654 4791
2166 99
7083 7366
6264 578
6687 6126
4632 4781
2406 2883
5690 3863
6470 6267
7284 1701
3212 2909
5426 1061
5969 289
3320 6636
4734 6179
2243 4063
4798 7312
7067 7744
242 6952
2184 4200
2290 2095
2458 646
5843 6055
7559 7525
5559 7629
4530 4542
3683 5456
2525 7541
4645 1263
4748 6803
7752 2891
3508 4126
6586 270
3863 1992
2285 7798
5828 4488
3647 4844
2416 2554
762 7810
5608 4984
669 1797
6791 4729
3685 5741
6655 669
3592 642
407 6634
6655 3243
180 4040
1508 5916
3357 4376
2410 6314
6753 6400
1550 4832
4371 7565
5888 3690
3409 6093
4041 5995
2410 2369
7085 568
1954 1277
3883 4572
6083 2028
628 4400
6779 7770
1813 3531
5770 5892
7292 4642
3561 5043
7306 6280
2677 6629
4379 7086
2362 4002
5662 3808
3118 958
5868 4424
7092 1958
3217 2096
7663 3376
6153 487
248 365
232 4467
4241 1500
2349 4333
4270 3050
6971 6717
5348 4693
1698 3952
4809 117
2551 980
1307 3493
6893 4154
7518 7785
2116 4936
7181 4050
3335 4774
7210 1401
3987 1431
7039 2998
3706 5843
7698 7072
1610 1388
5452 3248
514 1631
5699 7034
6404 1522
3716 2179
7130 386
1504 5160
853 5200
1732 419
716 5977
3140 786
7688 6073
574 1719
6788 6718
2049 7513
3736 6999
6623 6895
2542 4772
6753 4192
7353 6444
7749 7686
1453 1512
162 6148
2526 4632
1316 1447
2478 3666
1620 7152
5813 6916
3815 3860
7591 1823
859 2742
4694 2069
5437 7076
4722 2097
2196 3060
7285 1767
3884 3807
4155 2921
3728 3535
5563 6376
3277 5537
4828 777
6303 5402
4393 2975
7304 7056
7262 3180
71 5192
2707 2967
4513 5932
3841 419
1096 5098
4376 329
6256 1930
3800 6243
3210 1667
3106 6946
6607 2495
1175 4232
3776 2415
999 7658
5689 7233
1260 4388
6973 5522
6997 569
3980 4616
2019 1362
6780 7600
5069 5817
6612 6497
7718 7354
4027 688
17 6799
7319 370
1232 7440
6320 3319
3578 7607
1995 1610
1692 239
1952 6734
7748 1784
5287 6199
443 4732
617 5847
4980 5151
1370 2793
1807 1814
2542 2243
5474 7664
2901 7676
1644 4591
891 5702
1001 4994
1737 4579
7078 3590
546 2701
627 5370
1433 439
4975 4076
2497 2661
6923 4154
4345 637
2691 1359
7241 6522
1996 4631
4232 6438
3643 6683
2149 7632
5575 7745
113 5370
4061 3653
3941 6104
1174 2742
2867 2587
1205 6260
6985 7657
4527 2027
7347 6288
3774 282
791 6075
499 7152
1412 7504
2267 4197
3773 5233
3499 3303
4188 984
726 2862
2578 3146
2197 3867
2924 6265
6923 98
109 5398
572 5171
2837 1519
563 6805
4117 7402
3547 4237
7714 5026
2149 7554
7620 7028
7297 2921
2836 136
2278 4535
566 371
5166 851
5983 3592
4517 3775
4670 6331
3004 1681
1115 4048
2233 3543
5364 741
5684 2017
3934 6358
7261 3779
2711 4723
3552 6462
317 530
4210 5457
6562 2102
5352 356
3797 1909
6099 3502
4004 2938
5145 6851
3724 7326
7251 3580
4108 5886
7746 834
982 4777
757 7195
714 4583
2637 6431
2804 3371
660 4003
3340 2726
131 5778
4107 5251
1376 7066
1024 4950
559 1366
7787 712
5551 3138
3977 1663
4832 5648
4119 6131
3352 6007
4945 1194
2053 3304
6944 2892
7806 7311
304 2484
6168 58
4978 983
2632 5571
5410 2524
2643 5832
474 3225
2018 7358
4532 4501
5576 2885
7785 1363
7145 3100
657 2980
5141 1201
169 7621
5306 4287
5097 1076
4322 961
4557 2587
2731 1080
2343 590
2020 1045
4206 1276
7525 4814
5138 6192
1966 6435
2219 4959
4889 52
821 2211
937 4891
2395 2504
4108 416
7684 1965
7083 2251
4661 4497
6301 6176
1680 1580
1367 2949
4935 206
470 6427
1731 3095
1912 5226
3477 3620
2946 4200
1793 216
4951 4451
7620 3769
2459 4516
6412 1262
3406 355
2486 4384
4299 507
5253 677
6935 1466
3661 1664
4060 7820
6230 1621
5316 5278
6659 3205
156 6745
1769 406
5051 75
6770 5280
6521 290
1619 807
2655 4399
3099 4617
911 6623
4257 5008
1844 5272
6381 6461
7040 6393
4328 5201
784 4613
2482 4534
3670 6107
7757 794
842 5990
929 872
1114 1514
910 6373
2820 6808
4555 3880
1766 3635
3000 4739
268 4324
276 3334
594 3191
6376 6708
4452 2475
3150 2744
5265 1497
688 6663
503 853
4944 709
1874 3350
2714 1867
2063 434
10 5982
1618 4567
1620 1487
5900 7210
284 2178
1221 7610
2569 7044
1705 5301
256 3819
4175 3181
1866 2769
7258 1102
2608 7757
5905 1319
780 3907
790 7294
7037 7475
1551 2965
1098 5245
4367 3911
5716 3707
5479 3270
1092 191
3967 4069
4195 3459
2046 7273
478 4687
5083 4594
490 51
2784 6651
2155 4144
5822 112
1198 5020
4807 5136
3232 3714
1820 5631
2623 2607
5456 7566
7370 309
2812 1695
7652 5093
814 957
2685 4394
1688 4478
2496 4200
3867 4113
1110 6917
3725 7282
376 4735
6690 659
3422 554
708 1524
3650 5212
63 3198
1380 2397
7064 3232
4105 789
6188 6601
5904 4153
933 6798
1535 5171
7283 1389
407 7626
4630 226
1 446
6487 5444
3745 6926
4638 3223
4503 4989
237 4035
214 3045
5265 2384
947 3442
1222 7010
1847 1404
3072 4351
950 332
37 200
4767 227
3346 5684
3212 4349
2963 1339
5941 2659
252 2877
5105 1376
1498 7169
6693 4469
957 4919
5605 3144
4349 6656
3179 2852
2820 6405
278 7680
2939 6328
6323 5767
4102 1744
6448 5029
1501 765
4255 2364
7493 6424
5933 5886
6052 1694
3910 6543
4797 1692
5346 6524
3119 4034
6602 10
1903 1921
7788 5916
347 1952
3277 7346
2517 2831
1947 913
5287 3099
408 5272
5254 1961
6870 2164
5828 6757
6025 4655
5875 7516
7510 2200
6883 850
2715 962
2770 59
3241 1807
30 1384
6581 857
6001 4366
1402 3434
6903 260
1630 1413
667 212
7750 7506
5407 7219
5095 6199
2379 2344
4518 7007
1583 7104
6735 803
3691 2904
7651 5791
4068 5315
6966 6583
4105 2416
666 4469
5029 295
3172 4309
5289 1900
785 2717
6637 4522
3070 7760
2362 684
2941 1526
933 2897
6356 2402
4110 1844
3099 2527
4350 6114
6859 6711
314 2348
6844 1504
4930 2729
3537 7334
5271 4496
1743 6885
4043 3638
2817 3729
7167 1677
5716 2750
5781 3676
4878 487
1090 7310
402 6720
6690 5866
4780 5612
4263 4376
1610 5137
2660 4123
7142 246
2831 1196
3215 5082
5527 3483
7406 5554
7701 4123
1951 1667
1607 4165
3974 711
2352 6293
3824 5815
2788 5474
7758 5235
1437 302
6720 6476
3437 3063
2703 2868
1434 2601
3890 7667
4278 4077
6455 148
4989 7046
203 2464
4128 1493
2442 7190
799 3450
3235 595
7685 2104
453 2946
6903 5368
6223 7272
4074 6867
457 3916
1953 6108
6653 4181
158 5703
1645 6643
4532 6535
2210 3901
7551 851
3822 7668
7252 6278
6319 3382
3231 3645
4578 6054
7048 2069
1206 481
4036 4804
2020 2933
2320 3559
3184 2626
5801 7747
790 7372
339 4381
1112 3184
1290 1076
149 228
4019 1915
860 7798
7200 2509
3308 6432
6548 6392
4854 7636
7568 2387
6043 4318
516 3729
5298 1818
5057 5907
7506 2708
6552 6122
6477 257
2804 4860
3343 5644
7358 3273
7303 7091
4536 3455
4683 2381
3057 5298
72 7549
1596 6894
3536 5900
7772 4832
1080 5423
5210 6175
7598 355
6713 3991
1772 3173
2775 3524
39 996
4561 7279
1302 6787
3847 3480
23 4923
4142 6075
2436 5805
1951 3463
1158 7237
3503 3657
695 678
6448 564
5192 7299
500 2981
214 3901
2943 3386
7696 1376
4357 3440
5176 3572
7577 4828
5750 5467
6501 1949
423 6740
3034 3849
2125 3947
6987 2151
6333 6530
6704 2091
2673 7029
4019 870
5823 5292
2855 5174
1060 4006
7278 6150
7672 2268
5090 1940
7590 2134
4705 1754
7563 3721
3944 4259
6825 2211
7256 405
2866 6462
2740 7206
4910 413
7489 6143
6041 1004
1983 2794
2217 4859
1515 6309
6270 3932
6180 2896
6143 5407
231 1459
3023 6049
1489 3700
485 1032
4506 1245
2777 278
4937 5103
2593 3679
1788 7079
5172 2532
2356 6691
1103 4809
3262 6463
83 4751
2888 2207
6339 3967
1192 5651
6090 3361
4118 4234
2855 5589
664 3319
790 3818
321 3657
6385 2654
5830 1618
5788 312
2258 2420
5691 6554
7609 3965
2009 742
720 5338
5675 3178
6825 4131
2207 1249
5223 1378
2232 7001
4379 1995
4612 3396
2339 6708
5259 5607
6631 4847
6789 1449
7272 4736
3955 4409
751 1246
521 6195
950 3155
2324 5517
5212 3171
6281 1621
3757 3948
4831 6312
6366 134
1512 7543
5842 44
6775 6004
2567 1
5742 4669
6713 4779
4828 1584
2136 3304
1811 4035
1927 6359
304 5504
3642 5918
7525 3429
317 7473
1591 6377
5712 7223
7675 1194
7362 3114
1744 1772
6111 4593
241 652
3575 8
258 6766
1057 1235
134 2479
2945 5880
998 4677
6395 4375
6079 5387
7273 2148
3885 5791
1698 1163
7201 4859
1511 5899
3908 4398
3183 1973
5976 5277
5022 1502
7453 1847
6807 4073
3915 6320
646 4634
466 7003
4745 1549
5881 2493
2714 4620
4108 873
6536 3105
7573 1955
1082 6490
587 703
1979 7391
284 6027
6785 1972
6949 7685
4308 1026
5220 4462
468 5687
6821 4919
7729 3812
7770 7056
2718 5756
6995 268
7691 120
6248 2796
4578 5544
7206 4065
5535 419
3554 4004
4054 3026
1811 2834
5151 2065
7336 4804
7735 924
4783 4844
7200 3876
395 3213
1201 1421
4790 2562
1186 283
2446 4123
6965 5704
3589 2482
7147 3337
4177 4919
443 825
6071 5943
6377 349
4138 1705
6333 7487
4550 5716
4645 7120
1311 5338
6936 294
5647 2840
5952 284
7378 2317
3448 7751
3406 3202
4103 5529
2447 3694
5136 5771
5075 870
5656 5620
5640 4563
324 2113
4665 3688
6620 7285
1020 405
2788 7096
4561 6817
1687 7708
1669 6132
4416 443
7632 4013
3808 705
6379 6231
1833 4337
1791 1292
1467 1313
2665 7156
7261 3427
4889 7685
2075 5649
5441 2320
2655 3083
2600 1863
7682 5350
5573 1028
2457 3345
3131 4318
5723 6326
6323 2632
289 402
4189 1270
4095 3510
3895 6311
852 7834
2718 6794
6304 4656
2907 5293
5020 3721
541 47
7730 1907
3698 3394
3794 5722
4455 4885
5165 5941
6394 1805
5 1266
3781 3256
6491 5376
7572 7226
7831 4506
2978 1866
5532 4100
2407 129
679 2843
5729 2062
7418 7630
4386 3441
5011 168
1914 1198
5305 665
110 3317
1300 2174
4448 1647
2960 5588
6274 2957
1006 6306
5860 316
4723 3657
6021 4992
1000 1037
5711 6201
7626 7457
7097 3953
1385 2129
6753 3812
3575 397
4533 3162
2944 3155
1518 473
3265 1205
4135 6639
6893 1421
2931 5805
4944 4056
424 5172
4421 5403
1971 6161
4044 2268
217 1320
6408 5832
6273 4714
3741 7048
7769 6709
3616 6618
4600 629
6298 372
2337 7242
1863 844
4739 6949
21 5258
4567 5499
7464 6762
4067 2716
7825 7082
1777 4004
6352 3152
1707 2121
2703 7647
2487 6079
7610 900
5433 7534
2850 6644
9 3659
5633 6916
3519 3145
4004 7177
2441 5410
1593 263
4844 1803
6708 2578
7597 7783
5692 230
2792 3170
4386 2822
7078 764
418 3441
736 2518
5541 2211
7165 723
1366 1990
1858 421
5280 2519
6333 1992
650 7549
5172 6854
1494 1537
1690 1178
3240 672
2264 2243
5019 5531
1603 7414
1609 5461
7176 3139
3896 2956
2258 2633
3569 2748
1042 5937
7736 359
3 4595
5952 4431
5141 6145
7710 7487
2583 1865
4400 4994
7104 2458
4249 393
631 3864
4305 627
5757 1551
1699 7056
1125 2343
2175 2704
1191 5502
561 7351
6716 1577
5903 6127
1375 7836
2241 5941
6518 1823
4585 4006
4910 6656
6234 1793
4105 4009
4507 782
5171 2376
1433 104
2429 2395
4005 4376
1789 7391
6061 3652
4245 2774
1749 546
5716 5195
2255 4337
202 6426
5341 1954
7784 4748
1192 3641
907 538
7585 4075
7611 5978
2312 1349
1032 4460
500 4068
6591 2196
5328 6600
1699 5652
4588 310
7777 2635
6313 2439
3405 4230
2331 27
3108 3610
654 3120
439 7194
2537 6523
3249 5342
1610 5610
273 6523
7376 2781
382 5267
592 4284
3005 2243
781 3788
3986 1399
226 3880
1378 6268
2402 4331
340 6572
307 6541
4326 4620
2509 5734
1637 6792
2220 2554
2358 5427
7647 5698
5433 7205
1197 1774
1411 781
4639 2374
2196 1265
4862 6529
7214 5293
328 6807
4756 1592
1786 3195
7560 1252
5485 3802
3395 1192
4383 6080
5428 3306
6990 3548
4844 1863
3087 5081
6169 4497
7541 2724
7559 932
2658 5457
2088 7112
5559 4014
4684 3197
3342 6098
3238 3622
500 6541
2673 2587
2512 4254
1344 238
3051 7460
5599 3966
3317 1682
6752 3739
6021 1188
1298 257
5916 1194
1737 4855
7020 7475
4954 6631
3717 432
7798 639
7261 1765
193 1870
7767 4466
629 4040
1408 2247
6162 144
2160 6450
2927 4045
6424 6031
361 5002
1004 4541
3755 7494
5721 1115
7479 3015
2024 7616
7587 4264
2445 7829
1046 3443
4003 7681
3258 2652
7747 5798
1263 6474
3733 4465
2626 7483
2827 2932
4784 577
4798 7621
4256 7198
5356 1037
7683 6912
634 1529
3601 1305
2309 5227
1417 129
138 7426
7557 2113
6080 3975
196 1921
1057 2854
1009 6345
2735 2330
1667 6942
3047 5824
2269 351
6496 1923
391 7640
7687 3962
4044 4754
6732 6290
4723 3196
4258 1114
6033 2082
6047 2850
4604 6903
4027 610
6793 5569
6854 243
2152 6908
5158 415
314 3975
3769 6480
4304 1525
958 880
527 6335
1652 2250
876 4264
6073 841
2063 208
5189 4828
6414 1440
2865 5869
4507 5633
5746 5941
1799 3762
7409 1080
4065 983
1440 6896
4364 493
1445 2895
236 3971
6442 2400
5875 7304
702 76
4787 3913
2586 5488
6424 343
3580 6277
3480 589
3065 3360
4945 7554
6169 3425
7729 6223
4130 2971
428 5533
849 7710
5710 1068
120 6247
5532 1919
7547 3801
6506 6669
7256 1701
2658 2950
505 6938
6735 3495
5893 1578
7243 7727
7228 1941
6847 142
984 1563
5133 2208
2651 4550
1302 4171
7547 5043
505 7711
2264 4772
721 4134
1921 986
1348 3157
1124 500
7639 1507
5010 2608
5620 1311
6712 287
3284 4904
1653 5672
1179 5215
1657 5480
3133 2386
1844 6337
2737 7566
874 3921
2019 882
5760 1957
4805 5943
6080 5712
1183 7440
1733 1548
4864 5242
5728 562
3301 6156
7829 3699
794 1896
5863 1531
6814 1701
2555 7155
764 3583
2599 4438
5575 4113
3616 3048
860 5239
1802 3895
6248 5775
2428 5140
7624 4859
5229 5230
3712 2284
652 7527
4883 259
6603 7216
2637 5930
6453 959
6844 3385
4558 1867
2028 7450
343 5019
1667 5965
4693 2121
4381 7617
4229 1267
3244 7056
878 6641
2448 1840
583 6841
2758 2899
43 1987
4704 1066
297 1048
4927 1488
3959 4680
7380 2249
2372 198
402 637
7403 2187
3632 7268
5772 7137
640 7825
2019 3321
3148 250
773 1091
5100 5178
2278 5243
1670 4845
1063 7251
1841 3427
5 6725
7298 4273
8 1920
2260 7581
3437 2637
4277 2337
6621 7045
3573 3496
2428 4618
2876 3171
5779 3871
2247 7208
3143 7360
80 1336
3776 5071
160 1723
142 3733
6887 4299
1311 5250
1422 2289
5115 3651
6339 7589
2030 5099
2024 3293
481 6905
1187 6000
2532 1769
6749 5751
3119 5095
1622 574
6753 3195
2212 4520
5397 3163
6178 2625
3373 3863
6094 6321
2112 5218
2261 7054
7081 6467
659 3143
5771 1342
7433 2094
3736 861
2022 6492
6011 3399
1032 3928
1759 1985
4183 2614
2480 6871
7509 6095
3035 4924
4737 2039
6316 4880
5244 6406
5102 915
1117 6481
3038 5676
1300 2706
6178 6914
1764 5833
5048 6299
4016 651
3483 2178
2631 2541
2657 3518
5200 1457
1312 5726
6283 842
667 3884
6420 6872
5870 3180
2652 6418
6337 482
760 3323
5248 2487
1091 3442
1703 1032
1567 566
2352 5141
3247 2927
2836 5725
3164 1605
5635 5389
6235 2741
6358 6336
7259 3672
340 1216
6484 3340
6069 112
1050 5571
4249 2836
7628 4558
4288 7821
4142 4007
3362 1477
1111 5411
5263 6479
4951 1423
1054 5539
1712 1980
3703 4231
5987 4047
3882 945
4780 3078
5952 395
1353 1335
1438 2181
6977 6859
2609 6716
7440 4042
5929 618
4062 4246
3832 433
3714 4461
4779 6400
1735 88
6650 2109
2245 6021
4111 5190
1627 6976
2223 4299
7173 1896
3617 5320
7011 5389
3271 1706
7815 6468
5542 194
2706 4319
6686 4500
7130 5616
5430 7710
5440 4058
6254 175
1123 1680
5870 990
5087 6637
2926 6070
2272 4652
963 4152
3597 4637
3930 808
3275 5297
1009 508
2828 7768
1370 3966
3591 5819
3143 5735
6358 1448
5576 2463
2820 4648
6078 7208
7330 3098
5896 5429
7076 7796
908 4107
2637 4720
4794 1624
441 4827
3237 6485
6578 3298
6822 517
1894 7315
3333 115
1413 6477
319 5106
3712 7121
2114 5662
5709 92
7544 2917
2458 7203
7439 5811
6003 4463
2025 2973
6070 3312
5235 2807
3636 2488
6260 3384
7699 2343
3182 6771
5217 6499
5250 6724
781 2464
1309 7307
6944 328
7103 7362
1896 559
6112 1988
4927 3226
5091 2143
2936 2988
5949 6377
1903 3930
4381 727
4573 7345
2042 3056
7072 3682
6953 3291
468 1553
1460 7024
6113 544
992 1978
1261 3507
764 6560
1491 2293
3259 5979
2526 6295
4607 5
3477 5692
6828 6563
3963 3290
3398 3771
3050 4286
3494 6697
6090 5840
1799 7688
2071 5764
5448 4853
353 4174
6915 5790
7459 6698
39 6393
4892 1983
3611 6532
6362 643
3529 6922
1610 2714
3830 3809
3252 7812
2052 5570
3211 4888
5148 5088
155 4072
6337 1584
6416 3398
1504 5697
4093 6018
334 4109
4597 6814
6961 1477
5723 1602
3836 4692
3384 62
1863 6646
4903 907
5646 4039
5227 3752
6746 3385
4872 1270
6972 2048
7418 6654
731 2534
2339 1569
1314 2754
4998 4648
6865 6965
149 6398
920 2421
5888 486
4068 1897
7261 7170
2135 4777
1443 842
3240 773
7476 2790
4701 5088
3286 4339
5940 3350
6143 419
1673 4136
4486 3328
5351 4409
3006 35
3098 6615
2488 5417
394 5136
2715 3445
3588 1600
5913 4225
3759 1016
5212 7294
6211 5616
4296 5862
1884 5481
6368 7378
5439 3214
7469 1186
5947 1244
212 4752
3105 2636
974 969
1769 5941
6894 6398
1549 5085
7181 62
7792 6722
4323 7344
5809 2694
1644 168
1268 6838
5912 7299
6847 4860
1665 2668
920 6512
7380 5878
4851 4454
35 4008
303 6161
6766 1009
2550 1385
4689 6769
2017 2764
5428 5538
6208 2725
6127 2937
6284 5304
6786 4425
22 6240
2764 1600
7500 5057
7634 4949
5138 4078
2108 2191
325 4864
2093 5806
6214 3904
2640 1099
3268 3261
6623 6477
1263 6425
761 2206
2712 1897
6287 4451
3346 7214
636 4291
3378 7167
7524 2152
615 5630
2853 7580
2064 6212
680 245
6 862
7164 4456
2537 414
5777 126
553 2772
3663 922
4787 229
5327 2343
6596 5345
5130 6023
316 3137
4337 4570
248 887
898 5516
3472 4131
656 3193
5958 4361
6902 6407
3317 4278
2336 1557
4693 3493
5157 4018
4611 6507
7422 2017
3209 2805
7393 4082
3434 3993
303 2452
3736 840
6488 1267
3467 6816
5367 5780
6236 7443
6136 5730
7541 822
636 5357
4510 2453
6641 6646
7278 4575
2467 5113
6063 3546
2674 5385
5061 1029
3611 2459
4366 4054
6803 7604
3892 4903
846 5041
5551 4926
956 1193
6064 5261
2878 1335
196 967
7489 3689
2122 4514
3219 3136
3141 6956
7437 5643
2136 1403
5130 943
6476 2096
4368 4894
5586 5183
1294 522
7192 1701
518 213
6435 3283
2225 4501
244 1811
6550 7353
3938 1624
6819 5056
2587 3027
7629 3779
4687 175
6313 1271
7524 3101
5203 1108
5207 237
19 4790
1548 4428
2592 12
1331 4529
6875 2405
7139 5045
6696 1989
299 4767
6281 5764
7134 1383
1613 470
5862 753
7269 2856
120 5050
4960 7781
7261 3601
5211 7657
643 4680
4009 4716
2951 2552
7369 3419
5468 6611
5999 801
5489 6340
4211 4545
2096 3523
2616 1962
878 2891
7235 5547
7004 5205
3493 4204
4624 69
6009 5772
4579 2942
2994 294
106 2849
747 6311
2536 7227
2747 2492
4347 3654
2865 7175
610 5022
1213 5265
3914 2401
5303 4748
7195 3121
854 1005
6597 2358
6686 7065
5835 5809
3551 7094
38 7048
270 2877
5929 4325
4101 997
4880 165
3517 6112
5414 7732
4 777
660 4630
5486 6003
1396 2366
3079 4631
2124 3120
7124 5735
3163 3789
160 6273
615 7582
1235 3672
5748 1873
1959 7446
3148 5102
3479 3933
3503 4179
1173 3488
5444 7048
7682 1825
4327 6355
4683 117
7023 2403
1470 7614
6836 2194
5953 5384
5014 2112
623 4089
5974 137
5119 5828
3030 1852
6128 7007
2360 2228
2658 4277
1119 2130
2381 7268
3087 152
4772 6261
2573 4967
3251 2307
2303 5305
1366 1949
7506 716
2627 3431
2057 3635
3608 6964
6801 6258
5801 3005
650 485
2561 7107
4262 4861
3194 2867
5489 4564
6510 3059
3870 7316
5891 6798
4561 5721
6861 2563
4379 2978
1347 6021
2408 3431
7355 5994
6955 7059
2689 4795
3624 4810
7487 3430
2378 7478
6731 3602
17 7261
6477 6753
2863 7784
4633 7717
35 740
2326 7157
1077 638
10 3480
6647 6615
5054 3575
5017 2328
5762 6087
1735 3513
5598 8
7337 626
2382 1002
3952 6142
2200 7626
4678 270
3997 3060
6511 7513
1352 4251
6529 4836
6667 6131
969 3182
2237 3836
1582 4690
1660 6794
1174 5754
6065 2645
541 3868
6793 3423
1099 6039
4321 6218
3510 7224
5663 3529
1784 3108
7460 3082
6528 5919
460 3451
1039 5275
1669 3146
7756 94
7496 5654
1095 7000
248 6141
4255 6011
3167 6433
3501 7245
1347 2022
7557 836
7405 2687
2929 1092
5061 2259
1859 6946
1360 2720
7637 2792
3757 2555
3994 2681
7234 4700
229 1490
605 6179
3193 5734
6036 5325
1811 5030
6117 647
2949 1981
6961 3670
6711 2069
3082 1684
544 5087
4888 857
5970 6986
1674 4742
5564 2067
1654 7796
6469 4872
3984 1901
283 4837
6106 4509
7832 5073
5880 353
4217 4090
6778 7632
5704 7158
4519 7274
949 4469
5573 7032
998 7780
924 762
2443 6387
1204 1332
6289 7615
6852 7384
5978 243
1878 1908
4030 5013
5753 1069
1425 3016
2870 82
3839 7315
6874 6265
6470 546
7710 5086
4810 5973
1794 4066
5883 821
272 6056
5993 6135
4292 3343
5489 5904
1871 1954
1536 7525
1165 3331
476 7634
6200 4297
6656 7754
73 6308
2779 5068
3278 2559
153 151
1544 3740
1381 7408
6028 6172
2740 5727
6087 1598
147 1683
6237 440
5679 2597
5291 64
2443 2536
3686 516
4096 7121
6699 1493
4350 6262
3861 1653
6343 89
1852 1391
7567 1620
384 6168
2327 5707
2222 3903
7178 6148
4752 573
3453 1506
1182 3565
1628 3432
5012 853
4641 796
5539 4786
5917 1359
2493 1648
468 5979
6582 4976
3066 397
5732 6483
1345 14
4398 188
4615 1938
4281 920
4247 1001
3474 4331
3463 4409
7523 3310
4441 1324
1587 245
919 7676
6391 4861
1250 3077
7178 3253
5702 1027
900 2316
1079 3257
7137 4584
5903 654
4078 577
5909 4204
2518 3422
1355 7440
4883 296
3624 5801
5570 5143
251 670
2475 2453
357 7697
4729 730
5510 2154
4802 5965
1604 702
6716 5173
2149 5496
5044 5431
6272 6478
853 2182
7822 3732
6226 7161
867 2233
1985 5513
1514 5754
7311 2743
220 6047
1005 6497
7410 3144
81 2243
72 4769
7431 5449
523 3096
782 7011
7700 6517
4883 6351
7218 2761
6458 4354
5048 3170
5875 2477
1316 922
1831 1610
2570 4197
5209 5327
7172 6716
4461 2524
7209 1656
2386 5998
621 6738
6942 446
7627 1597
4767 3970
3825 480
5184 6834
5611 176
4533 7581
6733 4464
2821 1731
3333 4712
7354 6159
3844 7522
6455 4524
4661 464
3529 3106
5149 7173
6614 3404
3368 6504
542 546
767 841
5380 7501
7696 1605
1171 607
1802 2869
6905 5695
1485 3616
6741 552
6448 5525
5525 4589
1315 2083
3751 5470
3005 5282
2206 3848
2527 7198
474 7719
5550 3306
3068 6372
4051 347
7542 5020
193 6005
5677 846
3966 3071
7339 7253
2100 4424
5176 3836
3347 3386
3107 5467
5657 111
2481 3341
651 2402
982 5403
4740 6517
7576 2578
4641 5044
7347 601
541 3752
4911 4214
4587 1668
2433 4557
4438 3691
1375 5630
4005 7111
471 261
5007 514
283 3000
5696 5042
4242 1125
4206 4115
1278 1715
4759 7259
5281 2770
2772 3315
3916 5089
7633 7224
5671 5671
1286 114
4220 6922
7570 2088
7494 3630
3708 4918
5215 4167
2573 2398
1893 3367
526 2127
6250 7831
5273 2541
5414 6423
5966 1987
4765 5030
3964 615
2485 6007
5213 970
2541 4158
3674 1996
7566 7495
3824 3609
4699 2575
2623 691
6063 767
5842 1160
5104 1990
1636 5585
5724 2953
3883 4519
4498 4042
1867 2741
2654 2149
6758 7374
5437 4631
1769 1334
3592 1312
5797 1793
7805 493
319 6338
7833 4063
2954 4950
7276 228
1679 4986
1489 6114
1342 4299
5310 4934
5959 5915
7533 4388
3866 6104
2866 3077
6042 417
7204 5452
7684 5975
2670 6107
3243 7478
4730 7358
2595 3629
4957 7501
896 5580
1317 4780
8 5151
4998 5536
6251 651
180 6967
3214 4021
4572 5255
447 5157
1739 5794
3592 1338
2895 1768
5828 6776
4439 2459
4358 6955
2533 2958
433 7708
3984 2018
6841 2182
6177 3646
1932 4413
4285 2787
3814 657
742 1550
1921 4050
399 1020
3034 843
7167 1580
1985 3561
1269 6964
7340 4752
4253 2179
7096 5619
6352 1085
1000 4235
1403 1095
7072 4862
3731 995
2299 5711
2704 5020
220 1982
1526 1256
3429 5743
1915 7731
3862 5272
2639 4801
1653 6165
2525 3778
2966 7373
434 3486
2882 6103
2570 6345
4949 7491
5011 3917
493 6206
691 2673
7381 95
7008 5791
3105 1222
4742 6432
1811 7054
2616 1696
210 7070
4233 2746
5151 6350
4736 3734
4551 4260
7632 7246
7793 1791
7661 6226
2120 7491
3995 6548
946 4037
6229 4004
1656 4104
5801 7049
7055 584
4291 670
6612 6973
2636 6077
7819 3275
6806 1817
1539 7167
509 697
1453 2316
2548 2752
111 2893
6687 872
203 6658
4841 3487
2623 5844
5242 6045
2541 234
6343 958
6811 1304
7603 1285
7024 694
6299 5683
3937 7588
6492 2919
5914 2696
3401 1286
3547 807
4558 3664
2605 1252
7681 6824
7085 6448
7599 7096
1004 2105
2303 714
2077 3607
4684 1472
973 7215
4922 6354
6040 5655
3972 5652
1586 3230
6810 4631
1606 3193
3571 5436
5216 5679
2195 3843
1628 2417
2226 1395
4205 4524
6187 5654
813 7410
4031 1648
4025 7608
6077 3905
1574 3777
4284 3472
2120 6977
487 4997
5898 7719
6318 6202
5522 5927
1581 52
1558 293
7023 7281
5883 608
1107 3256
3637 1192
3859 3217
1993 825
4961 6362
7620 4394
5877 7565
3268 1575
1366 4759
3881 7507
5305 1208
4658 7411
2785 5724
1996 1552
7007 3804
2287 1642
6757 2413
7699 6419
3807 19
2397 6316
1185 2393
32 6214
4232 5556
246 7393
3009 494
3239 1215
2244 1308
3225 2154
5434 7184
5746 7281
1465 3347
3159 5541
1222 7649
3094 5323
650 3008
821 494
1651 7460
6969 6304
4960 2374
1597 575
1190 5225
3410 2419
6862 5747
583 2608
1772 1551
2712 5797
3691 765
5355 2375
440 7080
3825 3735
5856 6985
3371 6602
5177 175
5056 1815
975 5468
7833 5164
1740 211
1029 7271
7438 5208
5269 7488
6742 857
404 7110
6385 5152
2211 493
6086 4551
5713 1979
1327 865
699 1145
4818 2919
1498 2059
6055 2468
1872 6845
3499 7027
6559 2164
1959 5737
1424 231
3181 6138
2054 3125
4214 2721
3659 6403
4270 6738
5234 772
1579 1636
412 5976
24 5299
5070 1265
1810 947
1557 7697
4604 2789
2271 1592
1421 7165
1342 7644
5287 3209
5245 6676
4328 6565
5636 2507
6614 7521
6981 3439
148 280
1233 3146
698 1482
7610 4714
6121 3763
5529 237
3565 1552
922 2769
4439 7690
3073 1819
7057 6440
2373 6081
6295 5060
1639 1476
6841 3357
2584 1974
5300 7303
2109 2126
1813 4913
7038 6444
78 2076
2501 2372
7731 4677
2324 7438
4235 991
7179 3300
7193 5960
1858 3900
1234 4741
7537 1408
3587 7255
5875 4997
3412 2762
5611 4944
3989 791
7332 6232
4754 6182
6523 6091
2929 1124
1022 6093
721 2050
5867 17
3745 1181
4375 3092
2800 5975
3668 1859
3675 1382
2067 3043
5902 2069
1124 7272
2007 3464
6837 4210
6693 1922
1909 7263
5619 1226
4702 5208
998 5555
218 5726
3187 925
2482 2279
1934 2829
2232 681
5007 3757
1128 5342
4704 5897
5934 5568
2409 2019
6641 3537
4774 7353
884 5609
6731 2202
6811 2452
951 507
3242 331
2641 469
1503 2729
173 6395
4369 3648
6657 5479
4038 4650
7097 1297
1574 6922
393 7176
2746 6821
3067 5030
2306 4470
7045 941
4652 6810
4437 6067
818 5609
6571 3701
5874 6900
514 470
5104 2040
2046 306
221 5057
3755 6272
1904 7747
7093 3859
7275 1164
3901 6441
983 2322
6435 7569
2500 6539
2167 6163
6230 869
3932 1378
2006 4349
7504 5677
4053 7684
6747 2460
2386 1931
6292 4563
4034 7180
6413 4483
5667 5526
6444 5846
1192 1725
498 933
4702 6906
5147 4446
5853 4713
6411 382
5593 237
6277 7129
2634 589
6896 3090
854 3247
1064 454
570 79
7095 4760
3734 3284
107 5362
3779 7143
192 3430
1991 1420
7358 267
3187 634
173 5891
4918 382
7695 3542
1775 1220
2915 3662
6289 1957
5732 455
2306 2195
170 2090
5397 5941
7657 6005
5929 4622
5477 798
5812 6971
253 3889
6431 3103
1053 3485
1414 4499
7839 3286
537 938
5118 1774
5287 2754
3348 2618
5583 7475
2953 4301
2402 3641
190 5713
2557 964
4755 6817
702 2755
4322 670
1252 2274
10 1465
2013 7030
6124 921
3688 6306
7317 3693
6620 6729
2536 5542
7477 1900
5224 5271
3293 1462
1416 7615
520 3065
4421 1234
536 458
589 3040
1094 2075
6559 3317
2354 1162
1796 7640
5793 6271
1677 2584
6636 2968
1565 2209
878 157
5261 3484
7493 5078
4701 2091
718 3029
7785 1157
7183 3479
2885 76
2255 3773
1756 4910
1525 4746
4650 3330
4965 2187
63 74
38 7170
1207 3723
1679 6274
3628 7737
6676 4823
3662 5225
3601 22
189 7233
920 1266
2365 2201
2345 488
6944 4219
1086 2648
1981 53
2530 5229
7802 7073
6820 7138
1716 3733
6887 3810
2467 7466
7503 5913
1631 6122
5803 6689
1090 1572
7661 3405
4501 1784
3387 1938
2491 6378
1653 3526
2647 5623
3765 6613
3319 3178
5528 1471
7331 945
6136 5147
3975 2047
7751 6780
7763 4395
6832 3148
1817 1328
395 6346
5048 6082
6894 7815
6396 1309
5478 5774
7830 1136
2452 5191
905 6930
7343 1810
6288 4002
2968 1242
1002 2160
3923 3974
2891 2626
4357 2748
3888 3623
4266 4107
3955 2635
864 6254
6185 6264
7514 4090
360 2108
1556 1229
4812 2626
2273 6703
4569 3862
6728 5369
4567 2534
5819 4440
7441 5790
621 1179
5958 7724
6811 5191
6239 1584
22 913
7333 6626
2816 2162
6749 4390
6283 480
3800 6030
6697 3858
5511 3437
4090 5909
593 2053
5219 654
2045 2107
1053 5746
4042 2434
3524 3456
3886 103
3170 6304
4940 3282
3225 968
7274 487
5034 3079
3385 2310
1454 3904
4354 3853
2926 2899
4414 2800
487 3211
6612 560
6977 7075
7325 2076
6160 7070
5172 7535
4101 2197
1218 3106
1882 7363
5979 442
597 6167
1804 2509
5632 2731
1722 3752
1841 7702
3232 5703
1844 1972
6085 5047
954 5626
5770 1122
410 5024
1148 3967
3579 3074
299 6111
7109 7603
2683 4967
3143 66
706 540
572 3532
3047 842
7060 7289
6347 6387
7001 973
3564 7513
6515 7590
103 1947
6567 1193
1896 3306
5605 1596
5441 6422
5596 1387
2681 1135
7164 5064
2103 2011
656 5891
687 3591
4063 6549
6604 2917
721 3017
7392 5985
3373 3691
1072 2523
2317 4657
6445 7405
703 1546
6325 3276
3866 2535
2069 6898
5001 7036
4145 6682
2509 898
3322 1307
646 3354
5725 1240
786 6257
7614 1254
6583 1289
1044 5912
3098 4501
7591 6784
2083 6067
1699 5550
2253 7074
6205 7430
2428 7816
3042 4399
829 2075
3933 141
7249 603
5053 681
6946 1077
3997 4085
4865 3896
4097 6816
385 4657
3023 264
7655 4893
6421 924
1444 3329
1291 6016
5704 4837
3113 4985
2359 1173
1109 2411
