221 652 25
5237 18387 1
7144 927 2
16422 17353 2
13937 17334 2
15915 1614 2
16697 12016 2
8448 12467 2
11591 7500 2
10215 16148 2
8700 4840 2
14039 13542 2
2083 2673 2
256 12576 2
3299 4803 2
1180 5758 2
16946 9285 2
18971 12926 2
5119 861 2
7757 8595 2
7028 16135 2
1811 18785 2
4462 6689 2
7377 3015 2
18666 19279 2
5139 10122 2
1908 14642 2
10042 1353 2
2315 8632 2
12083 11162 2
4625 12616 2
8348 17575 2
19353 17362 2
13745 9580 2
19348 9197 2
10858 5676 2
26 8571 2
305 644 2
5966 14276 2
11551 2953 2
9837 18919 2
14678 7669 2
6543 6119 2
8856 10413 2
13649 2329 2
3331 17373 2
16530 19404 2
13063 5548 2
17440 15176 2
19469 2124 3
17918 5438 3
12280 99 3
15225 4987 3
15118 15720 3
3979 14554 3
11815 14580 3
17821 1045 3
16587 7033 3
9249 7115 3
2161 11303 3
18819 7324 3
2937 803 3
5336 2994 3
12908 19071 3
8120 14512 3
16573 3430 3
11957 16993 3
810 16982 3
14779 11414 4
10444 9343 4
6643 11786 4
11075 12840 4
16004 13871 4
210 2698 4
3579 19355 4
7339 19397 4
14250 128 4
129 10435 4
19134 11078 4
19370 4232 4
14707 19142 4
19424 303 4
9371 2964 4
5197 16234 5
19243 15151 5
141 14301 5
2845 12971 5
8891 125 5
230 4432 5
6216 4406 5
6098 8238 5
3950 8435 5
10099 14323 5
10362 11122 5
12822 3981 5
2772 6632 5
101 19321 6
3667 2862 6
12141 9210 6
3417 10330 6
19478 5877 6
6957 9993 6
11437 19435 6
2327 16066 6
16440 120 6
17905 2678 6
14934 3260 6
6383 17519 7
17986 17809 7
13194 7714 7
8503 15928 7
5037 5303 7
10473 3935 7
8093 6112 7
612 7166 7
17631 13566 7
15467 8805 7
1599 1127 8
13849 15094 8
15982 10429 8
18126 8577 8
18147 10101 8
9109 8742 8
17932 16472 8
12461 12979 8
12233 1416 8
10548 17764 9
13404 11660 9
17999 11878 9
7128 13076 9
8272 1920 9
10321 7960 9
1897 4708 9
1971 9909 9
14467 6132 10
7268 7140 10
7459 4515 10
12896 15890 10
924 15437 10
16545 5339 10
3791 16061 10
14941 14454 10
1671 12572 10
15098 17676 11
6264 1938 11
16159 15063 11
5408 11518 11
5022 7815 11
6163 200 11
13902 4695 11
11804 6320 12
10768 2 12
6111 19176 12
17087 10744 12
16890 2190 12
18059 4212 12
8690 18825 12
682 18174 13
4812 19421 13
4303 11316 13
12624 17955 13
4047 1474 13
4208 4028 13
15513 12677 13
1525 7882 14
17930 6533 14
9763 5125 14
13861 18408 14
17174 18549 14
9209 11424 14
9207 14906 14
6902 14788 15
12772 10269 15
5001 15035 15
7647 11182 15
4581 17507 15
7280 18262 15
13306 729 16
9996 12648 16
13815 3490 16
18896 3279 16
1923 17106 16
2713 3774 16
9427 17250 16
1237 13699 17
4802 13656 17
16630 8207 17
11373 4739 17
19449 18401 17
5962 13011 17
4280 157 18
8804 13733 18
129 5543 18
5143 1977 18
5410 6246 18
4114 9529 19
11729 15706 19
14716 9860 19
7580 9 19
3078 14051 19
1205 10866 19
16986 16133 20
6090 9489 20
18304 14401 20
2305 23 20
15919 2639 20
1166 3351 21
13408 6470 21
5973 7265 21
2976 11959 21
19486 12091 21
8972 1145 21
2521 5510 22
3787 18352 22
15654 6697 22
891 9753 22
17418 7523 22
15480 16744 23
11088 1669 23
3147 1834 23
7261 2019 23
3063 9384 23
2508 18149
11068 10165
12712 13901
7425 17251
5961 10675
12172 8206
18130 132
13754 16212
11631 18319
14289 12424
1820 6910
16322 4358
14340 1380
10983 8617
2930 7512
1050 50
975 11747
17150 12784
18875 15984
2 1711
8202 9730
12251 4914
18094 12777
8167 7331
7642 15495
10785 15201
902 2022
16879 1120
54 15966
15226 4105
12534 15034
6163 15840
15569 135
7369 5489
15688 18888
8303 3825
6292 3230
2617 15241
9861 180
11425 699
13969 8631
10596 2771
16804 14293
5373 3816
13601 10866
18745 5187
12958 2843
15047 2192
7588 12364
337 13460
7968 13660
4389 2442
3891 13022
3474 5844
18238 15291
10356 6771
18844 857
10018 10073
12028 3809
18964 13932
2676 19229
16136 11386
18915 10307
17326 291
13277 12774
7099 8101
9077 3706
17253 4633
4009 5235
17465 19265
12528 2173
1431 18019
1478 16261
3490 11419
15981 9649
3707 7041
1030 4375
15824 17809
15780 5749
11525 13766
10185 11931
17231 17652
13207 1730
9212 6057
10867 18772
39 17178
5954 1080
10920 11751
7480 3764
5656 17306
12465 7263
8006 16598
973 12884
12818 11031
10884 7281
12065 12359
8458 19526
17756 9368
9788 4224
741 8514
18372 1743
16014 15867
16924 13543
14979 847
17421 8623
9377 2260
15593 11840
14979 7039
204 6437
2070 1768
2151 13921
2871 10797
1824 19482
10375 16895
17966 11047
14020 19394
9671 8345
1769 11866
17659 3442
8627 2870
7225 14091
10645 13743
8344 8057
13932 7059
13815 5925
1895 6206
4608 3133
16651 9936
43 11446
9711 13462
5565 8654
1142 19127
2627 4449
7280 9248
8327 15246
8747 16844
2360 12254
13146 16550
5348 12628
15118 10799
15414 8076
18946 6458
6398 18527
14689 16324
11331 16657
14281 10368
12698 11944
19327 1467
13407 14253
4470 16826
4851 11886
257 7725
10267 19517
11823 9780
4525 16032
18909 8319
15837 3380
3988 6254
5979 12257
16313 13181
209 15051
17144 3877
4100 11992
18475 9419
6495 2611
8021 1298
11108 17451
14050 2893
5419 19
7020 11014
2730 2981
4245 18984
14098 14211
13201 4814
12435 6297
12225 5685
17142 5753
8958 7773
14477 4216
18548 2373
12608 8694
10157 15177
12750 9516
11735 5280
1246 5019
18267 13556
12251 19121
15226 15079
1256 9094
14306 15623
16266 952
2858 16469
17598 10385
13216 14864
10361 2013
17192 6666
1803 15378
6105 14895
17234 16906
6382 16835
5479 15634
4838 8988
8343 793
18894 16941
14572 17244
4936 4507
14841 13035
3930 13702
6505 7532
475 5049
18646 5797
9545 18223
15083 9399
8150 5067
6843 1482
7786 10320
4287 18031
3358 365
41 18347
9609 10799
16412 18392
11670 11572
14346 2340
16154 7559
9959 7412
8954 17622
4848 11054
11366 65
6547 13148
15943 19423
18081 15841
13444 5
2577 17069
3395 15073
17592 1616
9267 16386
5814 5684
18839 12052
2463 10371
5156 9473
13308 17166
12706 17148
18062 17085
19488 9931
18575 10889
11027 9560
5766 4803
16254 16452
9520 15778
1850 556
9967 17469
9219 628
9839 9014
15853 4717
6919 19011
7665 7813
11622 8199
9738 6406
11207 3722
8018 11763
2095 9347
1224 2616
18272 3638
9064 9877
7038 4907
13564 15658
6677 4117
6072 8948
14306 17991
16790 14867
6814 3540
12454 637
1958 13409
5216 6905
6626 5358
12157 17555
14989 5820
12365 4366
7683 18852
3149 2650
11607 1347
12903 42
6765 8673
16762 15492
10863 10696
13348 13377
13798 1445
10616 6149
3097 17982
18069 4797
3652 987
18232 7175
16052 8350
941 1238
19268 19106
6780 6830
19415 8497
30 3835
10847 14389
3645 4119
14301 16707
4720 1193
9349 1600
11507 15047
5356 19177
11923 10560
1361 16872
11860 13007
19530 15796
63 165
3446 3538
4002 17568
3987 10773
327 9828
7725 17867
11918 2396
18195 18537
3492 15603
2128 3655
6263 6813
15397 6244
9536 12178
689 17645
15176 7565
15018 13903
10646 12343
8664 6183
7126 11576
5097 17529
16988 19068
3438 7504
8514 11918
9823 868
17113 3311
7591 9741
14202 11155
2829 8253
12182 15489
15667 7275
19377 4904
4420 1881
19284 13497
14514 13940
8332 10598
16124 14382
14174 11737
2884 6116
13509 18757
17604 2112
8322 5591
8988 12523
17018 2797
5902 17819
17476 11667
19465 16308
14301 757
4695 18551
19518 11434
7964 17204
15140 10225
13608 10183
9429 13981
8830 10963
8291 4535
3164 6983
16335 8932
16103 12133
9834 16536
1156 7280
17233 12168
19255 5412
5914 18396
18782 3862
3585 16732
10931 4227
4559 15264
7451 6307
13402 3767
5830 2586
2484 7853
19508 7884
12454 2750
14939 1607
19535 3749
5429 14279
15646 18382
3920 7591
3470 8791
821 10329
6685 10610
76 17716
10501 1281
18945 14575
19521 6936
15388 16199
6357 14015
4503 5302
5313 13353
16660 7562
677 11019
2314 18624
5706 3492
4766 14202
14742 18447
4887 3808
2875 15810
10902 4758
13148 1199
9334 9203
8061 18319
18636 8835
19533 14188
18448 16504
11977 1797
13248 18022
19325 7375
19212 17885
7472 13546
8341 9258
6050 9937
10473 18418
5835 4141
8327 13349
13104 7003
17572 6024
5692 7653
1923 18347
10019 15663
6339 18005
9838 11561
19470 12694
11701 17761
10102 10620
12661 4739
4442 10753
13709 7683
10814 19393
14086 1818
14543 15171
1979 8337
8059 2768
14931 12026
9428 14509
9658 15115
10451 10195
7018 15582
6023 11668
17635 8018
7751 9148
2758 11238
11672 10945
14344 5502
5055 2451
11166 19082
1656 10962
18258 19017
1474 9491
18016 7745
3466 14638
14768 12458
14364 6822
18755 15565
8365 2461
4883 15538
13042 8781
1179 12509
14882 4573
14540 8188
12283 16346
16315 17781
355 1165
17759 13142
11831 16397
10257 712
17330 9852
11007 2669
10919 2179
3904 10188
6387 956
6971 16731
9626 5618
15756 1124
11120 18243
12353 6782
10907 8026
2405 14626
17179 5153
9977 18483
4372 19439
4495 14621
9085 18177
10138 13033
17543 18749
15562 13782
15572 9910
13606 13805
2436 2343
1642 4000
5250 466
11297 10738
16215 5081
12666 7949
7751 7104
2566 17730
4179 655
12748 18454
338 3405
10632 8394
4723 196
11359 4111
18252 738
18615 7981
4290 7259
5634 16342
7544 1677
11287 15764
5725 15161
14621 9257
5853 13470
5392 10936
18079 1450
1347 705
3195 4178
1361 8397
718 14085
2611 14279
15236 1160
8761 14658
6033 3754
2644 9859
13292 3232
1755 14095
10466 3373
4516 6022
12264 18182
18019 14118
13889 9040
16928 18228
7593 685
3561 17694
16110 18692
5154 1426
15457 10461
376 14690
16533 10717
3479 12280
11375 12254
14762 10515
15858 13159
13109 9272
6584 16328
177 16693
12186 3298
16460 6133
17281 14741
2750 12342
9035 6731
2632 1607
8027 12437
8223 6546
8704 13161
10414 9811
3498 8059
12001 635
4341 9162
8679 9447
4347 13456
11334 5879
1105 7850
14729 2671
10231 6007
16970 10186
18424 14819
17716 14751
4218 1040
7826 15023
2027 15778
10715 16682
2129 3181
13204 18399
17515 16433
16121 7161
1448 18637
6025 16367
13313 19287
5578 5221
1083 16310
2368 12774
6883 13401
10266 13683
11719 10229
934 6604
12605 1070
12328 7614
4028 16890
1155 17283
17780 9906
11790 12643
6517 19516
16208 3703
6422 1480
4061 15039
17564 17412
14776 4998
7506 14623
8730 3829
760 15994
10970 9192
6831 284
10916 13235
3464 13227
5296 4827
7016 5347
16313 10130
16978 12459
4499 13880
2198 10766
2657 9167
18798 4433
14121 12849
14661 16772
16316 7926
599 4125
8792 19209
11741 4858
3557 1786
19037 238
3212 18748
19303 6398
7264 2432
2310 13272
15269 17231
165 10965
5832 612
18291 5689
4999 18939
17354 18045
10485 17359
16017 8748
12586 16554
13852 11329
7640 14228
18866 12562
13118 9922
10455 11684
15256 8516
7398 8446
18378 4532
9302 12799
3319 12833
18290 5154
8523 8491
