30 72 20
13 234 1
91 15 2
145 318 2
264 165 2
337 293 2
80 352 2
204 134 2
9 58 2
310 144 3
58 0 3
152 16 3
32 120 4
239 213 4
351 35 5
205 254 5
286 81 6
59 215 7
153 154 7
339 353 8
249 34 9
125 82 9
122 126 10
248 317 11
243 109 12
205 65 13
114 221 14
188 303 15
48 70 16
303 310 17
325 238 18
305 12
93 267
248 247
327 67
216 328
247 357
4 184
162 67
163 353
336 0
30 160
50 313
15 353
140 252
195 188
95 145
296 202
359 235
83 194
113 39
234 161
46 257
93 96
91 318
11 320
347 108
1 285
55 39
11 94
272 265
195 10
109 173
118 333
301 119
242 82
211 32
336 178
55 139
223 303
316 345
139 57
122 14
145 219
168 196
275 230
178 129
218 226
255 2
72 26
200 99
0 207
114 277
286 30
264 341
292 356
94 224
345 323
10 4
216 4
35 331
228 186
333 22
331 90
188 334
177 15
343 198
269 111
304 231
29 218
213 85
139 34
131 179
