80 1155 128
1547 1669 1
33 86 2
1234 886 2
494 2478 2
1748 1858 2
27 1756 2
1317 2111 2
2170 2480 2
2371 614 3
1244 334 3
1979 1704 3
63 670 4
554 2055 4
357 523 5
1953 1189 5
2493 899 6
1643 1378 7
2295 1602 7
11 2450 8
1157 1446 9
2508 2355 9
1808 824 10
1449 126 11
781 2363 12
119 1322 13
2407 1855 14
838 647 15
1077 2542 16
1059 2022 17
1706 2337 18
286 2155 19
593 59 21
1317 1172 22
2413 259 23
1626 324 25
461 1511 26
571 1256 27
906 1551 29
348 794 30
1971 247 32
2114 2066 33
2280 1035 35
2516 1281 37
801 972 38
904 386 40
588 1767 42
1055 1057 44
0 332 46
1697 1134 48
1256 1780 50
2028 958 51
596 405 54
1456 2406 56
2338 18 58
132 1011 60
1935 2259 62
1944 631 64
1679 33 66
403 1038 69
1510 1911 71
362 1865 73
1170 41 76
599 724 78
873 1889 81
194 1596 83
2153 539 86
1227 2336 89
1761 2560 91
930 159 94
1461 884 97
2526 1514 99
37 2107 102
1971 1404 105
849 2109 108
1433 669 111
1689 2114 114
265 2458 117
1075 601 120
2308 2281 123
2486 2143 126
2094 35
390 231
958 1322
2184 279
1338 1572
672 1525
1415 1343
282 7
1628 549
2161 1267
1803 1540
128 2292
1979 2442
666 2207
1913 1951
2528 72
1782 430
2560 590
1638 762
1477 1064
1074 286
1001 857
2225 1866
2346 1430
1372 458
2113 703
652 2534
360 1346
2529 1741
55 1497
1821 137
2466 2541
1040 2303
2273 2108
800 1244
271 375
1110 2168
1513 2243
926 2431
771 819
411 2307
2090 1531
97 493
2557 324
2339 395
1089 1845
726 130
446 643
268 972
2341 2426
428 60
2014 503
2352 796
1109 1667
375 2030
668 270
694 587
2183 852
1463 1783
7 802
1361 790
354 1664
1825 2161
1304 46
684 2074
184 173
970 1183
2116 2362
755 1399
1802 2423
618 1938
1621 2487
2331 1258
282 1768
542 2328
2172 1652
1252 679
1827 270
855 1730
291 639
593 951
1808 615
1529 1515
2179 1146
575 1449
1831 1662
2435 1630
1200 528
1893 1820
1351 1030
454 1224
946 2557
218 1431
578 1069
63 1202
1652 1981
2443 1053
1979 2046
1543 1156
1871 1055
278 2295
122 283
430 906
1455 2110
1377 2510
1586 128
1389 295
1681 1508
2530 1962
544 508
694 1689
1272 1660
1658 1732
39 200
253 1877
1815 1341
2302 1787
288 1192
2145 156
1297 1928
2082 1076
2310 2004
2131 1809
981 549
1500 578
1257 2528
180 1105
1047 750
1316 1295
1410 2240
873 1126
116 1665
1970 120
673 1112
1299 202
1015 1419
1359 2008
1946 756
804 229
2027 2149
945 2
1650 1840
1089 939
2210 750
2525 1158
517 2172
833 44
2558 791
787 2029
2317 1141
1344 1455
254 2036
938 713
440 445
191 1950
2238 358
958 1729
1934 2131
1975 858
2552 428
2087 1186
745 456
369 364
1222 1087
1519 367
272 1313
224 1683
1656 420
1584 2093
1054 2419
2263 1362
737 1592
1643 655
1509 276
311 1575
1822 1235
1093 1226
2051 354
892 2295
1067 493
2086 1975
1645 1240
92 2395
75 386
1128 2342
1727 1360
2519 517
881 1268
142 1494
1584 2373
1552 939
1916 2372
318 1452
639 1321
2049 151
2230 19
1747 2261
1538 2161
1428 978
1656 1049
1198 1569
1616 2283
1810 1136
2431 13
1891 2053
2391 1171
2423 381
1003 102
1679 924
1457 1585
1538 2020
2277 99
2179 1539
1894 694
108 2049
847 320
1196 2455
501 31
784 2552
182 14
2144 2267
341 942
1172 1231
2487 731
2178 1397
1950 1507
424 1604
1276 509
783 1833
2053 2285
1232 2246
2199 992
51 972
1621 1118
382 1244
1145 1366
2106 2196
2223 612
754 708
1137 463
1766 1454
1131 383
202 853
171 2230
1214 2090
2030 1322
1613 201
511 1806
2186 2035
527 1169
2012 1608
753 1308
2339 884
163 1755
93 2528
2005 1879
1971 27
30 1297
702 1184
494 2385
1614 1922
2365 539
1330 1826
461 992
1653 1648
424 837
2083 1693
935 644
2381 1678
901 899
856 2187
1107 189
1216 1993
1807 1788
1968 1273
545 223
1629 871
1897 957
1724 1774
1616 2196
1795 1009
502 378
2257 942
2242 2277
2086 2455
1774 2351
134 1199
966 2097
177 617
524 747
243 2103
1029 1147
659 175
453 2063
173 434
1158 967
971 209
1902 388
2534 2235
273 453
1423 572
264 812
2239 1497
2106 888
1385 2361
1524 44
1899 461
2016 74
360 1726
1251 1209
2430 632
30 15
11 2330
1422 1644
901 1971
893 803
2105 637
951 479
327 2523
1390 1737
285 701
764 1175
2303 2213
685 1918
2422 1796
2343 1533
172 685
1215 179
92 1396
1862 1491
1951 986
898 264
2194 2382
1444 1924
1776 706
794 537
1061 997
1832 675
575 797
293 1069
2560 1232
2544 188
1202 1705
2560 120
2480 1995
1064 13
467 1851
2351 467
2403 1965
2114 1599
954 2289
1496 1127
206 1343
326 2193
303 1249
555 326
2474 59
258 1817
434 290
1262 2059
1244 278
1293 2381
71 1593
712 937
143 2461
1956 1076
2441 1371
637 2287
2251 2164
225 1738
1032 1299
2160 9
607 2118
441 1661
551 1878
458 1987
2362 1069
845 385
1117 1285
1435 1102
563 1388
304 1848
1716 1641
1143 2232
2020 1060
256 543
740 1761
2110 2307
1559 307
2511 2432
2114 1432
833 1595
1113 1497
1737 1257
965 1127
2530 1659
1509 1358
2219 548
2272 2352
2172 473
226 1495
1096 554
1895 1226
1559 2305
606 1851
894 610
888 1070
2315 723
2045 673
226 662
1874 2346
1008 1673
1543 2528
2155 800
295 1364
2066 1756
1954 172
1941 1989
686 1772
510 2230
1720 182
2053 1008
1984 2110
1339 1359
2535 2525
1779 278
223 248
187 346
962 2466
1167 630
702 1341
2359 1915
1562 178
825 695
2414 581
1745 1575
879 1770
2513 776
1356 1652
772 2158
2022 1173
1680 1600
231 2516
1651 153
2502 1777
906 61
83 1093
1264 625
1106 136
1048 1530
1251 815
138 161
1420 754
418 2105
217 1078
2037 2058
1664 2026
1824 2006
1968 939
929 1904
1330 755
1939 1367
1907 1620
16 1578
1141 589
611 1134
1578 1517
1181 891
1965 680
964 1853
2236 1907
1839 562
18 1057
1908 902
1896 119
1657 2325
277 1145
322 437
838 590
2309 1221
1905 1001
1841 2047
455 1302
269 901
529 1980
1072 1888
1527 1818
2382 23
2485 1836
1829 2090
126 1105
1853 516
852 130
2204 706
2337 296
1914 1282
2328 1737
71 72
1019 2387
1421 2438
2227 1423
457 2539
949 1475
1379 618
2272 2405
2033 2554
2504 688
92 202
2255 315
2084 935
1197 83
2442 2171
1913 50
1279 1477
167 1264
1071 2171
1109 0
1001 1876
1555 695
2559 1540
1222 596
1537 535
1983 772
2036 846
979 1237
892 561
733 1262
539 2374
833 1468
63 1144
2260 1750
1584 1948
885 723
2274 235
2202 1334
838 1192
784 24
355 2225
1597 1356
194 2191
1243 543
591 456
2 1711
994 1938
1536 2383
2102 1781
1729 126
2088 2112
919 2078
1441 2001
1138 1736
1127 1551
190 1504
1223 2128
319 1330
1627 2554
1477 2233
2339 220
1199 789
1716 57
1285 2092
346 326
1938 306
774 61
1420 1767
1832 2262
771 509
334 256
1758 1706
1631 2421
1685 1908
1368 2560
1597 1803
888 1184
1677 1434
2553 850
1804 734
275 2530
2316 1185
1322 1494
171 2558
217 98
1991 383
808 436
519 131
322 100
2464 561
2150 718
218 1021
873 173
2315 965
2078 722
1636 816
1704 99
908 2495
342 474
2108 1652
1264 146
749 1650
1998 821
2517 2121
591 599
1973 1029
1247 1010
401 408
2145 2303
328 2484
1068 1710
603 1607
251 58
35 2548
2307 2444
56 341
970 756
1054 240
76 425
669 2304
1296 1616
2383 687
1177 1285
563 2517
1744 1499
393 2364
1723 1223
1979 1151
2287 814
2548 2103
975 664
2300 1447
2497 86
1115 759
2010 440
1535 1037
2162 2384
1581 1638
2358 263
1980 1371
652 2423
2190 2445
831 515
468 1092
1932 1774
1178 1629
749 983
251 181
1237 1351
1034 1191
113 701
996 519
1589 2176
730 2340
844 910
1833 1630
976 1695
1694 209
977 1762
85 902
2215 1392
2074 112
2067 1652
250 2191
2394 2497
160 1300
2164 2224
1092 451
1019 1076
2451 1167
1310 2225
264 1507
1266 975
2276 1904
768 933
156 86
2048 597
2012 2196
1796 1502
1984 1809
922 452
13 2490
1056 460
2360 2486
2488 344
772 1034
665 978
97 1773
1490 623
2292 1534
200 1545
2463 219
2097 1327
2324 936
17 532
1616 999
1401 165
1345 1903
2155 2351
1951 2448
1233 2431
668 1353
1997 1314
1045 1330
1021 1386
337 135
302 346
1066 187
1706 537
557 253
2327 1032
53 1727
1147 918
812 1678
699 163
2300 1750
611 2396
280 2113
2247 513
101 2111
320 2262
1035 1789
648 2169
1280 654
2187 1569
565 722
416 2384
386 1564
549 1786
2280 1978
2151 1039
2035 1354
63 1649
102 112
682 1634
372 58
2179 2334
1125 1855
915 2144
443 393
1546 770
582 351
1436 1493
1913 1161
725 2004
2319 775
1261 1036
1175 2492
2173 310
908 1478
917 1334
2170 1006
2322 1109
758 105
347 2365
572 477
1447 842
440 1470
1007 8
610 2270
2551 2297
1745 1100
298 223
1565 1459
1217 2172
2111 1370
38 628
2415 2386
1715 1006
656 694
1066 2479
1304 1543
2306 49
1411 47
555 2239
2180 1320
2247 238
662 1302
602 626
44 1914
569 1100
552 1278
2210 1504
361 2170
1739 578
545 178
185 1686
1612 2339
2259 1123
1272 2004
1060 2087
2441 82
166 1337
850 233
1961 2335
340 1917
1447 2373
1765 883
202 2242
993 950
1636 715
937 2211
892 323
1551 884
2307 1473
1692 1997
1547 1350
735 885
1920 346
1632 1538
1080 806
2400 877
1204 19
1952 820
816 2087
882 2554
1579 27
2475 1281
1451 488
2371 76
1317 2373
810 1894
1746 1167
215 1857
554 2202
326 2062
511 66
499 1471
730 1717
942 1148
100 243
2557 616
740 641
2515 603
1340 11
1381 377
1439 1820
1016 69
2340 1499
1560 2484
610 1335
2104 1890
2229 448
2180 542
1571 2061
848 533
1814 976
81 362
1365 244
1621 1889
1436 2546
642 1008
2006 608
1047 106
1925 1845
1612 1091
2174 1345
2392 2539
289 2260
323 2389
2189 1106
480 2129
649 424
2517 2387
815 2114
735 431
642 872
913 2103
1964 887
977 459
1105 1711
2284 1953
257 2512
1591 522
1438 299
2039 1652
304 1960
2330 1698
2486 704
2483 1127
1934 462
2499 1606
428 807
2373 2305
319 725
2288 2234
1786 391
1835 708
2555 722
1940 592
779 232
2058 451
1202 1664
147 2415
1128 2415
1624 6
2331 2341
1654 447
1500 300
841 1096
2078 303
389 2103
1751 1759
171 2266
515 2495
1171 800
379 556
2444 2284
1347 2495
2410 1733
663 750
566 1929
1829 482
2405 1585
1239 1492
615 2478
1301 837
2482 1548
1420 112
530 1645
1753 133
2248 1178
2396 1391
2475 144
1310 1390
516 2358
1327 363
514 1674
1730 1716
2143 1536
1417 2348
516 1556
2461 1578
1665 111
175 1157
2081 1909
431 2500
2025 1862
2138 1325
1664 571
216 415
2105 1463
2184 235
832 425
962 1451
1276 2270
407 1325
2533 1066
1899 1903
774 842
1663 1811
682 1147
540 36
2189 1867
2416 2014
893 1441
1596 695
1397 2322
535 1862
1577 1161
1040 662
594 763
390 2445
1251 1611
1345 825
1361 2184
1837 2
2459 1827
72 1289
2097 1510
2012 1523
2467 365
2292 1185
187 2010
1501 1451
642 597
2402 1022
1671 2053
358 211
1281 691
1393 1683
2471 2165
1894 2015
823 1742
1551 381
1834 1131
1465 97
2064 518
1760 1540
2444 1898
597 702
1089 1094
2059 1294
488 2314
1382 2131
120 583
1778 2124
2003 698
1088 967
999 1123
126 1787
520 1413
325 174
2449 1751
1159 2118
986 1791
2101 779
933 27
2441 2310
1851 2331
477 1345
2401 2344
1500 1811
1714 29
1916 261
1810 785
944 1667
584 1530
1912 1477
939 1369
226 2403
837 1705
168 156
2331 982
601 1075
1054 1633
1522 841
2319 334
132 1048
108 2207
243 999
1308 390
2366 1694
410 667
2340 1200
1752 2424
2535 18
770 1195
1405 143
1095 910
1364 982
1317 28
2203 1693
413 2552
477 1687
698 1090
2481 1677
931 1055
344 1752
2296 1152
898 691
209 2103
291 662
795 2519
2422 2252
158 1203
581 2428
38 485
939 903
2369 734
627 1599
51 1602
151 1454
143 1612
157 2146
1108 90
597 882
1888 1547
2344 324
651 2039
618 2221
1552 980
2123 2396
1927 747
706 139
2537 1486
2377 1762
2422 1313
354 1547
532 1680
1450 51
938 70
1529 404
1551 1266
957 1831
2043 1811
1754 2384
2064 1181
878 1703
456 849
674 707
637 375
817 1655
1055 1694
1369 2400
2476 1456
167 2201
293 578
857 776
2015 1686
941 1524
481 589
1605 50
2422 541
1277 848
1086 11
2246 1612
1516 242
736 413
182 2505
293 2132
238 112
1290 384
2195 1266
374 1005
155 260
1077 208
2181 353
2292 949
832 2457
336 1050
545 2016
624 1089
2337 450
1682 285
619 959
664 1023
1027 1510
2529 1333
50 296
2340 1344
181 2166
2126 1238
1506 532
1884 1248
500 1772
866 2345
469 104
257 1745
1720 273
232 1937
824 536
2355 429
45 126
1138 2300
2082 1565
183 573
1308 1484
2552 943
922 1743
1862 2438
977 812
247 2554
2310 429
2213 1669
1926 811
2306 378
1329 303
