30 72 20
312 191 1
240 133 2
97 132 2
300 353 2
197 3 2
201 87 2
135 279 2
223 188 2
244 283 3
101 234 3
159 359 3
47 295 4
314 291 4
198 308 5
50 141 5
139 325 6
281 107 7
74 86 7
272 312 8
3 17 9
255 12 9
81 352 10
116 58 11
157 250 12
28 337 13
353 137 14
170 64 15
326 59 16
199 153 17
233 333 18
182 223
345 341
88 180
104 310
159 147
219 29
348 241
57 32
158 191
8 247
309 143
33 178
194 349
287 5
253 165
245 62
317 106
353 30
184 121
179 28
117 90
170 325
257 201
32 75
58 257
298 258
282 80
79 6
81 41
56 193
15 130
305 43
126 188
296 313
120 137
226 76
348 87
251 84
124 233
142 303
229 311
14 206
206 228
319 235
44 216
18 278
174 85
61 116
25 225
16 100
42 316
316 166
175 289
255 252
310 86
219 271
74 205
40 159
271 357
164 118
73 278
122 256
312 328
144 96
218 251
48 14
54 59
337 167
235 250
216 205
60 221
184 259
