120 3851 287
3204 4760 1
1536 5163 2
2330 891 2
234 4697 2
5618 5014 2
625 3636 2
701 3015 2
2774 2154 2
3674 2251 3
5722 3740 3
5483 2258 3
579 718 4
4321 2478 4
245 2365 5
1484 3357 5
4402 103 6
4135 1276 7
919 160 7
3115 4015 8
1581 4081 9
306 5312 9
2328 3816 10
5146 510 11
2555 131 12
3319 3251 13
4572 5681 14
4925 1815 15
1958 1363 16
5755 788 17
1069 5662 18
3336 5344 19
46 1040 21
3388 414 22
2260 5267 23
2660 1541 25
1755 5710 26
1260 1913 27
1865 2303 29
2361 2606 30
4496 3532 32
5637 1462 33
3640 1600 35
1475 871 37
3748 4375 38
5205 4243 40
4607 865 42
193 171 44
3898 3262 46
5597 2840 48
5607 5633 50
499 1471 51
4920 2379 54
4387 5036 56
5697 36 58
909 4410 60
3088 1135 62
4331 4393 64
23 4004 66
1989 320 69
2688 5739 71
1201 2521 73
2551 3140 76
4055 571 78
2653 4716 81
4002 5755 83
3221 2600 86
862 5130 89
4858 2997 91
4901 4689 94
5028 3691 97
4901 5254 99
5130 1111 102
2869 568 105
3826 5077 108
4256 1896 111
1926 4712 114
1055 1397 117
262 3268 120
693 2027 123
36 1855 126
4974 47 129
3690 3725 133
3564 887 136
1478 204 139
1923 2828 143
2138 1919 146
2847 3584 149
3147 1623 153
3782 193 156
1076 3960 160
4147 3902 163
2009 3414 167
566 4128 171
1335 4678 174
4749 4125 178
2749 5170 182
5341 3198 186
3959 2785 190
4312 3064 194
1180 3079 198
472 5702 201
1533 1360 206
4552 1490 210
5673 4395 214
5059 5641 218
2872 2814 222
1897 945 226
2114 4166 230
1736 1757 235
4075 4771 239
181 595 243
3338 4377 248
3473 5717 252
2754 4160 257
1017 589 261
3590 2696 266
3515 4046 271
4454 534 275
5002 1449 280
3855 1910 285
929 3398
25 5621
782 1048
2282 4563
133 3676
589 4852
5317 1663
3792 1236
2719 1095
2360 5632
1642 4531
1590 2740
4914 3370
1725 3699
3078 5685
5355 3636
4140 5461
2303 1555
1368 3818
151 1396
3063 61
4649 2747
5720 1109
3889 882
781 5496
3508 5014
1521 2195
4691 1170
5524 4020
1725 3
5563 1877
4562 4697
574 2320
5541 358
791 2612
3016 5325
222 2760
1275 4311
4670 1975
4759 4427
2523 505
5301 2516
5329 852
987 4702
5374 4672
10 5096
4095 2172
2036 10
1741 4943
4784 307
2790 2506
5289 5206
388 3827
1506 5486
4733 3760
3582 4715
2251 3112
574 4433
4452 2219
1292 1
3389 1808
3305 794
2353 1225
3786 615
1283 1249
884 1823
1303 4988
2520 1830
901 2288
5353 97
2018 624
3625 3235
3995 1682
3126 2903
5750 2109
3256 2165
3317 3721
2255 4923
2378 4285
5661 3327
1873 5378
2910 3079
5249 2091
2632 771
1088 5384
1690 3087
615 3328
3029 3338
2911 3834
3479 2452
4988 2772
4730 573
3051 1946
1151 2224
4007 3497
2266 2849
4332 2784
4231 318
382 2132
4303 1527
4747 5460
3025 761
331 1771
4290 5686
2506 5113
536 2589
3860 4624
2115 2602
540 5123
490 412
2542 5366
5232 4945
261 4185
1758 3395
3362 3486
1742 473
3242 5101
524 974
4538 3895
3040 2440
4199 962
138 2987
3737 5416
5758 2623
381 1155
1189 947
225 4417
4167 5157
4014 172
5745 4720
765 492
636 3905
925 3103
1128 3731
1423 526
2765 4454
5224 1413
5586 3114
179 858
5175 3951
3877 4034
4990 4979
948 1588
3380 134
371 3593
4378 5324
2508 2395
2836 284
4771 1488
2019 3817
4540 1775
3333 1117
4115 4308
55 1634
860 1315
302 5532
1769 1479
2282 48
5092 755
1501 1856
2545 4407
448 3158
4959 947
5516 5323
1884 4422
3946 5377
1344 1461
4620 2535
3589 2065
5023 252
3464 3038
2274 2178
5744 391
1938 1727
2257 3564
3672 1400
5755 3518
4883 2138
547 5518
835 2848
4284 3403
4727 5101
425 46
923 3675
3221 1333
3294 2785
3979 2333
5102 3033
4893 689
3342 1549
3726 3525
28 2492
3617 1805
3891 7
3664 437
3902 383
2698 3891
3010 2140
1664 4341
3292 4115
861 4183
3068 324
4148 2
5721 5361
4332 755
1852 732
1876 4207
1950 2070
1820 3903
5521 1654
1807 1160
549 1282
627 1786
2615 1328
2874 1674
5383 5730
3171 4512
986 939
4015 2551
3910 5588
1696 4722
4470 338
3819 3077
5220 3452
2163 756
652 5
1132 1145
2155 5591
4616 5256
3640 5145
4812 2822
1199 546
38 4266
4730 4822
4559 4223
5072 2204
1407 5718
5296 1913
1097 4536
521 2975
2394 2978
2548 968
2920 4548
1325 4487
3703 5593
2382 3337
5114 4565
2962 1491
5740 5167
4916 3889
2423 3971
2747 1902
5749 2409
954 1149
2723 2325
4347 3968
5712 1293
732 860
4862 3557
5556 2556
273 403
864 4850
4008 1436
2355 382
3102 946
2067 2934
5542 150
5395 4904
3056 4647
1953 4966
4397 3239
5188 2737
5473 2961
4762 59
280 3963
2383 1711
3468 4519
3129 3541
5546 638
4079 1852
3375 4822
4532 2927
2936 4260
300 4968
4474 986
5310 440
4531 5502
712 4580
2578 4564
5382 1105
5476 974
1815 234
5558 2048
5203 4743
3660 22
1526 3872
3852 2165
2531 2614
1457 4917
538 5345
2196 3931
4304 1089
4315 3688
4904 1315
3113 3173
1223 3474
3119 4305
133 4567
2218 245
333 1536
2733 51
5010 5485
1097 1666
5441 3886
290 1948
2059 5711
4314 1307
1288 3304
1463 4283
5587 4199
137 5007
2006 1133
2810 3400
303 1282
3056 1316
2756 672
5495 4377
4463 1933
3081 548
33 5374
4089 2973
1243 1636
5255 5593
2878 1164
1730 5239
5311 4479
100 3304
1074 254
112 1996
5109 5331
4953 1110
347 966
5444 3392
2190 3404
4551 2365
4026 4564
3451 2759
3894 2630
4742 5651
4710 2302
489 264
1504 4668
770 4390
4931 4403
1634 710
5142 2514
122 2233
5620 2316
4097 3266
3516 2257
2888 5478
4256 4542
2321 1914
82 1260
750 2377
1289 5199
1645 2343
1096 2877
3614 3038
5411 697
1736 2100
2193 2490
5401 1464
1043 2421
1112 1835
1333 4119
5139 1959
1416 1089
5102 3341
5041 3532
2373 4716
712 1418
3033 1728
360 4510
825 3514
905 694
2328 722
3838 1006
1601 2543
1245 2792
2415 2134
5565 1153
2590 2919
1607 1517
2190 2736
2681 3047
4708 4289
3864 3490
3430 2090
1659 5591
5286 2892
2773 1462
1603 5008
5008 2612
1884 5647
3916 1572
3272 5540
5313 2674
2916 5687
3859 1401
4845 5748
3454 5583
1487 2985
3260 1820
3888 3675
1694 2635
3580 187
1370 126
44 2901
457 4193
4766 5229
5005 4096
2909 2241
4718 4567
2242 5723
4272 4932
2872 5345
549 520
365 2968
731 1584
418 1859
2563 2068
3889 694
2587 4953
3359 633
3328 4606
3696 4879
3519 1028
1063 111
2029 5195
5600 853
4721 3149
2072 5501
4629 5024
5047 4383
3766 2888
4078 5020
2681 3334
1768 989
4504 2804
2732 3622
2561 1160
4705 2893
3384 2355
5595 3622
2757 5502
2815 4804
5640 3860
2359 4154
4814 902
4500 3732
2034 3217
126 5530
2816 149
2590 612
1053 2578
3337 2499
3810 1513
2062 4823
5123 1548
2078 1742
100 320
1743 4232
3840 5477
2427 3729
5394 5119
5403 3997
4839 180
3496 2614
5186 856
215 715
3454 1515
1307 2940
2342 5509
3346 4960
153 3943
1364 2515
4829 1631
4430 1285
483 3520
1158 1353
221 5732
2140 4503
243 1110
3537 3445
1821 3622
4474 4462
2910 4107
3392 4177
5688 2954
3655 1089
4246 4018
3146 4892
2099 4317
1934 3064
2048 1277
3724 866
46 4875
952 5025
2514 4267
2678 2065
2933 482
3996 2683
2384 5388
5661 4098
3757 2677
5390 3499
5225 1750
1301 623
5416 2789
2096 3677
4316 4144
4326 954
2062 2054
751 3324
4181 3633
2666 4307
2974 2689
198 2536
2721 2819
5520 5436
5659 5495
3766 2458
4412 2389
1094 5519
675 3750
5525 5132
4224 2358
3147 2205
6 760
561 2135
4028 954
1212 4095
5224 338
4481 212
4516 3385
854 3270
1689 863
4783 1942
343 5658
5118 5198
3825 4257
2824 1766
1829 3280
1325 272
2619 5088
3348 1314
3226 3505
491 847
3365 4713
1621 2443
4206 3532
3326 942
5747 5753
663 1675
294 577
4674 4666
1446 4062
5524 510
1256 2044
2867 4640
821 4534
2834 446
2757 3115
954 2723
3590 5516
2231 4037
5422 1997
2448 1294
4061 4055
3181 3835
2634 1755
1938 2565
444 4303
5227 22
5182 154
1174 5158
4779 410
821 4035
3972 2011
382 861
176 4254
3551 3713
5365 345
2976 3200
2476 1915
2840 723
1485 92
4147 1717
1 596
3234 438
4054 5210
2294 4466
2117 2402
2798 2729
2554 3428
560 1653
5731 5656
4511 4963
1647 420
2126 3025
5640 1967
3649 4241
1160 2031
154 1645
4097 3721
3955 2206
3044 4100
2637 3510
5016 3895
2285 1022
2729 5398
5471 3609
3675 4515
2737 4754
3909 5247
1414 4194
5343 3374
4739 211
3392 5098
4506 4298
2740 1292
947 4136
3794 1331
2653 1009
4656 944
5279 3836
678 5650
4685 3583
131 1891
4218 188
1172 2953
3496 739
2372 5144
2836 5064
4288 453
4884 2886
763 5618
4351 2187
5066 2723
3060 5441
3794 4515
697 2656
4852 4555
2802 2404
3220 2993
17 5262
5064 1347
2178 5069
4374 5582
4731 1811
3991 4340
2572 3026
5155 3157
3007 5603
5413 5375
2992 980
2380 4816
3710 3316
5334 2406
1942 440
1598 4705
1740 320
1618 5340
433 642
1052 5183
1051 4896
1258 3872
3520 3915
2969 5025
2410 1061
1794 833
694 5116
5400 1693
3268 4901
1961 5070
4211 413
5258 1020
1359 2669
4938 510
3302 5651
2462 234
127 3388
5431 2493
2122 4684
1562 4839
1415 4772
3579 1528
4463 681
1937 2702
2772 5594
2715 2941
3163 732
4615 82
2857 2167
1615 265
5227 453
808 1193
4543 3246
3200 5722
5164 2977
2650 438
4538 2108
1668 1223
114 1521
5237 2203
3500 4909
227 4552
786 1724
2460 1408
2785 5259
1946 185
2628 1877
5460 1215
5406 3710
2489 845
392 1646
256 2161
5637 2149
960 3250
913 5271
4105 5299
2083 433
2100 1407
3219 1566
4685 2085
2149 561
4628 392
1415 2209
3928 3437
186 2113
1543 2323
145 2449
2603 1485
1551 587
4666 4395
4185 2267
2495 1080
1023 485
2450 4988
5262 777
2927 4410
39 1547
5199 5238
510 2271
3753 3902
2214 4834
112 3507
4197 1148
22 4572
647 4768
3451 308
3273 4520
538 4587
1352 3611
639 352
3149 1815
306 1444
173 4871
3902 2399
3196 538
2377 2400
1964 3719
3707 666
4863 304
1908 1499
2924 3351
2130 2103
960 412
4356 4307
4190 3166
4354 4890
1430 1974
3138 1299
1357 2020
4496 5321
5087 628
260 3681
1542 3061
1886 3376
128 3228
302 5056
3453 3476
4626 4010
3252 4443
656 2846
2881 897
1039 3297
2842 3968
682 1868
637 1602
3891 4493
75 590
1506 4378
225 3469
1885 3119
3201 2505
1482 5692
5285 1347
2145 5143
459 2444
4609 1254
2260 4240
414 5027
840 732
4653 5700
2978 4595
4386 2942
1571 2118
1727 117
4518 4773
1666 2963
2709 267
3173 2702
5560 3837
2462 3165
219 3358
650 989
45 678
4157 2912
4762 2751
1151 317
78 2342
708 3969
1779 631
1184 4604
4609 753
4653 1787
1707 4095
1958 1877
3383 3937
4352 661
3919 4565
1903 3868
795 5218
1535 279
4177 3058
2652 3158
4152 1859
3780 4903
3487 4300
3998 5559
192 363
2355 2475
2952 920
1763 1225
4312 4745
4642 5353
1245 5356
327 251
3416 2941
517 8
4255 2977
3655 2656
1017 5111
2732 4667
4889 2792
1222 1499
3192 5442
4755 1588
4602 4120
1130 565
3956 4825
5519 4973
4477 1705
2874 5601
939 4236
3037 4764
5242 4108
2422 2533
3745 3249
5628 5110
3484 3659
4136 5614
3149 3432
1357 3147
2229 964
4734 5538
3814 2292
60 2745
5728 4259
5265 2825
1710 4604
5118 4449
3539 505
3293 4252
1450 2475
627 4703
3691 5482
3013 151
1335 1629
4232 4805
590 3256
1173 3199
4820 4810
790 2904
823 3351
253 5222
4955 5441
5007 5194
2443 4852
2871 2380
2831 988
4706 3870
2738 4383
3393 3657
321 3788
1687 1069
2393 571
5387 3783
1197 1079
5719 3081
3663 241
3706 365
1989 771
1182 1428
3560 3089
4930 5512
3025 1398
523 3804
1219 227
4684 1044
3530 372
2181 1370
2948 4880
5227 3709
851 5372
5657 4574
1942 1046
2438 1665
3746 3122
5636 2705
1405 5388
1382 582
5638 2578
1316 2117
3409 2634
3208 1774
581 5012
4586 1140
3578 54
5517 3774
4364 3575
198 1271
4479 2013
3121 4555
1730 2978
4710 4922
4304 5026
3245 2047
1384 4257
1319 1881
4375 3748
5633 1839
1470 10
393 219
3894 3844
4477 2722
794 598
3517 5586
3521 95
1923 1187
5050 836
1978 4832
642 545
5517 3423
4091 5669
1597 1980
4839 3387
443 3055
3389 929
4324 1728
980 259
1833 2796
3654 173
1848 79
2915 2453
2149 1696
1261 1107
2144 980
1606 5127
1943 2381
713 1506
5151 2063
5760 2294
4819 4101
4901 1515
4127 3571
4188 1445
5306 5338
4269 772
2659 353
1493 625
5401 4554
2217 333
1256 1378
5036 5374
3175 72
4180 2509
824 2392
1489 4985
4748 1663
187 928
3844 5265
4378 4803
2425 5640
3342 4080
4996 2062
5452 1843
2318 4377
4848 2935
1237 4481
1799 4974
2312 5122
5744 3307
759 962
4400 5718
5552 794
3504 1654
1835 5519
1783 3851
2810 4394
4206 5534
3110 5012
5274 4272
2961 3142
3031 506
2513 2529
3473 1776
115 1331
1241 2657
5010 997
2017 3108
3605 2326
2019 1871
3515 264
2065 2247
5447 5589
475 3599
2600 3680
914 779
3041 3411
5342 499
1860 141
2827 5403
3711 158
606 4379
4543 4343
3252 4632
2452 5457
1012 2648
3090 2020
2401 3108
3047 4441
1654 5464
751 3730
3469 514
5126 2263
4135 3830
732 5189
5018 2370
4566 2501
4183 2057
2566 4164
4513 2178
2515 3048
3094 5570
791 1549
4799 124
3215 3348
5017 2120
888 499
2079 589
182 3143
2779 2284
2755 1154
3578 2408
637 4063
1085 2066
933 2082
2885 2913
3392 2734
1180 1252
1882 4100
358 3961
308 2244
5058 1876
4781 2039
5708 3393
3608 3506
4440 2905
798 4888
3985 2493
776 304
2367 3773
3919 259
450 4490
1818 1049
2408 1447
2143 4356
676 4442
2361 818
169 5141
1152 5253
785 5325
5078 2838
4112 173
1389 2085
780 205
3992 2092
3664 3496
4130 5382
3229 745
4067 4186
2868 2650
3872 2851
1279 1813
2423 2346
4888 484
3677 4639
1280 173
5711 4041
810 2143
1093 3612
1254 76
5177 4108
195 1168
4814 3031
4547 2033
4567 147
1210 1778
2375 2676
250 646
1398 1605
3983 4694
5446 3537
3811 869
5169 1690
2741 4591
5303 2357
5717 4566
3051 4872
5131 5499
4995 1278
4788 3469
2225 5123
851 4922
3349 39
2741 1215
4860 2738
3906 1438
2581 4089
1738 2227
4096 5731
512 4377
2469 5513
4417 2986
5413 5429
4229 3685
2760 732
3834 3673
1354 5290
4925 1723
404 5689
1135 4110
4644 133
3507 4688
4303 1858
2429 322
3295 1339
832 412
2907 5191
2534 4946
2938 2809
2410 2784
1703 425
5071 4605
352 5400
4614 5090
3526 4097
636 643
1917 2496
4345 827
5275 356
3358 5616
3210 4664
4546 2656
4197 4293
1319 2268
1509 3690
5429 2232
4127 4192
3382 5029
4885 1099
1617 323
941 4744
3974 5625
66 788
4663 770
1725 5156
890 2552
1595 1224
2493 4401
1238 3311
1283 4864
2880 4896
65 192
4031 3225
29 5701
4969 4717
289 986
247 4604
3446 1161
600 1201
4770 3190
167 2039
4648 8
1635 1422
5090 3575
2611 2579
2633 3784
2614 4227
4888 2188
3744 3395
5517 3529
1858 5064
544 809
4874 2433
1583 2475
2291 852
1494 2555
825 273
4165 3753
114 1068
553 1067
3408 2455
2854 4421
5241 4175
1802 1348
1546 2439
1926 5408
1704 2172
4105 4733
4741 1245
2429 816
276 4357
5630 5192
4744 1009
1240 2091
5706 569
3069 231
282 2946
3358 2397
1315 3233
4040 3751
4380 714
1533 1016
5287 2969
5218 2347
5223 5281
2998 4042
2308 1611
4140 3291
354 4927
4741 1764
4956 4837
3638 5729
3345 2242
321 2574
1273 409
2955 3526
3757 4762
2823 2968
5285 730
2668 4835
3477 4649
1568 965
3123 407
1778 5456
4537 559
4101 4485
436 5341
2473 1587
2383 2877
4386 5662
4012 3165
2774 792
3495 3191
2951 4342
4665 4062
1056 4974
5525 4090
554 3077
2458 2196
177 5355
5370 1940
5243 5084
1488 928
4047 3291
2445 12
2064 3617
1705 4192
3565 1989
5356 5528
5496 4192
1723 816
4707 4628
4785 4047
4993 2509
4182 4359
4090 245
4330 180
387 2663
2735 5343
3315 5233
2451 2073
1195 3135
3353 3888
1579 1936
5501 1067
2894 4242
3751 1780
4199 5216
3443 2161
3154 241
2762 2011
4496 3323
5326 1533
1804 1779
1553 5695
3416 4106
1197 3929
953 823
4627 3696
144 2537
959 3345
3825 2669
530 2218
1790 1641
1441 1196
530 1766
5441 3279
4811 975
3179 2881
2714 876
1066 5335
2005 5293
3238 5176
2802 4972
1089 1988
3453 809
4842 238
2992 5686
3850 1220
1092 3430
5398 109
2896 1349
2669 229
4631 3591
972 1990
5239 509
464 4081
2065 2362
660 5370
1643 818
544 4345
3415 1596
834 5001
4227 1318
1527 62
4552 3114
733 130
1355 3389
2672 163
4433 2854
1015 3689
586 5336
4633 3067
2990 2230
5403 3858
2612 3922
1607 4357
3721 1996
814 785
3367 3742
4706 3219
4793 2896
2517 4532
1190 2303
3067 5092
2813 1029
973 4371
2075 4001
1593 3694
1106 2279
1886 4372
3498 1821
5208 5329
5612 1538
1431 5331
970 2629
4447 3959
3437 3648
729 2512
3039 2879
3569 3243
433 152
5668 1811
194 43
1444 2915
264 2224
465 3237
5468 5689
5276 3447
1185 5316
3594 3806
293 2616
298 5724
3670 5543
4959 464
1344 939
4833 5593
1316 4275
3410 4224
899 886
1056 854
256 1878
1860 1029
5497 2686
4828 3655
1704 4526
954 5615
5327 374
4648 3190
4530 4046
1033 4677
2192 173
3758 3477
4103 1483
5493 3893
5634 5725
163 4081
4569 5360
182 87
1408 3806
3540 150
4697 3728
4000 3849
3575 1017
372 3185
3243 1292
2391 3478
1971 4041
5112 2432
2547 4635
3965 4494
1807 446
5454 2859
2964 4460
2054 5545
270 3103
4339 5494
4227 2539
1688 2053
4465 930
3946 2898
1971 918
1197 1638
707 5751
4012 2214
2146 5749
1215 4992
375 715
4870 5288
1915 1005
5370 1313
924 2761
933 3471
2635 4009
5429 4466
5004 559
1199 819
4041 1609
5251 878
4442 3353
2584 2977
3127 764
513 4651
406 97
2330 3604
1748 3025
590 1272
659 721
5515 4811
4182 3250
4564 2139
3676 3598
2842 3752
2276 1948
2776 3661
1274 2299
2517 1782
968 611
3132 2032
3851 2813
5131 4242
4816 4992
5297 4605
380 5619
5446 5185
5729 1052
303 4445
2682 1148
1711 3207
1765 74
4272 4317
3066 2376
306 1243
2155 2309
4818 3422
3864 2236
4587 2213
4619 2135
2677 4967
1186 3708
1563 1411
4735 4066
2933 3649
1101 2817
5540 874
3518 685
1280 4951
3514 3506
4160 419
2004 2914
4225 1597
3749 2591
3495 2083
3666 2920
5704 5560
3798 715
1499 2064
2666 5295
2834 2819
4189 1038
4842 1745
4685 4109
3207 824
3612 4149
4659 344
5328 3890
4897 3091
1661 949
3752 4244
5495 3187
3786 4169
5222 1044
436 2905
1692 88
3773 5035
565 2956
3938 3588
2321 415
440 3008
3125 2830
2962 5407
858 1240
748 2754
2051 3911
4456 4222
174 4616
2814 667
2860 4062
4947 2514
2857 5639
2282 2131
4965 4780
5630 2748
2144 1244
386 2502
3801 1186
3936 4062
5169 1404
3614 4752
1913 2099
2574 181
1064 2474
1542 5602
3967 3936
3096 2428
1988 2006
149 504
5702 3115
4034 2749
3043 2837
1658 5054
5109 2592
3193 3734
2405 4025
740 596
920 4094
1853 469
5269 3353
2899 5152
4614 5406
4833 5166
1866 4993
1566 4887
5620 2876
5399 2714
5699 4892
4202 5365
4198 3891
1853 935
1235 3092
3030 3969
64 1118
4033 1859
2096 4640
1806 702
4243 1462
4404 2348
2496 4134
5037 5167
5540 3489
4770 1172
4101 4549
5682 1349
3711 5119
3083 2517
5416 1912
977 4629
3264 859
2545 1860
5161 2651
837 3397
1796 2596
1603 384
1207 4763
846 5674
3787 4610
3116 4475
4890 4863
4518 4896
1706 5728
4483 2594
1921 3284
2649 2310
4909 4646
2604 1237
5615 1284
2683 1882
3661 1355
652 2780
2570 3947
3638 2981
3475 2207
4707 5433
1325 2744
1179 676
2597 703
5182 2139
1563 2697
1751 5041
1229 5477
840 1094
4967 2932
1426 700
1557 3172
1003 5284
4767 4605
3876 435
3414 4675
1477 589
2525 2811
3337 3778
2037 1425
4088 2291
3221 5603
2875 2081
4112 1121
994 5179
244 4732
970 4933
5425 5756
2152 1322
1610 4151
4952 2348
543 3314
1933 2272
2237 1859
2685 1691
4068 5580
4012 3105
2228 4530
954 2684
3510 5473
5481 3322
1738 3906
1361 3667
3793 3339
1872 5300
2202 2446
1680 4964
704 5282
3815 4350
5198 4532
4340 2601
3541 5686
3750 794
4113 4444
2530 808
5566 3437
2842 2934
458 2727
4289 199
3916 2801
1253 5252
2393 175
1167 4131
5469 187
3291 4330
2617 5140
3624 2536
1017 4560
2062 4926
2269 196
4909 5202
1714 199
3091 5056
463 1559
1037 5389
261 27
590 3568
700 2873
1681 5554
1818 5100
4215 4769
3498 4605
5519 475
95 5155
3225 4075
2347 1306
3032 15
3345 3662
4847 483
2611 5347
1962 3022
520 2530
4267 1212
61 1515
4154 1944
5010 1248
2467 2112
5702 444
2115 380
4673 1720
750 1076
5103 1579
5303 1070
1819 4615
975 1738
4783 585
2869 3540
4478 1565
790 5639
4517 4732
3764 3815
299 1878
1048 4265
4299 5333
3246 4552
15 3911
690 5074
1492 809
2639 537
3968 269
5394 568
1840 642
4937 1570
4806 1724
3150 4762
4553 4414
3704 1715
2116 3173
4399 1413
3361 2303
2726 346
3735 1609
4534 863
3007 4689
227 488
2302 2051
4750 5379
5233 187
2290 313
1425 5441
747 3051
5677 4974
3953 1772
5356 5202
4340 3554
2194 1979
4090 4600
3349 2001
3480 4768
4990 5397
1173 2780
1544 4693
4923 2310
5188 5739
78 4124
739 1156
3427 1784
2575 3186
4078 729
5371 1859
3426 2815
1804 4747
252 3582
468 1066
4782 2
2421 5292
1389 1739
5757 3193
2528 3399
3911 1336
2522 4703
144 5590
209 5193
2916 5752
4552 3372
1218 2834
402 1998
4999 4525
372 4422
1673 2238
5158 3188
3305 3453
1141 2918
452 575
2126 4455
1619 1950
5148 4309
4590 943
717 620
1314 407
524 936
5218 2690
3657 2303
2332 3851
5735 3820
4869 5083
5135 1250
4238 630
1644 193
4216 3766
2302 4042
2673 5490
2353 1563
4296 3567
1917 975
738 1013
333 3888
3491 1052
1014 4006
3799 5335
5580 1283
4650 2290
3189 3273
5592 4996
680 3579
3163 1536
3294 3906
1518 482
185 1729
558 568
65 2089
386 3748
863 2051
143 2679
4787 4865
5101 3186
2586 4251
4506 3420
3389 5655
1874 5595
3581 3213
2884 930
3157 1950
1192 5441
38 5542
4595 4924
3008 3214
3671 2529
1965 3090
1312 2360
2831 1130
242 3825
163 2945
5267 5653
5447 5645
1344 1056
5001 4772
5731 2921
1227 701
107 275
2493 1848
1875 4469
4191 5017
4942 4531
5055 2944
594 3779
2573 5432
5516 981
4158 5328
4427 5088
920 1424
3328 1067
3977 3236
1046 1271
487 1632
4440 3399
2536 4457
1316 93
4425 5353
4596 3448
5590 3710
4518 1237
2260 2091
1150 1545
3090 1693
2528 5730
1862 5108
3022 3307
2804 4200
4693 455
3891 4307
5102 2145
5378 376
5616 3212
1492 5373
3294 2680
1864 3181
4716 1461
477 1660
416 3892
428 5439
1319 4418
1844 4877
2364 446
542 5409
772 4474
3936 1003
2238 4288
4020 317
2802 4120
4092 2665
3384 5354
1383 4844
171 4684
2066 4752
1365 4221
2994 511
2208 3033
1583 2607
3437 2585
3642 2619
985 2170
4830 2617
4531 102
5234 5194
3597 4343
2316 1398
5507 4866
4981 1191
219 1005
5669 1037
4343 1292
3403 5390
5179 3740
5103 3839
745 4516
5102 3758
1560 4583
770 5034
5494 3243
5614 3834
3785 5657
4923 30
432 3207
1266 3671
1503 1677
4027 2464
439 4573
4610 5304
3332 3358
4750 4539
4714 356
1401 3469
2921 254
4877 0
4626 1882
4193 529
1281 3642
621 980
454 5150
3586 537
2492 3993
28 5416
1493 1087
3709 1170
866 5276
4625 1695
4030 4816
568 5474
4111 569
459 1411
2630 4998
2059 1179
4530 5140
4974 2445
126 4892
4987 1750
2002 5713
3110 3058
2542 2136
3852 368
3788 2155
4676 2410
5018 5580
1668 4385
5516 4571
4225 3951
1288 4151
1731 1687
3068 656
4657 3956
2003 1518
2445 3618
5176 2200
4923 3795
1109 5656
2710 2534
35 2441
5567 2214
1859 207
5403 30
1954 3938
2862 1493
3767 1677
2540 4095
531 5748
2288 5258
3918 5158
376 5233
5370 4013
2097 5559
475 4649
2477 4578
2929 3584
5738 3933
642 1284
3107 3486
1954 5035
2097 2343
1219 307
4457 3529
1232 1933
3430 5729
1421 1441
671 1797
1419 3242
5497 4300
2155 4767
3946 1113
5423 4808
1117 4675
1415 2905
1222 5666
5354 4638
1731 2523
5352 5233
2221 4122
430 4788
4617 4888
3793 658
1309 1065
3205 5575
3164 1779
5217 2808
1206 5591
619 308
2572 5490
2937 5283
2285 1367
3223 4469
4840 3681
5125 211
2793 1600
3283 2047
613 2477
716 3624
776 4103
9 3014
1116 3342
782 4817
4452 5140
1577 1122
1125 4710
4513 4585
3878 1160
1542 4187
3262 1256
616 3421
1722 5345
5265 4522
3788 1604
36 2694
5014 3490
4436 2368
5390 2329
5170 1516
1631 1709
1664 62
1500 2680
1032 517
530 3468
3298 2162
3566 5568
3297 2431
2176 4891
154 5174
2470 954
4398 2010
4713 2593
4603 5127
117 957
3044 2035
1563 318
3530 3750
1780 3658
1215 4712
2971 4359
4333 4422
3545 801
4065 4294
896 1349
2078 668
2660 5075
331 664
2903 622
3318 2316
2122 2158
462 3403
2361 2264
835 4802
3805 1980
81 3909
5636 1125
623 1922
5427 2287
5678 3399
4232 1518
5414 5506
2228 5533
1767 2034
1801 1025
4037 360
5180 4988
1753 644
4689 1431
972 231
1393 2537
4319 903
1286 458
5080 4680
5498 5726
350 886
669 1965
4108 4937
5138 2468
1287 5468
715 1899
4652 4350
2048 1143
863 110
1982 2346
4829 2120
5150 648
3040 5334
443 5172
4567 963
5097 121
817 1456
696 3657
1146 2153
2668 3270
3979 635
75 3289
590 1477
383 3210
337 2820
2505 3940
194 1702
3899 2823
5714 4510
1003 4994
3605 2040
892 646
1659 1278
5709 1802
1165 3906
2801 5668
133 1929
700 1730
3204 665
1094 4059
2309 5455
252 3534
319 4258
4755 2485
1572 3751
140 3200
4460 3152
5591 1508
5080 2094
486 3332
1775 5129
5138 2142
1211 883
4414 989
1792 1429
5582 4602
968 2147
2888 3333
687 4697
3402 4732
1116 5228
3295 3742
3038 1059
604 3064
5744 2514
5190 74
1185 5576
63 413
2486 1166
5732 2879
4667 2875
5719 4117
1922 3479
3131 447
2445 4479
5370 3922
4462 3727
2006 5317
614 208
769 340
1224 2550
1034 459
5641 2203
3180 1447
592 2430
268 213
5378 4595
4850 4582
434 4850
2839 2685
5430 970
3850 1588
3500 5556
3709 2916
2210 4575
3414 3855
2529 172
4925 279
4039 3181
4193 230
4879 1867
229 820
744 3892
3171 808
2010 1431
1528 329
2855 649
1605 4633
4389 5122
5210 4590
1516 3621
733 1637
3668 683
5592 3929
654 5411
1572 864
3394 3986
3810 4275
913 4963
4876 130
4887 5739
5712 5683
3629 2919
2213 271
1039 2393
964 5046
97 1547
4936 257
3621 4219
1531 1964
3083 3513
5552 3204
5031 4462
1013 3648
3563 3303
3960 361
705 3196
4164 4475
35 5128
1823 3305
853 2893
5330 1384
1562 4937
3407 3733
4334 4108
1344 1883
4098 3408
2847 239
2522 36
1770 557
3755 479
1117 2576
5178 5293
4381 1855
4927 3139
5189 4563
1794 3382
5227 3888
99 1486
3348 854
856 1182
316 1085
2268 285
5299 472
4936 3834
3915 4245
4360 1839
714 3532
5314 748
3645 578
2055 3843
198 3571
5258 1116
1251 3759
5151 1824
2553 4900
2502 4370
4149 531
3832 1101
309 789
3184 560
3869 903
1098 248
4009 4354
2487 1537
5231 4267
4457 3872
5059 4244
295 5253
4884 5428
4936 2624
613 5294
72 1146
291 2717
5126 4882
3950 5734
1325 250
4250 119
2859 3191
3806 281
3341 3068
5636 5377
919 4788
4059 1155
884 1395
582 5715
62 3776
663 4365
4986 4394
3658 4369
3830 541
4952 1204
4874 1830
3857 1032
4326 2718
3208 1213
1659 2891
1802 676
2957 3867
2395 5588
3739 5219
4964 1223
4582 3246
1690 4161
5502 5252
5587 2265
1386 1868
1042 5444
5055 2972
1359 95
4458 4706
869 1512
308 3140
4060 5066
3840 3374
3752 4821
754 1446
5177 1091
3937 697
1534 1614
2426 984
142 4207
2203 315
5335 5390
2787 49
5034 4882
1574 3679
5274 3407
1978 117
2697 2152
414 3573
2343 5384
3336 3580
3785 416
2796 5165
2888 100
4745 3609
1591 1599
3254 4101
114 720
3426 66
3835 4202
358 5344
436 3088
5419 4432
3264 2847
1026 241
1916 4111
1058 2899
984 3123
5448 872
2781 2693
2736 2154
2084 1328
2505 5253
1286 2860
3883 2024
1520 3029
4154 1572
2119 3358
4683 3748
2652 1441
2990 4440
3466 4859
2676 3807
5492 439
3858 3799
5607 308
4482 3297
5280 1889
965 3654
5010 5340
5272 1600
5192 990
1987 2242
4576 1920
5398 5158
907 1383
5247 3414
2359 4266
2773 1380
1789 4171
4039 2486
564 4952
433 2082
1326 3944
941 665
2745 363
1332 843
2773 4301
3536 2700
5602 3295
5013 4625
3992 2643
4807 465
5356 2876
2138 3896
2050 392
3488 4114
4062 2344
4646 5076
3837 2393
2374 869
4454 5183
5277 1831
3744 4023
4032 4596
5634 479
1389 4909
5642 4904
4268 5612
5748 2230
4368 4981
4469 4632
5680 3572
1149 1755
363 3625
4778 3871
1048 1339
1599 1486
4198 2143
5532 4735
4956 2715
2736 1508
3678 5192
2168 4064
5344 4900
4897 3854
1374 176
1219 157
565 3759
1289 380
3977 5442
404 5470
1545 2031
2505 2934
5068 2466
2802 2640
3369 5123
4920 1654
2591 4354
3076 4917
2466 792
3010 4544
4930 5392
4427 2546
5358 665
1624 3260
101 2195
4210 3322
5680 1880
419 2209
5120 4794
1511 3137
3522 1160
5388 4833
2031 2877
1338 2931
5660 2936
3743 3824
5080 3081
474 5127
5550 524
828 558
3578 4538
846 2224
3809 331
2220 3828
5734 2392
1069 1604
691 2408
517 3620
4753 658
2057 5068
3556 3984
4442 1141
2743 1713
3509 5136
1058 4844
5070 228
584 1027
5148 5471
2874 3567
3081 4857
3619 3889
432 2446
767 512
3814 556
4259 1039
3625 4484
571 791
3626 4974
4193 4563
3087 5425
3516 3807
4317 2027
5199 4386
499 3943
3190 5158
295 2494
2676 1578
745 4075
3046 3651
449 3379
3011 4511
173 5229
103 2407
1527 4875
5451 4273
4996 213
2149 2284
997 5024
5008 2791
2966 2318
4289 4238
1002 90
1093 50
3627 1943
4104 2810
2895 859
5151 898
2540 3366
509 1177
274 2890
2023 2139
4290 648
4596 2748
492 4991
399 1832
4560 5498
4591 4554
4458 2832
4976 5210
4516 4560
2698 5
4875 2281
3848 1272
2653 5570
855 1798
1853 3522
932 4564
4956 638
3719 4277
1733 4919
1385 3372
18 190
2533 1936
4923 5711
4280 1545
4035 1892
3519 1137
3844 4356
5280 3467
5666 1913
362 1163
4983 3461
3357 1835
1018 5190
1458 2847
1549 266
3192 1022
1427 2009
1335 3199
1174 5077
1355 2546
4287 2552
4142 4305
2823 1618
721 1355
2307 4210
5726 4986
5330 3493
588 1637
1658 5162
4844 2477
4577 1418
3884 2256
4287 2983
3789 5140
3850 1644
770 1659
86 5325
651 5342
2890 1248
5577 279
846 50
4453 3893
5626 4150
3945 219
1011 4786
2319 4826
906 2721
1560 5658
3168 2538
3963 2526
3315 4807
5687 3951
1575 3246
388 4586
3941 1216
134 5619
2812 4627
3534 5378
652 4672
4615 3853
550 4101
3356 1639
4957 2189
447 289
200 4199
4360 399
4440 378
2326 165
1305 5425
1437 35
535 1854
5350 1897
2742 1969
1890 3042
5700 2630
3561 5342
561 2991
3298 1483
2222 1728
3481 983
3979 3107
1521 4056
1876 3257
3777 3188
750 2804
4354 5391
2601 1621
3627 3354
612 1374
3451 915
1953 5610
2704 5556
1935 1383
4141 5582
372 3290
2407 383
3095 2760
5083 5660
2107 1288
5093 5020
1413 4233
2201 1219
4540 4653
3331 832
1621 2567
3157 4494
1592 5392
4165 5472
2221 4974
3493 1982
2472 817
4942 5166
20 3609
4412 2599
5090 4360
2180 5199
1675 1251
3150 413
1804 3056
2247 890
598 1402
1850 4842
2902 3913
1946 4808
1218 815
1576 4276
677 3173
2832 1178
1797 1244
335 1202
4496 4182
3769 2247
3846 4139
497 2954
5123 3084
3678 952
536 3512
1146 5340
1236 2499
3478 4581
1193 1906
2316 2949
1078 3024
1133 419
2924 3676
1443 2772
4352 5234
4203 3932
2547 446
1550 2522
2364 697
3232 328
5215 126
2416 2013
869 1143
685 4196
369 1198
2843 48
865 3980
3446 1922
4224 1405
4914 5369
2806 2925
451 1857
5394 3218
1551 4380
4462 2940
5241 2501
450 1053
2714 1475
5720 2693
4577 1040
5167 5704
4181 821
3107 5451
2411 3768
464 4325
463 3486
936 3993
314 5042
1696 4783
2844 4074
4510 5454
306 2908
4885 1496
4247 402
756 5331
5597 802
5418 2580
1874 3071
5721 2612
494 4713
5495 1118
3117 3152
5471 5653
2139 5086
2945 2697
664 5106
4991 3067
4171 5548
5071 3252
4801 3372
5268 1296
4783 1056
1168 4202
3825 1546
2798 3008
3116 1363
250 2986
3318 2357
344 241
794 4586
3907 5522
380 885
4141 196
1201 1239
962 4280
758 2547
1652 4619
5117 5313
2144 2160
1374 1558
55 4362
4774 5634
3294 5332
1439 3678
5210 5713
2444 4588
3570 2750
4189 5548
2341 3702
4397 4201
1407 1973
143 3877
3260 4171
4193 2007
2694 27
3852 573
1821 2266
265 5239
1782 4095
2824 3229
4866 526
5666 3255
1363 1221
1468 3241
209 81
1020 2291
5094 1609
4429 3637
789 2003
3447 3915
2332 741
4186 17
4607 3964
520 4721
4971 95
1881 2363
2064 5607
1645 3490
5495 2278
2081 2232
4151 5239
764 2626
5172 2246
4046 3904
1388 2719
469 2817
5265 3906
1078 3908
4260 2105
5219 693
3108 2985
5572 872
3543 4398
1014 1155
367 4268
3004 3456
5046 1663
707 2195
4969 3324
5369 5260
392 617
4574 575
1411 3534
2575 982
627 5321
665 2747
3256 890
2230 5641
668 3284
1416 2071
2033 3922
1776 860
3874 5073
4613 251
5256 5373
3098 4638
159 1418
731 1943
1188 791
1648 4553
1886 2181
1627 611
4085 2207
1450 3505
4434 4231
4823 3543
734 3395
4913 3735
2490 328
1643 1648
3308 2143
1360 3214
1138 2173
2845 1845
3472 5086
669 1000
1186 2709
3268 2467
4093 946
2364 4308
4668 2546
329 3456
2290 1835
4349 1369
1037 3762
5402 3053
671 5232
5462 4635
320 97
1107 3838
442 4214
2734 1370
5502 3693
2991 4561
2517 5433
1292 3028
404 2681
4875 1974
4075 655
2238 5663
1045 1892
809 4635
2736 920
2992 2001
5019 2489
125 3051
1476 954
2182 2018
1312 1473
4643 961
1105 2373
1766 5030
4288 4273
4409 5490
5069 2896
588 348
5385 2987
2945 4499
5234 5424
667 70
1063 3240
3285 1621
4585 4630
5724 1745
4771 120
1111 3588
5190 132
3207 3114
1111 2840
2957 3559
4879 3503
4970 1851
3040 2467
730 3371
4695 4812
1583 841
3442 3432
4936 3952
2592 3107
748 1687
2470 631
4500 192
2209 2579
4315 328
850 1338
1737 5634
3889 2920
4539 5319
886 3956
893 2239
3213 4644
4849 271
2739 1402
902 5217
5447 3107
4275 495
3479 3467
4978 5597
65 5718
2201 749
5216 2971
3978 5533
3506 1196
4902 4441
40 1480
1889 144
5115 1858
979 4608
1097 163
4118 5752
2677 955
2762 5565
2181 2336
4800 3887
3756 3149
4180 2310
5065 437
1090 1526
4420 5640
4594 1737
930 2184
3485 347
705 5449
2964 1572
3420 1378
4123 279
5575 651
935 531
1970 3575
98 1524
1498 209
4710 694
1304 4296
1568 3618
1967 3150
3946 1584
3060 1558
3791 2671
1008 5477
3806 3587
4380 3770
80 2498
1231 5625
4131 2234
1760 1403
3228 1858
1794 2433
2109 278
3822 1991
1163 5339
2646 3360
2267 1688
627 4100
1323 3253
2995 4468
5718 5428
729 1279
2825 4880
3486 2812
5372 808
104 4825
964 1308
3169 4276
3992 320
1320 3072
5355 4368
5618 2522
5552 2837
4040 2718
32 4081
1723 4504
2202 2139
491 3789
2567 684
145 2709
5352 1567
5729 2020
666 4316
3457 3787
2679 1110
2489 2159
787 3405
278 3488
1741 925
2857 504
5449 2083
719 2050
328 4013
2875 1286
4619 520
5227 1388
3305 209
3684 1809
2011 4397
1055 3786
2859 3304
2106 5181
5691 5531
4117 3959
5342 2865
389 117
4913 5487
2854 2127
5475 4893
686 1620
2529 5180
1450 4036
2420 5153
786 733
3447 4557
3346 595
3055 1288
1978 1489
4001 3412
4330 3323
4933 3076
1967 1559
4806 4942
3736 3192
1471 3667
3289 5000
82 2189
5507 4959
3879 1918
3583 5035
4922 984
4882 3766
5149 4051
5262 4070
4247 5628
1558 1577
3259 1617
2583 1022
3389 337
560 13
2321 4507
711 2910
4691 2454
2426 549
5711 4193
2012 4005
2889 303
4610 3030
2477 126
2740 3000
1527 817
540 279
224 4849
2935 1525
2557 2835
2217 1782
3175 722
1697 3504
531 2703
1773 2360
5348 2606
2557 5203
1707 2930
1147 3813
5460 130
4774 2312
504 875
541 4936
984 2555
3210 5421
4142 5749
564 2931
1329 2147
5436 900
251 2627
2456 1072
4768 933
2493 3876
1233 3830
4917 4810
70 4610
5512 5190
3726 1320
3981 5370
1028 4018
487 5171
1400 3928
144 4592
1926 3590
5182 514
1002 1172
479 1136
4294 975
3635 2341
117 5409
4178 5458
4730 994
2086 2697
478 1271
5350 578
2423 871
2722 2768
5422 168
4081 2634
1431 1641
5253 1810
2456 5530
5415 5694
2517 4909
5581 1457
4325 138
2920 3334
1785 1570
359 1985
4478 5684
1564 2011
1156 3765
3224 1876
1831 891
5452 2018
2074 4970
3787 1900
432 216
2134 816
366 3407
5276 3653
516 291
1398 2353
5734 4847
361 4821
3133 2070
1746 3092
1853 1154
1420 19
17 1941
1489 2092
7 1710
789 3387
2796 2473
1965 5202
3839 2098
4091 915
887 4970
5273 939
2872 619
4133 4948
2417 2062
4582 285
574 4805
3149 325
685 4536
1330 399
3480 37
5545 4124
428 2423
3820 1961
2224 2172
5016 2179
5306 4221
2043 649
5403 4048
500 3062
2317 2241
544 1363
2258 2611
4552 2770
4304 3106
1273 2003
4636 920
3095 2949
4020 2595
2308 284
1 5665
4105 3368
3255 5663
3265 931
1093 296
5735 3864
1834 4403
4310 3509
2175 1412
5752 229
468 5316
2832 4162
1873 4125
4505 2047
797 298
4212 3559
1956 916
2072 2459
5118 3155
3145 3687
825 4593
5528 946
1723 3571
2014 2212
1552 5449
2355 4921
1645 1296
1435 4376
855 2759
1940 715
1849 515
604 2307
2148 4639
5418 5538
1745 4256
2076 1800
4880 4648
274 926
2769 2214
1573 4830
1421 5086
5174 4031
549 1048
4567 4497
3140 1391
1075 1551
1969 4303
2061 2984
3027 4071
5616 3259
4420 1131
3375 1752
4700 2367
2950 1073
4432 4581
2625 5389
4099 2687
4265 5172
1930 3010
4678 4486
5264 4547
1007 4308
5414 1499
1192 1793
1302 3820
1888 988
4279 2154
2503 2579
3212 2328
2337 4207
1353 1644
1516 1475
4871 4630
3105 2809
3680 324
321 1740
1664 5244
4112 1022
2250 2154
1858 4558
3200 5410
3920 4991
1471 3624
3782 5097
3524 1932
1383 4180
245 4651
2914 1367
3032 3808
5043 2662
4629 841
4785 2979
1122 2244
2591 1667
38 1575
720 5320
95 304
2967 975
2309 4029
3170 950
3869 5002
2941 519
5222 734
1815 3221
3534 1222
3801 4363
2177 5015
3687 4018
355 5212
4720 1354
381 669
4109 844
2160 5365
5108 1408
831 3876
3568 437
3429 5172
2347 4407
5694 2276
1434 4818
3428 4604
1725 4218
2774 4576
1412 4668
4305 2225
5743 3740
1227 5231
2149 5116
3409 3290
714 4898
4498 57
5592 5157
4451 407
3725 4122
1201 3742
53 3939
858 2773
3816 3506
124 4624
4259 3770
3067 2484
3048 1198
1752 4849
2652 2619
4346 4165
2354 2638
3465 2592
4362 784
773 2482
4417 3866
1408 2883
5521 2672
4750 2692
3905 667
3107 3374
2259 2231
3635 3627
3382 1596
4369 4403
5474 2504
3651 3147
5653 2537
3066 2910
3685 3827
4952 1125
5617 3276
5032 1710
5721 249
400 1950
1770 3533
3476 477
2970 4583
5534 280
1019 3895
5440 2685
904 5677
118 5343
363 2504
3664 2384
825 3650
4615 3356
4412 3158
831 5126
5141 3568
3048 4924
75 2906
2825 700
2351 2615
2785 1163
4379 96
4215 3865
3719 1569
3277 794
3244 616
1204 951
54 2628
3385 217
449 5243
681 3610
3520 2167
26 2778
387 2473
518 2823
314 4240
1599 4003
1138 734
4850 5562
2285 5711
2369 5577
5694 2550
3108 5370
2256 3727
1538 3801
2373 4049
1156 4332
708 2087
709 4652
2507 2801
1529 2802
705 558
959 3998
5558 5458
1223 1621
4218 553
1993 1619
3913 346
3049 605
4109 3152
5209 5217
4068 2410
4620 2246
5722 454
4551 1055
775 4523
771 5667
5693 2000
1120 2771
5202 4087
251 1972
3760 5677
1514 5014
2576 1802
4181 997
3268 3131
1175 230
1146 5368
5005 5396
3319 4020
4244 4073
684 516
2963 3
5336 3424
583 608
3140 3782
2604 4175
1482 4668
989 5611
3628 3296
417 3517
1824 1485
1388 5135
4100 4274
4621 3962
1222 2049
2223 5728
2020 3942
1326 4779
4386 5626
3192 2220
5251 2112
5134 1074
924 4361
3437 3413
4235 3847
3677 1095
5084 2384
3959 208
2609 1153
4479 3462
1845 5481
3869 4475
4106 3924
4059 2700
2686 15
2112 3376
4420 4427
2745 421
3552 1996
321 2482
2851 4946
5290 4230
5489 1879
4374 1014
5450 4683
4711 2705
2667 5662
5556 1998
3205 3753
1609 73
55 4175
1024 2690
5201 3777
862 1289
3903 3028
1106 5203
3878 4213
801 3151
3456 5252
4242 3244
936 220
1207 222
1668 3185
4267 3993
58 2838
2940 423
182 2146
3805 2741
4500 583
5610 3036
2895 4820
4354 2710
3681 3953
3310 5286
2054 5430
4468 2213
245 3417
281 5236
4649 5235
2714 3299
4346 853
1247 921
3916 1968
2247 3275
1355 498
740 5677
1965 4382
3491 3550
3532 4236
4238 2876
1397 1147
2065 612
5177 275
877 4200
5614 3594
5090 4710
2828 2459
4097 714
1907 1601
5310 1428
4267 3435
4769 442
2809 1765
3955 2007
2563 5717
4776 2097
1832 1215
1263 4911
1615 5386
4636 3409
4218 3416
5085 3410
770 3586
3181 97
3925 4783
4566 3842
3235 4920
1763 1564
1797 5289
5224 1942
1342 3546
3941 4338
2441 5544
4197 3066
3025 993
942 2461
2440 4576
5023 4057
2011 5425
2673 5202
5499 2727
1870 5561
358 1700
2506 1853
2386 4168
5535 1966
2663 2045
1599 3733
2457 4336
2354 4102
819 1201
3586 3823
3926 4354
5118 3924
4423 5295
4486 178
4450 4825
92 1055
3289 5234
1489 4574
2875 2549
366 4233
214 2862
2236 1147
1579 2824
2651 2276
2066 3162
3305 1925
1843 4487
1175 1591
1821 1557
628 376
5329 1048
4441 2893
3214 1103
1055 3846
4013 837
2125 2451
4639 4328
3260 3408
384 3890
434 4615
2222 5551
1112 1711
1117 4607
3558 4450
4388 4716
1796 5271
746 2454
5178 4720
3621 2520
1066 4761
2054 2309
4385 4178
198 619
3187 3259
3357 5183
4371 1115
3559 3850
728 5298
4193 4253
1434 594
4276 128
2190 2123
3568 3686
5330 1779
626 2523
221 5649
3240 1606
7 2415
1444 1041
4412 4037
3360 4229
3079 3848
3799 4060
3022 1534
678 2632
621 1547
3835 1928
4779 3995
4147 1405
510 5332
1220 585
2172 1432
2588 2531
857 1468
413 411
5060 3848
2836 3328
2965 4859
5570 183
2166 3350
1666 2671
4314 4562
3659 3023
568 1827
5053 2871
2350 4457
725 1075
3605 2868
5347 3399
1212 1201
4041 2361
109 3541
1851 1587
2866 254
1649 2359
2602 5258
2746 3891
1442 5269
4979 5710
2805 4296
3607 3289
4455 5003
2146 3120
4326 3114
764 5541
588 450
2048 1888
604 648
2724 5046
1264 4987
4224 2806
2549 3392
312 4744
661 3769
1175 1536
4988 3205
1487 178
313 4863
4540 5337
1088 2486
1087 273
3950 4612
1064 144
67 1726
357 3915
1733 2868
1355 4015
1359 1482
5752 3676
1954 4386
5051 40
3870 875
4308 19
2193 3167
1037 3629
2803 1459
1680 3561
5257 2221
