50 294 52
993 661 1
854 661 2
587 221 2
319 212 2
154 720 2
908 34 2
662 677 2
582 481 2
364 463 3
357 28 3
812 171 3
439 254 4
6 598 4
483 972 5
850 345 5
294 872 6
988 450 7
248 975 7
754 304 8
558 658 9
688 971 9
756 597 10
68 772 11
337 773 12
96 913 13
168 79 14
119 513 15
765 60 16
413 618 17
643 70 18
455 21 19
91 159 21
651 373 22
812 854 23
149 302 25
9 253 26
252 703 27
906 979 29
1000 280 30
458 853 32
115 622 33
6 1 35
280 589 37
173 406 38
605 871 40
875 766 42
739 726 44
59 440 46
696 806 48
867 450 50
693 498
477 355
559 307
347 354
946 188
483 166
386 922
498 769
998 574
992 890
255 57
957 738
973 99
252 367
527 93
2 379
252 783
779 993
147 215
242 180
484 456
538 573
239 275
14 837
146 842
871 261
838 540
901 879
467 700
768 470
925 541
991 982
982 354
636 755
399 126
466 525
541 819
134 987
80 679
692 618
740 150
424 748
214 587
155 2
873 185
23 931
206 905
646 275
889 98
924 803
105 89
236 843
391 200
754 537
794 748
304 481
579 968
418 353
147 136
376 287
64 578
160 556
942 269
977 823
590 788
695 183
422 460
352 539
17 534
610 571
510 405
206 37
609 322
153 903
347 128
947 947
651 912
568 126
33 170
84 370
213 745
778 695
35 111
299 39
256 510
905 323
87 866
905 410
720 7
284 927
33 306
647 192
168 949
342 616
907 659
348 691
417 81
847 76
418 815
17 987
610 40
408 33
223 656
554 761
36 891
82 975
830 26
510 513
213 219
695 927
352 395
530 936
800 791
638 495
439 147
827 424
691 554
849 980
454 794
484 280
752 881
834 474
104 209
595 405
203 549
72 244
899 506
54 34
401 872
632 424
789 322
389 784
516 194
566 846
295 388
12 776
172 812
883 616
46 349
397 995
775 370
535 341
691 419
963 43
829 910
485 110
502 315
524 649
659 151
421 319
600 836
695 655
436 976
371 246
493 932
953 580
961 530
400 567
471 238
251 331
293 426
53 625
222 952
944 836
210 991
604 84
995 57
461 406
513 878
256 108
682 40
914 446
985 939
831 595
95 466
516 719
666 401
108 38
471 645
177 213
230 246
507 17
2 42
589 273
202 2
416 236
139 650
43 469
127 364
513 122
932 916
333 583
597 9
119 699
923 224
325 510
312 64
809 356
513 259
305 646
602 676
742 622
534 216
206 852
81 732
178 878
70 140
660 98
195 471
192 691
249 470
146 417
57 208
912 119
158 335
401 481
432 892
660 240
448 544
840 685
742 917
622 790
882 555
854 279
719 340
140 39
727 602
744 826
899 819
328 966
869 35
515 682
328 830
718 115
267 487
205 373
302 169
89 527
647 968
305 274
933 297
445 947
365 79
576 423
931 741
204 318
838 186
702 995
28 219
264 141
346 878
171 107
431 858
137 326
110 1000
381 736
787 126
681 586
552 711
617 230
184 360
328 191
901 151
47 688
81 561
629 588
638 561
770 145
483 504
882 887
457 166
134 544
75 25
359 748
452 438
226 87
290 663
275 531
118 130
930 627
361 967
307 937
169 194
137 474
673 307
337 247
277 954
651 874
84 127
372 855
223 676
638 400
852 721
407 923
