100 2238 200
404 852 1
865 2677 2
3492 2625 2
2389 1493 2
2680 2580 2
3663 3742 2
3963 1758 2
3480 559 2
32 432 3
2238 2171 3
2221 77 3
1973 3888 4
2571 3915 4
1240 63 5
3228 1234 5
245 3195 6
2186 604 7
2798 3392 7
3731 1369 8
1521 3943 9
1043 1861 9
2498 855 10
1607 2323 11
250 13 12
3766 3261 13
2930 200 14
1911 977 15
585 2181 16
3075 2160 17
795 3794 18
109 2504 19
1559 2885 21
1337 677 22
682 488 23
3978 74 25
186 1916 26
3856 834 27
1767 1555 29
2762 1630 30
3357 73 32
1661 188 33
233 1305 35
2226 2684 37
3575 1916 38
10 3856 40
944 1095 42
2450 3099 44
1929 3404 46
992 3166 48
3957 2511 50
1508 1182 51
388 3649 54
3052 870 56
3106 2635 58
698 1389 60
3049 3800 62
3177 3343 64
1770 1945 66
2603 452 69
963 2222 71
1209 3494 73
672 12 76
1923 3038 78
3831 2855 81
3402 2983 83
1136 1382 86
1145 3869 89
1720 590 91
3526 2251 94
502 2634 97
2633 2032 99
1499 3260 102
1977 2463 105
3100 1775 108
594 1824 111
690 3467 114
1285 2391 117
1054 433 120
2206 3618 123
3992 2161 126
1353 2026 129
3555 1015 133
2030 1355 136
2154 1775 139
3982 3650 143
2901 580 146
577 2982 149
34 1572 153
1230 1005 156
190 2841 160
1308 2697 163
2508 1173 167
2450 2373 171
1614 3622 174
117 925 178
2915 1295 182
630 1104 186
3369 3876 190
3967 479 194
2546 3586 198
1008 755
2820 3006
2167 1109
3458 3500
3456 1412
232 627
3618 279
1388 1690
2020 340
2754 1016
3803 3979
1850 2756
977 2905
3111 2955
2325 3959
3320 853
1400 1427
767 834
1921 2209
1783 1288
314 308
2 3190
1450 302
3346 2009
1299 3013
2477 126
2595 2885
3176 643
1948 671
3690 2511
135 3646
977 86
1896 3651
2219 3022
2682 2282
719 2476
3635 3065
3746 1122
2290 325
441 2389
2088 2012
2358 1985
2288 3308
2955 1970
3231 1580
2900 2427
994 3484
3707 3495
1122 2580
1817 10
218 3839
475 1323
677 276
2783 13
108 1146
2586 1414
3782 1590
2990 3237
698 1594
3413 3282
2367 1742
281 1027
2673 3149
1728 3222
3764 1836
3903 3412
3287 305
183 2293
3427 1189
3572 2838
2394 2876
930 2405
954 1514
977 2032
711 3972
2023 2831
3661 829
373 2825
33 1348
1530 2639
1674 390
2991 1517
2336 1001
2323 722
2537 3283
1736 3033
2978 3594
1933 1622
2562 1749
392 3449
3959 3197
886 490
1640 1693
1655 847
3438 1668
1770 3472
1452 3552
3307 2806
308 1608
495 3874
1618 1398
14 2153
3252 1413
3177 990
1004 3739
3923 2701
3689 2290
3925 1166
1898 166
321 3035
2170 3879
1179 787
2071 929
955 1285
2198 2327
1295 3980
325 2172
737 2865
2170 1606
1736 995
1162 601
3692 516
498 1981
1360 167
3232 3682
972 922
3974 3846
2941 2645
2879 3987
92 3996
3061 1092
3754 689
2934 1689
47 84
480 1647
3887 3055
60 604
2387 3556
3618 3225
1363 1258
3817 2186
2421 2682
1279 3345
1018 1676
2982 3
578 602
2310 2521
3991 1975
3230 2320
2134 3482
719 1225
3584 1609
628 3794
1450 3053
866 3597
2726 348
3033 406
3523 726
194 175
896 280
3655 1234
1345 3161
233 474
2350 1216
177 3321
2933 773
1861 505
1758 2646
1831 2454
818 1858
427 1853
2793 3597
3830 3659
2474 2237
1238 1628
476 3260
3597 2390
3033 3465
3507 3946
2423 3825
1850 3972
1841 1414
308 3952
1959 3262
3171 2514
604 2548
2760 211
2238 485
501 1171
1076 2349
29 2637
1549 484
170 1652
883 3983
3499 859
2713 3921
3233 3460
2664 3420
3099 274
48 1868
2945 1157
263 2520
2241 880
3272 2680
3348 2223
3760 123
1535 1622
3861 1438
3002 2353
3553 3357
1265 289
2454 1305
213 1441
3760 3058
3163 3104
3957 1544
2511 2537
1805 1098
903 630
534 842
3511 3678
2785 3724
2834 2558
1546 2519
2797 1844
3126 1943
2123 1427
3120 1447
394 72
2011 1794
2363 3678
380 625
805 971
2989 2765
612 977
1562 599
1331 3808
499 379
1415 2646
1833 2064
1120 3278
1686 2735
2129 3333
2203 1265
1757 2908
3719 2105
2353 494
2055 3079
1674 2436
2807 2726
1400 832
2762 462
1670 2010
1456 3373
3512 2035
2947 3871
3900 2045
2756 1458
2135 151
1864 1720
860 1730
2153 2913
1644 3853
3334 1857
2620 1154
2624 1525
879 2085
1173 3063
599 2300
1089 2228
1620 1828
1132 1991
455 219
781 3261
803 2252
3324 2531
3450 982
1158 1155
3032 979
818 3011
751 2065
2064 1207
873 2824
3371 474
3549 3579
2067 787
3998 2949
3819 2590
3077 2425
503 506
2430 737
1426 2802
1117 3601
288 2636
3321 3733
466 2976
1122 3174
3090 3569
800 2405
1124 2118
7 1149
2830 699
2854 2075
586 751
2644 1898
1521 3772
3925 747
2819 2216
3262 2909
1955 1195
3206 1833
3828 3143
3158 824
3501 381
404 1399
2255 1476
1269 2875
2288 2426
1732 3724
2294 2808
2425 2107
3980 200
403 1168
2007 3704
1012 3955
2710 2708
1941 1518
2827 819
2712 2099
1262 425
3180 3893
735 1802
1579 75
3722 906
1501 170
726 3631
2413 308
2421 3380
3446 221
2563 3428
1095 984
1474 3659
722 3073
1221 3238
417 2576
2384 3288
2307 3471
846 119
1979 2051
1457 608
70 761
2430 2996
1168 184
2900 3318
1626 3345
1802 727
269 1786
950 2542
3705 247
917 832
3279 605
866 3723
11 3398
2876 3696
1371 2947
3441 765
119 2660
576 3946
3448 1878
3666 1698
2063 3401
1845 918
2916 1876
2542 2802
8 2551
272 2431
3972 2377
1572 1935
2713 3521
3425 2876
2690 3607
1866 1820
2627 3059
2460 3974
2886 2875
1986 466
50 1726
2925 493
3284 1302
580 3626
324 2732
785 3428
1602 1515
1047 2713
3169 2027
1512 3161
3003 245
3350 3411
1575 769
2425 2508
1454 765
30 2260
2947 320
3398 3971
329 3209
2153 2812
70 2083
3643 3825
1787 3789
3118 1626
2551 2462
464 3775
3601 676
1150 338
923 1957
24 963
2756 2502
3674 2608
3636 1042
1860 346
2060 2618
1368 3513
1874 1293
1324 2161
693 3163
398 1946
2072 3934
1372 3679
3906 1320
3021 2987
158 3487
2965 3078
2818 3832
341 157
907 3213
3688 1888
3536 1099
637 1719
1986 266
646 2654
3591 555
2265 1954
751 2708
397 1562
2191 704
2805 1758
1334 532
2295 1365
1866 3289
277 3292
313 1940
3959 584
2239 3381
3261 508
1458 1506
1581 1118
2489 2155
3877 518
2704 527
190 2373
1390 1176
3625 2704
981 1207
2884 51
1773 2741
1252 1823
2991 2160
1833 3557
3092 755
3245 3118
1061 2501
823 1312
1252 1523
930 1829
2123 2541
1365 2332
2361 222
1975 3981
2650 2203
517 2249
3774 2705
1369 3069
1087 1795
37 3066
481 1514
2124 2103
3409 155
3676 2373
430 3125
774 418
2943 956
3608 3630
2518 1568
1685 3303
88 2996
1499 686
2453 1859
1858 2617
3721 3365
3025 1418
2565 5
21 245
1826 1222
1490 2174
144 655
1606 1004
1525 3442
1493 1032
3013 663
1048 1371
1708 134
3741 9
3754 1711
1173 3652
2243 1875
2232 3502
3109 365
2828 2005
990 3334
1984 3583
478 3367
2378 1348
982 3807
3236 2084
3084 2055
335 3725
2951 1763
2439 1697
3304 3839
2166 334
3546 3747
3813 3732
2677 1982
3940 1618
702 2807
1562 2047
676 364
3851 1545
3277 1753
2369 104
272 1116
2384 1620
1452 515
2700 1146
1259 3848
3548 492
2525 3173
524 728
3623 2556
1548 2725
2213 2060
3003 125
597 1994
3040 45
3953 306
578 3491
3130 1220
117 2761
2570 2186
1583 3706
2666 3727
3553 896
3384 1297
3790 406
2114 2464
3586 1411
243 3362
3354 3175
3952 897
1116 3010
314 1440
2734 81
3752 3756
2564 2585
1383 3332
406 3723
1210 3146
1950 1373
665 1517
158 842
2957 1051
3804 191
634 1320
2645 2817
3862 2775
3839 1199
644 2105
419 2494
511 3422
245 2681
1670 3025
2046 13
3949 2811
1070 1292
3977 2082
1885 3498
3269 3913
3113 2854
1104 234
178 978
2166 3779
1087 2848
1917 1965
1054 3143
2519 1092
924 1460
1558 1245
3746 850
379 2323
51 521
2441 2818
2010 121
2845 141
2232 1050
1152 668
2926 3175
449 2120
2275 1657
3324 164
1795 3182
3934 1928
1679 2802
159 1058
3874 103
2694 974
2989 1112
2771 2166
3694 975
3216 3219
3255 3626
2557 930
2390 1049
3863 644
3125 2302
3125 3944
3905 2277
2585 651
2063 3231
993 2121
2314 429
620 1397
531 3064
1319 2910
3094 652
1017 1533
841 3286
3099 1535
1997 1564
817 1166
1609 2778
1288 481
257 2324
1166 3778
1753 1623
3678 3189
2479 1933
1737 3903
1744 909
437 2240
562 1198
1458 1235
2625 2664
3354 1678
2065 1743
378 1261
3776 3590
3963 3499
1641 487
2032 1150
863 61
2142 1721
3413 2371
2865 3930
3759 504
1516 1733
3679 1770
2601 1227
193 2712
1830 641
1681 715
1384 2733
3377 355
757 1533
1203 1578
1647 2274
2245 1579
750 3214
2933 1564
3829 3377
3390 1144
2350 2396
2868 1593
1581 2122
1929 1889
3482 1571
811 524
707 410
2482 2909
986 2355
950 3601
3509 212
2564 2270
917 1590
1975 3016
3136 429
2784 104
1525 2823
1829 2994
1512 3589
684 136
2764 3089
2235 2879
2608 704
3616 26
1153 2528
3370 1499
2139 1038
1488 2245
3297 3003
218 570
1785 1707
354 2935
2532 3669
563 1930
1140 3954
1286 3164
2101 429
704 2648
1444 1451
1980 3442
1735 3424
1454 1286
3470 106
2472 1373
3442 880
1507 3043
1561 346
869 1655
1247 137
483 1069
3413 723
40 3815
572 3754
1915 235
1002 1002
255 353
2575 1052
17 3321
106 2867
3241 341
3788 2245
1921 2835
627 320
60 3267
2965 3693
2108 3698
180 2915
3938 2448
2038 287
979 160
2614 236
2749 2558
1607 3806
3953 969
2282 3619
936 1364
3397 559
2350 1828
2950 3473
2927 2322
1227 1726
1602 3575
533 1745
1044 2298
1746 89
2201 2961
1210 3839
3547 1664
1742 322
2363 3381
2177 288
3224 882
2965 2707
2335 811
3232 460
44 379
427 2713
1431 2404
3202 1190
3268 2417
422 1329
413 1796
3764 1424
3213 727
1957 537
1097 3217
2235 3431
3093 162
209 1197
867 906
875 1392
1785 1840
1760 3680
2748 609
1674 667
2316 3167
430 3038
1881 265
785 1069
3623 988
2362 3481
2253 1111
1717 1864
3198 555
1270 866
336 236
2197 1654
2093 971
3801 2013
3791 46
2322 1044
2395 2382
1738 1708
2910 3619
2445 39
2939 1488
1167 1910
108 3894
861 830
1533 1461
2000 2372
3651 945
480 28
596 1457
921 41
2479 3727
1603 2568
2561 2052
1462 1110
1705 227
469 546
2518 2606
2647 367
3325 245
3422 3593
1887 1387
2752 3435
494 2100
3834 2995
632 586
1490 924
891 2986
3636 393
1556 1543
948 2178
2025 3489
2191 2835
3916 1859
627 3030
788 2681
691 3596
1185 532
98 3220
2557 1198
2601 2756
579 1684
3378 2109
1131 2884
3602 350
2823 2294
3242 2190
2509 470
1800 2663
593 508
475 2307
1624 3445
816 2106
1351 1855
3525 3514
676 2411
1304 1216
3421 621
300 3081
3462 2838
556 661
2259 964
2177 768
1160 2761
164 2991
1721 2969
862 2745
1014 2779
3792 578
187 2491
1422 2079
237 3478
3674 2718
3901 2327
2883 1073
1802 789
1466 2694
1084 565
633 2582
1466 1001
3697 2420
375 533
3181 1298
2262 3817
2058 2697
4000 340
3650 510
2314 2700
21 739
2170 2701
2637 2621
482 592
1416 103
3432 3814
2291 228
3546 688
3742 2781
498 2574
1699 2382
155 3063
693 1079
3759 2403
929 1056
477 1119
3203 3069
2515 1993
1908 2579
501 931
413 219
628 253
56 1511
1569 3424
903 2747
1832 1045
1784 3134
2654 3213
2968 2527
1532 135
3241 1175
2629 2971
3756 333
249 3642
2819 1059
1684 1512
1245 814
3785 1181
1001 1780
3607 2799
3972 3411
1755 1354
2422 3923
3806 685
3049 3977
1372 1912
470 2831
145 3281
3036 2258
3027 174
1000 2943
2109 3790
2568 1297
1441 1565
2680 3381
2261 2524
2425 3419
1722 1653
1439 2515
2700 3005
2423 3130
2352 2497
2016 1519
1294 1272
1660 3170
1659 537
3202 1331
3533 3902
3588 1757
1059 787
1241 2071
1077 3945
670 2619
3202 1100
3991 1061
5 846
91 2903
735 1880
1178 1078
3430 1592
338 3828
3823 3304
2694 2377
3489 58
2501 180
821 3529
888 347
2681 1288
1361 949
3466 3390
2005 3359
347 2102
3654 3677
2341 2060
2863 2975
3991 2995
1069 179
1129 2356
186 3372
1103 2543
3683 310
3032 3324
2507 2379
2359 3318
815 758
258 274
1369 1646
2885 2157
217 1623
2412 2464
1841 3595
3684 3291
2714 2509
2464 911
1710 2645
3909 3678
1468 1331
1791 367
2223 1928
1386 492
1146 2389
1774 2528
3848 1081
1228 1239
1844 1103
1925 1730
3382 968
1678 2582
133 3597
220 1362
1382 423
185 310
320 2320
2394 856
2999 1283
2527 207
2512 3445
83 1968
1927 1467
3377 2305
1359 1384
316 3759
3683 1481
3852 2288
562 3547
1135 1801
162 2442
1196 881
1583 691
2132 2697
1165 3281
2625 126
3191 2644
1042 1222
3277 1620
3425 1720
1974 1835
2544 1506
1073 3405
1974 3144
2591 3155
627 532
1048 2468
2787 883
3687 3025
1607 2408
2072 229
481 76
496 2356
2955 1599
3554 3314
1757 399
541 240
2449 351
3415 1926
3807 237
184 1027
1799 2953
1035 1450
3938 110
3529 3809
90 2226
1123 3087
110 2161
3557 222
815 3171
2983 3788
2069 2068
3823 3055
2432 1058
3654 2318
199 3500
1813 3937
2349 1658
1945 2144
1689 961
3306 1674
1984 2975
1160 707
3793 2889
28 1398
43 2838
1645 2624
540 1136
542 605
2586 2695
3013 1617
1464 89
3755 2123
765 3620
2578 3211
98 814
2915 3994
2794 180
197 3295
3356 1050
2312 1957
964 1414
1864 2935
793 3053
3242 422
3846 1592
1572 2920
3300 128
2982 3143
750 3372
1656 2871
1574 3007
3349 1005
2663 1175
2408 1202
1934 61
3023 1477
1652 3317
2069 1903
3177 2694
642 725
480 3490
3237 238
1466 1723
775 2292
3847 3537
2048 1790
636 2248
2351 844
1465 194
2028 2485
1376 224
1881 884
3777 223
2708 3271
2282 3390
2166 205
2113 3742
768 2830
2704 3789
791 1814
3163 961
2333 3416
1725 2149
2736 2854
1649 256
2801 1367
2522 3855
3672 598
2214 675
1568 2961
2645 3601
3174 3418
2220 1759
481 138
1550 3973
704 823
2486 2297
3419 2635
3211 2901
2570 3830
1006 1502
1978 1261
931 219
3116 3186
2923 2110
486 2407
426 1429
130 2726
3765 3449
1611 3939
1152 3419
850 2352
2523 3207
3396 1350
3661 778
3387 401
520 1610
2308 601
1808 3242
310 3152
3031 2837
1813 3624
92 521
1551 2000
2916 3423
1057 2663
2447 3562
2784 817
312 2899
2740 862
1535 1014
1523 1046
1751 3272
3108 2697
2046 2799
2218 3796
495 857
2598 1813
3489 156
3470 3621
127 3195
974 689
3738 455
333 2811
381 3937
1382 2178
2011 3960
796 1412
3709 135
694 1473
886 318
3126 3095
3979 3954
312 1250
29 1009
3326 3970
1503 258
2505 804
1083 645
823 2318
3074 3295
235 776
914 161
1606 1252
755 442
2150 1378
46 2588
2381 1591
587 16
3010 3553
2984 2821
1257 2930
1523 2787
3373 730
3747 3120
958 3547
577 1398
3649 1486
3550 124
2257 177
1209 2796
1574 2268
1337 1508
2833 628
364 344
150 1575
3226 274
696 1838
924 3419
2353 421
3195 751
1769 3438
531 1973
2936 1806
2977 650
1529 2855
904 2016
3176 2452
1658 1057
176 41
1721 1465
2749 3258
795 2566
2091 2437
1218 620
1347 3440
1852 2311
3072 1713
2817 534
2793 1284
3190 2204
492 1906
2077 2244
2302 3050
1295 714
1481 3933
1856 1332
1755 1903
2554 792
2137 3844
455 3670
1688 2930
641 2550
625 1602
1367 69
71 3072
2951 898
535 1190
2058 2456
2322 3994
1292 1454
1185 842
344 3464
1412 897
2431 1770
2736 3837
1271 3738
2241 1537
299 131
1878 312
162 3141
2269 738
1458 2775
2057 1945
396 1301
1401 3615
1546 2564
1186 737
2686 2976
2700 2546
1584 530
2870 3747
2972 1649
3173 374
3336 115
1224 2831
1481 3219
3109 899
853 3878
2706 2293
430 1145
1621 3088
1155 1100
3172 300
412 2347
2450 814
3556 2118
3697 1042
1823 2330
3007 2633
191 3686
2730 1115
2669 275
3398 1829
3489 1165
3449 1907
3640 3292
626 58
379 3999
3606 631
2903 1610
3597 3822
2102 1749
1914 1526
2269 32
797 1329
2516 778
2003 3059
2177 734
1826 277
1960 1750
1107 756
2866 2356
2585 1096
1876 3809
3311 932
1173 1981
499 3080
175 2626
3633 1661
2025 3813
2694 3965
3189 1705
389 1736
420 2975
1950 1291
3380 772
1874 3202
1343 1179
2675 824
2294 3561
3759 3363
1541 3127
412 2469
2643 80
1516 794
1236 1755
218 2061
74 3600
1204 2244
2614 323
882 1525
2433 1672
3687 655
1409 1735
26 3941
2252 1250
1894 3694
1663 3544
2487 1990
3435 1038
3515 3865
3602 300
1026 3260
1131 3750
3413 817
2999 1370
3686 2962
3629 246
1446 3700
2167 136
2655 3865
1488 2905
1160 881
3149 1428
2484 15
2702 3175
1563 2234
1277 3638
1030 1191
863 363
2883 7
1807 124
292 3652
1810 2470
610 2468
3340 379
1282 1327
3579 626
3988 172
454 720
388 3047
1854 2703
2012 2081
2401 1010
2239 3459
2257 3615
2347 1265
2000 1475
2280 859
1290 3524
3877 2288
2881 1946
3487 1523
920 2581
1995 3273
3183 938
2659 581
935 1527
218 253
1231 409
1290 348
237 3757
1404 3296
5 1397
691 783
3729 3160
3297 3641
3312 3123
2451 3268
2466 3051
1736 148
3775 2973
2584 251
184 3555
661 210
2863 1459
3467 3911
1548 1319
1775 993
401 1457
1276 921
3865 3960
1613 2177
2690 3246
3276 379
2546 956
3967 1671
3293 3500
2887 541
3243 793
2416 1951
2488 1569
970 2110
3036 3495
1332 2266
1462 3522
290 527
1969 2782
1047 2016
559 3419
2655 886
3570 1108
3071 2530
1500 383
877 948
1714 1201
919 714
1330 941
3607 2150
3848 2064
1895 3096
1351 3107
665 1678
3352 332
3901 342
2678 1495
1508 3795
2007 618
627 3602
299 1663
2027 2897
1307 2093
1924 660
2176 2755
745 2261
3174 24
1677 3913
1320 3428
2674 195
3425 3044
2840 2604
3130 2241
2643 3946
2179 3482
932 748
864 3508
1632 903
2731 2161
3714 3032
3918 30
1056 1718
2997 1814
3766 2324
1962 3396
2844 3831
557 3185
3318 2509
3521 115
3437 3202
838 1439
834 1764
2417 3672
2726 3670
621 3993
460 956
237 991
74 793
386 2457
1114 277
3560 1762
1647 2536
1801 2715
3018 1541
546 1785
1270 260
3903 1804
3783 1025
340 2551
275 581
1902 1207
2454 2054
1474 2205
1346 573
772 16
1960 801
1438 1085
3417 2613
997 1262
1569 388
2232 2781
2020 2995
1019 647
3862 1416
1843 1807
592 2593
3871 2214
1312 3379
2334 2584
2466 985
380 3296
1805 2976
1415 1571
2879 744
938 954
1594 2877
1868 586
1434 3011
1936 2535
3748 3917
3901 3238
3123 1820
865 1158
2838 1891
791 1926
3458 1591
3379 2188
1096 3281
2690 2209
2336 1536
3096 3832
1973 570
3879 2980
1778 1464
3770 2609
221 528
1217 732
157 1759
3303 1733
2562 3402
1730 1909
503 3331
1353 2934
3105 599
267 851
10 1577
3765 1795
534 3294
757 506
1534 576
3707 3249
1760 162
3434 487
2919 181
3396 447
791 3529
294 11
3206 1611
3691 1067
731 1006
3423 1261
3122 2150
1417 3898
873 3667
1679 2908
3403 2161
3955 1141
3744 1551
352 3272
3816 2897
3466 2303
2987 532
1480 2076
706 2065
3175 2797
545 1526
1415 3027
144 2599
3688 214
3131 168
222 2133
1088 693
3910 1047
532 1215
1480 1543
1820 1161
2291 2509
2451 2198
3733 316
1594 3739
3636 90
700 998
1632 3662
1862 1754
2080 2711
3964 3665
2335 3517
41 2174
893 2111
2555 1960
3332 497
1967 967
1818 1526
1179 3213
1594 549
324 584
1888 3266
1868 2813
820 3900
3576 439
1078 1657
1433 1854
520 2418
1744 2317
321 2524
1550 362
1958 2753
1995 1878
3938 990
304 2077
112 3056
1139 705
1595 3623
2145 682
2347 3430
1105 2616
1011 3202
3960 614
880 151
1879 1153
3317 3491
3264 1802
1753 232
314 871
2764 1761
2241 2846
1832 2251
1056 3242
934 2725
3164 3589
3123 3022
2212 3315
175 418
3518 3232
3548 3698
2498 1971
1028 3133
2460 455
3684 745
264 732
1694 3066
1657 2654
2833 3323
2307 3718
2885 378
1052 2104
837 2681
659 875
209 2389
548 2355
696 723
744 3270
696 1869
627 2627
699 2440
888 2335
821 61
2168 3058
2821 2463
492 3773
1665 2131
249 877
2090 43
1533 3425
3819 1086
364 1909
2576 3550
2117 3898
1991 953
1186 3931
3204 246
3806 340
2632 482
1784 2131
2468 1558
1711 2042
2489 3683
2448 2258
2368 1889
1055 1978
3079 1587
2688 2895
1903 642
166 3724
1424 826
1590 3378
1720 3326
2083 3995
2633 3482
2539 3958
1691 1255
585 249
3810 3207
171 124
790 77
3416 3502
313 500
3124 1334
3280 2040
2189 222
2449 1830
3506 2883
1227 1994
2118 902
812 2504
1383 1439
3067 3504
615 86
1256 1330
2527 381
2948 2742
1325 359
2180 2331
3001 1832
1260 3574
303 3111
3202 2695
683 2929
2870 2815
2112 3042
1121 3913
1891 1803
2352 1164
1458 2065
3185 891
1737 2452
620 1303
345 1923
3470 2972
3160 893
3545 2539
520 1813
2709 2842
2897 3754
2059 1189
208 3957
3828 1600
2517 1440
2546 3163
2028 3706
306 3879
3258 1634
1813 2306
2518 3792
2936 2261
3664 3551
2860 117
3289 3587
297 3734
1083 2108
3418 1145
3972 2881
3028 3714
6 636
3720 78
1677 812
571 462
2339 2844
3714 302
1844 1842
1941 2586
3627 3244
3620 3901
3563 679
3508 1225
2999 1873
3297 398
3472 3688
2754 3886
2435 3858
2082 2156
512 1544
495 977
11 3448
2201 1325
374 3706
3926 2525
2121 1923
3106 1391
2777 3569
570 1530
535 1463
3434 1075
3627 333
3137 1736
2575 2296
1530 2748
3920 2251
3147 1990
2881 2745
1027 2939
2758 3809
500 1869
2702 3433
625 1799
389 3985
1000 3456
2179 1782
2112 190
3551 3994
1277 3325
550 999
3248 1459
1271 3770
3189 1683
583 421
3808 799
3717 3985
162 2338
3794 3285
3584 3025
3513 2756
3829 1562
940 1149
2538 2994
1360 836
2945 1988
1907 3492
1525 3638
3102 1859
922 3130
2546 2651
908 2125
2582 3902
3090 3445
2506 1746
2641 2143
1943 308
1412 284
3509 2077
671 1415
868 2469
2682 1218
1040 3825
501 464
2373 2890
3934 2800
2373 313
1306 3063
947 3453
3898 372
306 1743
464 2694
1931 2745
2440 3246
2019 1837
1462 1958
650 3740
2706 2182
3906 3120
1257 3945
2715 3151
2187 1589
1732 2859
3893 1636
3216 778
2028 3329
1103 1405
1542 3871
1659 620
2082 556
2392 748
3931 1110
2608 497
21 3996
2774 234
1304 2978
3186 1536
971 244
3142 2342
3627 714
2826 1228
3031 273
3716 3781
2981 3723
2606 1447
109 2737
230 873
1519 3555
3923 667
1242 3661
2961 2477
3758 3632
2744 2369
1365 712
1338 3772
2186 1711
1313 3157
806 1600
1039 3435
941 1333
1692 2754
45 640
904 3917
583 2631
587 3608
1425 2578
1076 3449
1664 3285
2352 2291
635 1748
3133 2794
3896 164
892 3720
2927 3468
715 289
3979 121
452 571
2715 1752
1100 2199
2331 1116
3910 223
726 1448
3326 459
3362 2724
123 3396
355 1127
1659 1452
2779 3193
3143 563
2892 3359
2731 1569
2076 2634
1751 2758
1263 2982
1224 3701
3242 1924
1091 3118
2153 275
2656 618
3586 3172
952 2805
3431 2139
1577 200
2444 2569
1334 189
1311 1604
929 1120
1744 929
93 230
1064 3486
335 1605
776 942
1534 2484
3929 3594
1313 3089
961 3712
350 1259
3794 3028
2119 1073
3502 1922
1344 1465
3117 2493
1433 1153
1638 3260
3381 850
3212 216
3883 3971
938 2647
2967 445
2839 1286
520 3016
1764 2087
2006 3421
1465 1353
2885 2586
1783 1212
1896 2924
535 1669
1547 2388
82 136
3902 892
3186 2732
285 2445
1649 586
3709 2241
3739 1073
3722 2542
2408 151
1864 3530
416 1489
2702 2230
3022 2811
1119 373
2368 446
3290 2814
1385 2791
2242 3268
3840 2832
3918 1957
1616 733
3998 1001
3033 2668
3651 2412
146 321
3905 3265
2000 652
1920 798
1975 3187
3089 2868
617 1523
3740 746
3875 1352
2123 855
658 3687
1902 1577
3852 133
2694 373
1315 3141
2642 3408
2273 712
45 2009
2613 1047
3971 2115
948 1575
3317 137
3302 3429
1948 3232
3170 2081
1840 850
2727 1303
1344 617
2946 2406
820 1764
3911 1936
3641 3165
2882 1512
287 873
359 231
300 2256
2064 2718
3515 1126
380 2515
523 3928
2790 123
3452 3455
1609 2355
766 3719
1353 3329
1196 3129
1794 650
1733 2811
3102 388
1299 1425
565 1602
1515 2435
1798 3707
2635 3498
2502 234
3441 158
2390 597
1441 3803
311 1867
3333 658
3006 3673
3008 780
2182 356
2880 2395
1816 102
2732 3301
1951 1873
1044 393
2436 1898
1746 2222
1713 83
2098 3819
129 205
2738 2357
1978 2725
1872 3541
189 3252
760 3025
2554 3104
2070 1058
581 2403
2433 3727
3858 1294
3134 2438
179 158
3249 2735
1449 3575
1215 1112
809 3217
1992 774
2143 1816
3875 414
3484 3030
279 2416
1542 1156
720 3155
3641 1269
2082 2299
1266 2519
342 722
1046 835
666 146
2886 1287
2977 314
2270 529
3432 3970
112 1592
1003 725
114 2303
3630 755
1003 1173
1181 1102
299 558
2416 811
206 2829
2629 2046
2760 117
3321 786
3246 1319
3070 373
2494 214
331 471
3312 2955
386 3001
1526 3090
845 3217
3730 1709
597 3694
1862 3810
1206 455
1798 3908
3778 1870
1725 431
211 3898
1549 3945
2422 148
665 3538
184 123
2097 3104
953 1343
3895 3569
3576 228
1229 3733
888 2438
2250 308
