140 6100 390
3179 4536 1
1033 775 2
3731 6380 2
2839 3734 2
4325 3544 2
171 6246 2
4878 7314 2
1421 6725 2
6276 1356 3
244 644 3
2649 5242 3
7238 2734 4
883 4060 4
2220 3240 5
6954 4232 5
341 2893 6
7726 6077 7
7233 488 7
4900 2513 8
5777 3184 9
7443 1951 9
27 5236 10
1256 0 11
3793 2506 12
5055 5067 13
6189 10 14
2009 7587 15
4314 4466 16
3095 1245 17
5695 7106 18
2121 1890 19
995 5784 21
6631 6049 22
1275 3331 23
5159 464 25
1796 4102 26
2584 6872 27
7750 4603 29
2963 7833 30
4455 34 32
3952 7462 33
1566 5015 35
4688 6106 37
5924 5359 38
5722 2152 40
4250 5268 42
7013 7441 44
1098 2091 46
1828 5825 48
444 1510 50
3620 406 51
2625 53 54
4187 971 56
3289 3104 58
6597 4935 60
5104 1235 62
2877 2325 64
557 7597 66
3392 5675 69
7739 1124 71
6620 3279 73
2309 982 76
163 3762 78
7831 3639 81
5574 4519 83
6322 7738 86
35 7072 89
755 4786 91
5826 6137 94
3920 1637 97
5326 3812 99
7345 6683 102
1488 1422 105
6373 2604 108
6364 6802 111
7222 5555 114
3330 6982 117
1545 2633 120
115 4458 123
5157 6596 126
5531 7831 129
2770 5907 133
1342 7733 136
2370 4501 139
4391 6757 143
3713 4054 146
4669 1824 149
2061 6517 153
585 6736 156
6200 3776 160
5908 764 163
7572 7748 167
6904 1001 171
7673 6 174
3602 5024 178
7829 7137 182
9 2111 186
7208 3433 190
4878 3195 194
2856 617 198
5732 1548 201
1695 683 206
6383 1955 210
533 97 214
6644 376 218
5235 5938 222
3977 2989 226
4336 2413 230
4885 4145 235
3155 1836 239
7635 5222 243
4095 5832 248
1037 2822 252
6084 4700 257
752 6255 261
1414 4495 266
4747 5467 271
7708 2481 275
1731 3113 280
1129 7129 285
6840 2297 289
471 5588 294
7622 4086 299
2425 2738 304
7173 4994 309
2880 7316 314
1393 5480 319
4558 7834 324
2498 6308 329
2053 7024 334
6795 1530 339
6670 5437 345
1979 5322 350
3593 1085 355
5385 36 361
6517 4421 366
5183 1966 371
2902 2791 377
4641 1181 382
33 1220 388
2163 1414
1031 1569
2366 504
517 2299
3129 5253
3818 3527
18 7838
4870 4631
756 3526
5532 2756
5791 4131
1850 144
4722 711
5551 1032
2888 6535
3869 6939
4549 2837
6539 7329
2052 3713
7599 3276
4139 516
1590 7320
5582 411
6343 811
3301 7434
1405 6272
3247 3526
3322 6202
2674 1733
4360 7487
1402 3748
451 5161
651 567
2745 3260
5215 3424
6301 2999
6918 6826
6257 6380
3528 2084
4789 292
3167 20
7295 5988
5264 5543
5550 6619
542 1906
2181 4121
5924 7815
2241 4870
7767 5647
4052 4892
6114 7338
6849 3634
1831 1208
82 3220
7743 1613
6764 2837
3828 5524
5876 5751
1123 1195
2592 1365
5184 2910
89 5729
3229 2626
2218 62
153 223
337 4117
4841 6897
2889 4813
7689 433
4107 6497
5929 2628
1511 2109
7435 7133
2967 6907
4489 3922
3213 603
5333 4228
3633 7241
64 2469
4577 5055
946 5286
7585 2816
997 6504
6808 72
2471 5618
3670 4678
7245 143
4176 4074
7758 6628
3529 4351
3350 1494
7152 3831
917 2475
2778 4063
6949 1906
1845 4744
590 5948
17 1721
2285 7300
5355 7484
6968 3205
1867 2715
7309 1528
2944 5602
7272 4618
1198 4757
3527 64
3541 3744
5033 853
6970 6437
3629 6043
5292 1555
5365 6914
376 3392
5969 6686
750 7071
5428 4842
6855 4649
1352 896
664 1061
398 4648
94 4888
5066 6253
4148 1351
2396 6611
2899 233
6135 4226
6220 5867
4371 3216
3669 6682
5812 4944
2978 6162
6957 7824
4306 5587
1675 7710
4263 6179
1409 3033
5678 3800
2703 7558
4210 7834
2635 2517
2129 2873
5992 1772
6611 6375
4342 1791
1296 2408
1884 1660
3562 701
6858 5202
3016 4279
368 7307
5889 1053
7199 1069
897 7788
5955 424
6505 3588
2287 2470
4598 3419
3820 4335
3873 2128
5639 5458
1548 239
6032 6982
5365 2239
2358 7838
6351 5397
4896 2827
3866 913
6605 7707
2178 6019
4813 3785
3967 6159
615 2853
22 6664
4167 7034
1118 3700
3045 973
3174 4830
1538 5778
5947 3679
1420 7035
615 3795
300 6732
1811 6629
3848 164
4429 415
6325 4809
505 4342
2477 3909
4974 1551
2557 2212
1809 7180
3766 7764
7526 3741
6194 3426
3869 1261
2961 2011
1705 6896
7628 4900
1873 2393
1237 6001
3570 7562
4627 4770
4485 2000
1143 5063
3697 1861
1217 521
4625 3099
2290 5198
4842 5739
3965 3287
6809 5790
106 920
2291 7588
3231 345
2040 3438
959 6112
1986 5568
3238 4118
4038 4586
3517 2344
3119 2195
2139 4635
4891 2047
5573 6350
2637 4500
7446 2437
2360 3002
6354 3995
4417 4201
4112 2102
3692 3027
2891 5335
1619 2881
410 3127
5005 9
5626 2525
1651 5304
1374 4049
5230 3136
689 1536
3862 646
7818 1349
3296 5930
2932 1647
22 1455
428 821
7272 7539
3694 5313
4953 620
7125 2312
6465 2832
3931 5229
3122 6730
2295 5796
7054 4758
7401 6226
4114 1768
733 5395
1909 6168
6132 5465
2536 651
4951 6009
7497 6863
2985 3162
6618 2386
6747 4019
867 3717
7279 1759
637 6513
2683 2993
6215 6144
6996 7075
5463 3562
7330 4831
3135 7235
5767 1799
6898 2646
7514 5466
1001 7570
3979 4159
6530 1514
4899 6620
4229 2637
3601 1594
2392 1656
847 2692
6485 6604
294 2103
87 4206
6503 5742
1316 5275
7563 1776
5942 2168
5428 1879
6978 2965
2728 1049
5573 7367
598 2571
5293 6279
1948 1014
2144 2628
7622 6337
251 1598
6513 1159
3875 7203
7714 6844
5704 111
1977 470
4863 1160
1258 1901
5131 4726
6088 3067
311 5857
5478 3242
6150 2753
6165 250
6059 7595
4448 5327
5414 5311
494 6352
7804 2231
5113 4046
2015 3981
5072 1742
7421 277
2353 3582
5181 7280
889 2235
3483 2671
2688 4834
7526 560
7007 504
776 1857
7202 6245
169 3447
2569 7277
529 299
2281 2011
7770 3382
6601 5223
4548 5702
5214 7087
5058 2665
53 2891
7438 4008
2027 4322
4080 6848
874 1280
1741 460
3441 528
3013 5967
1132 5502
7482 5036
5612 1301
1371 7308
5778 7474
4580 6919
3320 3936
2559 3442
2341 6836
4154 3762
6352 219
40 7628
2040 7298
2307 7069
6577 6797
1016 278
7503 5900
90 7437
210 5044
7511 4488
7412 4204
6666 1691
4637 7551
6344 1570
7048 5276
2794 6754
5784 3439
3387 5108
5689 865
365 1090
4378 5065
4446 6511
5809 2884
4418 4676
4429 885
6638 2127
3593 1374
1037 3199
3290 6503
5473 1684
5016 4442
2312 289
2042 2197
2359 1391
3927 1835
1224 3017
787 3195
6392 472
7589 3514
2704 6076
5416 7134
5307 620
6137 2550
5582 5032
848 583
4596 1603
58 6072
3442 3484
2632 4264
6772 4484
7650 7075
2547 7670
2502 4758
4641 7254
7097 916
1999 6698
527 4142
2968 1834
1480 3217
2673 5502
645 2176
3800 5101
5009 7557
4710 3604
3104 5771
3901 3736
113 5516
4060 270
923 7
6985 5995
1551 5981
1365 7557
2898 1227
705 7305
271 5418
140 2671
7155 4360
4180 5460
6250 4519
3531 7042
5845 2426
7040 5813
4113 3140
1136 3493
5718 1124
7022 1575
6268 7058
3636 5750
239 2285
3913 2649
4686 6410
1256 6953
4693 4259
6035 1417
5438 2475
6860 7197
2800 4257
3353 2005
721 4432
7079 7601
7041 2138
1299 2847
5349 6561
1079 4524
4456 3741
4062 1087
885 4325
1759 885
4475 6024
6446 5917
3192 858
7391 2168
817 4624
1500 7179
1062 1400
5307 1720
6140 705
7650 2650
5695 5613
2186 1124
5311 5088
4918 1394
989 450
4430 6315
1017 1889
2593 6457
2854 3434
4794 7709
5015 7049
5239 7811
5142 5289
4419 7245
6756 1274
4222 74
6162 4935
5970 4876
1660 1514
2199 1660
5642 4766
6371 7362
4764 2673
5355 315
6413 2292
6561 3068
1099 7778
7398 3210
4350 4829
3333 5453
5315 936
237 1846
4341 2198
5712 6854
5024 5465
1282 4245
3507 6361
6579 4130
6072 5074
2998 525
1745 3410
3234 3328
6210 2410
4142 3455
4534 1302
3792 7443
4347 5794
7141 6457
7216 7220
7394 7291
4654 461
1745 5574
6755 6953
1263 6203
4716 5160
5354 4422
6171 3230
7405 2825
4442 7035
7622 1359
7681 4447
4077 2876
3357 99
6022 1200
2021 4142
2726 6382
3091 7402
3801 2321
5344 4718
1715 2298
874 6729
2929 7162
2734 3622
3378 268
5286 3658
2575 5777
2482 5152
6789 6485
5539 4270
1599 3835
2206 6494
1975 2519
221 1441
1292 5724
1908 7068
5500 7605
1902 3578
1507 6916
7770 7411
6765 7704
106 6814
4450 2621
3749 56
716 6035
4871 5160
4923 4319
2207 4304
901 1477
4136 5101
6295 1125
4691 977
3564 7405
5776 599
6063 6416
2181 5702
7097 6711
7578 7602
1907 6003
3710 2804
4816 4824
7688 5881
6301 6651
315 7816
4554 4542
7087 2694
6702 1129
1894 5101
2393 2142
7202 7752
6770 2176
2268 3737
3231 1616
5090 5620
4633 2608
3100 3779
4722 2480
1550 3048
3223 1182
5012 6792
1680 1005
2686 710
472 1647
2631 539
1046 587
1939 7446
444 2634
3096 7555
1375 6018
375 348
1671 4547
6620 4631
6666 3901
3799 6009
3081 5441
6018 6240
6123 7161
5481 4680
3732 1714
7123 1413
3934 532
1737 5965
5019 4920
1334 1351
5729 7235
2505 4356
6557 2620
3489 3147
1374 1699
285 7502
7084 203
980 1095
5106 4188
1576 4203
1645 6722
858 5581
4753 7004
4945 6198
1415 499
1873 1836
3364 634
5561 4109
2026 22
4326 1040
6800 567
359 6584
4154 3922
740 4986
5729 7691
859 3359
4519 4857
6982 3992
3017 727
1006 7253
1907 1484
1785 5337
538 3649
7531 1124
5283 1211
6936 1354
2782 2714
6421 5215
1465 1791
7315 801
2092 537
665 4656
7837 2426
2602 5983
177 4702
420 2013
217 7110
5130 637
820 6537
4679 4954
4095 3268
4622 3264
6292 2798
1605 6338
3695 4395
5659 3047
2461 2569
1254 4428
6108 5802
6650 47
2867 2982
6652 5840
6575 1275
7037 4558
6171 6799
5975 5978
7032 1787
7070 5658
5166 767
5954 7508
5547 2022
4429 4070
6930 288
3004 3373
1896 4463
7017 3399
1282 6487
1826 3204
536 4019
2985 7658
3005 5226
2413 7604
4503 1802
1635 3705
737 7566
6500 389
3014 4538
1117 5352
6107 4028
5927 1302
7090 6103
1510 2489
1594 6486
1343 3169
2051 670
2536 2347
2775 1241
5798 3727
4617 6596
2574 7795
6728 1939
6717 7549
3699 5894
6206 3930
7413 2301
1085 5871
520 6237
5584 5869
3441 1302
5906 1451
1320 1083
6745 5330
2816 7608
4121 5262
4856 6087
1763 5100
7583 7231
5586 70
2807 7818
422 3571
896 925
7679 3735
6665 6690
949 7056
6673 4844
3233 1963
2224 3552
2060 142
4123 1939
224 3627
5291 217
4143 2352
1382 2128
2723 3924
2105 2476
4847 2175
4261 4154
5881 6506
268 3272
4294 240
6557 6938
1121 2745
7352 7820
3055 139
4706 3371
5933 3948
7462 2066
5673 5767
5913 3029
3815 2915
7474 7551
2259 438
7468 148
4192 7503
1988 3330
1866 7298
7215 4026
6474 6229
5513 5687
5669 334
7482 1242
2855 1506
5662 2806
7340 5015
3711 7549
7526 903
1500 4803
1851 5670
6204 7536
1807 7826
4992 2937
4726 1408
4082 1591
6934 3874
4907 3672
3892 1077
1227 1011
5813 319
2844 1882
5243 6820
1762 2411
5541 1428
379 3775
4099 7594
7806 5998
2009 2723
393 3994
4796 3094
332 4500
6251 1977
7651 5614
4106 6627
2042 1531
6750 7113
3932 26
7425 3019
7181 5182
5829 1646
7810 5442
7432 1534
4100 3616
3273 7095
1530 6731
5169 3664
3925 4022
5948 5200
7070 6318
4390 7134
5041 487
3760 4598
4340 6888
2666 4141
72 4730
5815 7003
1476 7588
1767 3669
198 804
507 1416
2381 1960
6026 130
5311 4579
6395 4925
495 6799
6018 6841
7082 2022
3464 7692
3494 2893
4789 4498
886 6886
4255 3446
3174 2441
1989 5821
4261 1989
5657 609
6798 7840
5572 7679
3348 4604
3419 2810
6640 7465
4083 2256
125 1695
5764 2606
5230 302
4395 5661
4590 3868
3836 5394
4375 4315
7150 42
6484 3184
67 2323
6392 5509
2067 5046
6787 3228
3897 3463
4111 4780
7400 6479
3186 977
5426 6417
4777 119
2060 345
6358 609
7792 327
3458 6580
1807 2546
4389 1120
6006 2740
276 5762
6307 2447
2236 1891
1125 1719
6983 2709
1237 1566
3514 3898
7211 2959
5720 958
979 7150
7320 7694
5965 1950
3669 7738
4868 7567
3768 4711
6005 6116
3720 7103
4567 313
6603 1108
2257 6247
3470 5029
2588 7383
2825 3838
4333 6016
7617 4620
2722 4380
7823 5339
655 2000
5616 957
7661 2962
7273 5754
3972 5025
7182 1910
250 2755
6438 7136
1564 442
6332 348
4022 7679
4217 2869
1979 6843
3344 1385
271 4345
5277 4065
3005 2736
5773 5195
5258 2217
4231 5076
396 5318
6212 6289
7147 744
4267 1160
3878 7616
3015 4760
4805 5830
4547 5195
5987 1527
5807 6579
2171 2397
5964 3821
1156 6206
2011 5139
2595 3201
6712 3110
3563 4242
1200 623
2428 3753
351 1716
1890 3720
2691 7132
2420 3197
4451 1491
6098 990
4993 177
2495 47
6586 1756
978 3000
1428 3656
3622 2231
4201 617
2858 2658
2016 1432
7349 4731
6020 7338
4474 5026
7620 3605
5120 3574
5436 5746
5765 7352
3700 4984
1896 6303
5841 4217
1428 2355
774 7396
3310 6869
2012 2079
5113 5382
5843 500
5354 4983
7263 630
3691 1448
3501 7167
4987 5718
3355 5790
5551 752
1141 7302
7132 454
4776 1954
7395 2678
2374 661
7646 1089
194 6520
3235 5040
761 561
278 485
517 4468
6112 1558
5551 583
5711 224
4085 4466
4312 918
5504 2356
6425 5347
39 7359
4645 270
834 5962
3795 3054
654 2682
1119 6110
2467 5500
4070 6761
1770 5215
3568 570
1122 6874
2644 834
73 581
7601 4333
508 2453
6033 7700
118 5928
2583 5863
18 5466
5428 6739
1797 1628
1016 5942
4422 7836
1733 5672
4623 2386
5129 4442
7754 2935
7185 2811
6884 7609
5717 6361
1549 1640
3460 302
6482 7579
1586 4852
1725 283
4059 5983
1443 5598
1155 3931
6849 6686
53 4583
651 3096
2429 1545
1475 31
5594 6229
2769 1829
6756 4648
5046 6416
3475 1775
5912 1859
4981 7687
6109 2660
5804 405
3867 7062
1557 2339
5767 7607
5817 4314
1309 1967
2444 4258
5352 5800
1446 1275
1762 5884
3246 5861
1327 4553
5075 989
23 5361
7717 1499
3224 7472
4810 5089
2119 1285
5720 6938
352 7210
2109 1791
2241 4178
7011 3545
5089 2781
6729 2511
6650 7195
6926 6950
1245 7411
5459 3977
5528 1195
7263 4113
6240 814
4122 5664
7666 2050
7319 425
5933 1123
7523 2148
2335 2242
3783 7307
4709 6760
1190 2879
3387 2208
5831 7788
685 662
165 4160
5535 2533
5828 5386
3034 1611
4915 4857
7131 4525
5961 4348
641 2273
808 5158
957 1997
4489 7187
6628 829
518 7484
1858 995
26 4056
5484 2929
4712 4809
6377 4343
264 6352
6289 5034
5246 5317
3930 7677
6010 3484
7781 6958
7052 6577
14 33
2361 2676
1802 1725
7813 4264
5602 853
2432 7175
3078 7662
3528 2739
2395 990
4587 6820
4335 7608
5456 3131
1364 6639
5484 7202
4745 6287
353 4992
2199 6579
6554 3696
7237 302
553 3389
6127 1716
5730 4537
1872 2012
1543 7466
3216 5365
1836 6861
5653 4101
4293 7371
7610 3395
5000 4737
3613 3965
1653 6202
1287 728
6857 6079
6686 901
428 501
2229 5299
6354 6886
1902 7644
2452 6720
3016 2965
7070 5171
4182 7427
7338 6053
6058 474
2352 6720
5392 2393
7532 59
3704 665
3854 1766
5202 1202
154 1223
2718 89
5218 2469
3733 752
5217 1366
118 5062
625 6269
2839 821
7200 4715
3403 4160
7445 6589
6187 5631
5091 6066
1590 6660
1885 6397
4884 804
219 926
3944 6362
1560 4128
812 3075
1841 1935
7481 4266
5945 4752
5919 5032
6696 6867
2669 3718
2167 3408
6273 695
5980 2431
6695 6785
6898 5856
3947 3081
3220 6764
265 7051
2798 4142
5689 2588
6878 7295
5445 5476
734 6881
3778 5460
2979 2206
3094 7044
6599 1646
646 5769
7037 6875
6528 250
5349 1067
4719 6559
1574 6255
1244 5781
818 4533
2344 6450
5333 2796
1105 509
1025 1180
2842 5608
3100 4005
7446 980
7263 3675
5936 4205
1531 4905
162 6329
5407 743
6482 7073
4341 3845
143 2060
1702 1746
3416 5368
3799 6284
1302 5136
6541 1420
6244 5477
4983 3945
1204 4501
7273 6092
7199 4624
3854 1390
3089 6811
412 638
462 4904
7246 6749
4380 623
5398 3458
5160 3470
3233 4918
72 6582
4304 26
5501 3336
3633 985
5092 4654
4774 6424
6280 6959
3785 1119
6007 5853
39 6185
5324 3253
2396 576
461 6057
7287 7437
3167 2290
7095 2185
6533 5192
395 4468
2363 3079
3060 7237
4505 5769
5343 7699
4697 5026
2579 2628
2564 4427
2318 7418
6412 2721
4987 7775
2975 1741
4768 4731
40 2536
870 1112
3236 4322
6617 214
3411 1425
5383 451
5841 4795
941 2313
2206 1827
3887 2487
4904 5935
4479 5618
3419 7486
5844 3793
3128 714
2803 7448
3679 6476
6817 1462
1857 5253
1460 4736
6044 7247
6214 928
7093 5911
7243 1231
4566 6312
5811 3857
225 5321
657 6708
1409 3976
7830 2091
992 6720
7749 1388
5229 1637
389 1561
2621 3480
4215 2458
3854 752
2699 4236
2748 5816
567 4212
5756 5473
4548 2349
2255 1099
5542 321
7044 2340
3077 3395
2370 2927
4969 3395
5203 6546
3393 7674
3729 222
2407 5389
5125 2613
2179 1196
2863 6796
1852 4569
7468 7836
5049 1944
3560 2915
6929 2916
4413 4888
4643 3494
6050 7431
6535 3377
1227 6144
1288 5437
6309 502
5496 6842
5017 4243
7505 1352
7743 5463
2314 1910
4257 3119
6386 6957
893 6118
6650 6507
7505 1828
6067 2443
4365 2572
1273 6812
2716 3324
7101 1757
4723 2282
6763 1642
7733 7117
6831 2547
7638 6500
6126 6324
3725 4873
2086 3559
7421 4835
7593 1683
1545 1874
2124 7692
1796 72
1999 3173
7418 4918
1674 338
1183 6436
6913 606
3992 6408
6779 151
99 6914
4898 2266
4493 2475
5190 5621
3801 4023
3417 825
1802 6237
203 6401
984 2510
5379 6197
5445 7805
7215 876
3843 543
2450 2931
2216 2532
59 5581
7345 3086
511 2636
4855 3298
2662 5390
6388 3912
58 6476
398 7163
4952 1662
5506 2256
7328 3005
4652 1540
1 6277
1499 7392
5055 3545
1753 5009
1579 5355
3716 5584
1470 1688
607 6141
795 3425
7296 2438
4239 6628
6357 7240
3104 3934
5404 6611
7131 1247
5417 3254
5645 7205
5105 1497
6793 3749
2784 6827
2449 6962
5359 1865
4849 2578
4999 4097
4451 2184
4485 1923
7732 6329
670 4800
2556 4932
6645 1228
162 389
4479 2340
4454 354
5260 2933
621 3542
6772 4776
2762 6890
1419 795
5854 2361
2708 5989
1971 628
2937 7050
7213 6588
5881 2828
2611 2127
7711 246
5970 5718
3733 4154
2804 1744
1575 6397
3095 4628
4901 4223
6513 1734
5289 6031
4516 2890
1679 4482
5669 6525
1382 3894
6794 6391
4067 2555
7130 5848
4683 4668
3559 321
4940 5821
7079 7055
3105 5001
955 4781
1300 3428
4201 7346
7241 4879
5652 2207
1192 4995
2782 2530
5496 1978
5458 1477
7740 6690
384 1194
3970 6772
5678 2300
2106 7427
5101 5973
4501 102
2234 5894
5088 386
1973 7757
7156 6683
3233 2264
5432 5233
4348 2092
3 5143
2825 1597
7393 659
7376 3542
6119 3676
711 5531
1233 2811
7683 1161
580 7540
7049 3642
2686 2156
1084 6698
1813 2087
3005 6633
4938 1904
4541 4973
6242 2539
5721 6471
6916 4976
1932 4831
1336 1515
6700 4333
6934 918
3672 4289
2906 859
1205 2650
6811 4238
6359 6283
161 3564
2478 938
5756 7040
477 5321
3178 2725
5030 4556
2991 1196
1091 7622
6601 3772
2478 1634
837 1645
3437 1836
523 1163
5805 5637
3833 6818
5354 4889
1304 7301
6712 5923
1898 410
3373 5897
3631 6211
4091 4559
6368 4472
5327 3595
527 2512
1770 7462
247 6762
2022 2295
3673 5839
4725 3746
6449 1731
7630 5057
987 2680
3865 3624
119 5183
5336 7209
3460 5208
4602 3957
4288 6493
6552 812
6348 3699
2656 6697
2913 4623
4366 1181
5659 6813
5700 5456
1912 154
7322 1420
7410 6032
6228 4399
6564 5963
265 3124
2539 7562
7475 3089
6420 6738
5466 7739
5148 227
1128 5757
252 4984
4987 2039
5802 6686
856 6597
4064 628
7550 6565
952 2789
7012 5899
4151 1580
2350 6521
3304 4747
2050 3855
727 6458
4020 1516
6057 5457
6383 1436
2435 1453
1828 3559
4197 232
7589 4010
3796 607
96 7315
5417 3607
305 7007
6034 7804
1513 5698
7834 2184
3522 1260
670 1695
4557 4604
1365 3514
3857 6521
5565 7485
4908 3537
2310 7182
1056 1959
7044 2741
7810 5731
3926 6653
5671 6902
5686 5276
5191 4343
1527 6191
441 2432
6164 2969
1219 5446
3515 7467
6606 1819
4775 6494
4492 6332
4406 4513
428 1248
6779 2678
7581 7537
5172 5893
3814 5596
207 5942
3710 6728
6728 4194
3991 5922
5349 1515
1835 3073
1480 7810
6014 7073
5511 2484
4630 5991
1400 2072
37 6767
6518 2711
7672 188
878 2915
4946 5270
4437 6600
6206 2748
6439 6859
3001 137
3044 1306
2142 1074
3532 7270
3270 4582
6411 1676
6849 4472
4381 4988
5651 3559
4547 6055
3968 5312
7115 3489
2135 2333
935 4585
6919 6167
1615 62
2925 530
1822 675
536 163
5612 5106
3457 1170
5285 5846
5954 7240
4387 7651
714 1756
5143 3215
2637 7679
308 4874
3734 6670
4407 3502
4892 1588
403 6369
2005 2883
3099 1672
2219 6188
209 1307
5534 3695
4139 3542
4137 6048
2053 6334
6305 2566
6646 3726
2086 2581
52 3284
1099 6812
1891 1278
5564 6850
6018 6368
6437 1422
1732 4731
4054 6241
5013 5243
7389 1065
4262 1553
5784 5953
7536 1209
2791 5629
7605 4559
2504 4829
2766 2297
7661 4965
7667 3322
2082 216
775 6971
265 2217
4564 2595
7678 1898
3124 6583
1634 5076
2587 6632
4666 3795
6781 1397
2847 5905
4969 3843
3165 1387
6513 2049
5685 4839
4640 4234
4000 5703
6184 1910
325 7727
1394 5215
4772 7350
7248 7369
5145 5754
5820 2967
708 2280
199 4947
5770 5332
3440 6050
35 6381
4665 1079
2141 3290
617 1726
5788 1574
5576 2387
3909 7115
3453 1527
7120 5988
4144 7338
3622 567
7271 7832
1932 3499
6781 3456
3455 393
4664 1381
7094 403
6469 2564
3205 5820
3453 5753
5287 5264
5029 7314
5048 2290
6798 814
6607 4476
314 145
3058 2734
5788 2317
633 1581
1740 3537
4255 1770
1120 454
6410 2523
4063 2983
5019 318
7466 5979
581 7218
2928 1293
477 6126
80 1017
7822 1861
3601 5920
2132 1590
1065 891
5382 3826
5292 7545
6733 2115
4195 2793
1721 1408
2549 4302
2155 7096
4870 16
5614 7412
4612 5501
6767 7454
6121 6577
6536 4487
5248 7666
1173 7070
3365 2376
6751 3683
248 3743
4808 1885
6620 7599
6447 41
949 7223
3414 6651
1017 5256
7225 3317
1032 7369
5946 5445
2722 1363
6614 6248
1937 5957
3713 1536
4404 4747
6033 5122
4568 4281
4457 684
1742 1655
878 1331
1809 3881
3189 5636
7645 3488
6849 3790
4650 6512
5578 4600
2712 298
4272 7123
6194 1267
1302 7424
546 2207
2534 4559
5127 6516
6776 7556
592 2648
4510 1410
785 4972
5354 3721
925 5501
4544 5833
3413 2028
4432 7408
6376 5037
1055 6471
2765 1715
7454 6176
1732 1959
4796 6796
7101 6033
6550 3015
4160 336
5508 5775
6948 3722
1323 979
145 2846
6278 6232
2554 1899
1637 446
309 1947
741 2236
3555 823
5677 5202
6022 2148
94 3376
5170 6270
3424 3078
6578 1462
4732 1339
554 4551
845 3491
7634 5416
5796 5688
3236 6440
491 6524
6056 4798
3071 2295
4548 3374
2682 2887
5000 982
7375 1979
6724 5533
3563 7307
2995 6377
2188 3169
6135 429
3489 3396
7063 4828
2428 2048
1565 2846
5254 2140
1216 7301
4497 1625
7689 5433
2389 6748
261 4199
6150 4463
2705 1505
5770 6397
1069 7744
5377 2558
5078 1894
7094 3173
6458 4483
5646 93
4674 4547
1981 4857
2619 4601
4968 1058
637 4419
6239 331
2542 287
3122 6101
7138 2259
6934 204
4591 654
1965 6339
4968 1136
5650 4154
1181 2042
4170 2463
6526 6311
4912 7436
3027 7818
28 3910
6879 6015
7777 1805
7514 5537
6322 2066
4390 1533
3879 714
7376 7583
3141 2971
3439 2416
973 6787
6400 6059
1608 4518
2966 4908
5744 5876
6038 4452
2526 995
5941 4979
1075 4839
1115 15
7508 7481
4049 2116
5151 7576
4714 4044
3506 2399
5699 4998
4753 5212
655 4882
1117 1268
3474 7832
3782 2118
3300 2740
5740 3051
6883 3597
1698 5407
1645 1836
4278 7699
5544 5988
6112 5032
3047 6311
5611 340
5677 3671
2287 4424
6987 5164
485 3933
2087 6599
2736 5069
984 592
2904 4948
6168 6148
7676 4848
3376 6376
878 2571
1981 6978
5195 1405
2305 1249
3625 1511
7298 5329
4082 2939
859 157
7270 6505
848 3542
2177 6803
5638 1969
6959 7340
351 7556
276 1745
7014 4101
5723 4320
2510 1546
2257 7027
1085 2411
3022 5645
2670 6103
6643 4064
1234 6304
370 7095
4142 4259
6429 1889
1033 7641
7246 39
3910 1990
3086 2604
3673 6365
4343 4525
3512 1893
287 7619
94 5127
5655 4006
6105 52
7441 7675
2375 4968
567 5800
3267 4169
5101 2911
1610 3281
2761 1504
5635 4320
1787 140
6782 1050
7330 2722
3555 2146
3010 3482
826 37
3983 7778
1721 1503
6739 3599
5817 5532
7645 5110
4770 6238
7374 855
3230 5616
3957 3548
5093 4702
7173 3149
4152 4665
6660 975
1785 6681
2263 1846
7500 4124
4072 883
315 2039
7196 7049
834 1017
6637 7351
10 1993
3482 1863
300 5349
3197 5142
3166 1246
6288 1533
5988 5440
794 2340
1838 3137
3568 1770
7343 3137
489 5676
4258 2043
7435 7046
3081 6517
4998 3591
2606 6157
4742 4204
5704 2455
697 3156
150 3393
3289 3811
5883 309
5560 2573
543 4831
2434 1167
3016 5765
4927 2994
4704 643
4710 1933
2647 1054
2609 378
4309 4923
53 3020
7761 6513
5279 6192
3760 1295
982 2351
1818 1273
3734 4378
1425 604
1275 4960
4523 6974
138 6652
6060 7147
2715 4161
5286 1903
2456 1514
4790 985
5742 507
7741 5808
3167 3812
2704 2415
6119 5226
4875 3749
7147 498
2175 4039
4675 5135
7784 4509
6804 4154
4661 2927
1351 3463
4845 6319
5955 5331
4755 1543
6420 6146
4697 5551
5528 4994
1937 4576
6432 5169
5467 6155
3982 1630
6074 3147
5700 2081
1217 5259
2143 7150
1086 4415
451 6242
6207 2986
7485 7375
1332 3663
2122 5214
5439 3046
4045 557
1628 2073
1390 3141
4239 4288
6747 567
7562 3624
1900 3786
4684 2153
304 83
4068 1468
4943 5637
5384 4695
4577 532
7208 2141
2746 2070
2855 4417
7335 3208
2358 4169
2812 1823
5081 5670
7169 6024
3989 7095
3596 6829
1680 6703
5565 2111
4072 7260
4309 1463
1086 168
4625 4297
3683 6791
4613 4843
2732 7045
3889 4398
5486 1773
2189 4681
3293 6933
4114 3090
1259 1427
237 5568
1087 568
5560 2939
7173 6339
1110 6992
5342 6212
4619 6058
3665 3671
4908 5101
3236 1035
7681 2007
510 7438
1613 4092
4235 2566
1529 5906
2661 6884
800 1983
5295 67
2177 585
7585 6442
6453 996
3743 1845
402 2143
4966 2829
5489 5477
886 1941
763 7797
5666 4230
3796 1525
6248 2877
6618 93
102 2292
6679 100
3299 426
2199 2760
2347 2406
2974 6558
3212 904
6317 3631
6285 5819
2965 1594
2257 62
2617 5313
6770 4852
6764 3391
6301 3428
268 4065
2566 3774
6068 4665
800 6160
7102 788
3629 6660
7329 5182
1460 1035
5107 5222
1608 2810
4135 5820
1586 2582
7103 4974
7710 3032
1910 2182
7511 290
2405 7069
3458 1906
6274 5140
2237 3783
2331 3833
2536 1715
7328 4388
5559 963
2896 2162
6354 5338
2362 1697
6562 6612
5636 3484
5554 7007
5914 7486
5674 3920
2228 602
465 1918
4254 6847
4161 1406
2454 3619
1419 5135
634 7563
4450 4462
3224 6062
2380 6223
7372 6727
2915 4692
4301 4045
849 790
5235 6682
388 6832
7550 3562
3420 2339
2401 5596
1287 262
4799 7178
6806 7204
2946 6477
6849 2007
1435 2754
6614 1868
1786 4652
696 1463
6056 1965
2176 1854
3131 2546
3019 2032
5941 5836
5527 5500
705 2042
4006 4834
4757 3846
4694 120
1297 4039
996 6197
5743 12
607 5296
4649 6233
6870 7087
6657 6978
5875 1862
3977 2877
4441 4110
3899 2309
4904 6831
1132 2687
4811 2399
4810 7374
492 7202
4760 2410
5519 6761
1362 3362
490 7333
180 473
5518 7241
6812 2018
4786 5993
4351 6438
4813 4625
6872 1526
1048 6550
3476 5384
679 2347
2544 4153
3686 3147
5695 1399
4388 7786
67 1408
3537 540
4505 1246
4534 745
7446 4070
7434 1030
57 3439
6938 4384
5447 4044
728 7739
3810 782
1741 1356
3279 6819
7716 4132
7662 5822
2721 2725
4304 3125
3501 3441
2519 1297
6368 2122
5668 3132
5454 7306
4911 2607
3683 7223
7290 4435
4614 1371
4372 4947
4767 921
1993 501
6011 1619
4154 1629
149 5239
7583 1727
6117 2851
1382 1461
5656 6229
6362 2275
478 2789
5549 4012
1212 5108
4525 5051
1400 3587
92 6981
5726 4666
4481 3317
6953 5805
3329 4198
6146 5715
3346 2562
674 7133
4163 7202
2737 7738
7662 257
63 324
3465 3176
4507 1078
3659 6838
1643 161
5354 2593
7363 199
1468 4655
5551 7518
7558 2539
4949 4709
4829 592
7253 1554
6835 4423
4227 1914
2741 7465
1097 4191
4779 7249
3036 2598
1014 6795
2882 5741
7627 662
5142 5428
4570 1409
7276 4853
6277 7321
5587 7008
1676 3070
6027 7746
6525 1634
3453 7240
2878 2292
89 6343
5998 2901
372 5395
4757 1011
7677 2783
3832 362
3266 6287
5667 4907
1490 2020
427 1934
3544 4153
791 6091
6869 3063
2807 976
1495 6385
2700 382
4017 1936
708 1180
5932 1656
2239 4360
4240 7233
6936 574
4949 7462
271 4004
1177 2793
3052 5609
7260 5063
7090 6249
6059 1192
2851 5286
7414 7610
3457 6915
1607 3761
6906 2535
3493 5443
6124 4642
4059 1882
6964 2230
278 1022
5173 6096
822 1080
2841 1733
1682 2977
6243 6032
2217 5420
1350 2747
6376 3286
3064 1780
3799 3613
5980 2764
5065 3832
3041 634
4316 1764
5310 1039
1054 7009
329 6317
5299 3767
7427 2879
6533 7470
7010 7480
5898 2712
2442 679
2744 2487
6107 2406
2264 6888
1715 1050
3450 1049
6158 5679
6360 6027
5494 3599
4190 3194
5603 4790
7137 4095
5788 4981
1489 7278
7277 6807
4636 338
2163 6774
3716 7018
4302 3350
2617 2038
4144 2172
1822 6506
5142 2119
6511 3467
4015 6169
4464 5267
4037 149
4103 511
5042 6748
59 3606
5514 7075
1961 1858
1048 2605
4772 2740
2556 6536
1391 1511
2696 7076
5670 4667
2745 7261
6688 7718
5112 3163
2761 4933
6599 788
2252 5152
7347 776
1592 7450
2326 6404
1589 415
6595 5469
3740 5925
1533 393
7717 3142
340 5269
6038 555
1859 4031
825 4260
4365 3777
2380 7347
498 3226
2724 3835
3389 544
5615 1901
922 328
1144 361
2202 2356
4474 3179
3632 7330
1031 7702
5022 5701
5832 1870
7692 6122
6759 1805
5301 3385
2962 4608
605 373
7321 4612
1405 7399
3266 1108
5112 6847
4046 7826
1831 6032
3330 6302
3960 876
1781 1312
7539 829
6605 4868
4224 6821
5127 1097
871 5429
269 2248
1814 3911
1232 5486
1410 6500
58 1046
6837 2097
1552 3770
3551 4656
4655 5822
3237 4549
3770 4855
6616 3740
3819 1099
3609 6162
4834 4445
7755 5846
5826 7277
5250 3456
7351 7764
6303 5160
5970 7420
7172 3553
7787 3143
1823 5268
3566 4035
962 3478
5125 6438
6655 3379
1124 2423
4870 5530
6142 6356
1753 1692
6102 2969
6188 4469
7176 7503
303 515
2699 2365
7073 377
3851 2542
6224 1401
1581 1797
737 5586
1708 6377
892 460
583 5454
3135 7010
935 1800
3474 4771
5817 5272
1641 1608
3234 3915
1866 4202
6685 4602
4660 2848
7627 1789
4203 432
6914 666
3936 4624
3419 1008
1983 6751
6833 1061
3402 6092
2806 1279
2278 873
6439 6508
2049 7637
6185 4538
4231 1244
4907 454
3458 2006
5195 5941
6208 5054
7150 3768
152 729
5708 2401
1726 6555
5064 7308
1230 1527
2239 5727
1548 3607
1530 350
5318 1907
4864 7186
914 5454
7598 6227
4825 1163
5183 4892
282 3373
1414 7514
6 3448
3171 3977
5165 7766
6547 675
7132 4795
6150 5391
5749 5046
6466 4042
6585 179
6203 4213
7008 422
6070 4142
4619 2425
444 4956
303 4146
834 3158
2378 6785
5200 2188
558 7465
6011 914
6040 187
7155 2423
5503 2532
610 4783
5388 7506
3013 6867
6895 2176
7146 3434
2371 1536
5857 6425
7410 3766
6164 5220
6521 7641
2289 3397
2288 5632
1399 7546
3503 3214
6353 5156
6222 2335
1797 1403
4789 6841
6184 1480
2216 6106
6696 2837
4355 725
739 1935
7637 3762
3182 3879
4766 1767
2159 773
1692 6041
1854 39
4937 2363
945 6971
3950 1288
947 4159
1879 5914
4776 11
4984 3342
5883 6071
2081 6354
4336 3681
1074 5613
2412 56
5364 2
4592 5278
6603 2285
4025 1756
5541 1947
5180 3249
1384 2238
2492 6052
2177 4181
1162 4142
2158 239
2466 3196
274 2503
1350 7505
3361 3808
5294 6606
1318 7665
3317 6899
4854 1396
7100 2474
5879 2773
3471 2422
6132 4506
3429 7383
4530 5268
3617 1289
7101 1717
5793 1768
3009 3920
1699 3535
2621 6608
5512 5446
6976 3027
3674 3182
3007 7112
7310 4327
1313 5948
4970 2121
2862 1608
2188 152
76 3807
5657 512
6750 3290
3028 1783
1556 7746
218 884
1317 5338
1268 3272
2508 6736
6910 4364
3624 600
3515 5253
6917 3173
7394 1698
2951 5424
5927 7769
6896 1657
3585 7438
7179 6997
3806 7569
7219 678
3383 5184
4174 3083
415 1000
2442 1198
2093 5590
2590 5170
129 2562
6585 5050
7045 2104
7195 5077
7730 298
3923 6417
6986 7602
6356 3946
3990 6266
4989 3504
4148 2851
437 7228
1404 5330
171 5204
7197 3578
7514 1379
4304 1059
4374 748
6212 4353
2646 2558
5588 3517
6317 5131
3835 431
2447 7544
6791 5505
6140 7759
2102 6788
6006 1940
2931 4844
2034 4391
5397 2780
2542 6473
7545 5825
7708 4836
5062 3986
4691 7235
2651 6190
5664 1411
1719 5216
4928 4631
6800 3840
7072 2376
4385 5968
1992 4903
5673 6647
7699 1035
334 7157
3371 1183
1384 53
4252 2154
4804 3173
2540 6928
5427 3928
63 5432
2022 5434
237 5789
7226 5639
4058 7668
6908 398
7182 3886
7618 291
483 4655
4022 3940
1196 1632
3073 3513
4021 7443
1962 1928
2030 5176
5313 7163
3953 1529
2382 5070
5033 6246
5953 1286
5863 2067
6822 4040
3528 3693
6753 5367
1794 719
2953 2651
3687 2193
6341 4422
4303 3248
3492 1429
30 2570
4323 3177
4899 2395
994 2398
452 4707
4552 2060
6561 6332
533 6733
4099 7192
7702 7254
2325 616
2631 7350
4993 2646
4325 164
6634 6539
1405 672
3524 7812
3088 6916
2515 1635
3847 4300
1666 1213
6546 2391
2127 3700
1209 6685
6821 5515
6389 2096
670 1410
392 5413
3722 1099
205 4034
872 6666
6636 6145
4106 2288
2061 448
4280 7807
2703 1393
3331 3971
49 2351
6055 1002
1020 2971
2412 140
356 4184
1029 6296
2093 3628
4172 1533
2854 2413
6112 6395
1266 2318
2702 3354
3608 2574
989 490
330 716
2363 2260
7595 4059
6552 4985
7699 2215
7143 2399
6519 7367
3024 5245
2617 4394
139 51
6731 4139
2848 6094
2174 2252
2862 314
7450 3984
6977 6276
7137 4279
2108 2557
5400 4015
1111 4823
6232 1492
3775 3256
2245 3377
3214 7757
7400 6837
4788 3135
7327 2372
675 6835
2379 7435
7454 4833
6334 7382
4347 3141
1691 3419
4306 4335
7196 2318
853 3832
4138 5542
1087 3209
3586 6104
6252 2343
7337 2952
6524 4358
7203 6217
7441 1100
5105 3111
4200 2561
5310 5859
5553 5182
194 4834
3005 5572
2777 5564
3289 4322
104 1115
480 7718
1174 7286
3387 63
4481 2554
896 7753
2549 2461
4112 7051
1631 6577
4339 2293
4797 7795
6114 3805
3631 678
7490 949
3862 4522
3232 4595
2957 66
4105 3399
900 2614
4943 1115
2429 2221
1787 931
5538 3930
344 1032
5534 3852
6655 7330
6470 1111
4995 5590
2235 3406
2930 5998
4070 6283
7644 3655
367 5085
230 5122
5879 3332
5117 5843
5427 3366
131 4771
6814 3894
1044 4046
991 6445
610 2361
53 2647
3968 1364
4795 6288
1864 2367
4910 1905
7229 5072
3647 1159
7335 6978
7302 1020
1789 6109
3817 4462
4555 199
4694 285
4454 7455
6941 817
3811 6380
2427 6412
4848 5557
650 708
1819 7426
1770 3989
4750 671
1296 4714
2610 189
413 6991
6862 2239
5750 5286
3871 4792
2731 6970
5756 4714
32 7237
4097 2407
4624 5882
3059 4991
1454 6852
3095 737
1660 6582
6696 6477
529 1329
4013 1119
2150 4535
6560 5753
7229 962
6488 569
92 2555
4777 6981
196 4570
7285 3436
295 3808
1820 1684
7480 5641
6948 4199
525 3886
502 1093
2603 3432
7396 5942
5539 4467
1459 3523
3589 1701
7003 7804
3159 1321
5721 7022
1360 1192
6789 3602
3479 6050
7712 1931
1260 7702
5986 5902
6137 1209
125 175
3613 5159
6655 6205
4463 6183
983 4557
6927 1725
6988 889
4233 1082
478 2184
657 7212
3186 522
4870 1662
4734 7672
1330 1113
1051 3587
1195 4281
1587 7543
1744 668
3071 5250
602 2545
3672 7704
4454 5652
381 4748
5095 1822
2338 4921
4126 4970
1843 6888
6995 4693
4635 3046
2576 2847
3549 233
6624 2867
7276 6254
6611 1606
7082 5953
4819 6419
2040 7482
172 6789
6244 6823
4310 7084
4948 939
4082 4048
2077 7156
6139 7584
7835 6129
6751 1580
6169 2391
3404 1952
2039 3312
2687 859
1836 3968
5345 7392
5165 5130
4853 7801
503 2212
5197 2641
7820 3147
6271 2484
3912 1299
3878 612
7692 7496
446 6648
1410 2721
6813 7435
5779 3807
5146 3977
552 7181
872 5029
3147 4366
4923 4935
5079 2756
1288 3502
7496 6503
6757 2400
7146 4210
2840 6023
4566 1128
6271 4119
5776 1415
3581 1938
3817 2399
737 1152
4262 1259
6890 2505
6900 3878
2812 168
430 5586
1064 2202
4709 6176
4978 6540
6335 1256
991 5381
6519 4593
2954 6636
3056 6847
920 852
6179 2932
3639 770
7137 2898
2525 3784
727 427
3223 1656
3467 1436
5489 4853
6889 5618
6623 7110
6183 1110
5574 540
5694 4154
2076 2350
243 1275
2439 5169
7458 3561
2450 4349
6705 5874
3813 2731
7666 6918
4218 2915
3609 4828
7424 6603
3563 7243
7720 1601
3682 6102
1932 7568
6552 4349
1405 754
36 7565
1367 4494
3919 2354
1700 7276
2002 6822
485 6186
7433 6672
4485 3782
7199 5227
7687 2715
6434 677
6188 2881
2869 6656
3145 861
724 3670
6538 1812
3581 6370
667 3898
5814 3292
3172 5506
4145 3226
1373 7535
6154 7651
5175 5448
7807 6608
4522 5825
4725 5676
3728 6943
7730 7805
7314 5732
4736 6476
6516 362
1721 3881
3584 4451
2846 4841
6863 1366
584 4505
295 5569
1317 4637
2364 1361
5949 3601
744 6189
4200 4387
5346 1134
5804 1898
2762 1965
6025 5997
88 4935
1575 763
640 4090
3212 5105
7806 2397
3237 4850
1555 1780
2640 230
3324 2924
1293 1311
1003 7540
1830 1557
4272 2924
5022 7631
3398 1787
6471 252
6505 5025
3543 4222
586 220
593 1540
5251 7299
559 4745
392 3512
5966 4013
352 1841
4336 944
23 4411
1836 1588
6822 3367
1309 4315
870 3424
2157 7038
3600 5202
608 7279
2903 3547
4954 268
5440 6812
6489 3606
1822 4466
6929 2596
3550 2759
863 1165
2741 6766
1775 6252
2427 6454
3864 3430
2850 5481
4409 7564
2741 3593
59 5892
4737 2099
3734 7687
1872 6747
2556 7771
2598 958
501 6832
6477 5331
7763 2467
7822 3904
5904 3541
3123 1770
1689 2376
2975 5944
7387 7370
7250 212
5849 2756
2886 1539
201 7565
6253 2457
7051 769
1364 5710
3200 1076
1268 7066
805 2479
4539 1010
1171 5480
3928 873
747 3477
5407 3042
2448 6001
4798 2848
2584 6492
848 4973
7582 2645
4717 6461
7240 7244
6294 4866
5655 4705
867 1809
577 63
4060 5697
2937 5135
6050 1280
6759 3557
90 7166
3837 7079
6588 2799
1762 2194
1366 2477
7047 2206
2488 7831
762 5736
2830 4904
2635 6209
7520 7752
403 6860
2582 1466
4819 4846
2775 3
2679 2474
5350 6896
1128 2454
2176 6338
7829 7395
7425 5834
3016 4471
2844 6268
3733 1948
5037 4937
4186 6548
5368 7140
5237 6363
4396 3644
4154 5961
4136 6401
3424 7602
541 513
1669 6264
324 5884
5343 361
3813 929
4179 6084
3968 293
3177 5944
1141 5663
1683 649
2119 3003
4701 1451
3133 4545
2830 6531
7360 5229
561 3156
6052 5505
6095 5092
1219 6395
2533 5985
4032 4181
4363 4295
2570 1711
1747 7450
4041 426
2085 4934
5235 6655
3214 3357
7253 1150
1897 6759
5223 1338
1671 5564
3730 4197
1086 5051
5647 6707
1033 6244
31 7446
3659 3880
3929 5884
4111 4100
6318 2816
4378 2714
6995 6771
2661 7816
1359 6508
6175 7653
7237 6926
7724 6027
3960 5543
6366 1672
4842 1261
2754 198
1902 33
2439 3167
91 6224
1308 7229
4755 2523
4787 2055
7733 3476
4083 6822
711 4524
5507 6629
5595 2028
7221 7252
5299 7571
2145 3124
5986 248
372 896
1305 5766
6703 948
2529 5522
3925 382
4144 1896
283 6699
2869 467
2122 5760
6612 5109
4465 6458
1694 5500
7012 6331
2725 3136
3451 2825
1770 1191
3798 1361
3868 5331
1196 2098
3454 5985
3344 7361
249 1876
120 3777
3485 2384
2803 3112
6403 3275
958 2712
2321 209
739 5680
4781 4338
3054 2101
1277 2046
1922 1410
6007 3538
5309 351
2972 6956
457 397
5280 1585
6248 1178
4609 1521
7390 3145
3111 3577
443 239
4764 3297
4992 4999
3763 5502
3691 7499
4512 2681
2697 7258
4237 5156
2003 2977
6673 1547
3421 6398
2762 7667
6984 6689
6692 7225
7810 6057
4546 405
2353 537
1212 6433
7215 27
4026 4255
6132 6775
5782 6559
7347 2883
7220 1810
6396 3651
1326 4428
4660 3312
2218 6063
3847 6117
7700 6693
5454 3245
5492 239
6199 4630
2768 3624
7024 982
5563 2754
126 3337
2599 1194
5749 5256
393 2750
744 5843
2978 5330
1731 6987
2739 5514
5833 1394
3061 6065
2830 5265
1866 7157
6595 2851
50 4085
1248 3010
252 6665
5425 6134
13 6218
6973 5054
4889 1684
4797 4356
5182 6468
2948 4042
2436 4688
6466 1236
5858 3038
5422 2012
5487 2382
3071 6795
5267 4618
5605 2936
2843 3246
48 5460
5886 719
3745 7514
866 6984
2456 6403
1909 5306
6479 3360
7572 942
3695 757
52 3821
3031 4365
1977 1844
1654 3610
4264 4923
1912 3259
584 5735
281 7794
5343 6616
6970 3067
1603 4922
3840 5350
6514 4269
7681 7387
2091 6377
2318 2465
6619 3923
982 2841
5468 7379
7607 7690
111 3233
2245 6719
6069 3103
5477 2554
2218 3667
7229 1833
6993 5911
1727 6734
646 7477
598 3709
3210 2038
1489 1207
2903 1204
2069 4585
5905 3246
2125 6405
3523 7023
4069 6157
577 3737
2401 4116
7728 5836
3121 302
5085 474
2380 1807
6004 10
3956 5690
3335 6152
4382 6776
85 2806
5926 1429
5614 1013
1329 2842
4690 3177
7213 2718
3466 2573
6916 164
3861 6284
4747 3185
6248 3116
4223 7110
5383 7411
6128 3286
7158 6986
2121 5155
7612 1588
947 5756
835 7158
6359 4368
7616 576
6588 7128
4930 3078
6669 5726
4165 5505
7666 6629
3007 6063
4836 7153
1693 6957
7285 157
7167 1873
2109 3978
6435 6804
2549 6725
6478 628
4310 6687
729 2383
2412 3323
5202 6203
4440 2915
1113 5071
827 5598
5179 623
6752 529
4280 4600
7671 4367
1657 4475
6302 5220
6256 2667
3774 3065
5199 767
1396 325
5677 434
4440 6038
2802 2302
6472 3199
5508 3720
971 4015
5035 2058
5831 7840
973 5848
2776 6442
2623 2384
1381 3441
5896 1946
881 3657
435 1572
5695 4747
4513 3161
1828 5615
309 416
7367 3523
6660 6227
5184 1798
6701 1485
4380 254
7394 4866
6860 1886
2942 4221
6408 3895
82 392
689 681
6731 4283
607 478
2621 3839
486 4171
7491 7755
6653 1463
3719 6992
7742 6867
5826 5101
7145 3578
1752 239
5428 6295
7066 4999
4182 3939
4707 7746
2343 1466
6962 1782
7025 2418
7730 915
5078 4509
6765 6936
2067 2102
1709 2392
4094 4914
4837 6034
5975 5657
3512 6546
7619 6266
5552 5014
5780 5875
7257 5787
6906 3988
3431 2270
1100 6559
6404 5148
2130 3454
6096 7406
2960 3795
6196 4411
4656 817
3588 3459
6679 209
7532 6188
1135 2074
4227 6901
3039 2632
1779 7775
3777 2812
4691 7701
3492 441
90 5464
5367 1233
405 7625
2305 4255
4046 503
2190 4162
6519 5320
5955 724
3086 1560
88 1242
6162 5893
4274 6415
7808 5823
742 4309
4032 1637
3434 644
7027 6947
7795 7111
6803 7068
2809 4405
900 3527
1079 4644
4919 7068
200 3929
3124 6303
917 2835
6418 3633
439 6218
4373 6058
1112 1421
4856 5907
2018 3560
1681 2324
3976 7203
7378 4408
5866 6187
5444 4221
4935 1789
7136 131
4883 2433
5407 330
3796 4042
2274 6657
3017 4211
5644 6339
6334 1836
409 3216
133 1510
7145 1965
4685 2227
107 2578
0 1438
3225 2792
6844 443
3215 6033
4036 3150
3296 5167
4455 6578
4861 6425
2717 1686
981 3355
749 3794
774 3255
7496 3272
4955 2715
7705 6244
1868 1357
1063 7311
3151 4619
3609 3909
7687 6209
1374 2006
323 993
522 5268
1230 4055
3452 375
1478 2430
4851 5327
3888 6971
1630 4983
2098 5689
3526 4681
600 3081
4147 757
6901 58
5443 481
4646 3420
3800 1248
2199 2158
2449 5868
11 4982
967 1335
1539 901
3326 3789
5766 5700
5538 5059
3752 3136
251 3981
7799 480
941 5476
1419 6412
7741 1869
252 4934
3300 4599
536 3020
203 2950
7573 5153
2695 5520
886 7239
6159 4740
1333 3433
6455 2863
7635 3522
987 3561
5055 4786
1668 5405
1234 4510
7683 3995
4856 969
5217 1547
2920 3256
3377 7245
1657 757
640 7008
316 4623
2438 6545
529 6648
1063 4890
6045 5437
7273 6749
7432 1361
1420 6810
2234 1844
3832 5498
5088 1339
3335 3298
3957 2580
4317 6391
5552 4881
6504 5644
174 1093
4457 500
229 374
7324 593
2325 5058
4669 6720
6266 6540
7654 2731
1425 7530
2013 3733
4588 4279
4106 7822
1330 5890
7792 5599
6072 487
239 6948
1268 7839
5032 4693
2770 98
308 459
4499 7703
7029 3100
6578 2135
3901 5807
4116 5636
1728 5511
1732 4661
4156 2396
4483 1957
5410 2544
3035 3449
709 159
7326 4428
5721 803
3687 6734
3180 1858
3643 3520
1154 1139
7561 3695
7264 4060
6920 6229
1999 1735
3791 5224
3121 872
4561 5605
3771 3323
2045 7519
3517 6744
6239 5143
4481 6222
7076 1763
5519 1032
322 4071
5388 3481
4991 5122
1758 1331
5993 3878
3281 2957
2421 2063
928 906
3206 268
6172 1073
6173 4899
238 5029
2783 18
3770 4555
1150 1018
5778 7114
2092 2084
5678 5612
1795 2646
5188 6277
3375 4621
1006 6485
191 1643
4585 6207
2949 891
3359 6156
1082 2932
2353 4138
1065 2044
6894 456
5382 5032
1141 7280
4237 2457
4002 231
4676 3915
4920 1845
6698 4273
3339 3863
5926 959
6874 1236
5443 3880
3528 1464
6071 4213
5741 2129
7249 7206
5679 4419
536 1741
298 5109
7783 4124
4800 4560
3189 3932
2352 797
1770 1657
1502 1232
6992 6974
264 3966
2365 6454
2575 3616
1890 4290
7244 6639
3897 5730
3316 2168
5033 3409
2366 6684
5258 1131
4535 3444
5934 3852
5080 4230
3313 448
6841 2645
5500 364
5663 1808
5970 7571
7548 7136
2910 1439
3056 2614
3346 3828
1069 7517
4915 6784
2633 3229
1919 5273
917 6677
7540 6051
3096 2630
6825 6222
5690 1709
356 296
6715 6664
5229 4340
150 1369
6535 1018
4237 367
4330 6292
1752 2747
7167 6302
2777 5066
5268 4213
6004 4842
2165 938
2769 2801
3933 6680
6751 959
2248 1665
643 443
7385 5104
7163 1461
1619 4931
3431 7465
744 2475
7460 1278
5323 1757
5755 411
1119 274
4277 2471
7594 1903
852 7463
3414 4603
145 7039
6714 5485
5907 976
7242 2885
2130 6262
764 6163
4303 5928
7689 1018
6815 2713
2248 5113
5828 2904
2945 120
793 3000
5987 5157
2225 5562
6752 4348
3200 5700
3069 4536
7776 3231
4367 2143
5881 2922
716 7274
1551 1967
3706 7719
2586 1228
5047 1097
6446 5653
2192 1820
2607 1010
7442 386
604 6631
2321 501
2986 5314
3565 6715
5420 117
5639 939
7360 7172
148 401
3839 7343
7423 3884
3563 1712
3993 3679
4948 3856
3625 2076
6112 6370
2871 7835
644 6146
3615 7804
3455 2539
6955 930
31 1414
2869 560
6209 5997
1936 1611
1874 502
2480 3362
4889 6743
6330 1712
4540 2414
7112 324
3362 4320
1480 4899
1192 2771
7340 1923
4748 7373
2315 7449
3290 4295
7434 2698
3871 1636
5019 6018
5260 1811
1391 7347
4681 4843
7042 2428
7470 6867
2576 3480
1379 6215
3955 4051
3215 5500
7431 3005
4609 7792
2401 3706
1854 6683
5969 5637
4308 2679
6957 4269
678 4433
4232 4227
3871 5442
4000 4365
6989 1890
846 5526
3041 4201
5748 4819
2435 464
6889 5126
3026 6855
7410 5882
2409 7314
4170 7365
6000 6649
551 3122
6514 3197
7789 3754
549 664
4305 1888
673 6091
6160 115
7367 2495
3513 1121
956 1786
3198 7599
5627 7519
1785 1774
7041 3408
2114 2129
5917 2865
4685 849
749 6812
4500 4329
3339 740
3716 2095
1749 4239
938 4463
956 2638
656 2401
422 560
7282 6967
7107 3299
6982 2676
2483 1456
3072 967
6304 5576
7747 1140
504 1518
1431 316
7308 5594
6283 7281
5653 430
5187 3554
14 4030
1037 6969
4566 3991
7240 3568
3418 2234
2164 6241
3118 7285
1091 534
5475 3367
5286 6840
5400 4242
2118 3798
7785 15
1737 1397
2776 4321
2314 2613
4346 2699
6528 1896
5456 3648
7579 6709
5540 3552
3571 7061
3033 5557
3695 2685
790 7650
5722 5040
7720 5583
5952 4038
1312 4164
2662 3909
5483 2468
5308 4539
3131 4384
7499 5615
2176 2172
7827 5987
5946 1466
5223 7678
5312 5200
5712 1267
2776 5703
2588 654
756 4746
4578 7262
6163 386
1633 1092
2256 853
1488 4876
901 7100
306 3435
3651 7285
6799 5064
7346 5319
7476 2640
5159 827
2517 1559
3313 6436
235 3888
1838 4311
3160 3659
4182 3638
1940 6469
6543 1995
3416 7069
5937 6683
3698 7341
1585 2122
7267 5494
7737 5524
2097 58
1222 7401
931 7393
196 5912
3145 793
4190 5989
3560 7191
2446 2995
5765 3028
1223 7707
5283 1155
2188 7710
1294 943
1080 4178
6435 1128
3366 2451
6789 5676
1466 3085
2541 3216
7494 7721
3723 1146
5260 3290
1814 4207
3642 4471
2995 4445
3851 1721
5807 6838
4345 1408
4171 3892
6216 2198
3906 1848
152 3094
899 6965
4894 2073
5668 5651
5814 142
5046 4215
123 4049
2219 920
7393 6097
3974 2066
5815 4548
2192 171
1585 6981
7131 6227
1980 3439
452 5271
422 3042
588 6215
2349 3481
718 6054
2195 627
5088 259
548 2395
3363 4205
5168 2705
2226 6248
1814 4772
510 7121
3385 2183
1652 1269
4194 2851
5719 1734
4291 2319
535 5976
7254 1782
4461 3136
1938 2144
5157 4587
5937 2384
5087 2670
446 7678
6629 7825
4278 7150
3370 4749
3786 5411
6622 6711
1794 4824
2394 5570
7138 2824
5576 7774
4824 5334
6747 1883
2489 4179
1265 2602
3080 5387
2388 1259
2253 7127
16 1315
5599 7436
658 5094
5720 578
4840 5351
143 2248
1502 6296
1459 2949
5261 4552
627 1630
1396 438
3683 5899
5766 3848
7103 2245
6903 1017
2332 4136
6180 3593
2478 3983
7198 277
6413 6083
2182 2851
3657 2347
6638 5766
4617 1802
5105 4451
2453 2375
7339 308
2140 187
6135 5136
5175 1172
5775 3712
1457 5847
3132 1999
5869 5534
293 3073
7249 2456
1705 5988
1200 7435
5058 1909
4082 5358
291 3981
1827 2783
2860 708
4007 116
4631 12
7551 7653
7838 3096
5480 5896
4139 2015
3321 3620
7656 5786
827 2625
4591 6988
4309 965
1723 1191
2007 1387
5145 3863
7189 7665
3569 4762
3021 3215
2664 135
6505 7352
4547 4231
1186 3892
4193 7448
7666 4657
566 3841
6291 2696
2215 1736
2452 4388
2739 7175
5992 1996
935 3760
3655 743
5611 3189
6435 6349
3508 6143
5532 248
2864 1827
2465 4289
5768 1750
4441 4700
2458 1478
889 1522
7055 1366
953 3763
4431 4099
6268 731
5123 4548
6307 7773
7213 3701
3159 1069
5944 3232
3732 552
2047 6505
5527 6286
948 3143
5769 1204
3965 2677
390 5478
3926 2371
3245 6337
5371 5199
5527 1905
3851 3452
6691 3327
782 2753
5 1236
448 1181
7519 7446
1236 4811
7789 5101
2686 7269
2369 359
2705 5180
1224 7573
6283 1741
6615 858
535 5298
5237 5243
7112 5364
4088 7210
2206 4818
3469 6226
1991 5857
6681 5825
7651 1943
5670 1302
4757 4484
4174 4224
2533 3860
2759 4316
804 1469
4544 463
4198 4292
4122 4825
5736 1998
4736 4904
2491 1550
3393 4668
6950 1743
3864 2563
408 3558
6903 591
3498 1732
2763 900
3534 1084
2187 5259
4932 915
7502 3210
1667 1350
6041 500
2550 6441
7815 434
1555 6088
3389 6283
7157 5045
7076 1071
5295 6509
3611 282
2274 7110
6757 6491
6144 4854
5651 3247
78 4392
4675 4242
5975 473
4396 5508
1392 3738
7679 7736
3552 1748
2496 2436
1908 4119
600 3841
5856 5906
6549 903
5268 3874
5629 1939
2940 2064
4274 6817
6329 3321
7759 1184
1999 1292
6 6006
7600 5743
5361 882
2484 6884
4179 4157
4203 5641
3180 5302
254 3703
4036 4878
2406 7534
4890 113
88 4967
7390 3071
2323 6523
6422 581
5165 4509
3536 3828
5499 5230
127 7792
4670 1327
5681 5750
4918 3748
4099 1103
2528 6999
993 6419
6993 6785
5583 3269
7211 5494
1777 7675
3206 7472
4017 5892
2211 314
1101 4873
3211 2104
6815 5743
4879 3946
60 5065
5014 6227
5808 6814
3134 7466
1184 6764
4864 6051
132 4865
1187 3935
6916 4650
7127 3506
3095 6042
5604 1086
1647 4943
1013 6156
1232 4781
4722 42
3811 810
6036 2414
5011 4644
147 6547
1353 296
2280 2338
2871 5631
3844 1676
4890 767
6493 2778
4322 6371
2376 827
2540 5269
3864 1566
4037 7211
1036 1404
514 2197
793 2072
3956 4283
2257 490
3922 3610
7467 764
4988 6504
7183 4558
7049 3948
6844 5805
1747 5539
3379 1100
444 3973
7707 1583
4216 1264
6098 5432
4147 1227
5228 6743
2276 1668
415 1124
5558 3215
7515 4644
1106 967
6560 2852
858 6914
5366 3268
263 2926
1961 597
1022 220
3827 4527
5238 997
5973 5130
5885 1871
2959 5986
3641 4917
7399 7782
5006 3666
4589 749
1739 7122
2272 2659
2460 3986
56 799
6184 7733
3033 3275
3701 1324
531 6357
7441 4928
6015 3225
7703 5187
2721 3632
5518 6006
4048 1643
2407 3753
3558 4369
2884 3895
5117 5004
6293 7298
1366 6439
1421 402
84 2689
6599 3410
1129 5894
3393 965
6609 542
1834 2282
3155 915
1342 6544
86 2125
3057 7755
6393 2260
7 5656
6394 878
6057 1924
1695 3264
1101 2228
3520 180
3397 2679
5860 1765
3931 5019
7803 5666
6089 6292
5213 6390
4914 201
6661 3209
1881 7570
3188 2597
6133 549
3957 6621
7399 3975
5244 3108
6802 2060
2552 6627
2571 7243
5424 6501
2072 624
574 561
1636 2743
61 3625
4553 6530
225 5557
4481 4459
6229 7077
2706 5396
4384 4150
7468 79
1746 6001
2131 1636
1334 5860
4444 5450
875 1521
1930 4142
3705 3437
3445 818
3288 2399
5136 4635
7258 7414
710 2431
7177 4963
2884 4664
2327 374
7766 5445
7335 4567
6997 774
5963 3069
4727 2048
5789 1875
3046 6760
5633 5648
5386 1060
18 6855
6494 6290
5752 2016
6900 7032
2067 219
4307 1360
3582 2929
2055 403
4777 2847
4107 2693
694 5069
1195 3844
376 5635
572 3686
750 5976
7281 5490
4140 3368
3905 830
4351 7562
7562 4520
4476 4955
6545 7412
2100 749
7177 2069
3583 3511
4451 2266
7402 3648
3128 5160
7424 7021
3074 2630
1305 7834
6924 3468
4141 701
2070 3247
3634 972
783 7085
285 6150
2118 6249
1945 7100
3260 4853
7757 2125
387 6582
5765 6495
3190 4601
4192 5178
7331 6703
4856 1580
1178 1447
7119 4810
2693 1023
2151 7499
3631 628
646 7408
7452 1408
3164 3565
805 3986
4111 7786
6559 5354
5459 1292
1689 3693
1669 1615
3910 40
571 32
524 2714
3127 736
200 3146
4424 4018
6720 520
5232 3015
479 5827
1127 3159
5129 450
1871 3641
3235 1882
3330 4128
2249 6042
3825 6509
2133 7449
7694 5357
220 2239
6210 4416
6251 5293
4569 6117
6666 1757
4722 4436
6967 4618
144 1997
1190 6960
6564 4840
983 5878
4656 4405
4685 4022
6355 5454
737 4146
4212 5509
2616 7455
7116 37
3926 7033
4138 7710
3682 5049
4114 3876
1683 6104
4850 469
2191 2888
7136 3802
1613 208
3980 527
3187 761
822 718
309 3315
2897 1563
4433 1407
2401 954
5415 1617
2978 2574
2186 5043
4954 4381
4601 786
3485 7805
1387 4620
6064 3701
7503 3671
2541 3300
1539 885
1080 1310
2922 192
4868 1916
5171 5738
790 3297
4105 4306
3904 5056
926 7458
7392 475
4621 75
2058 3115
6165 1788
6380 3359
5130 4116
1780 492
7462 4093
7805 5365
2532 1018
1101 989
1125 5023
5202 2592
6093 3127
6666 6589
2821 1465
6370 1592
6714 7677
5400 7519
1527 2816
6361 7760
2250 2592
2661 3573
6501 4228
5288 3244
532 5836
5759 3516
2855 4201
771 1477
2532 1642
7175 5050
6925 362
4970 76
7261 1579
3497 6133
6752 1901
3954 7612
6933 2294
5898 3333
5840 131
1967 5759
3833 5446
2935 6409
5155 7799
7668 4187
7485 5889
2057 5499
6222 2802
1753 2911
253 1049
2363 2893
6516 4312
3722 188
5719 7666
2426 661
6661 745
2764 5123
1767 5934
678 1160
3536 4957
2101 5354
533 3093
3863 5746
4134 2989
5696 1456
2384 6731
824 2769
7202 4390
72 4613
6682 1984
1138 1862
5499 7098
4820 211
4082 4196
2695 177
2982 6917
3420 7122
6126 3728
7419 6548
4600 2138
6005 4877
7138 7723
4657 2799
6165 6894
2462 4062
2677 6765
1847 4639
1684 6554
1902 3476
6641 7655
1826 6898
990 4876
2289 3996
3751 6522
7155 3798
4180 6277
3745 4501
7158 2297
5798 4427
456 983
6191 3638
202 5536
3473 6
3900 5087
707 98
6588 5653
3172 3073
1135 6181
7738 18
1044 7017
6436 3716
2996 3202
3754 6647
6074 3216
3836 7034
1367 5025
6062 6782
4780 6108
3846 4227
5665 85
1536 2355
4055 6951
5297 118
5773 5920
4350 6619
353 6735
6571 6836
589 3042
5744 7116
4495 392
6225 460
6965 4820
7165 6676
3140 7590
2182 374
2570 2330
6790 6985
25 4882
2309 3100
2848 5664
5096 1194
2170 5065
7643 7542
3502 5678
3329 6722
2018 308
4580 4976
7586 5806
1219 1469
7066 2502
7757 3759
1574 791
1308 7545
778 3147
4571 3835
1378 6808
7423 7562
6538 494
6451 6187
6561 128
1391 5294
1109 5682
6839 4578
4008 1567
5245 5163
1013 5317
3429 4194
563 392
5243 2198
7270 2399
6737 7167
1022 3492
5585 4549
4188 3446
3938 1734
1248 4653
423 2683
3861 2067
3652 5428
2610 2056
4118 577
242 6492
961 3233
2889 2259
91 5582
4554 5049
5305 1650
7213 4828
5484 3877
7721 722
2510 496
7570 4423
1688 1052
144 2826
1025 7336
4207 3875
2049 5456
2017 5082
647 3283
2606 2116
1310 7410
4346 1026
912 4095
5866 4890
4906 177
1715 3737
2252 4170
4592 1795
6839 2902
4147 6238
6486 6552
3604 2476
2444 7637
6506 5452
6984 6039
7044 4164
3793 6161
7004 392
2727 2117
1647 752
5473 5974
4866 189
4503 7253
3561 6447
5913 7776
2052 4151
2439 6734
672 4674
6218 7372
515 6570
1146 7032
576 1968
7328 5996
5717 6711
1279 5585
3581 4662
249 7154
5904 5260
4462 260
962 2357
5328 1318
3920 6923
4823 1063
3883 7367
2677 7077
568 6977
5414 598
2681 7770
674 6888
6556 1124
3180 2689
1424 3009
5003 3875
5342 7222
5563 5046
7284 2937
6830 2069
3953 6147
3685 548
6943 2731
6234 664
7375 6917
717 45
6929 5740
6092 1662
593 7495
1587 3506
1374 5562
4225 3466
6490 4745
7050 746
5218 1817
3738 682
3017 7469
7796 3535
6067 3988
7774 6131
7049 6519
6943 3997
6268 860
6631 6380
2626 800
5212 6590
6408 7729
1721 4589
3860 5422
2477 7194
612 6772
2705 5677
1550 23
6958 6444
7338 6773
7760 2593
6670 6731
2489 1194
2660 3921
7550 6182
2452 3829
7459 3182
4076 5066
4602 7405
1952 5832
5056 3645
1063 3757
1321 5517
5169 5290
1400 4462
1373 1851
5455 2667
365 3577
3777 5884
6415 7322
7594 7468
6903 3238
4215 5043
1918 4202
330 2229
203 5326
3037 6595
2790 5161
2113 1103
3480 3094
1707 7050
6362 1353
1524 2847
2732 1709
1327 7709
1967 3963
5023 7838
4476 5092
1301 1568
2378 3741
3973 2007
911 6664
5186 7511
2953 7600
6420 2884
7694 4424
7829 5303
4708 1842
2170 89
4508 7723
7279 3756
4297 4616
3381 5568
40 1942
6873 2878
4418 310
132 7835
3698 4943
1923 1751
414 4891
3607 6452
5085 1718
4750 2873
965 4383
1192 2794
7349 1869
226 7448
6764 6185
4640 2212
5511 5553
4239 3965
2859 5717
1286 7418
4484 7761
7401 6040
990 39
469 3417
3089 1997
1187 4234
6640 3596
5751 6785
4508 4761
6824 5552
5940 5893
3466 5315
1029 2445
7703 5393
843 873
1307 6333
7565 4975
3697 5494
7066 5422
4898 978
5872 2662
5911 3402
4060 5538
2614 4808
3933 3484
2580 4288
1235 4947
5179 6064
3251 5974
7436 5393
179 1764
7716 1413
4463 2937
3904 983
3711 1554
706 4669
5642 5012
663 3607
5830 1379
2817 90
5982 7799
2505 3140
1574 7548
1745 3159
5421 2913
353 7180
7483 1533
6223 6501
2681 2361
223 7082
399 7243
3790 134
880 916
2145 2841
4845 4914
1589 7252
7618 3231
1897 6548
146 6448
551 6349
4932 6466
4355 3709
1363 3931
5014 3330
2230 7464
1527 2503
6859 4910
3052 3303
4517 2994
5887 4155
6364 1029
2877 737
4309 6415
4195 1302
6974 3464
3861 1804
6049 5603
3763 3632
6132 7641
1240 6952
7743 960
3997 943
4078 2832
7782 6122
7026 3882
2241 455
5676 5422
5475 512
6599 3374
5340 2475
294 6007
206 435
59 3331
2169 3235
3169 1572
939 913
5701 7502
3353 1077
2531 5233
117 274
1852 7394
1 3085
2561 5596
4743 4377
4921 3461
3492 2418
3381 6078
6211 1760
3105 7691
4341 5440
1325 6772
7499 5310
965 3900
4434 1794
5436 3301
1783 5049
1973 3561
7407 4516
5653 688
3752 4379
6470 2639
4365 204
5744 2524
3977 3551
2805 3520
4769 1290
1587 2146
3941 7324
7498 3965
5368 1858
4371 1127
3680 1892
2061 3573
5520 370
7551 3996
812 7036
7615 349
3871 1674
6842 5782
203 3862
331 2553
1576 2205
7419 3929
4464 4695
2037 2073
1797 149
1206 6272
6068 1159
78 3295
409 1421
7139 1226
4152 1430
1054 1692
1168 5789
873 3335
7623 6653
7677 4107
3365 4676
805 644
1016 4140
66 1928
6950 3393
3409 1157
2535 5835
497 1503
2566 1687
6611 1011
1083 7185
5146 6281
4846 6398
4480 1362
6 2297
124 1989
6623 2705
552 3472
7483 2189
1019 895
3065 4738
5054 6605
2175 7449
6637 5700
5783 6728
664 4426
4371 3076
6212 4208
4294 5418
3874 5701
252 4654
6125 177
6088 383
4409 1225
4987 1035
3662 5199
4929 325
5574 4643
4608 2331
6764 2642
6356 7659
7399 4399
7640 3473
7257 4303
5145 2788
2103 6768
761 319
7760 7661
2005 6464
7200 4110
7514 2521
7412 4490
1042 3173
3048 3205
1469 4019
1133 1421
5661 3863
881 3824
7808 798
6431 1041
5343 2518
683 1036
3426 379
7185 7213
6260 6680
5451 1585
4617 3166
3127 7452
1797 290
6204 7133
7795 1285
6263 3270
2798 5324
1824 2869
6231 3644
2272 7694
7212 4515
1945 1474
2436 6301
1662 1935
5954 7093
2092 321
3604 5433
3041 6480
6310 1843
7196 1342
2616 1678
1371 7239
7706 4097
256 6755
5787 1041
3018 3037
5868 1180
3955 4758
6611 5050
1244 4766
2341 6173
2168 5550
2571 2058
430 3829
5359 48
4227 1523
3833 4709
399 4699
2546 541
7563 425
6755 6475
6321 2753
4593 5451
2590 3329
448 2509
1699 1307
4347 1192
6919 1398
1639 1634
3083 7483
4476 7482
7681 7767
7129 1855
6455 6879
7229 6937
6031 762
1427 6905
5863 1009
51 269
7270 5362
7640 4236
5564 1082
3426 5190
1203 223
5113 4918
702 6087
2009 6491
4090 5784
7467 6188
734 7529
2810 4804
5885 3996
6537 1696
327 278
7403 5741
1514 7812
2789 377
2219 6766
4849 3619
2417 1743
5878 2479
225 5921
1464 4943
446 950
575 5477
6254 6885
2338 4054
7442 4413
667 3829
3153 4669
5417 415
3849 4368
5395 327
1636 3443
1441 6568
5981 2326
398 2789
7580 1736
6147 7117
4969 435
3960 4575
7795 7345
1067 1264
7212 5895
3427 2203
1694 6323
3836 4841
167 4746
672 7549
7379 6050
349 5160
2053 2180
833 2324
3363 3702
6395 440
225 3153
3815 5649
4583 1676
5484 6680
5363 2581
805 4361
1513 3949
4642 170
922 4620
6477 1744
37 775
961 2299
6352 3655
327 4941
1992 801
1255 2102
3685 2820
2458 4152
6143 5645
2424 4729
5822 5240
1016 2038
6637 401
4456 983
4983 4368
35 7262
2238 1765
7142 2589
265 5965
4708 4224
2958 6910
3548 482
369 6638
576 4153
80 2719
6009 3321
5575 1871
1130 4915
1473 7022
2325 1288
1412 6467
80 2627
3684 304
326 6855
6769 3950
6696 2997
2312 7582
1772 1559
2996 4805
6587 4170
7165 6060
5866 6205
6616 52
5161 4745
6748 6519
2791 6161
5407 1144
589 5476
4103 4170
3710 710
4846 5119
2787 363
2908 2581
7707 915
7798 7187
7483 4549
5572 2401
7726 6170
7489 2724
4883 5514
1190 1248
2150 4991
3495 2730
1019 6810
6056 5963
5810 2961
5277 3075
7379 5710
3135 1895
4902 5165
6782 4027
6120 7254
1249 3871
5003 6717
3831 5272
3389 3107
3034 1400
4796 1099
7585 2016
1648 2741
4925 3990
7537 5309
7830 5689
1492 2213
4496 5863
5969 1884
1260 4542
6686 3671
482 1063
162 3586
4808 5500
3544 5675
717 2462
3588 5552
2969 5400
3677 1146
1445 2597
7094 4424
3053 3786
3030 2049
3952 217
3217 2639
4926 2218
1729 1255
3464 4182
4582 5747
5664 3097
3719 6883
6815 3098
4934 5615
7572 1111
3736 1167
3327 1334
955 1274
7277 5958
2331 6285
6263 2542
1100 3625
955 5554
3532 6337
4778 1192
7699 1145
3554 3196
7223 953
2710 6507
4341 4171
5086 7306
1645 3503
587 4823
142 3034
1135 727
683 3158
274 2802
5321 7724
3375 3975
5201 1493
5433 3131
1288 1944
3400 3297
394 2263
859 2203
4753 2737
6756 6781
1011 1660
7391 2793
4285 1015
3016 3891
1071 3784
3524 1509
7463 2588
6276 5094
3476 1598
2210 4857
2599 3669
680 2603
7073 1030
5993 2350
7107 6484
1632 7605
2159 5934
504 3994
851 1128
6213 7251
3252 7101
3659 6600
3809 4115
882 1983
3262 6016
476 4822
7169 1544
2321 5613
6713 6700
4564 533
139 607
3179 1726
6148 3685
317 6355
4574 1047
1022 1636
6566 5384
6042 5366
5833 2249
1607 1110
2787 6116
5827 5116
3651 3852
626 3047
3847 3345
1451 6132
6936 3249
7593 665
2079 4755
7832 7473
7768 88
2694 2519
2197 7138
4857 7008
414 5878
955 117
2295 5264
7583 4607
6261 24
379 1021
13 6711
2620 4490
2146 5127
6598 2339
2643 7828
4853 7069
4914 6430
6720 1527
3253 4886
5183 647
567 3233
7790 7669
4490 7212
3308 92
3400 1864
5599 7086
6676 4689
7066 7399
765 4436
3529 7684
3965 6817
5688 6143
1740 4245
2599 1161
6328 6493
2707 1402
4277 6589
6874 5017
848 1870
3682 5872
2547 2588
7491 7031
5098 2728
3447 7690
3371 1287
6254 5498
5459 2239
4385 1445
1430 5199
6346 2029
402 7036
6025 3285
7413 7326
1613 6779
7764 7115
5008 4345
4679 4996
5652 6308
838 5661
4671 5955
3158 5941
2125 3034
2789 3983
1680 291
2117 3876
6994 5329
5569 367
4372 3717
2876 5062
4092 586
7006 558
3328 2514
7047 520
4378 5764
6634 1971
6926 5362
1384 1063
7646 6913
6661 5135
3192 2546
4467 7635
4041 3698
2081 7487
69 7309
508 2142
4374 1588
3083 3057
7737 6437
3406 2226
472 7377
3612 1082
5088 4927
3205 7444
7065 170
1528 1817
7536 581
7680 4632
2580 7718
725 4155
62 2003
985 6577
7696 5408
4623 7719
1956 5423
5479 4320
5420 954
2014 7098
890 3849
2886 1973
6769 5379
6546 7814
6440 6718
254 6607
5462 5909
5466 328
109 6843
427 4707
5833 5290
4117 2611
6703 4496
1790 7818
4065 6836
5368 4921
7792 1608
7708 6121
1869 2152
5300 4865
5255 7586
5447 727
161 5135
2523 3610
1752 6806
7622 6383
2366 6586
4417 6612
1420 7271
1714 344
28 7836
6702 2690
2806 7598
3685 2722
6887 959
1476 6766
4253 953
3035 4614
4020 1948
8 532
3081 1275
367 5666
522 3206
4045 3026
5698 6560
363 4511
2926 6736
1142 4841
2072 1669
254 173
390 7571
4711 2856
3497 3048
2196 6826
3113 3221
6439 4596
3540 6590
2321 3342
383 2806
6186 6110
1272 4578
7364 5394
2054 7389
1541 4969
1347 5159
7391 2994
3237 5074
5601 1029
111 3704
1434 1279
6835 4111
7509 3905
3844 6944
3631 649
5729 5011
7070 4856
3924 6335
1000 7046
6589 7643
1402 1875
6792 5458
2879 3733
85 2272
4359 2125
1206 6117
6585 7143
2564 4526
4471 4676
5313 3851
7511 1986
7127 6661
7714 2816
6040 4492
4139 6455
5960 866
5320 5307
3925 1955
4993 1536
4466 6426
5864 6265
4909 1088
3888 3598
6041 265
7542 2940
2880 2978
5649 7454
7086 357
5230 5738
3969 4007
6746 1076
1077 1668
808 2231
6706 60
6103 2653
2453 2696
7715 6391
446 1364
5569 5348
1773 958
3572 934
5301 5544
931 1875
6559 6043
3897 6345
7272 2764
6671 5817
6077 1945
2783 1413
1823 6095
552 572
1986 5502
533 2368
2298 4018
3283 5602
1027 3563
2150 539
1071 1953
3294 4330
758 2861
1293 6596
6805 6656
3895 2729
2982 102
855 1202
5577 7522
3204 2812
7430 3361
3107 4721
7421 6048
4940 4014
4063 719
1101 4333
5933 5382
7022 6347
3271 1655
6276 2650
7265 2793
1045 676
6508 3633
1015 3993
7133 527
3913 2264
6103 3610
5139 7693
5158 170
4930 3949
1853 3116
6814 5133
7452 398
6338 6401
3509 780
2671 4488
3454 7580
967 4986
3889 1486
2528 3273
4639 2713
7411 993
5352 7565
4218 4688
410 5316
4804 2616
1349 7461
7441 2503
7462 3426
7685 7336
3447 6720
4631 6461
7339 3359
6308 6416
7216 5930
2202 1544
1779 6084
7307 4643
330 676
3448 7663
