80 1155 128
1178 1016 1
2498 815 2
839 2482 2
809 2071 2
171 2530 2
1997 248 2
1119 1902 2
2321 1166 2
2240 164 3
1569 1133 3
275 2007 3
1831 1759 4
63 2221 4
2422 428 5
428 421 5
507 755 6
990 22 7
821 1648 7
1177 711 8
220 956 9
717 298 9
1337 2056 10
520 1312 11
1805 2331 12
1836 584 13
2461 1693 14
773 1269 15
1295 1590 16
1399 2405 17
2349 2427 18
1795 82 19
300 1599 21
2048 1407 22
83 1380 23
2451 2092 25
1260 323 26
639 2288 27
1453 586 29
1602 1419 30
2484 1405 32
2192 1852 33
1004 1425 35
2187 2198 37
1512 322 38
90 1830 40
568 89 42
527 1887 44
1812 957 46
1764 2023 48
2192 559 50
795 620 51
1433 1801 54
272 685 56
1046 2293 58
30 156 60
2010 2027 62
425 2494 64
755 918 66
2107 1049 69
148 412 71
605 1552 73
1343 1268 76
988 360 78
2557 17 81
2261 831 83
1326 103 86
2549 1161 89
1535 816 91
1803 1215 94
273 1216 97
48 770 99
1042 1669 102
1784 332 105
2276 1574 108
1545 2027 111
44 1077 114
1001 815 117
2000 1622 120
2533 250 123
1566 2541 126
1174 2550
551 2086
535 1008
236 49
2557 629
2120 2461
1708 1592
2361 635
1662 530
1116 1197
1610 0
209 240
100 2043
1506 1583
68 1592
1445 997
1639 1881
383 2211
2011 1833
2072 716
806 13
349 1797
1148 137
876 168
869 2261
1839 749
2529 985
1008 559
2108 373
2073 1214
69 579
872 1058
2301 2035
1578 2240
2291 988
2001 2185
1973 866
2359 2219
649 444
17 316
2379 1850
958 2131
2516 2371
410 1158
1128 2099
476 1465
542 596
1649 150
716 1423
1720 2213
1360 755
1689 1055
1640 2415
1939 2551
2372 69
386 21
658 1709
2166 1321
921 695
1452 161
1195 1698
840 1798
651 773
2270 1739
922 1188
996 2467
1792 1888
456 2322
219 1374
2129 1543
930 1973
197 2343
2544 1931
1421 2272
1256 1895
427 1693
1101 290
447 189
1307 634
1980 1042
1773 1443
1863 1613
281 356
2086 96
740 1862
2115 1965
722 2387
2172 2078
1926 1937
287 2469
1545 1783
1314 923
1558 1288
1150 854
1973 1495
1922 1245
66 1248
1171 1425
803 752
1275 2147
1420 872
2488 2257
1053 1031
2328 2537
732 1555
1190 1807
880 2371
249 2179
2431 200
1885 2163
1015 149
880 915
619 247
1290 424
15 952
2364 1352
31 450
1175 2446
353 924
70 2358
635 2531
1334 1492
890 1356
1265 2361
1090 648
527 1164
1653 1751
1255 223
2212 682
1219 1227
1378 317
1561 1022
290 1467
2375 732
691 39
515 311
1303 1699
1699 681
2483 2488
2352 496
1154 422
1562 208
840 1476
447 648
683 2037
1903 1118
2435 1542
1 2441
1516 672
2439 1027
1902 1843
559 2448
1272 790
1430 1228
2185 940
1037 437
966 1268
414 1870
1187 1600
2356 905
944 446
1682 2068
1928 1380
1465 758
997 913
1900 2257
417 536
1721 896
1951 2451
2165 468
385 1290
628 1287
713 172
167 816
2445 540
781 1103
149 1928
1681 1205
2017 481
1072 1796
1487 2208
1981 2305
317 578
622 984
1161 2228
228 577
1467 2101
917 1512
2180 1688
1738 2442
308 2379
2158 778
906 293
2246 2435
585 713
402 2045
1478 1437
2006 59
1784 1060
199 156
534 2361
557 1979
880 787
2417 2528
103 978
2245 1980
481 1244
1491 2479
1138 1989
590 165
1952 557
2427 2169
4 1490
141 1509
2537 169
229 1126
974 1743
1840 504
1103 1477
1757 259
1463 2361
1681 62
370 2285
102 27
2014 1939
917 81
2535 907
1324 4
1232 1539
523 1772
1093 1587
1079 930
1117 1728
737 668
1186 572
2530 2068
2203 1187
322 1387
1275 1011
20 2024
719 855
1861 1693
477 45
1616 2171
1079 214
2075 260
2339 1240
1575 1217
1315 1363
2055 920
94 2293
2018 2519
163 1195
902 2083
1749 1822
257 838
2326 1949
1532 596
449 847
67 888
900 562
1277 2557
1320 1960
2103 2213
653 1846
1269 1174
1064 2200
2203 331
2555 1746
102 303
513 514
665 1219
2264 1097
2272 1291
1798 2264
2035 776
1216 2011
1934 2058
2470 1181
1915 675
2261 446
1878 2365
2068 1607
183 2459
2383 2359
1361 414
1946 761
1643 1259
2471 1310
2461 699
2222 2295
1427 1909
494 2171
2045 157
2149 1480
1766 2097
1789 1340
1974 1680
1095 553
2023 569
33 1877
2299 278
1767 1508
802 2391
1885 56
617 379
1459 515
132 213
387 219
2155 2321
9 2560
1577 509
1906 990
1307 1116
1006 1148
936 848
2393 365
1 2269
1447 271
1927 431
1550 419
1647 2300
2132 1724
1661 628
981 1813
31 2110
224 2288
2271 740
406 2415
891 1919
462 1943
1377 935
193 1985
1725 1128
2543 2296
2510 1861
1171 924
2196 1533
391 833
885 1115
529 660
371 2127
770 2177
1087 823
531 1583
4 1601
436 357
2 570
1384 483
1998 1337
1042 2362
1092 1291
1411 2118
266 1553
329 2191
996 1990
44 1683
2550 1071
1327 1065
346 111
1510 882
2098 626
345 412
2037 1711
1032 2152
1600 756
219 1823
1532 1367
772 1606
514 86
339 2079
1241 618
1510 151
523 161
919 1702
1707 2309
2175 1999
1945 2176
234 2097
829 408
1297 853
1539 2333
485 1697
872 21
1944 1615
1319 1197
2083 2051
741 1162
1434 2216
154 607
326 1181
1614 1051
1884 305
1227 2408
566 5
2347 1645
2512 2424
2102 454
2335 2333
515 2412
297 802
883 1424
1796 2558
1302 1791
1248 1619
1544 2448
537 1708
1485 1219
1977 697
1870 1792
369 1228
103 148
1457 465
322 1975
2552 1295
526 451
1391 1862
574 873
1057 1201
2486 1047
2296 364
113 1264
513 0
2048 658
2378 152
355 755
499 1397
1719 315
21 1302
2537 102
2198 1442
2337 954
678 383
1395 141
1205 814
2405 1653
47 1350
1377 1062
753 403
150 284
2357 208
793 866
144 514
22 513
834 2350
2043 1339
1947 950
1542 2199
745 30
2262 2550
772 2117
614 579
239 1598
1810 2186
534 793
1755 1189
957 2532
1659 2001
664 596
541 943
593 1459
2300 2145
1817 2396
2055 829
44 1399
785 1749
1232 2179
1660 1594
2033 1174
2026 1495
997 1613
277 1897
460 1159
1017 717
945 1660
788 121
2005 314
2356 252
2221 1304
1614 243
1975 1191
1175 53
364 1749
152 1111
1150 1572
2277 602
125 1165
1638 393
1355 2289
1688 1870
479 1581
593 1612
1635 43
600 447
577 2338
2075 38
424 1824
810 1388
1354 2123
2046 1967
861 651
337 2020
915 370
432 1282
1884 350
698 2171
1811 1103
1073 607
1766 662
637 1172
2457 2026
2189 1943
1661 2461
1898 2526
52 2467
454 897
1052 10
2349 414
1552 261
1330 784
96 1201
1575 2086
2134 80
1853 2038
2373 1017
468 1319
588 123
9 1951
2147 224
1690 209
947 138
1007 495
1267 1726
1935 1986
114 2558
1276 1050
100 540
832 1526
1947 498
2117 494
2442 1478
2221 912
1827 2486
121 780
417 251
1906 7
136 1471
2122 559
780 2246
955 2325
1574 1670
919 624
1832 815
1852 1908
219 2384
1902 2116
2422 1255
182 896
250 1417
1852 1347
1160 497
217 2140
847 560
2189 2332
302 1831
41 1982
238 336
1528 1909
1235 139
946 332
1251 1814
221 127
813 2269
2414 726
990 2421
1113 2400
1553 1174
2306 2194
1650 843
266 269
1135 698
1015 1950
1591 2458
625 742
1953 805
2430 2127
2096 1366
2052 345
1992 1252
1081 2325
270 1746
2067 2165
364 626
1113 2259
1009 225
8 1369
811 1251
169 2164
413 1756
646 324
2061 2481
664 2181
443 1234
42 613
1353 863
2345 2249
1814 2074
419 577
448 1032
256 2046
2506 669
89 1049
1978 1964
2144 1132
1785 444
471 2144
1553 667
1733 1381
1570 1331
284 1279
877 133
1422 1404
81 1162
1184 1237
2128 2072
863 2546
978 158
699 2100
1640 466
1610 830
1126 2332
2328 1362
214 2475
1944 649
1867 867
1549 150
986 735
286 52
7 1273
1032 2538
945 1367
1348 528
890 2520
1207 1262
2056 443
2190 2391
2249 126
1930 1560
1778 1637
425 118
2363 604
1220 1667
427 1988
1959 1528
2068 179
2164 2366
2462 1925
473 2513
1241 75
554 1838
1293 566
1445 376
1458 1377
200 1169
188 1319
1080 107
1667 2256
1090 504
276 1035
1963 1567
674 1364
1515 101
1496 2290
1491 538
2542 479
2415 1064
111 1122
280 412
860 1206
980 2211
1208 2553
845 837
305 211
1316 2534
1893 2487
2486 2442
674 1560
1582 100
2471 328
2325 1530
1329 391
1707 10
343 2380
1192 2506
1119 942
341 1108
2348 1805
476 1040
2504 209
771 2360
172 1635
1912 1484
976 1039
1136 324
656 2343
1840 1556
1714 1534
898 103
2439 649
2482 1829
1185 371
710 1335
593 554
1802 1439
201 631
128 98
75 191
1906 806
2153 1189
1038 1346
345 1445
2285 182
1382 1963
1244 502
2359 25
68 459
1190 217
1964 1276
1852 1184
1418 386
956 934
806 57
2032 717
771 974
1325 736
499 1609
420 2154
791 1541
647 670
390 734
2202 2118
1183 1888
1527 910
1507 930
1007 1695
287 1359
2029 277
2119 2498
381 763
1023 258
699 1759
1562 797
135 2308
2433 121
396 639
1420 2005
2365 1452
1742 2529
1259 1460
872 1854
105 1777
1974 2436
2022 808
2088 1712
2275 1637
1052 1628
261 1787
1958 1347
1129 1668
1807 8
2139 321
1152 1904
413 1430
1599 1099
1562 1392
2326 2309
132 2241
384 1588
749 1679
2344 183
1218 2100
87 2412
2304 443
1077 398
61 1656
824 864
2346 2358
1032 1779
1344 823
593 1884
1085 315
782 438
2448 85
2309 223
1919 1869
459 2003
607 1373
68 1136
2378 2199
1536 2403
320 3
2496 475
1548 1481
762 681
227 103
904 2559
87 1487
807 1605
976 1171
489 482
1876 135
1958 2003
1125 169
1482 1375
2189 208
1800 1465
544 1483
1368 2454
1059 2045
2218 1150
713 363
929 215
2328 1883
2351 470
756 2428
2372 1945
1320 44
225 294
1265 2332
516 1414
1394 400
1936 49
1767 630
1716 1942
1106 628
2316 2279
81 130
1984 1314
116 1595
708 542
260 635
1673 1263
1023 2017
2154 1909
167 2119
379 2363
977 873
2145 751
2354 701
27 1488
1135 2047
2298 1238
115 1071
1080 1980
2459 1601
380 1712
1457 1230
1857 18
92 1522
1089 1911
976 695
216 2011
1778 2198
2343 2288
488 660
576 581
1556 1625
85 817
1487 1625
626 1205
1307 2033
1335 1851
335 1845
2266 2514
1060 1865
1694 810
660 2251
2088 1174
1650 1519
2175 1427
2131 696
2453 882
2523 948
1906 229
1601 1891
613 1311
528 1370
863 1795
664 64
2282 2396
1824 1835
435 61
1802 791
906 538
2362 2399
1878 1231
156 953
2225 90
1621 2489
192 434
1824 480
659 715
525 1688
1606 1829
808 356
20 2340
371 1890
1382 588
837 1846
214 509
1921 1529
504 119
2410 536
1643 2222
1852 975
1419 1574
1167 2056
653 1243
1612 567
1996 1470
815 1899
751 489
2505 903
949 37
999 2075
671 1408
467 740
2463 1962
346 786
1143 2379
2212 1839
172 1696
1647 1096
2467 846
840 2241
498 1484
2020 1216
528 1823
2413 1543
1012 101
1984 539
2513 1047
1560 637
409 1352
1554 1663
76 1671
1403 1321
170 2086
434 1941
484 2250
1607 1798
2426 354
2335 756
1608 1511
452 1555
1422 2320
2528 450
1313 977
1784 1172
106 2
814 1730
93 1641
1605 2201
843 876
115 2061
535 862
56 556
363 558
36 394
345 697
2183 1029
2448 1659
316 347
2013 195
886 1668
139 2039
197 1801
2160 2543
2363 2275
1126 1391
2241 1286
2433 683
486 762
2010 1415
422 1018
594 1994
618 2120
675 2362
1919 2233
2276 2272
2557 230
2283 383
474 898
1780 2145
285 1729
1569 1688
496 2047
234 804
1689 498
2446 214
2238 2002
2525 1733
198 2088
2063 313
2346 557
2074 1664
94 2378
1492 102
1513 1800
1192 2236
1273 340
2378 568
2415 239
1003 1272
727 1741
1493 1457
1894 1065
2304 2011
2098 658
1170 1552
1802 897
862 912
1302 334
719 583
2139 1337
1109 255
2014 2121
734 722
1723 88
1140 745
2495 400
394 886
2188 1308
471 425
67 1186
191 856
710 7
2166 127
1485 512
1328 1349
1873 286
448 1099
12 731
1667 120
2527 683
1947 1070
1070 1496
346 1520
183 2292
2422 1164
795 1645
357 164
2011 271
2345 1350
2113 2278
302 89
566 2129
498 2307
2327 1768
1721 1472
633 417
445 1071
2213 2139
320 1298
749 459
417 897
2144 1955
1575 308
1139 89
1588 2386
404 2462
2537 413
124 1218
863 97
2271 622
2494 992
1149 656
231 71
373 479
586 416
193 365
15 497
862 1949
2044 2265
2317 880
790 1061
982 2522
77 663
2004 946
975 1346
2231 222
696 1797
402 1705
1771 871
1850 1859
1716 2332
1834 1955
466 573
1708 1035
1404 776
30 348
1823 2412
1502 1271
191 1826
28 705
1364 211
910 209
2147 345
1028 888
90 2154
1782 735
594 1787
345 1960
644 360
1889 787
1195 2169
1199 2314
2275 1167
195 1731
255 659
841 2447
643 2253
1676 755
2313 1383
1915 2438
622 178
778 1521
905 786
239 1971
820 687
729 157
2201 807
2280 1145
921 755
799 1324
1890 228
2420 1466
1423 831
1406 1847
2215 2229
2507 1006
2057 1474
1548 2076
1367 692
1446 2513
865 966
653 1428
991 965
2415 2384
2022 968
1176 1786
2351 1946
429 2172
2560 1115
1631 1311
