30 72 20
291 23 1
273 299 2
101 286 2
162 280 2
70 133 2
291 189 2
180 18 2
220 60 2
117 111 3
54 30 3
331 345 3
90 77 4
230 151 4
267 104 5
41 276 5
199 229 6
302 103 7
23 216 7
320 277 8
349 60 9
121 217 9
313 59 10
339 151 11
104 175 12
138 75 13
287 154 14
261 68 15
28 112 16
233 316 17
223 189 18
34 335
349 115
346 10
162 360
201 268
169 248
239 359
221 6
83 314
109 349
321 217
272 338
264 238
31 79
201 92
167 197
8 294
169 317
151 36
153 107
308 315
83 10
352 198
249 174
193 357
125 252
210 130
232 232
141 165
180 122
33 156
138 134
51 251
348 244
181 151
71 289
76 237
203 38
133 276
59 113
116 44
28 245
92 258
145 298
8 95
66 199
312 359
194 64
227 103
97 151
204 325
165 87
352 327
255 216
154 9
243 15
282 58
326 188
242 42
161 226
329 34
60 351
343 170
181 176
306 85
258 33
132 20
181 215
250 308
251 144
107 68
317 136
