130 4889 336
5654 1124 1
3015 4970 2
5430 5271 2
5231 6133 2
4147 3813 2
6545 4377 2
3804 6721 2
6181 1659 2
2484 4217 3
3110 6567 3
3102 3166 3
5116 4124 4
5590 348 4
320 6667 5
989 5325 5
2586 1662 6
4094 2638 7
40 2313 7
6480 6374 8
237 76 9
6098 2589 9
3515 2203 10
4235 1154 11
3360 1121 12
3155 5878 13
2429 713 14
769 3533 15
1991 4798 16
713 1272 17
4932 866 18
3585 433 19
50 4870 21
4538 4944 22
5230 1781 23
23 3581 25
393 5870 26
812 2314 27
766 4494 29
1082 257 30
6722 124 32
1369 6307 33
2104 6524 35
2357 3097 37
5490 3240 38
3562 4141 40
1281 1697 42
1481 4098 44
6320 5681 46
5736 6619 48
6322 968 50
1743 672 51
2024 5576 54
6233 3355 56
4326 6073 58
4754 2913 60
1702 2390 62
61 786 64
3931 4706 66
2330 34 69
5820 4283 71
1336 2971 73
2538 2329 76
100 1614 78
4580 1985 81
6753 2267 83
3001 166 86
6007 5021 89
1892 1586 91
4506 6700 94
5241 2527 97
4643 294 99
3899 5388 102
1943 3537 105
3728 6110 108
4636 5578 111
2687 5474 114
607 2893 117
6680 2855 120
4592 4306 123
239 4141 126
5761 2152 129
5177 4768 133
4866 3634 136
6675 1376 139
4034 34 143
1225 1031 146
3922 3196 149
3031 3959 153
1426 4934 156
2590 3609 160
6714 3719 163
1023 5895 167
5107 6721 171
6587 4885 174
5707 5942 178
3176 4455 182
3108 690 186
3157 1788 190
5503 3725 194
812 6513 198
631 587 201
2076 1081 206
2293 5187 210
1619 48 214
3430 3544 218
2934 2633 222
3816 1679 226
1476 3482 230
4677 1367 235
1606 5780 239
5198 38 243
2670 1121 248
412 5185 252
1942 4277 257
6538 544 261
4530 2448 266
4779 6313 271
2241 6036 275
4362 3384 280
569 1802 285
121 2893 289
5183 1300 294
6257 141 299
6247 3822 304
2614 6714 309
3463 2657 314
3949 2114 319
3465 5348 324
4011 768 329
1593 5332 334
2686 5971
6674 5890
1274 615
1619 6642
5975 638
6318 2184
6266 2957
4905 2308
1910 2769
1164 2559
6662 1826
1177 3749
5163 525
4066 4186
18 5315
6337 5201
5604 4731
318 3266
5494 2834
3480 4963
433 984
1828 6122
729 3962
2631 2845
6098 6169
2258 4550
3634 870
2825 4625
292 6259
4298 393
6125 1277
3545 3039
470 2533
938 4889
2583 364
5160 2990
2169 3996
132 1207
5137 5525
4047 5744
4315 1567
6662 882
4197 5065
6282 4604
2981 1297
4676 5978
5937 5419
3718 121
5853 118
2176 1788
3193 6208
1540 2712
5956 3607
1100 3355
2898 2236
2393 1295
355 2148
5629 800
5847 3191
83 5732
6170 6609
4601 639
5080 5198
5547 5661
4971 4437
1690 1272
758 232
5836 1397
3735 2427
452 5506
4123 6719
447 3655
6690 5485
6116 4186
774 6182
4369 5337
6741 3308
1748 3295
2391 2022
1639 374
2065 405
4542 995
2730 6285
3548 1417
6435 2551
3774 2803
3795 3517
4679 3220
1440 2053
4259 2092
1357 4621
5526 1953
3794 4997
3623 1917
1793 1986
726 950
3680 5620
2125 735
2281 2543
5583 2545
1122 4194
3303 5624
3860 6380
4306 2871
6039 2090
2026 3246
5528 4048
4297 6495
5054 1997
5411 2291
2126 2294
5545 1401
22 6003
4134 1850
4810 1121
1758 3965
1109 2023
1866 4546
2031 102
4585 1679
504 1538
4630 3846
1860 916
6421 6702
6258 4886
1879 5138
2773 4179
4721 2648
1306 5807
4010 6153
215 4433
6295 408
4829 1850
3348 211
2976 3561
1751 5567
2996 5638
2289 1536
1057 6617
2725 3197
3356 6506
33 6703
5571 6338
4809 4805
848 1612
3611 4458
3426 3931
481 4430
2854 6606
690 5410
5553 94
4349 4033
6020 970
5746 2921
5347 4564
1684 4943
2739 576
3684 3831
3005 989
3186 2711
2401 5617
1953 6745
3490 5992
3815 4327
5832 2660
3840 5884
557 6346
5035 6451
4545 12
4242 4760
3289 2386
2737 42
2393 6570
345 4689
5437 5941
5196 3579
3013 5299
2552 4700
2716 4993
6080 5797
3384 727
2763 3937
1421 3729
5683 1735
4859 114
1176 1445
1201 5239
20 2073
3868 358
3074 4663
3263 2977
5556 4981
5362 6600
6312 1861
2322 4816
275 1922
4011 1347
3137 4205
6699 4596
1241 3537
2659 5239
5872 4834
1253 2223
2533 6173
62 297
5051 2681
920 2622
1120 6168
6531 3189
5914 425
4486 4696
882 5565
4054 1589
5370 968
3067 1540
763 5047
4228 5553
1687 6422
2439 3941
4294 719
2955 4413
4279 2439
6338 1279
2869 1958
2698 5761
375 3870
1935 6342
40 4554
6721 2574
4607 5154
45 6358
1266 1261
3997 2868
1321 824
1116 4751
3797 4057
6678 5264
6742 4058
628 6605
886 4310
6760 4303
1521 1060
1115 800
2149 5049
1264 3243
4964 5766
16 3099
4359 172
6426 5454
4934 645
5209 3322
2237 3805
4846 1630
5383 731
5135 1607
2971 6369
3328 4294
4169 5325
430 784
6328 4034
1429 5159
5520 4256
913 508
907 1016
3585 1167
1857 261
6435 6022
4267 5808
3294 6026
4189 1416
4482 3636
370 577
358 3062
867 2922
6162 802
2354 3381
1202 90
6094 385
2546 3252
3430 44
3592 6463
2269 2816
4387 1846
6440 3882
4769 4432
5181 253
6634 6689
1453 5507
2990 445
5717 5455
5956 2935
4504 3172
1352 2738
1362 1461
286 3540
1450 5937
5891 6090
5766 5192
4948 4007
5798 2406
1564 3901
117 3370
586 6101
2190 5764
1624 4335
5142 4596
1262 3920
4245 3141
4771 5061
2181 2021
5254 4235
2487 4970
5944 6303
6518 67
6408 3565
4645 4043
640 5755
3350 5218
4930 422
2970 1798
5265 5859
6320 6312
2684 820
2565 6363
6059 2362
3221 5377
1578 3182
1960 1423
5041 3679
3239 1411
6518 4048
2599 2123
428 4959
2937 6036
2304 854
122 456
6032 4655
4484 5812
1076 1763
1766 3685
4906 5163
1864 2478
1638 6100
3672 1534
674 3729
5823 1922
320 1274
4171 3980
2521 3437
5620 4507
4325 968
5335 2074
2972 3745
1543 1659
3336 3765
1554 1921
4798 5510
218 4955
2137 4193
1846 6483
4241 4209
5413 1613
340 201
479 5733
6158 6004
3009 2867
5109 5972
2928 2415
5834 5592
2201 488
630 4798
6019 5638
1060 611
3961 1921
591 2348
721 4257
3837 954
4967 1154
3915 517
540 1330
4061 3310
328 5388
172 2413
5825 4458
1672 2158
5795 991
5878 1554
700 2162
5026 3347
2552 1951
745 6738
565 4592
3674 586
3790 2111
6565 1575
6566 6170
4491 5526
4080 4851
4328 4411
2936 3182
5828 1167
703 2007
5673 3931
4269 3663
2876 2989
285 2630
520 2735
5679 3677
1282 1926
4113 2252
5525 5424
2745 3395
2248 996
1697 3479
3626 6613
3411 478
1235 5969
1709 1036
844 1378
2551 926
6468 4605
2762 3618
6579 2997
3714 4676
4172 818
5399 6099
688 791
5163 1122
3447 4746
2609 180
3088 33
1143 4529
5716 6121
4620 3030
2870 5432
3235 4730
760 3136
4007 923
402 6352
4048 6345
2140 1573
3299 3443
3196 3679
4063 6496
1567 4490
6216 1399
2018 1734
3606 2058
5221 3865
124 5220
6023 200
5776 730
1613 571
6329 4316
4494 1373
3485 5575
4367 3030
6362 2416
6471 5273
3159 2469
4202 3354
287 6029
5573 6724
4333 3810
1247 4807
6423 3038
2797 212
1948 2272
5976 1302
6362 6529
2115 2432
606 3572
2859 5081
3935 3728
5885 5730
3172 4041
5325 6434
6088 4532
2912 4731
127 2191
3112 3417
5031 3090
4037 4621
2193 3502
4427 2809
5634 3440
5680 4222
3869 2344
4766 5662
5653 5791
1742 5277
229 1055
3368 936
4480 4534
1796 1159
4699 3648
5277 4382
5363 1921
3377 1886
945 6424
3430 6279
577 2618
2359 2313
5383 5747
4070 410
1753 2995
5931 784
2301 2124
1042 6758
6059 3708
1104 3138
2803 1780
6271 3203
4564 3399
5374 1152
1839 5713
5275 5413
4442 3917
1936 2975
5423 30
4866 6727
5406 3816
2564 3049
4486 2669
2787 5608
5319 2825
2517 1408
1460 3275
3426 2849
2533 2672
3228 4939
1623 5128
4436 907
2498 5779
6439 1967
6090 6371
2867 3311
884 357
1500 6751
695 2497
3489 3658
5150 842
5404 1388
5610 2047
5407 3512
4534 2320
3869 1567
4339 1384
5308 6248
2856 6239
5444 4372
6267 5034
6493 829
626 308
2815 2491
2906 1643
959 176
370 1770
98 1771
6100 54
148 5467
1015 1608
652 1568
850 2123
4625 177
5995 1693
1545 795
332 4259
6416 1462
5975 4445
2564 5953
6638 1138
3337 1637
4714 5382
2446 3653
6299 2635
4432 2020
4461 5215
582 5022
6077 1497
1904 5443
2219 6586
3341 2256
6037 832
2081 208
3946 4131
3652 2861
911 1719
4649 5837
4665 6219
2389 1414
3900 6502
4129 5647
3647 1729
2125 4783
2112 3589
2006 5921
993 3460
4909 1729
1282 6217
5287 1371
4388 6696
4931 2930
4395 4210
6572 3715
2180 1260
3392 3363
2453 170
6623 2421
4155 4676
5175 6230
468 2421
670 6240
5641 3148
4821 4632
2542 1270
4408 2291
1813 3544
3839 3641
3631 4847
758 466
146 2571
5945 6631
1734 6547
1992 3833
1606 1500
5702 4074
1445 6132
2596 1525
4172 2392
1786 4843
3499 1574
3958 5045
6319 3460
928 6618
1530 6496
4714 3393
4277 5252
2067 4662
1234 6474
2707 6581
4689 486
6731 679
771 4381
664 5613
4059 2395
2549 5455
5690 5033
70 6169
2276 6360
563 990
4449 6216
6566 5123
3520 4831
6356 3727
2100 3788
4694 2006
3381 5029
1145 483
2885 1143
3390 6658
455 3333
6348 1559
1979 2565
5773 3416
2449 5942
265 4560
3933 1242
1329 3448
942 3863
3193 369
5032 460
3210 6476
1247 2692
1106 2697
4882 2113
6645 3175
5692 1279
1340 5978
5160 1454
1215 4314
2058 4313
2271 5054
3409 5741
140 5086
3533 6339
5407 1738
3818 45
458 390
4817 1399
6292 6436
6751 4445
1816 5889
2239 4192
3596 5077
5378 4249
3986 6632
1451 5756
2921 1425
1442 3062
3702 6409
175 4665
1531 231
4293 2757
4535 520
3425 4621
3940 1763
3031 5778
4364 3186
5011 787
4923 3826
964 58
1997 2055
646 5987
5851 2235
5804 2510
157 3590
3156 5542
2406 1069
473 6123
807 628
6640 4115
1515 501
1636 5964
3599 2679
2153 5954
6288 5435
2784 5976
3000 2092
5204 2802
6630 3637
4791 6062
6287 6611
3479 4334
584 1089
3238 2032
4581 6006
259 1162
657 1413
3260 700
5611 2421
1662 802
6594 4254
1941 502
3548 3224
3605 5289
1778 2644
6357 2876
6241 3556
529 823
4034 1103
3627 6179
442 4251
856 4590
3812 484
5336 4121
5381 6753
3498 2769
3560 235
4634 5259
4859 6409
1161 1659
2360 2923
5305 4818
3032 600
564 4496
4951 4184
4012 2576
6234 694
918 5414
5902 3972
5249 571
2479 1701
4531 6557
1988 4027
5903 1240
6118 4714
3028 6003
6065 5415
5077 4926
6257 4228
2503 6277
4918 3129
3441 4221
6637 5744
6459 6186
5484 6621
3729 5994
2566 3870
5991 3865
3032 2974
2272 4076
5961 4919
2183 6175
2369 5276
265 5180
4116 3454
3565 3943
6233 1037
264 3901
3127 3952
6139 710
2127 570
1406 45
3872 672
6396 747
1163 4926
1698 2740
3277 1746
1774 1341
1523 2438
5952 2375
2683 1892
1656 6195
4914 2655
3804 6524
3098 865
5272 2335
2133 1666
4778 4318
5542 2113
3304 1525
4498 4318
2506 4792
210 1601
2204 6472
6238 5164
4928 207
1627 6752
6654 1925
5364 4993
2456 2936
5473 1188
1719 1528
6659 4352
6347 3829
3506 2456
542 3129
6005 3033
933 6116
660 463
2860 946
4825 3088
2544 4357
1847 2207
31 3485
1328 4274
5248 350
6472 3500
6237 5862
5769 4647
3572 327
1754 4638
6205 5600
4733 599
5258 4920
973 2179
6745 6054
4845 4209
4250 1279
3900 3366
5630 2672
2866 354
2115 2702
2735 1008
581 2149
851 4108
6547 288
6225 6227
3899 1359
3907 5740
4979 5627
4952 4548
4448 2469
5382 580
5954 4057
3047 2632
5367 209
5407 3976
5014 4249
2627 4969
1676 5860
1283 2020
3564 4716
3090 6274
4632 6551
536 3794
6260 2868
4600 3132
315 6476
3709 2632
4097 5020
771 1830
5594 4853
3400 5652
1576 4901
2460 4348
2081 3084
5663 2304
231 2796
1859 3922
3598 1051
1063 4129
335 2712
629 3900
1441 137
1484 6566
1333 359
4287 4284
5837 1072
912 1453
5616 3342
1149 3542
4177 1980
1313 4548
4587 6336
138 149
2557 1020
5093 313
2329 5353
4174 1094
2720 6412
651 5194
3480 880
3967 4523
5387 1055
3884 5957
2429 6175
4642 1008
5452 3352
2639 299
3986 3472
4756 3189
5237 2168
6036 5101
6437 582
425 474
3900 6680
1067 1341
207 3664
6445 4177
1475 4183
175 5290
5448 2188
5209 649
5464 4725
2202 1499
1383 4176
2824 5267
3938 3862
1467 4857
6366 4407
5444 4122
3831 6289
3156 1984
5889 5204
1859 4460
3584 2767
4430 746
3667 3640
6402 24
2946 257
5137 3659
4438 4026
649 5526
3023 275
2081 6215
2310 206
2144 6372
3803 2475
3346 5807
5954 3528
4179 4281
4113 119
1268 1152
4089 5979
704 1192
4798 6467
3631 174
2398 579
2403 3558
4074 5168
156 378
5311 1654
1263 770
3251 2136
1935 767
1014 1412
4952 3584
61 4169
3290 4100
279 480
3156 1702
4136 6620
243 1425
2031 4952
357 5692
2739 2969
1152 170
5257 1567
2864 3787
804 4734
928 3200
4590 4565
3842 4144
2207 3418
463 63
5658 5317
2444 2634
6707 6749
5216 5115
2366 2637
6133 4080
6346 1678
3295 22
5595 2244
4151 4063
1121 4005
5218 1969
5966 2454
6673 5581
1383 3250
836 6010
888 728
228 5433
2839 5554
5535 4607
6108 2829
4630 5749
3573 1543
209 3391
165 6170
5365 401
583 3737
2897 556
696 3451
1908 1131
3232 5962
1050 3722
356 5603
4006 5997
6201 4642
3308 6254
4899 2784
600 718
4958 6418
2623 6591
3250 629
3942 4242
6268 2305
3995 5497
3606 2466
4645 5475
4312 4650
3813 5180
1100 3826
582 250
3484 6437
5762 6532
1296 6650
5245 5666
3380 3468
6527 2522
4023 1174
2436 2195
2536 1157
3921 4388
1142 4598
2094 1987
1144 5495
2492 2068
1894 5569
4324 2310
100 3492
2839 3113
2063 6090
2956 2497
4065 1899
4562 831
5122 2857
5037 1594
6174 609
1536 5867
3697 224
5654 3831
514 3863
1090 1258
4232 2245
4202 6036
2970 1198
1019 223
4912 3918
5074 5839
3470 3189
3802 1313
4453 673
1146 883
6581 5927
4789 2336
5592 4237
477 3179
3386 4960
828 5200
5146 3186
70 1291
365 2621
319 1855
5048 5137
2804 667
2562 4611
5016 1669
2076 5633
5436 1120
3474 2994
1243 5624
5741 4512
6392 462
2062 2379
5841 4015
3464 748
233 5039
1442 4440
1307 5131
4330 2072
1520 325
6594 3984
3946 5932
5722 544
3003 5528
4028 5651
4619 489
4174 5724
2830 2823
753 4044
1434 566
1695 2545
5648 4370
2650 905
652 5824
3749 398
5705 6758
2137 1108
4601 4437
4343 2939
5446 1001
5581 1497
4156 5461
1902 6029
6535 6335
2079 2058
2521 2809
5931 5560
4458 2108
2969 752
3667 4302
6689 2512
3222 2326
925 6687
250 2253
4069 271
5555 5958
5510 2503
2344 4005
6660 238
4147 2480
3782 3046
4562 3567
6713 3562
296 5314
2001 5757
1149 5059
1183 3068
4508 6168
4597 6429
2525 3373
6343 1447
2559 3178
2189 5552
444 1672
2521 5238
6427 4977
2117 6722
5570 5335
2692 4724
2284 5807
3008 6108
5211 2635
4947 4615
6185 6073
1436 4549
6596 6236
5141 5618
3733 3621
3583 5852
1508 883
6103 4796
3159 3296
661 3837
5024 662
503 6304
199 4310
5471 3152
2798 3740
6507 5544
3731 5238
665 6118
3511 1892
5715 2431
1887 374
2400 3249
2674 3541
6427 4050
559 6637
462 1411
4735 1191
6527 3438
1609 3783
5711 5092
3374 1222
4173 5860
6238 1991
2436 5036
2038 5322
824 963
4818 2467
2012 3699
2456 4746
5291 6742
3388 2191
5274 6489
1922 2433
128 3844
3609 4054
2234 1402
5839 3258
3744 3428
6223 6523
3693 2559
1002 5960
3499 6673
270 5253
5179 4441
5269 2241
6081 3456
4468 25
2367 772
5235 6312
415 2291
1369 4329
6568 3541
1209 2604
5587 1938
1224 6274
2038 6301
6119 1127
6011 3767
5086 5729
4226 638
5302 4745
123 6557
6172 4765
3881 6618
6260 1291
6010 1068
2698 4390
6256 2762
2507 810
1510 5739
5311 1206
169 3298
3261 5007
3549 141
5477 5089
1957 1791
6593 2926
6131 129
3089 2517
4948 317
370 2547
5514 3635
6725 1231
1521 2981
2919 3497
4418 3063
6218 1218
30 1512
3889 1899
1062 4474
1711 1463
6126 5591
1060 3200
719 5297
5780 6241
3530 2545
2480 1137
4406 5573
3324 1960
379 2420
5712 3155
594 392
6171 338
1215 3366
1892 1497
346 4488
4363 6223
602 3961
1858 1856
1899 4385
2418 2440
683 6460
6208 5377
3375 6436
5686 3282
6007 5315
2937 6184
4675 4782
6689 4879
669 1691
1768 1439
4670 4359
1875 5369
6105 1984
5317 3737
3074 4535
807 1086
5728 1193
3564 5750
2169 2997
1704 861
835 4915
4980 2410
592 31
5524 28
6156 1446
2308 6563
338 516
2814 1532
5400 3649
359 264
434 6672
300 2958
6674 2081
4046 4985
3022 928
1044 4381
5232 4334
4053 4447
2767 840
4939 4747
1527 2502
3604 2336
1219 5555
1311 5561
3798 6237
1422 5678
6538 6410
2941 3806
4772 3811
4251 924
2243 4687
2728 6166
5869 2596
4557 5001
2531 1642
2427 3775
5402 2487
607 5358
1171 2408
1580 4998
4839 6664
2711 2330
4518 704
3226 513
1324 3294
3614 4659
5757 2724
3694 2478
916 1816
2802 6510
2131 2606
1458 2849
4824 5997
6279 464
5683 473
1538 4742
1990 4530
777 4963
6024 83
4640 4998
5655 5633
4807 1977
859 2190
4653 797
1091 701
2305 3070
5009 407
5501 5843
5209 5706
3336 1314
3726 4107
5280 5711
5100 4480
115 3638
5812 2348
6396 5572
4568 3879
2125 1173
2900 4254
2040 1013
5131 4691
5358 5908
3225 5612
6420 5794
3264 4193
4679 3095
3110 800
2868 3926
2177 2647
6672 3525
2732 3522
6400 5065
2606 2014
3638 4743
405 1974
3219 3049
789 5959
1602 3307
4873 3236
5544 5560
2124 642
5974 1585
5607 4428
1437 3871
1009 676
4193 3455
2727 6356
6072 5233
1198 1293
765 402
1337 1197
1339 1347
302 6182
1186 1495
5788 6074
630 4040
344 6293
3470 452
6581 4148
153 1469
6659 2007
4500 2077
5073 3197
4880 2215
1489 2701
6205 6336
3931 2524
3697 696
4916 5968
395 3136
3213 980
267 573
6751 6121
1063 4526
4880 5045
353 5256
4601 5700
4222 5606
6382 1999
2306 431
2972 1116
5762 5542
3004 5868
6398 1591
415 5252
3361 349
214 2192
3997 5294
3656 635
3947 3549
6121 3636
6395 2159
1636 705
480 4114
871 5807
1074 2455
5510 4837
2272 4384
3651 3491
5873 3619
707 1419
2811 3304
1412 6434
6079 2645
3008 2190
6046 3419
5648 2941
4575 2154
6587 1963
2329 5410
3791 5328
2681 2062
1484 4046
330 1803
671 1787
4177 2565
4415 1296
3071 4319
76 4669
5839 6452
921 2937
3316 4177
3597 1820
4823 4750
2713 6021
1755 3578
5543 4123
1793 6515
6574 6659
4857 33
6201 5281
590 5937
514 5618
4364 4691
4480 748
6398 4239
3247 6331
1421 1171
1819 3821
1314 307
4910 1666
3352 5543
5488 1781
2813 5756
2933 3276
4565 5535
4088 3075
6745 5734
5106 6142
6287 4662
5042 5569
6 105
6380 2822
1904 2140
424 6275
808 2554
1420 4595
5682 6265
4723 4210
1648 4846
5016 280
3647 4400
3579 5466
6126 4255
2494 3318
2681 3156
4398 2567
385 4434
2678 3405
2359 1543
2501 4587
735 174
5489 2703
5149 1768
4954 2773
3061 1360
2690 4272
1812 5395
1978 6039
5429 2006
4761 6023
2419 1960
3185 4995
865 2859
5743 1628
5604 696
2658 5517
4281 5935
6319 4514
2459 2733
2829 1158
2809 1587
245 6491
3741 2840
1713 4374
5969 2192
552 1516
4119 2996
1002 3613
3793 164
3509 2096
3912 5312
953 614
4107 3167
5580 223
2381 5210
1562 2873
2365 3292
6284 5599
1001 2498
5504 3442
5403 5542
4884 917
5870 6188
1516 1464
1476 221
4409 3735
1018 3333
51 5642
4433 3613
2908 5779
736 1509
3505 2865
1707 3787
3439 402
2385 45
2942 2782
4702 2076
1572 4573
4230 5839
1133 438
3771 4925
972 5370
3916 4832
5862 2487
2604 5309
4502 2871
3416 3669
6760 1828
2276 6452
4772 3740
5608 5680
5876 4371
3685 3996
2174 4839
81 4313
387 5360
4596 2796
985 1957
1510 3135
4622 2186
316 3174
4859 2701
1651 2414
4816 3613
4412 2339
1680 3522
3950 4029
3583 5667
5968 2661
5287 4182
314 5554
932 5641
5482 1312
5869 2023
596 486
2885 5960
5941 3406
1628 649
595 6455
4532 5069
1072 158
2354 4510
2729 6501
261 3417
1571 6176
4311 2541
3554 3588
5123 69
1149 5382
6409 6575
4983 182
1769 4552
3936 206
2551 5341
5153 5995
4335 1067
5598 4786
257 2173
3226 5872
5842 5506
4038 3037
785 4006
4914 1049
3050 1615
2586 5077
2817 4122
6482 257
5695 1417
2432 1428
3038 655
5348 5470
6126 5855
1166 2685
491 4325
5712 1370
2143 3810
2711 1673
3112 6162
405 3638
4583 3945
1186 2170
5209 5289
4575 5391
1432 1946
4260 3786
5931 307
2375 5417
1924 5043
3607 3129
4008 5836
6391 4118
6463 5552
2950 928
1983 5471
1610 2266
266 1218
3914 2199
6267 5087
2062 2728
970 4397
4878 1566
274 1593
5648 6224
291 4392
6548 2800
4021 2954
1046 1648
3927 810
3880 1975
5628 5831
537 3525
4743 3231
965 6147
2605 6497
2761 4096
3992 1272
4382 618
6011 6679
1757 5843
6287 3601
4451 1775
5385 3041
872 2072
4998 533
2242 4013
4245 3553
1230 1968
4576 1068
5700 3502
543 3055
6550 212
1647 6595
3785 2919
5989 18
6541 3027
2146 6007
5562 6026
6113 1731
5590 3727
3618 5898
2348 5019
6746 5053
6660 4985
1696 1613
416 6760
5945 3268
5016 6238
4520 4730
275 1330
3378 3862
3271 4897
4036 2352
2963 5732
5500 5024
1127 4278
6618 2138
4584 3797
90 2671
1395 650
3119 5424
1876 6210
2157 2373
1628 5593
6308 248
6697 2168
2571 5851
1956 5774
6470 3115
5301 6540
6068 6330
1648 433
5967 4201
4701 4916
6609 69
1051 1079
3978 5157
5380 2606
5532 3192
6341 3100
5641 6663
5922 4707
4491 1928
2583 489
5606 1728
3729 3477
1519 3327
5769 3301
4945 6
3853 1178
5549 3998
5478 769
2008 2123
559 2292
6056 926
6147 6500
2388 5918
3124 4939
5783 4899
1756 4103
3145 5339
3823 5088
4499 6513
1317 5912
958 1114
1524 5089
1066 4304
1421 5475
3540 872
6555 5780
3886 5091
2307 1589
436 3884
6484 3557
3142 4501
5513 3789
280 5920
2799 2541
6536 2628
5335 4441
6401 2298
968 2823
3174 6149
4527 4099
6435 230
6032 4046
26 2716
738 1394
1032 3639
2024 4603
6269 6404
1657 5007
4448 464
857 182
5366 2403
4468 2803
4445 238
6426 501
4710 5021
2489 4492
311 692
3382 1804
5024 3732
5583 4287
2256 2252
4947 568
5386 3916
4775 1439
4664 2934
5292 5465
4828 6180
3003 5741
2907 5092
1990 718
2339 6084
2553 123
3983 6318
5348 457
2749 3436
5186 77
95 2760
2574 5786
4803 164
1400 337
6367 2475
2307 1324
1303 3577
6196 1704
621 4979
3513 698
4483 1493
4269 4551
1015 1207
651 3257
892 2453
389 709
6650 6461
6662 4773
2424 5980
1291 4198
3657 6281
231 345
37 4444
3601 5555
4357 1707
3170 951
6176 189
4031 6223
3418 922
6075 1284
1884 1628
4694 1011
252 3521
3770 4846
2712 3788
2337 3930
4142 473
585 2710
4974 5407
6659 3776
1787 1487
2854 782
5596 4083
3337 436
4735 49
2426 4560
1299 205
3972 3664
2497 1504
5519 2604
3373 3629
91 4594
6623 6172
943 4226
2178 4366
3925 32
717 6041
1412 1995
6005 1740
5220 5534
1357 2539
2731 5814
738 6371
6657 5166
4254 4341
6753 6387
4345 3085
3555 2648
344 3945
2401 5502
1137 1606
3 5566
3080 438
3820 4370
1034 5499
5199 6305
3661 252
308 2494
1712 3391
3647 5945
5458 435
3130 6049
200 6727
55 5306
1946 606
3508 6755
5392 6234
6467 5818
4342 4886
3414 5323
1277 6136
2566 623
5402 4435
5182 5169
3626 6089
1793 3207
6280 2134
6311 1910
393 2843
6606 1586
5890 1381
5573 4374
5795 3762
1861 4245
2183 4410
3033 4731
897 5329
2805 1268
4610 5097
6133 2331
5012 2785
4512 477
1016 1322
1503 3430
440 6431
4113 920
3121 6407
13 1124
847 1951
3518 926
6630 1648
5131 1867
4129 5189
4601 6088
6532 5592
3480 5773
5880 4414
860 6567
4182 289
3762 4014
4276 1967
3195 4325
877 5178
3157 683
5324 6578
4568 419
3 327
3280 4036
2148 771
3523 771
182 5837
3039 1416
6703 2689
1446 1777
5545 2722
1397 1461
306 957
3729 6540
2587 4685
2840 112
2773 2625
5153 6633
5824 6156
5207 1617
5162 1238
1775 5072
1002 4199
6099 5738
4247 2339
980 6720
1207 6318
6172 6386
1940 5905
5827 4164
1967 2214
6645 2313
699 3037
2471 4131
1402 3684
1740 2749
4027 4170
3563 1350
1772 4026
3880 1216
5317 991
4680 5248
5584 2874
1785 5341
5866 1189
1104 1421
1443 1631
2198 311
1979 4133
2320 4524
4552 5673
5465 2316
2549 716
2112 5875
862 4141
2950 4751
5819 4778
2791 6084
3660 3405
3293 2168
1976 2395
2952 1020
1617 4518
6735 3923
233 3848
376 5227
4421 5017
765 4440
4183 1361
1828 652
4986 4891
2628 6161
3583 4004
4199 3138
204 5147
1004 6446
2083 1820
3989 463
2258 3759
5686 6047
901 5156
6297 1707
378 1574
4706 4563
5079 2975
2173 2338
2201 3457
6296 1959
2569 1405
3269 3672
5630 4705
812 2621
986 2115
4290 4622
280 4118
2805 3053
1820 2510
2971 6418
420 3040
5668 1478
3481 6255
1833 3666
2797 4295
4847 4857
4573 4855
6094 4399
4847 5111
5238 2968
5028 6572
2513 4122
1752 563
6554 2871
4805 6558
5291 3433
3113 2148
791 6712
2358 1009
185 4216
2157 1999
4459 3510
2911 5172
235 895
2896 5699
2674 1736
4171 6063
2896 6482
5239 5576
4515 3961
5408 1790
2732 705
1838 479
5154 2163
4965 798
4835 3707
2936 4594
5984 3541
4744 5625
4301 5039
6087 5352
5866 4303
2673 5909
819 6698
2794 5049
5992 5907
5093 2510
5367 5066
821 5113
5378 6282
4763 2437
4113 3689
3269 3251
324 829
6466 3302
5756 6483
3692 4237
2165 489
2248 3950
1748 274
4128 2598
2318 318
1102 2896
4141 6523
6061 5153
4214 4587
2024 3971
6660 573
5575 1462
1923 3261
3611 4575
6250 2794
108 6299
2893 4775
2314 2885
3966 125
1065 845
5227 5629
4504 4366
2151 2446
6052 4355
6662 3734
5465 1134
1134 6299
3506 4516
6576 1674
1465 4966
3586 5902
4795 3080
4258 1120
5686 1538
5453 2221
5533 140
1571 3430
2034 5354
5950 885
2362 3590
3504 5290
4242 590
3820 5735
556 6183
2749 4511
1419 1693
768 4101
5154 3739
6588 3310
5505 3548
3127 3053
322 5073
1776 4733
2923 5628
4989 4389
1131 4629
64 2144
4584 1133
2574 593
2477 2006
4778 6273
3587 758
4394 66
1954 5206
4933 5091
4315 2042
239 6450
2475 4536
6120 4518
10 3311
6438 6566
6413 5319
1407 4515
5542 1348
3264 5351
4218 4619
1678 1129
6261 823
5863 5616
6396 1787
206 6251
3476 6289
4740 6759
227 5727
249 6401
1405 244
6175 1405
4060 2026
1852 6732
5661 715
2847 6443
1316 2377
4401 4543
1501 24
2566 6094
286 2276
4582 3007
5132 3044
3486 2835
4077 1437
2763 77
4759 5363
3321 3069
4495 1220
827 1501
3357 1408
5447 3661
5489 2275
4517 3586
1489 6190
5617 2468
5559 903
3671 4036
2258 6287
5539 3470
2880 6106
19 5416
6622 1320
2176 5420
2633 5580
4396 2400
1956 4218
3667 3864
3278 1829
5428 1408
3219 2999
4200 4405
6343 1919
801 711
3111 2682
3468 548
3663 3001
1804 5524
5096 5612
5446 4282
3926 1589
3445 2439
3544 2763
961 5755
781 2932
6556 1810
2556 4890
5778 6152
1729 1617
4352 3491
5763 926
1703 5329
1098 4615
5025 2607
103 5186
2883 3557
83 1183
4598 6516
616 4106
6264 4001
1157 6084
1730 1140
4830 2064
1977 1990
5054 6515
4141 1637
4675 1984
4381 2212
5614 397
1671 2512
1184 914
2122 4226
4506 2718
3480 1857
5533 6338
4459 1630
5054 3922
3513 4307
6621 3799
3073 5240
3816 5438
1566 1199
3389 4445
219 6593
1387 784
2691 2599
2284 6133
3462 637
6234 374
1793 142
3468 4700
111 519
3778 6639
2159 3755
1101 3065
5441 6541
4853 6584
398 3173
4661 1284
6517 112
6055 245
3644 6589
1304 2158
3664 5993
6322 4211
1081 6082
2716 4281
5761 962
5467 4171
1829 3207
6085 2029
5553 2906
949 865
6513 307
2246 3686
4162 4942
5904 2144
5444 5731
4492 1760
2645 4487
1669 3793
3875 5454
4419 4381
3976 4350
1709 518
5293 1125
5825 5635
2624 5255
1872 3513
346 1465
6326 2493
398 521
1650 954
2080 5146
2758 775
4733 2335
3357 3724
37 5953
6124 2419
6198 6621
2933 2111
4202 6626
1912 876
997 1537
2037 4452
125 605
6237 2318
6412 6609
6195 1794
2245 6327
2011 6474
184 2655
748 4526
344 808
2459 5567
5109 2359
4772 4967
6453 2605
138 4770
6360 1409
3122 1609
1401 5442
6094 3642
4430 2953
155 2538
2976 1967
4264 1004
4343 4506
2312 4024
4479 832
6735 2298
801 520
3087 4735
3565 4365
4001 2515
2098 6741
4224 3507
1452 432
1618 228
3161 481
6433 3315
5304 5327
2332 5901
3580 4197
1791 185
2492 4035
257 5904
3592 296
3335 4484
6391 4028
2507 1281
2426 6213
1495 955
4643 6050
2326 1671
6699 90
774 2646
4074 4951
6227 5557
3698 4048
5034 5723
3951 3992
1672 3275
6220 2810
2266 2961
2282 3521
2816 4029
4265 2653
2987 2315
1081 3728
403 1142
3044 240
595 5530
5478 3011
1674 5428
5232 316
78 1209
2268 6629
3439 5593
2914 5310
2699 2911
2561 3993
5417 566
1257 3970
3937 3673
6585 1873
5915 4123
5654 5089
3858 4641
3922 5668
5986 4147
1998 6370
6481 3262
750 4606
489 4603
906 5758
5669 5690
735 3685
5751 3253
1579 1018
360 3735
6235 2042
978 1232
2897 5125
2699 4675
4578 2482
1922 5642
5654 1312
4234 4147
3492 2590
123 1857
2181 704
5856 5208
2996 2957
2890 1245
5722 5854
990 766
4857 2783
2999 2454
6595 2325
6699 2479
4970 5856
2679 6573
5770 5682
1524 4711
4067 2422
4038 1348
6711 2629
5470 4474
5896 3464
1727 2921
5504 1280
3446 5426
4141 3745
4552 4363
433 1032
3140 4129
6749 6205
3980 2006
2066 960
941 6199
907 2241
4135 192
2192 6545
599 66
4789 1520
5525 5158
6352 6009
2509 1684
6448 3931
1953 580
3237 1528
3563 3722
3551 5863
4954 4672
1891 2445
6268 1460
3939 1817
3136 1329
3075 2443
2744 6462
645 2144
4508 405
920 866
3347 4949
3238 4254
2969 5116
5577 4706
165 2493
2150 2724
2472 3212
4980 292
5192 5446
686 4238
1292 4012
200 5009
5726 5368
2736 4761
903 1616
4054 6175
2795 3101
2389 4520
4795 2230
4477 5335
1010 5103
4259 6579
4548 1636
5124 6303
2050 3412
3816 1596
1026 2785
6233 725
1332 3037
5805 1727
4317 2941
2954 3459
5169 1910
5543 6155
609 2094
1652 4966
2023 3815
5225 4236
411 446
3519 956
1656 2191
6480 6504
3338 924
944 2973
2019 3521
2869 4071
3234 4571
3169 545
4158 4114
2640 5830
1327 480
4050 2240
10 3378
5817 3721
33 4623
3228 1382
2912 2486
664 2569
27 4027
1765 3235
1320 4410
2921 309
4610 6238
5913 5713
1712 2770
5139 4954
6705 906
3744 627
2323 766
106 2573
4180 541
6660 3043
5281 4150
6592 3783
320 5794
2996 4291
935 1081
4227 5196
1134 5743
579 5382
481 2083
337 2942
5891 3129
1556 406
4761 3423
1832 2434
3006 5002
1454 4623
5547 2152
4527 5576
1499 6521
2865 6744
2960 3898
5578 1179
5149 695
6376 1328
2204 5059
5738 4405
3299 6586
1261 6391
6680 4392
3803 4276
5325 2764
758 5253
6244 1509
746 1758
6043 6312
6060 2727
4271 3743
3008 311
1349 2441
2119 1884
6401 3365
903 4481
5360 3900
292 3999
454 5971
3492 4156
336 5965
4381 4849
3701 858
4082 4135
901 94
5917 2099
2342 4039
2208 273
885 2891
5731 256
6727 5607
12 4730
6515 863
570 3631
6560 5521
2392 2776
1197 6467
4521 878
5319 863
941 1258
716 4898
3249 4914
795 1472
3083 220
3631 2677
4450 5672
1799 1287
704 2726
5257 1478
1063 1027
2864 2238
409 5459
104 314
5153 2476
331 5853
4476 4129
206 437
194 5745
571 196
1293 5923
1994 5221
1948 1882
5285 1096
5292 3339
4689 5120
2241 3858
4706 1550
2492 1250
3288 4141
2188 4983
3783 1339
1885 557
1202 4052
5792 3305
480 4921
2403 4170
897 2280
4539 6613
3627 2399
1401 4561
3878 4055
2534 3318
4401 1585
660 3095
335 6324
3602 6734
292 3418
1752 4344
211 5782
1430 4963
2976 3878
4746 4303
3223 1973
2158 3180
3747 2545
6751 6691
3206 2291
4525 572
6352 3046
6662 409
5390 5280
5211 2692
2226 2127
6724 3241
2585 3561
1115 3727
6532 1925
5858 3334
3275 6167
5288 3504
3104 1134
1659 2116
2029 2977
2484 829
5984 2631
3749 1870
6607 6539
4565 5804
488 2007
4400 182
687 4281
3302 331
6257 2111
1169 3518
2108 4976
220 1624
4394 6606
3591 3670
5620 3642
5089 6483
1253 6286
1838 3167
5853 4548
3368 5677
3296 2104
6543 237
815 5010
3968 5076
4325 4577
2947 5753
3552 3750
4027 1692
4902 3681
6178 3397
2848 1280
1857 4744
1723 2813
4550 1255
180 3834
5423 1454
6110 5973
2829 4698
677 3405
971 5226
4196 5747
1703 3593
3983 4879
3315 698
237 1150
5886 2845
6178 3118
1917 4186
1341 1880
4830 6043
5241 1223
1926 5826
5232 5311
3420 5848
4338 5790
4380 286
1530 4666
3253 823
1244 830
2147 3580
2073 1672
954 6097
6638 4034
5106 3894
5157 6151
4393 2046
3921 152
4559 3052
1905 2315
6162 4325
125 3870
5549 5931
3867 522
6517 4667
849 3360
4438 5122
1514 213
5425 5492
368 5468
4734 1299
4753 5905
4366 2846
3507 3163
3754 4476
2200 5225
3837 609
3987 6358
3059 1091
1576 1220
4111 5264
6316 136
321 2145
5142 117
6094 3981
1833 620
1579 791
3701 4969
4939 2652
4012 525
3760 1421
3759 1137
5275 4500
3661 5294
5219 742
3865 2932
1584 4183
3230 2820
6246 2833
2365 2848
1373 3571
2978 875
6151 5659
2693 184
5621 6044
4743 285
2549 3501
1936 4406
1753 5941
3029 4278
2454 5989
1292 1674
5613 2846
3220 2586
5475 2114
4124 2689
3882 2983
5494 2795
5252 4597
915 6560
6717 3616
6680 5600
993 5419
3720 3580
5117 3014
4217 3394
1988 801
1402 5332
3327 2304
2309 531
4217 4278
4573 4904
4371 2546
1194 5792
5245 3068
5561 262
631 4377
3787 290
3675 3692
1305 1725
321 6073
4136 1439
2252 1654
5527 3757
552 1141
2881 3730
2228 5305
5262 2606
1414 3120
5756 1325
186 4241
2455 1518
6347 3437
2733 2191
5137 1446
2288 3401
5793 22
2433 6450
642 5219
340 1393
1686 1318
2511 310
4877 498
6143 2887
1383 6223
6044 3328
5887 1167
855 2492
3790 1498
606 6561
4519 100
1882 927
575 3846
2244 6458
5099 6264
6423 1527
5793 6290
4873 1216
4819 1153
2467 196
4223 3131
2450 1443
1621 3582
1690 727
6474 1789
4702 4091
6597 1928
2028 6194
274 2920
6084 5942
5528 4496
3085 2612
1894 4890
2485 1231
1266 6634
6425 3093
5816 1774
2840 1700
6580 1133
3257 5461
889 530
1320 4466
2929 2177
514 47
6657 5398
680 6082
5782 1791
5483 604
5333 4594
4667 6386
3132 608
1833 6338
6249 1485
1012 2140
3589 6603
6479 3923
5059 2795
1582 316
5070 39
1189 5494
2822 3368
5114 4317
6364 4884
78 3948
4623 1479
4352 2479
6117 6314
229 5809
5117 355
2125 3776
1718 2988
3579 3443
1755 5088
1124 2422
3544 1034
4730 2204
4969 1122
1125 1225
151 6382
2060 5409
5276 5186
3313 677
2946 1161
349 5561
6687 4435
536 1703
5819 1255
1253 2793
5707 515
4847 2228
6727 1082
3979 2550
5260 5111
4726 3621
6608 5655
4996 3408
1272 5882
4970 231
3606 412
4170 1999
5325 5181
6109 3206
3140 49
4962 1835
3174 2976
5362 5524
1276 4628
4947 1790
2569 3349
752 1173
3688 6586
838 3916
3994 3034
4458 1049
5456 124
6756 3841
6457 4490
1955 2930
6655 1467
3665 1968
4158 4806
3094 2143
5646 1357
245 3274
3793 1163
5611 1570
1185 1640
4009 5366
1356 315
5369 1492
1382 2609
5428 2539
2722 6041
3417 1373
944 586
6287 1330
1859 582
5921 3341
3810 2711
1621 3727
177 4568
5327 1057
6707 6557
4125 4669
4731 6542
5936 6233
1025 2171
4612 2609
2703 500
5153 3852
3697 4523
342 918
5397 2720
430 5545
2048 4287
1151 3955
1280 6173
2528 6487
23 1465
4671 1626
479 6063
995 1014
2316 3523
220 979
5876 3204
6147 4512
4529 6175
3503 5672
1088 4545
3778 5815
1799 5129
3995 1698
1494 3021
6239 104
3721 2660
2690 2092
1265 6474
6748 4256
123 3060
1391 732
6366 1701
3663 3257
6450 1934
3023 3232
545 2982
516 1727
2824 517
2016 4672
1683 1016
2407 6115
3994 4791
2724 4238
4544 2675
6607 201
139 6086
1905 2750
4026 3611
2878 2809
329 181
2720 5152
3578 3175
4654 5086
5824 4054
2652 6665
3501 4628
1851 5625
1029 2120
964 5828
6435 1766
1675 5488
1536 1566
3180 5615
6448 6296
2033 3875
755 5337
5503 5556
3807 1973
50 1219
1420 2931
2627 1217
3720 5455
6590 412
307 510
4048 2975
4416 2791
1685 3354
5005 5070
6236 3318
1825 939
5202 5249
4418 3228
4089 3668
3720 5170
4240 3575
6316 1031
6058 1741
6379 5029
5705 5964
85 4508
247 6708
2045 5033
3633 1464
6736 70
2482 650
3424 5906
5932 4816
5971 3503
1456 5362
5396 1122
1055 3991
6670 975
2806 2251
5402 1773
1734 1967
3232 1554
5493 4194
5847 4928
6229 3811
4387 3796
2204 2831
3406 1717
3769 1831
6089 1811
2616 3802
1302 2123
2 1512
4174 757
2631 565
6030 443
3276 1674
4955 946
770 4324
5866 1840
2991 6404
916 723
5246 6544
903 1772
5358 5152
4173 3653
4462 387
397 6712
901 3311
5744 2097
5738 54
4483 1179
3195 1536
3694 3310
2081 2040
4154 4212
1681 1060
4857 5096
1577 1324
765 2253
6259 520
6191 1073
1309 5456
4770 2537
4463 4565
2802 511
3775 255
4631 4486
2146 1018
4695 2805
6671 6155
1524 1366
2577 2670
1466 3139
1514 3870
5588 1786
2318 6131
2464 1350
3333 3600
6461 486
5497 4776
151 696
798 3034
144 2320
5924 5772
932 3640
4618 1540
4760 2115
2283 1921
5023 5998
721 78
2433 1131
766 5182
291 885
1300 4251
5961 575
1919 4432
6066 3239
1948 4597
157 6540
5815 4434
2836 5392
3934 678
5190 524
1569 4706
2312 4708
6454 6598
5660 2132
2473 1316
6630 5256
5691 688
2122 2371
5765 5466
3676 2621
6607 1134
5701 6670
182 6371
3934 6096
652 318
5362 3862
6236 3466
4004 4044
1867 28
591 6740
3649 752
532 3107
3294 355
1799 6680
4582 4277
1923 1934
4238 4622
4891 6561
1679 766
334 2812
2408 5132
2822 3471
4619 2841
5861 6228
3688 2207
4268 2763
1932 4232
1597 1624
1050 1127
6596 3130
2497 1649
2234 3091
3707 3906
2908 2901
5546 3844
4358 6356
4798 2643
5990 4607
2378 4320
5480 2188
3941 2718
2936 758
5251 4465
1788 698
1556 6718
6551 2471
6395 1881
1526 1899
2637 4921
4600 5372
1625 168
3681 4927
4453 883
4396 653
2558 1295
6497 1933
568 2906
3766 1748
6759 6621
332 4212
5840 3594
2653 3916
3982 6158
1523 6589
5347 3045
2639 2459
1864 1883
947 5463
3733 4919
6141 2835
5796 722
6567 2133
6202 4542
1340 284
3461 5405
2515 2631
2019 1266
4275 1630
3989 2037
1162 5904
3980 4599
1145 1932
1214 6576
2537 4754
3831 1533
595 5479
2551 223
1119 5071
495 2732
4626 2781
4545 677
6211 771
5137 6673
6491 2667
2620 3490
770 4805
6616 1095
1286 4450
2555 6107
2802 6434
5255 5000
5335 3183
4687 429
5439 5885
791 3716
4451 4719
4718 125
6405 2239
2163 3498
565 2144
4342 2377
1998 199
2921 6103
5394 4516
212 3505
2733 169
2038 4834
3253 653
1400 717
2914 4707
2373 3716
2144 5367
3448 4993
1608 3751
4996 5633
3335 4358
5636 5380
4367 4240
6119 3835
2796 4249
1712 4185
4900 6440
5966 4114
3865 3764
1162 4886
261 4762
244 3614
1040 6168
6476 1214
2018 4252
4136 5474
2364 6684
4849 169
5240 1316
2684 3607
1612 3812
6536 4607
3963 2572
3174 6506
6001 4749
2721 6703
3314 1864
1612 4064
5147 4551
5739 3920
5684 6752
4424 1160
100 4062
5750 6609
5824 1857
554 420
2049 6605
5705 4765
1209 6284
4910 2544
6648 2910
6337 3557
1468 4437
2426 6558
6694 991
3629 2841
6399 3515
1 2540
1302 1371
1988 3517
4992 57
4825 3338
4118 6615
4532 421
4671 5348
3480 3313
6542 1838
459 4687
3360 1084
5148 211
2120 2466
2780 3473
5631 2265
2872 1176
4690 178
3837 5275
3800 5389
2488 5516
4457 2556
3879 1301
5939 5076
1933 1043
2000 4316
5339 6268
1478 3919
2342 6663
2308 1649
4797 6382
3258 6299
1514 4428
5031 2277
6649 650
6650 789
4706 4877
2827 4575
1739 2273
4424 5414
5534 5309
1304 2247
4964 4320
4298 1987
5914 3992
4550 3144
816 2505
3014 2533
3438 6000
3128 3580
4972 3884
4213 4179
1998 4360
4026 4700
2331 3513
6371 1046
884 5090
6746 444
1980 5645
133 551
4472 2774
1693 477
2683 3222
5631 164
3615 5723
584 3959
2576 507
4263 5547
3001 1214
6428 1854
629 1400
1117 6212
1279 4684
3282 3289
4371 3065
1820 3109
4888 443
5355 6558
2434 4293
1739 1263
1572 5456
529 1488
2047 4339
3771 1971
5780 3187
1515 4322
1577 4739
6731 5378
6568 655
3783 1293
1084 6704
6504 1585
3859 562
481 5997
3573 1379
76 2746
4056 2502
4375 748
2931 6639
5903 4809
4796 2150
4440 3527
1064 6222
5527 2657
997 194
3970 3617
4094 774
3923 3309
3940 3592
6691 6487
6522 4156
2864 3701
1691 6585
2382 4071
4528 3083
6633 544
5589 4261
6226 1929
4556 6176
44 4678
5105 6110
1150 3383
5325 2873
6643 953
887 2659
5329 5792
4319 2688
5771 6089
3972 1609
3809 6015
261 5655
117 3593
2266 2426
1740 2213
3342 47
5572 3884
2129 3028
2750 2593
3924 5932
4006 2404
937 3269
2027 4574
1681 2886
3511 1939
1667 5033
637 2187
2126 92
1576 376
1885 2194
6464 294
2902 1406
1767 676
5258 3528
1270 440
1277 5690
4680 2343
4784 1112
338 6667
3663 4911
4767 4646
4640 2993
6451 5637
4776 4817
1151 754
4388 5588
2857 4786
2571 2725
6058 4150
4317 4900
3432 2991
5640 1212
4236 4443
5086 3142
5085 1296
2491 2240
4542 5323
2355 2544
5608 2699
1697 678
3230 5913
235 2551
2409 3051
6057 6300
844 6757
4791 6103
2991 2399
5175 2344
6415 872
3213 3124
3526 6756
3887 5599
4077 4342
4389 2630
2003 6729
3785 1552
3474 6633
6435 5290
2544 3776
1936 4306
485 1954
6074 127
6017 704
4794 1263
5506 4960
2467 4414
6244 2599
1407 3914
2184 3443
952 4394
5289 1770
5855 5819
2107 1938
5834 1566
1958 4914
3690 2233
5231 2795
6755 991
6361 248
308 6738
3675 2057
1736 4159
3509 5950
635 5419
5375 4623
4519 4437
5605 4220
796 2325
4429 6759
3135 2271
868 6351
4974 3609
359 2563
2917 5483
3478 4489
60 3886
4297 700
3486 5378
2392 377
1297 2483
5268 3990
4671 6115
1157 5771
6258 1759
3807 6414
3462 6064
6486 2578
3631 3098
1002 5027
2846 1918
582 6648
4063 2981
4655 3515
4930 6572
3781 1357
1625 4449
3179 2361
1398 6105
2403 4484
5238 74
5950 4105
3345 5618
5401 1350
3821 4622
3634 1986
5874 5106
6567 5145
209 2170
5176 5553
5711 4506
1281 5974
6226 2338
413 3422
769 77
6478 3770
689 2993
4096 6536
6197 1931
2514 1370
5149 4396
4983 3928
76 4700
208 2230
2269 3063
2708 4944
3178 5113
4309 2924
725 5455
45 3481
1562 5356
5301 1499
4289 4539
6511 2805
3008 1472
2006 3078
3016 4070
1448 5337
2585 5698
319 5020
3900 2289
3618 3731
805 5360
3127 623
4676 2463
2805 1658
6333 3055
6258 1994
6137 6724
5623 6682
1174 2463
4406 2530
3094 2854
4976 111
2704 731
1339 1943
2251 6272
1090 2048
25 5971
2861 732
3500 6706
2131 5879
5384 4732
2241 1114
766 5362
4108 5104
2467 652
2745 6636
5431 124
1585 4723
5161 656
5909 2004
4137 5803
252 2273
4657 2723
424 2953
813 1706
1104 4425
4110 4722
6559 1860
3116 2714
6257 4024
4537 4301
6189 3534
1233 843
5663 2597
638 1295
4672 3646
3313 1142
3805 6585
6530 5058
5035 2384
2482 3736
1618 929
1146 1834
4300 5790
4563 3469
3039 4241
5117 1837
6485 6483
1946 1221
2408 1272
3836 4999
4261 224
5260 1700
2331 2687
229 3772
1433 646
4174 115
715 4804
3145 3420
4155 177
6184 2080
1093 1446
524 5468
6748 965
1606 4799
3315 6660
4969 2743
2040 1036
96 6273
4410 236
1342 4582
4876 4382
5048 4795
827 2972
5606 6604
3980 3048
3978 1406
462 5870
6366 3413
2891 2569
4879 5231
774 484
3290 1231
2485 3850
5582 1751
3393 5735
6581 4440
1505 4739
3366 796
4543 6290
6096 4089
4836 2099
6193 4178
5432 2777
1039 2216
1893 768
5777 4821
567 4853
5062 6625
1718 4570
323 6601
5530 768
3296 5642
3935 6451
2785 1552
3019 6691
3001 1899
6247 3878
550 1389
1141 3885
2223 1242
4776 2234
2752 5839
5265 151
1651 5036
2922 2767
4326 3190
1841 1383
3979 6691
4161 3352
6086 2610
2105 6653
6583 6412
492 843
629 6560
2458 1694
4800 2876
948 5726
3225 1352
2117 4073
2573 873
2559 962
6103 1623
4043 2520
5154 2568
5430 3697
47 147
707 6176
6620 1599
5270 6521
5311 1535
6495 5237
3552 1785
219 839
1576 3070
6472 9
145 5526
3350 6043
1406 1868
6384 6507
6002 3732
2225 2438
5392 1271
867 6083
3319 6576
3952 1694
3100 3007
446 5160
2822 253
2394 146
6051 5055
1931 1739
1280 2997
2315 3910
2126 2097
1792 1524
3151 1823
1868 4445
1642 6120
2296 1240
842 1128
329 2867
2540 1921
5511 4555
3090 2632
566 303
3665 4807
5260 5880
850 5796
6261 1682
3386 6731
2807 6226
3288 3266
5728 172
6108 4506
5859 768
5979 842
3317 31
4127 3298
3117 6634
641 3457
5389 296
1287 2446
4759 2821
1810 2560
2143 5016
2286 3065
5089 763
2395 3203
508 6092
1012 2071
3966 6192
6153 3653
6504 611
172 4712
5363 806
260 4125
6416 4991
1343 3734
4918 2026
4673 1019
2964 2954
6700 4420
1685 634
5468 23
3963 644
5534 1184
230 4621
6320 606
3168 2714
3572 928
756 1546
520 230
4699 4112
2389 194
932 2385
4391 3760
1351 1094
1727 1175
685 5692
5220 1287
4137 1895
2552 2339
1553 2853
5976 6358
3382 5870
4378 6470
5271 2964
4318 241
1670 5730
2877 5054
869 3986
3155 6036
1724 5281
6721 5002
6582 642
4671 4714
1279 4652
2592 4804
5382 3755
5437 3244
319 5586
2967 2208
5236 3807
848 634
2816 2367
3735 825
3063 2339
4271 5640
316 6161
1070 584
4742 2360
6139 3046
2139 5003
870 2335
4686 2599
3943 6567
973 721
5041 4461
1472 6352
1574 3609
1156 2874
5894 4146
5153 3026
4470 6301
5986 3374
2127 4172
2724 3869
2011 5339
3289 1895
2747 4473
3482 6607
4860 896
95 1391
6043 2399
160 302
4467 1346
389 3360
828 4458
65 1236
1456 495
5545 3362
6390 6635
588 4991
4472 686
4630 3197
3521 5325
843 3885
5512 2286
6712 4917
4710 3537
5136 6619
5200 4289
6087 1318
916 2231
154 1950
1244 4467
2838 5046
2863 2874
671 3141
5280 5126
4887 888
6105 6456
72 3624
4809 6445
2085 6584
5617 1879
4422 2906
1409 6549
5657 5673
2086 3629
3146 4179
985 473
5387 4478
5226 1198
3579 3317
1173 2148
3527 154
3425 506
4179 1531
4753 5416
4339 1645
384 320
5782 1481
323 3474
3959 6508
5480 4085
4999 3581
4231 5241
368 2649
472 5474
237 5791
1549 6443
5475 6663
6695 75
4674 3020
1344 4366
236 6066
5227 3153
1368 1756
2482 1929
49 1481
118 2668
3633 6131
1144 767
6210 4652
2469 2376
5609 1763
5642 6541
1782 3837
5959 6197
2784 3792
5417 552
2737 4069
2676 6396
926 3614
3105 1633
1926 2395
1107 3519
2131 6714
1468 433
5648 5015
39 269
153 5244
1675 5775
5846 1373
4078 5787
3616 431
142 123
1938 3883
3344 6706
3544 4297
6585 5460
2399 4780
2891 1123
4247 3880
5742 5467
1209 3600
4883 2471
6365 5354
1179 4634
2339 1092
506 4113
1110 6542
2994 5517
4739 3562
1676 178
5885 5690
1569 5877
1764 630
6586 5326
3511 4706
5227 5270
4499 6157
862 1587
1352 3166
39 2055
4670 367
3813 1233
4508 3114
3476 2957
1542 6718
3514 653
2092 1762
5579 4755
1221 1407
4573 2405
5503 2319
6295 1376
3216 2632
4094 5426
3572 5200
2140 1127
3724 3839
408 4691
890 793
6074 3836
6386 3863
3687 2540
2195 3078
6252 6753
2848 5848
6577 905
1771 6255
3176 6574
6642 4786
515 1072
5150 2147
6723 1922
1293 6539
4532 896
6703 922
2054 5087
2694 2421
19 2196
2565 1895
4265 4817
47 2161
3394 2169
6044 2648
6343 1053
2791 4119
4261 4295
3915 201
4044 2849
3897 2584
912 6304
6527 1309
2391 772
2673 4951
3110 2953
1027 138
1446 6275
1219 4248
5191 1508
796 2575
3894 5448
5084 6332
1728 2498
4160 837
5233 3999
27 744
2866 2454
3932 6059
2486 6076
5973 2888
4658 305
951 4791
4140 4936
4116 2775
3473 246
4562 6623
4530 4428
5851 629
3888 303
2658 3972
4072 2439
2648 1527
6733 6048
6107 5283
5296 5994
5707 6453
2459 3869
389 6002
6753 5540
6014 1370
5387 5621
4655 2480
1359 1773
1209 5583
746 5359
439 2035
1896 6335
5029 2008
4488 2231
2854 3686
4940 2608
5624 2558
1496 3322
3528 6269
3165 216
3156 6613
770 287
6488 5908
51 3769
2264 4162
781 3319
369 6617
1203 6178
2818 4283
2493 1125
3419 6329
4996 4028
1306 2303
5964 3138
6168 3067
5713 5736
4883 2599
2854 824
3667 3312
5574 3479
1409 3164
3470 5007
2583 2310
24 789
3053 467
2369 5778
5782 3897
6412 2564
2666 990
4928 2379
6561 1004
6526 2069
5373 4368
6223 3403
719 2415
6198 2348
6620 5723
1578 168
4738 6120
1951 6604
4702 5785
6274 3737
4345 6184
4655 4122
874 2047
889 6270
2393 6711
886 4190
1228 1146
5253 2716
5546 839
6741 784
5863 6091
3087 4579
314 6144
5077 822
4319 347
3861 3571
2622 6550
3274 5903
6302 1051
1334 4770
6707 3792
1064 6499
6463 6084
2522 2723
4423 3215
258 5733
2738 1814
6145 368
3393 4233
3258 5124
3342 4122
5689 2998
4738 3629
1337 3157
6414 6163
4002 1459
1609 5006
2254 6189
4547 3556
2618 4439
5708 5249
4218 6115
3739 3372
2354 6296
6278 4559
314 1554
4501 521
5384 1067
4567 3180
5259 5426
1236 5642
5610 6412
3931 1146
2176 4878
2787 5388
6490 4394
5870 6565
4673 3042
5267 5237
5834 1787
1647 1416
469 4046
3974 6554
5718 5397
6213 487
3185 3999
1159 6298
3657 856
5611 3929
1715 1329
6367 3272
1777 3
4912 5832
855 4631
5594 3249
5752 515
2400 3592
3682 6236
5297 748
3368 5881
2195 424
2610 2495
243 2157
4430 3103
3103 3787
3291 4197
5261 542
1963 3823
5234 5440
123 720
6477 5736
3717 2703
2709 2640
5074 705
1110 579
3673 2129
2308 4661
5561 5174
1463 5553
2562 5441
2268 5822
5616 5658
783 1541
2211 3658
2554 1572
3990 2290
1377 2145
1877 6280
2839 166
4900 5630
6085 6327
3656 3428
3428 2726
2155 437
3554 81
4806 2201
1753 5122
4408 2693
6636 5431
1993 447
4798 6544
6210 907
953 4604
747 5076
801 2224
1694 874
2359 1477
121 4122
3620 3759
572 2395
1952 2505
5652 3107
80 5921
5531 3939
2909 4285
3644 6695
3772 3678
2885 2614
253 3651
2070 2128
2421 4008
1460 626
5854 5471
708 4371
6356 492
1722 3794
5237 4526
1728 4813
2616 4181
1407 1816
5624 1892
834 5486
2459 4701
4661 2270
5164 2924
4548 2139
3251 2621
5873 2530
2491 5597
6362 2814
2980 1332
3332 5819
4437 1180
4336 1269
3928 1194
2259 3719
6180 4945
4584 43
2394 4358
6460 3509
2130 3741
288 5179
1765 5357
2421 2264
5889 2295
1456 6464
5329 2747
4536 6081
4491 3037
4903 5345
4262 3769
6364 845
5466 6426
1755 543
4336 4562
4208 2237
1348 2189
5790 155
3680 5264
626 6524
5850 570
2705 6609
5426 2625
1456 4696
5167 3268
2946 5652
3297 3747
327 2117
184 1173
2514 5175
2503 2780
4199 4099
6 1830
1378 6501
5175 941
4711 878
3972 5848
209 1925
4558 3772
1300 2335
3075 1817
2542 5032
5166 116
6245 1616
5038 2513
2434 1566
2007 2408
2636 1627
6452 6348
6428 4758
1640 2898
6633 5931
5430 1299
1819 2702
6617 4740
6606 5573
5367 6528
4180 941
639 4149
1136 6261
5866 4274
4348 4239
2430 6749
548 6423
6111 3358
5751 5217
4547 3340
5049 126
1984 122
2780 3641
1681 5346
466 5118
4657 4937
3991 3767
3417 3531
2527 6
285 2847
1553 2841
5401 336
3846 493
6193 5888
3263 6333
4588 5804
3993 1122
175 713
3582 3101
4189 1564
5962 3219
6100 133
5001 1329
3451 1005
622 383
5244 688
4740 1710
1035 2205
2307 3113
6125 332
5668 1034
2705 1028
261 4994
5953 5761
1502 4478
2370 1561
4839 4989
6754 5312
1514 3537
6653 6481
5853 5079
5306 5865
3582 4573
1127 5599
2679 654
3081 2654
6304 2593
3227 6515
6084 4379
6676 3074
4356 2719
3248 3069
2098 3016
2072 6708
1305 2793
4546 6265
6043 1956
5739 4878
94 176
3656 6316
6216 3846
374 3237
3476 6698
6746 4465
2825 1673
3808 1703
6214 4635
3717 6650
5957 1079
180 3359
4233 1356
2611 2198
2486 5197
2082 2344
4372 48
3942 2655
2996 2593
1516 4892
2270 6703
2936 1243
5559 3977
937 6402
789 4604
4297 4691
2656 1008
411 434
26 3649
3989 6705
5544 2136
3203 539
2283 5646
5042 5222
5546 5942
5339 6646
1805 6639
531 3556
5966 5613
2404 2811
5891 1640
6381 1075
3776 4722
6730 4305
1384 4397
3947 1592
4095 4494
4360 6411
1664 1560
2806 526
2554 1472
1906 534
2303 1978
744 384
2628 3261
3577 6583
4871 3439
42 1689
1671 6450
2459 6722
3268 24
3133 6284
2544 627
990 2874
4183 2404
3603 4764
3437 2630
4904 4315
3294 6163
3434 4913
747 5090
3248 5314
2353 1920
1598 6598
6437 2050
6653 2404
1120 5115
847 5538
1126 161
6302 6343
3862 4426
4545 2741
5940 1162
4873 4754
677 6030
3122 4672
1929 544
1410 5103
1130 5444
5694 3643
3665 1073
5202 4359
2578 78
6045 3578
1300 2891
5114 904
3158 1960
363 365
6531 3906
5863 5190
261 868
6007 3838
5562 4512
963 3113
1184 3494
1133 4353
498 2866
4781 832
3879 1673
3451 5072
6533 3225
6655 5322
2496 4893
405 4866
401 5489
4125 3530
6143 4982
2794 3328
5378 476
4939 3833
5794 2202
1587 3272
3697 6379
5309 5473
1556 6138
1139 4506
3962 6362
2027 5219
1780 4344
5342 603
5459 5667
1328 5969
6337 4971
5287 831
5857 6340
4610 655
3727 790
761 3274
4720 3178
4901 5884
1261 1704
4547 5776
3895 5591
947 5171
1001 1686
3876 1532
611 4516
4383 6242
780 1492
4626 5316
1010 6362
229 6705
349 2792
2128 5229
430 5098
3961 3597
1769 2742
5985 1487
859 3011
5068 1784
696 4363
2431 1576
3264 1951
3625 4936
1427 6678
3177 5866
4703 4203
2189 2198
2739 5887
5444 2686
3201 3565
104 4589
5486 5476
3310 6020
4444 1431
3865 2639
1321 1226
5187 2540
3796 4975
4858 2811
5724 2697
593 210
1845 5273
6634 3790
747 3598
2504 1598
5613 5309
4702 5735
3661 5388
3932 1655
2183 4277
5767 345
871 3904
2553 422
1616 5516
2447 3794
569 4936
1943 3342
6693 4742
3976 1083
597 4622
566 5889
4535 2377
4939 6356
1400 1186
5320 431
312 969
4233 1344
3607 4641
1381 5602
855 1532
3494 1434
4209 1480
580 1708
1839 755
3727 3533
163 1057
4499 2649
1408 3776
3683 6020
4843 5976
3330 135
187 2107
374 3590
4250 1465
614 2223
4919 4067
153 4017
5665 3122
5500 364
413 2234
6330 6039
4771 3205
1207 2159
2351 6723
4970 932
2901 4891
236 2255
2438 2440
2637 5716
172 354
5376 985
838 550
5165 1362
2352 4589
2509 5130
1337 2660
19 1020
3332 5773
5316 2205
950 5014
2909 6667
6731 6741
5317 1348
5469 4184
929 3626
4635 1029
1037 5873
100 1995
1764 5490
6219 3767
4054 4076
545 5250
2125 324
