120 3851 287
1263 2546 1
2497 1365 2
1407 1012 2
3411 1371 2
4475 2857 2
2533 5201 2
962 1427 2
2069 4027 2
1698 3489 3
1875 5086 3
1825 489 3
5622 1232 4
3705 4223 4
5662 2637 5
3424 3661 5
2724 2408 6
5308 5510 7
4135 499 7
2353 719 8
4881 4723 9
54 4641 9
2575 43 10
3945 2634 11
4947 3584 12
320 5247 13
3830 5710 14
4441 3963 15
4784 619 16
1201 5675 17
3322 4966 18
239 935 19
928 3404 21
5372 1847 22
4471 5614 23
4220 2039 25
2965 5714 26
2410 3380 27
861 107 29
72 104 30
3301 2497 32
411 3725 33
1557 1989 35
858 4480 37
2695 4587 38
72 1519 40
3166 783 42
5442 4955 44
5527 211 46
3103 3103 48
657 2138 50
5648 4204 51
4974 2261 54
1422 4281 56
56 2086 58
850 685 60
1958 2773 62
402 2650 64
4111 5034 66
1267 5038 69
5623 3344 71
4281 3416 73
1985 5742 76
3076 4160 78
4527 1269 81
194 3158 83
2327 1925 86
3535 311 89
3622 1892 91
5029 4138 94
4622 127 97
5274 768 99
4234 4505 102
2867 1751 105
4893 3097 108
1916 4531 111
4960 1546 114
3865 1142 117
2010 1472 120
2490 5733 123
1329 249 126
1347 3814 129
3076 155 133
2591 3997 136
856 3946 139
121 4158 143
420 508 146
557 5700 149
891 2840 153
3615 3197 156
595 4901 160
5729 5317 163
5455 3813 167
4543 4992 171
3842 3794 174
2580 2980 178
5664 5751 182
5700 2126 186
5020 5210 190
1416 1490 194
4005 1666 198
929 1828 201
3338 4501 206
1861 2320 210
100 5758 214
1988 63 218
3209 5410 222
2848 1090 226
839 5289 230
4917 1033 235
479 1695 239
3756 4869 243
1305 3409 248
2010 950 252
2812 424 257
1555 5566 261
5104 244 266
4745 1849 271
4201 42 275
1694 3019 280
43 609 285
4694 4264
2 3826
3072 3501
4443 901
5701 718
507 4385
990 2252
4880 5745
4997 2658
3766 639
3068 1359
3991 5355
2694 3636
2155 5278
646 1024
5725 1757
783 2520
5355 2874
5709 4631
1280 2920
2262 4655
3026 2735
3976 2968
5155 1255
1803 3848
3649 2486
395 1246
3546 873
1583 4704
5272 2419
3666 4555
1029 946
5662 2979
2874 4951
29 2637
4677 2620
2434 4386
1699 2591
2381 1070
2315 2333
5255 4359
4382 2467
935 4988
1809 1204
2244 425
3735 30
3528 5354
2801 766
1999 1951
278 4939
538 3294
1256 1773
3342 5674
2731 3339
4520 3588
573 3004
1330 4563
2135 4918
3865 2199
1094 4297
2156 3720
1211 655
1719 4305
3188 1712
3587 2869
5233 3387
4545 5332
3162 3798
3478 1642
4562 4558
4370 1786
2128 3216
3254 1110
4092 4731
1336 2142
5389 1478
3233 2053
4887 40
2262 2730
4487 3245
3920 4407
8 5049
2198 4260
1479 724
1483 2356
3322 2797
2091 2505
4283 4248
4771 1374
4170 1071
350 4594
2955 5453
701 328
3290 3331
2592 1698
5219 4788
5460 1016
4448 2214
3496 2114
3417 4038
4383 413
89 3423
2612 2679
1073 5208
2793 3860
1051 3151
1585 5054
1761 243
1581 40
1667 4053
4624 1594
5396 4612
777 3626
5585 453
3012 4548
5214 3862
1993 3025
1129 4775
194 1890
3952 3433
4782 3349
587 4159
3843 1429
674 1561
3142 500
1933 5444
5632 1514
2999 2168
4140 3785
3536 4795
2546 1988
607 623
3606 3441
1035 5449
1077 3605
176 374
2046 546
4341 2684
1869 3244
4720 868
2448 3658
4453 4797
3397 674
5373 4166
2967 628
2911 2935
596 5267
3690 1639
3299 4752
4879 4979
1064 342
5162 5734
4326 5158
2246 2940
3365 5213
1078 4092
183 4380
3541 5032
1998 3513
1316 1291
293 2826
5174 3632
1919 4818
5004 2913
5695 3641
4818 3778
2367 4905
4121 3245
2456 3173
8 3065
5697 3926
3793 249
3758 5466
444 5529
5247 2029
4204 2889
5247 2702
740 3219
3315 2246
2633 996
4278 1567
2083 1743
1819 856
349 4070
927 4746
3265 4312
2364 91
5411 3510
3889 4125
1724 1798
430 1451
4273 4871
1593 897
747 5757
4425 3755
1505 1232
4376 615
4994 3271
2784 4324
3966 745
3456 4341
902 1185
117 2315
5585 1885
2830 1315
3366 3119
4911 4482
4981 5454
4962 462
2473 2222
2185 2082
1973 5246
3861 1962
3045 4769
2591 4957
736 1292
638 4673
3614 2284
5020 813
5398 2573
1732 5428
4537 288
726 1971
2662 3162
2516 385
1319 491
2218 992
2858 3512
5493 4357
5342 1281
4170 2385
1397 4088
3333 340
300 3373
993 1660
5632 5521
1491 5381
2060 2292
4181 4038
5481 5291
4001 5535
4998 2474
2398 5481
3589 3747
26 4872
5191 5315
5683 4463
5234 3186
1817 2043
3275 3580
2218 178
128 5221
278 128
4663 5208
5235 4044
2860 4657
5452 654
2955 2438
3366 1894
380 2263
2523 4243
4023 94
2721 1979
1696 4475
3672 4032
1506 3184
2727 5190
2335 3872
3209 2660
1651 1562
2758 231
597 2698
1104 4475
3244 3998
454 137
2573 693
742 4074
4317 5398
4519 4289
16 3274
5497 4
2157 828
5356 489
4769 3526
24 1703
4730 2341
2560 2405
2188 3433
5035 4755
380 2002
655 774
1734 5236
580 3539
171 5473
2493 2783
5735 1379
4253 757
160 775
3397 3476
2516 879
1404 5666
1583 4877
4761 2181
3833 4655
3457 2351
4336 3090
3639 462
2610 4770
2336 3528
4052 1256
3609 5572
4741 4667
5433 2121
389 1837
3479 2520
5297 5006
5719 242
1228 1001
1561 329
4589 2445
4856 2730
2771 2629
1636 2869
2734 1656
5148 30
2331 2555
3809 4508
3627 1174
3017 3835
1993 411
5354 268
4784 1549
2722 80
3741 2996
404 2477
240 2668
5569 5118
5085 4591
34 2472
2578 5488
2964 256
251 1687
1753 4728
3407 3844
2635 5718
2316 1253
4212 5748
2231 4435
825 2134
1414 2967
4533 3004
1691 1299
5104 1736
3712 3306
1802 3125
4697 3985
428 5083
1278 3251
3700 928
1740 1045
4726 5659
25 1084
2084 4682
3586 605
2834 5080
582 2464
5102 4009
930 5756
1508 3787
3024 844
2105 4368
3873 918
3817 1281
4889 254
4371 4691
2432 600
1059 1843
5513 2365
4634 2916
1612 189
1582 3402
2369 1427
1410 5177
2396 233
5312 3018
4252 972
2987 3246
1674 3850
5574 3582
504 3998
1436 2676
3889 4883
587 2308
4209 2196
3453 1222
3898 5267
5597 3164
3164 2225
3724 1760
2400 5642
1061 610
4141 3581
1878 4018
3898 478
3872 2369
794 4871
2699 1173
1091 1570
1379 631
2250 1778
4614 3151
2647 588
4611 522
1534 3624
3294 4169
1837 5353
1035 181
1601 2185
1428 4803
5155 995
4140 3121
3081 5199
665 5029
168 4781
3804 3180
692 4789
1027 2940
4660 1249
2210 1350
5631 4826
4532 2660
5097 3782
1212 3509
2681 1469
3488 1762
66 227
2039 1141
3012 5307
1689 2068
5375 5363
2887 3362
118 2999
2644 3473
2186 2622
734 1796
4541 5489
4142 1935
3762 3434
5146 2370
2311 3147
1089 1323
1540 1374
798 5053
3952 360
5058 650
2725 2791
907 3105
3081 4278
5667 2825
3455 5528
5365 3279
3305 5559
4199 369
3165 617
4065 390
4333 1437
5487 4725
5265 4516
1650 473
2621 4479
2721 4186
4493 3408
7 5171
5100 1915
2941 124
5517 3952
4211 5526
1474 3964
1176 1873
5710 4083
29 4478
2474 1800
5498 2864
5197 5455
5140 4353
299 1386
119 1201
951 5594
5009 1283
5726 961
3371 1050
716 1670
389 4967
3875 2753
5388 1682
4160 4319
959 398
5631 5002
3547 3067
3253 5180
363 4284
5259 1201
1151 28
3459 3366
4659 716
5506 4214
4785 5250
3147 5540
3426 4148
2735 4741
1082 5752
1263 1112
2528 3548
4991 1406
1138 4592
2535 3096
233 2337
3941 3248
4595 3268
664 3669
5 5304
799 3071
3882 5530
766 236
4617 4685
199 1568
2534 1585
5051 4253
481 1076
4212 1450
1899 2215
1439 1704
32 1876
3695 4367
1210 2414
4557 1759
1618 1720
1322 926
4314 4140
3205 1325
5485 3394
4517 4061
4586 3768
5726 1942
5706 105
4121 651
1241 116
946 4314
1909 3726
1678 4936
2174 706
617 2871
5097 1143
4730 3710
5633 2220
389 865
2799 3242
3590 2639
2903 1002
4005 2326
2519 170
5741 4807
155 3732
4496 1551
3917 3983
2780 2158
1112 1425
4764 2878
1381 4416
3993 1921
2657 251
3079 687
2191 4753
3675 3898
2359 4581
3304 512
172 3897
4482 175
5451 3630
3187 3907
2528 3258
5369 4453
3853 15
3507 3918
2665 3747
242 1059
4765 2679
3470 601
2060 3811
2741 1551
570 4770
4231 4974
5095 555
1578 5154
5177 2213
4312 849
5233 418
3595 1370
129 2765
2726 3065
4941 1752
5445 2775
2898 2201
2990 1160
3900 159
2230 2830
1241 4114
2952 4347
616 3119
2767 5349
531 3189
2021 2088
2247 1100
1091 800
4828 705
1974 4114
3329 1
2336 2117
2266 4527
4299 347
622 1701
3657 4953
2467 732
1657 2696
5020 3931
2906 530
3904 5434
1285 4307
774 762
1785 1635
3225 1418
5010 4337
1007 4499
4528 4182
5316 5622
5598 89
2640 1834
2518 3785
3412 2180
5752 2726
1435 2794
1527 3317
442 3887
3050 1633
851 1635
3122 2469
4729 3245
720 2901
3332 879
2154 5544
5604 4313
4561 4848
768 552
5326 1083
65 1420
2194 1229
2599 5345
1254 4423
3178 4395
4544 2045
4237 3580
2102 3042
2940 1973
5314 3799
1706 828
3842 3353
1845 1295
4311 44
4329 4025
1862 4293
4233 3682
2718 1306
4022 4428
3351 1491
0 799
5071 2751
5116 3225
2762 3541
2914 5231
830 1882
4793 2991
2538 3438
3828 5026
2182 1432
3165 5152
2543 1094
2791 868
4897 1213
1316 4788
3533 4147
4951 2804
5332 3648
2674 4396
5503 3104
3020 2004
4925 1933
5302 4893
3878 3479
3467 1466
2101 956
851 2984
572 4550
3320 1675
5041 2129
5256 953
1312 5563
2383 2413
2107 4106
2950 3515
2352 2975
275 721
1002 3725
1742 2225
3478 935
750 2424
3616 5246
2870 4185
3159 4966
1611 5725
5511 2481
3389 5449
4022 1773
3570 1033
4370 1602
5353 5132
522 4652
4619 1960
2884 4007
1695 305
5151 5171
1211 4265
1593 540
887 563
3945 2486
5076 3580
3504 2723
1034 3896
4834 2376
4127 5595
925 3878
581 1564
4684 2128
5309 1647
5240 4123
3934 4233
4817 4872
4218 1911
2666 2287
4639 4412
1693 2806
2623 1264
178 5610
5540 1472
5141 3942
3173 110
4397 3387
2919 3865
4403 2015
840 3250
164 2555
3221 859
1628 3231
4259 2713
902 5396
384 3218
840 2413
2140 2869
2447 2687
1335 1079
5310 194
4618 2767
4456 2527
3445 2269
5288 604
3939 2019
396 770
2394 452
4709 640
5568 1014
461 2390
3829 5140
3788 2545
1093 2335
512 2773
2464 1676
4431 3320
1225 5213
2979 933
5670 3777
0 284
1925 3447
4074 3336
2131 4545
2423 4968
4152 2125
658 5632
705 4155
5380 2192
1013 3
3991 4905
1789 1380
4574 5223
3668 4112
5169 4685
4954 5126
3906 271
3139 3569
698 1218
185 3231
769 1398
1094 1691
996 2721
2099 1847
4503 4516
3862 1881
4869 4590
3823 5220
5554 5017
3673 1014
2108 4472
2046 4785
2153 5747
1001 850
3616 33
3949 5207
3236 4216
1769 2579
1268 3603
1587 2488
2601 358
4114 4597
942 645
382 5441
403 3468
760 5626
1488 5035
3976 201
4456 5387
1240 4886
3896 744
4422 3200
2751 529
1441 4652
2124 277
1605 1001
420 3036
4098 3904
295 2988
3613 1532
5206 539
170 190
5752 610
3122 1879
1232 2480
1839 4463
912 4045
1417 3727
1154 4159
5507 4888
5134 636
4959 2398
1424 1567
2301 1402
4002 927
1997 2196
160 2113
5692 2407
1058 1982
3594 4465
2576 4670
376 5536
498 2147
1181 2678
2024 5569
4557 2891
428 3273
3672 5471
3528 4932
4324 2856
1937 1408
2951 3926
2223 3794
2081 4613
1205 865
1181 3272
4870 3244
1320 4911
5425 5668
2714 2681
2850 5601
3046 521
2866 4480
1332 1652
2135 3909
4658 3710
4892 5152
2540 4135
4000 4299
2834 2446
2947 1853
4840 3661
4685 397
879 231
577 483
515 1975
1086 3
3096 2176
3544 4723
2585 2760
1256 3851
2842 252
674 5562
5403 3912
777 1054
4745 4803
4389 5321
1139 5201
425 5756
2537 4835
5226 4914
3888 1654
2492 5116
4774 3992
3326 3171
2244 5750
2214 5055
221 4012
2739 1770
1909 860
2245 260
1044 5020
4672 4998
510 3569
2860 3426
299 5433
768 2627
1377 17
2433 1193
5012 1880
3794 1566
3831 3880
669 4396
4025 1338
915 5664
3092 45
4964 5351
3063 5066
3186 1965
444 3547
5119 3472
2103 2720
3212 1205
1834 3665
519 4995
3941 634
962 1263
611 1479
5113 3052
239 3688
4524 5559
1679 132
3726 5690
3672 2808
4399 789
3661 1245
1592 826
912 3726
1950 269
150 3311
386 2979
1631 2268
2601 5586
4471 296
1321 5368
6 174
3633 3680
4833 4034
3398 12
4898 4293
598 4241
4557 1193
1114 2567
4560 1082
3204 5098
5128 3394
4637 2523
4073 3704
2219 3694
1316 2680
264 1846
3353 4363
240 5180
1773 3215
4189 3211
4139 3848
617 278
2666 3283
5403 2941
4063 2955
1893 1063
2628 1410
5680 5182
4448 4552
4613 202
2573 238
2888 3752
4965 4516
14 3360
1826 166
979 2598
2071 5526
5228 3481
2291 766
486 864
5692 500
2950 5292
4210 2646
4515 996
5743 3146
1856 2172
2847 4419
3121 2274
2238 3157
2613 1946
4636 4300
4361 3696
1453 787
4880 983
37 4334
5756 4555
1210 2938
4524 3785
2555 1482
2313 1774
1732 756
2816 1665
1080 136
4914 717
4979 4773
5543 2644
3094 310
3914 3667
509 249
3681 4717
1797 1102
3427 287
2735 2550
5128 2080
2881 2762
4591 833
1903 784
3739 1224
892 1539
3797 2769
4990 4664
5467 5114
5141 2504
827 3596
1363 1785
4603 766
2772 113
4785 124
2419 3565
86 660
4025 329
2483 2953
967 2120
2049 3426
1766 362
4042 1973
972 4700
283 1001
4076 1881
1746 656
3674 2984
1939 2031
4651 3394
2907 297
4914 3176
5498 1527
2270 3483
3416 3007
3336 277
2382 3954
2025 3761
2845 5281
1624 3555
4374 3241
731 1
3397 1315
3944 5716
2348 2283
1635 3041
5386 4781
487 613
5576 4443
5150 3735
1984 622
4083 288
3323 2441
5085 2386
1346 1340
4872 4153
4562 4462
3170 915
4347 3436
811 4069
5299 63
1482 426
1776 2138
3878 1039
3380 4752
1629 5573
5496 2206
4352 1163
1438 633
3548 4022
558 147
1603 1774
2738 2302
270 4470
1111 5480
3293 2073
5437 5373
773 1893
3279 1309
4067 4102
1308 3871
2570 2120
4754 1741
4119 357
1764 1991
773 964
466 1554
1249 1837
4773 3088
3512 2972
78 2720
1183 2221
1851 3320
577 2767
4073 5553
2108 1196
399 3645
524 1869
1313 2608
77 3300
907 2424
698 3492
2955 2983
282 415
552 4941
5364 3707
3412 4411
3253 288
5488 882
215 4096
3543 1766
556 368
2327 5705
3106 4026
2897 5681
4926 821
2450 4563
5422 4238
4663 3027
3516 3415
3148 2359
4238 1507
1255 1413
1991 2396
3494 3812
1179 4414
3044 4377
3368 2216
1086 443
2027 4427
2050 5701
1842 3398
4140 2646
1983 4389
5622 2533
2004 4212
254 3535
57 2807
1499 2956
871 4230
1796 1928
1787 2255
3171 52
3127 3938
4364 1104
3823 492
4771 1266
49 3115
2355 4733
4605 4040
2810 1149
4847 1418
3777 3677
887 5540
3338 2937
1934 2108
3199 3257
3076 1802
4882 5036
1532 3262
439 2804
3715 4159
1011 3332
5459 1107
1065 3236
5507 2727
2106 2143
5394 3763
5069 4426
3747 3122
1287 3157
3827 2065
5057 966
5020 3866
5131 4553
4932 12
3506 3135
4946 3491
3182 4006
3351 4171
2178 2330
1831 691
2725 2055
2446 2847
1858 1770
1739 3273
2556 4738
1332 2882
53 1775
5162 222
423 1668
2553 2259
109 1882
4949 4904
48 4948
108 4645
4819 993
5310 5204
2696 4824
4896 544
1253 5443
297 538
1634 1856
3564 4425
4661 3314
4600 1130
4274 3620
925 2373
4711 5746
5652 128
3685 5173
3364 5268
503 2897
3409 996
3404 5330
237 1300
351 3621
2972 3165
3035 4444
1827 3031
3000 4941
1051 5280
1048 1372
4885 1523
3481 5626
5705 2543
955 3457
4590 5020
3417 2447
3712 2020
2544 3829
1277 864
1259 4529
2996 724
2613 508
2403 4127
3571 655
2187 5396
1164 3835
161 243
5417 2868
348 374
3061 5475
530 5300
4328 2171
4660 309
3468 1983
634 210
4302 1372
408 1773
2426 1430
3690 1687
2235 1194
119 3875
5395 424
4919 4801
663 4340
4942 4652
297 2064
3571 1501
3304 4113
1427 704
4067 2679
5214 4602
2271 4059
4447 1622
5533 5683
5221 2192
603 335
727 5404
4232 1256
1239 38
1742 4363
702 2179
4426 1513
1409 903
2383 1315
2278 2562
420 2365
4304 1924
5409 2071
3370 1675
3423 5076
4372 4575
4173 3954
555 3837
9 5115
3943 801
2303 4103
5100 1192
4361 2341
1138 3698
3603 2366
3963 2544
2515 806
3673 1507
3810 4559
454 4367
5365 2739
4691 1052
5092 1444
2336 379
5542 919
928 4472
1294 5204
126 4067
3102 1585
2734 5698
1937 45
3501 5558
2642 702
4957 5235
3591 1639
1908 3387
1971 2261
2289 4223
2615 2451
1470 1420
3767 520
1049 5711
1764 3442
3451 4935
2738 396
4373 473
1861 2611
92 3709
2701 4478
2311 5063
204 3803
4754 3662
3132 1749
4348 1328
384 1015
1527 4108
4965 947
5611 889
383 4522
2351 4673
236 543
3660 4331
4633 5576
1165 333
332 692
5006 3532
2301 4784
1512 1925
1755 5165
4039 644
723 2816
4553 1450
3076 1234
4519 3948
1501 610
3817 914
1837 1864
2547 1192
1003 4566
3732 2783
332 1522
1859 4908
2791 4883
3805 802
4186 223
1716 3531
3939 2186
4684 2812
1760 4183
2573 4058
4257 4152
4704 2381
4768 1055
2310 1885
3164 1821
4604 2584
5647 4719
4752 948
1934 1139
1480 5622
3789 3339
2236 2282
4283 3351
5554 5417
2441 130
1896 4876
4628 615
3274 4066
1906 5302
5105 4979
1559 3682
4002 5263
5150 1754
471 4940
3717 1503
5327 4795
3049 1520
3300 1574
663 23
1792 5593
4633 4914
4030 4353
358 110
4062 4051
1199 5625
4078 3123
5408 671
4754 337
2444 3091
3932 1415
1137 261
5141 885
751 610
559 3619
2758 4820
3321 4625
3626 3084
3702 2191
4476 5054
1332 3344
2836 1708
4220 1817
130 2592
5509 3484
1739 4904
2140 154
5228 1647
588 2535
2574 5104
2476 5008
439 2444
1924 676
4970 2625
2623 210
1318 3501
5379 4268
3012 3488
2011 5282
3346 2731
5709 5744
2739 3673
225 2408
4569 4755
1298 3107
2399 3180
2397 5337
3720 3827
645 4197
3425 1447
2796 4839
534 1485
3348 2058
4320 1265
289 1965
1000 5020
31 4680
4315 2961
4496 4402
5462 147
5411 871
5052 576
1386 3200
2532 4324
1064 5652
4186 767
3614 835
4958 992
2490 2835
4259 274
1454 5588
3949 2810
1374 782
1958 4620
4660 5528
3204 4715
1004 654
5195 4014
1602 1670
4673 4762
1737 392
2385 2822
4921 2577
4435 1440
960 3945
5009 2836
5355 70
4410 5175
5631 1326
2105 1284
1489 3644
5536 1923
975 2849
2291 2844
2603 127
1058 299
3758 1048
233 1965
2376 2861
913 494
2865 4753
5147 4901
1557 2623
1172 491
4285 5054
2386 4826
4446 5305
2118 3638
3288 5688
4211 3330
4389 5366
1965 1466
4005 2271
1333 1977
36 870
5084 3675
4932 878
4396 4027
4748 1308
5398 2443
4909 4410
1364 3125
3062 5001
5625 3190
1914 439
950 4522
1726 3228
3945 4908
3259 2149
2578 1655
3908 3386
3313 668
653 4008
2265 124
100 5083
1087 2844
2679 3345
2720 4881
3908 2260
1565 4752
5306 5726
3240 2184
1141 3243
3306 2885
411 686
1155 3018
2785 664
4083 5290
3062 3788
1234 3899
4029 1511
992 5265
1462 4163
2388 5597
2727 4534
4882 1597
4096 802
1661 57
2146 5061
2007 262
4155 671
1491 3688
1603 3193
2050 925
4947 3986
1302 2012
867 3680
3265 4506
675 1349
180 832
1084 533
1404 2205
2071 4861
5324 5264
4218 3058
3004 2108
4979 4464
4522 5613
4603 5389
366 5317
1058 4633
621 4737
2957 1063
3828 603
4604 4801
4165 5704
2800 3340
1523 2591
352 1387
5730 3767
1993 4053
1437 5211
3325 2699
2868 24
540 5450
2341 1135
4463 2004
5632 4145
1224 3768
339 3550
4150 2331
2595 2309
2753 2871
606 2224
273 1436
1886 2471
661 5468
1099 4378
3217 90
4387 2600
1172 211
1193 89
3836 4318
2586 2878
1146 3597
5089 3638
5235 324
2869 2862
4482 4887
947 1972
1615 4357
864 158
2657 5486
4583 2240
3182 1168
3203 4086
5190 961
4458 5570
2461 4245
673 3625
1317 815
5106 4642
3318 3928
3484 1356
3754 3796
2779 5607
55 997
116 3252
1447 3168
185 4940
2518 5260
107 4404
5061 2213
3207 5736
2977 4013
3593 160
395 2181
1316 355
2081 3678
4196 4259
1193 758
3206 3645
4218 1210
2250 4986
3000 1244
4591 625
3705 1900
78 450
4673 2447
4074 2285
5731 331
1444 930
3569 753
4231 2950
1373 4968
297 1343
4725 1030
4395 5499
3698 5229
1895 3355
1633 4893
1602 5424
813 4540
1210 1675
3772 4265
3555 3913
5683 349
153 2206
2602 3803
694 2836
3378 2469
2437 41
2921 5574
3707 5576
4565 562
4722 5435
3074 3597
2400 3840
1534 387
274 212
859 475
3154 5729
4226 2531
4823 95
894 3241
3511 2546
4493 5208
4006 634
262 2550
1731 4068
5159 5302
3095 1904
190 533
795 3551
2526 476
5429 2243
2792 2448
3215 1867
3953 883
5020 5599
4262 2019
3508 1812
2866 2250
4367 876
4242 2852
4708 3744
1033 2685
3358 2971
4270 25
5329 1189
3550 1313
3467 4159
584 3302
4162 4819
1318 2411
3875 5599
5591 4111
2590 194
4697 1444
3004 3740
1869 931
2202 1069
5173 63
2855 1054
2016 2688
4749 2784
3707 2442
1736 4131
1662 5156
3650 2029
3250 413
2162 59
5165 3687
5652 3610
4219 3239
2402 1995
5528 833
5085 4269
2631 3861
2756 3728
2622 669
2403 316
1327 1890
276 1133
3756 282
2878 2290
3870 1458
3298 5142
537 3467
3869 2983
3314 1053
3231 5134
4367 4418
2778 1873
1650 2836
2168 329
4386 3355
2698 2386
2238 5266
3367 5613
955 3328
3562 2835
5514 3732
1186 4172
4273 1658
4557 463
5033 3596
2565 857
1578 4658
2578 2619
44 4130
2540 4881
5101 5511
2664 3067
5581 5343
1217 1145
1857 2864
2758 854
337 3479
1919 1906
235 1890
1026 4847
5012 3325
4648 506
1427 4467
1990 2658
3804 1672
4203 5697
4718 1560
4527 3432
4824 3930
3371 1790
5335 3136
381 435
670 1516
3003 4241
2945 3040
4589 115
4302 795
4868 2788
918 2076
392 19
3589 3113
4206 1521
4320 1213
1038 4106
1517 5073
5706 2198
5558 2942
4649 3194
4392 5082
5756 19
3300 887
5307 4724
2216 5241
3276 1818
4479 837
2284 3795
4927 1267
2439 714
5680 4643
2365 1250
445 1810
1357 2359
4435 2060
3023 1193
3685 582
5193 3397
3738 62
2856 490
1959 4669
5165 429
1968 1011
3078 472
2740 3105
2758 5019
2768 4446
340 2879
5108 3299
770 5713
255 365
3011 2851
2148 4874
1001 1093
3717 1794
4920 2769
4084 700
1950 5194
4278 5219
5231 3537
2150 4639
3425 4207
2639 1130
188 1160
4385 3529
4613 3940
1174 1090
806 1630
2346 4796
3502 3632
367 2826
3843 4263
4073 3400
2042 5309
2445 3250
4308 5434
2345 3393
617 5339
3570 703
1774 2985
2281 10
1320 4625
1862 1510
4276 5095
1233 5329
3840 2259
5280 2955
5152 5332
4990 4958
2245 4681
1994 4736
4370 5118
5453 1408
819 636
4933 957
1704 2259
5590 3106
3316 217
970 1367
3930 3164
2431 2551
5224 4188
5663 3418
2045 3492
4005 580
3765 886
4263 4529
923 4850
2738 2990
4180 2588
5510 1675
1757 4866
3249 1517
1747 4988
804 1191
249 2134
3516 134
4707 3954
1582 5611
4864 1501
3122 3018
2992 3528
3766 1871
5504 4471
1286 244
4691 2077
97 5020
3377 4914
1686 4344
497 1313
3936 4341
129 1724
4833 174
747 4040
4944 3671
5349 4204
2376 1740
4719 2681
2615 3156
4001 3191
1147 1312
4744 2543
4578 1583
929 5493
4357 4094
3170 2524
3016 3127
2954 2516
2274 2637
2423 3772
901 3936
5108 4807
4965 5185
4186 1958
3952 4707
300 3154
3975 3835
2758 4110
4356 739
5473 5416
1428 3234
4497 5254
4132 933
4016 3682
5689 2726
2857 4245
2541 2373
1893 661
1139 4822
274 170
3691 449
2114 5701
3791 4740
736 3306
4992 4016
5218 152
5569 347
1648 2016
1013 713
2833 3337
5623 2725
262 3109
2459 1590
282 2795
1092 4581
147 1222
2780 2580
728 4296
2874 2673
4484 4483
2671 2950
1784 4279
149 5116
74 3255
3761 4503
949 1626
2241 2472
2413 5196
4337 767
4867 2658
3431 1179
5723 3393
715 3777
2499 5675
79 3802
2446 1100
1300 3287
4256 1144
2236 2661
2290 2302
1902 1280
2839 4191
815 4405
5656 1569
2767 4688
5270 3268
4432 2666
667 2495
4625 3268
2530 2747
3501 2485
2171 143
1540 1625
3492 4795
4271 2280
4927 3341
4912 1881
1156 369
3959 1800
2581 4911
2254 789
871 4059
3121 281
4101 1099
1951 1114
235 2560
1171 5590
1399 3946
1278 4895
2722 4026
4270 818
2237 5447
2722 4217
2645 1941
1457 1239
893 1127
2304 887
3392 5481
1171 3057
1925 2277
2789 3042
3826 2672
5049 3466
5388 5005
2210 431
1317 5167
5648 2242
4419 1725
1547 5413
75 923
2535 5021
4242 2567
4595 1227
4769 5536
3222 1013
2207 3017
4157 2828
1011 1743
4970 2933
4221 294
3341 2267
1706 2514
2134 5239
2518 4782
1294 3592
4368 5426
335 4457
4588 2606
4189 3462
4687 3352
3559 118
1576 2074
5473 4841
4821 5680
4197 2539
4822 1064
5582 891
3815 5418
3792 3005
624 2650
1433 1871
1012 3827
3662 805
3165 1879
4055 4806
2861 2517
204 2454
2168 3787
2468 3947
273 4680
3754 1107
4879 5092
5199 173
1454 3773
856 1512
4430 1296
5020 1665
2422 3167
2754 2836
1567 4414
5317 3059
2864 338
2949 5100
4473 1437
4789 963
3122 3832
5606 488
3970 230
1543 2893
2714 318
5516 4583
3448 2796
5522 2614
2370 1358
1602 3683
2696 1625
4409 4402
2959 1573
2802 1293
4408 4255
2149 3410
3204 2448
1384 5731
2194 3112
4792 4522
1241 228
38 507
438 4085
4477 30
2375 4183
1105 2248
3259 824
3595 3779
3000 17
5482 506
2072 4435
3967 1609
2846 1456
2887 490
4655 4005
4636 5691
2533 3482
5292 1558
3833 1172
2478 5615
2981 3001
4509 311
2790 3136
353 4623
2907 4456
2922 1500
80 2649
1143 2311
1845 5543
1993 5371
5067 148
5367 4595
4920 451
3732 2363
504 677
1520 1471
3830 5324
2421 4199
3701 3087
3677 3987
5408 4305
1231 3321
672 4831
4623 442
1189 2113
5361 3337
3290 2650
776 359
2051 1416
3374 47
5646 4677
732 1443
5130 3154
2234 4331
1613 1362
3796 15
3620 1961
3038 5740
1307 1034
1348 1532
1566 4000
4603 2314
869 62
179 994
1119 2650
2680 848
3779 2791
4525 2183
2160 3186
1180 2995
5331 471
2147 1401
1093 1540
3761 4775
4749 1224
5580 2232
5037 1428
2194 5220
363 49
1791 884
149 1483
3218 1167
4145 5414
4350 1050
4701 2740
826 2756
4627 1782
3621 3469
1854 3732
3680 78
1358 910
2490 2375
1174 5654
3230 3886
2374 4517
4628 1151
1917 4960
3738 5358
275 4541
4357 1937
1667 5717
4519 4817
289 3656
1811 2386
4802 5636
675 1439
3594 2707
4619 3612
3136 983
4781 4152
338 4400
4674 3454
5262 5239
5690 3306
1487 4340
2608 969
1805 5164
4012 238
2822 2176
3513 3086
1020 4974
4561 3179
1038 2790
829 5475
2502 5040
2150 2730
1809 1596
2232 5359
2884 1672
3575 5635
5480 110
1073 1212
2543 4793
2684 1204
5079 2895
4067 4579
298 1806
2888 5122
5409 1285
2669 161
5348 5607
3050 5111
46 2039
2938 5377
943 4435
1240 4202
3371 4008
1225 4056
2675 2190
3217 5440
4216 4763
2520 1897
3185 459
1571 2230
5754 4182
3268 2928
3969 5028
129 4417
5257 982
265 1981
2515 2256
4824 1204
922 3987
5698 2821
3774 371
4527 1457
3011 113
5029 958
2559 5427
2062 3073
4280 2780
4969 119
1076 1963
1353 286
1927 1823
2014 4913
4896 662
4991 3201
2370 766
2522 1159
2692 2146
4351 413
5598 3553
2662 5016
2868 239
2698 3016
429 5568
683 2891
368 771
3374 141
1885 277
145 1821
101 4727
3052 983
1961 298
3236 3640
2374 4288
1064 1269
2315 315
1189 5285
5263 2797
5416 5393
933 1599
149 2080
1311 2165
1750 2117
3246 2097
567 5080
5056 3811
810 4264
78 2008
2542 5349
4665 220
3593 3910
3597 135
4600 4490
4101 1205
116 1519
5352 2023
4447 643
4491 4142
2357 3345
5389 2614
3560 184
4024 3893
4443 3256
3079 1062
3938 1457
1926 4066
1377 270
4350 1479
637 931
1000 4884
2798 4574
4884 3494
3463 1299
3813 2433
2235 5131
3813 4666
287 4045
4584 5316
5638 1651
4019 274
631 4316
86 308
2055 4103
3617 652
588 4322
4352 2309
1044 3960
2447 3602
3078 3361
2898 1888
4029 5088
2279 3652
2830 289
658 3185
4741 3883
3290 3621
3813 4828
1188 5758
5443 4330
3167 1412
2331 778
1172 4102
5674 644
3434 1661
709 428
3345 4840
1580 2866
4399 3439
2570 955
5062 3001
1296 4602
5230 1467
3609 1571
3305 1157
1615 19
3656 4611
5661 357
2568 72
2716 1724
2321 1504
2541 778
3892 4824
4363 3558
205 305
3444 5008
3205 3441
499 290
4061 5706
3267 3550
3612 426
725 2853
999 3296
3978 1511
683 834
2846 4055
1115 3523
3113 4074
5527 1492
2001 1054
5566 1379
4281 3829
3399 1212
3791 4923
4440 5608
1473 1927
5197 390
2646 4704
3886 4926
807 1683
2379 1679
5171 1837
3042 1687
5626 834
5204 915
5705 5620
4788 710
4852 4261
2554 4176
5248 205
2242 1576
4094 2565
4766 1090
972 4254
1663 2668
3878 5647
1131 3626
912 2598
2042 2984
5701 2697
331 179
5079 5151
988 3319
71 3177
1122 4119
4337 2755
2331 1270
2344 2374
5335 4440
2248 3069
4989 5072
3068 1273
4141 236
4122 5454
5261 4007
672 1914
2992 3812
2834 175
800 2834
716 207
2677 1707
458 5758
4385 5729
27 5300
2615 942
1495 860
2216 1553
4495 2295
1332 3209
1827 3241
5577 2418
4628 4254
2326 3039
5347 4132
5716 4811
1511 4764
5490 5518
950 4944
5201 660
2255 4121
4049 5097
5601 1427
2326 651
4155 722
432 3620
4920 4619
1432 4884
1400 3119
4928 5156
3945 3486
1242 1210
5270 5096
42 2554
5401 1581
4004 5499
548 16
4075 2719
716 5695
5679 1826
2535 3213
80 1478
981 4830
4127 1625
2925 239
4362 1987
3292 15
985 3581
4658 3836
1739 2875
1744 3625
2426 5659
1044 4256
3489 3192
1792 1476
1067 202
4884 5631
1631 4389
4813 614
25 4264
5301 4628
4741 4322
1961 2644
3736 2280
5150 4948
2507 2233
5658 4085
4665 4032
2580 4794
1554 1171
399 3970
2691 2559
472 342
166 4006
4064 2805
391 1947
2137 2843
331 1042
4831 2118
2899 1621
1731 3744
4916 2793
4226 1524
5687 2029
292 4363
852 4022
2788 596
911 2831
478 3336
5132 4391
5310 3747
4277 192
3925 3899
2402 4333
3569 1634
3565 4953
2838 1547
1596 644
3132 4805
985 5726
3043 3993
2682 3996
4478 1537
5104 3443
3315 4303
2999 4120
21 466
4593 876
3294 4036
4213 643
5005 5748
766 3114
1719 97
4374 2534
4559 1422
3593 5213
3732 1912
5726 34
5517 5102
1470 2820
405 4905
4973 5650
544 2438
2453 4280
3869 5683
1226 370
4288 451
2360 5438
1249 710
3436 2850
3957 1020
644 1174
4473 922
1692 3432
5418 4095
4444 5202
1804 5354
3832 744
2785 3548
4859 574
1987 1662
707 2698
3188 1928
2322 1580
3556 1145
4227 5470
3831 1260
3523 3383
4789 4601
3378 1375
3542 1386
5468 1225
3887 3055
3177 2084
312 5286
2261 585
4637 3165
5655 4042
4766 2530
3146 40
3802 1412
3228 914
2689 5624
2795 1253
4671 4858
1224 4394
3828 74
371 5624
1144 1479
3388 1724
5197 4373
3715 1737
5475 4929
2400 5081
2427 5518
5437 1250
2291 4157
4352 5681
93 4563
4121 1279
3688 2728
2439 4990
444 3459
2219 393
1802 2626
4730 671
5028 1262
3196 2861
2278 2887
1553 5679
4924 3118
4680 1347
2359 592
1694 3161
1299 2545
1785 434
4585 5395
4024 797
771 2591
4403 1149
3067 2872
3327 4388
1934 2375
4032 5178
4413 3654
2092 760
673 2273
1931 5033
924 3520
2463 2038
2852 661
1397 2743
4349 2150
5167 2383
5244 2226
4107 605
5702 2235
5594 1757
3908 1513
3855 2851
201 5590
805 945
5275 3934
788 4835
1326 2595
2066 5567
3879 4862
1442 3395
4090 3687
1261 3035
3822 1784
2439 2313
579 5568
5467 1815
1913 2542
1743 4163
3135 3970
1424 326
1898 2926
5028 5313
4313 3462
1644 4134
2999 2416
5128 2669
3300 2549
5735 741
1871 4458
4243 5645
5105 2133
2369 4749
5278 2845
833 3179
1427 5318
1284 3075
5158 1217
999 5410
3115 3126
377 3258
2028 978
3548 3619
4991 779
605 1964
5148 5438
32 4193
3209 825
991 5753
4765 2323
589 4268
1399 3996
769 5310
606 3633
2882 802
2311 3260
1690 520
4710 5406
401 138
4667 2304
385 3533
4110 3198
3002 1478
2237 3099
734 1753
1156 5459
871 5725
1884 461
3533 736
1728 331
880 1810
2866 4560
3971 656
69 4261
5277 2748
4797 4347
1873 1098
3503 2897
3940 5001
3431 5168
4360 978
1294 5301
321 3315
5128 4586
1094 1383
3398 897
4831 2410
527 2946
258 2699
1462 5663
3243 5596
5336 2127
4122 3547
2100 1499
5192 4584
3948 92
2644 2866
4287 3111
2626 5148
1612 1990
4872 648
2745 475
248 4922
53 624
602 35
4378 2384
82 4310
4671 4520
5191 2503
1292 1162
5627 1497
4953 638
212 1028
644 4347
4105 969
452 1692
3952 5084
3608 710
1484 1260
994 2841
834 4937
1527 2536
3555 5335
5575 774
4428 2121
2882 4552
4975 1952
3949 1050
3877 5109
5313 1734
653 3015
5247 4989
740 4395
343 3306
970 3061
5324 2149
3576 4453
230 2225
3104 5665
2555 4410
2270 3041
2384 2900
5301 742
1638 3126
2041 2778
3562 5185
1340 4702
1812 2712
4159 1122
1982 3873
4744 4515
3010 5276
5010 1735
5051 5418
3640 2765
4982 2705
23 5581
3190 4571
3548 4917
4690 4515
1542 1086
5367 3784
2687 3197
3907 2067
1250 2720
5693 4309
2933 700
4812 498
781 5363
1161 2890
3719 876
2020 399
968 5137
2645 4342
4575 5447
1770 3752
1306 919
5221 3764
5635 1870
2529 955
4615 2447
2493 133
3129 1661
345 3392
1654 975
1412 1865
4752 4050
335 4979
2144 3231
1278 673
4766 3911
5586 992
3214 2807
2697 109
2861 4591
1611 5546
5463 2337
1678 213
4311 2242
630 409
3985 2654
3650 1695
1885 2968
1968 3075
1881 4497
1649 4614
4010 437
2253 1643
4686 470
3396 5313
1476 5678
3693 3694
2264 0
3919 2696
558 5383
4517 2908
4842 727
1200 475
145 4856
5133 2038
3449 5169
5075 3055
5476 1394
4714 333
4417 3363
253 4213
2390 4162
1337 1850
5508 4864
3319 1468
229 316
5190 141
2608 5228
1549 2225
1720 814
322 2635
3077 1705
3561 2636
386 2228
1408 2940
3183 3368
3283 3807
5573 2138
5483 775
4505 4915
2485 4866
3496 4952
5718 3967
4211 2277
2539 3246
4206 283
4902 794
5049 4118
4300 5167
4841 4068
4144 2359
3808 2335
4211 3669
1243 1696
3641 1268
3734 1061
3643 1071
3708 3455
2346 1005
5659 2495
3954 918
1411 2594
117 755
4215 1650
1636 372
5561 2355
3974 2307
2277 1334
2347 5179
5298 163
5633 5496
188 2790
3459 1841
4265 5057
177 2850
2421 5384
2154 1344
1849 1416
366 918
5314 1805
5103 3549
840 1468
3733 4783
2441 537
4072 1373
3471 4858
1053 2741
2923 3038
4358 5312
263 4178
3694 3569
5105 4882
4363 3081
1160 950
694 2500
441 3248
311 4833
1370 5613
5285 4596
562 695
127 5343
4831 1703
4416 1905
4276 4916
3950 4932
2404 2561
4836 2090
5713 1204
1666 1895
3576 1166
2240 5211
3700 4526
5195 1466
5537 4650
482 4455
789 3668
3517 3966
1110 3686
4685 2993
913 4492
1128 2989
3067 2688
2069 710
3183 4183
1933 2834
2553 4720
5152 463
3171 4944
5754 5428
2625 3476
3002 391
4928 2850
5456 3720
3251 360
4595 653
1070 2567
4569 2613
3703 3978
1587 1033
2693 4988
618 3193
5157 5000
5647 4793
15 5023
1600 515
2923 3924
3810 5256
1201 4430
2291 744
3465 1434
3280 4662
5223 3365
1349 1012
2315 5147
785 5253
2972 2970
1445 4054
4726 3176
4340 687
2827 678
2076 4248
3246 5484
1567 2762
1175 2313
2042 3331
3310 3215
106 2918
4742 3579
1312 4604
2044 4450
4878 1320
509 4369
3774 3111
2980 2942
315 3441
2664 1397
521 5139
1603 2118
4862 1452
4321 2715
121 5243
5192 2800
1709 865
5645 2675
2796 4761
4309 3767
1568 5751
1507 5268
1645 1160
3855 4375
3477 4837
5609 213
2954 4723
4757 3115
1270 819
5563 2848
3303 5668
2875 5519
3202 1759
979 3253
2179 3927
3846 5236
4562 1873
4055 2756
5736 1807
4804 262
1089 4779
3484 79
1670 3934
3212 554
4966 4023
4605 1360
3414 5185
4891 2908
4319 5669
5393 1379
493 1151
4628 5520
1698 1826
4071 1951
5365 1349
301 4505
1720 4982
4318 4606
4786 2087
5000 2607
2164 121
5415 3962
101 2521
5367 5316
3696 1856
494 506
3435 2735
5475 2884
526 3698
4575 783
4075 1414
255 2940
4759 0
26 5227
5182 3757
667 634
2576 1548
3171 2345
3250 3161
1432 4217
5602 1113
2839 2412
4709 3260
4369 4733
2626 2894
5091 2610
4680 1455
297 5528
702 5569
4533 2713
5000 266
3220 1478
3404 2102
3485 4122
1957 4012
3694 3234
1028 4050
1307 5124
4310 1008
1749 2676
1137 1772
5701 2265
2500 419
4101 2001
1405 2425
1289 4553
2082 2329
1840 2793
1400 567
3334 4776
364 835
4704 2204
4726 2564
40 1487
234 363
417 5446
4302 5279
5219 3460
5571 3481
1840 5729
1424 628
5205 1812
3405 4602
4709 4390
2649 2994
2642 5180
3771 3277
4113 5344
4718 5299
2197 3312
5261 1162
1045 2882
4198 1294
3279 222
1859 4935
5588 2680
546 2834
184 647
5189 3569
4736 1954
4807 3144
3013 5617
5054 4872
359 297
1494 5520
3159 2506
1525 2486
3139 3742
5485 312
522 3611
905 585
603 460
2406 491
2769 523
1215 1910
1307 2085
4199 4972
1516 2759
29 1533
143 576
3650 862
4798 5509
394 2747
3504 2194
790 1088
3618 3054
2166 2124
5669 2173
5693 2061
715 3285
475 1193
4508 1329
4531 1222
4449 4137
2922 1361
315 1790
3169 3216
4153 2940
4089 2246
5303 4013
629 2264
5651 1634
2917 565
2930 3419
3333 322
531 5238
1427 3403
5105 5490
2657 1780
1319 3766
368 1780
2489 2323
3445 4968
844 4997
3127 4240
2699 67
4936 1855
3682 1091
2912 2783
2540 2876
3666 3258
5184 5008
4214 5664
5203 2450
2495 3594
913 3395
346 4416
1060 2225
2958 4875
965 4723
3626 2780
44 2609
3916 4651
5551 5265
5309 3674
1174 4535
1757 804
2529 1436
3141 3002
3945 2255
3569 2771
2580 910
4542 3455
2684 3649
757 3040
3149 4167
2775 3383
2579 4237
4592 4059
1680 2716
542 393
1994 1497
2023 2229
4435 3919
2343 5743
2030 2870
5212 2769
4219 682
4939 3944
3947 2445
5002 5137
1002 3164
2128 5377
1962 470
3741 3489
2321 4744
2216 136
3024 1703
2369 188
2236 1718
4817 4208
5694 2513
1176 2850
4641 4163
3477 5723
1878 3446
3263 2950
223 5647
5376 5340
4750 3174
3211 4745
2143 3100
2388 3479
3341 2541
4548 3085
3551 313
2318 5638
3922 1129
1635 5603
1013 3552
3103 1438
5144 5366
2118 5459
3711 3860
2691 5693
232 1370
2814 4386
323 4820
504 4791
165 5375
389 4296
4038 5320
4228 2426
159 2291
4218 930
2668 3558
4635 257
4003 1350
4203 5107
3492 1025
1798 4741
128 619
520 597
4004 3551
5192 4788
3697 3154
3254 3525
1726 2378
4397 4306
1983 4932
2200 1443
3028 5444
3214 3126
4165 2466
3169 4337
2674 2902
3083 4039
4008 2496
2330 5600
4128 2795
4728 2522
5554 2504
1354 2811
3826 3123
2443 2011
320 1344
5082 5309
2293 336
5144 4047
3096 438
4000 4642
5376 5611
1330 5328
1027 895
4341 1082
5010 753
44 5563
1591 2078
5564 4112
263 2573
5353 4958
2045 1761
1387 2251
2715 4915
2032 1054
1769 1085
3360 2107
2388 4141
1295 4818
3834 50
4434 5311
1772 4406
2349 1532
1665 4391
3311 106
5252 3785
1648 2223
224 4802
1859 4823
3313 3371
5530 4051
3336 3100
4608 4961
1948 5444
3567 2980
2356 2913
3252 1069
867 4447
3938 2204
3217 211
2411 5751
455 3747
4076 1821
649 672
3203 3082
390 3272
781 2212
4911 75
2430 5504
3281 3351
5667 5094
2516 1295
3867 5619
3248 1203
2662 487
1628 3982
2431 3812
755 5509
757 1127
129 2831
3488 4280
279 5205
3222 844
1774 4102
2931 3214
3187 2850
1821 4560
5529 2462
4880 1095
5749 958
1073 4726
781 2884
3026 2858
4050 3869
5523 1510
851 147
4251 1515
4260 3015
2429 879
3081 91
656 4373
4899 2174
3393 2785
2464 3061
1880 4202
1430 5562
3273 312
5053 2857
1436 4781
3028 4299
1284 2133
1664 4345
4788 3737
3812 3018
5381 4387
2964 5298
4516 3305
556 1191
5061 4050
4276 3843
1522 5224
4359 426
448 2943
1716 3950
4852 2097
1404 1810
3850 2691
1490 677
4234 1918
3542 2101
2057 2570
381 1914
2959 1549
1341 240
5495 2947
4194 888
3508 5070
4604 1863
3937 2078
426 3864
202 1931
248 257
3137 1107
3853 2993
3592 1423
1733 3024
4228 4472
5391 1944
3913 1904
3507 3588
1662 183
5652 2760
1190 1295
4520 3683
5481 1379
2672 2131
614 5533
2430 1599
4913 4884
2830 1818
335 277
400 5674
3892 575
1535 3702
4193 4796
877 678
598 3279
3470 4762
1724 2837
924 3064
796 1035
3040 2774
5334 169
4259 812
413 1122
4867 2055
3466 2965
5493 3351
3156 3565
4915 2980
1973 3104
5225 1390
1596 609
3612 3180
1830 2935
3397 1239
1155 1047
5123 1563
3652 2744
503 3674
2328 536
353 5307
4001 3287
5076 4158
1695 5070
2571 4480
3938 833
4017 1171
2108 3809
5242 2440
4450 5146
473 5389
5480 5215
726 2111
1272 3015
4620 4890
3793 4378
1511 3156
458 3907
3513 1913
2252 1471
516 2260
4541 1713
3171 735
2342 3551
865 79
1372 1837
2607 293
5083 4319
4456 4246
2323 5236
2495 1155
2588 1637
3404 2403
490 2969
1167 3203
1976 3674
1018 759
1998 1320
5729 1980
1290 1259
1844 2304
5677 4953
1281 5121
464 1824
1836 4676
4261 2347
1160 3389
2645 2322
3463 529
4390 2195
105 1122
1787 1309
3279 2674
3393 3340
3048 1266
5454 1257
3630 4642
3484 523
1914 3036
3828 4142
4774 5713
1994 4184
1153 3964
5674 992
2757 5583
868 2436
1865 5224
2801 1310
3156 764
4249 5217
314 5607
5751 2856
2353 3939
2670 5320
5126 3167
3302 3797
5416 3578
3449 1157
1405 297
863 1152
3025 376
3478 1600
3179 3735
992 3671
3950 723
607 3085
2434 2745
2910 5724
1238 4915
4582 1459
4167 92
178 1919
4917 1544
1920 337
5681 4694
1128 1851
3930 3591
4874 2473
1027 3022
4697 241
2084 3443
4309 334
685 3100
2295 3026
3220 513
766 3427
336 4786
4637 5393
3652 362
4116 4442
681 1943
5030 2104
270 1279
1661 2291
3587 2775
3674 5758
3469 3098
1245 2961
5401 1890
5391 3953
2638 1289
2827 3998
2119 90
2943 3655
4118 4510
3405 1302
3434 2708
5225 3519
2092 2893
1554 4977
2998 1763
5537 2371
935 4674
4420 4500
4441 4920
271 1764
3128 576
4053 2336
5425 3859
1749 1534
4797 689
3192 343
5457 3761
5341 4530
1939 5498
129 5079
3413 1056
4153 95
1614 2686
1215 2280
4290 5603
3742 707
237 1563
4852 4844
115 4595
5454 2689
4867 2381
5480 3486
533 5212
5081 5051
3984 3602
947 2784
385 5377
5719 5354
2903 5505
3713 1610
3463 2633
1537 5165
3590 3995
3972 4916
204 1914
1320 3717
4863 2970
2236 335
5492 4645
4478 4648
1326 1197
4968 696
1404 2101
2115 4273
128 2464
411 1052
3594 2106
778 4725
3387 4253
537 4458
5695 4912
1997 4198
2289 4141
1663 605
4369 193
4630 3545
2790 2090
3689 954
5328 5557
5146 2231
1162 3464
3338 2955
3984 3348
1173 842
2687 3457
2632 1334
5103 5621
1729 1104
202 275
3856 4067
5246 5732
3459 4678
4534 674
3459 5383
4660 2849
1583 1054
1207 3729
1286 849
804 979
5383 5451
3393 1815
586 1425
3551 5382
5130 1998
3592 1879
4144 1310
3063 4100
3829 1862
3359 4090
4476 5678
2909 2380
1598 444
3428 3315
365 547
153 4848
1335 4109
3758 427
1157 4465
4814 1523
5597 4548
116 314
5699 923
3912 1565
227 1835
4758 4977
3535 2731
