100 2238 200
1935 1940 1
1320 2073 2
2346 1494 2
1295 2674 2
2117 2981 2
3998 3289 2
135 1219 2
2954 2978 2
3775 2412 3
2372 486 3
913 635 3
3182 89 4
101 3861 4
540 1979 5
2469 50 5
3491 480 6
786 3613 7
2789 2176 7
646 195 8
676 2945 9
3074 857 9
63 2420 10
359 865 11
1587 1404 12
2036 994 13
3394 3575 14
1822 3865 15
2257 3905 16
2726 3844 17
2509 3303 18
3803 1591 19
687 2536 21
3969 291 22
1985 283 23
3314 2133 25
1194 3681 26
1155 1347 27
438 1498 29
1846 3432 30
1261 864 32
1201 3 33
2814 247 35
232 3473 37
3396 2676 38
2331 1906 40
152 333 42
2725 1262 44
3344 3982 46
75 3087 48
71 1675 50
2138 2592 51
3383 1348 54
3006 1602 56
857 1074 58
911 1834 60
1104 3149 62
2562 2749 64
1672 810 66
3925 1177 69
1694 3057 71
1598 76 73
3737 1984 76
3944 3886 78
1464 3967 81
3766 2822 83
3629 3244 86
1717 2574 89
3582 107 91
3723 847 94
1040 2408 97
2988 3375 99
3299 3093 102
233 2751 105
1983 1538 108
3104 2430 111
2593 828 114
1651 414 117
2411 2361 120
1314 404 123
940 3892 126
454 3869 129
1827 2254 133
2144 1 136
1440 1723 139
3815 3587 143
3950 620 146
3411 1654 149
574 3293 153
1890 600 156
2675 1557 160
3060 1962 163
1580 3580 167
2155 3571 171
3353 952 174
957 195 178
2641 3057 182
316 2224 186
1805 1222 190
756 1416 194
3147 575 198
86 55
959 2735
3049 1236
874 3354
3632 1178
3126 3787
885 2156
1298 2964
2776 543
453 531
2700 1848
2272 1103
1531 2299
87 956
3510 2442
2765 2592
3538 2949
2376 3008
2184 759
2443 3638
1 2102
532 1741
7 662
3975 2007
683 587
1624 3312
2884 1068
1604 2786
1204 1603
1380 179
1872 2892
2280 2165
482 3638
1196 591
1006 865
1375 1204
3576 3811
383 1264
256 1922
1743 1613
2650 3567
8 3406
741 795
579 1110
1330 3498
1246 2307
2577 2186
3177 309
2128 1701
3111 3564
672 3826
1832 1003
2292 3281
2675 2373
2863 3172
2866 759
3300 728
3957 920
3344 2881
2051 3387
3019 2246
2060 2281
3774 3386
2219 273
594 2723
3554 976
2354 1290
3788 409
3396 59
342 15
3350 1886
3174 1038
1463 993
946 1493
1077 2113
384 3188
3549 1997
3827 3039
2658 113
652 2181
2692 3350
401 2482
2328 2641
3951 2477
2842 26
3608 1504
2820 3488
2030 3918
1810 2
3710 589
3951 1820
1727 1829
466 2940
1879 3644
3274 3339
3914 2717
1015 1683
2511 624
2056 1193
1160 3433
790 1660
1686 3721
3762 130
195 1540
3571 2650
607 15
3130 2613
2538 3925
1145 370
3017 19
389 350
3428 1120
1799 3206
1932 2506
1737 2047
3559 3634
66 1943
3010 669
3754 3819
215 733
1056 1192
2394 783
3760 2207
493 230
3324 3815
2403 3485
2043 466
1497 3796
1032 2879
2065 3123
3629 2338
3828 2594
465 2214
3968 2921
93 2826
228 2417
2669 1993
325 3355
568 954
2200 1399
593 458
3780 1746
3370 2331
903 3118
2309 3725
3547 1296
2658 1093
1984 2152
937 3551
3235 1287
281 499
857 445
618 3105
2975 1375
216 122
3112 3103
230 3239
907 2346
3455 3246
3324 561
3832 715
285 2987
1836 1420
3558 1655
3894 2128
2827 2005
2788 2824
89 3686
2590 1763
1228 214
1446 3665
3354 2541
2970 161
3509 267
2172 2452
757 1836
1451 454
390 2043
686 1965
2897 353
3751 1082
1412 2869
2886 1526
251 2579
2629 2617
2190 3085
3798 274
1680 2925
2618 690
1546 1616
2356 1664
1736 2418
380 1759
256 3735
2980 2825
1703 1014
1094 509
2419 2811
2462 1119
2105 641
2979 3976
3506 817
3951 135
550 3755
1196 1996
2061 2736
2844 2368
1567 604
724 3366
2498 199
3782 1295
659 1311
2052 3670
3049 2124
1276 1133
3567 3959
521 3520
2847 3836
1387 1580
1378 3881
648 1621
1778 3323
2978 3135
1088 3574
1457 290
2444 2096
2894 1763
1889 2087
3598 3503
2800 1366
3946 0
3442 3042
3316 2762
1706 3508
3182 2925
46 394
3186 1996
2962 455
2139 2110
1864 386
1900 1130
2077 1421
707 419
2169 1858
2755 3243
1774 664
1914 3216
2576 2960
3204 1798
2571 3647
1099 1059
3223 3628
302 3583
2852 926
1480 129
297 958
1559 1807
1558 1195
1139 3027
1291 3386
139 2066
3958 1424
2331 638
2738 3997
3970 3517
2186 3691
991 3762
1836 2365
1661 3878
2514 3753
85 566
2339 3573
32 3587
3680 2638
790 2797
2599 8
3637 1398
541 2465
1094 2755
3527 1836
1922 1278
594 3624
3537 3094
2979 794
388 187
2243 2310
1123 3307
627 1456
3537 3385
2305 2805
1697 127
3257 2242
1858 495
23 2590
1059 1569
2157 879
792 3804
2338 1768
1245 722
1991 127
177 3130
1595 1014
1161 4000
2190 516
835 2568
3907 2290
875 1956
114 846
1292 98
3462 3662
2626 2467
3234 3936
3736 2307
435 3768
3227 1594
3501 692
2913 603
618 682
2591 3195
1658 1562
1598 2593
2074 2026
712 992
2892 2753
3573 553
185 3996
389 3529
1363 684
563 3393
3670 2085
1938 1640
1524 760
2847 3734
716 2682
3052 3686
854 290
1925 3321
2592 3816
3153 1422
3253 406
1483 2525
2493 2643
3249 881
702 1728
2273 432
501 638
2063 2896
116 3416
1865 795
3595 2540
2229 2961
2479 1936
3088 439
96 2236
62 3269
2527 3096
592 3004
1732 1729
739 660
1424 3347
1653 3212
3423 205
1745 2204
1309 3213
2776 3659
963 458
958 3218
3333 1709
591 2856
518 878
2804 1624
2493 1244
2763 1927
856 1727
2606 481
1536 2147
2569 3433
1075 2634
1467 841
409 2863
457 3962
890 3650
754 3887
36 3972
849 2449
2634 938
920 1234
297 1326
3696 2879
2801 3394
1887 3058
27 2898
2666 3693
1236 3958
1127 2231
3939 437
2990 3515
1207 2174
3256 1163
185 619
2657 1670
3396 3127
3423 1934
3271 3460
3886 1930
185 1308
3444 947
3969 2783
3727 1183
2161 1946
3692 3876
1000 1788
1417 2398
1767 78
576 2367
2874 2961
3133 1905
2367 68
105 3527
796 1329
3321 2016
628 346
3322 3708
992 2491
2593 1930
3191 3048
3637 324
3237 3176
3312 325
3398 3906
91 1132
643 831
1293 1364
2770 98
888 54
42 2747
1657 3961
2083 1892
3388 1785
2833 3297
2188 1580
3535 2078
3295 3591
3593 657
878 531
2121 3264
1873 2558
671 1071
960 2065
2561 2107
182 2830
471 1304
2372 904
1546 3916
1047 640
2253 989
1020 378
2240 3205
2117 114
2932 1964
1580 256
1371 2487
1959 2270
2428 563
1780 3674
2243 3386
880 3801
527 3048
28 1875
1678 2719
1360 2602
1491 1850
1970 2040
2074 3978
1084 433
1699 3603
3476 2132
1236 1702
752 534
3175 3515
3414 3450
3219 2438
439 2421
1358 1433
854 1502
3076 551
1117 2388
3548 2282
1865 1948
1087 3715
3244 3818
1962 3947
2117 2239
3262 664
2148 2683
3338 187
380 1609
1385 3115
771 3300
1050 58
2937 3858
3204 1683
3156 3404
3651 813
689 3211
257 1057
1803 2784
548 1390
61 2527
3249 3729
3152 2353
204 1817
98 2653
1866 1787
1952 2933
3217 966
428 723
2456 2983
1317 593
2349 1078
13 1045
3798 1165
3667 495
3507 3724
584 97
1484 3493
3473 2032
480 331
1119 43
1107 208
2789 1798
498 1201
997 2936
1912 270
2535 2826
3694 3422
565 1312
1988 853
3764 1430
1089 1998
2112 993
1462 2132
1755 2857
3369 2971
1492 596
3742 3725
1619 2044
2806 729
443 1996
27 485
389 1165
10 1444
2419 3314
2863 3437
1691 3318
669 3673
633 3954
1120 3873
737 1249
28 2202
369 3125
2362 3174
1040 570
556 387
3712 1321
1440 2797
795 3187
1800 2427
3067 1421
560 598
2758 1061
3606 3432
2251 113
892 1601
134 3644
1031 3272
2207 2063
954 897
213 1716
144 1971
1495 1390
1483 1305
37 724
2055 2434
1188 1428
3496 1581
3696 1021
333 1110
734 1918
28 295
2900 1419
3607 2770
394 1345
2456 2462
1649 585
934 1353
3625 3935
1769 2988
1592 1530
1571 485
2717 3025
865 3286
2444 166
790 1736
2440 3411
100 1603
44 3152
3798 934
3601 1072
3123 2156
3435 729
3714 235
3219 198
1435 2203
1197 3018
2010 609
172 3021
220 2139
238 2939
794 3360
1850 3811
82 3368
1252 2877
1744 1084
2173 3921
370 3266
3405 3739
2355 2187
1197 3319
2061 1726
3358 1107
981 3139
149 695
2016 2803
3193 772
3902 2208
2312 2262
2100 1058
1596 546
654 464
910 1114
1965 1823
3812 2505
3716 2548
971 2610
3433 1211
1962 2459
1614 3685
3696 693
3167 2807
3518 408
1948 712
2199 3287
3144 1539
2981 1000
581 1645
3662 1480
157 1859
2119 3072
2298 1293
3514 177
2372 1217
3428 1286
1993 1472
1857 2637
2391 1540
2282 1482
4 3088
3039 3887
1377 3563
2347 3677
2383 205
733 3805
1107 3416
3682 362
1533 3124
2002 3364
3782 3972
1424 2506
822 1828
2031 2974
1385 3309
3132 1653
2297 3865
3440 1466
2473 417
1109 2948
2712 1727
3216 2541
3898 1649
1158 1861
66 3778
1323 2208
1095 2333
2501 1866
1823 1167
3855 2747
461 3709
493 1889
193 1170
2544 3235
2661 1482
3781 345
1717 470
1981 489
355 3837
1744 2730
1688 10
1520 500
193 4
526 1526
3458 596
1590 3837
1995 2622
3393 460
3564 2231
2089 3470
2531 956
1194 2309
1948 3089
518 2242
89 693
3795 1226
2395 3367
1634 175
990 1863
3929 2419
1908 3944
2059 891
1608 2169
547 2822
915 336
1130 3540
192 287
2259 1586
3068 951
386 3078
1035 3398
2638 2098
91 1047
2127 2753
1471 3238
1006 2753
558 3176
147 1630
2728 2041
1857 3266
2246 576
3879 2659
1771 3578
1755 2361
996 3458
602 2256
3374 3693
205 2627
1107 1255
3389 3370
2467 2201
1153 1006
2454 1800
1796 877
1390 1132
1475 3093
163 2897
2577 2379
928 3719
1661 2469
1112 2869
1665 2057
2720 2399
2426 3045
2426 2684
561 690
2285 3128
3181 1180
2617 1634
503 2725
2938 1313
40 1353
3760 37
2860 865
783 1503
414 3234
891 2951
921 238
804 1164
1014 1038
643 979
3478 3122
1592 2312
2209 3867
2213 1732
1592 1280
2522 2313
179 574
138 2257
692 1477
1748 2310
2912 1679
3826 3161
3561 3767
2618 616
1 3753
2934 2389
221 3162
293 1599
3130 1104
527 441
2574 1230
1840 2485
25 2389
1380 3717
3097 336
1595 1845
506 961
3369 1053
2607 1183
3329 1362
1007 2342
1340 3783
3578 3167
2732 2953
2519 1090
848 2629
2957 2010
1263 1868
383 2287
3270 2176
3045 2896
973 3932
1667 2191
3025 2370
2237 2604
3811 3668
1622 3525
955 2346
288 2923
2812 2303
2187 1265
2726 2654
2071 1806
3699 434
1255 2763
1440 1392
1663 3552
3082 2
1322 1835
18 1495
3988 518
1261 2368
813 2493
1713 1305
1657 2577
3962 2210
3139 99
891 725
3353 3487
2512 3378
1261 795
2553 2023
1737 2490
30 2329
28 599
3318 911
2654 1340
710 2198
3678 3813
1351 106
1362 2136
3469 1987
206 3581
352 2346
487 30
991 1348
3303 2553
1645 3066
662 284
115 2754
3693 1414
2572 997
2961 578
1256 1941
3956 2559
3688 1643
2660 3309
3460 3493
1416 3454
475 2344
780 648
277 1800
2242 1466
2204 660
1874 65
3319 2449
484 3914
3268 1374
2431 1930
351 972
2037 719
754 1591
2548 2459
2199 914
1224 1843
193 204
2812 1921
2464 117
3875 3162
3236 1966
3368 3528
870 401
2772 2546
3093 1153
313 2698
1164 2931
952 584
2765 3525
1472 1177
553 2890
617 1270
2573 1665
1906 1198
3464 2796
1073 3506
3363 271
2260 1855
3664 2397
1772 1297
3077 2039
474 3764
2627 3626
3720 1857
1392 2570
1158 3339
3619 475
1727 786
3368 1651
1576 3031
513 2763
3721 3537
2459 1366
560 805
1085 2291
3136 2477
3600 752
2828 3939
3811 3370
73 3997
3510 2374
2955 2549
2077 2518
3228 1050
982 2285
836 2706
2965 416
2512 774
3101 2960
1636 746
345 482
2855 1969
3716 3757
1881 2501
309 779
2478 3592
3898 774
1389 2735
1396 1715
3835 1862
2017 2748
847 239
1904 33
2167 1180
2229 3561
3430 15
2589 2012
2380 3988
2795 1012
1840 2978
3181 2647
1203 3454
1366 2861
1028 1747
3653 970
3358 1826
3670 1121
3988 1359
1118 3923
1941 2620
536 569
1607 3738
985 3510
3593 2432
2095 3896
3604 3570
2910 3504
627 397
3525 3008
122 2000
1345 3174
935 3480
236 1089
2372 3225
1538 1231
1765 3374
804 2927
3394 17
3278 2934
454 1675
1730 3468
2163 3245
3181 273
2680 2856
885 1995
2399 1806
3911 318
1733 155
493 2656
3473 1230
881 2806
2948 376
1724 2233
1551 3371
1339 2296
3857 3839
3570 1343
3675 2954
357 1332
2239 2783
2665 217
1504 699
1441 1517
3706 1357
3030 813
1608 1100
2722 606
1278 144
1748 3890
1759 450
2283 2336
1608 603
2892 97
3307 1317
2458 3178
18 2814
3907 1972
1956 2769
3562 1519
360 3468
1170 964
1137 1996
3089 1588
1462 2847
958 13
3669 1793
1550 3509
330 2503
1857 2109
1454 2425
465 3170
1277 1087
2199 410
502 2528
303 1526
2399 3626
3830 1816
1438 1049
736 236
1700 1880
3951 1266
3263 2041
935 2836
2936 1489
3203 1753
2882 2276
332 1280
3120 904
385 886
345 3902
3550 1101
491 749
1189 1938
1524 242
621 3227
2877 1308
1697 2441
2839 1299
3478 234
2509 342
3882 939
3856 3797
3202 3237
1793 2532
3134 3619
1756 1196
3128 3722
313 2162
1064 1619
1596 2528
439 254
3332 1182
3478 2
1520 1754
3576 2111
1158 1494
505 2575
2707 505
3929 48
603 3326
2819 1239
2948 2893
3952 1054
2528 1280
3334 3218
360 2237
3641 3589
3514 7
2099 3431
1889 1863
3095 1918
728 3945
3401 2584
665 787
1256 977
965 1259
1338 2029
705 1352
3255 2548
369 2523
2051 3094
214 1414
3170 2297
2090 564
507 2024
3758 2270
2431 1846
1260 2625
141 2412
240 1752
282 3833
3382 2487
2530 3276
155 3547
149 865
3993 1710
3858 3939
3127 3879
170 1457
2179 970
1185 350
1958 918
3467 2252
3572 3011
398 1842
3054 3452
3712 984
2431 1311
2165 1413
1330 2867
2219 3445
2565 3156
2350 1167
3889 2360
653 918
2755 967
341 2913
638 2498
3319 987
2247 1989
3166 3108
439 1595
1885 539
2577 1551
229 2994
1439 3622
2637 898
413 2974
1496 663
1336 3378
703 3984
1493 1796
1210 1203
466 628
264 3136
651 684
1164 550
2960 339
2582 2151
3498 3926
3046 3950
3263 537
545 3216
1813 2850
39 3085
2653 1141
563 1766
281 3976
3493 1881
1460 2636
1890 2782
793 2764
3724 2424
1717 620
1077 1893
3119 2923
3639 2879
2688 548
3977 573
3628 769
869 3004
2100 2656
2545 3492
814 3762
3285 228
3481 1343
2483 3947
1193 870
2545 657
2842 208
3103 1985
3554 683
3477 3022
2589 2425
3944 329
3238 2965
199 3714
2442 1895
337 2793
3764 1050
1827 3048
596 815
2213 3518
2000 248
3584 3277
754 2746
2915 3544
30 3807
3815 3462
1408 2123
3294 1675
1666 3630
3254 3532
754 2813
2819 451
2125 2044
3647 188
3854 846
2623 982
2041 3252
2422 1096
3877 2332
2852 2171
2712 343
3825 3934
355 1443
2176 52
2731 220
2566 3618
679 27
974 2385
1619 1651
2248 258
3399 629
1632 18
2726 298
2400 181
3830 1330
3512 1553
2692 2737
3536 1370
2846 974
1441 1436
1067 1297
858 1779
3989 3764
2806 3014
1254 106
698 458
2579 3248
759 107
2944 40
2706 813
678 1595
449 3653
1238 532
3128 1503
3752 1018
3652 2150
3640 2730
3233 1649
964 290
2694 935
838 3931
3687 3366
3569 837
3879 1113
1343 44
1917 3809
1373 31
2298 3582
2099 380
143 3446
75 592
3496 3241
1917 580
2376 2668
2456 2401
2101 1936
137 1932
3040 1033
2412 3878
3020 1654
1627 100
733 1156
3637 2365
3019 2910
1506 2821
1421 3689
1012 3522
3261 1496
1176 2646
3288 1875
534 1006
1810 931
3241 2642
506 1478
3811 3737
2450 618
79 2688
1145 426
1307 3293
748 3993
1909 963
3919 3665
2186 1747
1109 2054
3902 3523
2227 2168
1319 2807
3022 954
1426 2035
3281 1141
123 3808
1025 1320
3332 26
3036 2074
1808 3931
2895 3247
3570 39
607 3968
3290 3199
2824 1696
2240 3995
1755 2677
932 448
1823 2028
2743 2331
254 1403
3754 1717
2706 2114
206 1513
1357 3238
3469 3981
2847 601
2348 3759
1517 1430
496 701
198 349
3956 720
1141 2074
2150 448
1193 3215
2826 2060
3542 2881
1022 658
3599 1880
2770 2511
1444 1617
650 2339
3830 3436
1533 1957
2488 717
1508 423
3854 3038
3839 2304
1044 2044
2575 3060
1358 3413
2530 2940
2668 1376
657 3748
1795 2824
1417 2667
609 913
3112 555
3177 1291
3978 1916
646 1046
1761 225
1963 3372
1299 2221
2664 720
1657 1535
3394 2876
1555 1574
3898 2681
418 756
3136 1797
742 3469
1125 3777
3760 3303
2843 3591
2161 2529
1996 2507
999 3737
2972 484
567 1284
2846 2131
1500 3863
409 3715
1477 3671
1358 3063
2966 2326
3946 2072
534 2199
2257 619
554 2285
2667 609
2401 3942
1300 2881
3173 2430
3148 3323
3107 1485
981 1103
3493 3316
2752 2895
2537 1637
343 3180
2226 1334
3257 2921
176 1225
2113 1966
456 1232
2623 3169
345 512
1505 2192
2789 3919
1203 910
2371 2298
537 3866
3111 2851
504 134
1011 3811
366 2267
817 3218
3184 3451
1571 1346
397 3057
252 863
1219 2649
1150 1967
2954 1446
2190 800
205 1585
2661 1770
1480 3462
3643 3129
2662 1745
2079 2789
1470 502
324 389
794 1853
2215 1255
761 3755
2252 953
2185 299
3160 3246
3372 867
1817 757
320 2877
2845 565
3361 2129
1091 3632
1565 878
1905 3991
1784 2317
1443 48
1865 1906
3481 944
1811 2131
790 1787
3315 1585
2803 1852
1808 642
2322 2724
2180 3512
2528 499
3041 1146
2372 1263
2747 490
616 573
514 1316
2955 2408
3468 1598
2112 3106
1118 2458
3413 2149
445 1568
3679 2992
1626 1412
2018 3866
2456 1950
1050 3737
1913 1
867 2980
2318 1387
1776 1624
1713 348
1852 2159
446 55
853 3736
1966 1288
761 1239
2135 1584
2085 2112
2829 2916
783 1247
675 3052
49 115
367 442
1548 2569
2675 2495
3936 2097
445 2628
1370 1820
3233 457
3812 170
3471 974
812 1198
2302 2173
2656 451
3879 2532
3284 2852
2154 637
553 1544
3920 3250
3518 3616
1226 2717
459 2737
1311 432
3632 2297
1239 2943
1408 3066
817 3244
86 2294
557 3855
2880 2890
655 597
2213 2294
3368 3039
3884 723
2668 2743
2988 1916
3508 980
3985 2422
2948 1584
1451 1210
2139 3369
236 1852
1834 404
890 16
1580 529
1408 658
546 2027
1953 2709
3182 2161
2548 1752
732 24
813 2987
1721 855
2260 2610
3709 2497
1997 3544
2155 675
116 3370
103 2347
604 2303
1284 363
3196 2599
29 2693
1675 2852
404 2565
2702 3072
2521 1979
502 1649
2077 3912
3957 1093
2977 1188
324 1854
2419 1713
2470 1846
3845 1842
3330 2607
2777 2226
2369 2486
337 2577
114 762
3009 333
1923 2784
911 3445
299 874
2918 3591
2633 2
466 1600
3718 3352
674 2878
3710 2791
3146 2039
897 3717
2154 426
1602 1317
2288 2618
1317 1340
1432 1369
2813 3779
3959 2636
281 3022
3250 2683
2063 254
3288 142
1135 1794
2283 890
2083 3182
698 960
3830 1520
3105 269
455 3808
3751 516
3276 688
205 3944
2720 168
2004 42
733 2136
517 653
2994 3048
3868 2228
2823 1592
3858 177
1833 951
2810 1764
3245 3905
3609 3887
1240 1191
1911 1042
1104 2551
3748 3014
1715 238
3164 2692
3521 3108
653 2927
1600 2431
2427 3946
3925 2658
1549 1373
2084 2073
524 1837
3806 2912
2571 945
1467 2922
60 638
3654 1991
1100 2730
3246 279
452 16
1404 1483
448 2840
3590 1745
3825 1292
2831 2084
1702 404
1936 2051
1833 3452
404 2113
2968 3709
3285 3799
2696 3198
1235 701
2954 3099
3213 1388
3987 1798
3051 2308
1755 351
2959 2478
828 993
1372 3786
2252 2044
2843 1815
3855 631
2023 1099
3696 3644
2453 3750
1623 716
1948 92
1210 1901
1858 1350
1034 83
2408 1489
2266 1504
3285 3727
1072 2150
3260 1904
3287 314
3631 1795
2826 1326
419 3139
1499 2250
3441 2339
3918 3446
1224 740
2214 1155
3672 1445
3057 2748
1724 1000
3867 2250
3452 2067
2685 477
790 3848
3975 2977
1928 3581
2148 1645
2812 187
2003 3679
3755 958
2005 1944
2082 1121
2404 3066
3923 1855
1050 2273
1910 1353
1712 3452
1818 3578
5 947
2733 1316
1102 3658
3583 577
3586 2791
3392 763
2887 2252
357 685
737 2073
1316 364
316 3331
1220 2825
1707 1906
3618 1240
2343 2816
230 591
3390 670
21 1615
1098 155
395 1976
843 3113
1932 1722
3332 2780
2976 3925
2423 182
1874 1529
1504 1267
2753 2268
2411 2960
3814 3063
1638 786
1906 435
808 1802
1518 537
1144 3048
1181 2885
1338 1814
2894 283
3177 1437
3854 2198
420 1260
2699 2
2835 996
1108 2319
2291 3352
1296 3982
804 3546
282 1937
3623 2381
891 1288
3075 3861
3663 3510
377 966
648 896
2536 452
3573 3096
2331 944
2914 2482
2406 827
1101 1973
2782 3060
2442 816
2436 2329
2344 1419
1575 3694
3597 1352
1200 1785
821 1147
2472 578
3515 1003
2775 3276
3836 682
2249 2418
3922 3305
2195 1652
2489 2452
358 315
2177 217
1630 886
3308 2154
2233 3667
3606 3298
3537 3473
287 690
2443 3720
3758 62
60 750
3417 1250
1612 2210
153 3760
1251 2143
3676 1208
665 516
3090 3823
176 2536
3990 3869
171 1110
1407 432
1025 3006
3917 625
3421 90
3067 19
63 676
249 582
88 2322
3976 2438
2070 626
3202 1258
1982 430
470 1945
3020 2019
1643 361
2531 1119
1126 1011
3562 2157
528 195
2280 3927
1789 527
1966 1369
74 1164
965 2702
982 596
876 3748
602 3364
1408 3151
3398 442
3248 2122
2477 1536
3999 302
2127 3437
682 1495
1851 3564
1442 3429
2915 1472
2750 2168
2697 1890
645 171
57 2280
3052 1408
88 2482
890 3234
53 2923
3232 3735
329 1892
3563 3280
3003 1765
1849 1766
1688 3769
1262 2599
3731 3026
2636 1572
663 2044
978 1061
320 3846
3244 1148
1718 2696
62 1442
1002 2812
1516 1227
3822 2073
913 1520
677 204
387 3425
2089 727
1670 3038
1656 288
516 3283
3920 2526
392 3512
3186 1357
644 2969
2094 2597
1386 1369
1052 1045
3573 2286
2705 2233
371 157
2849 3968
2745 574
1903 2417
2760 3474
210 2
312 2930
2373 2821
1215 443
1172 2283
1575 3150
3007 846
2208 1318
3021 3707
1986 3637
2433 3765
1970 378
1998 1088
3442 1862
2868 1958
586 2171
1140 568
863 2318
1736 1060
2089 773
3643 902
39 654
1881 3550
1480 3641
3445 2474
2122 1516
2305 1469
865 551
881 430
2086 1047
182 2121
2150 583
902 3327
1136 3882
2201 3367
226 2280
196 2091
1682 3187
1423 1221
3832 1946
2168 2667
2323 2761
1144 2295
2640 187
3127 406
3879 2403
1454 3537
2953 618
750 3391
301 3961
510 1723
583 2601
791 3336
2678 3551
1312 3036
3821 815
3080 625
2630 3573
368 1407
1932 3727
3230 2817
3933 396
958 3396
1169 1905
1583 784
1800 1542
173 1846
2961 1486
3521 781
2670 2524
969 2460
539 3940
112 425
413 3617
505 440
736 1836
3607 3104
1634 672
3161 1963
2671 2636
3091 1253
2363 3595
784 1623
3850 13
2798 3704
2143 3612
380 2938
2697 1268
3391 2468
942 3655
1744 2122
560 2766
2109 564
810 3469
365 235
3234 2773
3704 3993
1833 724
1652 2660
3595 611
2399 3924
1037 815
2614 849
1560 3158
1901 3170
597 1679
3230 24
915 907
1036 1563
3268 1070
219 570
1585 2693
3648 248
2208 1451
2016 3819
3601 3254
2093 706
736 1619
359 2285
3448 1036
664 1545
772 91
2469 261
1470 2107
1294 714
3738 575
1613 1996
787 1404
3179 3945
2700 3681
1730 3631
1314 544
1679 2246
3325 3526
3201 847
3184 1904
2623 156
3837 1597
3563 1464
3306 2792
3557 3845
3406 3679
217 3227
3412 2376
535 2352
3919 231
742 2099
1915 1134
2305 147
3622 3434
3394 2000
3223 475
776 29
1249 3901
2906 1250
3480 3550
681 3962
637 1201
2456 1188
3149 2598
2060 3297
767 3229
3140 1308
3748 3761
3356 2773
3753 1918
2246 3810
3443 2295
3957 3047
2492 1052
3219 2909
1783 3175
2720 1660
1674 1848
3993 2165
1030 3637
3911 1708
1890 823
128 697
2444 83
1013 2882
1240 1065
3998 1973
306 1651
3651 2060
1180 2144
137 1040
3107 363
3043 3155
753 2566
2221 1059
738 2006
2672 2437
352 400
1013 3414
1599 659
1986 2912
1635 1698
767 2957
2121 3345
1391 3982
3058 668
1072 624
1847 2993
749 496
2569 2480
3144 1953
1216 3598
3041 1248
2893 2162
3583 1644
1296 3756
1434 737
2440 471
2748 3834
272 2636
237 3854
1933 3900
318 3982
3877 2751
3341 3136
1842 3373
2202 3137
2510 2543
2907 848
285 353
3778 791
2836 2579
494 790
1966 1049
638 2064
384 2898
460 1918
2544 765
3678 3417
2800 3122
2157 3484
1803 2521
1723 1791
3696 541
1854 447
2903 2391
2933 2936
588 3981
531 2511
1639 716
3825 597
1344 1367
263 2415
1017 632
3766 3898
3179 3432
3318 1634
1936 473
2089 3548
2075 3511
3124 2901
3288 1540
3505 1071
3699 3681
612 1175
2829 500
1816 3232
3773 1327
203 2847
2595 2131
1744 3082
3726 1624
697 1099
2219 2352
3681 2713
414 1323
2288 3040
2476 82
948 1096
1361 2009
1042 1154
233 3063
845 3291
3859 3620
1509 1004
1425 1738
832 355
2662 1291
675 414
1839 2288
2555 433
3948 3195
3773 1113
2108 897
3641 3151
3622 3701
3885 200
415 2012
2344 3497
2384 1353
1203 2599
1812 2044
1615 1763
1451 2879
3388 832
2241 154
3436 3229
915 3802
2488 1337
1330 3960
1357 638
2421 3513
1355 807
3818 1743
2723 1374
3861 2275
3598 2941
3791 704
1991 1339
2553 2275
713 2557
22 270
