110 2971 241
3990 841 1
2043 2085 2
996 4712 2
2929 2384 2
2161 677 2
4792 3044 2
4092 4543 2
4156 3659 2
4543 4310 3
704 15 3
964 1097 3
3536 2909 4
2167 4001 4
3940 1490 5
2273 3343 5
1013 3319 6
937 2660 7
347 1435 7
2686 4010 8
1805 4748 9
387 4340 9
3520 4263 10
2901 1041 11
113 2057 12
971 1971 13
2294 1592 14
1293 1467 15
4746 2057 16
1476 3969 17
3438 625 18
3600 1896 19
2099 186 21
1560 3168 22
526 3387 23
1163 386 25
2791 3522 26
1863 2793 27
4450 1496 29
4239 2187 30
1683 860 32
1824 1408 33
4273 3161 35
327 2908 37
3410 1123 38
0 849 40
1511 2039 42
3213 4782 44
4610 419 46
4654 3629 48
3461 3375 50
2646 343 51
2797 1933 54
4721 2575 56
653 3946 58
410 4831 60
110 3838 62
3897 63 64
2471 2704 66
213 109 69
545 797 71
3209 24 73
2931 2986 76
3424 2458 78
1657 355 81
3288 3878 83
2461 4411 86
4656 4737 89
3907 2533 91
1865 3511 94
575 2376 97
3235 1638 99
4503 864 102
4775 1236 105
106 3345 108
1379 2436 111
2811 4667 114
4152 4142 117
556 1781 120
1070 4150 123
1243 2902 126
1154 6 129
1392 4383 133
2390 2236 136
3257 2040 139
2202 4820 143
2370 982 146
2896 1465 149
1341 1073 153
3665 3717 156
1167 3690 160
3742 4774 163
3922 3055 167
1907 4303 171
4772 3970 174
31 485 178
3057 4220 182
1310 713 186
2530 3063 190
4259 237 194
1396 4765 198
4371 2576 201
213 2587 206
2582 1 210
1548 19 214
20 4241 218
2516 1339 222
3008 280 226
1784 1861 230
3690 2230 235
4441 3918 239
2003 3113
2649 725
402 3714
4099 1870
3105 3410
726 4456
3250 3089
1923 1114
1750 2405
3636 340
834 531
3124 2746
562 276
687 1487
3758 3351
2376 3739
3524 1480
425 2127
4722 20
3 4568
625 1085
4287 1116
2634 2434
3620 13
1049 1656
176 1673
1997 1638
120 1246
3767 1058
2417 535
1666 3713
4026 4831
4539 2813
1773 4022
4446 3391
2109 3672
3199 826
3903 3926
889 3001
3750 742
2908 521
750 2113
4799 1747
593 3122
2284 12
1678 4415
694 2825
3657 2658
2113 2398
4403 1770
886 3778
1406 2693
2690 1675
3118 3656
3946 4279
3246 4446
35 2864
1603 3478
1263 3410
1021 788
4012 414
293 517
2246 2601
4753 4503
435 28
441 4047
3979 2268
2204 4453
4094 1277
2437 4788
4157 2711
4524 3170
4130 48
355 3203
4413 4723
812 4145
3474 4570
4815 1481
2253 1333
3042 2135
4387 645
1912 4533
218 2248
1203 3199
453 2570
921 159
1433 429
798 835
2783 2201
3278 277
4151 1598
3756 1378
1561 613
1092 1328
232 729
734 1266
4487 2335
2549 3605
915 2372
1838 540
2825 4202
4816 976
3705 4448
4755 4175
716 3568
2930 3985
2045 461
4801 742
2701 4444
2093 2734
3023 1702
3049 2557
2873 1240
1794 3057
4319 4485
2638 3243
1563 1840
930 4311
1163 2252
888 1395
339 1799
4798 525
1913 15
2733 2970
177 4671
4020 2878
3420 109
438 1124
205 3054
1735 1604
4372 2006
4621 1866
28 1878
1579 2217
1855 2042
4823 243
2401 1782
3999 3284
159 3634
2205 1899
3673 1709
1183 4608
3303 3504
1675 1146
3516 4822
4335 942
3802 516
4619 622
4161 729
799 1674
1982 3904
127 1031
2601 4249
2437 2908
1198 2496
817 1854
4798 3354
1535 1637
514 1311
1862 941
4126 2498
544 447
2193 4283
1168 1062
3271 2615
1510 1264
1253 1635
2795 2569
3960 2054
186 313
277 3356
3570 3550
2688 518
886 2816
2920 3757
2344 3057
1563 2486
2622 2827
3429 3153
239 4250
4001 1036
148 4037
3059 1146
4399 3594
2616 4804
1980 1882
1877 2582
4599 3814
3295 3682
2876 4383
4276 483
2168 992
3019 742
2808 763
3874 4483
1756 4212
4190 2906
3532 2069
2365 1992
41 1508
2981 3515
3318 461
1995 762
2219 2122
1685 3871
1191 4268
915 4517
1934 2397
386 658
2025 1391
532 4174
3100 3917
1521 4546
2655 1837
990 3564
3208 2440
4590 177
515 950
2996 4672
4119 3398
1119 2022
2496 3882
3413 1933
403 4654
4332 3804
4255 4252
2107 3227
2613 1172
350 1274
3656 4610
3939 1901
2814 2771
3880 3669
4691 3476
1608 988
2151 3422
1632 2771
4073 4007
1022 2912
3325 2236
393 3870
4364 4074
798 3281
3019 46
879 3411
3370 2840
3395 4181
1376 147
3650 609
3462 3807
3411 3987
128 3208
1412 1942
2428 2478
916 1567
1073 604
2494 3418
1386 3003
255 3840
4638 3346
87 2293
573 2192
4469 398
1208 206
1073 2692
1503 1073
4435 3062
3416 2705
4046 4697
1177 3060
4567 1637
4602 3061
197 2802
2682 114
3703 2004
1827 2186
541 2007
1367 3184
1850 3230
460 2764
4608 1433
4579 2238
3595 2401
2088 1757
866 682
2344 828
1354 3833
3518 1037
169 2454
3904 3493
2402 4278
1606 4816
4807 4792
3389 1711
64 4816
3808 4192
1926 4700
1182 3951
1544 4112
1172 733
4383 1379
3270 1372
785 999
14 3471
4776 2254
2321 4093
970 1225
3916 1664
3173 3780
2278 4693
2777 262
2135 4591
2038 4132
772 3681
4279 93
2481 4589
3097 2259
1402 3464
2031 3533
4066 285
2057 2238
597 4413
2449 1088
3965 2410
1554 878
3034 457
3217 1122
3243 3260
2698 2032
798 1122
4749 2422
1047 3753
3032 1512
3871 3275
989 375
4497 1193
1760 2557
3105 4041
637 3785
763 2687
1491 1420
292 4482
3344 2994
2533 2174
3780 1177
4017 3577
3516 1759
3056 1870
1054 4010
2112 1280
3087 2000
672 4132
2213 2753
3378 1247
2228 3861
1263 1886
1918 3620
1193 2759
2550 143
3673 463
4281 3031
1976 2679
4216 4033
3022 1353
1120 1873
449 4504
35 4408
1558 139
3183 2164
2184 3116
2188 1108
2435 354
3880 788
3729 3877
95 2991
1677 1792
815 4569
3534 1285
2608 3510
1951 2903
4242 2493
3549 143
3901 4648
3849 2055
4290 3487
1216 4762
715 2366
4746 1892
3594 4124
645 3449
3732 51
596 1200
2505 2281
399 944
22 81
2681 3824
325 1561
4657 4259
758 2538
1386 529
1459 243
2648 2317
2833 3084
18 2203
398 3088
1301 825
3448 2330
1050 2479
2970 2649
736 652
3221 1763
1414 4540
3055 873
2295 1081
2608 605
1502 3252
3861 1353
1584 2633
3878 1766
1818 1259
2463 1542
822 3093
1556 3794
859 373
2394 3291
3771 1875
2082 3782
1315 2061
1488 4215
4110 3041
1580 3581
3921 931
3692 1270
2022 968
2860 167
490 2307
4091 1161
1202 3500
2682 1422
4818 4604
2078 4775
104 4518
1852 4415
4642 1311
2919 1576
2697 4197
3624 1366
4570 2538
4399 4197
2369 4446
1386 1584
2332 1862
864 3574
72 2538
1819 3803
735 1954
3380 974
1146 936
3492 855
4836 2359
4776 633
2940 3368
4369 2360
4531 2944
2848 620
1581 2944
662 1799
4633 2397
2151 2994
3579 2522
4512 1310
720 4587
323 129
1048 2273
2322 375
1260 307
4110 2219
994 4444
3544 282
1779 701
2047 3422
2781 3259
1777 2864
1944 3386
2028 1492
1619 1312
2685 829
537 157
2683 2580
1821 837
3266 927
2359 4570
3794 3128
484 347
4025 1363
4480 1682
4540 1066
3005 1039
1305 413
3031 3305
3852 2891
4260 370
3255 2964
3730 196
1317 4608
4013 1784
668 888
2833 415
4319 3647
116 1402
758 3375
4175 473
2663 1079
2584 4510
2548 4054
2164 4102
946 3919
3964 4146
3281 2729
2519 2953
3413 3616
2399 3839
1059 2103
2579 3845
4683 1625
1480 3727
906 3187
3022 4450
3126 1749
4458 2634
3207 3483
1490 4633
1479 1797
3287 1044
2402 2793
4279 3304
1786 3446
2798 1552
2431 1320
4752 1127
186 1180
741 4050
3289 4329
2771 4096
3255 4116
3313 1771
1753 564
2062 273
2145 2572
2602 955
4773 3573
1030 1406
1312 2617
186 4145
4230 2655
3367 3246
2323 1739
2362 2126
3057 187
2137 1371
420 1521
375 529
946 989
1864 4029
4256 1250
3765 2370
2051 2616
695 1723
4193 291
922 508
3982 1588
1480 2234
3670 4172
1020 4523
2385 1163
28 2662
1132 3581
4257 4540
4212 4455
2545 782
4672 3259
2518 2377
4059 2451
18 1045
2078 10
841 2745
2414 2342
3581 3976
3432 2130
3095 690
4200 157
3451 2987
1040 1749
3640 3042
3729 855
2765 68
2351 3488
2887 1941
2111 1125
1992 337
3461 1186
226 567
2248 135
2341 2879
319 1880
2672 4606
1111 1530
2959 2467
1378 3670
1681 432
2010 1981
1005 2169
2049 3288
3679 1855
1411 2307
499 4604
1315 1820
3617 3154
152 2718
2503 1466
1454 830
294 306
2272 474
2991 2284
4263 1774
927 22
4832 22
3502 64
1357 4106
4110 2067
4002 4067
4680 4812
306 799
2737 3909
2092 3125
1161 4706
293 2593
1436 3538
3710 3151
4184 2243
1183 460
1108 302
3396 3716
2966 4155
4661 3109
2328 254
2417 1855
549 2114
2026 597
4183 3900
4414 541
265 181
713 115
2019 1231
3326 3990
2701 269
3108 1306
857 2234
4561 4527
4323 4697
3639 4529
1903 608
1503 3359
422 2840
2596 1930
1911 1269
3218 444
1530 1727
4428 4004
2713 1187
1725 3394
3478 4115
4668 4185
1794 1533
1393 694
2220 1521
3434 2602
1107 3224
3436 2210
1329 4251
4428 2222
2198 224
714 2049
4580 3224
4347 1301
4038 3456
3263 2519
2316 3826
3546 1365
2834 3685
3630 3357
1135 2919
4577 2109
2951 1640
3151 2528
2780 2434
854 950
4790 855
4213 821
2683 3520
938 3645
3094 3340
4662 2909
2452 2094
2846 1732
1672 1377
4320 2289
686 3094
382 2958
4397 1142
4489 4245
3174 4338
4726 3650
1779 3216
785 2443
4838 1861
1865 3377
2508 1819
3264 3814
4695 2671
839 267
3531 1164
2233 406
3917 4416
620 1264
1407 2566
1740 1991
1319 1004
4741 1508
3113 4180
2711 3582
3043 644
973 4821
4576 742
4474 3790
1547 4299
4277 1536
2448 3794
1082 3939
3058 2430
4289 160
2544 3134
4753 3829
1670 4557
4311 790
4291 2688
3629 4252
570 2277
1891 762
1305 2200
1760 183
3372 4703
1151 1382
1009 692
1781 4117
2922 3547
1565 1359
1911 3021
3222 3636
3304 4218
565 2904
4838 468
4595 2329
4247 1980
4092 2388
2936 1795
2442 806
3441 2523
3577 3064
3656 1432
2897 13
4744 1029
4591 4172
1859 2901
84 921
1059 3136
660 4787
4630 1493
3180 4454
2856 2533
1653 1711
1757 3893
4588 970
8 1945
938 2113
4642 2618
3974 2930
3367 248
245 4627
3387 1180
2729 2398
4373 370
4678 2478
2800 1014
3141 3
1232 133
4573 1914
1871 2492
2217 4160
661 3710
2255 1970
2177 746
3417 557
1428 3127
1308 519
1858 4200
4192 2334
1138 4455
550 3294
1287 948
251 3946
4265 1354
4017 2581
2309 2153
1065 2363
3736 3056
504 3229
4181 4527
4429 4460
1622 4018
278 3571
3252 502
1697 2208
4554 2739
1718 513
1365 2884
934 4626
2524 2680
854 2356
1950 3173
2764 802
270 1667
2345 768
222 4005
400 804
3052 3473
4357 3019
2940 3148
3857 167
964 296
897 1226
3999 1135
2675 4817
1154 1289
2327 4649
533 73
321 3437
4547 2447
506 4401
475 171
3214 1208
4106 4077
1549 3322
3784 2803
93 4093
4006 4422
1270 3332
4185 1350
1556 2794
4524 2665
574 4497
4008 1511
2144 3823
1737 2302
1789 1659
3728 4284
2332 1941
3321 4087
3040 2318
3329 4540
2578 1551
4221 413
4032 3392
3966 4810
2209 4736
651 992
1740 41
300 459
282 1729
4181 3340
237 1224
2774 887
1153 639
1164 3815
2408 240
2284 4754
4447 3508
1568 3905
4390 3508
1276 4294
2759 1671
1415 3979
2026 1573
4255 1170
1562 4171
1612 705
3720 1913
3813 1698
195 3381
336 4692
4223 633
1194 4060
4575 301
4056 4348
2544 3355
2489 4124
2633 1463
3115 4534
1871 3889
411 1637
3724 2583
2604 1380
3708 3610
3474 3942
2373 3682
482 1888
185 2317
3251 3392
3751 399
3999 3029
784 2993
3970 4630
484 3442
770 3460
3964 4568
1974 2340
2369 685
2362 2296
3658 229
1076 659
4572 550
1106 2848
685 2562
2995 2072
2252 3591
845 4667
4645 1687
331 1662
277 2667
1298 136
1695 1004
469 1452
2767 2878
1818 1480
2922 4709
2215 1425
2188 1691
3891 316
4829 386
3633 2466
2515 2619
108 1906
3698 1633
4637 732
971 1757
3206 2020
1004 1461
422 3809
2806 542
1432 2154
427 3921
442 3676
3281 713
3999 1437
4826 3625
4187 1199
3163 2954
3943 4753
2267 4036
1210 299
2194 2472
436 1783
66 1647
3364 1409
2277 3014
594 4260
804 3540
2561 843
1881 2969
2703 577
3627 2355
645 3365
223 3130
1782 908
3834 689
1602 3259
3328 90
4759 2900
2858 967
1590 183
816 4295
4346 1694
2506 4346
4107 3758
2869 4575
617 4155
258 3736
154 389
3507 2375
4832 3756
1106 4082
3181 4644
3765 578
4810 3815
3372 462
866 1968
4215 968
984 2788
303 4237
171 1393
3903 3546
3143 1908
1212 3581
2748 2713
1147 3862
3056 566
1108 3281
3356 1035
2097 3439
4237 4081
1091 3341
1679 3981
207 3733
1341 578
2526 60
1265 3004
2971 4834
4294 318
286 4829
1248 2101
2394 880
1243 966
441 1005
1147 4362
841 4082
596 1506
1710 4476
1801 1764
1140 4503
2108 3594
2272 1214
3114 4226
604 1401
713 1843
1261 716
300 1357
1159 3011
3890 3390
1456 2734
3559 1605
4504 3971
675 59
3301 2380
1307 39
3142 3169
1721 3005
2635 4386
4094 3336
4676 1912
2498 2467
1929 3688
1354 2234
241 2193
2861 724
3834 3522
4405 4556
1886 4732
2152 590
1949 4640
2481 3072
4007 3920
4060 2026
459 1198
2780 1277
1880 883
2311 2693
816 3417
4511 2397
2063 3952
2666 4488
3342 3579
667 2440
4117 1986
2920 304
3975 2456
1209 3018
785 4043
979 3754
4061 604
2268 4343
3933 2778
779 2209
4512 785
4193 1937
1267 4828
3225 3579
70 46
4724 4076
4486 2105
1748 400
3316 4583
2100 484
4524 1628
2161 2757
2849 292
41 2771
987 2026
747 4792
4014 15
2396 4678
4799 1070
39 1083
1434 2865
4503 3892
961 2857
3512 4671
1634 91
1015 3923
4598 697
907 862
4597 2438
2950 4384
2475 1013
2887 4097
3252 2127
1040 942
389 365
1380 1892
3778 669
3951 135
4638 180
3614 1997
1136 4041
3317 1119
427 1892
3697 1134
1188 4168
315 1234
3296 2086
1255 238
1939 1906
1982 440
4826 4704
4629 1101
3306 3174
4833 2586
970 775
4734 4443
3481 1591
3162 1707
1596 745
55 3807
4166 4228
2539 3740
2818 1418
1573 310
1389 2813
3033 4322
2625 3151
4407 2919
2163 1222
4215 2556
220 3908
811 3945
1893 3217
3851 4018
1340 1492
842 1506
3855 2512
4439 2112
1774 262
1585 3348
587 2071
3469 237
1871 3039
3311 1007
1319 1616
2237 3300
4297 2210
2263 4597
2932 4756
2302 1390
3299 4128
2064 3220
1648 3309
3759 2770
287 3696
1596 4495
325 3139
1182 1224
1163 4776
277 2974
761 2608
290 1829
1510 346
4641 1204
3637 487
886 1859
4289 2746
4425 2955
4359 3866
4760 2665
243 1297
1927 1589
3063 2966
4080 493
3570 3390
3928 3593
193 1877
1792 3329
3293 1942
1642 423
1095 2780
848 4835
4583 3570
1947 336
2889 1750
4153 543
3212 3736
3517 4431
4175 1847
4086 4323
671 3228
4599 868
1488 507
1775 3721
2252 903
4215 2804
4427 4594
1902 2077
684 4293
4037 1256
2551 4096
2546 694
1725 2820
1192 4371
2856 4326
3153 1002
417 1335
4222 3760
1431 4096
3956 4355
3902 4530
4733 4283
2707 4107
3091 1549
2699 3759
695 1357
543 2648
4121 4347
824 3831
4412 4274
1763 2039
2307 3978
1621 1232
1040 3213
2230 1290
4711 2160
4283 3256
795 2380
2120 1946
2137 147
1034 3596
2562 1671
4360 564
2756 2093
173 2994
2610 3027
86 2919
4275 2854
1657 543
4105 2836
3232 2772
3454 1391
3100 823
3848 2336
1773 4681
3131 4631
3451 3997
592 783
4205 775
1868 4344
1337 2392
1674 1854
2489 807
1696 933
4035 4122
182 1014
3172 4594
339 2527
695 4768
3375 3330
621 415
3288 1983
2676 3030
761 6
3269 966
3908 4341
379 2750
857 3288
3605 1675
1967 4198
36 3010
1735 680
4133 3834
4413 2438
813 232
3568 989
1073 4517
1974 3678
207 937
770 2009
495 2462
4404 2531
385 2832
1325 4746
1583 4775
2992 4125
2311 4438
3464 2415
3986 2821
3981 2596
371 597
179 2935
249 1864
3314 1201
2520 1259
1370 1954
3990 2211
538 3080
3667 2109
4005 3611
3186 1062
4312 2401
63 671
1787 1170
597 3815
1210 1814
1555 2359
1394 4684
1649 137
2351 4291
891 4010
4309 2899
1189 588
1593 3310
3597 3480
1983 3531
3345 4147
3496 4158
1675 1635
2698 4689
3098 289
422 4436
2332 582
1685 4041
4529 4488
3301 174
2375 4815
4767 4122
79 335
176 170
705 1052
2588 3390
1050 2614
3843 3327
4645 3895
2946 2601
1642 34
1514 2166
3280 2933
160 3109
1582 2161
3874 2650
1623 1761
78 1506
2230 4516
1944 2694
2441 2728
3371 818
2531 3517
2391 2058
2365 1834
1417 4066
1398 2866
3180 1156
3494 2883
4479 3659
38 3555
2342 2672
3565 4050
3885 2853
253 1428
4700 3441
4323 262
4 2457
3166 437
1551 654
4339 2192
3075 3300
1462 2189
1730 2619
1137 1583
1255 794
801 111
950 4481
2510 4716
2815 3046
1426 4803
3794 910
4440 3693
4150 134
712 2664
2678 2098
4021 4313
3575 16
2197 1216
4804 3934
837 105
3978 2873
1505 2752
3583 2106
1966 2072
490 1844
3218 4566
323 355
1589 874
4672 1869
3498 4701
1078 1359
3372 3433
3340 832
2912 2882
1913 2757
3595 1620
4537 2609
820 145
2397 3443
3063 3434
410 4735
4509 3351
1256 3962
3153 569
873 4171
4354 749
3922 2831
2002 291
4073 2811
2890 3616
4181 1708
2131 4532
4812 4439
912 1743
3714 3570
344 1082
4508 2016
4514 4049
1885 34
212 3679
410 2076
137 2911
682 727
1482 3293
3419 2982
1817 1691
3425 4524
1932 475
1029 4061
1517 4052
2865 2875
1171 2878
2944 2060
2520 988
1357 635
4000 3138
2762 3605
3756 1650
4445 1948
268 4730
3367 1113
655 2051
3157 2335
1156 1147
1586 554
2997 1264
1457 2792
3245 779
1555 1429
3627 3109
993 2268
2711 2688
1628 2247
701 3611
3498 534
3382 4283
4376 1590
1725 1650
4602 3147
418 1731
28 1847
3786 4601
4417 20
3695 41
1235 1362
3396 1400
511 2150
1380 738
10 3203
2969 235
2156 2385
2709 3430
51 3857
1247 3569
4124 103
3706 3382
955 2618
1703 131
1735 4426
4142 378
3486 3987
3988 1822
2797 1788
486 4497
790 4784
766 4743
3855 3394
2812 1698
1970 1126
3833 1654
4197 101
110 310
96 4765
3406 1009
4183 3129
402 2695
1002 1934
1203 4447
4795 1158
3234 4279
4317 3356
3600 2906
2817 5
2976 2542
1376 4573
4254 2218
2490 3918
2829 3728
3252 2431
2774 4624
841 2031
2762 1957
1865 3954
1279 2008
2388 1048
3575 2235
3239 4052
3227 603
4619 1292
2889 57
590 4772
312 3988
114 190
86 4656
1595 4640
130 3551
343 1740
572 3334
2279 4661
987 3179
4295 2613
3331 2472
166 1449
4616 2803
4793 4028
4092 1509
3669 2534
3438 381
139 3463
2630 2935
563 3602
2870 3895
225 1495
3062 1686
1794 2182
3037 4422
2466 3322
4012 1618
3085 75
3413 334
2071 861
4639 1358
3857 1884
3430 3743
2736 232
903 3948
2714 1229
3327 2644
4410 743
3089 1047
2313 2579
4329 3158
1991 3395
4584 1152
2623 2345
2199 721
4753 183
3658 3524
856 1903
1750 3366
4657 1556
484 2130
3488 2956
435 3974
4334 2809
3715 3835
1858 1460
3152 3761
1563 2582
2998 3975
2004 2559
939 3564
2182 4478
1601 1809
3000 1786
3197 3985
759 2951
4565 3358
920 4672
230 4178
2497 2241
2578 4806
1118 3518
1581 2810
2786 1712
3152 3318
636 4187
3910 3869
473 806
4222 1147
379 2231
2616 861
3293 3635
1102 2966
875 82
796 1616
1337 279
3224 3449
673 2756
864 2525
147 2834
3941 2216
4439 1641
3477 2323
2927 3236
194 2521
2925 4321
611 2098
1606 4412
809 3891
401 4693
979 1390
3826 2922
3564 2670
3934 2181
3529 34
1182 3841
3801 424
4087 3281
4475 4548
2382 1474
3497 668
53 3656
3469 884
3798 3402
1542 297
2082 4610
3658 8
4559 2169
3032 4008
867 3373
570 4082
2143 2157
3197 3442
479 2530
2416 4410
317 383
1479 4419
3497 366
440 2543
2462 3635
379 32
1553 1958
810 1824
1387 360
2980 943
25 1229
3847 3462
1732 4101
2024 3762
473 381
1698 1525
2628 2503
3850 2451
1085 172
2806 873
3365 3905
1038 149
3403 781
1539 3742
377 1304
2884 3129
3576 423
1638 4826
2625 3397
4209 3153
4566 4162
4 1496
3363 1810
1216 2790
805 2842
74 1753
1971 152
3701 638
686 4728
3011 4623
3140 3233
3096 3014
160 3421
3502 2257
1336 4196
4426 205
1739 3300
1969 3003
3178 4524
132 4577
3417 1358
3899 1904
4585 2187
3229 4099
2120 4039
4254 3628
1922 1359
3190 1604
752 3343
843 3658
4008 4248
2170 3360
688 1644
2367 4205
2810 1836
1559 529
1447 469
2123 3882
4740 3278
1363 4364
387 4388
4370 1820
1719 1464
829 4592
198 457
1465 2337
4217 2261
191 3702
1626 2053
216 4737
3893 4395
4146 4578
3963 2767
1944 1998
2056 139
3492 1801
3573 3729
2446 1682
1317 4686
3965 4738
1165 4432
2735 4716
4789 2216
4566 3590
3060 4666
1712 2738
4183 1093
179 1942
802 4265
3523 2435
2791 1505
3895 618
2275 4272
4317 4153
3762 4830
2454 2500
2749 287
1627 3162
421 2222
3444 3528
4026 769
643 3140
4095 1309
2722 2438
520 374
1312 771
1520 3949
914 365
2995 2697
3746 620
1807 4170
3067 1210
1073 2973
4292 2262
363 3410
290 3380
3492 165
1548 501
4583 462
1346 3662
76 1284
3235 1854
3167 3402
707 2309
1570 3292
4291 3447
3134 858
4568 3973
2072 1301
1133 3321
306 1990
4763 1694
1815 2913
4598 3660
2532 0
556 2492
2974 2346
460 1082
2722 3636
3015 1286
145 2164
3347 1925
207 3457
488 4140
3641 3651
920 4394
4482 1830
3456 2661
927 1033
2155 3849
2045 423
2236 1004
4388 3997
3221 1454
1800 140
224 17
4616 4387
4796 79
3729 4828
1424 4209
4086 2689
438 3118
4595 2831
3684 609
1468 3632
2041 302
2548 2067
4061 2122
62 4788
3441 3241
1801 4056
2725 4534
277 1917
4306 1714
2958 3264
2218 341
3809 3654
3513 1940
1113 2401
1959 4749
407 1429
4412 4026
2007 1590
1873 1734
1419 559
945 4666
206 987
2617 4442
3549 3083
3140 64
3840 2628
3196 1276
2659 907
1259 3150
262 2796
2846 3398
1128 4583
389 4269
2971 118
4405 1434
4326 3590
2221 776
3708 496
2066 4476
3620 3818
3841 467
117 2145
3441 4277
5 3610
1362 1167
2089 1890
4280 124
3773 4133
3077 3630
4126 2027
414 3859
3826 2810
1035 2551
2821 4773
2566 387
40 712
2562 2178
3261 4389
2534 3851
3432 702
4021 3974
4277 3393
2316 4487
1816 777
2967 1041
4110 3148
4441 1414
1464 3918
1873 1959
273 2083
1618 2592
2196 829
4623 484
2164 1698
2428 20
2327 3349
380 2401
2149 3655
310 3863
1157 1807
4785 2709
1553 4575
1606 288
3022 775
1862 2928
1813 923
1305 565
4057 1988
316 4218
2672 3487
4597 4656
2958 1298
3359 517
1714 3930
4254 663
1640 1641
4201 1240
132 375
4002 3071
4583 497
4080 4248
3918 202
3520 4129
2357 1247
3087 2236
4150 1067
1522 2660
2015 4681
1799 1986
167 18
1515 1153
642 210
2382 3420
494 3929
3638 2776
17 405
4190 4435
4709 3037
3792 2778
442 4273
1113 719
1053 2836
1417 4749
512 301
2945 743
3158 972
623 3566
3463 74
793 2929
4147 1434
751 3446
1611 3215
3023 3570
3163 1791
2359 2813
4648 4211
2070 4103
2780 1381
2779 2930
4517 1586
3512 1859
1696 2558
2653 3815
725 2181
2950 3051
2943 3954
626 813
3912 1621
2027 142
2482 412
1171 4654
3014 3494
699 784
2438 1465
4588 4057
1693 4809
2484 3606
2802 3027
2193 72
1872 698
799 2223
2836 3244
404 1359
3919 96
357 4274
4279 4674
3129 1216
1846 3087
3317 3562
335 2750
1291 1397
3849 814
4380 321
1993 1148
4306 3757
1050 1948
3998 2068
3218 1713
1957 2766
94 3783
2324 1604
4174 799
2302 419
3515 2575
1856 384
1763 1281
3015 1921
1485 1713
2189 3060
284 4019
1860 1556
1385 99
2617 1704
1854 1185
4476 1971
2513 394
4500 483
2655 2595
1657 1560
4023 2458
834 3498
2402 4441
3642 2024
3747 4143
4122 1079
1624 3634
2707 4793
4486 1266
232 1722
2657 975
1904 3960
3768 4410
4775 3829
3899 382
543 4258
3168 1045
3440 4658
2611 1672
313 39
807 1803
4319 3923
4547 541
3035 4692
1931 132
3233 4641
4483 538
1334 180
2175 2826
2040 1984
78 2103
1980 4223
944 3433
252 1917
1836 857
3286 665
4054 1658
546 1509
1486 4775
4447 3897
687 4610
3630 1448
3415 4023
1220 2146
1433 4243
2519 331
2480 2622
1094 266
2844 211
2033 2523
2555 4805
1988 4349
3923 2871
1005 1329
2989 1559
1823 2382
3733 1673
1790 2585
2806 4527
4129 3239
239 679
3529 2627
1487 3690
1465 2375
1254 1115
1360 1521
476 401
3597 2706
1657 2672
3265 4334
1464 807
4265 1960
2762 1856
2964 77
4052 2608
3919 2122
2140 1419
1400 1623
4045 283
1337 2843
2118 574
1310 2224
4645 4164
2004 1099
226 3151
2698 1373
4375 4123
3644 2413
1019 2485
2077 2939
2874 507
1239 2942
1703 694
2788 853
1722 1517
4490 2452
4501 759
2914 977
2912 4538
2588 3786
4187 4308
4823 4213
333 2782
136 4336
4739 3234
3982 1940
4170 324
425 1678
3117 3219
1033 376
4748 3572
1651 3689
2799 2142
3522 1426
1653 2750
1390 1820
205 3321
784 3168
1224 945
1899 2237
201 3025
433 3776
1908 1975
1369 2833
2569 2236
3189 3076
4439 4541
709 2196
1349 972
1785 1104
1444 3503
2401 4003
1920 198
3884 3417
3478 1305
1278 4207
2457 2020
2088 3165
2388 2096
425 2969
4799 2153
1365 2913
4305 2466
1542 4693
2682 12
4804 2276
3890 3194
3193 553
4726 1450
2527 904
655 1527
3106 4326
2632 2617
41 1477
4269 2896
3731 2429
4613 54
3323 3360
4133 191
2998 680
147 1156
763 504
251 301
4461 2395
3456 1806
1205 2411
3256 3418
3425 406
1192 1537
570 690
2158 2418
4032 3363
4567 986
207 2320
680 2064
114 525
3051 3047
1086 1459
998 1782
3210 4062
3540 2120
1392 3376
1818 626
1800 1413
3711 3229
1498 910
3674 2565
1488 2111
3463 1904
620 1455
2683 4297
3486 3391
3547 471
4835 1346
2766 1460
2421 4805
4263 1481
1801 291
3648 1640
2839 78
3507 2483
1835 2316
19 1403
3593 3663
3624 3861
4762 2719
395 2123
4340 2713
314 3725
2789 680
32 3089
3522 2936
2642 4292
4283 522
977 2760
4355 473
2425 172
1681 3284
2670 243
250 417
46 912
3815 1902
4585 3472
3330 4452
1230 4349
2709 2515
529 1954
2238 1363
77 3051
3796 3783
117 691
214 380
4564 2396
2727 1756
2505 2345
2242 4429
451 3454
4029 1581
4257 4314
2571 2332
79 4264
2567 1175
791 3045
188 676
1861 784
3483 4405
3284 1788
1069 2406
4809 782
2208 2800
2508 3694
4292 806
454 294
4128 1332
4024 2945
1872 2744
1042 524
3027 2078
4088 3834
4453 7
2009 1328
3470 2750
2292 436
1114 3316
358 3225
521 2802
2617 506
4718 3075
1222 3536
94 4448
846 3318
2459 776
1597 70
1902 1222
3671 3467
776 4093
3025 4786
3558 3882
4184 1619
4704 4427
4063 1018
2259 4465
3334 3480
2388 3127
656 2135
2635 1250
600 3792
18 4128
3116 3590
492 3309
3554 1316
3085 2701
2840 3890
4787 3647
3333 3332
443 774
1232 3373
1441 487
1193 2078
4507 4412
3545 3455
4743 2504
3631 2528
672 710
32 2414
3050 587
4682 4508
240 64
3014 1163
1527 353
4664 408
3862 489
3731 3034
2724 2780
593 3052
381 305
418 443
1598 1518
1223 4704
2401 201
60 4015
4165 3586
4802 2636
2205 2396
3104 1445
1710 4200
1230 41
459 1519
2345 303
2469 3914
2938 2943
1133 2155
155 1192
4490 3287
395 4774
1104 1172
3373 415
4137 2282
4369 2263
830 2271
701 1811
2042 2408
61 3470
4392 4104
3902 4720
4479 255
4718 4630
4703 1878
4440 253
663 740
4058 333
3942 3642
2033 4024
1287 2227
486 4160
4480 4074
4720 1667
4174 3853
3392 1537
278 2820
2899 399
3480 193
2378 1647
523 1695
3382 2072
3148 3459
2501 4487
3667 2411
844 3860
684 1798
3762 3241
3007 3723
4047 4575
427 1862
3592 4677
4425 3629
4830 955
4267 3323
67 1794
1865 2202
2706 2656
3838 4263
3349 3995
1822 3727
1692 221
1774 994
825 1202
2197 1070
3261 214
479 2472
984 3824
1616 1401
221 1155
3927 2094
1027 3513
2382 2299
677 4202
3656 4723
4135 2387
3066 3603
2464 373
2032 1244
2391 3578
2545 2209
512 3281
4619 1889
3669 558
3496 728
4302 1383
2149 363
4772 4532
2730 42
3737 4422
4284 963
3291 3894
2609 1412
4381 1947
754 607
4548 3515
4381 4616
877 2153
3425 4319
3623 945
2057 517
1381 4548
1152 1560
1203 4807
4304 1508
4743 2439
3044 417
4684 3176
1507 1627
4286 1085
3812 990
1148 2613
2771 3031
2904 466
4049 221
2846 1145
2826 932
1729 4119
4517 1511
452 1819
36 4338
627 1691
273 587
1293 2060
401 970
3581 3285
4475 1607
3858 2838
155 107
514 508
893 1273
2237 3028
1774 3761
4057 452
1398 494
3697 2698
4058 3959
3173 2112
4645 2553
2600 1516
3579 473
2847 3646
2133 15
1670 1954
2604 3118
467 4279
4175 2752
1949 3814
1584 2261
4360 4207
3242 347
3422 4069
3109 2551
2511 1664
3499 4806
572 552
2718 3164
456 3391
4774 106
1537 3982
2890 4304
4379 1860
4054 360
2342 4143
2108 1752
2519 2162
4023 1032
89 4538
3509 2537
3834 246
2438 2553
3311 2950
3611 283
1110 484
1827 1946
2427 3862
2311 4339
2642 2152
3370 2032
3746 1430
496 522
267 3645
2688 3103
1240 1436
3176 1671
3968 3246
3652 3348
4696 3020
3406 500
1800 4369
2549 218
2170 2206
574 941
3547 4739
4013 2190
1182 3109
1950 4277
2331 4259
4547 2526
2243 3105
3211 4213
3973 1046
975 4665
518 1651
3357 3787
2394 377
3766 1590
4459 797
577 2317
1483 2723
327 1297
4303 2342
3593 4710
305 1189
21 4170
3859 856
1906 3334
3203 418
1891 1595
3357 632
1981 3272
3789 1593
2788 1746
1375 3752
3232 4682
449 657
3543 4334
2254 518
4139 459
3763 2422
4083 673
1980 2635
97 4237
3242 4337
283 3755
2569 1928
1477 4513
2781 2106
2900 1363
4479 2285
225 47
2055 495
3084 2645
605 3545
3888 2880
4009 3157
3868 1795
174 1310
2409 3933
4167 2072
205 3363
1265 3660
4382 1930
4179 4714
2095 1464
2343 3842
409 4326
950 1948
549 4592
3930 2205
690 1895
972 2361
527 1937
2025 3148
1150 4297
3538 1691
1346 520
2244 3776
270 424
408 3252
766 550
251 3204
114 4077
4214 3282
9 1019
3649 2487
1136 1201
4643 983
1510 594
3519 4223
1615 843
621 1440
1751 228
4490 917
2063 3680
1116 700
4611 4498
4825 810
911 3563
3377 3353
993 4563
2455 2064
3357 996
1411 75
3424 3115
3710 2941
33 3629
3957 1442
3810 2530
520 3046
3718 885
2519 1529
3594 264
2944 4611
950 3102
99 1976
3614 3273
4299 4356
3498 2987
823 3931
1958 630
2766 1648
1183 188
4779 3813
1616 4340
1330 1524
396 4105
1232 2266
2071 3539
100 3628
2238 2255
1482 3811
4319 1733
3861 4150
4086 4817
4448 2201
3275 2897
2055 2495
1072 2205
1122 4315
655 817
2010 891
977 3935
547 4457
1305 1232
1129 2662
3704 4505
2723 2866
1501 817
3911 3100
2271 2946
4791 3959
2557 1395
1172 4595
655 3672
874 1935
476 945
2027 1653
2118 590
3466 3013
4107 4414
1281 2162
3603 1768
4258 2585
4817 4046
1966 1106
3797 2101
1518 2409
1238 4486
3093 977
1031 634
1132 3187
1817 4677
3643 2009
82 2858
4365 2181
4059 3766
3223 2702
63 4507
4718 2207
592 2096
305 1168
1841 1290
2487 2635
499 4535
4778 291
2123 368
4392 2167
4085 1041
141 1750
3543 1630
4274 2304
769 2868
3546 67
4390 299
2171 3824
2936 1402
4681 3447
648 3311
1136 2896
3 1041
1462 3473
1510 2476
4486 3716
4716 2023
1306 2872
1169 4119
920 1208
3203 2246
2035 3879
4206 4785
4569 1015
811 2290
4449 1709
4111 1532
59 1052
1009 2680
2683 1985
3565 2786
1648 442
2605 2982
3989 2278
1827 4651
560 4684
809 493
2668 3662
2649 3410
4645 312
1007 337
4030 968
2800 389
1916 889
4264 35
1084 1230
1554 2615
1683 4534
4353 995
2584 3274
2405 4547
395 1307
2568 3321
1191 241
565 2981
2143 686
530 1207
388 3499
3143 4192
4451 1327
2406 822
3200 2927
4412 3344
2701 3410
3406 946
2128 1558
2297 1454
2064 2949
409 1839
701 1283
3843 3675
2215 1228
4379 2240
461 3331
141 1804
4592 4095
3872 2692
1182 1253
2031 4838
3511 1255
387 2807
1876 988
4045 3819
3833 1080
149 3303
179 1752
2342 693
2971 2195
127 2202
2932 3963
231 667
1583 1144
3222 794
3650 3497
972 905
4045 3573
34 1391
3689 3854
1477 3234
537 1594
1079 3050
1991 2427
4374 4663
3228 1538
2166 2349
2975 2939
194 1773
3199 1341
3039 1312
2909 2430
281 635
3458 1417
2450 1666
3710 1279
1033 841
3266 1840
1714 1075
3656 832
473 2646
4761 2686
819 2399
2004 1652
4210 131
2510 2079
2846 4494
2311 1889
3640 2705
3792 3373
1840 4353
1163 2910
454 4258
3334 3724
732 252
3491 1269
53 3837
3808 345
3531 2654
4833 295
2630 27
763 3047
3125 2833
2377 4425
2707 244
332 2801
665 3101
3415 282
2761 323
3844 1087
547 106
3411 537
509 1065
3339 680
3257 956
3023 2553
3597 1787
947 3084
4782 3053
231 2694
3539 3566
2020 2690
4800 1680
2447 1563
1638 3482
2400 2342
2062 4309
3528 566
3543 2841
3438 432
1508 3697
1455 3397
4349 1434
2091 3494
1281 163
4277 2176
3691 1486
3182 1292
3550 4589
1656 2193
3379 843
4654 862
2366 3984
2528 2856
1133 4377
2184 552
3000 2340
3425 4698
3666 1813
3347 911
186 4727
1838 1156
562 1809
439 4364
419 718
690 693
4487 1768
1466 683
2945 1392
934 3680
2011 4613
963 1785
3317 1639
4541 3306
3764 1153
209 227
1056 4272
1895 258
565 2834
3849 3524
2467 1650
443 146
4569 600
