150 7498 448
509 6443 1
1566 808 2
3766 1520 2
4116 39 2
8392 1938 2
2444 8848 2
4783 3496 2
2825 806 2
8786 4439 3
5118 1469 3
7672 5787 3
8008 516 4
6345 8372 4
7018 3603 5
2318 6706 5
1968 1877 6
297 3531 7
7497 8097 7
5968 6527 8
1970 4111 9
3734 3745 9
3121 5724 10
1063 2776 11
4352 7430 12
6397 1364 13
4168 2612 14
1415 6297 15
5496 4317 16
7528 2268 17
6402 4487 18
5710 5597 19
397 7436 21
6913 7146 22
2756 2922 23
5011 8739 25
3954 6343 26
1194 8266 27
8545 8907 29
4391 5135 30
8970 6898 32
2820 7781 33
43 5477 35
957 1836 37
1776 5442 38
5266 7309 40
4023 8271 42
5826 648 44
3500 8991 46
8579 5668 48
7780 4694 50
34 2104 51
2614 4878 54
356 8891 56
866 4493 58
8725 3228 60
8978 995 62
5358 2739 64
99 1002 66
8537 7883 69
6480 2838 71
3455 7058 73
4921 6057 76
7268 1078 78
3441 4659 81
1893 7765 83
6790 5576 86
7096 8841 89
353 59 91
3300 2271 94
7852 6600 97
5155 74 99
1152 3679 102
5847 3424 105
5513 8111 108
2031 136 111
8718 110 114
6787 132 117
6145 2135 120
82 4498 123
8035 3888 126
7802 7371 129
4714 4302 133
1895 3333 136
6797 6353 139
4338 844 143
8983 2391 146
2689 3705 149
6044 7459 153
1126 7187 156
922 5444 160
4654 6736 163
7667 3218 167
2682 1673 171
1058 273 174
7857 8714 178
1 2795 182
3573 625 186
426 8197 190
1661 8964 194
3042 6 198
897 1111 201
5095 4935 206
4515 2045 210
2455 6053 214
8960 6219 218
1583 4744 222
5777 8873 226
6161 32 230
6920 2030 235
3212 6407 239
6270 5112 243
2994 8576 248
3391 3193 252
5367 6484 257
5736 1409 261
3522 7857 266
6989 7746 271
7186 4334 275
7923 1319 280
8411 7143 285
8198 2644 289
4060 4387 294
1535 1472 299
4657 7924 304
2660 2338 309
2037 2443 314
7074 2798 319
4956 834 324
4630 2963 329
3720 5292 334
6803 683 339
2329 1036 345
8209 5050 350
8853 8347 355
1861 7003 361
6412 3642 366
365 1492 371
8930 1731 377
5162 5539 382
6790 5048 388
3900 2053 393
7406 549 399
8995 3948 405
7365 6441 410
4132 6896 416
1332 5792 422
8452 990 428
8483 6497 434
3204 1537 440
1557 2956 446
4408 5992
2329 8292
7523 3761
5021 2269
8839 5032
6195 5960
7395 5032
2915 4425
3911 3149
5905 4573
8175 8243
4700 233
540 2461
2420 567
1413 4234
4231 3919
1066 7798
1217 2289
8104 6188
7709 1782
6747 4142
6465 6740
6542 7921
4255 8791
902 8643
2491 7382
2294 4480
5604 183
2757 6577
1855 6419
5465 2217
1113 4897
5397 3242
3919 5800
4406 4678
4814 7420
287 5097
5731 6131
945 6219
3745 1047
8551 510
5900 2756
2046 5832
64 3892
7694 869
4669 5492
8387 1421
3239 4008
6525 7423
5370 995
1149 768
1711 8302
2284 2943
64 7965
3940 7317
3090 424
6697 3338
7004 1542
7889 7790
7199 8399
411 4178
6751 8590
8702 2721
8478 4717
2454 4050
465 2861
8655 3650
5810 6941
5553 4904
4601 1328
283 6084
3121 4976
2448 62
1472 7753
26 476
5489 3770
565 470
1130 6664
3012 1173
1947 1349
676 7156
4238 1711
10 7024
5149 7722
7945 5340
7781 141
3578 4213
3513 1818
6207 7042
3498 8271
6441 2440
8015 2081
3035 7094
273 6748
2048 4823
5399 8494
2024 3706
6578 1704
7361 7571
1319 5411
1577 215
5000 2996
8215 3022
4148 7800
4779 1785
2993 8205
5139 1924
1514 3347
5069 4179
6370 760
7281 5581
7367 33
1460 6860
8169 7512
4204 472
4549 8562
7524 1419
8899 7903
414 5671
4096 1288
7148 3163
7139 2374
3517 7435
6441 6393
3030 2553
90 7598
4017 4851
6820 1059
2084 8998
8058 5663
8959 2959
1415 1854
4495 6392
2738 5697
7319 1984
3538 125
7442 7090
1659 3657
7989 6935
1642 2389
737 5776
2218 7926
6127 3102
7451 4119
3870 2399
2080 556
685 4934
635 3239
2484 3405
8919 5561
491 1898
3035 5364
4570 608
8677 7443
6139 8757
8301 3619
4781 3846
47 2441
7481 2714
3589 6491
6223 446
3827 7677
1644 6049
5139 3804
5999 3895
5595 7221
8045 1690
3381 5215
4791 8265
2685 8392
8167 4554
6483 8760
3426 3513
8759 8667
2750 8941
218 3225
4299 5495
2464 5365
894 2272
122 6461
3197 7432
1453 7271
3459 5863
2148 6210
4739 2641
7799 2756
5937 8037
5953 1868
852 3815
6035 1029
8294 8531
5851 2409
2217 5077
5336 4662
8882 8946
6962 5916
8650 2111
441 1048
5257 552
5506 1683
116 1763
6022 5601
1074 1424
1360 8581
1268 61
7679 5447
376 7124
5035 363
5792 7604
694 6809
570 6014
6295 5693
2631 1191
571 2176
2040 8202
8898 5868
7692 4420
3374 8714
1917 835
2590 4333
3728 6181
1213 4535
1241 3952
607 5207
8557 4220
2601 7986
2113 7264
3001 3142
1918 5120
2378 3669
1284 1045
4020 701
4484 2508
8790 7131
3726 6819
8003 3263
4530 3265
2217 1279
5179 6675
5409 1405
4724 4626
798 8345
8491 8277
580 8588
7700 6206
1738 2689
3852 8890
7968 2412
4140 5947
4031 8632
6465 5904
7878 8100
3916 349
2529 7655
3247 8369
4106 2868
8829 359
2163 6921
1619 6538
2880 3456
632 1558
3085 2872
8206 8952
2997 6139
4701 955
2397 1624
7685 4000
7952 8410
7387 3293
7457 5972
6673 4814
1726 7982
3632 2245
4719 2276
3453 6762
6462 7086
6008 4160
2494 5804
7147 445
8448 3896
3007 4184
3474 3862
939 0
8323 2319
6905 8250
6021 1305
6667 2639
4318 3590
4550 4098
1973 2934
2151 3271
8970 2012
654 5475
6195 1626
5415 7049
6170 2762
887 3454
8294 393
5072 8236
2159 5455
958 8162
8761 710
7285 3743
5330 6055
3548 2480
7438 6794
3125 7668
1202 3237
3109 6731
8935 7568
8210 6563
5604 5257
6550 7669
4968 6881
5145 8535
1874 6710
4266 8526
8944 6473
4022 4122
5609 1996
901 8986
3419 2892
7468 5302
5066 6438
4933 1104
8577 2520
709 7983
8316 5820
136 5764
4440 8255
2558 7077
7242 6935
5356 2964
2691 215
2975 636
3893 3921
361 836
3969 5333
990 4035
7654 4897
3505 5012
1265 2940
4642 5813
696 7597
6509 4093
4864 8000
1472 2117
6505 5264
1818 4393
2446 2582
2901 1983
6519 4990
3191 8870
7311 8661
513 1262
2258 828
4485 7087
5970 5157
408 4592
8184 7212
7656 6929
6074 8531
8743 3928
4101 1051
1704 475
1248 7921
8392 7531
5455 7513
7439 246
5011 1672
5351 5416
3758 4647
6245 4651
8880 1256
5918 309
8597 1608
2806 410
4323 2261
7609 7775
7141 4873
8220 8029
8415 5211
5357 2508
656 197
5690 8623
8938 4795
4537 2770
2140 8697
6843 1391
3932 3411
4887 5077
7024 5137
1005 5252
2469 1410
8555 3417
4269 7239
7228 7274
829 424
3780 4934
1908 4659
7586 390
7617 6501
6193 3546
7161 8103
3898 8098
1865 312
4363 8025
4418 4889
1866 6081
5716 7927
6576 4590
5828 7200
2228 4708
2828 7242
100 3020
7720 5115
4401 205
4505 7673
4683 5109
2554 5185
7807 3688
3987 1564
226 8257
8920 8138
2465 787
8995 3270
8600 5442
6811 7926
1637 5767
8678 8456
5715 2996
5730 1186
1665 5104
4883 2049
8593 6131
5157 4555
2827 2516
6621 5716
1834 2263
5786 6365
214 6985
8276 1785
6982 1179
4301 1096
6755 8865
3732 2820
8653 2995
6525 563
7068 1800
1876 8603
4867 7157
3114 1005
68 3345
3223 2457
4250 8212
7972 5828
8265 3988
6638 1014
6141 7651
700 6531
454 3974
8109 190
4387 503
6398 1942
6591 756
2684 8665
5665 364
7124 773
32 8189
8163 7001
2144 6509
8835 2509
894 1379
3665 8646
8673 6984
3792 872
461 7904
2427 2394
905 6894
4113 3440
8413 6057
7877 6135
3262 7140
2234 2426
1519 5532
1467 8852
3534 7658
2774 5325
1342 7051
4884 1420
5009 3309
5184 7544
2611 3265
465 4814
8208 591
7008 4578
3312 6232
8997 8561
5547 8335
722 1332
1261 5053
4655 8833
4806 8672
5866 2209
522 5832
5753 29
73 7225
1054 6417
1406 4508
2964 1405
2878 5514
1972 8834
4278 1487
3525 4432
148 6267
1442 5068
6350 3171
5840 4103
7139 7844
2396 341
8599 1250
3921 999
6910 2359
6461 3304
4692 7103
6567 1202
2249 2108
3745 556
3945 6815
5295 5780
2443 4584
1495 3742
3180 3255
2820 4998
6858 3784
1549 4926
2145 2613
4987 5281
144 1414
1267 2753
4160 1926
2075 3923
3385 5651
8992 795
917 699
6327 2300
8269 5470
6912 7448
3498 1096
3233 3827
426 6618
1992 5667
7419 4514
34 4255
6657 353
6968 90
6706 6838
3591 3383
8839 3494
288 2308
3204 1813
2622 4554
3900 1202
1937 1565
5392 4077
3936 7502
1094 5919
4848 4412
6325 8042
2562 1854
4715 7601
7647 4179
2370 3149
79 8461
7670 8004
3247 1354
7223 5390
7834 1152
7686 7532
1673 2210
1456 7980
596 8882
8220 3196
8146 6760
14 6166
2348 7657
3761 3391
2092 8358
8114 3407
5578 6957
7375 1611
5242 8787
1690 1058
5274 5137
693 3922
7257 2910
1865 8181
1177 8729
2832 6393
6543 6216
8123 2860
5710 6623
8142 2424
1358 2592
949 537
6654 7029
2868 1710
184 3698
4781 5325
294 510
7666 8373
501 2680
1850 3725
4332 2016
592 6688
1165 1206
1189 480
6660 6641
992 2575
4481 1822
1266 1572
6936 6610
3393 7270
8325 6877
5830 8186
212 4654
6841 8425
6853 8715
4007 3653
1706 1312
1067 6890
2808 6034
5754 5889
7318 2343
3246 696
4879 6330
6723 7388
1977 2759
8591 5821
8770 2265
8552 747
5552 5888
4618 7384
3476 1344
3816 2583
5819 5258
5284 2230
314 6494
941 2052
4874 5589
8759 5238
5781 4895
1876 1097
6881 2515
3853 4136
207 1896
1449 6594
6242 7422
3232 5502
3037 3737
6300 615
525 3127
2713 7495
3712 7300
7470 8874
868 7596
2685 8154
1037 7651
7329 5795
5654 955
5709 4581
579 6943
7908 333
6518 8253
2449 7853
1380 8375
8486 7392
6089 843
7905 4854
4090 8856
1399 6086
8374 4193
3983 1751
1705 1905
6956 737
8599 8153
5501 6255
5483 8947
8771 8080
2498 8405
4946 3685
502 65
2860 4077
7873 3863
6803 906
2649 592
5262 7858
6061 6904
813 4354
8427 3183
186 6623
7001 5464
6237 3968
2108 6718
1262 4382
6464 8972
4186 7447
8812 4065
1449 511
2857 966
4055 7984
8977 7062
7586 45
1163 6995
2581 5692
4742 3227
4130 5214
1895 8338
7202 951
6327 3785
139 8837
126 651
8999 4418
6723 1315
2810 2100
3540 6004
3193 5865
5938 8751
4438 4336
290 997
2817 6703
2931 8784
7529 1042
4888 8561
3213 8703
5568 2668
4087 6566
3572 5772
3875 7189
8182 6356
7607 8884
3813 6988
4500 84
2001 2284
2632 3059
4799 1135
589 4321
2525 6332
5249 3306
3244 2830
5170 2879
4821 4033
2983 5048
8732 1014
3694 3106
7946 4725
1019 3193
4658 8254
4362 2702
745 8679
5036 7189
3396 2441
7871 3325
7193 1869
6322 8242
1697 7466
6291 1813
6488 1009
863 4694
5176 2062
3667 1946
6103 4976
3215 1130
5662 4798
295 3931
2843 8493
4843 6644
3413 241
5451 2868
8391 5709
5460 5713
8552 5217
3634 938
6587 5481
2397 2252
5474 7643
3387 4905
7009 3056
3712 6352
5738 3575
7423 7284
5090 3481
5580 5591
6464 1487
3031 4495
1464 4666
8503 6942
3091 242
8406 8618
6411 1698
981 6016
7123 3422
8771 6627
8156 7360
6295 8994
6436 45
795 3060
7785 1533
5253 6562
5424 659
1723 6967
663 2654
5831 6752
3231 4731
4763 6529
4360 5264
694 4203
3711 5605
1061 8365
4912 705
1598 8224
6631 8990
7519 5083
6149 8046
2215 2793
1890 6231
328 8104
5891 5037
680 7356
1339 7782
7050 6492
7591 6106
5838 7407
5661 1597
5484 1154
1131 7318
1407 3907
1213 8130
364 8330
2760 1386
611 5665
4272 2499
2203 8850
7156 2614
654 1700
3033 7233
1296 394
1128 4297
5929 7294
1895 5930
7223 8843
1426 2837
5378 1272
8684 5067
3419 2136
975 5040
7828 4987
1579 3942
7599 1855
4081 4684
1742 2834
6247 932
5209 8202
1090 8512
2550 977
6293 4870
6826 3070
5140 6254
7189 658
7497 1278
4067 200
3318 4461
6215 5819
7372 5456
8221 7871
3073 6019
2746 2683
8601 1105
7681 1082
3191 6177
3535 8539
2135 4979
3820 2213
7985 7884
8974 4652
6837 3452
2739 5860
6926 2797
6401 4677
4497 3870
6441 2179
4951 8951
5556 5434
7040 1955
8375 2502
759 93
5961 1647
8933 5745
4313 1838
8479 2086
6327 4066
1163 5499
340 6875
8607 4931
8794 5722
8998 372
6466 8520
1609 12
7518 5761
6786 1676
8293 3393
1983 8035
4262 158
6340 7830
923 6373
8263 7412
2915 5238
6550 8410
1814 2930
5728 152
259 139
5343 861
8078 1233
4418 8584
3063 743
7205 6485
8949 185
134 2317
8610 1409
2555 1615
5891 8350
8004 6484
6713 3773
5375 1924
7142 85
1225 6466
734 2385
1255 5614
6558 7273
2293 1735
7698 8999
8656 7254
1377 2368
4907 7817
1568 8775
2146 3434
7838 2490
6846 5333
3934 6682
7621 5566
4064 547
1743 3311
5044 2430
391 2501
2255 480
8245 1562
2031 6234
1486 7558
3097 1751
4987 1522
8251 6206
5138 3117
3656 3225
8004 1484
6048 6234
2727 3289
2864 7623
5293 8558
1197 3788
505 7260
4540 8986
3670 8379
4089 6718
1773 6561
3903 2709
5124 4746
6893 4069
1470 8670
6232 2998
8981 3118
3508 8807
7909 7039
8590 3206
7593 7128
1762 863
6988 8898
1522 8567
3687 4105
4715 8403
5960 7639
4248 4386
1551 925
5991 3690
546 838
5361 8155
8062 5327
3942 2169
7301 4227
8895 5199
4202 5625
5494 6400
6107 4443
1451 5663
1461 187
1637 703
504 5428
3615 8248
3318 4269
7412 876
2944 7300
3413 8022
1026 4637
486 6740
8748 456
464 2976
8430 2217
6644 4442
5335 6256
4999 6675
543 3806
1798 3115
3572 1411
792 320
6962 509
3756 2083
6211 236
6248 5561
502 6851
3616 3705
6730 6126
1567 4494
8593 2203
6300 7612
7500 7393
8318 8149
1671 4543
3696 3901
5475 379
3068 8044
3699 7409
4348 6275
8423 3701
8254 3739
577 1433
5754 8739
1306 8735
39 1963
3786 7836
7273 4074
3700 28
1578 7849
5492 2479
1817 990
1353 5213
6634 3114
7084 5950
6258 4974
6414 7919
8200 100
7762 8288
167 6802
7449 8725
2347 8445
7530 6385
3137 8971
490 1723
86 8668
5990 5903
3786 1935
5848 1657
5102 5051
611 2551
4592 2637
2407 202
281 1650
12 3537
635 6099
5712 502
8750 2377
7310 4407
8719 6485
1486 4019
4626 158
4493 765
516 7519
7449 3973
5160 3659
3851 5322
5115 6121
1780 4599
2493 3519
4881 22
5122 8980
1798 6820
5496 7912
7518 8995
6260 2176
7389 6073
6638 2882
1831 3413
3916 2510
2911 1137
220 743
1734 3915
4896 3867
7610 5703
2293 4173
4267 7529
5761 5165
8671 3543
4502 8350
6565 3722
8461 2743
1599 5467
8768 7730
7771 6129
8973 5061
6576 7551
749 5300
813 3289
4846 344
2347 3434
7483 7192
6903 8106
2113 3824
6810 1558
287 8466
5286 1868
6572 5102
7162 7189
6344 3545
4232 5209
2365 7501
5676 6435
3384 690
7013 3217
6380 8810
1169 4760
4721 6938
8102 5484
1280 7671
7532 7911
7978 5014
8202 8484
351 2009
5723 4032
3713 7026
8300 8917
1248 791
8343 1122
3183 8282
4124 346
6079 5520
1978 6979
469 5075
1355 6754
1862 7672
7637 6622
351 2627
1696 1518
5242 8434
7405 3751
2650 3840
1270 6287
5346 1610
4098 2525
1363 2921
8225 2776
1159 1907
3608 7772
2575 2852
6140 6579
8448 1162
4641 682
4970 7371
6926 5625
6908 7329
5785 7858
1683 3067
2034 3297
7915 1774
6137 5340
8977 1230
2260 959
1664 6281
3409 6293
4425 4509
7733 7172
7697 2156
7684 1935
1717 7155
7825 2311
2716 4624
4451 8462
2087 5158
8910 8478
6736 7092
2027 1630
2256 4581
8334 1676
5484 5570
6912 7008
6087 7351
3574 7559
5609 4231
2860 8587
3536 2576
7914 502
8109 1897
425 2131
2834 3589
5923 3345
39 6520
530 6115
1607 6352
1182 5331
7466 1946
2360 6496
6661 8853
3633 314
3398 784
6547 2287
7052 3790
4176 2403
981 5904
4549 208
3221 2654
7754 8188
3968 8976
4951 3962
5122 260
5481 5158
3042 2459
7535 8646
2118 7965
5327 8250
4263 4911
4901 8858
5030 4842
664 6211
4601 1636
8677 2451
3071 861
7512 4038
8564 2334
2349 1945
4978 5161
5386 3104
7658 113
7974 1861
7972 3634
2619 1344
2386 1153
2974 831
792 5451
3107 599
2500 2164
767 8878
4547 2327
8319 6066
6143 1333
8567 8600
5999 2727
3920 6008
3175 4591
1182 210
6244 793
7239 2809
1550 7955
2606 7882
3937 482
3270 5614
8663 4323
2048 7561
5434 4769
3012 6923
4970 3430
869 8147
5375 6869
8463 863
2561 4157
4200 618
1360 3210
7505 665
8692 5925
8613 6613
1029 6802
7929 4294
6570 8804
6283 6364
767 6196
4389 110
696 425
2249 1389
5097 5826
5114 2341
4553 7840
3657 528
6908 216
7908 607
5859 7748
7205 4738
3127 3891
5867 2098
999 7173
4176 6310
8889 6818
8757 6141
7852 8397
8051 2373
8155 3616
3671 2636
5350 3319
5557 8011
331 264
7884 1988
768 5128
2340 3232
7862 7291
2031 4994
3449 411
8848 8012
6716 5619
182 5348
2320 7817
3691 5409
8929 2823
8578 3562
236 1727
1885 2778
4010 3871
187 3124
2091 1390
7619 5247
4300 8111
1312 5300
5940 15
5534 8706
7316 6180
2243 4397
5984 7364
848 7325
4426 12
331 3852
32 210
2476 5911
991 83
2689 830
8292 7575
6957 870
1611 3788
2102 2892
1542 6270
1434 4322
2243 1583
1512 1328
5959 4074
6427 2570
3051 4802
5804 4316
1785 4927
7345 8862
7450 4683
2066 6071
3779 4833
2670 8572
7930 6643
3115 3583
7981 1041
5569 3534
2289 6999
5155 5220
6183 7901
994 6976
2708 2429
36 605
6159 1433
457 3657
3359 491
5646 6312
6712 3995
7345 2861
273 7845
7710 7649
1733 298
6097 5942
1888 649
625 75
7119 2215
7773 949
7227 1628
2703 5171
8972 3458
4945 7014
8195 8825
21 1662
6586 4710
1947 734
8473 8109
4499 8076
6542 4319
8047 3600
1312 4682
4980 5666
1759 8837
7266 1807
7683 6801
7069 2669
3556 8680
1367 1594
1393 8773
2726 4233
3311 2760
4119 8700
601 8972
8139 4339
6356 1279
7474 4986
1999 7430
3268 561
4296 536
1788 7860
1285 6392
2811 1804
192 7736
7905 951
4899 3489
6915 2659
7060 4513
3930 150
1098 7048
2217 5336
7138 5626
3354 7607
8781 1306
1019 484
1894 8753
1689 7743
4552 7190
7982 4493
1749 5300
2062 8083
4205 4627
4757 6149
4956 2870
5568 1523
1716 3390
5053 5756
1323 7959
102 1504
2224 7627
1553 5666
8111 5007
6315 1507
5011 2600
2736 6742
8127 8984
4247 1609
1625 7911
4609 3216
8422 6878
1162 7786
6500 4874
6009 8795
3701 903
6680 4206
4325 6727
2326 7226
8504 6579
8583 3103
6858 8517
5988 4896
4860 4808
2858 712
6510 8898
8138 6497
7046 7440
4904 3171
8378 6275
6628 4039
5531 7048
4927 2384
5593 8425
6615 7140
7199 7069
2517 8517
4154 8541
1824 5227
1056 1966
1214 6671
5816 2896
6498 4573
6556 5325
8291 4922
1537 2822
4249 7081
4843 6788
5742 2167
8951 6605
6435 7790
7024 4675
3304 3852
2751 5071
6392 5450
5216 325
7795 1937
2572 6921
2522 8814
1944 5016
4819 8852
4465 6858
5226 2364
5908 6639
7430 8413
7907 4646
4419 6094
4357 2409
1666 839
1302 7360
3934 1294
8203 5591
5672 8096
6523 3796
3320 992
3066 3415
5524 1257
2086 3654
6039 4082
2499 7502
5114 382
6833 7033
7609 3582
983 4260
1800 3778
8506 6242
1168 8425
4461 2883
30 4183
2465 3843
436 2414
5918 140
7606 4590
2930 1334
154 3792
6212 2258
8726 1095
5675 8227
2960 6793
819 3493
630 3
5979 1468
1337 8667
5058 3947
3249 907
1538 8408
3320 48
21 5169
2861 8772
7010 1462
295 1285
4189 5023
801 1203
4197 2910
3167 2757
7304 1740
8251 333
1778 4333
124 6912
3180 1415
4163 3965
5595 4741
1373 5975
3451 5590
2057 4421
7004 6577
847 2526
3829 8568
1524 2673
4414 5590
944 5842
2425 3306
6421 456
1413 3342
8137 2223
3557 3765
6540 6746
4145 2180
91 7862
7256 6246
8279 1632
8523 4505
201 6896
5819 5078
6865 815
3877 1413
2062 651
7369 7415
3579 5035
4950 7657
6273 2630
3376 4336
6830 1466
8775 212
5274 3077
1720 2395
400 603
2769 99
5296 3907
2023 5901
127 2230
4092 6839
2624 2004
4417 641
4601 6434
6365 6595
2639 7169
7293 972
2897 6451
8902 1579
5278 4961
3741 964
6607 5964
3351 8808
5520 5355
3803 8831
395 6351
4609 5204
1901 4367
1127 8133
6755 1001
7523 1164
5668 8858
273 1115
5654 3696
950 4697
457 773
7154 5020
8287 552
5290 710
7084 3565
2985 1637
5769 4409
6729 1874
861 199
5421 7583
2836 270
8820 3342
5114 7967
6064 3775
6587 1077
5926 385
5708 749
490 4266
5202 2281
5677 5728
254 8644
4471 6938
3243 5431
5067 8662
377 1196
5611 1372
2499 2674
1320 3562
6010 3216
901 2746
7227 2476
1277 590
6800 2084
2172 8282
3907 4183
7040 6132
3345 2537
4940 5933
7447 4876
7394 4424
8678 5448
4826 8738
5476 766
8917 8394
2537 536
8383 2917
5529 6652
7842 281
7783 1861
2798 5821
4340 2626
1137 3878
7467 1508
6917 6328
3243 8773
5574 7532
1006 8902
3134 3764
579 8324
8486 8674
4996 5353
5817 148
3830 4421
4737 3715
7036 906
7794 423
8450 7744
4896 1851
6581 6130
5375 8025
2225 2534
393 2749
4305 5792
8768 5455
977 3252
7128 6481
4279 6394
59 6368
7063 5240
4316 5585
7462 974
7090 6350
4251 7643
4447 1659
4445 6645
3671 6287
1423 2562
5754 2404
6044 8222
5169 8316
305 4100
5036 1571
4878 4117
2740 8749
2330 2073
2573 334
5749 1578
7445 3414
3206 2995
4060 5332
6916 3076
5382 7910
1579 5885
1786 2522
5475 3397
3976 2933
5046 276
3354 1068
5414 4968
3909 2330
408 8660
7604 3450
7023 7232
1146 4566
6456 5360
2764 3549
4970 3582
684 1893
7118 594
7975 8273
6096 1940
5566 745
8077 7944
8452 3009
5127 1852
5751 6252
6117 3898
2418 2979
5632 8557
275 5003
1592 6773
7847 4494
4841 3050
6608 2692
900 3898
4020 6867
6808 6590
5381 3682
3158 6862
7563 701
7827 2205
113 5436
5727 8486
7817 6485
6746 860
2976 8105
3613 1588
5167 215
6371 3366
2438 7555
2542 3012
6869 1901
6998 4797
2538 8610
8544 4583
5103 7444
286 6163
6612 7925
4128 577
722 8552
3456 163
2961 125
1991 5374
15 8514
5212 6771
4349 4575
2377 1475
4221 545
8423 5452
7433 7422
1105 1342
1062 5842
8846 1737
2563 3399
213 2966
3904 5532
457 7611
5343 378
6228 4736
6834 3699
7727 8784
8062 2544
1987 3908
2708 1521
4353 2205
6905 5271
1871 1215
5216 6363
8330 261
1245 7749
6675 7718
2803 8706
3061 8537
6595 1880
3639 1764
7241 7674
7995 8623
3337 4634
2801 8274
6868 5552
134 812
2574 1770
8138 2310
206 6470
3298 7313
2779 3809
4015 2823
2613 7562
8144 4865
8572 6443
912 2630
5172 6021
6150 3615
7065 441
1557 409
8821 6797
7125 5701
1876 1494
3050 1976
2003 48
4830 916
8032 398
8607 4161
4175 4131
8321 3832
5439 7159
2075 5479
5417 451
1493 7420
5063 915
4598 1474
6393 4143
5822 8984
6899 4577
8913 7997
366 5877
2164 5135
889 8415
1022 4936
6026 7809
3106 7263
3915 1950
1795 4784
5170 1692
7268 4568
2057 6985
5312 1697
7668 8148
1782 6251
2707 1797
8936 7159
3582 1024
6028 4303
7361 391
1821 6515
2804 1714
7234 7581
3661 4893
1983 4242
1510 7870
1186 64
524 2124
5508 6795
7728 676
4671 4748
4458 3126
7104 1990
3597 838
8587 4363
8210 7286
5478 1053
985 7516
6219 3488
5865 1859
7817 7609
6122 1067
4644 4991
3980 1377
2348 5322
5624 2981
2960 2914
7320 4285
8620 474
2783 1068
1458 617
1020 796
2484 475
8618 858
6997 8481
6288 2355
5709 5055
993 202
3108 3329
8114 3815
7319 4719
2748 2790
2542 104
4637 4126
5080 4008
7421 2629
2219 1056
4822 8469
8094 6069
8384 4985
3856 4661
1219 1317
6555 4840
4173 6030
3544 7797
4827 6453
3602 5261
7171 1339
3339 5263
2118 7389
8041 7755
7952 1410
709 1726
3041 5183
2782 8161
5238 1278
3908 6384
1286 2144
6783 7996
7792 5214
4102 876
440 4508
2666 5419
7150 5838
8372 6169
6821 5666
2269 7359
4883 1046
2321 2494
5680 8996
3583 7489
1162 2724
409 1413
1168 4946
7209 8588
976 608
4248 2157
3587 3880
7726 7910
1589 6951
5643 243
7974 348
4444 3703
2718 6813
681 4647
3114 3506
3134 2681
3341 3283
3464 7917
1569 1978
7455 8662
6346 4974
4974 7526
7106 1222
7603 1728
8483 6174
1074 1894
5994 8637
2205 4619
7123 162
4113 8009
1910 8063
8359 3576
4751 5601
5991 8452
5396 4346
1545 1017
5592 1618
2876 5598
4912 7737
8791 3027
6511 1711
841 6215
4855 2811
1474 1670
1383 484
8131 2056
7976 2733
8280 7264
6665 7841
8039 5258
5108 3685
651 3115
8423 3981
5947 4457
6683 6073
2008 2853
7262 404
8268 1160
8136 634
7844 7691
1340 7563
1169 4448
240 7503
4937 5473
4406 2085
5215 7408
3923 5100
7378 5353
529 4028
6770 446
5149 3726
124 5352
1339 1929
4180 5355
5117 5656
3895 4094
4401 7658
1784 4984
3535 7207
8897 6332
456 5249
5184 5016
2738 6970
7973 8025
5413 8374
8671 4530
3924 8391
2253 7843
3396 418
8762 6818
1910 2262
8102 244
5381 910
4965 8107
2797 969
8872 5451
519 8664
2031 5207
1964 7739
6297 6455
2274 3071
2328 3581
5838 3820
1607 2108
6255 6884
3758 2537
5917 7847
5968 7938
2571 4672
91 6273
8335 3345
6452 4535
7944 2904
940 7417
3189 5655
3225 1713
2256 269
349 8706
2050 3005
4813 6347
1332 4116
8345 4428
8577 2949
2792 1891
5526 7766
8032 3128
3130 317
217 25
8938 4040
7217 4033
2475 8672
6284 669
3157 1139
89 4583
4682 3003
5990 2829
3036 5815
956 6060
8167 4674
1295 1466
126 4833
2636 4490
3984 7981
1879 6777
4097 421
8995 6511
4660 5436
3411 4731
8197 1233
7962 2202
8346 3425
1605 5060
4742 4798
7383 4634
5914 3834
4569 8851
8589 7766
4370 5783
3063 7298
5135 1536
49 2166
1524 6162
1058 1702
8161 136
2184 190
6048 5414
7022 7642
3962 3555
350 1802
6818 5789
6974 1859
3939 6879
410 1899
7801 2160
2090 7524
7439 1694
2679 3367
7905 6907
6838 5143
8467 6710
8984 4487
8012 5117
1225 3027
2984 235
875 6081
377 4311
1352 8010
6589 871
5850 1379
8097 2960
8232 4951
3551 2755
5235 1844
254 1881
6706 1993
8982 6787
448 6560
239 7783
4811 1992
7736 2725
4469 1108
5919 256
2167 4351
8292 7675
4703 2709
4962 7773
6764 5824
1656 4057
7461 6613
3333 277
2011 6287
287 3790
2062 8133
3911 7704
2233 6273
4394 6527
1735 4576
5245 4731
6863 7580
2426 1685
4158 5465
2241 2590
3967 1223
1952 6766
2827 6518
8907 5049
6593 4509
1784 1338
4786 691
8755 7669
4296 5367
5526 5075
8424 1243
4097 3388
6381 6457
3649 5226
763 710
6172 2438
6223 5143
5511 3427
5339 647
8918 4905
327 5440
3955 2590
368 5794
986 2971
8034 6407
1604 8612
8375 7989
4110 2358
7998 2600
3497 4323
2193 3878
6776 7489
7072 6448
1281 6224
2791 5421
7533 3861
1445 404
1270 8222
4607 8699
1428 8163
1557 4275
4652 4382
7009 8079
3042 930
6368 2090
3002 5556
7433 711
5631 6456
2700 3440
6085 8867
7521 7605
2809 1410
4406 315
3933 1055
2731 5623
2613 498
1773 936
502 8478
5392 3519
1587 3995
8280 7468
3699 3377
5574 513
2468 1012
7423 1058
1348 5164
2424 5582
2431 3198
282 7021
360 5179
4436 5352
4131 8608
4091 5733
4711 607
671 3554
1585 6457
5562 2824
8490 5729
3631 2998
8752 2815
2577 8476
8111 3540
1493 5573
1891 5042
4886 6160
160 4628
3500 1419
6931 8338
3404 2337
3374 7160
7950 3017
7024 3975
3490 3912
2322 937
478 6159
5393 5600
3061 8674
8178 1744
938 7070
4343 1872
3065 94
3121 1888
8882 2952
3568 2530
571 6622
560 7113
8899 449
5795 4517
1944 7626
1794 8323
2706 2346
7516 8458
413 7768
6147 1191
3612 6645
2068 2620
5083 3148
8833 477
4871 3641
8943 3287
848 7198
5074 8853
6418 1441
5415 7451
3141 7968
6998 8547
5951 7194
2890 512
5320 3589
2692 262
4356 6403
3600 1171
8531 1112
3712 7188
5618 8807
2088 4660
4170 3365
5912 7013
8698 8574
8254 1954
2715 8585
1187 2983
3969 618
4114 8212
1361 197
4234 4340
7794 4956
6494 1991
6895 4412
8157 71
6264 7374
2864 835
2434 6914
2850 8425
3116 5976
1884 3642
8117 7283
7406 6273
1914 3688
201 4994
4239 5476
4929 8346
4585 3739
8728 2956
886 3311
1920 427
5451 5860
5914 5631
6175 6048
2844 6317
894 888
818 2241
6069 4685
7707 745
1563 4443
2823 4719
257 2274
5582 8488
7922 8475
2248 5584
8645 6673
1035 2638
4881 7652
3954 4440
767 924
6497 740
8036 6320
2630 6831
498 6794
2671 5034
3062 4453
4493 8432
6069 2110
3713 2285
5333 1907
5413 1515
3736 4580
6511 1414
1044 6978
3850 5668
5342 3910
2700 8014
409 7519
4708 7540
5077 7932
3475 4939
7194 3331
7448 2262
3317 8159
8515 7822
6256 2091
3770 3140
7508 4831
800 8960
3024 1496
1008 3644
3342 1833
6676 143
44 863
3318 1454
8806 7520
1809 4185
343 2181
6020 3827
4931 2188
5819 262
4392 6744
7129 1261
1574 1935
6704 7809
1173 7325
2689 17
3007 5098
8619 2950
7568 958
5532 3755
5491 3677
8318 2902
6093 4540
8805 5230
8844 3071
1540 8006
4897 5768
4117 6767
1102 2837
1015 6250
3384 3351
1177 5697
519 2197
1340 3496
7647 5489
2558 5033
2862 1303
8650 1376
3109 60
5203 8256
6607 7750
518 5996
3322 6723
8572 4134
4753 5287
8545 4290
1125 5036
4262 8
5417 1246
715 3749
6406 2623
3111 8910
1123 5115
2557 8863
8352 4589
8451 7118
1148 2325
7718 950
2478 2424
6267 3402
3081 7995
2475 7970
4560 4685
8149 2726
7345 4473
4659 3604
4704 1652
5031 7126
7490 8769
3539 1144
2922 1464
5539 5689
7240 3750
3121 6449
2239 8735
8742 7615
3246 440
7435 5621
8088 6306
8939 4155
1635 7978
4802 8604
1056 442
4161 1649
2841 5846
8916 6555
762 3180
922 1620
714 4529
4167 3863
4193 3067
2145 744
3233 4243
1459 977
6351 5434
1011 5562
1249 1126
3684 4695
8401 8782
3293 7754
2966 3402
2541 6492
5027 1739
7545 7376
4203 5297
725 6267
4050 8577
1925 5903
2491 1939
655 7283
1252 5420
8199 6619
7941 796
2396 5904
7924 3148
7500 5941
2059 3804
2233 3315
4395 6861
2361 5510
5259 2534
1388 8056
4263 2095
3777 429
1163 2094
8252 4515
2378 4192
5504 7451
2513 1386
4815 1622
1436 2256
2435 1434
5254 762
6359 3076
1907 7685
8168 8463
4587 8948
4076 7520
4361 4536
4232 3369
4107 3776
4979 2650
5401 5150
5005 1267
2032 7705
7428 6347
1974 4900
8582 438
2286 3546
1057 4550
2232 8302
8030 457
5076 5475
2433 8037
6430 7985
4635 7545
5408 3026
3906 4818
1781 7061
3572 8482
3109 1499
6057 1444
8889 5662
4310 679
8169 2521
7331 7444
4723 328
5570 2255
7060 8069
3747 1962
1759 5722
829 54
8362 504
6071 1690
5476 1259
7067 8729
5151 4374
4047 5451
8122 8083
6444 8380
4266 5434
8223 7370
6096 3520
2544 168
6683 2863
1303 8006
7334 3378
1117 4629
349 6937
5711 3992
7596 2234
75 8591
3970 1174
1936 4144
3052 5269
8814 8706
4439 4849
1951 5434
908 6828
2681 8086
3466 3588
2945 1644
7485 4389
2414 5129
736 4930
2189 5308
6044 7610
3564 961
2609 6541
7556 5975
2438 5733
6592 8444
7446 1993
7172 2927
6275 4714
1566 5579
2021 8064
3275 7846
4773 1653
6847 406
5417 6151
8880 3579
1880 3561
6195 893
8246 620
4353 8063
2526 8146
8543 7362
8854 8738
4430 5501
300 2971
1924 3900
3282 2127
5029 2468
4421 160
5909 725
6948 4868
2113 1353
1035 7428
6652 2835
6625 1349
4187 872
2687 4236
5900 7673
5771 2063
2864 1439
2959 8395
2660 4788
3653 4973
6404 8916
1128 8310
4313 6613
3641 4754
7578 3496
4311 7805
5144 4469
7574 4966
7952 3529
944 8289
6245 3826
2363 1789
3774 1734
5228 7195
5506 4860
3420 194
4318 7147
3196 8368
3840 8161
393 5627
6429 8624
725 4629
3051 2389
2874 5643
4367 3046
6714 7045
5208 8813
8884 191
1855 85
8653 4796
1245 1675
8832 6710
4508 1473
7754 3794
15 4319
302 3596
7189 6124
8856 947
5979 2397
914 186
8497 1178
4276 280
898 7358
7628 5197
2784 2536
4114 2984
5028 6591
6424 841
6191 5165
2927 1597
1471 3428
2227 8821
3784 1888
5091 6818
829 6723
6355 7486
2710 5732
1640 1436
4598 6565
827 4433
8499 8054
8029 3000
3473 5934
6099 1735
8093 4779
3650 4302
2483 4462
7054 3948
7809 4811
719 5981
7463 5380
485 353
2818 81
8254 3692
7007 7433
4695 5274
5631 6643
8940 8640
8974 7873
2959 5335
3365 5487
4469 1376
8649 8817
8574 2470
3473 5732
5764 8137
2972 8786
659 8923
6710 106
1494 6326
5905 6298
2501 8701
4111 8771
3937 8674
6554 6177
5626 5470
8474 750
672 3769
5130 1185
5235 6246
4602 3665
4852 6917
436 6853
3687 5053
7321 1639
8583 475
4060 8992
245 4347
8537 619
7250 7506
4638 1129
433 8979
3717 8089
8705 5494
1619 7135
6151 4034
4885 3904
2379 4977
957 1707
6772 3852
3925 833
5996 7274
571 1106
4619 353
4734 5555
7710 2299
4520 5981
751 7916
690 4302
2737 2025
213 6112
7762 552
4801 509
906 6288
5698 1500
6357 1168
2569 2474
4776 8729
3915 8947
2442 1329
8130 5761
5875 798
6150 4168
7774 6476
791 4103
3953 7135
4350 8748
5917 5528
5435 3952
5240 3652
6773 4343
2611 2573
2713 2746
781 7036
3263 1180
7985 3729
3472 5270
335 4678
3340 439
1674 4244
158 5461
6215 4008
1740 2980
6208 2534
4322 2764
5698 6868
4936 6653
891 7182
8566 8185
3571 8562
8166 8418
276 6846
7997 1379
5781 7435
7658 6496
434 5407
4097 6346
7976 7183
8406 6619
2024 2479
8840 6969
4097 1571
5542 7455
927 1418
334 6007
2312 1784
1890 7473
4430 4743
4835 8781
286 2937
7639 6314
8739 1930
5221 7260
6873 8203
3856 4955
4262 1996
735 7513
936 5880
26 1286
3605 1754
6759 3601
184 170
3615 411
1584 3701
4883 2544
8101 3719
616 7209
616 1432
1546 3675
7020 5097
6281 4062
8728 3392
6896 8920
2778 2052
3752 7397
8440 6557
4668 1008
2865 5165
118 1675
4204 4084
6802 6456
484 4231
5193 5774
2230 6313
373 3581
8873 4907
3407 1684
1433 648
1461 6646
8170 3268
4616 3908
1385 2867
8309 3042
2868 6286
5785 1398
8479 6271
4530 7111
8000 5155
991 8303
3895 5052
2942 8494
7393 3211
2050 5558
415 6300
3264 5700
4294 4281
8561 69
2300 3829
6009 590
37 8670
24 1150
3509 1329
2770 8866
5061 660
6726 4461
7546 908
8168 1007
8173 6406
5058 6279
6609 5531
2913 5127
3656 7923
2566 8703
7782 4126
1386 7702
7658 3043
469 5120
5604 2490
5142 3386
5129 2576
1035 3301
848 2639
8995 602
8545 8453
4150 6244
8304 6411
2107 189
7138 2875
4850 5269
6154 8887
5727 1068
2717 8318
8019 8835
5888 3704
566 4418
7838 5145
4655 5229
1768 6498
3622 8396
5737 8540
1178 3907
1427 2509
3354 6424
5137 3041
720 3681
8492 1534
2163 2806
633 2493
8330 3460
5789 1868
3091 6071
7657 5161
6403 4337
7753 6517
5689 1375
7722 5546
6957 4598
7287 6910
8967 5662
727 203
1551 7034
1028 2377
6046 1209
6261 1331
4974 622
1608 4485
4625 458
8281 2242
1710 3732
3170 1910
3534 541
3088 4043
7851 783
4512 1836
321 7261
2436 8595
1189 7220
5497 5706
4384 1138
4852 157
5835 2516
5694 7873
5955 2339
4724 6105
8024 3490
4278 3268
5457 1530
1872 3446
6816 1939
2989 974
1207 6023
2892 5864
1098 5512
3390 6574
8187 7880
2734 2394
7498 6448
8246 7456
2566 1530
3663 2809
2066 1888
6844 7697
3128 7879
8382 8837
6449 523
5327 2112
6317 5122
5678 82
7800 6535
6394 1286
6817 7155
6842 6992
4179 7904
5877 77
2905 7444
4458 6274
4114 5850
6513 6374
1781 8185
2221 7443
7643 8270
4413 2226
4611 6474
5243 8090
8070 6773
3415 2035
5334 7705
581 7795
7034 2556
2237 4905
8019 7878
7972 4204
5997 8838
5418 7625
2030 6572
6007 2172
4631 7039
1999 4705
5214 479
8875 4957
5563 2991
5008 3473
3966 3207
8931 6087
2485 3136
8804 778
2269 7438
8305 6731
1648 8556
5669 3416
4991 7711
602 3624
5219 3916
7355 7943
1725 7348
1797 8009
8682 7801
4774 2959
6743 7011
4646 1524
6298 5887
5885 8288
8726 2544
8374 8234
4192 5860
3430 7321
6783 1033
2587 3737
1941 4028
370 2543
908 642
3290 8662
1961 3250
4110 3176
6713 1211
6167 3952
5668 3144
2324 2267
3057 2041
1681 8731
8602 8085
845 1629
337 7078
6124 8157
1518 866
5962 7893
8438 900
3437 6691
5259 1391
8484 1984
8010 8522
3805 2299
8918 2623
5135 135
3291 3508
5116 5463
3149 6245
5223 6949
7451 409
4407 6227
1919 7135
4983 6173
3162 3296
5702 2062
2972 2198
6322 3519
132 7159
617 6147
4887 353
1421 7099
7874 1434
1411 2717
287 8830
3315 3804
8048 8809
6436 3532
126 8650
3471 4146
2710 855
1052 797
7433 3658
2490 6618
488 6218
1177 7448
5039 3826
5419 6065
7527 8210
1598 5128
2505 1562
8532 428
8870 4573
5900 7096
6524 7754
1590 83
5226 2401
26 5938
5911 5398
5652 4958
7129 8389
5480 7157
4368 1223
2584 611
2044 4190
7192 6845
1392 1165
954 1881
5290 1120
6 2245
5228 4590
4954 1009
6400 6143
5804 5970
5514 5259
4426 4117
6675 8348
6240 8634
2496 5068
8503 5783
342 5243
170 8755
3252 3068
4484 688
8637 8937
2558 1047
798 8381
443 7549
7827 6136
6329 2230
2211 217
4165 1545
5309 2958
4569 6269
5642 8146
2101 273
6282 2904
4615 2199
7428 5882
1490 5122
8656 8674
2859 7952
3809 5889
182 3864
873 1063
2445 5493
4550 7230
4222 8503
6399 7024
6935 3781
1235 5655
3275 4174
8318 7634
2745 7963
907 5867
8769 8190
8569 8966
5839 1886
3907 6970
7271 3875
6536 5102
3818 687
2285 5149
7588 5889
6649 6131
3246 1797
5395 567
5407 392
5758 2997
6115 4127
234 7261
8813 2743
3375 4253
5795 6890
7006 2914
6854 1672
8667 4828
7220 2619
3243 6310
8613 4039
2933 2783
8735 4718
2201 3598
7533 521
8891 1083
8283 8398
2713 5969
7334 4648
1182 4121
6275 5796
4724 1013
834 1350
3622 4051
6245 6268
904 5551
2652 283
2095 4054
5997 2599
6714 5490
2648 8173
5778 3965
4554 5836
8435 4967
7297 3166
4208 4519
7138 5241
6180 8340
8516 6126
6160 447
2027 6828
6595 5229
1992 2476
4041 3426
4778 4415
4751 1515
8171 7963
7543 273
2625 5672
2867 8393
1000 1522
8816 6176
6363 1426
850 4334
6849 7991
6473 390
8121 8155
122 7279
8367 4519
4686 1705
3134 8714
926 5368
5586 3726
1019 6059
5045 7055
8141 4435
861 8081
6437 8489
2225 2470
4038 6179
4586 454
6590 5634
1032 7358
8896 4502
7311 4615
5238 4419
5416 1152
2153 1713
8074 299
3361 2485
5383 7285
2255 8189
3231 627
1158 3030
4360 2577
909 3132
4662 3709
1755 2527
2089 3368
5139 8621
3558 2327
5792 3186
8020 8256
1325 186
3570 343
6580 4944
2842 2301
908 8920
6355 1079
7413 1490
5970 8712
6356 3425
6533 8470
4296 4793
3508 7474
1750 4039
4690 1882
4048 4035
5671 7683
2589 5240
5665 7716
5318 7219
4746 602
4697 6911
3304 1392
4596 6325
5801 8130
6878 4131
5139 4849
8011 6956
4237 8759
2225 1668
4577 8657
4745 1769
8920 1389
6284 575
4715 3919
8652 7596
8456 7015
1545 3842
8961 8481
5118 1148
5250 4831
2876 1203
3122 7730
4020 5301
823 4769
1297 4970
8613 6007
8837 3561
2264 6392
480 2795
7958 1297
2087 3557
2847 4379
6874 1086
4513 7770
6730 1534
310 2760
1718 2755
6939 3418
1780 344
1775 899
1351 5580
6249 7147
2778 1178
2955 6470
3644 1466
8251 6049
132 195
3890 2360
1344 491
872 7827
2739 7574
4769 298
80 60
1437 4132
1976 5025
5138 5167
3242 4344
279 8032
1981 6044
5890 5224
104 6516
5008 740
1571 1130
3538 8380
3955 5833
6100 4014
2777 8047
5764 6627
5118 2094
2252 8335
2519 1721
7233 438
1747 6250
3339 3397
5726 5920
7235 3080
7784 1360
4533 3082
8904 3426
5330 7789
1766 3354
7711 8151
466 1404
3799 2377
5793 6995
7933 2731
962 7911
274 5384
3499 403
340 3633
7251 5355
5423 252
5164 2937
2377 5484
4568 1881
2717 8259
6631 8317
5903 3171
8088 7753
3426 925
3005 8752
297 8966
8665 3739
5966 3014
6123 8668
4510 8619
823 8090
6976 1411
4569 6565
8625 3392
3281 4202
8994 2729
4470 901
7525 8180
5255 3265
4684 3545
4102 5320
2387 3445
3145 8138
6358 1524
736 536
8320 5968
181 1321
2124 3364
534 6263
4531 424
7112 4552
2548 1313
132 154
344 7584
8988 1330
817 3100
7703 1406
465 5992
5929 2887
1813 172
3306 8055
5534 7938
782 4383
1628 738
795 4188
7561 8396
4890 6990
7367 1051
2890 6860
7499 6478
1496 2374
5082 2902
5173 2481
1631 1251
1189 3092
4476 2410
3116 7783
4121 4966
6527 8287
6305 299
5387 1636
2112 4784
7246 6967
4304 467
1407 1886
5128 7506
2545 6737
1040 4723
2314 609
3379 1022
3153 4882
2250 3140
445 8443
6684 7076
1513 955
6810 4357
112 4953
6491 1753
8024 1353
5768 4201
3493 7558
2696 7537
1581 8438
6895 5585
6949 2394
719 7338
7461 5749
3547 8509
8018 2031
2209 5911
7929 1025
782 3937
5357 930
5876 2896
1524 2244
6345 2460
6670 3261
1583 1748
3713 2203
2644 2656
4390 3332
4023 1712
4970 8881
6321 3673
2734 1424
6432 2895
4784 6292
4339 3907
5298 5202
3757 7770
2083 8106
4570 7706
477 4668
4081 4068
23 4799
2270 6421
4031 8244
3433 872
6394 1227
6113 7655
7730 856
1421 5274
8680 6223
7059 8601
3752 4094
6921 3269
954 5396
7893 3356
4757 1070
3932 914
6479 3909
3375 7308
248 664
1812 1719
732 3899
8551 142
2973 8426
4494 7429
3236 2997
5580 8746
2804 4784
986 7728
8798 2360
6117 4072
5679 7577
3696 6642
3977 8225
8080 6332
5270 115
1730 5794
3516 3532
209 6602
632 1201
4864 2855
2364 5287
6320 1999
4263 2614
1499 358
7809 8257
6474 4440
6958 5189
3012 8428
5218 8913
1569 7164
8449 7408
104 3727
3517 4862
294 6931
1636 4296
7188 409
1150 3928
5401 2384
1497 8771
5496 3481
5702 578
7506 5274
6419 5047
102 8378
3334 646
7924 4333
7163 810
2427 6462
358 8185
1327 8166
6711 7301
4083 8617
4383 6291
787 4933
2572 8371
196 3813
367 4369
6265 4872
1301 6649
2072 2666
3843 3740
5365 1389
48 5904
3449 3949
6693 5888
8658 1038
4792 7004
2635 2853
7475 7121
7135 1889
1874 2583
1460 1030
652 6416
5810 6856
95 6191
7695 4476
7810 4280
396 566
250 5053
6198 2970
7420 222
4921 7299
2398 522
387 5158
4103 1675
970 7882
6764 1396
1032 2720
6106 1362
8754 4846
4771 6396
35 8078
4717 6995
5589 6732
1179 6574
2538 2873
501 5044
7823 8562
6488 1856
6364 6708
4636 1444
7202 4062
881 5016
2674 1571
1328 3528
5878 8479
8243 7077
2970 7168
2107 5720
4624 7238
6341 8323
1473 1967
879 7117
581 7658
5757 8197
8882 3187
8514 4143
2621 1111
6274 6156
1041 2924
5827 4671
7015 4835
785 1106
4190 442
5862 3007
1460 4990
6733 8651
2380 3244
5835 2664
1704 3290
1676 5766
8145 5445
6010 6487
5722 5631
462 2752
617 6355
8428 6018
3869 8511
775 8618
8595 5972
2478 7763
5788 8078
473 461
2701 7071
2543 4538
2235 5367
5471 5619
2461 7437
4982 75
8572 6019
2147 7824
7121 998
7545 7772
810 5018
6858 2718
8608 1909
4219 3277
4263 8050
7400 2251
4470 4301
2419 1526
3628 81
1214 87
3664 1852
6169 7456
8864 3364
6238 8257
713 2431
7252 507
7825 8780
2631 2712
6831 202
313 1725
8631 2297
2096 823
3689 6489
1080 6637
2713 5016
8404 2898
2185 5223
6094 2518
4158 2248
519 3400
7037 2884
239 2897
4750 6256
8227 2488
2723 2949
3021 1773
3954 1976
5285 8136
7262 5435
1783 771
1099 7792
4576 8579
8158 5380
7431 593
35 7995
3770 8331
8006 484
5697 3200
917 8519
6500 7094
5114 2620
5672 5112
2028 2309
7396 2020
8545 3162
8495 3979
2852 4321
3018 6954
1919 3447
5477 8667
3676 3666
4752 4407
75 4823
6667 6417
1943 2561
2544 5143
4828 295
2530 3813
2550 2425
7699 2348
5399 6776
3957 2049
8777 4894
8638 5765
2770 6398
5022 1892
447 2038
1528 2097
1212 2082
7942 4366
3802 7856
3261 3728
3606 5864
6726 4401
3407 4796
5479 5015
8565 3251
4398 349
3749 3440
7139 7215
5440 1618
3638 3397
651 6542
6404 5593
6834 6876
2728 4059
4337 3235
5983 6668
8109 3460
5371 1522
3359 7861
5287 6878
8880 2517
8571 1553
2987 123
4483 8249
5480 7282
8195 6585
4837 5934
2158 6483
979 7342
6067 3229
3958 8844
2680 6721
6422 1597
4357 5688
7548 2984
4281 4735
1750 6471
4221 925
5682 4206
1101 3845
1874 407
2955 2070
5549 2364
568 3502
8113 1653
1621 3552
4708 7136
8476 8188
633 2672
4840 5375
2007 1231
4640 1155
2791 6286
8064 1653
6549 2723
3970 7795
5717 4277
8475 5638
7504 1329
8334 1883
3392 8040
6166 7216
5192 5426
3962 3341
4195 3213
1722 8593
5511 8474
1797 709
8430 7917
2132 8675
190 898
4142 7055
5611 6715
6826 7370
6277 3316
3551 3155
5728 3057
1875 881
2097 7883
5503 4977
3835 2900
6432 8675
7642 3764
5112 2532
8615 6054
8590 1798
8757 8221
4490 6677
2711 5674
5972 1710
8758 6049
5934 826
1071 2737
5463 51
1549 874
3977 81
5784 4646
5097 6256
1750 2039
1895 3921
1685 7884
7746 8504
2805 7658
6374 817
1674 2158
8802 3396
3994 3919
7739 1615
7513 7975
6497 2568
1493 3069
8014 2661
6593 3509
8335 8543
985 4883
1013 59
2263 6090
5104 8190
4515 3561
5890 5496
8641 3538
4831 1783
5183 119
3697 6778
6717 153
613 3212
175 6829
6694 2984
8874 4484
5584 7081
7196 6447
8342 6770
4642 5456
3980 7374
6435 1464
4150 8819
7542 5391
5371 5562
7431 6228
2433 8497
3532 3959
6515 2683
6983 6664
3883 941
4529 6045
7472 6792
3567 28
916 7025
2142 6025
5693 2093
8908 3394
4167 1332
4678 8774
3859 1969
1820 3591
5386 351
8182 4178
8592 2401
2807 911
5806 2795
4668 3842
3509 7693
671 2514
8996 5456
191 2217
4939 1755
3972 2485
1474 1733
6659 8694
884 914
3641 7473
7619 1927
7170 2670
7709 475
7363 2661
1432 3
8514 5966
258 2833
5393 7190
3467 306
85 1639
4096 3677
5144 2528
993 8434
4699 8610
3609 3924
3405 6089
2025 2113
7421 5736
2777 5931
795 2113
4553 681
4230 5878
7553 5852
7166 1407
5750 522
8364 3249
8230 2885
2199 2245
6270 6194
465 945
5574 4036
1131 1882
7458 261
8262 5385
1207 1020
3666 7485
7017 8704
3928 2595
5374 4600
2734 6429
4012 7555
3274 3248
2627 8705
6158 8645
1424 6062
6597 7328
7304 2420
3846 1309
6062 4100
1339 8815
3336 8029
1244 3294
4015 5323
2514 2341
2029 25
5748 5605
3635 5062
8248 6283
279 8068
1862 1814
4353 5739
8836 6660
1872 7317
8342 6441
2989 1224
448 8752
1782 5073
6504 3939
1905 1494
1204 3401
8625 966
4070 6451
1048 2003
3224 6342
6295 4307
2594 1206
760 6017
8163 7851
6809 8278
2968 2099
8865 5989
3591 8256
2290 4117
797 3798
2315 6324
7224 141
3071 6689
1306 4004
4404 1782
8779 1204
5846 8820
5086 68
4307 3094
3131 1247
4322 8384
5386 5228
3323 3019
3812 1545
3413 298
8387 1895
7847 8292
593 8062
2829 8431
7113 8986
7670 3247
2635 8919
1584 6100
3339 2787
6678 2003
31 3911
5672 847
3376 5802
4519 1254
3074 6211
1562 8897
4399 4953
2371 1974
3798 6614
7737 3352
1972 7319
3321 4225
4485 1156
404 2081
1659 2110
1445 3424
8831 5123
190 7595
5389 7212
253 1153
8489 5018
1247 7542
8141 6620
2430 6330
6916 3188
3530 3006
6144 4444
7032 8545
1762 4470
6171 2161
1551 2157
1239 3718
931 7131
886 8349
6475 2430
6482 7632
2727 5476
1402 8925
1110 264
4143 5321
1066 5903
4643 6001
9 911
8592 59
397 5985
6692 6130
6086 1401
4660 6810
4211 2948
960 4211
5253 5691
1111 3496
1582 3774
8910 6024
2637 5844
4409 6886
7024 3674
1437 3916
6749 5296
4388 8546
8401 3089
7652 2743
4943 348
4365 4015
8086 7284
6075 2467
7135 6825
3143 7238
1608 6716
5688 5002
2821 4117
2270 2303
7439 6140
4374 1665
1464 5037
2827 5325
1505 1842
1128 5746
3992 2167
3015 5808
7450 4308
2238 1308
8348 1460
8759 1322
2955 3510
6623 2664
5875 830
6726 5141
8602 6412
4779 2352
5692 8552
52 8937
8201 5497
1241 6916
6718 3406
1142 5904
8072 4381
5062 2034
5768 7593
2068 5685
5817 1067
7166 7117
4731 5048
8187 1061
6209 3079
7816 201
247 4453
1597 7701
1963 396
4936 1584
1486 6002
7478 8725
8844 7387
6739 2346
8210 4542
7502 6055
3523 5146
3445 5429
2599 1564
2207 6089
5862 1538
1679 147
7427 3823
4042 8408
6107 2165
6108 641
7354 8356
1603 784
6646 8905
6182 5871
5122 522
186 8222
8702 7233
7856 3048
4076 2411
7439 8986
8758 5777
8692 785
8676 8861
3779 1543
5254 610
2491 7833
4434 1940
7494 7782
4374 1419
1712 8018
704 2899
7542 1205
7007 6877
1011 6155
7612 6700
7540 8308
637 434
6380 6087
2935 8720
4663 8555
3904 3459
8599 571
8174 3436
1483 4721
3267 3945
3868 6779
3106 4303
5369 3873
1990 5066
51 5306
2633 7824
7055 5914
36 7225
5916 2260
7795 2016
4096 4235
2283 7826
1980 3106
3394 1382
6253 2748
8527 1006
7204 7486
6467 1281
5816 8252
1114 4321
4717 1213
2737 7610
3151 7701
5602 5501
7033 612
158 722
6869 5414
7806 3990
1319 4649
8407 5319
8507 6492
5226 5942
6596 5395
2840 3267
5438 7049
6826 8367
7173 5518
8630 6207
3663 1072
5822 5561
8206 2323
1035 5651
2424 6994
4158 7985
5177 6355
7625 8506
4039 2842
8249 2002
3299 1037
2463 738
7807 8805
5168 2767
6112 5243
5022 47
8404 6525
6996 4842
8706 3560
5888 3023
1432 2611
8181 1583
7176 4730
4311 8362
5330 5685
3467 1134
8121 5287
2193 5603
6989 2993
161 3507
7282 586
8926 4361
7665 2199
2552 5287
5035 8224
6218 481
3984 6103
4958 899
2645 8524
1943 1450
567 2000
7656 1693
4158 7125
7010 8248
3691 3742
1876 1896
3847 769
7827 3636
1120 8688
8863 7255
2525 3309
196 4008
8360 1892
1545 7848
6312 493
3730 7608
5073 270
4376 767
5574 6680
8879 3252
4491 5376
3594 8784
188 5650
4010 5
2056 1307
5633 4707
2556 4376
6310 7358
1781 4571
2899 7057
3577 4425
8841 7175
2818 7570
6330 1763
8985 5120
6254 4787
1940 6721
6702 6428
1516 2149
6762 4712
6985 6041
8423 7867
3589 2336
5419 2913
2018 5057
4412 3046
2659 1454
8923 1770
1022 4672
3532 3352
2779 4070
1898 7113
773 3372
8561 4787
7257 180
3208 526
4692 881
6336 3939
1705 8750
2139 7503
4027 3534
4772 4212
3102 7870
8399 159
4611 2490
3266 2640
6566 6787
3269 2528
2257 3302
2533 7745
6101 5678
4727 2032
4423 6869
6213 6690
3593 2653
4125 458
4185 7377
4606 7678
6468 7189
6617 3095
7416 7002
8431 2064
728 4086
6753 2995
4422 8276
8057 6273
3018 2236
5935 4103
6812 4032
3987 8105
4195 2420
1342 1907
3269 1160
4779 2141
4638 5563
1399 6749
5171 3153
5799 3810
6249 1918
2948 989
4513 6895
5772 5035
1948 5499
8559 1030
4118 5296
119 5372
7935 3096
6776 7729
4341 7651
7004 3858
7864 6562
4473 4776
1030 3168
8725 3458
7200 1170
6851 2839
5528 3832
7208 8065
1655 6736
4107 2418
5781 5496
2512 1215
2015 4771
1234 3075
4191 8303
3458 2568
4497 4628
6569 8383
4950 6350
4524 2704
3175 6144
5096 398
3719 8453
6313 1433
252 2912
1358 4343
8468 5956
8632 1389
5535 8678
7642 5994
452 7329
833 7351
2566 4751
8979 3907
1834 70
4916 8990
5951 5695
6943 6853
3767 1054
1842 3438
8161 5486
1424 6203
1863 2469
1702 7629
2251 6015
6567 363
5790 1225
4150 3912
7519 8664
619 1111
1567 2616
2268 218
6152 2179
8983 7346
7852 2457
52 2120
4950 3620
2935 4466
1922 3959
2934 329
2852 2893
8939 147
748 3492
4833 5967
2775 7969
5801 5478
1002 5952
3301 6183
5821 814
1840 4258
6572 2841
4660 3760
8080 5879
1647 7432
3864 1682
3868 7555
8814 669
3722 600
1687 8669
776 7460
6504 2430
8663 8962
7047 377
2934 6448
6632 676
721 2694
1950 3926
6332 7372
5279 8166
6301 3159
4877 1096
8308 1432
7051 4545
8947 8948
5020 1379
8134 517
6874 2030
826 543
4945 5016
3451 4720
3966 8261
6300 1969
6449 1858
2108 3067
3942 7594
5910 3929
3926 8003
2279 4064
988 6333
4462 6239
474 3670
8657 5229
7549 1929
8640 8521
6471 6086
985 925
8460 3468
6032 5936
4718 8665
6654 1032
6570 8430
7383 5820
2067 8340
423 3294
2032 5757
3780 8292
1449 7361
4799 3062
6704 3262
5274 4539
1567 1675
5874 2438
5777 1178
4696 6841
2419 3163
1779 3827
6878 6482
7213 1057
7869 8280
2532 3189
6500 8327
8324 6455
1004 3499
7635 943
2937 7223
1286 5503
733 5092
5777 6955
1281 7563
8032 1547
6952 2883
4681 4786
738 7797
1102 1487
6604 7582
4431 2265
5095 4230
95 6464
4144 5233
3204 6691
1097 5013
4822 258
3604 7674
5487 5830
7218 5878
7301 110
189 5765
408 742
2524 3742
8362 7409
5005 4012
6675 3289
5878 3741
3302 2739
4920 637
5349 1859
5915 3895
8843 5472
4788 709
2590 6689
6378 4176
3093 5851
1273 7501
4347 125
6920 8991
2284 6531
8189 2730
4531 1934
5649 1079
7474 4649
8392 4544
3659 2839
2136 5507
2145 6567
965 2832
3764 713
3188 6067
52 8734
8790 4963
5227 144
8344 3168
1887 6613
8656 4365
7693 2911
1784 8607
438 3209
5265 410
6119 893
7644 6954
1592 8731
3927 3319
8142 140
1318 8953
8396 909
4824 7833
4782 2268
1828 2881
8038 5883
8731 6974
5370 7696
2023 7542
1205 6553
8069 8967
8063 1037
526 6360
3142 6296
5047 8693
5660 2258
3721 8284
6278 291
3752 6130
3526 6838
1387 7673
445 683
8146 8629
5058 2575
183 6534
7371 3928
8948 1318
6719 7215
136 6111
3889 4881
5435 5103
4526 4245
4040 148
5842 2590
2607 1547
3033 5429
4997 4587
5110 6564
3358 7983
2132 5150
5140 5304
8018 6054
8626 6555
7522 5152
987 8618
780 6165
6775 7965
532 7855
472 111
1416 3088
5733 8203
1573 7055
7147 8719
7448 362
2790 8503
6355 547
7744 553
7864 1552
5920 2685
8181 937
5599 203
5215 7075
7673 1488
8745 7825
4211 1781
6981 8860
3805 5845
240 635
1303 1726
6414 5148
6906 5606
6561 6466
4057 8950
4442 7060
2500 6648
3580 399
7561 3580
1013 3426
677 6452
8467 3612
3549 7245
6491 8659
5274 4272
588 3114
8070 3734
1006 4275
7114 2933
521 7558
646 1273
3550 4717
7500 3747
5560 3124
5267 4034
3043 4969
7331 1506
1477 6826
8115 2340
7863 7145
7552 2771
2841 6408
6624 1032
5653 2927
6544 132
1393 7854
2135 6475
6138 8872
4230 7885
6080 7293
8695 4288
7272 1866
3888 2499
3100 8249
5848 1289
1000 4857
8832 4983
2699 385
7957 772
2367 36
8715 2899
3481 3182
4495 7657
3309 6700
3218 2836
3066 3833
679 8427
8800 4169
3017 6784
1299 2183
6091 8661
4528 7375
6026 6040
5614 6518
2503 495
6288 7667
6681 8162
2315 1763
3161 7035
3638 1284
610 2919
5058 7272
5336 8564
7080 2949
5920 4417
3369 214
2693 7956
52 6923
5371 1502
2361 2327
3039 4836
6225 3141
8527 1063
2454 3889
4182 7107
6421 6967
8582 8159
3784 2544
1722 6529
2838 3063
6225 8937
5163 7519
7405 1798
6467 2675
2040 4727
6813 2105
3514 255
3055 3132
2318 6240
5874 3881
7541 7412
3891 4474
4576 5264
8795 5806
863 146
7223 1471
7286 927
2477 3549
6283 5491
6716 4988
1823 3656
6767 5955
8132 3533
4471 7170
2869 5618
5734 3225
445 3797
4612 8119
6248 8148
1188 7316
8773 4715
1860 3385
5856 5177
7508 6924
1638 4588
2512 7319
3094 2085
4969 8061
7978 6947
3145 2107
2690 3142
7772 2348
6277 5512
3259 7290
6568 3497
6672 1239
1935 3074
6351 400
9000 1657
1426 4758
7205 8129
6962 3532
307 6215
356 352
8798 676
3961 2724
2985 1594
4408 4471
5606 3442
1690 4407
6358 5416
6651 2966
1260 689
4021 2586
2715 7829
6185 6441
1964 6963
6179 5917
4549 185
8210 8632
4365 2622
6944 1691
4809 622
8413 1294
6832 4225
6777 5512
1335 2450
1882 710
494 3398
6466 273
935 4408
2804 6175
4615 5861
5638 2579
5331 1233
2486 5303
2987 7506
4939 6793
5703 2743
6055 7290
799 8480
6664 2226
1522 6735
7526 6898
7303 2668
3139 636
5052 677
7888 8120
7314 2598
5574 6306
6697 8468
5313 5272
5759 67
2580 5589
1923 4718
7960 1599
6010 2848
5444 7199
8739 3049
8346 578
1877 1166
4510 6712
5199 3644
8193 4270
7079 2432
4728 3344
477 6986
6298 657
4973 6416
902 1253
3400 4667
7664 7526
8376 2423
5009 2376
8438 8
7065 5206
336 8930
2287 3027
1550 8117
235 3662
5305 7000
3879 8810
3195 7984
226 6815
3760 956
5161 2980
7234 4441
5189 4097
143 6550
1424 2452
1968 286
8937 4779
7543 1296
8353 974
6402 6312
6286 2163
6525 1006
6169 1180
8704 3778
4092 8670
2471 3629
895 514
6897 311
1323 6157
8647 203
8661 3815
2387 3414
4298 329
845 4241
1065 871
3072 6472
7245 5776
7585 5825
1879 5148
4923 6853
3786 2503
1592 1646
6802 5956
6644 2730
7076 1093
4620 3491
5619 411
1711 7819
2485 4674
2911 7037
1029 4051
2588 678
837 130
4312 1268
6323 1480
2855 3964
110 5749
7841 6794
3197 2052
4537 1698
7469 6593
2233 3200
5385 5615
1598 315
2148 4317
423 2080
1232 3788
8028 2958
8070 8291
6523 1513
7049 7585
3569 2807
3701 8201
8083 2022
823 1516
3452 5344
7940 7718
7953 8823
4028 865
1740 2645
7458 1547
5883 2021
4117 496
900 629
2310 6733
1406 4640
7334 2549
8767 5273
4123 5435
8177 8560
7750 1922
2363 8102
6869 328
8564 5911
2700 5069
4059 2285
5047 5510
4578 7266
8493 4395
432 5868
5045 7875
5263 7134
4225 3297
4972 8981
291 7579
1477 8921
790 3990
5947 7759
5158 3444
6704 4623
2785 7279
7216 2269
1203 2855
6882 396
7758 6813
3126 7184
7153 1732
4285 1357
4953 526
8303 3492
3392 7205
5058 8142
594 2296
5198 6810
5791 6680
6416 1803
7721 1431
1078 1113
5635 2625
2236 1835
2576 8034
8450 2653
7493 8401
2364 8967
619 1668
6283 7811
5091 5349
891 4536
6365 3940
375 8054
7377 3557
2553 8213
975 510
2135 18
2561 459
352 7914
3366 8354
2842 4511
7712 8813
3952 6637
3413 8244
3576 3514
177 4185
5137 1773
1770 524
6451 4408
4403 4876
1402 2891
8995 7310
6079 4515
8150 5191
2018 8261
2096 2866
92 6059
2520 4920
1882 8261
537 7797
2919 6155
439 2764
777 7689
6335 2901
1555 3372
1300 3576
4504 5642
1461 1818
6305 1416
6024 501
3614 7249
7627 761
5261 8962
5445 4379
4599 6121
5053 4078
7847 496
5179 5981
2421 1424
84 1840
4001 8602
8119 4594
7326 7554
1414 4338
5674 3751
2411 4402
1550 3293
1158 4475
7217 6133
3733 7296
8975 7423
3886 8288
1 7548
249 4268
4223 8236
6291 6020
4135 7360
5167 8380
6171 4755
3107 2981
1415 2068
6003 12
3193 3501
7451 6869
3668 5471
811 7519
5185 1078
2238 7406
5068 8395
5664 7206
2075 264
7239 1071
402 8221
1839 2090
8780 7326
5286 6300
2956 4382
19 6730
6498 7383
2238 771
6263 2907
6692 1972
6482 2054
2981 3475
5785 5013
6726 916
5174 4661
1511 4301
8436 8514
6155 6925
5585 2555
6120 3794
8137 8533
1005 6548
574 743
5295 2788
2727 3451
7068 8696
5871 5079
4382 7165
769 3301
4716 3852
4915 1324
7186 3172
6948 6321
8855 437
7872 8927
4284 5873
2383 7611
5539 6705
1548 42
4335 2594
8603 3874
6398 5016
421 5275
5256 7817
1513 8244
4158 859
620 5597
4203 8134
1175 1036
1137 3982
5454 8842
4736 8852
6129 283
645 2469
2537 4438
2457 3823
7183 3077
79 4528
4408 1282
5973 4990
7881 2863
1179 3877
3586 1565
1278 828
2802 5889
6752 804
7137 7198
5139 2208
7274 6940
6813 5044
3910 1221
8214 6146
5990 8113
8554 8172
4519 3734
5685 2064
7089 1563
1862 3425
7900 4153
3236 1930
5736 4215
7038 5355
7907 6644
3223 8153
6470 6467
2883 2284
5216 5806
4829 8710
8473 3130
3462 626
6192 5860
6712 7520
6105 2536
7975 378
8107 7004
237 1463
4432 2955
564 6090
1222 5617
4636 5127
6148 2951
7105 751
5584 2093
4338 8536
4203 8580
556 1555
8309 6911
4501 6218
8935 4189
7417 5084
8074 3862
6496 212
517 7398
1791 8970
2988 624
5513 3114
2993 6009
5494 5538
6198 3276
200 5901
1524 3223
5452 8527
3684 5155
4764 184
3620 1494
2718 1242
3953 7770
6597 2978
527 7777
2341 2547
1960 6721
7390 1575
576 4994
3961 6912
5769 2031
4093 1015
4338 8582
7723 1708
2770 6080
4120 1673
4848 6243
4742 5117
5650 3971
6998 2296
5335 8348
7006 3843
8741 6125
212 3167
4221 7628
8321 5287
7262 793
3329 3089
1948 2438
335 5330
7383 3042
2823 8223
6027 5248
7575 2987
342 3129
4213 2741
1004 4641
364 2313
1946 4462
8930 7448
3198 2195
1117 4383
3139 2751
7327 1147
1887 1680
3222 7794
6781 2770
4071 4877
2558 2125
733 3813
65 908
4503 4092
2902 592
5708 2820
323 6743
3019 3360
6142 4469
4771 350
5279 6987
761 8846
7809 3027
427 6746
761 8528
223 6456
7192 6907
4663 2993
6972 6497
926 8769
4430 7298
5056 1115
3206 3856
3417 8838
4958 3465
874 7872
3111 1236
1631 588
8994 3844
2134 6622
5202 5568
4601 3844
8586 4469
6448 3142
7917 727
5611 4730
1280 8788
5022 2406
4082 1101
2672 2466
927 1970
885 494
8629 7528
172 2410
7168 4137
3901 6285
2908 8663
5054 6398
8893 426
7114 3276
8625 7282
8202 5445
8297 8997
6983 2534
1759 8669
3995 1377
103 2366
5799 363
6576 235
8279 1053
175 4482
8894 7042
967 6548
1542 4505
5683 3359
4960 6267
4216 3395
2815 7285
5471 6145
4926 5654
1669 6033
8826 6407
2713 913
5421 3105
579 7962
1253 1307
7637 733
842 1442
7526 4721
6158 4588
3190 2789
3908 5359
8033 6563
3104 729
8300 7912
6678 1209
7707 3179
324 2926
3815 4123
369 2168
8620 2455
3459 8091
4953 2936
5442 5469
2275 2831
5095 308
374 2869
5034 8109
5007 4442
1141 8691
7389 7981
3151 8170
8690 8067
6143 1253
7036 2284
6752 1697
7084 601
5139 4798
5545 4552
7994 4119
7652 584
8053 5401
1691 1856
5635 905
2856 5031
301 1867
3022 101
8045 7569
3694 3726
1686 6936
51 6242
371 7137
6162 1797
2561 240
5850 285
6329 60
5316 4309
937 8638
8605 3079
1100 1208
2740 5302
5712 7786
2217 3893
6894 7233
8743 1723
8063 3681
6587 3616
2619 7631
7436 8097
6621 3387
1105 487
8010 989
2260 7708
42 4734
8793 7643
2744 663
4834 7448
971 1658
7977 1573
3672 8633
2535 5965
223 7829
5715 6450
3311 6281
308 5117
7217 2057
4167 7378
4672 3079
5847 3691
8311 824
3700 1170
8610 2838
2371 4621
4053 3707
8578 61
2057 8384
1814 8457
6887 6330
1464 4343
5563 5314
2754 5408
5036 7745
7759 4273
5310 4439
5195 8081
3010 5157
3685 8365
8521 5182
1602 3570
4208 4998
605 1516
3674 3343
1730 7933
41 3340
8973 2234
5645 1638
2915 8742
8317 5108
1586 14
7589 1318
1650 8382
5541 5244
3184 3609
4198 7567
1275 1784
1220 5439
3688 8166
1947 8881
6170 7436
4457 5696
4170 2063
1875 8798
6024 1261
8977 3836
4355 7406
8220 3903
8245 6990
2406 910
3731 5177
1419 269
8778 2596
5416 7779
1515 2935
3560 4810
1431 6018
8600 6250
3002 3312
468 6976
4408 8470
7114 3507
1946 2366
868 4663
5543 6543
18 3562
8872 7668
1216 1066
179 31
3352 8449
3195 897
1566 5061
6420 8147
6138 5092
6277 2875
853 4182
6039 7439
8310 8829
1798 7447
310 5856
4078 7155
6820 1037
2741 5015
1536 4942
1380 5671
5829 2823
396 4614
8111 8650
4965 1462
6988 4415
8205 8279
358 8155
1022 4523
8185 5166
8263 439
4601 7317
8402 1454
8652 988
7260 8616
834 3763
2028 7868
1586 1711
8560 5374
175 8
5558 7023
3529 156
6809 1597
2867 7245
6511 8797
7638 6094
4177 1155
2108 1779
1832 8253
6330 1789
7781 315
1917 3291
6609 8173
729 190
864 2398
1186 1121
8328 5337
2975 3090
8782 8726
4744 4565
2260 5051
2667 6354
5701 982
2811 8160
8230 4917
1765 4638
8787 5872
7101 8605
2931 226
6730 1624
4755 739
1086 6691
3533 6607
5394 1494
6836 3284
6364 2210
867 4404
2573 275
4544 8491
2397 3210
1330 3224
6594 3019
1574 6242
8479 2881
7702 6944
2352 5667
1985 7137
2253 391
8790 3602
7645 5250
8143 8054
4675 5135
7504 2340
8699 5580
4935 5154
8432 8257
560 1833
2764 6912
1284 913
7296 92
8578 1997
2834 2204
2536 2334
4428 6119
4937 5624
6266 7589
2498 4970
3059 1247
2172 3911
2155 8279
1768 6052
1480 8484
2439 44
8335 664
7083 3436
4289 4136
1979 4786
2490 3605
8418 1549
7505 2458
5383 1716
7981 7132
8736 3872
3788 6160
1416 7474
6216 160
661 5913
8229 1399
8531 7528
4216 5
663 69
3798 897
1401 6385
7903 6050
4665 3011
71 2878
2954 6126
5690 5791
103 1023
90 6249
2520 4774
7420 6306
521 4311
5820 6259
4343 6433
432 4722
7360 5761
8702 550
2199 2158
6323 6916
69 5757
3950 5685
6683 3513
114 6934
4932 3818
851 7763
3900 8222
3880 1207
4552 2647
6096 8638
2844 2665
2796 6274
8420 8483
7219 2295
2081 7706
1751 1318
1837 220
8124 1305
6372 1337
8556 969
2878 4829
5774 2202
6748 7716
8522 7019
2511 8340
5538 1618
8582 7220
5128 8323
8994 1098
7885 2131
3859 8678
2201 3998
618 1647
2119 4514
2636 5245
659 4109
223 7390
2236 335
5055 4934
8933 3781
1104 1672
300 4622
8341 1416
3657 781
6772 1274
7730 7271
7026 5991
7097 6109
3061 5937
4115 7620
4939 7028
4714 7415
6596 7930
2435 1342
2136 3009
2717 2363
4450 6228
8647 2536
4899 225
8749 7306
147 6087
568 2200
4976 1360
8063 7212
4087 968
5056 4918
8413 1019
7869 6958
8904 3173
3684 7009
1491 62
3019 4057
612 2171
5598 4596
8594 8603
8738 2241
2817 1845
4643 4649
2479 8023
7258 6417
3668 8569
2422 3051
7210 7248
1206 8475
5793 1281
7853 844
5018 1800
8924 2697
4787 4696
6171 4942
6674 126
7943 2094
4635 2620
1275 6813
6279 7974
5501 5436
2634 3813
3900 3978
615 8536
8453 1536
1092 6146
321 959
820 4310
5867 1294
1367 4561
8269 6794
6811 2174
1362 5337
1937 4573
916 2141
558 5791
8196 780
6080 6743
6978 7270
6861 4663
1523 1851
3937 6847
4661 4202
7396 3639
8456 1622
4851 2527
7957 4022
5782 3163
5639 7501
6650 6538
8345 8229
5151 302
5281 3660
2071 5416
1136 5979
6840 3515
866 11
652 6577
5721 7471
2225 4890
4828 8828
2120 4671
8504 3782
793 1363
8595 210
4819 5225
2370 8159
2987 1861
1034 703
1432 3026
1185 1716
3927 6464
1025 1644
968 6847
8896 5282
4081 1964
4110 6514
4010 428
1612 5632
2983 1063
7658 7548
5226 2830
5293 8629
5368 169
4489 8383
3879 3464
1409 5991
8230 5953
4899 2326
5925 2998
5140 5232
1338 6591
4270 3294
5449 5816
493 4592
7541 2295
4052 6100
8050 1282
2656 5983
8319 2863
1650 2261
3754 2239
4234 4693
1585 5987
3446 1731
1218 5037
1955 3172
3775 2119
8766 6988
7680 922
98 8903
6778 2137
4170 8466
696 5136
6345 2125
5022 5332
6532 8561
69 6184
7797 6346
1376 3058
894 3678
6457 3845
8017 1969
5246 1092
8731 7131
1621 8479
4238 3768
6343 2356
7858 5048
8607 5459
5418 3298
8123 6713
5500 6109
3089 8166
967 259
8130 99
1102 4073
7289 770
6809 2387
1325 6322
3859 331
6986 8221
463 7559
4303 6080
4198 1890
2795 7709
6523 7260
3456 2660
2552 4621
4913 2349
3287 287
3655 8022
3658 6343
2190 7557
8782 339
5203 946
95 3511
3418 7885
821 7207
1506 7946
1407 6428
2159 2859
4782 2410
7245 2519
5756 3933
2669 393
8370 5752
1587 1560
7945 6090
1873 4184
4269 6923
1164 1244
5970 1035
1675 2669
7122 1613
3042 3674
1780 2606
8217 1737
2591 8818
5416 3314
1853 3034
3649 5252
5424 5959
1668 8413
5265 7198
10 7398
2957 1124
4505 481
4207 2020
6455 8031
7909 3607
7063 8808
5091 1811
2431 4989
529 6814
5978 3675
895 2289
8356 6625
6820 4422
2480 972
7406 4547
7780 2621
1157 4380
8597 2612
3448 4515
1974 4847
7750 8738
1009 7012
6881 2113
2421 3831
6522 398
3920 1326
1128 7685
8395 2804
5875 8554
7422 6863
4771 661
8749 6206
5985 5088
4976 4837
3518 2903
2257 5634
8124 3681
4479 7510
6122 3145
3198 2656
1227 6201
8518 948
4317 4113
7691 2714
8497 3257
7839 7814
6718 4791
557 5459
3469 7445
3948 489
6531 8050
556 5813
7904 1805
4100 7809
5750 4360
7829 6058
2539 459
144 8719
1834 8843
926 743
8819 4463
4374 484
567 5101
1488 5817
8313 5415
377 5210
8601 8652
5712 6290
2869 2825
148 6166
3590 8906
8651 3275
6398 5307
3995 5332
1768 1466
2738 2336
3713 6986
4449 8162
6743 5700
3955 8330
8742 1221
4061 4316
3914 7321
2637 6142
3208 3307
4642 8982
3483 5385
8790 102
851 5786
722 2911
8913 2865
1939 7015
2673 1446
7869 8212
4470 8473
2362 5564
3723 5714
8793 3728
3857 5082
5836 8009
6725 1964
6750 5182
5803 1738
2007 1260
2568 2948
8362 5670
8454 4864
1141 323
6431 4956
3996 2128
2348 3205
7206 1100
549 3000
3620 7980
6480 4179
4054 4460
8408 459
5759 7542
8479 5830
8651 3441
4265 20
1970 8013
3406 7332
3532 4183
3040 4786
1805 506
3391 3293
2975 3128
2639 3147
6208 5575
2618 5960
6253 8967
3573 8151
1262 4310
3442 4299
8319 321
6398 2835
126 8847
8093 6119
7576 8409
3903 4251
3894 2796
1297 8147
5087 3936
2997 7666
7005 4042
821 2906
3222 4185
7145 7462
4848 688
4240 1884
7331 27
2822 6206
7173 1737
2033 3058
2069 7863
5554 7826
8706 8314
4901 8324
3813 5906
2327 8211
3627 442
7166 8469
2383 3061
5772 4687
616 8205
2765 8596
8787 4942
6390 1030
3556 2600
5076 4031
3916 2566
8418 6584
5061 5829
7096 4044
7172 3664
3010 542
1630 1987
1224 4678
7814 6911
7023 4211
5911 7091
932 1262
4422 6422
5444 4685
4426 3855
8584 4868
7595 687
3619 3608
3621 3343
6007 5133
1543 2370
308 2482
7776 7272
954 4024
2485 5342
8238 5500
6233 4102
6669 6439
5621 5988
2040 2673
4254 6515
7246 8629
1271 3807
8068 445
4919 1436
6665 4908
2938 3250
889 8381
1491 3215
5783 2093
2624 455
6349 6299
6158 5584
2372 3871
8356 5864
5683 7541
2804 7113
218 2480
6784 7225
7056 6354
1040 5582
4809 283
2784 8329
3888 7371
6992 4919
8734 1390
6708 1338
4710 150
3016 8482
2351 4094
3684 8972
1188 7115
4393 7932
3589 4918
3457 5903
6750 3532
4490 182
832 7305
8335 6672
4456 5497
3296 8138
8181 5188
4273 1100
7081 8914
7392 5766
3459 3342
5951 3190
5967 2325
4346 5216
6601 6098
2777 5605
3329 7256
5315 2663
8927 5896
8787 6057
4392 6134
5455 3285
4272 3251
5880 8761
5097 7944
541 7292
5624 1176
7111 6465
7795 116
578 8352
936 8693
2068 667
1934 3127
3918 5219
5740 547
3368 8634
7315 3473
3581 797
1301 6554
7653 783
2700 5675
8327 4194
6454 879
1679 5080
4789 437
3369 961
236 1906
11 3768
4653 7523
2834 8832
3636 8958
6304 4023
2770 6320
6220 4128
4873 7800
3518 8226
2953 7806
6674 4632
2338 5408
8525 1934
2101 11
528 5849
7646 3788
3087 6438
8786 8671
7535 2205
5298 2615
4441 8705
8741 3183
4198 5841
2299 6665
1138 73
5463 6229
6788 6130
7130 6789
3748 1330
8304 5847
7431 8968
2953 8214
7746 4849
2308 1951
4032 2884
4957 5804
2260 944
2616 7856
4619 5044
5812 6112
1497 3651
2729 5402
8775 2372
3650 3147
1441 2708
1566 2077
5625 8173
1453 5160
4034 7182
4540 4062
528 4526
7072 3701
2710 4053
1683 4425
4770 5403
5645 7752
5980 7116
8975 7
7679 4986
6366 2413
1150 8283
3700 7896
4464 7224
8054 3269
5015 1338
6425 8751
1318 1664
4949 6849
2332 3497
5864 196
8733 8918
8435 2365
3966 52
1275 4817
1324 7740
3282 7981
5258 1344
5733 3955
2927 7535
1803 6595
1598 6241
8228 2910
2701 5301
6575 1979
3052 5979
2261 6750
2251 1228
171 4894
4430 1656
2109 7308
1536 1913
2760 2677
4897 2878
2386 5366
2841 2588
6014 2701
382 422
796 2388
6945 4604
8155 1281
6181 7937
874 3448
5180 6791
706 6580
5975 5006
5098 2719
3422 6215
6493 5211
1842 652
3082 3170
3892 3902
2252 3075
8077 1274
4214 2776
7994 8361
2207 4011
3085 254
1302 2898
8437 3789
7509 1132
1569 4655
8678 4184
7923 8202
5084 7135
5291 8933
1245 8711
4982 5253
3050 6263
6526 8302
690 8558
3933 2098
2015 1160
7026 6139
368 8023
3620 2321
2523 7299
4084 8409
6152 1063
8984 4311
657 7680
8280 820
1266 7790
3803 6269
781 2115
8562 6717
2559 8010
4753 1925
7075 7954
4777 5266
76 3423
6046 4915
7377 3390
1709 5982
3919 6347
2326 3933
3626 485
7833 2529
5971 6649
5775 4442
2163 5026
4086 8908
7865 1623
5116 6876
2406 758
1186 3019
3743 7180
4512 7340
8971 1387
753 6030
6505 8015
8285 4564
7064 6730
2603 1220
4419 5153
8284 4199
7332 1689
1005 4292
2131 1405
3611 5119
1123 1237
4990 1961
2643 157
4032 7315
1375 5487
2082 1471
8592 2177
1718 862
444 3645
2340 1242
2914 4051
6930 7404
8776 6588
2856 4052
3804 5335
7623 8896
8356 6544
1984 8762
3334 727
7808 394
6393 3846
7581 1276
2775 657
3991 1503
8410 4075
8827 4652
7046 2057
1587 6138
8289 4112
423 4924
7032 4383
2144 1550
658 2585
8665 7354
4641 2351
387 1612
1988 6268
1643 3205
1703 6596
281 147
581 8994
4868 3772
8121 5911
5130 71
4292 6187
7758 8339
1084 8907
948 6537
3096 3238
5068 7868
4839 1472
2977 7040
2725 4438
7581 4010
3852 2778
4377 6600
4024 6123
3936 7933
8669 7896
2487 1189
8468 589
310 2286
5753 2153
625 4143
8690 5098
6548 6475
672 1558
4763 6942
169 3543
3569 2304
56 3714
5738 3131
7012 7817
5513 995
680 1326
2244 4720
1841 1981
4483 5732
3770 7194
3172 2370
7904 4448
4031 1810
87 5428
5462 2504
4409 1176
1213 7730
7359 7295
5791 8847
2093 1038
4113 1627
1200 3648
4231 7513
7297 4366
6447 6836
4956 1208
6978 255
5661 5912
4600 1316
7984 8337
2405 3617
5459 1195
3841 3033
4293 3316
4584 4534
12 8076
1071 3840
58 4440
5313 7562
1093 6477
5573 5762
8845 760
7204 4623
5401 5311
8784 8753
4405 6345
4606 8356
5786 2885
3988 4413
3797 5206
1898 8435
1731 8949
7856 5559
3944 2281
5082 2768
3589 6854
3527 1736
1424 5815
6461 8817
4861 776
2080 109
1531 4783
5791 3221
451 8670
3741 2042
5377 7382
3861 2613
8568 7272
7626 659
3130 1166
7112 8577
7768 8585
7774 1684
3514 6888
5899 6450
356 6215
8227 3878
3483 6452
7813 4151
3207 3069
1188 3411
7828 6443
6787 3206
3761 6368
871 6659
104 2938
1535 2298
2239 7506
6758 934
1900 498
7372 5118
8280 2939
4739 8251
6467 1405
2352 6378
7772 6344
5519 4513
2957 4710
5737 6907
6065 590
3040 7530
1946 3356
4317 3738
281 1941
505 6837
6302 5488
6310 4683
3467 5842
1425 4038
7202 3982
6013 8492
8414 3976
1694 7838
5146 5502
8678 1046
7876 3459
3364 4205
3606 3407
2574 2584
2950 840
5670 1570
4610 8041
2692 3799
645 6425
2643 67
2656 3016
206 3720
7144 4368
3053 4596
5749 4519
3582 1288
1061 5481
7830 8386
4088 8529
2122 832
371 775
6262 4749
5234 679
53 6705
7672 6489
7825 7473
5539 5752
1623 185
687 5708
2804 8029
3220 232
3103 6541
6433 4602
2241 2214
355 5741
3816 1644
1661 7537
7707 8136
289 3464
6948 3058
5345 2916
1613 5760
2373 8461
3255 3988
3987 1155
7306 3322
630 4250
5739 1662
4932 3351
1328 6036
7404 5164
7539 2823
1336 7109
2861 4605
7043 1079
7695 7134
661 4499
8540 8429
5284 4496
8067 8044
8656 8072
1741 8020
5321 2129
7998 4375
6052 5765
5441 6739
4196 2839
862 2449
4687 3346
6970 397
2150 261
2919 1372
2829 6431
3533 7326
218 8032
5393 7313
3143 5177
4497 3915
5231 4671
3372 2281
3152 4341
7238 1293
7873 7309
7841 8203
5153 6482
2511 3719
8004 2872
4995 921
7304 7037
7241 5731
1682 4829
5545 4858
7303 3354
2329 4902
7655 7988
2284 3129
1845 2685
3910 7022
5937 6688
6559 46
4759 6587
1718 4776
5041 6532
5879 716
5619 5098
3150 2726
5202 8487
5309 3340
845 4680
4524 5834
3310 5079
1219 2353
8913 377
3907 7678
4217 4049
2251 3849
3943 8095
6646 3544
4449 511
6861 3436
3485 1540
2088 6296
8183 2584
5741 479
734 635
7908 1068
5865 8362
3131 706
6016 1769
4290 3921
5965 407
1813 2819
5535 2917
8004 1097
3103 966
7153 2389
6052 4039
7762 4576
4186 1273
6711 1497
7254 3205
999 5789
3892 8610
8633 4199
8387 559
8874 781
6290 3505
4245 7265
7250 6543
4364 368
3890 1761
8732 4637
6094 2880
2924 8262
4519 5078
8260 3165
2821 408
4860 3278
3824 5603
5421 4602
314 6661
3729 1966
4967 2304
6576 5914
3360 2663
8837 950
3441 5812
5514 4971
8624 2593
8458 8594
373 8428
7563 7216
4366 5980
7915 3434
8682 2539
84 2455
3040 6018
6088 3044
3013 3289
7832 4775
5831 9000
5318 5604
5317 318
2436 5308
1592 5578
8113 2197
3042 816
4103 1424
4935 1023
5901 6124
7200 7177
5181 2367
1296 1015
4732 4662
5407 4198
3164 8010
2995 1267
633 8589
5935 577
6395 7368
4079 7713
2935 8639
7839 7139
4145 705
1409 8634
4659 8133
3395 3859
7852 522
7735 4572
911 4047
6937 8776
2239 3735
707 1495
7174 87
8342 3772
6405 8488
4039 6465
287 5790
7832 7076
8685 3313
454 5089
1124 4644
1184 8458
8084 2627
922 2487
2485 3443
7387 1463
315 3621
4153 1249
8466 5801
1952 4037
6873 5955
6808 5255
3767 3845
1066 2056
2307 3030
2842 762
6981 1166
1651 2024
4560 2412
3114 8137
313 7049
2808 313
7588 442
6731 6572
4721 120
8319 4398
7204 4655
2019 6338
8483 1753
1720 6306
2542 5293
1369 8194
2789 177
647 7373
5195 1707
815 4594
6120 7170
5653 1317
3927 2377
8704 4400
7618 2086
3195 6453
3195 126
7268 3329
845 5183
5014 8231
7826 6835
6864 2448
3210 5913
8129 2369
8572 7505
7416 4724
2911 398
3736 3897
1566 7987
3477 4329
8890 4096
6095 7245
738 5825
4722 6077
8838 5441
5522 3161
8288 760
4218 1175
2506 8966
5975 4535
1224 1342
8260 1328
744 6397
2627 4005
6339 3272
5248 878
3065 8656
3280 8263
826 2925
6303 7426
5218 5778
3513 2604
8763 5410
7954 475
5812 558
98 5324
8283 7766
5969 960
6909 1973
7076 8140
4314 8869
8461 4550
3285 2244
4125 3013
428 1750
6629 2094
5271 5609
7384 2515
1121 320
5779 7379
5602 1950
2943 8112
4891 5399
6258 859
1305 6319
7606 4602
3188 4806
7156 2121
169 1592
8549 395
8575 7669
1305 368
408 1687
8850 5691
1260 8247
7730 7419
13 86
1142 3419
8680 3519
1434 7164
3191 4616
2443 3060
5668 1591
1515 4772
3488 3495
97 4794
2298 8159
4331 149
7711 8521
4160 3458
4251 6945
5392 1589
2510 8769
1342 8862
6311 5950
2467 4905
3668 5720
3314 1778
5282 7012
1477 3173
845 8273
1070 2655
497 7218
1080 8506
1249 3721
3557 5819
915 6890
559 6020
531 8752
5409 2109
6685 7511
7530 913
5693 6669
8334 7531
4483 546
6059 4547
5158 4369
719 3990
8792 5309
6267 4436
2489 1442
5486 1851
1462 8476
2510 4770
7477 5620
421 6114
4866 8579
3127 7344
6453 8926
5956 2910
3700 6436
1607 6163
2159 2043
1022 3716
4197 2600
5825 1254
8599 5232
6379 5430
2522 4758
5107 6310
2327 2092
3305 2548
5334 5756
7719 6525
117 7718
2911 8854
956 6702
8586 5979
6090 2756
3929 6881
2055 3263
4262 2256
6217 6230
8217 2442
876 5413
7703 3707
3426 6819
4908 8236
4655 3172
5115 2005
4557 1319
4221 464
2436 4545
1557 3000
7148 2432
8646 7232
6758 6996
2056 86
5271 1529
7396 1230
1821 1427
4831 8505
4914 1401
2666 4645
7420 3665
6632 241
3175 2890
603 8104
1384 4993
792 7163
5448 4911
2123 5685
8671 1969
763 2518
2251 691
1535 7019
699 1437
5942 7722
465 3101
8056 1718
2799 4994
7112 7692
1770 7258
800 118
712 3153
6207 4410
2884 1801
2212 5947
7288 7829
3281 5579
1884 1274
5608 2682
2614 7701
4041 4559
6109 2774
8713 146
2535 2484
7862 1063
3063 5485
1774 7669
2868 1245
1860 7063
2219 2815
911 3429
2312 8569
8590 4402
2054 2061
7070 2047
2883 4146
1774 4846
1294 1620
5822 2539
250 5750
2209 1231
416 8946
5869 5653
2100 1667
2324 3351
2407 2310
5167 3856
1885 3744
34 4137
8472 7475
2170 3575
6439 5050
4652 5934
1020 7135
4367 3566
584 2467
1088 7787
8769 796
4629 3305
184 1513
7185 7075
4510 360
3289 8289
2933 4697
7546 3001
2025 3182
5910 1077
6203 3980
3336 3667
3032 5344
6538 2591
2865 5823
7603 6690
3552 8364
3259 5877
4441 8683
1756 2017
8288 8964
170 8690
6299 5272
5934 7888
716 667
36 5997
2079 2484
5941 2282
5903 8339
6084 8961
7244 5299
6652 6483
918 97
479 6091
5066 8881
227 8064
6706 3164
6613 5709
1061 6165
6732 3091
8615 7825
8538 6414
2816 6870
8352 378
7335 6953
3987 4271
8655 3689
5879 5646
5085 5245
2463 3971
7137 8235
4953 7601
4688 3155
8711 8713
7356 2212
271 1234
499 6955
2896 566
2429 8731
4286 5987
1917 1361
4423 1510
4032 6994
5516 2003
6199 7390
5763 7679
8727 3305
8698 449
7091 1450
2736 214
2679 2857
7267 8751
57 6998
1351 4780
5464 4094
8034 761
8536 546
1564 261
1716 7330
8260 5081
6738 7920
7853 165
3123 2794
4229 5051
5696 8207
7960 8097
4039 842
1670 1507
6614 5095
5366 3771
1355 3691
7419 8908
2569 8788
4525 3141
1459 7868
8150 122
5503 160
2097 6320
5203 2486
2712 7280
4592 510
2627 2507
8358 6038
2532 4932
7814 1864
1362 6819
5202 6581
1217 4669
2534 4966
6033 1272
48 8755
8942 5823
5550 8179
4689 1457
771 3543
6319 1461
2827 7303
2822 5024
7156 4395
6550 8535
7929 2357
6235 5222
2923 7384
6164 2658
2307 181
5143 8277
8812 8912
8468 2492
1638 7743
4391 5249
4813 2418
5627 1451
3337 8795
2653 7902
20 720
7827 2429
6444 444
3264 8986
4634 6384
3150 930
5945 2635
6207 848
2356 7251
8807 2952
4942 1824
4875 416
2171 5607
7798 3050
692 342
1587 4820
1605 1844
426 915
8945 4657
801 862
5127 7263
3093 7956
4623 3013
1801 7927
6098 4714
4490 8548
2726 3933
6041 4453
5092 6846
2573 7610
8533 5745
8659 5513
5520 7873
4749 220
1921 346
4195 6184
6941 5381
7743 6319
8283 4328
3803 591
8987 55
1575 5071
6812 3853
7432 520
3615 1842
7792 3555
6255 833
4977 1024
8625 8270
8510 8516
2470 8290
8353 3600
8428 1356
484 556
1863 1915
3959 5454
5810 2318
900 4870
6770 4308
8066 8239
8829 1221
118 3907
6539 6788
556 7996
173 1994
7249 1599
7699 5243
5263 1629
90 2602
5421 3553
2909 4701
1568 7609
2639 8834
6280 6764
5713 7595
990 6754
7474 5504
1483 8821
2277 8184
6972 1311
3185 644
8105 3041
2085 6414
6224 6998
5066 7774
6805 2463
6034 4795
501 4105
6478 2205
6291 1226
4722 3699
1989 4539
4833 1525
1748 4329
3642 6803
3952 2094
7031 4026
8434 4741
4018 6362
614 1516
8092 5769
3939 6804
8860 1601
2713 166
6333 2005
7906 63
7962 5256
8722 1008
6696 398
5035 4874
8442 5134
1757 1257
2603 5227
2908 336
6943 7609
7466 4657
6857 3756
1651 913
4274 1446
1901 1008
2563 4472
5718 1125
958 418
2276 8743
7899 6720
8070 6319
2679 4749
423 5071
3848 3083
8216 546
8357 5490
5904 4754
3992 6225
8406 3103
1959 1462
7212 8803
4608 4590
3128 6291
7810 1809
2233 4105
2218 7317
8363 7998
3276 1486
8720 8025
277 6415
8448 3811
5217 6709
8293 4395
1419 5150
5024 6702
3560 4627
8208 8075
6638 3466
7443 6734
7882 93
3281 5610
8207 2437
8110 7120
1926 1016
4973 290
456 801
8441 3124
1626 5995
5664 8611
6808 500
5662 4780
1763 5145
7624 6429
816 7939
2102 7164
8456 395
4415 6685
6388 8911
4343 7689
8756 1803
8587 4924
8602 6657
8676 420
202 2110
6777 1927
944 6407
5667 7938
1234 7474
6418 708
6630 8049
2408 6005
7063 2655
8475 34
3934 99
5762 3447
1851 7701
2145 715
6298 493
179 3537
1154 811
5661 1381
4443 5118
6942 1099
3965 791
1869 4329
7410 6354
4873 7371
990 3065
7284 2499
2126 8157
2419 6942
4254 3261
6309 5279
1733 6407
8087 5983
2649 1982
3129 139
3097 6984
3764 8997
3084 7296
6105 955
4775 7420
1708 2860
6215 3
8377 8093
2617 5392
6680 7976
44 6045
2548 7574
7576 3903
5753 4548
6295 8592
4542 5130
2610 7813
3296 6571
7846 7839
5263 346
5816 7487
264 936
7037 894
8714 1560
4618 6022
8879 1843
4473 5696
3785 3260
7391 1767
5100 8532
1919 8904
5000 0
6006 5790
2690 4385
1355 213
798 3704
6030 8057
6512 6297
5979 7830
2241 4064
3899 4164
1439 2224
6697 2224
3185 1325
5183 4505
4059 1653
5448 1610
222 8637
8948 6734
461 1726
4425 1202
4748 6608
7582 7339
306 7302
8706 6317
6009 3079
225 870
566 7618
7236 7692
8766 4180
1269 1847
4461 6121
8300 2557
3708 34
5397 7083
7200 7427
2077 1911
1281 6700
1281 7293
