70 780 99
1911 206 1
1200 399 2
681 235 2
1892 525 2
1635 1463 2
1189 1543 2
1400 725 2
1537 419 2
570 625 3
174 966 3
93 1734 3
361 1477 4
696 776 4
1585 1876 5
841 1145 5
1503 1309 6
1110 1030 7
403 973 7
1581 1009 8
1006 654 9
67 462 9
261 234 10
1826 1766 11
449 1788 12
593 1607 13
2 1262 14
223 702 15
1869 1037 16
1290 886 17
1695 1180 18
757 13 19
954 1574 21
1242 1261 22
644 981 23
1337 24 25
1304 218 26
1939 1372 27
469 194 29
1518 137 30
1860 797 32
995 1772 33
615 1287 35
865 402 37
1781 24 38
323 1192 40
1361 1810 42
418 492 44
1010 1347 46
1147 97 48
154 1519 50
768 1761 51
729 1435 54
1598 831 56
1612 598 58
1717 307 60
1689 1636 62
901 153 64
432 795 66
606 439 69
1735 938 71
1231 719 73
1422 1645 76
17 206 78
429 1950 81
1428 1470 83
233 417 86
676 1933 89
1155 1814 91
1024 817 94
83 12 97
854 898
1081 522
1278 535
772 524
1789 1525
1928 376
1092 286
1876 1218
25 944
227 1382
268 1718
615 1790
993 1949
87 792
517 1410
1891 1633
1420 1123
1188 1393
1757 1381
4 661
531 59
1730 1911
16 1929
1028 1194
397 11
418 1609
2 1584
1700 692
243 562
1229 1942
1395 468
1320 1045
203 1897
728 381
997 12
491 313
442 1091
269 865
14 1138
547 1151
981 379
1351 347
1256 1646
145 1236
1955 8
1466 1771
950 259
1538 1660
1629 486
1433 247
812 1008
1493 520
1726 139
881 1271
1460 908
692 643
76 1372
204 1147
1212 275
881 1901
1098 1608
1446 33
1744 561
1938 1770
298 62
1320 1340
1180 939
1317 636
1751 435
189 74
464 599
637 1476
1003 1009
796 1576
105 336
56 1837
1379 1933
537 1697
363 295
1615 1261
1047 1507
811 323
1335 1519
1472 346
1212 1733
1093 709
835 683
1916 937
1943 693
302 1318
997 1101
3 366
1130 1184
563 1035
420 1197
784 163
658 871
1291 1134
604 1392
350 1822
1065 158
932 749
1761 1086
249 1565
1652 384
1647 1376
737 1146
585 302
1260 71
651 144
929 533
106 556
1062 1861
890 1733
1252 1000
1162 609
546 860
1463 1032
364 1118
0 1699
981 105
1911 1919
1545 1148
782 604
86 645
401 693
1099 1258
1948 1459
1531 867
1948 577
598 1920
267 974
929 1464
758 1254
175 262
758 951
1816 1139
1488 1555
1307 1436
23 844
351 1734
231 1288
358 137
1211 1190
674 5
620 1127
116 116
1626 1754
943 1851
1124 849
1897 305
1619 214
1100 1681
24 1045
1800 717
90 182
309 682
1592 311
1473 740
1814 195
82 1638
14 91
681 1577
8 569
1050 395
842 817
845 531
521 486
1314 1708
1746 1748
830 2
1915 446
472 1878
723 1355
1536 343
480 1027
1959 1252
792 1425
488 106
163 160
1854 4
1471 1388
157 510
1344 112
1034 336
1727 209
1798 323
1672 1892
837 1079
1539 1730
920 1138
1648 997
1208 212
1526 1214
511 1830
1947 1681
532 1225
470 852
450 391
1423 1194
701 1705
689 310
1842 926
1656 1091
985 1702
633 1853
385 428
172 1063
1235 1486
1171 1260
1865 1326
602 677
511 1642
144 1438
817 71
1379 836
1858 231
1090 231
1521 1952
1795 485
110 1925
1871 1517
595 803
1076 1930
285 1032
839 1228
751 1895
578 387
1036 473
1478 433
1208 56
152 1788
473 1144
1336 1204
864 1671
1065 1563
1696 413
6 149
1398 14
1742 508
891 1187
603 103
370 220
261 1928
343 17
1328 1657
343 353
1549 180
1777 1297
406 363
295 632
1687 1414
686 1313
1375 1558
975 724
615 491
1845 1884
1065 1301
385 1254
1350 975
235 108
303 1455
521 798
1678 1523
962 321
323 731
1349 757
353 644
1537 1785
1318 157
1187 1042
205 1012
1860 1115
1445 1929
1394 1385
1627 692
516 1573
1746 1466
311 195
1790 1822
74 400
771 799
965 787
1191 823
1451 1683
1142 368
263 1504
335 260
494 1765
1839 120
260 23
1414 1758
917 427
1312 842
1565 1500
1915 840
289 762
774 257
119 1089
1010 1279
1427 636
657 524
1261 1352
104 1223
573 973
881 1348
1492 611
405 1783
540 750
1792 880
686 1167
1944 1135
1195 168
1275 20
1263 492
896 1503
402 270
1236 524
1098 1396
618 358
1320 1912
1719 1605
665 806
1626 1809
1505 188
1395 1335
727 1019
1580 145
365 1656
128 462
1073 1121
902 677
47 1894
1319 924
1070 1438
327 588
1693 913
1033 187
1483 1151
892 1093
1596 1545
911 1799
1369 293
1352 701
1573 1922
1012 249
331 1945
1814 1706
869 206
22 1472
674 60
1760 1339
1228 1040
1220 1110
1489 1505
1817 1917
235 1660
1550 1324
1025 542
844 631
504 940
1342 1460
825 1611
1650 261
619 1534
655 450
484 1098
1866 1840
346 1295
1841 1238
288 536
448 1413
311 1068
166 400
1683 976
1653 1048
173 1586
1314 1590
1847 1433
906 860
504 399
966 564
1076 1217
1585 925
47 117
1896 20
98 1154
172 764
939 1005
1315 1827
1806 1860
1579 251
1049 991
1288 723
632 1710
635 1592
767 450
1906 1471
1285 1898
374 1615
358 1377
687 488
38 1738
113 918
1665 1850
369 1189
1244 1167
37 683
1544 1360
324 315
33 1400
829 1959
1838 550
1235 863
69 271
1146 1534
1212 1308
284 1576
1824 58
28 448
568 1806
1458 1301
1883 1893
340 777
395 1367
1703 52
1069 964
883 44
1740 18
1581 1382
705 849
473 928
1106 12
915 215
825 1327
1821 861
1343 1124
1916 903
1528 506
305 3
933 1644
448 907
1448 1599
1130 1562
792 664
1441 1224
1833 1497
352 420
415 1706
43 1122
412 396
441 1631
1923 73
1735 94
960 892
1840 269
1824 410
177 452
535 1089
765 88
953 1726
510 1332
693 970
463 1520
1301 794
862 1118
353 1578
281 420
1945 1871
1326 1780
1461 1256
1491 1668
228 733
1418 311
1241 242
1150 1749
1915 1356
1226 318
1167 23
422 527
131 275
1026 1668
512 624
746 674
1539 241
1108 544
778 981
872 741
753 719
1632 1136
1147 1592
1751 359
457 1321
1959 530
1332 1371
1522 729
879 1803
779 1296
382 512
1520 579
500 1680
1188 1229
1653 839
745 923
1731 275
1099 1476
1697 1109
1763 734
1800 96
784 1855
1295 48
156 794
19 910
435 1557
1033 638
753 498
187 1851
981 1665
589 1278
870 567
1192 1772
1531 1502
919 1744
163 1126
707 1206
404 1462
373 710
1913 1234
1517 1602
1138 1362
1665 629
1362 1282
969 174
624 48
803 1547
201 911
1006 1225
1095 1196
1832 976
966 1143
1951 468
781 554
1309 462
433 829
906 543
364 36
916 1602
562 168
101 238
239 284
1473 271
1845 1933
626 1616
397 1487
869 765
1374 713
775 1330
1511 1458
854 492
1399 1302
1742 1022
1644 1500
225 213
1463 1101
1423 875
521 1521
624 1263
715 1542
1683 1749
474 1120
273 347
771 908
1165 1012
273 295
1084 1779
1821 1288
69 1665
1574 1193
269 1473
184 320
195 1413
1058 261
1134 1724
294 1624
1392 148
127 1009
61 832
1424 361
764 1015
365 1446
1057 1027
73 1341
1429 1092
1469 717
1267 1470
1004 485
1457 802
272 1130
1787 931
170 1086
1059 914
362 905
670 288
1683 1026
391 1430
1312 1278
1029 1251
1454 882
1762 135
1613 642
250 811
1645 1025
592 725
418 1849
561 945
903 325
643 1126
636 819
1933 1408
80 849
206 1104
1718 1959
892 1560
829 1114
958 1794
1283 255
645 959
1486 1812
304 245
1499 939
887 67
1276 1391
773 694
1347 921
728 1900
1089 118
1750 470
1355 1550
782 1048
377 559
494 892
1543 743
224 1579
1942 1333
118 1339
37 3
62 1405
1196 1160
1014 1688
444 444
209 1310
1891 1360
1014 626
1410 985
523 1863
1151 1489
90 714
963 1106
1289 72
1366 1053
1265 1026
1300 1486
69 609
1881 397
656 267
172 1754
1432 770
1793 979
1810 1633
554 652
724 333
1122 1666
903 1703
1272 173
1922 116
1089 494
1597 109
976 1934
307 904
931 1035
1621 1325
368 1419
1247 475
1347 1223
1416 51
1419 500
1501 1048
921 1414
1678 706
659 624
919 62
646 1562
1679 1729
1472 1128
909 94
1436 956
1521 779
1120 1805
561 1607
1385 762
1925 1292
775 1185
1450 69
1034 1343
704 182
959 377
1751 923
515 134
953 1893
1811 782
1467 1421
676 1887
686 110
1797 152
748 803
1917 1149
37 1003
1033 1647
1914 1943
1339 524
1694 351
948 913
412 1163
1022 15
1011 578
1904 1206
1786 1957
960 42
731 4
925 233
1261 1900
1559 957
678 1201
114 1610
383 1728
1125 780
1452 1832
1589 1576
1282 998
154 1058
896 1478
451 1506
426 1027
669 84
892 930
1578 1161
1028 1172
1016 669
815 431
314 74
832 1691
1925 881
39 346
160 8
191 722
83 1956
1596 1452
35 1702
1151 839
1428 1710
1706 1070
189 877
265 623
1542 1552
1622 738
53 1294
926 1340
169 1886
594 159
1471 366
1167 1555
1059 1683
1293 145
1908 1423
534 1912
1754 1259
1123 319
657 346
6 1773
427 1663
