40 156 34
589 58 1
304 32 2
515 5 2
225 365 2
450 87 2
514 437 2
189 579 2
612 126 2
585 383 3
448 333 3
538 313 3
447 505 4
100 563 4
614 311 5
584 621 5
37 434 6
201 219 7
497 177 7
96 21 8
344 236 9
18 309 9
571 493 10
493 255 11
97 327 12
87 495 13
433 574 14
283 320 15
454 399 16
237 142 17
524 101 18
279 250 19
294 582 21
398 134 22
141 138 23
403 289 25
333 392 26
17 489 27
175 45 29
265 476 30
51 176 32
75 384
2 134
148 244
398 12
302 98
151 379
142 487
602 220
46 598
290 152
499 640
9 66
63 91
555 173
10 11
43 227
627 481
629 23
379 494
178 319
523 541
348 590
342 154
164 182
102 447
475 135
534 597
243 419
256 634
399 378
150 443
423 632
308 464
84 237
590 272
230 301
417 224
486 488
279 542
238 537
2 271
311 637
64 1
181 464
34 635
115 365
119 55
141 540
305 352
446 156
262 92
472 584
1 216
411 509
337 45
392 538
175 537
529 269
570 417
218 72
491 52
433 450
212 334
175 355
137 205
34 341
155 589
396 52
583 574
154 14
46 528
290 409
625 81
372 453
228 179
403 183
196 167
542 348
21 401
152 276
465 539
623 442
445 275
490 221
412 598
49 44
572 352
149 82
635 267
379 161
77 290
448 204
194 113
231 208
375 74
629 576
307 128
625 637
43 283
129 418
384 260
315 207
119 595
400 437
181 6
636 393
241 607
465 42
478 343
210 552
640 316
324 302
203 308
177 78
46 137
495 570
553 130
631 50
475 310
278 223
562 548
4 528
168 513
371 133
295 183
49 306
38 462
556 628
357 258
208 13
602 550
161 216
441 133
422 39
509 399
595 90
640 603
612 515
354 335
361 636
243 446
213 590
49 506
422 329
219 479
224 406
368 6
341 106
89 403
531 390
361 39
319 64
596 407
461 454
300 610
514 207
