150 7498 448
3855 3111 1
8216 4347 2
7010 6245 2
4618 7874 2
1916 6503 2
140 1110 2
8982 8362 2
5913 1052 2
6689 8077 3
6503 2599 3
1705 1349 3
6224 6689 4
2937 3208 4
133 5416 5
6086 4673 5
4386 1218 6
3110 6710 7
3967 4727 7
8673 5160 8
5320 2321 9
3985 8569 9
8006 1815 10
8125 3305 11
1573 2982 12
918 4357 13
6007 8992 14
5005 4975 15
2918 2198 16
530 3101 17
7509 8719 18
790 6883 19
3096 5300 21
8264 6895 22
2806 8636 23
2069 3780 25
5021 3504 26
1746 8853 27
611 332 29
5137 6645 30
1157 7787 32
1326 5355 33
3401 3976 35
3031 815 37
2295 231 38
6887 3982 40
4482 130 42
4173 7072 44
6868 1157 46
8916 757 48
4268 5819 50
5624 209 51
6954 24 54
6818 5193 56
132 8610 58
4 2168 60
2340 7622 62
8970 2579 64
7411 7573 66
8994 6293 69
7365 2774 71
7771 5806 73
5550 7552 76
5018 8672 78
994 2085 81
7983 788 83
2187 5493 86
5838 3203 89
5503 5742 91
1886 2202 94
3355 7556 97
3628 1534 99
4289 3893 102
8980 3837 105
8919 7514 108
8386 63 111
2494 1546 114
3948 2259 117
5136 1459 120
3751 529 123
2241 4550 126
4 3818 129
209 6327 133
1521 480 136
7535 4973 139
3145 61 143
8233 2562 146
7112 1971 149
1126 6137 153
3360 5974 156
917 8782 160
4553 2869 163
289 4730 167
1018 1005 171
5727 8317 174
83 7113 178
8207 8168 182
8910 1543 186
1103 3566 190
6803 8743 194
2589 6021 198
7517 1332 201
364 7965 206
3403 8980 210
5955 1830 214
6272 50 218
1583 4456 222
8434 5966 226
3776 6500 230
5065 4340 235
5207 776 239
8259 8974 243
7453 6948 248
5718 4071 252
2375 862 257
3373 2590 261
7511 4116 266
2937 4693 271
6773 7357 275
4654 1839 280
6166 6067 285
1326 7145 289
8783 3144 294
4994 7312 299
4937 5560 304
1900 8143 309
6861 3111 314
5679 5087 319
7007 4618 324
8240 7602 329
2316 2868 334
1926 7138 339
726 5316 345
7960 6344 350
7258 8154 355
8138 4939 361
2444 6777 366
7366 425 371
3780 5520 377
5201 8128 382
5632 6416 388
4362 6487 393
609 5929 399
4282 5166 405
3418 8242 410
3925 7729 416
535 2443 422
6206 7348 428
3450 4562 434
6288 670 440
2742 7272 446
476 1586
5974 5523
6381 1517
4305 3360
3092 1702
7672 2217
8944 6928
26 515
4521 4558
7630 3555
5317 2858
1451 1881
8486 3666
45 3181
2576 5119
7723 35
3890 45
8174 5499
7142 5744
1057 4939
5465 9000
1237 6645
1532 3817
1028 2620
2920 8008
7812 7877
572 3585
4650 8955
8766 8928
6362 3585
4205 709
2031 5989
4758 2338
3714 3616
6006 2432
5122 6169
6220 7978
4743 932
6425 5621
698 6408
1232 1402
8541 6498
8604 2207
3860 1115
1504 8361
7834 2792
1865 5131
4554 8423
3743 6983
4173 8092
2850 4039
1007 92
2212 8751
8976 58
5650 1417
5588 4650
2356 3392
511 4185
852 7340
732 8302
6167 2939
1279 4143
8994 4667
8953 5727
6501 4500
2486 2044
6203 8621
8081 1359
4768 462
31 32
1545 5721
5588 6898
690 7732
6458 4913
8620 429
7570 6441
1846 115
8019 3760
2935 5738
23 4315
6744 618
1418 2552
7814 7183
8657 7209
2804 2680
1688 3357
1600 6215
3442 2161
4510 7396
5756 615
7899 408
1697 907
6493 7069
4774 4011
7628 5337
298 8970
1056 621
2275 2362
6594 2094
5751 8717
3874 4227
385 2003
1693 7426
2971 1311
4616 5734
5681 2127
1137 3010
3239 7048
6901 1543
3932 2623
2055 1427
5342 5373
7288 2427
5335 1166
3546 5024
7227 1126
7112 7808
5249 55
8515 1623
2710 8291
5783 7890
2761 4385
6252 5197
794 3933
4077 1656
2473 4073
2873 6274
3582 210
3446 6382
1942 4740
5327 3259
7809 4331
4024 6183
4907 3090
7122 7369
5321 3950
7096 6662
2304 7133
5617 2639
6891 2287
3136 441
365 856
7408 1752
475 6656
6502 6205
2009 4318
473 8542
3573 2928
4426 2225
3086 7336
5848 6686
6430 8895
5252 6982
2854 7632
1896 2535
3429 3341
6994 3426
911 1770
6666 8393
8596 1000
2344 1204
4334 1875
3717 8394
2565 432
2672 3544
7414 3277
6494 3161
2214 4973
4226 332
6068 7020
8700 6159
6156 3296
4701 6256
5288 1746
8511 2725
6301 1842
4907 5946
3381 1041
120 1474
892 5765
380 7368
8645 8612
8619 4345
1351 926
8519 4759
156 6008
4758 5205
6817 5958
5967 3857
1539 8001
8064 8537
3443 668
4501 1571
7160 679
6047 1550
4607 6697
58 2775
6654 3472
713 1414
1873 1885
5618 6062
2152 7895
8935 405
8493 3966
5397 4409
6433 418
3935 6771
3952 5197
7221 8681
1363 2216
8977 2033
5198 4743
663 1927
2850 1885
2374 6408
7979 4657
2661 5643
4898 2616
228 3519
6712 6482
5049 3844
531 7033
52 7672
8483 8272
7541 3031
37 6841
2581 8012
1322 5898
6766 259
5538 8026
4153 4470
245 5015
7714 6118
5161 410
1171 8284
7693 7575
4783 4754
2736 733
5842 4411
4640 3609
4978 7660
1510 1567
2778 6892
7075 4355
4245 8762
1547 4159
8845 3452
8768 8138
789 4849
5636 1098
3518 1845
4858 6898
4240 7495
5709 3621
6802 2700
3961 7261
7077 8383
7544 7288
3596 4233
8057 4016
702 2719
7787 4905
4504 5991
8985 1259
8104 5799
7249 3571
7709 6727
2669 3139
5309 5043
3658 7475
5823 5830
3204 4160
1940 2933
1600 4891
3865 3937
7167 2997
8306 7927
6200 5740
6266 2169
666 4515
3953 3461
6731 5435
6499 6688
6486 7490
3195 6164
3738 4617
5304 7839
3618 6160
1805 5746
6773 4493
3890 8878
8125 294
1975 3196
6863 895
1222 7543
6979 414
7771 1062
7333 6580
319 150
6546 1326
208 2469
3847 5990
4624 3354
7900 5321
7728 1574
2379 3784
82 1733
284 4364
3185 6466
3287 3737
2161 1769
5107 1037
3506 8762
360 5730
1084 5545
5778 7631
2469 8316
2864 1529
5685 5479
4195 5461
1733 3965
6261 4085
4316 8306
4673 7627
1962 6779
4556 3907
8137 6125
4798 8187
2146 631
434 2701
6840 8984
3144 1089
1182 4383
8837 2377
2615 2835
8654 1427
8559 7673
7250 5372
7488 6190
3021 4435
4270 3611
3286 4964
4735 7106
71 7977
2433 2609
1489 3496
3576 6700
852 5062
8898 1809
754 3050
6463 5960
1189 1150
2491 8771
882 8545
3037 2959
4591 662
5670 829
2541 7764
3390 1330
248 4022
3609 1188
7267 4085
6501 2329
5797 7343
704 959
7513 5538
5168 2055
6414 6478
6007 5146
1447 225
5199 7541
8231 6512
901 3465
1400 6793
230 3802
5624 1817
4757 28
521 3353
1535 5391
8342 5363
3933 8171
5375 5986
761 546
6158 496
4398 2574
6284 2518
8532 6999
4766 4385
470 6350
7907 2341
8419 3013
1859 417
3163 7865
2888 3591
6864 5736
8277 2247
588 5047
7337 5128
7543 2630
5942 2839
5431 933
4344 6157
75 4631
6681 2490
7015 3736
2537 4524
5184 8872
1175 2424
8548 7923
4831 8842
7580 533
1729 6991
2209 7399
7210 122
4219 2969
4905 2096
4548 4838
1385 6503
1894 1665
1392 4921
7439 3715
7114 6922
498 4794
6439 948
7164 7147
7740 3317
8395 2441
7230 6234
3755 5239
3766 5007
1903 955
4535 2046
8289 903
6206 5484
8754 135
8368 4613
1770 5440
2632 6557
7334 4859
5525 7247
2877 1006
8569 4986
757 7524
5503 1569
4103 119
7084 3175
7952 7594
8343 515
5011 4625
5439 2065
3321 3016
8479 5727
2240 6563
1733 8646
2563 5473
1181 8090
5097 3142
1180 4576
1914 3489
1181 1954
3453 58
8235 1982
63 7340
3785 1302
4089 3149
8194 1749
8741 4591
6629 5845
3713 967
4749 5492
5963 3490
5664 7095
3239 8548
4161 4789
5077 1713
6531 4032
5326 8530
6318 7146
2080 8972
3133 3176
1686 2808
5582 3314
5820 91
2176 2033
6895 6601
2596 6890
1184 3745
220 8114
5030 7910
1638 2138
7544 8073
8643 7510
6438 8141
567 8834
6018 6188
8760 5573
4627 239
7325 1337
8921 5480
2653 2388
605 781
5531 3727
2194 6391
1565 2668
2704 3872
7133 1763
61 8355
5172 6457
2985 8658
2102 73
6829 6914
4723 5975
8768 3849
8403 8802
4835 3318
1435 5204
3440 5764
5856 7047
2687 7080
4102 2360
3600 7279
323 1084
6513 8516
4242 2230
4958 555
4793 2766
4325 1401
7453 2140
2262 418
4821 7875
2628 869
4229 2014
6083 4356
5338 4236
2402 5276
2208 3083
6974 7613
6840 7972
4281 1564
3726 3306
5704 2925
4006 5871
2266 1053
268 569
4080 1130
3602 4416
8787 6572
5572 23
3005 2399
8187 1543
4731 3174
1265 6381
1210 5745
2987 7739
727 4209
6669 5049
7611 7895
1649 7630
4178 8527
4106 5130
3764 1992
412 7193
3303 5165
3270 1659
3921 7427
6846 2922
6459 6888
1605 7201
5152 5722
3291 7361
2130 3369
7163 5072
992 4140
1259 8756
5126 1226
5082 5895
1080 6905
1701 632
2848 8429
7781 5138
4877 1412
7269 5985
8408 5522
2729 1132
6525 7333
944 3784
630 3824
5064 1880
5548 6216
2970 498
1169 2824
4999 808
5320 5729
7135 7978
6610 959
5397 7054
5686 5250
6191 8149
8660 2583
8130 7264
1182 8492
1656 6372
6158 1112
977 8338
2751 2174
557 5368
4936 1021
8400 3468
7495 1488
1415 6281
2903 7165
2388 4371
7231 8491
3678 7762
8955 2837
2483 7229
8421 3273
5384 504
2259 5729
4399 8951
995 6357
1001 267
8659 5847
4995 2826
1272 7899
768 7149
1802 2357
7740 2366
6123 6322
4821 8408
3767 1820
5897 5693
7444 626
3380 6678
252 1813
8849 7211
176 5665
7692 3034
3236 2354
7582 1965
362 8764
8613 3250
6015 2668
920 7148
7275 6903
3955 421
1394 5603
6555 7945
1020 3287
8434 6184
6141 1907
7900 8392
3533 6993
7642 4709
6678 4174
5891 4060
198 1276
4569 8170
2268 8182
863 8994
8301 227
6625 65
5630 8957
4759 2945
5134 5430
1257 510
2591 2583
5149 2242
2798 2999
4151 909
7471 4347
7157 5524
4780 3476
5567 4207
4259 147
6386 2804
8434 1775
963 1410
2718 7852
1713 8343
5499 8547
4033 3833
1015 8176
1983 2794
3363 5608
6858 6740
4171 1369
1168 370
845 6269
4300 4123
6614 269
8767 2692
7689 6540
3140 1474
4069 335
5666 2266
2264 3648
7246 8953
4317 2795
7316 4377
3553 8078
517 5647
8714 3356
4558 3742
3597 5960
1063 1635
2372 2224
3610 6484
4874 7533
3532 557
8770 7641
1251 707
1904 5930
1879 8578
2510 8154
8779 4743
5857 780
8351 4304
464 1756
8431 1473
5395 7430
8636 2839
3457 5133
7687 8726
2886 2472
7528 8570
6729 1783
8182 8746
524 8986
2079 6581
689 2062
134 6572
2411 4703
6283 4237
6427 3303
6921 7416
5728 4605
793 8152
8366 7704
6909 1326
3959 3216
3710 6318
2340 1856
4698 1348
2260 8879
1379 667
6423 4704
2932 3896
1809 6787
1562 6736
1888 5544
3052 1187
105 354
2506 2420
3614 2787
939 5593
315 8273
7222 4225
814 7974
2582 1881
4857 3898
3203 8027
2873 205
7143 4003
8141 4463
3103 5698
8111 2191
1265 3188
4022 3976
6261 345
3430 7804
2092 4571
1841 8305
921 1637
5682 3778
2884 782
6336 6590
3089 8311
3310 137
424 2910
7000 2068
6413 1711
6965 5255
6447 4255
1487 6091
1882 6163
5560 4489
745 5751
2580 1676
1044 5351
1396 4016
5810 2829
2971 5061
6085 713
6341 5517
11 2610
2922 8189
803 323
3733 3484
2233 3821
8431 711
723 5020
7879 3414
5595 4350
5402 2575
6070 5273
13 5651
405 4997
7907 4188
6397 7687
4393 6759
448 4669
8093 906
6958 2541
2242 6061
4070 5520
411 3703
3662 5084
5467 644
1311 3676
4416 5264
3345 7991
4717 8641
7909 3271
7955 981
6460 241
6072 8808
2400 6065
6533 5497
8617 194
5097 6966
485 55
5457 2775
5996 7879
7292 718
8904 5344
5923 6363
6681 1392
1755 1721
1029 7977
5809 8863
1837 3123
3130 4837
5473 1745
7771 6393
4373 5537
5211 2690
3250 4602
682 2292
1607 3918
5106 7812
8396 6361
2421 4963
3210 272
3013 5600
5297 1901
3612 3795
5969 7565
8446 4959
3254 1222
5382 7224
7463 4838
7901 8067
8945 7945
260 7311
953 545
2700 540
7639 3912
6905 6090
8941 275
1085 1798
6926 6355
5131 5107
4882 1936
3646 5668
839 895
1376 1642
2801 2346
7349 1530
8020 3891
488 731
842 180
5475 1199
2247 4795
7340 7947
5623 3459
5646 2008
1612 8718
1485 1051
2768 6586
1660 1607
5706 6792
6369 8334
4182 6823
3682 8603
8913 6745
5458 4146
8371 8358
8807 253
8936 4362
1111 1510
8554 6219
5850 8234
468 4424
7107 466
526 483
2179 3946
6732 4622
7172 322
2112 5297
8276 4696
8732 1904
4723 6585
5333 8238
657 6038
5066 8294
4359 7238
1895 6634
1386 4352
4859 5039
1967 8306
1312 8076
7062 6513
1797 2635
3571 5510
5413 3148
477 297
399 1411
4859 1291
7794 2930
6377 4550
6849 1892
844 6714
1284 5207
1555 5126
7534 1607
1878 287
8316 3160
2544 5343
5229 4872
963 7866
1396 2948
3666 4526
2108 5619
7409 6767
4497 2665
6461 3809
6023 487
4507 3478
8087 6015
8893 8593
2177 7582
5242 1348
2547 678
5037 2947
3613 5360
6993 8523
3864 5691
5785 6012
7408 5330
7519 945
708 7410
8775 1117
8956 7097
3791 2201
3791 7089
8149 6618
2752 5283
7215 2085
952 7669
3565 3594
8705 1712
5489 8684
4440 2105
4434 3216
6850 7087
2466 7450
3082 4674
5069 3316
6350 7419
812 3219
8921 8862
4163 2103
211 1019
2623 8578
6901 733
5909 7947
4894 6729
189 671
6149 7614
402 3217
6694 8218
2468 2719
4385 1500
4900 2237
7137 19
509 3760
7552 5962
7313 2240
66 4444
2391 389
3900 4859
580 199
2067 5017
6013 6580
6208 3749
4719 3789
7523 5777
2198 7709
1043 1316
6029 5916
4782 7626
7841 2497
2710 5152
4602 2697
4958 8124
1833 7524
3562 2430
2623 1433
7970 2199
3187 3318
6570 7649
6735 1294
7800 4081
7607 2481
8702 4225
1711 6176
8838 8694
1544 8614
6474 5218
8168 7088
324 7085
6870 5617
1846 3378
6898 7270
8869 3234
6558 1816
8391 5150
3397 5260
8255 3342
6582 1655
3751 2801
7117 2320
992 7394
4361 8813
1383 4716
181 4866
3378 6902
2348 533
8600 4478
3318 8699
5596 5599
7841 5923
1842 3963
2599 4
4654 2542
7691 1927
2595 4711
7987 7710
7125 8854
4105 6944
4486 7248
1807 1248
4930 686
5960 595
7153 2639
4873 7109
7027 856
7591 5208
4315 5940
6298 2921
1837 656
7906 584
12 142
1645 4239
6352 4019
1010 2372
2169 4697
2906 8845
5577 3007
3655 418
4595 5106
7884 8813
2478 588
2033 4042
8601 4233
6043 243
8566 813
8631 3746
5015 5232
7556 698
3454 429
7280 8379
6485 1962
3415 4796
6052 4869
2968 5837
7729 6886
114 751
4263 6907
6683 4434
6499 4624
782 6105
6343 5315
5800 2625
2891 4202
6357 1299
3891 1573
3613 1069
2058 8859
3433 8397
2663 5542
520 7896
561 7765
7904 7300
5088 2349
8150 8002
938 6893
926 2245
8064 5536
3304 8971
3941 5074
5611 3671
4146 8690
4987 1256
4782 8758
2034 676
2859 4575
7490 5393
2301 4714
6812 4685
3593 5230
5799 7146
1579 2386
4673 6429
5744 3132
5357 8988
5925 855
4371 8422
1622 1191
4327 2506
6745 125
6019 6880
6203 1300
7333 7489
6163 3117
3135 7039
2560 7171
8347 7539
1572 381
91 3632
3488 1578
1254 2019
2892 3807
4314 4761
4640 8705
2521 5685
2439 3295
3192 7577
6861 4247
1413 1742
6751 8454
4732 4936
1825 1350
4463 4153
1447 835
6115 2461
2360 2100
1578 7059
2580 8486
543 6046
2042 2345
3125 2873
4927 4846
5132 4020
150 3851
7030 4205
2231 2694
4029 4528
1676 513
5063 4893
3538 6251
2267 8995
1169 5337
7159 2214
4274 4279
3605 3113
8250 7440
3931 5380
1249 6947
6315 6787
7704 5003
5952 4673
7112 5865
3360 6314
806 3691
1787 4212
5993 7357
5476 307
7498 3616
916 3596
6789 7595
4416 4269
5391 1853
585 7236
343 2402
8036 1144
7735 562
8737 6766
6707 3240
8164 686
2135 909
1151 8188
3151 5192
8320 7354
5736 755
2565 7008
2082 8288
1725 2482
3867 720
3311 1750
8267 1697
8059 2304
174 2655
8394 7841
3888 5276
6996 1037
5868 4283
7091 3581
8939 5002
4405 2710
7639 4007
7760 1782
7420 2548
6714 8735
2745 2877
8302 1614
1977 8591
5823 1130
8794 5337
8019 4202
3340 4491
5508 8340
3475 2613
4739 8880
6666 1492
3939 2870
6717 7109
2259 1422
3519 1177
2152 8851
3890 5799
6487 5100
3327 3196
3991 7567
7287 7265
7603 822
2081 2662
8292 27
2795 1987
6002 2194
5716 8798
7089 5200
6831 7776
4386 4663
8962 3606
3012 963
225 14
7108 8648
480 956
1029 493
8143 5364
7779 6482
7837 7088
439 8208
3464 6867
7168 6072
5803 915
1152 716
2076 2876
1266 7792
4726 7543
7169 1232
4866 3993
8303 8039
3769 762
7981 1603
625 434
233 6550
8412 5298
5893 7647
5497 3165
186 5158
7901 5625
7414 191
8982 7412
439 7085
1041 6565
5522 1859
6551 4183
8291 6052
8333 5228
4021 6686
2713 6313
4137 1933
377 2315
2630 6444
4624 5646
1 4945
7660 8222
3118 4052
2821 7968
2305 5628
1288 4493
2024 7444
1433 1337
8887 2596
8832 645
3191 8390
4301 7131
7999 3062
2682 141
6875 8616
391 4740
2995 2678
256 3646
7796 5476
3866 4758
6556 7157
6115 5780
1285 3044
696 6618
3958 6506
2824 1793
252 8013
8424 6774
91 3499
6112 1736
3965 2534
6052 3464
3411 1483
308 2192
8265 806
6277 7522
4169 5691
1 5875
2773 833
8038 5447
3562 8230
2959 6763
577 3945
8770 6888
2682 281
5967 8684
5531 2487
8699 3110
3156 8894
950 5061
3699 4043
669 6906
3905 1439
3983 3000
4605 5231
7721 8319
4042 8143
7499 6788
3234 398
529 4327
2392 748
6633 8996
4052 6472
5129 7961
7880 6263
8091 3222
1443 419
3869 6407
3831 940
6153 6538
3412 7319
2251 1902
1167 7443
3375 2836
8835 6089
1290 3403
435 3354
8016 5302
4562 8951
4381 1305
3743 8241
8186 5590
3354 5517
7598 6151
4475 7903
524 5225
3455 2016
966 820
8298 5778
770 5559
599 6767
8019 577
2159 2731
7305 31
961 3907
7889 6605
1610 7851
3080 6181
3258 1080
4120 2025
4254 6790
2544 4633
3115 7128
4155 2808
4124 791
6847 4598
3732 2566
1824 3840
5395 1499
5600 1498
7086 276
8070 6643
4852 7298
8630 1853
8766 4412
4395 7936
8166 7738
5067 6066
5316 7671
8004 5160
8477 3348
5748 5754
6381 5419
5273 2430
6557 6118
5055 8422
585 5481
7305 8471
1634 8811
6613 6927
1920 3027
5718 3961
4813 5658
8780 1399
979 5266
6587 2379
8583 1543
3784 7384
7571 8868
5936 4779
879 1501
3598 8634
8202 7910
5800 3458
4448 1392
3388 4064
5161 4810
4706 8060
2008 2041
8898 4448
3969 8266
585 9
1639 6894
7283 7808
3710 693
2091 1326
3698 1075
1213 5557
6622 670
1248 90
6766 3461
57 1641
4139 1515
7921 4834
71 5491
3337 559
1902 1132
4795 3573
411 6713
7446 5197
580 3166
4289 7427
1098 8589
6663 4558
8649 8116
7984 8732
8513 8811
7151 6351
3162 3641
911 4934
3109 5442
4541 2353
1884 5660
7821 1463
5622 3568
8501 7371
8034 8220
3225 2235
1810 1565
2766 502
2817 4707
6153 939
4894 4596
5031 7988
6844 8329
7071 1581
4130 7817
8796 7515
6906 1967
873 2466
4049 5210
7999 6107
2004 7967
384 7749
68 2986
926 6475
2945 3486
1807 6959
1849 3545
598 8399
2836 4863
1353 8724
8977 7297
4426 1144
1866 5421
6561 4359
3085 6580
4456 8763
5894 1571
5015 3733
5235 1152
4392 7839
2253 1550
846 8835
4401 3602
1719 5326
493 5289
2461 6658
3322 3385
7497 2885
3820 4180
1604 4102
5262 6280
775 7762
3479 6566
6998 1911
7713 8569
2215 241
8204 8429
7296 8281
3298 4357
8557 256
8796 1615
3131 822
8545 2364
7022 5519
3870 6122
6062 3162
8589 1470
611 1605
1334 8205
1793 8
7117 8483
5988 2903
7904 1463
6758 3972
5159 77
4353 2315
6169 5275
8622 7007
698 333
2755 412
3239 2841
4216 7721
870 8412
4650 7704
2308 4143
8238 1023
3602 4736
720 3504
4973 3324
4455 3918
6452 3622
4963 7382
4556 7681
2374 3544
1995 1761
4123 3912
3013 7935
3248 5967
918 5309
6306 846
2193 1133
719 7584
4056 5387
2041 5089
6508 8265
4644 16
6599 4952
5375 2664
6865 7504
871 6796
1062 4282
6854 7158
6385 1234
152 5901
6484 550
124 2890
2373 1349
551 2108
4609 4478
4875 3827
1852 535
7032 599
8245 4943
8520 6762
2851 2867
7831 5246
534 6695
1300 6322
4618 7040
8082 5711
2279 2604
6196 7694
4869 6084
7241 3794
8280 8465
512 233
5170 1656
5451 867
1859 3649
2646 4298
1125 4052
7263 6356
799 1785
2834 5954
4434 2434
8624 6436
5177 5375
5223 2933
5735 5411
5511 7021
6396 7493
5658 7961
1454 8540
4957 8619
214 214
3083 1034
7558 7735
1133 987
73 3929
8465 4127
5817 5352
6529 2021
3903 6259
3355 7265
6323 3101
1288 5793
5575 8419
15 8058
5662 8564
6701 2050
7007 5603
5738 3873
3148 8599
6650 7699
50 1929
5088 735
8797 6432
785 6336
1427 7628
2067 3298
6356 2579
5494 2952
992 6005
1943 380
2420 130
3020 7087
2074 7072
7088 6147
1531 5279
2150 5920
1978 7238
5383 5113
7576 1112
4529 6166
2410 2764
462 8084
8499 1741
4537 4013
8508 6023
3541 3094
4063 3355
5062 7115
5317 398
322 4872
1736 2131
1500 6655
6250 2977
7474 444
5920 1669
1018 5435
4961 156
5396 2010
8760 709
8294 3046
1533 3595
5308 631
8205 3605
5075 3949
3447 1235
5872 8312
689 6095
4671 5892
3329 5749
2233 5419
8467 6505
1136 153
1517 314
4995 5043
3761 3764
6247 2818
3146 5112
2875 6441
1272 7968
8441 781
1651 3506
2022 2470
4408 5120
4857 6163
7747 4512
7658 1007
7664 1435
7900 2446
8909 7405
1925 3603
1353 4652
8166 1033
1386 4265
1246 2443
8617 5708
5240 2371
5261 8381
2135 2613
997 3207
2458 6284
496 2296
8258 6615
602 5676
7469 7922
4181 2197
1923 5370
1942 5773
3474 3925
2976 7268
3132 4434
4327 7979
1729 4145
4439 7697
2706 6046
399 8705
340 6413
3452 301
310 702
2696 4740
3340 3590
3344 2089
3252 4730
1266 5294
867 4656
2167 3819
8589 7060
2484 5543
5261 1989
7404 3597
3344 2324
2695 1229
1996 1313
3994 5810
6272 1291
6392 1172
1538 7856
3395 7684
2624 6330
1769 6376
7596 4567
667 2978
5514 970
1460 6375
5663 8034
1103 2009
6295 8819
1367 8649
3371 8872
8371 8697
831 6155
1174 5245
5053 5393
7462 8212
3734 394
4666 3500
841 631
7483 4747
8460 2173
1756 409
3546 5861
2141 8477
1945 1229
7392 3389
4372 2823
218 5518
4943 8304
8957 4167
2607 8918
4210 7999
477 3599
8882 8011
5657 3147
4058 3580
27 5296
278 7617
6405 473
7589 4865
8500 4905
3025 2253
1778 4900
6111 5179
8817 4242
3083 4534
8976 4045
1330 1277
1644 5889
3874 7582
6270 5485
7392 47
5165 4337
5661 11
152 2998
6975 288
2537 5865
3043 679
3859 6877
3664 3285
7624 3749
342 1914
8970 7702
201 3313
5727 6652
2980 4072
1960 5862
6154 2173
3494 6712
3679 2923
4654 3286
1857 5304
7316 2042
187 2767
2870 8630
6547 3295
7158 7897
868 3772
1929 7725
7581 4447
8880 593
8682 7886
3001 4338
2670 8870
7908 2566
5357 6094
7155 1008
7184 1564
6774 3829
2502 4578
5042 8602
1092 2514
7005 7397
6310 2652
6364 62
4559 7247
546 577
7336 3500
2330 8346
3184 8987
4433 1608
2775 7751
1373 4784
7851 757
5189 7455
4007 5980
5288 271
2181 4247
7855 911
2128 4435
711 7917
5750 5304
6046 4483
1606 5685
3715 1766
2017 2636
4010 7974
6629 2187
8532 4161
3492 785
5246 6456
3311 449
29 3648
6558 3610
5771 6370
4018 6827
7760 7765
5038 6229
7220 4840
5484 1053
1317 6409
518 1169
1117 6411
1495 2956
6438 3991
2021 6402
1392 5993
4423 3389
2160 7228
6361 6675
5591 8794
615 6415
2239 798
7811 7814
3316 5036
4381 4470
5550 6630
8716 2395
1396 7929
6334 3412
6076 6751
4361 3722
479 3857
3182 7970
3429 864
3775 2396
2007 6475
920 2795
5749 8511
4977 6082
2041 6348
3170 2439
6993 5454
2053 3390
5444 7853
3610 6218
5087 5957
5452 6232
1644 2222
2622 3364
5048 7360
3672 2399
122 4412
532 5589
7297 419
5392 3524
5802 1264
287 5085
5230 6726
6774 8298
6407 4845
2519 6203
7695 7842
2416 5938
4736 5894
4575 1049
2602 6264
2998 8001
3712 6605
3983 8111
5998 1143
8586 2466
644 2484
7216 1799
7411 4886
1309 1739
8849 6515
1137 3814
812 1008
1694 7819
7514 1124
8295 3913
3423 5611
7829 3467
446 1367
5755 8600
7954 6271
5493 5122
626 7955
4933 3539
6180 7123
2657 407
2775 3584
1910 1498
4191 6606
956 4255
6008 3410
4953 2626
3 1113
520 2542
2020 1932
4362 4377
8692 606
1798 4517
4341 5096
3549 4502
6399 7091
5699 5961
5538 126
2204 2994
3172 5997
1425 4435
2768 6721
6145 3172
5998 1016
5552 2684
2629 7945
4611 4202
2212 5790
902 6184
3656 7628
2656 6998
647 3218
173 4059
6426 2258
7977 6876
7807 24
3136 1972
8323 8514
5053 6375
4178 4961
8063 1616
4080 6830
2634 310
4956 7524
6929 1401
7543 8797
5399 5454
3122 2610
8429 2882
4707 871
6836 3921
531 284
3902 5874
5740 2434
6693 5576
667 3554
8675 8032
744 2140
6290 3246
130 2507
1304 4933
3445 131
6042 7105
6231 7553
5507 1110
5497 5921
6063 2922
1653 5595
4191 2509
5563 6968
2517 7990
5201 1839
1449 2504
3006 3507
463 6901
835 4420
1340 4091
2555 2294
6089 1630
6186 447
7085 4081
1424 6930
5463 5444
3845 3882
2988 5961
6635 7590
1708 4773
6440 2557
5939 7773
164 5333
2354 7547
5598 2833
7715 4188
8763 7331
2777 1063
7654 7391
1439 6465
6287 6562
1274 1875
6617 2317
2629 707
7050 4651
2098 5463
6540 877
1709 5815
1328 5028
429 3652
3696 3382
8044 2385
8032 1292
3429 5519
8160 2237
5721 7386
6847 1636
4360 6297
8100 3068
1549 2476
4929 3467
659 7599
6059 3296
2193 8667
6899 2232
6541 5637
5202 3499
5016 743
5920 4441
4843 8776
5920 6752
2480 954
3783 3472
1075 1547
5830 8674
5117 3700
3133 8045
8665 6394
2324 7384
7113 5992
2987 7422
4548 4462
4762 4709
1664 5161
7995 5619
2215 4200
3251 4142
8116 1213
7574 7610
4153 3672
2097 1742
6639 1001
7113 5146
1890 353
5272 5857
6664 4487
1188 6157
3971 904
4294 1272
65 8265
2617 3603
250 8637
8194 8557
7395 7499
959 2762
7184 7567
6718 4849
5166 1572
6917 2050
2133 6044
3847 185
3767 3242
680 6992
2358 2690
3897 8277
6647 8459
2186 2159
3998 5430
6135 3894
4777 1233
8404 4388
6305 4348
2345 5965
3886 3277
6772 4714
4932 7229
7043 443
2658 3997
3975 1047
4592 7617
3661 6921
6715 3700
3249 6108
7006 986
4825 1058
1381 4062
1544 8556
1 8914
7642 6411
7175 8708
8087 8586
4760 7232
646 8129
217 4085
3279 2653
7558 7959
7985 1766
7781 7416
409 172
5602 8662
689 8498
1659 6185
6829 286
4725 3962
2665 6215
7488 1936
5901 5032
2514 2498
8984 692
6856 8827
5994 25
5101 2134
7793 1507
685 4179
372 5558
8290 118
785 5957
3151 8437
3124 2235
2563 8593
7593 8947
242 8937
6272 5670
1804 7206
1179 4833
6898 1268
8659 5520
2597 8397
171 4977
6497 458
8389 8257
3084 129
3153 1178
481 8237
7968 7032
6111 7930
4174 638
5685 1872
2252 1135
5380 8904
452 2559
8297 1790
3017 7660
7593 7687
3031 3642
3107 2472
4499 2982
2132 4260
4549 8097
6414 4159
5453 730
84 3072
3781 6273
6112 1676
8029 4531
15 5514
6529 3035
5582 7299
1894 118
52 2857
2794 8394
5129 3323
398 5972
6173 6126
3287 1601
7390 7000
4695 7825
343 7890
6010 4684
4850 426
2309 5243
2736 7703
5310 8584
939 4486
2072 6966
5489 8616
8255 8617
8184 7161
4257 622
6286 3149
8674 6953
3457 8683
4538 8739
7978 7963
2831 3853
6543 8403
6395 7166
16 727
5403 2261
511 7474
3806 319
6048 91
6470 1459
4167 3296
6944 7548
8797 298
7112 858
2924 4533
1060 5068
6211 3289
1601 6294
7548 2304
8409 6405
8429 21
6910 6150
3123 6013
8848 3875
761 4299
5482 6968
1723 251
3148 8747
1391 3857
2074 8569
6531 6655
8647 3699
7160 3442
2807 1411
6991 2394
7355 8414
3350 1686
5027 4783
6674 1092
4261 8497
8144 3791
8762 937
7985 5446
1786 4839
4612 856
3514 49
7443 5786
1061 7305
7018 6670
3538 5543
3778 5692
4953 6800
6217 488
3666 2057
7632 5116
838 3996
7796 8750
5804 8914
6120 2982
3751 8584
3691 4287
3695 3148
8445 5672
3521 180
7822 982
2138 1477
4183 1006
7910 6767
2633 4379
516 7390
6055 7518
3523 7533
7780 8913
7123 3900
7220 3430
7576 927
8685 6457
1442 2774
1720 6328
3062 1447
823 399
8699 4457
834 2168
6766 995
3550 3361
7699 6184
4861 4401
5147 8650
7509 7452
335 665
5413 4482
6188 8457
7663 2422
1508 7284
32 7231
1199 979
7076 1014
8288 8708
332 3453
5243 2862
2251 4928
5065 393
4143 5351
7438 1896
8017 5092
1639 5060
4134 3727
5668 1649
3594 4610
5256 4931
6995 5374
1838 353
7000 1389
1254 3093
6622 4853
6557 8033
2211 651
7831 115
421 5379
6087 219
5492 5020
6480 4142
3714 6036
300 8232
5321 5103
5310 1089
5095 2741
4315 2451
8176 2707
8010 3847
5529 3959
6547 4867
2728 180
2915 6936
2503 2848
8466 6031
314 3706
8678 4651
5982 7092
2476 5633
2095 4670
6968 3505
5803 6843
6609 149
5105 7690
5033 6970
6154 7280
6613 405
4947 1788
8336 6430
8605 3954
4144 7950
2485 8392
3937 7091
136 8821
4375 64
4761 4823
2673 2681
8537 8171
2157 4039
4005 7807
4795 8921
1677 1044
1952 5710
5060 4603
4092 2854
5312 3682
2556 960
4749 630
8524 8470
1161 3169
1654 603
8248 7391
2671 8344
4105 2134
4036 820
6620 4322
6846 6539
6228 1423
4949 6207
2563 7555
7663 965
2177 1043
5588 2875
3368 1903
2365 8621
2952 5326
4417 7333
4661 1580
3555 1351
6513 1556
6821 6234
7484 3791
567 4522
7382 6240
4561 21
2726 4964
36 8510
711 8968
8543 7603
97 206
4787 3946
5166 3937
7618 4265
2465 144
3106 3074
6890 3425
5564 4041
643 6715
529 1482
1369 1085
8899 4661
3985 226
595 5310
1653 1967
6431 3729
2557 7448
8728 7975
7361 6858
125 6297
6388 6068
7636 3615
949 378
3922 8744
8332 6544
7027 8134
8446 543
7916 7873
869 2369
6469 8745
7584 6492
1459 5575
7179 4307
296 3263
5366 6356
132 5637
8853 6277
6585 2654
8781 6359
2311 4056
2421 7779
7975 3917
6306 4063
419 5810
2301 8961
6053 7307
532 7579
377 7459
5347 1698
8068 108
6058 1690
8342 2059
5300 1221
4369 415
1168 8613
7346 6953
3175 133
5717 1623
4870 5460
6175 8540
2052 8491
4540 5881
5769 331
557 3039
1244 7246
1680 2385
6634 1991
1841 6459
45 4588
2363 6764
7915 6648
4915 3838
5475 3924
8135 2005
8527 8869
7686 3566
8156 1689
2874 2432
339 298
7147 5961
3977 4553
3100 3692
6766 5769
131 5595
5757 950
335 6587
7220 7004
5128 2887
405 4166
1316 2941
5540 4955
5964 548
2057 3636
7633 701
5536 3288
6317 8354
6913 2854
643 4147
655 5677
8078 4129
832 506
312 2566
1459 1920
578 4981
4303 2062
6595 4045
8397 2961
3300 4757
16 1567
3069 1105
946 7264
2950 7663
3257 4668
3720 1363
319 7140
5466 4573
5812 6459
697 6712
7251 5638
2790 8905
1586 8405
5352 4428
3572 8889
343 8887
4344 4196
1409 3380
1771 7628
4449 3501
4715 8947
4837 2666
5382 267
3014 201
8188 4949
7438 8827
1757 1995
6719 2408
3555 41
2264 21
8379 6651
4335 5352
1647 908
24 2313
2678 2301
2364 4599
1048 5855
4398 2648
5750 262
4899 7194
1253 4352
4694 1217
2682 8032
3908 2732
7839 8482
3261 6897
5653 5437
893 6629
8547 6040
2553 6293
2280 4240
1265 6221
755 8342
6606 307
8929 6039
940 8987
5465 1884
1194 334
5301 6384
1715 5742
6246 2251
966 8140
8203 5783
4916 1470
8653 2165
2658 525
2123 4162
3802 7181
2797 673
1536 1418
5316 906
712 7114
6848 1270
91 4531
2738 4163
314 5954
1886 639
4426 5930
7423 4815
6333 7949
7375 6709
746 8088
4808 5802
3488 5052
697 3789
176 6738
7674 2090
7813 908
8549 1193
8458 1149
2089 4484
6363 5031
2138 5014
1421 6371
8852 2049
4606 1430
7715 6288
4514 7021
2568 4784
4950 3909
2387 2183
5665 4200
6888 306
4062 5257
4387 8165
2766 5840
2328 4469
7309 1142
1057 2078
2744 8509
1535 1009
65 3303
2758 3650
3347 718
767 3300
8646 6886
8993 925
911 6401
1207 3613
7713 173
5734 1147
4922 4705
144 3983
633 8799
2293 3567
1457 4958
1461 1238
4249 4999
959 2686
4020 5152
1085 7214
5864 4205
8713 390
407 6970
8546 5571
2224 420
1661 5366
3470 1932
780 6678
8294 1163
8135 8278
4758 6050
3304 7122
5716 6510
2738 2666
3335 910
5825 2753
470 3028
4462 7961
5043 1391
2036 1554
3118 6844
5483 2095
1629 3543
3730 3098
8254 2496
7682 8016
28 3862
4453 8349
2532 6476
455 4105
6734 8629
5115 7066
4072 1751
342 4776
331 1532
3302 1853
4726 7866
4435 50
4665 4355
3331 1820
4654 6193
3438 6052
1707 7701
6562 2156
1531 2927
5274 5534
1575 8982
5098 7244
8307 4043
2021 6130
8435 175
6568 4699
8280 6466
243 2572
1478 3048
5170 8544
5994 411
2726 1921
257 1985
5041 6557
5342 6928
1459 4164
8630 382
2643 4161
796 4114
7384 3909
3118 2968
1182 1069
8842 286
7020 1507
6310 4211
380 690
2233 5589
8230 7701
4783 1705
3234 7353
4269 7577
8830 7052
2148 7839
473 6532
1534 1061
1699 2066
7126 8394
7615 2352
5280 1284
7715 3801
6104 2882
7013 8984
3752 3451
2148 6545
7451 847
4366 8724
7183 852
1720 6895
4408 3565
3333 3285
2119 2843
302 328
2208 7919
3017 1274
654 7495
6936 6781
8834 3312
8394 3563
554 7326
1314 5511
3288 5837
6869 1720
2068 218
3707 6885
743 645
5002 5473
4855 58
854 2498
3825 5865
5663 3995
5014 3834
91 3269
2565 6164
798 2581
5839 4980
1200 6920
5645 6743
4217 7328
6 7864
4829 5553
3303 8608
6022 373
5539 7921
7173 3230
6705 391
8949 6880
7519 8491
7248 7759
5993 6294
3709 8899
5474 8839
2791 3977
5525 6052
8004 7280
2728 512
916 5940
8375 6241
2922 4087
2528 3757
6811 6454
2578 7407
6594 1066
7072 7353
8943 3445
3213 2530
5454 3311
7056 2379
4099 4382
2088 1092
6038 3659
4509 6898
8339 8020
5060 8166
6602 8373
8845 5860
5722 717
3497 8144
7162 6391
4377 6720
5028 3043
610 5630
1027 799
6065 8026
1674 6772
7569 5119
4590 5278
7099 4394
6334 3668
920 7483
7689 8119
5267 3872
3270 3357
4989 1539
7914 1048
990 5681
3335 1599
2099 8657
7415 3961
90 7295
1207 4984
350 7160
1290 3441
7413 750
7343 4451
5807 3007
1191 3399
5962 8621
1049 19
8771 4844
8815 7616
5174 6674
959 6089
6129 7884
8895 1732
1151 6999
1163 1854
345 5785
1519 5458
7559 4386
6824 3724
8948 5092
8982 5691
7875 2526
8245 3402
6282 8048
2086 5980
3010 2935
1679 710
440 1604
2835 2909
200 4550
8012 827
4807 6685
6084 2070
5391 1696
341 1290
4011 1378
8628 3133
4458 6754
3314 5454
8907 8310
1254 7103
3450 3592
6296 4135
2833 5552
3332 2252
2194 6703
3438 1301
2638 8529
6029 3930
3332 4710
2002 8698
5262 4398
6319 3943
5587 5528
6906 8598
4507 1732
3766 3041
6200 5049
1138 4987
3394 4191
1343 3348
5267 3027
6092 5536
8449 53
7615 5647
7324 4178
1378 1697
4992 4882
8707 4535
5238 7639
6316 1258
1286 7372
8062 3626
5021 2659
8490 1339
7452 6896
8119 4817
7416 5172
878 8070
2002 251
1401 2301
5711 6580
5021 2439
6216 6811
2034 3806
7678 4888
8001 6141
2083 7678
4589 8078
5220 2496
2503 1122
6343 904
1897 3090
6507 8640
3230 6288
870 947
4098 3215
5054 1264
2037 3950
8566 2850
4373 6940
6093 993
5192 5151
4700 5045
1048 576
3824 6924
5641 4865
783 3557
4514 3815
2244 7401
4550 3590
2044 3751
8223 1598
1279 7324
4349 6081
100 8224
7347 8734
7708 5452
1433 3819
8905 855
4043 4369
7985 3244
4958 8488
4936 4097
1980 5559
5141 5878
6880 6948
855 423
4665 7329
458 2059
8482 2014
8604 7488
5379 7649
4343 2384
732 2512
1332 1650
1486 6791
8388 7403
5940 7820
715 1872
4936 7662
2044 7227
7923 7544
6104 835
1085 7738
4317 4271
2039 2309
1067 3994
3514 7789
8450 3933
5656 8313
4295 7242
4691 4317
6334 7508
1853 4642
4490 1443
3708 7520
4279 5240
1446 7170
7496 1564
7733 8678
8196 141
513 7549
7585 5755
5695 1590
4727 817
5165 4919
8977 3384
4210 4617
5926 783
539 8205
8657 550
5728 5780
1212 5800
5329 5667
4088 6448
5441 6433
1367 3317
2606 2712
7868 6798
5891 1179
5337 6843
5007 1986
5209 573
1944 8643
2100 7024
4884 6787
431 6136
3168 5910
8191 981
2293 2901
5575 8728
7440 8061
3011 7463
7756 7623
2361 358
8669 1699
6732 7024
5943 8237
1994 953
264 4307
8467 5622
5831 4650
5702 5001
282 5794
4815 3525
2473 3136
4215 647
7873 8903
2869 5996
8409 7951
5813 8089
3787 3977
4004 532
5718 1009
5724 4225
513 6305
4175 6327
3606 3600
1147 2943
1054 1897
7462 3618
8802 744
3496 8490
5808 3258
5893 1927
7503 5839
2962 6101
3762 4717
4622 4594
2602 8637
735 6466
8221 2868
3702 7682
1105 6023
7616 3787
7055 3728
2618 2538
1450 1775
2925 5290
7627 6069
3798 6845
6800 3590
7890 6360
5367 6229
707 3050
394 2767
3646 3122
4239 4081
4515 626
679 7951
6602 4391
4076 3448
8027 5538
6627 2492
5613 6821
1741 2614
3349 2426
8655 3487
2736 6679
3519 2636
8530 1907
3649 8164
1231 4204
7057 3500
8710 3735
33 6740
6813 88
7734 4983
4676 5689
1660 5522
7503 2744
2816 6053
8700 7699
8705 8567
428 2269
5978 5951
7653 2533
8260 871
6881 3616
4547 3776
2480 3914
804 1291
5574 6102
8967 5275
2638 8430
8073 4187
3303 4164
7460 8391
2046 4640
2508 4856
7730 4676
1586 2215
7257 1247
1717 4834
4517 6136
8346 1090
6263 5137
2762 4838
3353 1252
7326 190
6421 2525
8084 2688
952 6319
6687 7218
8019 4335
5164 1707
6445 14
8540 8288
1472 8507
3015 5120
329 7549
7713 7327
1139 6962
1585 1551
7940 4184
7156 6920
8765 2064
300 463
8198 4098
7065 7667
6012 5282
7431 1425
5663 491
4715 2086
2056 7929
6453 3764
1620 5769
8249 5685
7921 6712
6014 1447
881 1029
6157 6414
1197 701
813 7347
4327 7945
5260 6874
2547 6645
2976 6020
6261 4826
6615 7111
5421 2944
5027 8866
8892 3745
7016 4763
2506 1716
7621 4172
5627 5921
3051 8947
8349 5510
8918 3080
7151 2144
8643 8705
1415 2206
4253 2460
318 4051
8248 6294
107 2815
1852 7255
4807 1376
3823 8460
49 5816
322 5824
3508 4173
6228 3846
4519 3650
5135 5363
2906 8951
5426 4915
5666 6770
8854 1575
736 1493
714 1298
3971 1948
5453 3121
6330 2759
775 6638
51 2458
584 2543
134 6461
8447 4468
7513 6972
1557 564
2746 7636
7575 6737
2200 5762
521 1040
90 5538
7474 5234
3477 2543
8362 7803
4963 8903
8294 8389
3881 211
7945 8155
4756 8039
2921 4218
96 432
367 1325
285 2859
5320 8804
5328 5338
938 3970
8496 2782
237 2698
109 969
2857 3876
5808 8561
2815 1441
1628 2724
566 521
3552 1451
4661 1873
6808 8401
170 6353
4038 8987
5 238
3164 1002
6983 924
895 8021
4889 5692
7741 7495
7092 6190
3902 1704
2075 5924
5309 8062
7371 4090
1574 2796
7628 8406
1537 5019
3347 2688
7282 887
218 635
2034 2236
2939 532
4598 2031
1455 7857
6081 4913
390 2621
3404 7472
2692 2122
4600 8381
4089 2193
7111 5378
81 8647
827 3258
1753 8725
4678 6621
2554 7356
8764 67
5518 6913
5282 4510
4524 7062
3107 7400
2863 1729
1096 6330
4268 2012
1423 1956
2688 4048
6751 6270
3428 161
279 5947
5240 4782
3336 1524
7406 130
3230 6198
1950 3503
6443 3242
113 7537
4867 272
7471 8306
3195 2785
6558 2736
4827 4081
3219 2560
2207 6320
5370 2622
6851 6316
7220 6191
7905 4755
6636 5672
967 1002
2107 8014
5598 8522
1864 7767
149 1637
6056 3235
5568 6246
4869 2403
1370 5485
6768 1058
6612 5999
1151 6551
5 6940
1351 2085
2982 4595
6485 3199
3920 6741
286 5162
837 8769
6266 3758
3422 4758
4886 2880
915 1439
1509 3419
6185 7634
8400 4081
8267 4654
5652 7733
8986 6241
3853 8852
6233 1672
679 7804
8291 5337
6599 7923
7519 5164
543 4952
7402 1105
6520 5712
5342 8771
458 2120
1252 5795
6518 4476
1558 3487
1758 497
3035 1482
2566 1321
2264 7000
8554 1763
481 4529
4522 5508
1488 4851
2140 713
8606 8024
1480 6524
2714 5671
6576 8984
8112 8177
1519 6173
5147 7296
3591 3567
484 4469
4074 703
884 6215
6627 8844
5514 5588
3397 5083
768 8256
7589 6895
7951 1396
5787 8269
6481 8674
2463 2456
4171 3615
1482 7432
6668 6653
1353 8467
7655 3360
7974 5103
2735 3694
3678 6954
6873 4536
5760 7062
8432 7372
5197 1153
6539 6973
5206 7570
7681 5482
8660 7401
8544 4782
3832 7665
1993 1531
3258 8800
4164 1101
6590 5476
2518 2632
8319 8934
708 6228
6250 6681
443 907
7873 8054
6977 6223
4778 1355
2880 2314
8040 6767
7083 6979
3641 5860
716 5916
5364 2208
5082 2508
2316 459
30 6195
1913 2440
6009 2234
5282 2022
1211 1331
1670 2858
690 4240
7878 7561
2330 8595
1866 36
2753 5485
448 6988
6965 7199
7596 7475
7849 2188
3644 4362
8600 3282
403 8482
7426 963
6113 5509
1194 7827
3092 4310
3438 2903
4221 945
5459 5333
7564 8342
3663 4123
802 8832
8913 4421
7692 8756
2180 1517
2116 104
3874 8905
6670 2367
1084 4542
6028 6909
645 4871
7377 3208
3751 2315
3113 8911
5147 6301
5774 6478
5337 635
8313 3725
2452 843
8183 5417
4716 5569
5886 8061
5003 481
4605 4371
4449 4690
7812 4420
8790 2822
5 6184
197 5560
258 7523
2138 8998
707 5479
4349 452
8209 289
4781 5543
4931 4144
7407 6666
7747 1484
8713 579
7642 579
8702 1084
4877 8098
6361 2631
4641 7747
8684 3633
2394 2056
6891 7723
2147 7598
5420 7759
3902 7280
3343 6671
3782 7632
1698 3857
8026 3814
6325 4999
5210 5
229 2263
8107 5493
466 5289
1691 7019
1727 757
7373 5416
3106 5523
7624 6798
1330 7050
1641 361
1238 5080
6196 8223
8634 4628
4344 8244
4947 7064
5382 1350
3146 6559
8143 4276
5862 4685
1903 7814
646 7243
7328 4683
4424 5084
8001 1495
5636 6276
3092 4158
7386 5297
4702 8997
4616 1096
5888 7365
8508 794
5950 6387
3591 1866
8573 8236
8449 5117
372 4063
733 2942
1745 7973
3222 3647
4159 5967
3353 6207
4820 8700
48 3220
7415 2869
2563 1604
2506 6136
6897 870
5792 8644
1186 1686
3641 8903
4626 470
7629 2000
6743 8709
8577 6367
2984 1569
1907 7062
549 8349
7039 1371
7736 5663
2801 3663
495 6884
7475 7313
8031 7417
5264 1252
2187 2460
5155 4456
6334 8255
44 1755
8249 7197
1104 7076
2954 6855
5875 1502
6039 4450
2383 2897
6283 6589
2953 5208
3405 104
7446 654
3714 4465
5892 3953
1971 4718
2600 2039
2470 4311
3587 582
6198 8827
4352 6224
8504 7039
5604 1923
7202 4082
2624 4260
8751 6079
6934 6723
6947 6404
7685 5650
4891 8618
2628 2973
5557 4648
5946 812
3910 5816
4665 4007
7105 1866
6502 5574
3731 6782
2879 3302
728 3415
299 3155
2262 5079
763 7842
1457 7665
7647 1110
7706 1648
6981 2894
6871 8057
6643 374
6772 881
6348 2502
3155 8920
5378 5645
6899 4265
2972 3831
7251 618
4018 774
2908 3392
3394 4285
3124 2408
5416 683
2218 300
6981 5137
6439 1075
3405 3892
2184 8056
6655 6394
3946 4606
1042 5702
8973 965
5458 3644
4234 3787
1503 5819
6516 2411
4889 2119
4296 6257
7798 7123
5572 7266
8171 7234
8906 3932
6242 5115
4572 5936
8003 2751
3668 4047
1193 3008
5160 6881
8452 1694
2658 731
6175 3455
1081 991
2653 3312
1171 2890
3101 7602
162 4582
3305 5520
620 5883
7001 6552
2857 3902
3166 506
3805 349
4465 3958
3017 6963
986 6628
848 1048
6114 5322
6049 2575
2036 4793
561 5831
2265 6090
2515 6813
7518 4266
272 1382
6226 8835
2258 1001
1193 8580
6441 8509
7597 4054
6289 4776
6773 4791
175 7349
5362 1611
8406 8629
4978 2077
4795 7803
8016 6612
7259 539
1527 7687
8562 6885
326 8605
7290 3825
4807 737
4845 7712
4615 8217
1819 3197
1686 5119
5557 6049
7385 354
7779 7210
5768 8686
740 1050
4762 3944
5807 2073
7675 2938
2062 1958
2635 6775
7146 2068
1701 3218
575 6224
2473 734
1165 1327
2954 7434
4006 1452
4878 5569
7458 6086
7847 5359
1790 5654
2475 703
304 7892
8184 6212
289 2532
429 6776
8055 5594
4009 7205
6358 559
664 6789
2264 2662
7674 8252
5362 8531
1237 4314
1821 3050
2521 878
3489 687
3122 878
5817 4362
1480 1324
7733 6037
1390 1203
6 5124
7392 1649
545 3507
4280 6320
4045 2425
7308 8071
2005 5177
6692 7890
7513 4943
2330 594
1253 8027
3996 1010
1598 1956
4016 2454
6342 671
3013 5734
5637 1376
1408 1151
5010 6738
6516 2505
2874 258
4978 3196
4649 6050
8822 7765
2609 6730
2360 5187
4311 5620
5987 1648
5072 7016
1751 3467
4335 4840
1566 7159
5468 6502
7309 1814
6256 3915
667 2338
736 2559
2744 7848
173 6851
6457 880
3258 1946
1813 6585
7184 8114
1555 4243
1279 6412
4858 3259
8765 7006
4385 8450
301 7362
8677 5961
3186 4136
2571 4109
2298 6319
2837 7200
6743 4647
2198 1854
1324 52
8827 8820
6175 5570
4332 591
3325 1970
6453 7852
7075 433
3435 2226
4710 8742
5168 8042
1434 2584
6712 1003
6469 5277
7892 1268
8080 6078
7800 4382
6216 6963
3963 173
1333 6187
4872 4745
5134 1272
6443 112
143 8901
8626 787
5209 3738
6991 2655
8984 6656
117 4469
4913 4987
969 1193
3185 3060
8502 5323
8789 7549
1123 8391
6588 8944
5488 6328
4444 6116
3509 4679
8427 5344
2533 4910
1660 4383
8843 7816
246 3175
5699 4527
836 4080
5553 4742
934 8191
5933 1122
7984 2249
3616 527
8809 947
8538 5779
67 8942
5288 5772
8191 8507
1558 2597
301 5207
1333 3449
6832 4784
4047 4639
8772 6537
5268 8251
7263 5551
5101 2643
6360 7174
4066 6857
2575 7523
7692 6514
6495 1224
2469 7562
7961 5307
3733 5533
3208 3449
810 5180
6804 1586
4120 8662
1489 8957
2929 5347
3612 8317
1525 357
6074 7807
6046 8683
8521 5709
6442 3331
2174 1733
7342 5033
1049 4389
3837 4301
7307 8554
2712 4327
7605 1799
363 6705
8557 3151
4714 5727
457 8395
3962 2570
8712 7778
8954 636
6183 7440
1155 1578
4698 7427
4445 5750
1462 6266
8251 5466
4829 1974
48 6423
3785 3442
1199 1275
1507 2758
6578 1492
8587 4079
8009 647
4410 7529
1376 3526
334 8666
5515 3239
3909 8083
4089 7204
2172 6282
5907 8372
876 3864
8331 1207
2310 4268
2129 6690
4718 4075
8486 1363
1773 6494
8870 2200
5230 8499
1801 7894
1463 7831
3494 2644
6144 7984
2231 3902
5011 6474
168 7301
5678 8785
6384 1955
3242 8184
1054 248
6879 7210
3764 7744
4379 6816
5579 187
352 8281
5350 3722
6285 4662
1625 4585
4883 5102
6195 6615
1118 5284
8169 2269
218 5097
8851 6041
931 3655
4678 8619
6905 6064
4015 2537
706 4453
1236 2555
5715 5401
5603 5374
5692 5426
1191 4440
4337 2849
7158 7577
8592 5936
5838 2944
1295 145
1767 7886
8361 7327
7028 5630
7192 8927
3387 3580
8288 2484
8912 1365
3130 2282
33 7600
1513 7940
6982 565
2646 8919
4280 4055
3654 8861
2089 3603
3837 8387
4621 3889
5793 5502
7276 4116
3636 5254
936 6384
5476 5048
550 3941
3428 369
5028 5118
107 6826
3914 8241
4621 5204
2310 7186
5648 7847
7645 7116
3373 4157
6044 3555
2583 5798
2244 5143
3834 2938
7974 6551
7565 6349
2795 245
6804 7929
190 2692
7617 8664
689 5915
4894 1696
6910 2878
8440 264
8411 7367
4047 1165
7958 759
2453 5130
3278 5413
3570 1713
7580 2430
6648 406
3726 7879
5576 2628
2653 7871
4556 4992
1912 8071
7549 254
8642 8845
5704 6666
2427 3898
4810 6057
8845 8416
154 6468
5502 2188
6658 3440
6246 8340
7120 1470
3282 2830
2693 1869
913 4386
5820 1279
2491 5384
876 3906
4343 5305
3254 7605
2685 8711
6026 6431
6113 8061
8274 8141
1439 4361
3236 7800
1120 929
8133 1344
3460 6943
507 7917
7084 2816
4074 1900
3840 7160
8002 1754
1838 1550
8249 4318
957 315
4023 517
7602 4673
650 8544
1221 8059
763 4148
8978 523
6411 8529
6924 3992
7853 6954
2322 3023
2564 3741
6492 7293
1063 3395
6308 8755
5616 4323
4772 7281
1413 462
1078 4118
1723 8792
162 911
5119 7497
8450 931
4715 4028
269 202
5463 781
4999 7876
8172 8515
578 939
5421 2319
602 7813
7852 414
5479 4336
6884 5954
374 6527
3493 3913
3050 3798
3089 6996
1131 5948
2335 949
2208 6526
3874 7081
473 4872
217 8737
1922 5460
6583 1681
6132 8602
4833 4284
7612 8842
5599 2016
3295 7615
6831 8284
4712 1801
2060 5199
757 5956
4942 8377
1662 4220
1230 8677
964 3
6847 4437
3720 192
7915 6408
2798 1780
4065 6173
8256 7130
8477 505
4609 5143
2139 204
8655 3303
4431 1300
3992 658
795 8354
6302 4437
2029 696
7433 5904
1066 5531
5345 1441
8536 492
161 4192
1892 1110
4097 3577
8794 3051
4803 6327
3546 4796
3020 4798
2664 5707
4239 7389
1462 2288
5581 465
3382 2151
3539 8138
5369 3832
5003 2869
951 4423
7919 970
4259 1019
4074 1105
8659 682
3047 5153
5516 5987
6655 5089
7447 4020
8253 675
2070 2829
139 6987
65 862
7691 1274
7609 8157
569 1070
1481 4151
5891 5511
4436 1509
4758 2214
5055 5273
8551 4003
3811 8122
8078 764
4015 5853
7447 2727
411 4618
4661 2858
1192 7266
6793 6334
2929 3769
785 7957
330 8829
8386 1302
4904 4542
8681 1531
6185 1880
6242 1863
5657 4226
3517 6456
668 4273
1512 2032
5685 897
8924 1199
5848 6249
6935 2380
7207 8577
4327 3085
277 7492
7427 8755
4220 8529
8958 8374
8883 7044
366 8580
8540 2863
7864 6681
6227 7018
6757 2746
3320 6065
8384 3225
5860 4043
8635 7107
6696 2350
8763 5090
1338 736
3432 8515
4328 7856
8141 6482
2007 4192
8878 4130
3699 2403
3930 8081
1688 8211
6633 6120
5707 7099
6417 752
8663 7881
753 2281
8605 6535
209 8862
2274 4481
8898 5045
8526 3472
6892 1476
8281 1506
6034 7307
2108 8420
8156 2534
1913 632
5248 8640
6827 6780
7858 6297
1817 7961
2697 7788
935 6926
8909 7494
5389 8394
4352 6199
7206 2207
7287 2589
5013 4195
2705 4193
7414 817
6530 5050
5283 488
1790 4385
8810 8182
6183 7052
2340 5542
1852 5231
239 1727
1697 2318
4218 3390
5204 6020
2935 3705
705 6292
6763 4521
5496 5504
1997 3342
3858 3454
7387 2457
5608 5402
3203 6036
8298 462
2075 4162
8309 1232
384 8294
4785 574
1861 1470
7574 4811
7676 4298
3998 3730
6766 2084
7715 6987
4510 4228
6394 4627
8926 3
3455 6805
5268 649
79 5341
3341 7709
6927 511
5000 3898
1471 3022
4635 1399
6257 92
5083 2774
3166 623
5693 5072
2397 685
6461 1128
2824 6698
3927 5809
5052 8049
2386 791
3695 7066
8980 8449
1280 2880
8197 8339
3569 4224
1061 3360
1333 8141
6484 3877
6371 5749
7791 1644
7388 3606
3452 1120
3311 1508
1000 5772
2097 7363
5788 3721
6731 4599
3838 7075
3119 6604
500 8440
1345 645
5874 603
7408 2079
7028 4777
5569 390
7813 6306
6892 7702
5314 7783
8898 1843
3923 3525
5208 7090
1265 1846
8853 1963
6531 2574
6866 656
7913 4701
316 5763
8215 2955
4824 7217
5904 3171
3668 8349
4695 2987
6294 7769
2024 5015
5037 1153
4164 6251
4280 8266
426 884
8497 3134
4729 208
8246 3709
5044 6194
7800 3065
6612 705
753 8464
3002 2969
5061 7199
6156 7363
820 8397
6950 419
4127 264
3541 6098
7351 2661
3376 2014
2957 2487
1482 4353
7008 2184
8437 8299
7745 2914
7062 8733
3789 5766
3127 7266
7846 4270
6958 2396
8572 6730
1531 5994
407 4091
507 112
4366 4877
4714 7992
4284 8773
8914 293
9000 2857
44 1969
1207 3449
424 1056
8491 4374
4249 3196
8309 8292
5778 6785
701 75
8035 2888
8019 3717
4674 6207
434 1177
4969 8574
3054 1060
8970 2812
3013 1975
4376 951
3712 6060
6048 5380
8675 2864
4450 4246
3451 4528
1883 3705
6459 5416
4831 5912
7547 3812
7703 3348
8539 7960
1331 4601
3821 2456
8353 283
4478 2616
8505 3259
8962 8773
3607 1982
4431 721
213 2632
8542 2890
3514 686
2900 6351
7276 1950
5544 6021
1608 6894
8902 7754
1760 7868
8589 6385
2566 8857
2746 6714
3094 7717
2806 295
6500 5955
5648 3056
848 2709
8640 8909
8757 7252
752 7374
2258 4592
5854 5581
3686 6876
592 2874
1188 1299
3064 1952
1106 5191
85 5621
4356 1182
1352 3639
4568 1567
285 1041
2873 1457
480 3137
8235 5024
7566 6468
6621 997
4997 6934
4365 349
3142 2977
3498 4072
4234 4135
5451 105
191 8701
854 3012
6741 6119
7651 547
6621 907
4237 1327
4799 5403
4677 888
8483 6426
3248 7220
7979 1740
4059 248
3991 7896
1963 6623
3557 3751
3870 4826
3564 2304
5084 8331
3560 5978
5838 3697
6507 6174
2905 2768
8310 1563
1512 1252
6875 3550
3105 874
6254 1555
334 3900
6437 4116
1091 4197
4519 6348
798 6862
5115 8475
8864 7755
7967 956
4692 6218
8234 6251
6197 4111
1558 827
204 8622
3352 8958
7022 2975
1101 8710
146 6067
168 3595
7069 4587
8690 4246
919 6145
7792 7322
6392 6518
5335 7312
3169 5347
5792 5782
5211 4219
6751 1186
5873 1801
6526 2429
7917 5406
4066 2848
1049 7002
3031 7684
5068 3495
1486 4751
3839 7487
2144 2696
5558 94
80 4465
3250 3137
7158 617
3207 6060
835 6365
5017 3108
1723 3401
3326 4025
7196 7933
4630 6925
2727 880
8772 7775
7505 916
5973 6219
4316 2285
643 1142
8678 560
6297 7975
8520 7142
2315 6823
4169 8499
1213 5598
6148 353
6370 2251
453 6751
1180 7711
2032 7038
3012 4853
8719 4828
129 7522
1298 2704
7531 7960
2600 5890
5554 1980
838 4225
323 7061
3445 3151
7277 5115
2953 7501
7889 5554
3935 3608
6787 4416
8101 2779
63 5800
1915 785
1223 6488
5235 455
479 672
6979 3687
5265 7084
3735 7224
6761 7399
2805 3804
2981 3550
8150 5145
5969 4005
1101 1563
7131 2710
265 4095
1596 8840
8248 4383
155 5051
139 1802
7644 8472
7781 8256
1986 4290
8511 474
3157 5456
4103 6185
8249 5617
1547 2775
3531 2489
2750 5318
5889 2721
5521 3414
7088 1701
4204 2440
6881 2360
6284 6622
4183 3060
942 6657
7186 4822
1652 5939
7773 8667
2217 6473
6452 8649
185 7951
7627 7544
1303 410
639 2248
6107 533
6490 1328
1341 2497
5066 3213
447 8662
1551 6522
8330 5248
5079 1936
7673 5536
97 4075
5823 2242
4500 2242
8478 429
4354 8883
8147 7345
7612 5730
477 3409
3075 2806
3739 7979
7167 7210
7508 1783
2240 8609
5171 594
4485 688
6816 4503
4184 2411
5649 6139
7339 8475
1959 4247
3148 5859
8130 6906
1076 1326
2193 6331
7913 5264
3656 2718
8147 5228
667 8644
3513 860
4358 2907
2343 5634
508 5595
6084 8475
5897 914
1057 132
8046 8437
7669 3833
1706 4475
1667 2289
2502 291
1730 7325
1743 1806
8696 1297
4070 8379
404 4848
3382 1180
1626 5399
7127 7624
5531 1994
7862 6141
5118 7854
4617 7165
3319 4286
6597 353
5161 4093
2205 1872
3317 4420
2631 583
7209 6434
5852 1532
2575 3176
6509 8169
8330 3592
7127 3159
4902 1719
4606 2804
5478 4506
3353 2538
7645 6754
6403 6751
8793 3019
3591 5892
6031 7881
3875 437
8781 3932
1728 5927
8809 8386
3741 1379
761 3412
2775 1715
141 261
635 8289
7092 7874
3576 2728
917 5279
2902 5679
6509 1428
8241 2440
455 5838
5228 1958
506 262
653 4573
2985 6225
2873 7267
8058 5063
2982 2789
2415 5981
3967 5563
6059 4289
4564 4
8964 1962
4950 729
7574 2514
7021 4847
8378 4171
3922 3859
2085 8548
2920 1953
2070 7770
5065 373
3377 2692
7502 3763
7785 8505
8778 8892
8881 8098
134 1582
2749 7445
4960 8166
7792 1128
8697 6202
65 8740
500 2669
6360 7757
2435 8988
526 5339
4043 2994
8928 2437
3216 1319
8100 206
5140 5196
2751 6783
2153 3656
2952 3305
6662 3697
5688 4471
115 1921
6799 3955
331 2844
8451 5698
7591 5811
6620 4701
780 4107
1341 2276
4397 2041
712 2654
7411 6426
3747 6530
4820 6297
6897 4547
8300 4460
2250 8186
1508 1605
34 7263
2845 5043
7367 8276
5687 7183
1200 3511
3275 2401
7805 7774
390 5136
1912 577
6824 8043
4601 3063
4022 4730
3164 2953
6203 4022
122 6037
2434 1758
2389 5801
6825 5618
6265 1476
4105 7824
8592 3334
23 2862
7690 8428
156 6203
4562 6394
3594 3069
5327 7450
3595 1767
2626 3415
5754 7861
3466 4786
6248 7858
1433 4216
3445 4692
7583 5688
3128 7692
356 4695
4062 7398
6522 6526
7254 4023
8328 7878
5515 5317
5285 3837
4348 4229
6603 7172
1846 7687
7669 6051
2973 6934
2813 1385
7093 4533
1963 6647
1125 368
8447 8602
4000 3433
853 5089
2858 6835
3299 2739
7631 5681
2399 6307
2420 3931
7434 7599
8239 3232
6780 8473
4918 2158
4571 6177
5430 3099
5334 2336
1439 1523
6075 7665
749 5541
6656 5253
1625 1595
3663 4186
8971 4830
7641 6637
1901 7744
6162 2866
2807 3377
5094 4388
6895 3012
569 5571
4562 4196
6131 8696
1620 5179
781 8084
6207 8439
2266 7376
3538 1990
3288 4459
304 3172
3430 8872
3661 5886
1488 5540
5260 6712
2373 663
977 7750
5214 8865
6617 6685
8956 1115
5319 8030
2633 3982
5378 7082
3409 1641
7570 6184
6687 8787
1327 4799
2641 5359
3248 3355
4902 5042
1366 744
6947 1836
3469 5152
4722 5942
3715 4896
4862 6772
3742 5859
4052 7935
1675 2694
329 3266
6067 2887
1300 3143
4099 557
2244 5032
6703 5100
8072 4229
7494 4809
7063 7767
1001 8552
2004 4841
121 7336
1209 2666
7397 8451
5624 5646
2546 7331
4770 5646
8688 4493
6650 6199
8001 8927
7615 8283
2743 4800
3076 8764
2780 141
69 1818
7268 1153
2117 3307
2763 8301
8170 5520
2298 7290
6814 4137
1151 8550
2777 4255
1699 2658
6651 4855
7679 983
2685 7029
8687 7549
56 1445
8418 6530
4361 1337
7310 4287
8308 6104
2735 2326
2894 2817
4125 7526
7903 7405
4805 7197
561 6963
4507 8882
2670 2203
8819 23
8035 1472
3773 5950
7295 317
2749 5944
8263 5984
571 2344
2496 2541
8742 1774
7019 4104
8224 5269
2719 4081
1249 8836
6187 4289
755 3840
4845 8325
4768 8212
8661 436
5775 1930
1049 1032
5568 2538
4584 7600
4313 1910
2180 5775
7841 3626
8727 6730
7731 4879
7408 1720
718 6882
1402 8293
7635 7489
8342 2432
8647 3829
1287 4360
314 233
2496 7454
8045 376
3145 8523
8911 5877
314 3607
2213 1008
7664 4176
8062 3271
2576 6313
4780 7029
833 7871
6140 419
358 2352
6285 2258
6881 350
4038 44
7295 3290
2010 5855
7768 6965
1969 2913
5676 1092
5515 1489
586 4141
513 7415
4981 5727
6231 7276
2083 7943
8981 7965
1637 2890
6059 6344
1722 6578
4543 8834
5624 5107
6724 6010
970 1861
6803 8723
4417 8866
7797 4448
5510 7970
8479 5898
6435 2708
4804 6246
3325 1661
5887 7551
505 6629
8700 2605
1402 319
851 3099
8358 3279
3994 8083
889 3492
926 4344
1406 7316
6179 922
4379 28
1594 6361
681 4856
5837 3902
7656 768
2027 2622
6501 8149
3233 6128
2004 2360
1693 1429
2375 3157
7598 3491
2769 7456
8367 5149
4440 6829
5903 7226
8780 6253
1014 1991
1096 3997
8567 1691
7277 3414
6192 2880
3310 5892
4709 6644
5104 530
3868 6145
7051 1077
577 1173
5022 5193
1825 6
4133 3603
5028 3596
1738 7992
935 1377
7619 4809
7979 7577
7249 8243
6267 4305
6970 5014
6119 5686
2865 1111
4076 2155
5828 8409
4647 1519
2423 2392
7781 8090
2579 1406
4620 2493
678 1162
6593 1116
5992 911
8789 5926
6088 4288
7347 3001
3942 5180
4582 6208
8106 7377
777 2737
6662 237
2783 8561
7073 1377
5748 8958
8937 3917
5839 7334
1762 6149
4222 3738
353 7060
1963 4977
2730 2149
8178 3416
7044 4023
3421 8031
4867 7140
7502 8500
3871 4356
278 7189
561 3184
2945 5047
1849 3056
6777 1540
7152 1331
1849 4080
442 2273
5849 5395
8644 3633
6582 3935
8201 836
1206 8823
3444 1011
7370 6015
5284 7343
986 3386
2689 3803
4720 387
5853 5937
7010 6783
2052 8086
7514 8545
2381 8636
3993 7081
8360 3713
1214 6475
3138 4488
1693 1515
4248 6738
7612 6528
4443 7159
2523 5891
3091 2859
8114 8788
5653 2516
8485 4390
37 586
8427 162
3036 6005
6746 3102
792 4181
171 7738
1815 3580
6667 6078
5022 8097
5294 516
1741 2558
5181 5975
6378 8770
4648 8107
4871 2627
4545 5579
5352 5349
4457 5104
3112 7067
7 2825
2066 8496
720 8294
4466 4617
3691 1260
2784 3295
4258 534
641 4620
2983 106
675 7316
8169 5315
2479 4498
1026 840
823 1470
678 7126
651 485
4567 4225
7873 8162
5786 5967
992 1051
8191 90
526 3119
1222 7165
6537 2693
1654 7902
7920 829
8888 3198
2190 7297
946 6433
4513 6674
23 3304
2471 4328
466 6253
5934 315
1895 4806
3447 8052
8977 7335
2027 8557
2914 1261
7653 2821
2413 5072
2972 5586
5141 3974
5195 4160
3821 827
4469 1147
7712 1476
8315 6955
914 6643
8524 3557
3307 8226
4435 7900
8873 8175
7772 6329
2198 4311
6039 6106
2227 379
542 6476
8822 8100
4445 8449
2643 1698
1062 3121
2797 552
3566 1344
3500 7396
2463 5266
5517 4446
5947 306
1354 7359
2792 3847
6507 6352
6907 4496
2634 8748
7030 5578
5448 5479
5953 7346
1863 6011
8677 621
8327 4377
5067 7604
5624 3922
6700 8579
5777 7085
1835 1715
439 7225
5579 2163
8607 4634
183 5415
6701 2079
5997 8792
5267 5023
8375 907
8101 5464
6682 125
3135 324
5579 8280
6173 6078
5876 4989
7246 7398
1482 8580
7800 6503
6329 8066
2201 6927
4993 4187
1452 1278
3339 8540
895 2226
6988 1551
839 7707
322 7710
6021 1662
1255 8951
4082 3168
5861 7207
5061 985
2531 4416
8546 3212
8741 5341
1872 5539
5230 2742
8005 3015
8993 8152
6903 4248
5246 3463
7046 4772
7003 8691
2033 8575
3041 5178
297 7590
563 5661
494 7084
8974 1180
8911 6453
5104 6816
8864 8328
1142 113
1537 5407
5262 8185
3944 2698
6271 3521
7094 6525
7744 3444
519 1322
4655 4663
331 444
1696 8074
5943 7043
8276 4909
5842 1458
8562 3903
8021 5385
7294 6921
7331 7314
127 289
617 2763
1375 2994
8149 6299
4447 7084
8251 4125
3075 8428
2738 1558
7101 2685
8071 7355
5004 6145
17 8209
8574 111
2182 2814
4718 6278
8835 2704
8849 6986
3785 3086
5235 8083
7047 2428
7756 3403
4810 2953
7668 1847
8510 3204
6167 4155
1410 5697
7223 2217
4859 1099
426 581
1868 2357
339 749
3215 2153
6738 8651
6614 6320
7482 7674
2916 1982
6891 8113
8930 8122
7896 7843
6665 8241
436 599
6499 5520
965 7044
6033 3794
5843 627
8497 5615
7515 8098
1475 2459
8858 4621
1926 4442
7851 5560
6338 7644
6402 4387
5660 7016
4903 796
941 165
5047 3032
1411 5314
5512 8131
7114 8980
5305 8379
1631 1523
2096 4038
8666 448
6114 3744
4220 886
3974 476
7792 8605
6087 3675
2275 1242
8949 6857
126 5241
768 3933
5711 1591
5799 4936
416 2315
5563 8319
6382 1053
8648 4392
8277 482
5971 2252
7365 5634
2225 901
3483 8552
3187 8824
7312 6573
1944 6205
3424 1259
3005 2205
7501 2468
3778 2663
3550 6439
5506 8467
3546 8893
3699 7114
3180 402
1105 5976
8518 6886
8004 8546
5821 8433
4818 5788
6893 4562
3141 94
1939 3595
3780 513
7442 3700
4711 598
988 3563
8478 5371
7566 2748
3518 2734
6882 4391
1578 2156
3676 362
7302 1394
6012 6806
2690 5676
2249 4423
3601 2697
5092 4151
4961 4690
8576 6936
3286 7291
3623 7793
4 1859
6258 1181
3844 5015
1585 7422
2001 8609
6980 2414
820 5147
1748 4609
8838 1253
5072 1948
5483 6177
6738 3552
7919 2411
2192 309
7481 7412
3495 7135
5557 1742
1900 6569
4295 7500
8133 6608
5297 724
1812 4400
6810 3847
8891 3488
4003 5639
3740 4019
1479 1606
7582 8903
1753 2523
8028 1414
1909 6121
4208 4983
4469 7785
8141 6867
5815 1455
7074 4483
2782 6011
4398 3704
4284 2893
3890 355
1921 8473
631 6364
5549 4367
4409 3230
7855 1763
1748 7113
7316 6460
467 7957
2140 7446
938 2929
3930 2551
8145 382
3771 3387
2616 6498
6301 6026
8765 6310
4732 4606
3682 3797
7187 4018
1954 1301
4529 2811
2759 2792
7376 7929
6307 90
4502 8038
2952 2026
4002 5567
6023 7424
5396 803
8860 7854
6965 7698
8882 4989
1949 3453
5892 4672
106 3954
909 1004
7295 7967
8793 8228
638 5380
7107 3770
6872 1676
2640 7136
7479 838
2675 4888
6498 4763
4973 7281
2356 313
1335 8759
8161 4543
3554 5681
4838 199
235 1319
1713 7513
4823 8505
4278 2231
6375 1027
1103 3455
1788 6541
1426 7459
3660 5223
3808 6393
3016 5000
8110 2129
4935 1721
5419 7305
479 1201
7913 1314
3681 7140
5330 7121
6484 6588
3501 676
6464 4631
8574 4196
4979 5073
844 4102
3194 5379
138 3260
7172 3641
8122 6679
136 5144
129 7453
7806 7730
3107 3713
3604 8303
465 8357
4539 8792
739 1402
7836 8625
6996 4083
826 8692
7102 4013
6353 7975
2444 3891
7387 6019
143 5565
3226 8926
4081 3906
3071 2340
4139 101
8850 2210
6932 7092
6475 7863
7053 8649
8345 8895
4707 3401
6812 8523
721 7003
1820 5935
710 2005
1774 8652
6298 5515
8043 7421
2465 3600
702 8724
4259 2993
4027 3094
5421 5199
6465 8200
3368 2221
5116 7676
861 1001
3989 4719
1352 7524
2441 2850
4754 1739
2335 3666
7003 321
4451 1600
4900 4345
8982 140
6142 3926
6110 3509
2360 1848
2002 1864
8750 3214
6124 6540
4840 7523
1714 1082
769 5508
4882 3312
8813 6116
1918 361
4777 8233
7119 5742
3205 6099
3590 7823
6975 435
4258 7056
5396 139
317 7497
7197 3845
4955 6362
2410 289
1657 8334
5630 6572
8767 350
3583 3441
4084 7824
2526 1953
5904 8488
7183 8223
2013 705
3116 7557
1224 7248
7104 750
1984 3627
5626 2444
3948 6401
4119 506
5285 2783
4878 5439
1256 4528
8170 1575
3150 5296
2170 8571
4622 2379
6999 1814
3029 5515
7637 4270
542 3644
5836 4173
877 2950
4759 5231
1614 7230
4302 4239
6678 8805
6933 4837
2921 5310
4990 1518
5705 2376
3778 6029
3388 1373
4270 6969
4773 2257
8262 596
4117 7265
5210 2464
3813 5357
6946 1942
3370 5619
1238 1801
5067 8900
7290 4545
8257 2598
7824 8748
85 2566
4742 7446
4415 339
2567 8411
5396 6902
587 7040
342 3023
1845 233
7969 8006
7313 5009
2671 500
421 4100
771 3013
3192 1738
8373 4652
4053 7605
5881 7336
7059 8834
5119 216
3504 6233
4219 1842
6520 3254
6762 7583
5773 212
1468 5246
1559 7329
6062 5911
8310 1770
39 4653
2399 316
3192 6013
4519 2238
1100 2980
2831 7429
4655 3217
8960 8123
5329 4057
5069 7983
6305 8365
3057 4713
7028 8149
5573 8393
5693 5614
7180 8513
28 2616
2039 5801
4582 4455
1837 4081
5995 3830
3686 2905
6853 5019
875 1536
4141 2897
1975 5772
8105 3759
3075 8866
4890 8976
3359 310
8326 4697
1588 5440
2133 301
4748 5973
2525 5395
2954 5386
3471 6954
5475 3089
1617 4910
8326 5901
1928 4533
4385 2311
5343 2911
3624 3781
975 2028
939 8620
6711 1431
7815 7361
7895 7183
7168 1397
139 5890
7056 4246
2092 6709
2724 1702
2004 8720
7848 4488
1407 7915
7337 6015
3217 5519
8068 4101
1116 1997
37 8606
8026 2226
6528 6283
8408 464
6760 7215
8633 8240
8977 2749
4380 3277
6048 5515
5346 7780
7169 157
5075 1657
2865 1795
8632 6688
6750 7013
4468 1967
1040 6856
8510 8376
1955 1894
7145 3498
222 6004
4509 5455
5236 3257
1052 3537
7216 8892
4585 8486
6447 1003
6075 4166
3212 3969
788 8056
8334 2263
6396 6109
4740 5567
1674 3171
4901 7728
6157 2082
3588 1338
6741 482
67 6248
7804 8633
1107 6672
390 3766
7131 3819
1375 162
775 5643
8629 2566
3135 3196
2674 7466
334 4066
4393 3177
3626 3961
3004 7361
424 1727
6171 6288
7200 8488
4550 494
960 2890
1414 4929
2943 6999
6919 6525
3246 6647
3328 5103
2137 8191
2423 7419
725 3845
3153 7879
3999 8630
2047 2148
6135 8563
4982 5900
2836 6262
2850 250
7648 1979
4853 7667
3614 352
8408 1879
4159 63
3745 7180
3434 2819
3746 927
6389 5814
6311 1418
3727 5718
2704 6384
2441 1114
1130 2764
8925 940
2699 4998
5165 1050
921 6802
5430 8556
1403 2199
107 6663
2890 1726
6890 6441
8969 4561
8817 6544
1202 2852
5522 6582
2518 1372
1303 4522
8044 1462
8158 8308
7148 3830
7271 5892
7414 1243
997 7861
7456 8016
2059 1392
7468 6009
1630 1003
3550 1188
3100 2349
8985 4815
4468 9
3103 1772
4685 8222
4328 381
8791 3985
5066 8492
6530 5875
7515 5029
1759 3284
2371 7657
4351 2782
5166 8683
4603 1747
575 4667
5115 7397
7621 3772
4599 6975
8120 5952
3334 3274
191 1242
6569 2508
8949 574
2486 2833
3023 8403
1142 5641
2931 3629
5651 6365
4804 6934
7004 5030
8512 1374
3531 2013
1613 4712
8473 4134
2906 7701
5552 7836
6725 7676
8516 5431
3884 8223
5246 7395
1962 424
8231 4083
8576 5553
7051 6139
3711 7088
5540 939
5082 7077
4468 2237
8660 1882
7666 5819
6939 2547
5726 8594
6847 7383
2841 5832
517 6693
4625 3126
1635 7308
628 814
552 4604
2221 441
8098 1714
5345 2825
614 1729
6486 5654
528 7848
346 2657
1361 4452
6546 7800
4978 1305
6676 6722
8467 8247
869 821
8731 6130
2985 6693
5021 2108
482 6603
3405 1786
6527 8504
4354 4765
5106 7225
2759 677
3491 583
339 8390
5140 1189
6536 6044
6717 8151
1497 894
5991 3016
414 1766
1 3796
1500 4455
7443 5023
302 6523
8549 5195
526 3602
485 8316
5488 5379
3360 3579
4629 3797
5183 6871
2597 7452
6531 4006
7036 1215
2194 2070
710 601
5436 8704
4198 6148
1482 3144
6723 4193
5511 3222
2936 283
5194 3057
8746 7057
7888 63
2350 1544
8761 3486
8627 6819
6506 6407
1132 6934
916 3219
8423 7444
6387 4831
3564 5574
1336 3637
2557 6739
985 6337
750 3015
870 2189
4050 3410
2732 7099
1952 2296
4501 5421
834 5460
3780 3967
7233 3528
8195 1111
6298 5913
4022 4069
2396 8457
4704 3277
2785 6564
4618 2188
190 7309
7797 1366
8449 7325
2740 1665
2352 7973
7637 559
4335 40
2692 2528
7936 2828
7132 3870
2694 3582
6369 1262
3350 8448
8413 935
3069 5803
8621 364
2800 3144
1923 739
7127 5628
4568 4651
1196 7808
8142 8352
8781 6741
46 3842
1785 8900
3589 8675
5421 4041
5129 7552
4105 163
5602 6462
5723 4308
455 7809
1196 3495
1224 7598
2517 2236
1152 795
4737 5931
6926 8957
1808 1962
6609 1887
7996 6043
8192 6774
6328 8015
1295 1796
7125 8638
4864 4590
1377 7408
223 5626
817 5667
3202 1774
7815 7794
7559 824
2952 8904
2874 7832
3428 4366
6294 3403
1319 699
3376 7880
1808 8183
1181 7073
7615 1969
2233 647
4683 490
3917 4133
1523 1161
2639 3332
2139 7319
438 1252
4004 3993
8441 3574
4199 6085
1161 6250
7240 5685
6613 5922
5149 7831
1091 3379
5587 6319
1710 2544
8087 3646
1951 1961
4889 3445
5011 8067
5227 3314
7748 1548
3014 2480
2380 2876
8644 6441
4670 8407
350 2050
998 2589
8566 6813
8385 6105
7979 6205
2356 3306
2385 2738
6618 8151
290 8547
7158 6235
4937 8337
3816 8845
3283 1100
6706 7550
8001 8307
8239 155
8994 1232
2680 2380
8149 8335
1675 1426
7713 7790
893 1639
7819 7216
5600 1455
2113 3606
2919 5391
894 4038
1020 1549
3379 239
1806 4258
2009 5529
4189 6356
8123 3981
8043 3006
2247 5009
5402 7723
3072 1996
8718 5056
7277 5798
6467 3802
8195 5362
6008 2288
7388 5319
4947 8369
4526 3857
7664 4986
7250 2090
7163 4278
4350 7148
1631 5531
8148 2302
8120 100
3294 5329
4397 8288
5934 2938
3554 8809
6015 8202
812 7733
1139 1993
1436 1043
8319 7597
487 2818
5328 5277
5568 5449
1971 6532
7151 5633
1547 4813
8662 1405
5305 1160
8175 8463
379 8333
4244 4351
4362 5584
3108 1172
133 939
5899 1498
5840 6098
6304 6849
6201 875
2502 5246
3036 2647
5896 3044
2978 7954
2691 6209
4283 2069
2700 8117
7467 3863
7185 7086
2918 2528
6459 7351
4831 7091
3508 6309
2854 1649
7302 4151
5721 4546
1140 1232
7960 1628
9 4169
8953 904
7168 8247
7154 275
8285 5794
5580 4858
7713 7362
3101 7022
8460 2377
4221 2330
3270 788
6543 8339
3750 8646
8732 8561
1100 3158
4283 4565
4672 4894
1862 224
8982 1078
930 7503
3110 8483
4542 6400
7569 4685
1334 5842
8482 6352
3782 4086
4512 1835
894 806
2753 5435
3831 604
5686 3297
694 6782
703 5215
4508 7037
1419 8545
3284 4832
3381 2755
544 7401
3595 8303
7878 4458
6718 692
6316 8997
6529 2126
543 6815
37 8835
6758 6159
6220 5040
5341 1511
2825 1342
5138 7901
5749 2013
4528 4924
6991 2948
5341 6424
537 2079
6873 1860
7459 7860
1320 8067
1605 2945
3008 2757
6672 3070
1765 4705
4856 7157
2277 8905
7588 3650
8117 791
7605 3079
7289 5374
5904 4607
954 724
7364 3332
7949 4410
5951 4442
6654 2475
5356 3060
1854 8513
8786 8029
8603 2184
2414 7939
4953 6705
1060 3264
2889 484
5041 2091
2827 5300
3031 2064
5434 1742
4485 1741
5295 6940
7689 1405
2739 6371
2213 4427
8676 8451
2426 6914
3998 8214
4447 1632
5518 8457
8224 1535
223 8075
3646 5834
1618 7679
2050 1662
1967 4855
186 8672
633 6619
6684 3742
176 1098
6313 3400
8147 7054
4565 6455
6153 984
2926 3739
2767 2141
7713 6392
1893 2493
4812 4519
1918 1343
1209 8265
2073 5716
458 3082
1902 7318
3909 3774
573 5942
2590 4542
8536 2872
5057 3317
6063 3114
5044 5998
7525 8531
6861 4124
4551 5221
5083 2108
5156 1216
1572 2538
4823 6971
7817 624
233 7088
3636 2793
600 674
6079 4044
3199 5266
2352 2791
3319 5803
6293 8236
7242 2289
4374 3899
8898 8147
6809 5842
1148 7468
6464 8153
5717 5539
1154 3263
710 1620
896 4448
1756 5776
7011 91
3221 2295
4336 79
2081 5474
1333 1600
5159 6893
4910 2776
237 8121
499 5251
6845 3951
3130 8409
7552 2717
2008 5126
2337 6631
3438 8621
1154 7617
8849 3610
114 3867
2311 7658
7874 32
7153 6593
1991 6160
2475 1613
3014 587
1421 2573
3453 2864
4722 5582
5437 5993
5174 6125
5108 2120
2134 7596
7289 494
1343 6827
1340 7179
7076 3136
6522 4919
1719 2277
5118 6271
5210 7074
1168 1735
1665 2648
961 6342
5590 429
7325 3027
5751 1281
1699 3613
4651 3542
2718 2188
5540 6805
7666 3051
3520 8548
804 3235
5396 4850
6474 573
453 952
406 5009
4370 629
7340 5876
1977 7891
8292 8531
8779 6649
8779 3199
8093 5731
6471 2989
5425 5671
4960 5796
4790 3667
3771 6370
1619 368
3186 3388
3025 3044
376 2875
8878 2068
807 7642
1145 5922
1914 8005
5529 1046
2430 8978
6240 1711
5850 8526
734 1832
6970 6092
8725 1576
3518 2540
8514 5953
3053 4152
198 6115
5943 4641
3491 774
2007 1738
525 8496
5159 8007
454 3160
2214 1201
2301 7244
7648 1514
7893 8541
3412 8985
2826 3686
625 7541
2206 43
7754 8995
2291 7050
2674 5049
6239 5005
471 6450
4216 8265
5794 377
7031 7918
918 6124
2907 1586
235 8643
8620 3844
4681 4504
3250 8954
1701 8321
5455 7283
5197 670
2188 7068
8308 549
129 4000
53 8659
7028 815
8441 2618
5841 5036
284 337
68 6949
8510 5019
75 4225
2127 7368
1441 875
6037 109
2712 3767
1838 8500
417 4539
42 5507
5141 904
883 927
1271 4627
3913 6828
559 6644
3468 8225
4831 2610
1493 388
4062 5474
6791 8608
2831 2563
2400 7947
6340 8037
4813 1868
2056 4890
1075 2200
134 5365
6048 1777
7308 5794
3331 2554
8308 4944
560 6395
3026 7710
1802 306
956 3957
6741 7679
8301 5868
4958 2651
4980 961
3447 1098
1311 4108
5468 8068
1775 2049
7908 816
893 6450
6680 7319
2113 7434
1677 6389
3187 6403
1570 4400
3172 959
8100 3028
7802 2518
724 5857
6850 1160
4635 8662
3845 3177
7336 8959
114 7675
5527 5645
1071 6202
5305 4808
7424 3100
5240 3691
3574 653
5359 8707
269 3419
3844 2627
7642 7891
4821 8426
1274 6635
8053 524
8338 4755
3051 2427
8838 8866
1695 5301
4389 6783
8766 7881
6359 5913
6580 5188
8974 4904
1650 6970
4916 2430
2981 1597
6303 2908
3276 3275
8978 6598
4395 5447
3441 6357
3251 7691
7659 6198
8338 5020
1123 7887
4866 619
7311 8846
7589 8747
4602 3164
7761 8649
8718 3607
4035 7363
7364 2888
7975 1441
3725 4739
856 7504
2072 3309
2937 3140
8179 766
2248 4477
965 4534
1145 2435
5601 412
7414 5193
4055 2163
4133 4127
5858 7365
4547 8698
8336 8795
8628 8889
8873 1546
5470 8426
6809 3280
5479 8921
7281 6923
4277 7923
5809 2008
2519 4864
8185 7450
7421 3952
1242 3755
836 3982
8727 6254
6179 6894
4691 4083
7758 7797
7256 7491
95 5770
1051 6423
1873 8947
8542 204
4935 4241
6324 7566
8648 1551
8724 8916
6911 3539
8373 4603
4032 84
7725 2782
948 219
2454 726
6131 7567
4535 1823
220 3552
7081 8150
1042 4767
8291 3447
6299 3033
8568 2583
5154 504
5471 7688
5664 5672
4507 7205
4573 470
4962 8928
6028 1872
7803 4066
4546 7204
6068 5926
2291 627
1688 2620
4395 1527
3397 2459
6932 8133
7516 6211
6605 5577
2442 8103
7343 8435
6865 7301
5995 229
6119 4806
4702 5145
5153 3844
5857 4988
3515 3644
6352 3917
3239 4664
1303 6520
3699 7703
2595 3873
1662 3539
261 1741
262 6733
7166 3079
2095 8198
8693 5199
4067 1656
6229 4683
1408 2893
4048 5558
2906 6226
933 8923
5303 5597
7708 7416
6532 6239
1130 761
2664 6901
8793 6669
3474 3174
1233 403
4162 8193
7401 5743
5593 207
6206 976
7843 1236
824 799
6496 1438
318 1596
6271 1418
934 8783
6418 127
2285 8636
825 4539
3536 1313
1578 3770
1557 6621
4035 2830
4915 3105
3893 5287
6671 5611
7929 7026
7491 5275
4509 6874
2532 1281
5031 7213
6707 37
8023 7532
655 5410
3143 4244
4744 5191
5712 541
1384 5251
3451 6095
2797 524
6849 6523
8767 3337
401 4530
5832 7236
1496 1184
4876 7570
4004 1426
8502 2506
7023 2046
870 5215
217 17
1919 2857
6027 3552
481 8655
4358 8441
4894 6838
582 4387
5985 69
3367 7974
8099 5205
5469 8938
8293 162
4010 8370
4038 3619
4042 6002
7794 4774
8648 8889
1320 1870
3751 7448
5050 2718
4016 6084
2890 5063
1692 2337
3611 1104
5076 8996
3459 672
6754 5533
7949 7744
8638 5458
2129 7870
3828 1296
8496 366
5226 7118
1628 1410
4521 6940
2488 8355
7031 179
1823 3921
3627 2490
8254 6395
3177 8099
1386 6211
4423 5135
905 8900
5225 5510
1651 2693
7042 5998
442 371
143 7883
4083 4789
4343 3296
4454 6108
6931 232
4927 7975
5454 8184
1945 4551
4140 344
4762 4058
8103 235
6455 2469
7974 1373
7013 4774
2617 8460
4264 2467
6136 7175
444 5269
2671 5312
6995 5772
6923 6854
6528 5073
1679 5925
3299 4015
1374 2427
5641 6062
2708 8608
1650 6040
341 528
3820 4440
20 4500
5583 6142
4917 6387
2360 1773
2967 4566
4585 921
2109 6805
7869 352
6156 6460
2813 6968
671 6199
1024 8373
3628 8632
6852 6204
6014 285
6275 4506
2458 5088
151 3789
8486 6368
8283 4836
7944 32
5308 7754
1703 3141
6126 4556
4593 6144
5507 7822
8369 827
6146 7574
6834 7480
8859 2273
3570 3214
4817 8336
7258 4357
3325 358
3878 7391
3430 3942
3903 3583
2587 3286
191 7277
7494 8479
1259 8703
8410 8538
5443 539
7446 8816
1370 2613
998 3974
6544 1994
3740 6412
1195 27
6343 5616
1525 5672
3248 8163
1650 2993
2625 3804
4678 3928
8474 3741
3692 5361
843 7689
8427 5687
8635 2002
718 7133
1069 8318
84 7158
7706 4307
6581 5074
4452 7619
2300 5272
864 8298
8473 2813
7605 8574
4816 4939
3350 2526
1726 4860
7698 4331
717 6155
2178 8283
5357 4740
8291 2042
7371 5018
8893 3002
3792 7255
6663 21
7639 8489
1849 5740
2956 4110
5288 4026
3990 2165
1669 4843
1270 3459
533 3875
4392 3956
3315 6342
6076 8638
8629 1754
1686 5751
7109 817
8541 4465
3154 7920
1512 4236
8595 224
6168 699
2192 2387
1165 7536
3744 1025
4593 4875
7167 8300
468 4622
6029 6236
1911 5697
454 1448
6936 5888
3441 1528
5981 3172
1440 5352
7465 479
2922 2913
5122 1118
6738 1653
6384 8786
821 4074
634 4508
2626 1751
8962 3902
5962 3136
1179 4975
6722 1379
2133 3801
6044 4410
3738 6144
1059 934
7940 3215
3433 8134
7079 8321
7217 1629
2846 8306
4809 2483
1109 6252
4233 5692
1247 5505
984 5819
7799 2855
485 2312
5520 535
6604 4623
3260 3873
1219 349
3356 2948
6242 273
3676 8483
4758 7152
5185 4364
1803 2317
4660 1509
3005 7844
6726 5684
961 2538
1673 1135
6938 3786
4238 3195
1598 6256
8155 1814
7432 1162
3411 10
2290 4787
8183 6721
1865 4956
4921 1897
6330 54
5008 27
7594 1584
2412 1409
7202 4230
122 3883
846 7957
3440 5585
3662 6804
149 8584
2844 8751
7828 2748
4730 8008
4616 7386
1596 4090
6953 1728
5483 2942
6069 4014
7252 8933
6500 1139
5899 4826
980 1976
5114 2435
4855 6806
2283 5567
3392 5803
5417 2045
2038 8414
6551 3806
4783 3685
7823 3255
6061 2860
7042 2843
3986 8361
8483 1621
4093 3569
4939 1795
4695 6981
1017 6373
5618 2461
3304 6559
839 6605
3599 3681
5030 4563
6572 1091
3238 6521
4205 1981
6319 2298
3458 657
2703 7802
5814 2055
1264 4415
3557 1493
2452 7954
8114 2841
1400 2886
1826 7571
773 1433
1272 6125
1233 493
3086 1336
3711 6965
1240 6617
3820 4518
7895 6531
8997 501
7804 2865
7706 1618
7351 7177
2366 8562
6862 4274
6807 719
4095 7684
8011 4413
6216 5733
2494 8419
1411 4018
2522 4068
3686 1514
2999 8274
3836 4714
8539 601
6537 3417
8545 2404
4834 7383
8956 2086
7973 8912
4364 6009
7636 1587
7504 1601
838 3941
2600 8361
6735 7562
2569 2028
4423 243
1957 2307
6561 233
4758 5819
6464 6232
5765 6446
5937 2656
1795 2129
5521 3046
3955 6311
5393 472
4766 8104
5516 7203
2903 6507
7155 3141
4544 7592
769 8354
7274 3098
8732 6350
5817 6928
2474 3606
688 7290
4857 2475
3892 1905
5740 1997
4600 8960
7671 7679
2651 2031
1752 5620
1866 1268
891 2093
5972 1707
2419 7377
8093 5540
4039 4206
3573 7488
4894 1837
1643 992
8325 2830
2244 6548
4486 4384
4352 8735
1472 3304
3234 4813
7831 2442
6073 4328
1616 4527
686 1534
7165 4234
8756 2237
663 410
6148 4979
4703 5535
8230 2105
3687 8672
666 4537
8291 7694
4409 4532
6829 5644
3352 444
1092 7626
8177 865
2683 1444
6578 8539
1034 3141
5903 4650
801 4483
588 8038
6699 6338
3331 4127
6304 3659
1770 2582
8471 8804
4081 3195
8768 3502
2333 3612
474 3361
5506 2469
1829 273
3400 980
5677 7080
6726 6915
7046 5852
1869 8220
3192 3704
2678 453
2861 404
4855 2271
2521 7751
825 5795
115 6108
340 3580
159 182
145 6783
6554 3818
5465 5369
3559 7473
1069 8219
8936 3214
3968 342
2122 7498
133 2071
7289 1320
7118 203
3380 7689
4772 2982
743 8686
1919 587
7311 1870
2642 6343
7750 4813
3209 5578
2240 5278
598 1564
5373 7186
3203 5015
4865 1166
1466 8830
1237 3046
2752 120
4969 906
3133 8976
4342 5536
4121 2535
4195 5798
2609 1238
5292 1228
6661 1218
8586 1077
7812 4808
1933 277
446 4708
7835 4538
887 1597
3817 1223
5837 4580
5614 1174
4663 7832
4823 880
3349 6474
4105 3792
8941 3250
1996 5791
4800 5656
5754 2248
451 7019
6533 620
4628 3043
6277 3585
3684 6371
390 2233
4074 5061
4701 80
7750 8788
7692 2886
4935 1731
3146 3937
2130 4783
5982 3625
2410 6496
7993 4684
996 108
3210 3028
7537 1778
3353 7783
6757 7935
3773 2982
5166 4994
1341 3613
1256 4968
3479 2515
4720 1481
3048 374
272 6122
578 8155
4370 1463
582 3611
8820 4944
3555 5393
7818 1313
217 8532
2573 8288
1277 1939
6241 4596
1416 4262
2619 3987
1935 4413
4080 6185
6177 3426
7605 7039
7688 1003
5828 2267
5890 5803
3332 5219
2335 6453
4905 6748
818 5530
1523 4492
8186 8476
1804 7259
8132 16
660 743
2631 4044
7560 8130
1856 594
3394 3302
1041 6250
5467 5198
331 3683
8130 6976
6968 3306
644 4777
4457 8705
2884 8389
5186 6447
8752 4177
3140 3265
5332 5168
1276 4079
6734 7187
7438 5976
5619 7154
1681 8125
2314 6113
253 8384
1766 4456
8705 2161
4134 8396
407 2411
6507 8360
7306 1658
8321 428
172 5720
6649 4786
3861 2954
239 8432
2688 654
6252 2897
1334 5945
6427 7965
6910 8673
3407 1381
3746 6643
5153 6974
2847 455
6922 265
6509 5067
1608 93
2134 7285
3004 5339
3795 2398
6448 5223
2388 8673
7346 6627
458 4795
6488 6957
4824 6116
7678 7400
1911 1458
1598 3004
8339 340
2173 3060
8895 746
8821 8971
8099 6948
7961 4518
5092 5839
7018 4495
6756 6065
8619 6311
7424 1357
3921 337
2415 5799
5893 1593
5409 5298
2700 7854
5395 1064
7142 4783
7402 1183
8616 6641
4713 1275
6468 261
6151 3615
4849 1652
1201 572
567 3155
561 5757
5272 2689
2500 2012
2256 1650
5305 8509
5927 383
966 2727
3906 6111
8235 1128
7613 7096
6387 5304
7944 1678
2150 231
1266 5414
3475 7599
8671 2994
1688 2495
2621 1601
2117 2814
1794 2418
6480 706
6655 5298
7677 2407
3237 786
3958 4821
8019 4165
6403 3141
8738 7879
1733 5358
7937 7488
8964 1520
5868 2587
