110 2971 241
1894 4684 1
3612 3939 2
4754 1440 2
1258 2179 2
2447 2316 2
571 2316 2
4218 2092 2
109 1679 2
759 4705 3
3116 2665 3
3498 18 3
767 1138 4
4782 2725 4
4308 2983 5
2533 501 5
3045 3308 6
3349 4359 7
2126 1706 7
2215 2776 8
3521 1320 9
34 2270 9
4145 1060 10
4251 4114 11
4533 4735 12
834 4148 13
3331 1817 14
1698 1941 15
4010 3559 16
4838 749 17
2865 1287 18
258 4713 19
533 124 21
864 2825 22
4771 3744 23
1456 941 25
1769 3448 26
255 4163 27
333 764 29
2678 4719 30
4822 2112 32
326 3012 33
1361 272 35
1090 1688 37
2133 3815 38
2269 26 40
4705 193 42
2879 3790 44
1396 4251 46
4097 477 48
3656 4778 50
3852 2396 51
985 3333 54
3093 757 56
3596 3241 58
2426 1030 60
1916 580 62
2554 3172 64
546 3588 66
897 529 69
1440 2688 71
2249 4271 73
2878 35 76
2882 2010 78
1815 96 81
4235 1651 83
1804 1257 86
3648 464 89
109 3599 91
335 1239 94
1254 3787 97
4735 4367 99
1430 4815 102
2182 3378 105
1838 2504 108
3877 1862 111
119 62 114
3606 2765 117
679 1593 120
3423 2217 123
4397 2483 126
2722 2772 129
1446 3084 133
2902 4237 136
3641 834 139
2920 428 143
4430 3525 146
2534 4002 149
1816 3076 153
971 9 156
3365 3559 160
1802 4260 163
2523 3586 167
1227 1286 171
4129 4508 174
1109 4550 178
906 3722 182
4357 54 186
273 2510 190
3186 1411 194
4825 1093 198
291 2054 201
4663 3071 206
3230 294 210
36 945 214
3019 4837 218
1571 533 222
2254 4695 226
3819 100 230
2109 2327 235
2618 1669 239
3846 4173
2831 2399
2214 368
2726 936
2373 1465
4012 4816
3005 1668
2492 4473
618 3263
4700 2406
4745 1816
1541 1590
1512 3960
1508 2354
432 1762
3001 3009
4441 1409
3773 4468
4397 663
3967 825
3939 3207
403 4433
1402 1916
3240 4005
288 325
4191 2681
61 3148
924 1957
3363 599
3315 1124
2073 2041
1071 999
4414 3806
650 831
873 2281
10 2627
2379 1991
677 4426
1218 3482
4661 4086
3159 4569
43 4403
1837 3799
3714 1505
1120 688
3648 3635
962 278
548 3858
4497 2183
1516 1197
3978 2933
3413 1555
4467 904
1876 1709
1777 827
1268 2899
3755 2089
2242 840
2567 96
2801 3168
445 2772
1688 2690
3933 2697
4113 3877
2581 2562
4003 1535
1838 334
4345 3271
1607 4449
640 2053
1884 2246
830 2578
3309 3157
4384 350
1472 3330
347 3467
39 1302
3821 1111
3314 2833
3352 833
13 2899
646 2896
3545 4180
2145 1421
3396 4631
1523 3677
42 4831
2762 4409
3501 2572
247 3857
2663 2985
2815 3388
2086 1205
2627 2140
4047 2495
1040 2560
968 4330
2935 2796
4255 3641
1290 1083
4200 751
2308 3998
2341 3786
74 4043
3057 4375
1904 2885
2915 4660
4350 1107
3542 1764
2015 95
911 1570
1680 4831
3839 3972
2236 2520
359 569
1634 224
3408 3819
1193 4132
1943 1453
1915 3325
3236 2069
4715 407
2553 1886
954 4689
46 1499
3905 4613
3759 3060
3819 627
2670 3781
3713 2607
996 1328
1225 3187
2624 1260
520 4238
1887 4098
2393 4818
4540 4505
4543 3265
4818 3430
862 876
1731 1493
1284 34
396 979
3116 967
525 2587
3282 2578
2008 3679
4124 3277
2705 4125
3978 202
475 298
2158 596
255 1471
539 4730
3899 3795
156 1886
3894 389
2570 1462
3722 3810
3941 2135
1943 4498
2388 2721
3597 651
1982 901
3209 3007
4349 2267
767 1820
835 3094
121 1090
1167 4374
3763 3317
2284 4459
45 271
933 4509
3126 3455
3686 1875
2687 3545
2863 2186
717 3886
4464 2860
695 518
2856 1808
4664 1610
1027 2816
486 3018
2516 4244
4 2442
4565 1193
4649 3636
1395 608
3233 1661
3388 2000
1501 2066
2757 486
4258 550
409 4071
1998 3499
4603 3818
691 1303
3532 2406
4790 4829
2915 4005
2571 273
1678 1741
1855 2740
3029 1274
2890 635
3492 4402
2657 4532
187 3243
685 89
1350 1571
3371 4802
3708 3495
152 379
4645 2786
639 3458
95 3758
1406 4526
2333 569
267 2793
3134 44
3970 1023
2166 4155
1208 4788
1308 4047
4787 3890
3686 2924
3623 1031
3735 2272
3077 3829
2315 1677
4244 1937
1733 4550
822 35
3952 4317
4361 2761
4147 202
2524 3413
1089 3867
3082 1131
1016 3577
4804 2998
3263 2349
3023 134
1475 1740
2457 2164
1045 3022
3010 293
3834 2925
3187 1275
1356 3481
1678 2140
1307 2475
4132 31
661 4157
1200 951
93 4707
2009 471
3209 3775
1157 3318
2009 3155
3298 174
3615 4475
4469 1579
4775 536
1133 136
1752 4714
4288 1249
514 590
3667 148
1434 2862
692 2706
3674 1664
2041 1038
2334 2883
141 4585
4483 152
1995 4838
3218 3625
2341 3218
4593 4387
1849 1110
3247 4718
3446 2917
1668 1377
1179 2500
4160 1291
2020 4236
4493 447
2311 2276
1468 130
2871 1058
316 3615
4650 602
2050 4570
1061 2163
4448 1839
2658 673
369 1882
4622 783
1516 4685
3995 1725
4318 3970
4435 3390
4217 3093
787 4350
4632 2646
1001 4810
1279 168
4189 3432
3006 2178
430 4805
393 1476
4805 1596
4835 4637
1376 3924
1601 2799
103 2541
2112 178
3896 3667
794 432
235 4025
1376 3683
1638 2468
918 771
2595 801
2749 1899
4574 2500
647 1829
4829 2385
1685 25
2582 2774
411 3306
386 4550
762 2024
4151 2954
1309 3316
705 2289
3938 636
298 163
4250 4611
521 2867
1668 4196
762 3773
1379 440
1493 1366
4083 1167
2357 3015
3383 3408
4320 1741
147 910
609 3077
2812 1482
4553 4184
307 4283
339 2273
334 443
195 2185
2120 5
3960 3975
947 3458
4808 86
4744 836
3391 1390
6 1066
4715 4702
1762 685
1972 217
4831 2843
4783 4128
525 4019
4835 4520
1918 721
3755 3176
4049 3742
2340 1253
2058 3987
273 1330
343 1077
2943 3661
4062 603
1241 1851
680 2456
4538 2284
4420 4555
4420 2992
1819 3658
1627 3637
2627 3928
2600 1123
1327 2778
2286 736
1728 2542
4189 4771
4119 2288
338 1572
3122 2848
4829 1221
1936 4309
2357 278
1630 632
4359 4173
2381 3466
1241 474
4839 3648
1849 4417
2278 2097
3544 400
4549 4069
4674 1228
737 3017
2453 411
1463 2495
2089 4309
2150 1939
3781 454
2978 3867
922 1131
2444 4583
546 3156
859 2415
2738 2634
91 2050
2366 4522
2104 3274
3347 3940
3357 938
2870 4763
644 695
1588 3419
1737 3321
2834 4098
4058 2195
3943 3431
2683 199
3256 3266
4459 3906
1365 2099
3588 1428
892 1751
3064 2439
1645 1029
2578 984
4546 3508
2720 1316
1615 4613
2112 971
4385 4076
3964 2313
3010 812
3522 4695
4582 3941
3879 1481
3963 4725
741 3147
619 583
2998 2681
828 718
4495 640
392 3214
3772 4809
785 1267
3189 4231
1513 3149
2710 1651
3004 3564
4 3795
4714 2281
1643 1627
453 3944
463 705
585 4474
1277 885
3473 4007
577 463
3696 633
3422 1686
1 3903
4767 2009
1112 4809
1496 4099
11 84
574 1978
2846 4523
230 3764
307 3312
4643 2949
694 3326
3323 4513
4177 3747
1316 1386
4149 1588
4379 4643
4584 1478
3024 4271
3869 1246
1778 2244
515 1481
2465 595
3198 1169
2100 2582
2677 387
359 3746
866 4819
3477 1998
228 822
2242 1616
3385 68
1997 2664
3617 4644
3632 4343
1520 4598
1691 3400
323 861
2934 3206
3531 2989
1277 4492
1574 967
913 3984
3758 3653
1988 4639
4835 2531
2899 3543
3409 4284
780 3615
1594 35
2970 711
4512 330
4138 4138
3985 1211
2972 4349
2898 889
753 946
4692 3962
949 2960
2867 146
1375 1229
3183 775
4254 2793
4746 1132
1468 1855
3337 1030
2097 3075
4171 1762
3485 961
537 4151
2980 2588
2780 758
1806 4057
791 2462
3495 2786
1750 181
4125 4275
4634 876
4760 273
1670 750
2354 4294
2835 2687
3244 3097
4373 3634
3408 2616
892 3539
4194 1845
3918 2457
3621 1281
1167 4265
159 4416
1928 3811
2765 3289
936 119
456 3653
3269 3834
4410 3216
3961 4398
4299 986
1468 688
3281 4792
758 1667
2062 2229
3942 2589
3280 4136
902 990
3692 53
4810 1496
3079 4007
2218 3976
2766 341
3076 2762
3926 4165
618 326
1737 2953
4027 2858
1788 1351
1910 1048
2733 2192
2008 2508
786 521
442 2589
1581 4233
1710 2343
3892 4756
931 2535
236 2626
2448 4144
2277 3330
2979 561
4400 2139
452 2411
1806 3925
4222 2374
3568 4043
3313 3021
1487 547
4426 4732
3664 3048
336 2578
1033 819
342 1717
2699 2047
3574 2519
505 4434
2590 3300
2693 2360
2538 2406
1161 4000
1603 3887
281 600
278 2921
2112 3176
4549 1764
253 3656
2321 3589
2781 1978
530 3734
1060 1249
962 2654
984 2460
2659 3211
767 4280
2237 3717
3854 3159
1909 1562
3139 202
446 554
3980 454
1802 2915
1990 1865
3439 2326
2744 105
326 3393
4197 2021
4486 990
4779 2328
2840 3457
4318 4336
1088 3591
2212 2331
4485 3028
3616 4568
382 2348
2665 4279
2467 1167
2999 1378
1889 2038
4125 4407
1281 1458
3334 2488
495 1391
728 4481
3645 3558
1994 3910
150 2801
1898 2968
362 2674
4400 1230
413 893
4665 4413
4376 776
3686 1060
1580 1229
1900 3896
1302 2233
535 1096
2348 1826
3383 2793
3259 1308
4269 3419
2941 1912
3689 3741
1666 2234
91 3904
1979 2784
511 1896
2662 961
953 1782
4796 1863
3110 330
2697 4021
3277 619
4159 2172
4066 859
4022 299
460 3080
675 3814
639 2157
3824 3548
427 2242
1192 1444
604 4226
3867 2242
3462 4730
4242 3769
723 3669
4675 2037
356 1383
3865 2141
1637 1840
1156 2274
3455 1406
4164 3595
2185 926
1083 3362
208 2983
1705 1805
3621 4130
2431 1618
2161 3242
1786 1674
2366 892
559 2471
3337 1538
621 936
3398 4451
782 4002
2505 1071
1034 1848
2402 2875
2305 2769
4122 416
3395 1144
1582 2894
2958 4815
4675 1136
3118 1503
2765 838
2756 4
87 878
4624 1699
843 3912
3475 1599
4016 3091
2914 2683
1804 246
3513 2067
4711 2683
533 230
749 2090
4787 2201
1511 982
2553 4363
79 1929
880 3423
2459 1864
3068 38
3190 2542
848 2196
2583 2014
3458 813
1683 415
1463 198
3282 1956
675 4670
4582 520
3977 2389
4740 2871
1281 1326
1135 4211
3138 4327
2891 2911
3634 2113
2211 2690
4815 1727
1664 3811
2428 343
4640 4766
2759 3469
4153 1431
765 1575
457 1325
1466 2191
2241 1881
2555 1787
497 4310
581 708
4746 3187
3568 892
877 4249
218 2904
2487 2960
1105 918
2008 1492
2902 1162
4491 3363
1110 3133
3173 887
3156 4818
12 585
316 3101
2115 2978
38 1696
2461 3611
3191 4511
4327 380
3809 2591
1563 2472
322 2367
3952 3340
1026 4359
4277 3528
665 4531
2432 909
4793 4408
365 3556
4278 4832
1268 4553
2578 715
3405 3761
347 4331
1186 843
587 1249
2771 557
4477 4827
2123 1128
283 387
1752 3232
1749 2389
3495 4152
3641 3399
947 340
1712 3096
2418 3166
4486 521
1471 1972
3162 3891
23 1981
2932 3418
3903 2546
79 2602
1091 2960
4644 2721
1091 1458
3391 3299
943 3876
1435 4715
4392 2356
2156 2450
557 918
1159 186
1522 1907
2667 4068
1335 2586
1657 4377
4508 3197
1257 3140
164 2477
2225 1362
125 633
55 4152
4026 377
3695 2386
1831 190
349 2483
1608 1952
3919 1817
2129 785
361 4499
1831 2122
2832 1146
4206 3254
497 484
4266 1064
820 4755
1641 3033
2990 1835
2597 9
1527 4395
1017 151
2944 4143
466 241
1877 1800
3365 272
2754 1462
1193 1801
897 3266
2975 1229
1819 656
4551 2914
1377 4408
1331 4809
239 1120
578 2238
4106 1229
3041 3898
4244 2971
2323 4086
63 4564
990 3067
1393 1161
1652 3470
1590 2572
3512 3330
1149 4654
1436 486
4730 2117
1565 1110
1340 2639
1070 3728
1018 4591
938 2382
3786 1301
2829 3608
3620 3729
508 2013
2753 4219
3352 2702
4508 3616
1581 4760
1578 4532
1196 3587
165 2278
3601 1333
2238 2045
913 3316
4539 1395
333 984
2440 3533
67 3972
2867 3854
2589 573
3259 765
2771 1062
3774 1538
1301 3167
2205 3657
111 1370
441 1678
978 1129
3442 2979
2373 4617
4832 1021
2818 2552
1092 265
1965 4248
2737 2257
2457 1528
2397 2117
3615 4820
3551 1125
940 1831
3668 1736
3142 2570
910 3
3554 2194
2329 1882
4135 1975
1933 174
2928 756
2842 766
192 712
2696 4452
3640 1898
4110 2138
3154 2205
1889 4169
758 1954
2525 60
2135 3546
275 3442
1521 322
593 1431
765 99
1497 2613
2431 2937
4480 1082
2078 3747
2626 1760
3222 4656
1309 483
1701 1037
1350 4317
1387 3193
2688 3437
4420 2742
1354 4081
2439 4465
2074 2747
4655 3326
303 2199
2068 4815
4057 4103
3726 3102
4061 123
540 4366
3632 3870
3477 2524
3789 2143
308 3927
124 4292
1644 4669
3066 2123
4218 4350
3227 2157
3600 789
3236 6
3036 678
4209 3956
4193 4235
252 4277
144 3495
784 601
1368 661
2511 4398
1165 3083
401 4740
3857 2982
1874 1320
4313 2179
1581 1524
4583 2602
3509 1033
1999 3768
4635 3121
2295 111
4764 18
4060 4686
3534 4430
3346 3489
3258 3039
3409 4192
1869 4612
675 3056
1762 4460
40 3004
466 4098
640 1410
2034 1271
77 3822
2628 4145
3530 2635
4531 1686
2313 4630
744 1477
2372 3512
208 2398
613 2105
3008 3226
2493 1913
3457 1258
3083 173
1001 3658
3492 2352
1181 1267
145 4665
733 3514
4065 977
1871 3346
3746 1396
4065 1680
1228 4459
849 3826
4396 1309
2807 2158
1956 1112
2841 185
2012 3433
249 429
2084 84
1230 4314
450 3458
4542 1995
3496 2884
600 1593
2895 2765
3836 319
1155 4313
3793 2530
3561 3940
1383 4802
3716 4713
2187 313
3734 1770
801 1427
679 3600
2169 1560
4188 600
2152 116
2990 3735
2002 1925
2291 4342
948 2111
145 1482
1863 256
540 280
1619 2065
4250 3826
3870 4005
229 2846
1710 1865
4370 3114
3569 936
4713 3498
2704 4399
3912 743
655 1756
2433 1122
2024 967
1815 3206
4451 1913
3694 3625
3794 1626
2425 625
3691 902
3108 1546
414 4671
432 622
210 1642
1796 1121
2780 2063
1186 1874
4721 1777
4376 3591
4627 3725
2443 3819
86 1207
2056 330
3551 3450
1964 1946
1061 701
4751 3610
3383 361
2726 4496
2551 666
967 2507
2937 3042
4222 4046
3252 3443
620 4324
1214 3914
1631 80
4018 4151
2846 2945
3233 3503
2267 1061
4559 924
3213 2207
1689 2488
360 1338
2320 1334
427 2291
1773 458
4236 74
3447 3488
550 560
3055 776
2907 513
460 16
3574 158
1336 767
3791 3620
3859 3934
3761 4626
4576 1847
3085 2024
4811 4296
2614 2968
1785 1396
3317 1460
4321 3879
204 470
987 2903
2770 3389
2286 2471
4767 2596
3566 1068
2504 1991
4384 1642
521 2099
2797 4335
2795 2865
2009 3807
2396 4691
1687 800
4158 4549
2662 895
2747 4257
596 3680
962 4818
2619 2045
2595 2439
1016 744
4158 3700
4570 3900
349 640
4822 4769
4436 349
1914 3075
2680 545
319 3866
829 4684
2884 3165
3573 4459
2016 3970
878 2326
358 312
2959 644
457 87
2748 1012
3811 3725
2755 2391
2687 3268
2578 874
1116 1838
830 1958
1710 1455
1944 2191
571 3241
1181 4477
2112 2001
2105 2807
4289 399
2226 475
4630 2172
1080 497
3285 15
1192 3861
3775 572
25 808
4799 1950
1306 347
3979 1383
4655 2414
1066 3675
1842 4120
1615 869
3808 4274
690 4467
2327 1125
506 904
2251 4044
27 2378
1392 1581
3829 3469
1303 4697
4525 2544
4440 3728
4742 2177
1475 2771
2120 3605
2869 3656
4371 416
439 407
2783 646
1666 4704
3687 335
1064 2323
3978 2615
3148 4221
2210 1830
1806 1979
2175 177
3816 1698
1129 1203
2847 1974
795 2699
2866 2071
4270 4204
3992 92
2993 3112
3389 2182
650 4639
4072 1826
2816 3935
1447 2305
1492 438
1968 3358
3322 2138
4473 2325
4280 1814
1547 3236
176 661
4350 1518
1830 1601
2145 1489
1209 2695
3787 2347
3362 478
1666 1594
1819 3354
753 381
1582 1913
158 1818
563 4828
3589 4154
4429 62
2812 696
4419 4439
4156 2705
3995 2031
1256 2401
3299 3655
3585 2569
2596 2595
1923 2397
2392 3988
3469 1185
2549 3814
3083 3239
3168 1195
2129 3968
715 1796
3857 3716
3205 1486
3927 3626
2711 3143
1098 1087
756 3829
724 1284
3735 3578
3993 3784
1770 3482
3258 1365
240 1317
178 1263
1284 4833
445 4423
3415 1892
516 175
2110 2200
1505 139
205 83
4489 2437
4368 3329
693 2498
4062 2370
2764 2820
353 4219
2994 4657
3859 499
1217 1094
936 1434
4640 1385
28 534
400 945
1989 1786
1050 645
2526 721
1275 3566
1684 2781
4211 433
4007 2354
2429 1907
3521 2694
4271 3177
345 2539
4292 2251
1546 4287
3646 1941
1918 1899
1927 958
3744 4061
1645 3246
2165 435
4164 1700
2382 3720
3206 2684
3434 1827
628 4127
3535 1388
3886 2621
2890 751
424 1196
109 554
3902 1271
714 4355
3735 1668
1961 129
2145 4600
3714 3233
3001 664
717 2827
1001 1693
3048 4112
2247 4355
4052 1357
2129 2683
478 1147
33 3572
1363 101
2796 2821
2412 823
1043 2951
2758 1849
713 1215
1944 666
1444 7
3622 3975
3815 2958
4291 3781
1693 3616
298 4253
3388 425
3266 865
3522 4804
691 1405
3417 1743
2988 2239
1534 4465
4142 3795
650 872
2694 3823
2055 1473
2337 4658
2071 2444
4299 4098
4280 2100
3327 3412
3352 1289
4782 3339
2120 3511
1917 2938
593 524
863 1957
1714 2171
2143 2024
4233 981
414 3827
3407 2504
704 564
2937 3242
2336 1011
229 3094
3445 1727
1068 1324
4379 4448
4258 2538
203 512
2160 2512
1276 3611
2141 3287
309 741
3017 2628
2873 3519
2962 2176
4431 3847
3461 1806
1201 209
1958 1288
2666 3567
4282 2675
147 473
7 695
2944 3943
470 648
1792 2472
2697 2468
3893 2074
4329 1212
335 2413
1800 4179
1385 1382
2303 71
2806 516
590 2535
3121 2456
1347 3959
4379 1100
2809 2260
1967 254
1208 299
4404 1588
4778 1748
4592 2739
560 2135
3854 3610
3123 1182
1511 2896
1346 1329
1869 2823
798 4299
4368 1683
1592 208
1986 3066
4590 3016
4482 4791
1686 1325
2091 4736
3136 3283
4421 4143
3379 677
2907 4321
3725 4598
732 4690
3984 2467
2631 2350
4775 4632
4358 2396
4292 2
2266 239
3689 1572
2722 2003
4042 505
1671 2959
792 4382
1395 3051
1866 3741
2962 600
519 4679
957 4409
3605 3668
676 4324
4003 3683
3437 3872
2915 3643
1639 2547
4291 2469
1261 1079
575 2408
4409 3915
4704 3047
2036 777
139 3867
3940 4361
4055 220
1823 2166
2037 2145
2000 878
3067 714
1859 79
2743 273
4269 2873
1365 213
4362 656
443 263
822 4198
3196 4346
4459 2783
3491 335
647 1786
2107 599
1468 3389
1017 4234
4514 224
774 2962
3390 4696
661 3434
323 607
2175 4328
3317 2052
1714 2053
2085 4524
2336 319
248 4773
4180 1388
3421 1980
4511 393
4723 380
3906 48
1537 20
3829 2230
4675 489
145 249
1896 983
1202 2264
1415 1781
3361 3783
3543 3200
1806 2106
365 5
2035 1175
2342 2501
3181 1466
1288 245
1958 47
2886 1946
4786 423
2932 2269
4472 24
4804 2538
987 1972
4414 1639
1213 1067
3769 1978
2220 29
139 1444
2292 4732
2815 654
2004 1585
34 128
3649 3171
1567 3701
4689 1322
3961 2779
734 449
1878 316
3425 802
2554 3683
3460 4410
4120 1710
184 1601
544 3245
134 3366
2153 2086
4834 1068
4135 837
134 3895
2533 1396
2895 2599
3372 3490
3126 3002
2779 3933
4375 165
717 3404
3936 2351
310 1407
4054 3219
3787 1779
2667 2147
3449 422
2755 3049
3401 780
1104 1364
2492 3590
4223 3225
1811 4655
1204 1040
4657 702
3334 1932
648 514
995 1419
2032 2219
1784 3110
985 1378
1396 57
4351 3601
1395 3445
722 2894
896 4664
1109 2610
1139 2177
2034 922
4642 1970
2573 3893
2297 348
1777 4135
1865 3990
720 758
3596 1203
899 461
3068 107
1023 3318
2693 2234
1292 4782
4587 947
4233 3000
3837 2321
57 4507
3498 1361
2703 2424
3387 543
2529 1792
1446 3472
773 3315
4067 4558
4748 2544
164 2834
1546 986
70 1585
751 3411
3970 386
3936 1894
3056 3630
4786 4716
3722 3977
1973 1989
700 2626
4734 1403
675 1861
1308 2680
1575 4575
4510 779
161 2143
3017 3385
544 688
1103 1575
530 1259
4245 2295
537 2770
2194 4035
253 2080
110 908
2469 1360
3603 4593
135 2212
3074 3373
1034 1957
4218 2930
3754 2430
2394 4743
172 730
1538 4040
2999 2822
1789 880
668 2151
413 229
2080 1719
807 3380
59 2784
3553 2331
3104 4717
2544 1161
2782 3412
3212 1268
1980 3160
3827 4155
1376 732
4785 4270
3219 4412
4839 4112
4023 104
957 860
983 3698
902 3571
1939 4207
1828 2822
3188 4563
3164 4031
1405 3262
4444 4620
991 2766
4789 1361
3217 439
2043 1685
860 1704
1743 2215
2620 3165
4559 1070
3276 86
1922 3772
525 549
1135 318
705 4686
2968 3037
3291 3981
570 1442
3392 4819
4218 1255
3775 1943
4719 3163
663 4109
1284 391
3685 1489
97 497
4713 738
1952 4634
4124 377
4731 4319
1451 2783
1912 433
2217 1922
1375 2931
3764 2632
2489 4058
1749 819
3702 2165
878 3212
2642 811
4701 494
3444 2132
4491 2229
1470 4820
2823 1100
3707 4311
959 2618
281 2861
4281 1346
154 1529
3209 4480
4008 3051
769 4670
3858 1899
2791 2636
3377 854
3451 2372
4834 4556
4820 1046
1540 4524
48 397
3825 1505
946 4310
3975 1773
1509 2731
688 922
1527 2922
628 4632
1229 61
971 3453
1182 1821
169 3676
1150 4458
2323 4817
2355 2631
2271 1506
2120 861
103 1031
1868 2330
2832 4306
2718 1701
89 4214
834 62
2534 3461
172 4498
2207 1890
1618 4502
826 1387
85 2990
4645 280
4584 1718
4744 4498
4414 4519
2631 2093
3340 3848
3648 2860
2560 1413
3133 2748
749 4439
2594 1912
1066 302
1130 292
1146 1071
2592 3784
4222 191
1458 4455
3358 2803
1082 1067
367 390
495 4647
2 4660
1887 1761
1238 3240
1782 984
4094 1107
2438 3386
4705 579
1277 4080
1692 3199
2236 1269
2384 3152
3926 4533
1945 4781
416 1875
1793 4571
1665 430
1938 3690
3066 2521
2546 627
4519 4601
3253 623
4214 3810
1303 3522
3330 3913
3997 331
2697 3049
1069 3421
935 3038
3301 1142
4388 4023
3568 2612
254 3917
2018 4731
4615 3893
3084 3541
3311 3215
3963 4162
274 4526
389 4206
221 4228
1041 4731
1919 657
4305 2319
2527 2639
1593 985
2034 4256
667 3221
4321 4665
1144 2727
3037 922
1598 4130
3411 98
927 1680
3713 1011
4666 174
2316 3446
3622 286
3812 2987
1420 791
3011 597
3674 2317
2002 1555
325 167
2396 1165
1119 4448
3679 2745
2280 1253
3068 465
1859 1289
1708 1274
369 1464
2837 1280
1877 1633
1320 2218
1463 775
1218 2401
2220 4824
1057 1524
2552 2115
1361 4709
1472 420
274 1198
4482 4014
3160 3569
3255 2298
17 2532
1031 3730
1064 1860
777 476
62 3096
97 739
4736 2950
4776 2449
1879 3456
3391 339
1513 3209
3891 1204
3936 240
2188 2890
1645 2743
664 3747
933 2454
1590 406
3387 3110
1566 1285
3875 4775
3634 2695
2727 1563
4323 1151
773 2229
2555 922
1280 2360
1929 3192
1642 979
4836 4674
4095 3779
695 281
4204 1785
2111 3928
3411 3248
284 4051
229 3365
3935 1374
784 4246
923 3921
2230 3939
3601 3771
3782 4491
460 3965
2720 1751
1610 115
2543 4084
3827 4589
3349 3055
2295 1684
3060 1127
717 2175
3704 2405
4691 2557
3713 1210
195 2759
729 3937
2904 349
3974 4329
1659 4077
2199 1322
1476 4015
2103 2055
3157 2454
3206 3813
1803 2772
1408 4417
1894 3966
3556 1470
2544 1430
277 39
1145 1867
2612 616
2693 44
3418 3326
4123 1201
3111 1993
4073 3104
3063 1823
3274 2439
1729 2604
1871 3288
510 1056
627 2839
1350 687
3160 2174
291 1054
4176 3537
73 2207
880 1050
279 4369
3419 2487
1694 2633
2613 3509
3922 3258
880 4059
4287 3349
339 955
4801 4613
2550 430
431 487
2454 1325
1599 294
2766 1738
800 1082
550 3981
2067 2534
4637 4356
2579 1093
1068 930
4452 4489
3034 900
444 3034
3622 4738
993 2555
3929 3280
4678 2623
2664 822
4240 2339
2715 717
1297 4169
2156 3210
1114 1892
4355 3914
4488 2025
2592 4272
2355 4472
2280 2818
2728 1849
1105 2441
81 2098
2936 4377
731 510
4368 2887
616 4033
4092 2289
664 3170
67 3366
2393 913
3329 4536
515 4327
2352 4423
3232 1202
59 3998
4584 4472
2721 2532
1572 3724
4730 797
1142 3162
4087 1810
2798 4364
1890 1591
594 3288
1723 2476
1679 1109
1319 1510
2381 3944
160 3203
1934 1516
1669 628
4391 635
2532 1197
1750 770
982 1157
3238 2622
434 4229
3734 1629
2890 2101
4813 4735
1047 774
1478 3773
3524 2253
2966 6
3919 4274
1296 4316
4421 798
3075 3445
1643 3570
3779 4140
2984 2279
3231 3963
671 2566
4056 1202
1412 3794
1604 2425
263 2761
1578 182
3458 4109
3624 3039
4296 1444
2821 3140
1872 2674
2068 2685
4354 2333
295 371
3971 575
4319 1902
272 491
383 2855
1704 2418
1459 28
3226 1225
797 3246
4152 1933
458 916
1868 686
3647 4236
186 1451
1833 1204
3577 3049
1342 3898
1248 4797
3602 996
1085 3501
1984 314
962 1896
3204 1433
3600 1970
2898 3177
4753 1490
875 4344
656 3563
1579 3523
1173 1724
1718 2789
2642 1601
1961 4799
1394 916
3470 1468
4403 2274
1445 2900
3038 1737
3396 2689
1510 531
336 2103
2114 1178
3323 497
4574 448
2296 967
2226 2379
4839 2208
4344 4041
3107 2211
2300 3005
3240 1712
478 1662
4824 2289
1268 3897
3534 1638
3744 3867
4575 4095
543 2149
2343 1735
561 115
808 996
4307 966
4102 3677
1705 1423
2714 4181
3820 4838
1182 1772
1692 2193
3051 4453
1404 1849
949 1587
2202 2292
3391 1746
1060 2905
2013 1649
3147 1392
991 2878
4634 3919
2440 3459
2160 657
3547 2950
3189 492
2636 4725
2931 404
3218 101
543 3369
2142 4437
3784 424
1527 2816
4525 951
1344 2356
2790 4463
2407 2798
2838 1801
2949 114
263 4739
4334 4710
4010 3592
1430 4615
503 1593
3574 4130
3832 826
2706 3619
4278 1726
1250 4469
2742 910
4127 2446
1394 2085
2732 623
3890 3152
487 4605
4162 4832
730 4403
2925 4421
4105 4240
4634 42
4518 4444
4308 228
1005 2713
3481 707
3591 4399
233 2658
3172 943
3368 4052
3201 1112
393 3167
3292 4198
2724 4826
213 179
1862 2211
407 339
1300 544
2303 707
375 89
2050 2622
3683 3393
2337 3140
4550 1618
2044 385
3955 4835
4399 2825
114 2982
1593 2220
3808 981
3796 4211
2453 661
4568 1217
3877 1749
2920 1324
3645 3654
1622 354
2170 3950
992 4698
1910 530
3882 4064
3315 4338
176 1680
61 4615
2167 1511
2497 1691
1253 618
231 4492
787 685
203 3060
676 387
3384 2741
4011 1057
3865 2369
1069 1296
3673 4368
2714 851
1108 3001
3345 1578
1654 368
4274 214
1748 274
574 1359
4386 690
2480 4245
1449 2534
4287 2737
1800 2961
3693 3090
1948 4230
915 2514
786 356
3875 3181
4141 1091
4196 818
2386 3787
1702 4738
3796 2256
2117 3727
2179 510
3264 3921
753 230
4037 2893
2270 4264
577 3688
4629 2855
3316 91
2923 90
1351 2616
1326 255
146 2283
2722 4638
1576 4493
1454 2378
1639 408
4210 4126
2903 4734
4629 2136
4594 2535
1661 2547
4268 3087
3319 311
2728 213
507 263
49 532
4185 4725
1810 3752
2806 238
334 3303
516 2281
2586 2999
2299 691
3199 2059
1140 3275
3378 657
499 3427
1081 3207
2873 1314
2737 1669
1272 2787
390 1293
764 4007
4252 4834
3490 917
443 1158
3903 768
2099 3056
3598 708
896 1354
4292 1886
1963 1229
4288 2283
4573 1528
2943 4276
1909 2386
2184 1381
893 4833
3342 3248
4397 1893
3506 2737
30 2441
1050 1100
3804 276
512 2778
3692 4629
4514 2939
2964 4193
912 4354
423 472
2632 3214
1436 2968
2782 1426
705 3159
2037 2592
172 4050
2347 3927
2917 1728
2647 3738
264 4694
3778 1832
3830 2065
3480 298
2649 2454
2424 4742
3988 1344
3843 3029
2495 765
164 8
3759 123
3620 4531
3263 1534
801 2125
3290 2978
3961 784
4635 1833
2528 3346
3495 3343
1762 3257
2250 4583
1818 3766
4130 4761
1591 2154
1277 4796
301 4359
103 1953
194 3173
591 4672
3339 4227
2299 2172
484 4448
1165 1995
2755 4530
3195 1154
2620 1877
4665 1520
1323 2671
1655 1012
4381 4681
2353 4007
701 3646
4120 3777
1724 2748
1450 2042
4536 777
3598 360
4504 1741
3756 3422
163 107
1692 978
2483 1270
2960 2677
1694 4382
312 2625
68 2446
3578 4695
657 1582
4033 3291
2677 1702
922 2431
3549 1337
1076 3662
4191 1909
3961 3438
2715 4157
1745 963
3668 3933
2015 431
3664 1844
1294 1519
4818 3040
3417 2982
3248 1987
265 4377
4283 3206
3346 1089
610 1945
4619 1166
4000 1092
3686 2465
1462 2447
2284 1894
2959 3278
947 531
879 2153
3997 353
4078 4204
3167 3055
1618 2475
1623 1104
3084 2903
2865 2847
4035 3377
3132 288
133 1034
4033 114
4075 4495
3627 2258
1649 3707
1795 1863
1368 3655
2386 411
1243 794
1472 2539
4266 246
1771 3301
2315 4514
1457 390
1739 1851
1277 1482
186 158
4584 2574
4137 2266
4141 2470
1952 2520
512 2231
3108 3043
4615 1525
3494 394
51 1123
2317 3281
1560 1482
1104 2381
2930 3697
1780 3036
748 440
4072 1633
3788 833
1123 1745
4023 922
1004 3250
8 126
2595 4070
4353 3219
2853 1338
4480 700
1264 1616
153 2234
2801 2532
3015 1172
4190 4217
3475 487
1767 1932
1863 200
1735 4041
3649 380
1862 4219
2882 148
2109 1797
580 4441
157 4044
4133 445
4742 1708
1555 4752
1192 1628
1622 805
4460 4129
2708 4071
2245 63
624 3554
2350 2389
2590 833
233 3523
2776 3240
929 304
3204 1599
663 3965
677 1363
1237 1063
3077 3596
3666 3073
4664 1836
17 652
2123 1099
3090 3387
1755 80
722 4739
1750 1393
464 980
753 3727
3821 3187
2057 4369
3167 1469
4485 611
1470 1782
1664 3354
3385 4647
2150 3482
2418 753
3044 562
1987 4715
1375 1043
1441 2195
538 3142
1688 4544
3758 855
3928 2211
3446 632
703 1843
1674 481
2572 3704
3262 492
2265 2429
4166 4126
2821 725
40 1090
702 4404
862 668
2836 4649
1529 240
226 2860
4742 113
4248 2097
4809 2014
4376 1456
4053 3029
2081 366
456 230
4785 585
1662 4121
893 3507
3076 1915
4012 4331
2048 1830
919 3463
701 4482
4216 1010
4181 3555
4182 1175
1560 3785
2171 3987
1880 1336
811 392
2851 3731
861 2610
4832 186
3774 3979
1798 3016
1448 3865
49 3043
343 856
3207 4066
3520 313
1562 363
4660 2440
2773 3866
1164 4814
7 1595
332 2395
3887 1850
1920 2243
207 2066
2511 4199
3989 3040
4478 1391
4744 1021
1714 2677
1975 1849
2087 3137
2234 3989
4709 3571
2701 2613
3079 3355
4223 1614
1365 4588
383 1427
142 2175
1789 3416
3255 2518
2710 2311
1387 4419
2616 2309
1719 1547
4435 489
3912 4229
561 3211
2470 3132
4797 2828
1730 2385
3328 666
2045 4799
1795 3964
2171 2595
2853 700
1974 528
597 624
809 4260
666 1815
2406 1744
3021 1997
531 3029
405 3071
3570 1126
2197 3613
3767 2620
3738 4555
4282 198
2091 337
3199 2238
1802 1349
3087 4132
2299 3224
3032 4785
4142 4436
1092 1759
3779 360
188 4051
3268 3110
2661 2848
4813 1618
838 2523
3853 86
3606 1780
3586 4046
1761 1720
4534 3699
541 318
3316 3812
4569 3526
2649 3568
4395 3294
598 2516
4271 3224
3637 1505
3288 2113
2064 3862
1333 4722
2427 1941
1295 2294
890 3728
3879 3275
4775 2086
1707 4038
2820 2138
1896 4049
99 1786
4794 488
4000 2457
3924 299
3072 193
1496 407
1666 1419
4800 4273
4717 4608
1280 4218
4594 1032
3496 3965
1250 1640
3104 403
2950 3071
2320 28
3472 1412
4089 4112
1022 4254
2898 176
2573 916
3788 4348
2188 2189
424 4601
3108 3789
2488 3016
2438 1193
471 3566
3373 223
864 1934
3180 3721
2055 4046
2646 2199
1225 1502
4632 4815
297 4297
1097 590
3299 3494
3410 2888
3559 4381
4461 656
137 786
1985 2300
2552 210
2121 3462
1102 2002
4218 3431
4660 4216
3129 2477
1640 198
3543 3052
3367 4432
369 614
1040 2113
2640 4183
3266 1197
332 4285
6 157
2490 1612
2368 4731
3538 3582
3222 1827
4694 4087
1868 3979
3684 3378
234 4732
850 3382
3109 3916
1637 3829
4144 2576
3858 4777
4697 2244
4494 4803
104 586
1566 3188
2841 1990
58 3061
3014 3237
387 348
1174 4621
2306 2443
2980 4442
2521 2258
2311 1383
4185 2397
413 3989
4587 655
4680 3891
1156 1295
3050 2289
443 2142
1167 3023
3052 720
2862 1847
4384 4563
3283 4596
4413 2878
489 3221
2686 3511
707 1462
3576 2602
3535 2687
3983 777
1635 1748
310 416
4420 1524
4664 225
792 870
2498 2696
2370 2471
1884 2266
371 4754
19 2771
2604 1009
2717 2922
963 380
4136 3603
3914 1695
755 4465
2177 4682
690 906
4096 4497
3751 2743
116 4217
741 1527
842 1490
2490 4599
2913 3293
4779 1778
1960 1213
3020 2008
3945 2034
1752 2569
4152 2162
4473 3427
3558 1037
7 102
491 4421
3498 2549
1244 1553
766 687
821 4772
338 4721
1536 2748
4274 1664
2771 1509
3681 136
3801 907
1945 2627
4380 1718
794 4493
3173 4061
3033 744
3483 1876
2382 1292
3265 1375
4232 2582
2628 2285
142 3308
4053 1965
1404 1324
3667 4311
4689 4383
3826 1204
339 4584
4329 3014
923 3299
519 3842
1085 545
2062 4748
3833 2337
3465 223
2771 2711
4833 2175
3286 610
2592 3376
2156 742
1370 1083
4733 1107
3419 1360
1181 2966
188 90
4806 967
4713 1042
3592 4801
4512 4192
4335 602
228 296
1589 3698
2659 906
3992 4583
333 3197
3886 3841
4788 1955
2007 1729
3948 1347
2213 547
2180 2171
2947 567
3180 4508
4433 2373
2043 1896
3583 2830
8 1657
471 4128
3261 302
1071 3649
1697 3915
1222 2107
227 968
4760 678
2624 2684
3009 3055
3814 682
2328 3634
1524 3701
1780 4198
3237 3877
3727 4433
4563 3641
886 1217
1142 2408
2027 4181
2339 805
905 4679
3327 2241
2494 1376
4170 1574
1556 321
1188 3673
2419 1512
200 1187
2082 3317
3469 3454
1263 3647
1077 4460
1781 3564
