110 2971 241
3084 1328 1
4808 1732 2
1080 3237 2
3955 3180 2
1340 3756 2
4485 2868 2
2642 647 2
4279 1146 2
2273 2034 3
1278 2549 3
1681 708 3
69 2967 4
896 4135 4
3880 4631 5
74 1409 5
3039 1835 6
4712 3675 7
250 3600 7
2952 2509 8
3278 464 9
3258 4670 9
3043 3524 10
797 2379 11
383 72 12
203 731 13
3608 3606 14
879 83 15
3933 438 16
1663 1592 17
3583 1114 18
235 1975 19
1933 199 21
3190 2965 22
890 682 23
3341 4070 25
3697 1860 26
4518 88 27
697 1249 29
1946 2432 30
2166 4163 32
2060 3653 33
2598 1498 35
2283 1077 37
2754 4466 38
94 4555 40
1385 4468 42
2253 3168 44
4159 2460 46
4687 789 48
653 4579 50
1417 78 51
1657 3106 54
3696 4 56
4746 2230 58
4222 1995 60
4416 4629 62
1152 1790 64
766 3602 66
2718 3179 69
4591 4161 71
2625 66 73
2872 3988 76
1685 4829 78
302 4152 81
1193 1308 83
2419 2484 86
1538 2111 89
2420 4790 91
246 2439 94
3698 2354 97
4069 4166 99
3075 50 102
4830 4670 105
3342 2125 108
4238 3723 111
3908 1396 114
3749 2782 117
1919 4479 120
4011 834 123
4431 3296 126
1737 4104 129
3109 885 133
1230 493 136
1824 1133 139
2532 3804 143
813 2781 146
541 1628 149
2661 2085 153
1636 2671 156
1984 2899 160
4810 3124 163
2038 1502 167
4817 1292 171
4301 390 174
731 1961 178
3546 3132 182
3566 671 186
566 3192 190
1348 985 194
4746 395 198
2394 349 201
4839 2596 206
3384 2504 210
72 416 214
4383 1621 218
2520 4145 222
4030 64 226
548 585 230
502 2236 235
1591 366 239
2869 2874
4169 4833
1304 4120
200 3257
3455 1571
3094 4402
1065 2215
1288 2898
1642 3536
1962 1893
2325 1696
3560 4749
1097 4368
2330 694
444 2685
2112 4816
997 4765
4077 2891
2269 4520
831 3103
3911 3493
2708 343
730 919
2459 3444
3672 351
2720 1060
2570 2950
4343 3979
10 148
2926 4788
31 1137
3940 1094
360 1366
2137 425
676 3977
3545 4246
3283 3269
4006 3848
1477 1392
47 1720
3358 2764
4448 2145
2683 2412
2832 1666
81 3816
2193 2722
3738 3996
1312 3397
4428 1377
2985 3152
3054 2141
3337 1218
1450 1775
486 324
4790 4352
4334 728
4190 3129
3311 3670
2733 3620
908 3823
4620 3896
2596 1765
1842 3288
1950 751
3861 2148
2725 1298
420 2941
3696 866
1291 4795
1650 3787
1150 153
4604 1549
4742 3367
1401 740
3867 1678
3306 1769
2252 3875
508 4261
2184 2350
2985 1088
294 1008
1544 2444
3953 4375
3341 695
4336 4356
774 434
4764 1980
3119 3961
340 4512
2893 183
4454 3675
1020 1977
4404 2613
1308 2069
1872 1353
1867 4707
1122 936
2449 2734
1523 4126
3184 1568
1872 2168
1050 1466
444 4723
2336 1282
3472 3794
3095 256
3071 2682
561 3787
3402 4514
1700 1907
1096 3508
2760 4244
2656 2611
544 2482
4794 2925
1224 3101
250 4802
4044 1584
1683 4502
1931 2676
2525 1195
1037 530
1559 909
26 3357
1040 2925
125 4010
2863 3330
1352 2343
1906 414
2430 953
4493 566
4066 2696
1838 3842
4168 548
1448 3100
2660 4655
3068 3784
4763 4099
3761 3046
3002 4618
604 1425
1679 1413
530 1951
3382 4337
4533 1105
3790 176
855 1736
4064 4578
2119 2546
1984 3142
2794 784
3227 3443
2048 2054
4590 1777
247 2972
3904 2460
4083 2098
2890 1930
2406 3992
4672 2749
2398 4405
2086 995
53 635
1755 2428
632 3017
2290 2891
2181 1839
723 2160
1153 698
2038 4279
4840 3543
4377 3134
105 901
2629 3952
976 323
3529 1876
3928 1879
290 2255
3946 4051
4750 1128
4160 3358
4238 2820
1080 4016
4639 3064
2211 1495
3828 979
3538 2622
2421 1904
4615 2505
3526 2119
1943 4058
1463 580
283 1542
2112 736
4662 4591
3201 2359
2268 3473
1845 3671
2253 2193
868 4568
2518 3252
1658 126
852 4303
888 2139
3567 4509
144 2792
2401 3711
2929 2239
4813 584
2062 4600
840 4840
2531 500
2196 196
4354 202
1101 1620
41 2180
2774 2240
4252 4130
4137 177
1387 3968
3563 202
3676 1280
4779 1483
1728 2259
4328 555
3537 3974
1022 1151
877 1463
467 3386
711 4740
526 4104
2884 528
3395 852
3708 4808
613 1801
1684 2900
789 4444
3463 2381
3934 2956
2472 1394
144 1604
1464 2700
813 2574
805 226
1708 1736
4783 2456
2892 1230
1249 4414
3626 3392
1383 1904
4495 836
3054 2912
3767 2594
3270 1909
250 1151
4666 1303
1528 4775
1755 4342
4259 889
4276 4729
748 573
412 2397
336 253
2898 4282
4688 946
1991 71
1487 1153
2913 1395
724 2910
1028 2533
591 141
2798 2519
2945 698
1775 509
921 3319
3877 2330
903 1042
1002 1289
1425 314
4163 4343
380 665
1111 4619
4504 1949
3564 2478
1794 793
2286 4336
3359 2935
1183 357
689 1635
1731 349
4479 2427
3522 345
4502 4292
3699 3253
3026 4112
4010 3383
3758 1508
203 340
2556 1037
4114 1898
3940 4176
1080 3880
46 4260
4073 3583
3037 3357
2570 2811
3789 1199
2391 1576
428 3997
4244 1304
3359 4748
1615 1082
2838 3492
940 1583
3403 1032
4419 3436
3137 4180
1756 4603
410 1187
256 4324
1782 1251
4192 3851
203 6
1151 2357
4254 3280
2486 752
67 2414
723 3758
3846 4780
4647 4799
523 2851
3450 1175
444 3164
2329 514
3729 3588
3241 113
2129 1293
2041 3401
4566 2162
2399 222
2754 1841
4093 4044
3420 3353
3484 1726
4094 1014
2885 3633
2098 1602
4465 397
1209 2188
2157 1995
185 1786
1317 176
1817 3421
676 4260
3312 1514
4702 626
1653 2507
3393 4228
1793 237
2186 3737
3352 3945
1401 1530
1335 3177
3407 2617
2655 966
4214 1781
1811 2949
349 1815
717 1841
2996 800
4328 1948
3286 4218
1476 3265
3514 3415
3395 1870
2804 958
1262 815
4159 1153
608 4781
3503 2900
1008 740
2050 482
738 3412
3774 419
3995 683
4532 2275
3066 468
1373 856
3301 19
3146 551
2712 2981
4497 1295
4638 2304
4110 802
3108 1462
1171 3009
996 4211
2247 2991
2093 2807
2553 4357
1672 3991
2207 820
1483 1002
4437 1003
1031 93
2843 394
403 4430
2169 4566
2836 2653
3691 4397
203 489
1502 1521
4636 3766
4171 4485
3855 3973
3107 2823
1203 3947
3402 443
2530 3142
2134 1733
2139 3446
1968 4795
2520 2299
4669 4265
1796 2821
4546 2743
881 3602
1424 455
2651 503
1424 214
2285 4092
3002 1536
174 3527
2839 1073
587 747
3243 4094
983 3232
972 4624
3031 156
3222 983
2401 3588
2937 4385
313 4717
3720 1706
4732 3847
3512 2778
1785 1977
4510 3361
3124 4730
963 3037
3944 2570
2810 1351
4265 2469
4594 24
316 1261
687 3102
150 2645
40 3520
4414 1182
1976 989
3000 1985
3201 2546
853 1356
1274 1238
2438 4537
3216 3709
3283 346
4295 3456
4678 2140
3059 3018
3575 1423
4198 2374
3164 375
522 1788
2195 3364
2107 3152
1746 2556
1930 3752
3406 65
321 2497
1461 4281
401 3712
573 2942
4185 1638
1869 919
1127 2650
3914 2797
344 3322
732 3229
1610 4095
4793 272
2566 900
165 1304
4382 2826
3059 4230
2427 2262
381 2232
899 1214
4702 3454
1 1221
3646 2657
2036 585
3857 1065
4627 3626
364 1996
4262 87
1155 4251
605 1136
4618 2947
3856 379
660 1012
3040 2258
3529 35
3969 3739
4820 3687
1619 202
4661 2029
2741 3881
4592 1904
3882 905
1759 3620
2750 4838
1867 3191
2497 2203
3135 4085
4074 1804
1146 2085
2667 3555
4152 1520
4023 149
4106 3737
935 3141
41 4804
3308 2852
3796 2368
2091 2320
714 4398
2667 4471
3541 2331
2562 2142
3654 93
3241 1302
363 481
721 2772
829 902
1307 3895
1976 1656
2954 3493
4622 533
1019 1013
3077 1948
1016 1690
3330 1346
1269 1553
964 2603
3616 799
2763 3086
2771 2792
310 1725
660 3440
285 3962
3136 1105
2483 650
157 3050
2145 117
3795 3684
3949 3293
4572 4005
3891 545
2811 1753
1347 2495
757 1516
1457 2115
3584 1747
2654 3783
2669 3670
291 1626
126 2478
2506 1677
2953 4055
2373 1050
4840 4060
381 1040
3991 1292
2419 1792
3882 3622
4815 1645
4530 673
845 487
4562 4538
2 4548
327 2114
2675 1440
3090 738
1403 4392
3215 4180
3279 1685
1227 671
1754 4203
4198 986
3861 259
2358 4496
3396 1286
3857 1764
3688 186
2424 2071
4468 4047
2858 4736
4188 438
2362 2819
4036 1909
4083 1383
4634 4391
3794 658
1512 4608
2880 1154
1914 3029
2029 143
1906 1435
3150 3234
2345 3388
1355 2957
571 2733
4678 4158
4284 4551
155 2057
4042 2327
2894 1729
514 1503
4157 4608
4702 1803
629 3263
624 469
1385 1741
3756 3177
4261 1679
2872 2059
1339 3090
3815 3329
2702 1707
885 3897
1781 1410
2612 1402
776 3053
2912 1574
2607 4291
385 2824
3645 2897
2240 2803
581 2236
3617 3256
2616 271
2308 3068
897 2462
385 3206
746 4826
3895 3063
2211 651
2989 3799
3078 4616
3009 3888
2599 443
4088 1709
3495 474
4771 947
3843 2016
4319 2267
2635 724
1096 2745
2983 1285
4225 3604
4431 603
2370 571
2352 4222
1534 219
329 3833
1003 179
1969 3301
1015 4405
3020 2606
243 606
1891 1260
963 544
2286 1358
240 1069
1589 1740
2983 2425
2493 4822
775 2447
851 3697
1648 4573
2909 1809
3159 3829
3439 4676
538 254
3694 711
1891 4831
3430 555
834 3172
644 2852
1566 589
1517 1642
2555 126
3211 505
78 4372
3921 2725
4600 801
3567 1203
4748 167
3197 2830
2667 1848
4493 3014
54 514
3437 3670
2510 4277
3378 3764
3072 4008
2569 2361
920 1303
3448 703
1264 1713
3777 1326
2018 2608
1367 523
1992 1590
4709 3051
1146 1261
875 4726
3194 296
3483 2671
3656 1153
380 760
1839 4425
2735 3469
473 2124
70 2065
2413 3922
3882 4414
2430 4628
902 2039
2473 3726
56 1482
1767 96
205 1884
1853 1868
2115 3353
2733 4664
4003 607
4227 4394
1477 2009
1185 2505
1717 427
1350 0
3305 1160
3627 501
49 1040
4520 1710
2134 3608
3395 2054
1416 4155
2409 679
446 1498
2211 374
4341 2465
3961 2632
1270 2418
2478 1140
3747 238
1927 2359
3365 385
3445 1962
1098 2435
696 3175
2748 3986
584 858
2654 3869
3200 1698
3082 4505
1698 584
4052 1121
4405 2435
4667 4042
3774 2961
271 1479
253 2154
2371 1149
2327 1443
1519 4308
1516 503
3957 4688
2502 1812
1748 1052
654 2744
4712 1730
4768 3978
1108 2943
2337 952
1860 3754
326 802
839 3301
805 4634
4468 4190
555 2621
3012 1692
3072 3260
4624 2113
1538 3834
880 2918
1268 2829
2152 3915
701 421
422 3538
659 4445
2975 860
1423 679
1799 4123
2970 1907
2038 1952
3427 638
3976 4467
828 720
299 558
3034 1004
3845 1323
3092 2309
2286 1977
4087 1974
2505 1007
4354 1820
472 2776
3686 4188
1734 812
564 2063
138 3729
585 926
1190 602
154 1012
3626 2589
2616 4443
898 1525
1526 64
1940 3506
1419 958
1598 2373
693 266
3822 3156
1259 4571
754 1019
4594 215
265 498
1563 3012
2967 70
1058 1202
3783 3388
4712 1261
3457 408
3170 1854
3811 2235
3167 4318
2730 991
2069 906
1340 3550
2607 2557
3747 3525
874 1856
1942 2237
4350 1531
2615 184
2628 3381
2462 2370
1386 2638
2474 2581
3004 2101
322 3054
2989 2842
1190 3451
908 4065
3389 2241
721 3315
3160 3921
2458 107
654 2090
3016 687
2449 1257
3343 132
2069 266
3759 3245
959 2818
1606 675
4377 3572
2424 1166
3732 553
4389 1440
3486 2256
1793 2371
1770 3820
1793 1619
4699 2563
3306 3518
1902 2968
3420 2558
1593 2963
61 1201
2037 3475
125 963
3249 4020
244 1667
972 2462
1076 4209
3851 2447
1945 811
2306 3254
4025 3736
3315 1975
2108 3857
3820 580
3298 2387
973 2366
1905 1086
1397 4632
4145 1226
4114 265
4775 1387
2498 3961
2465 2131
3141 476
4508 4012
571 1876
69 1909
3574 4426
2053 2402
2433 1726
4358 4793
4305 3792
1146 1421
2610 2740
120 1783
3602 4333
3130 2110
1769 2038
4551 3597
1128 3686
621 4232
1236 1165
2462 1537
3670 1673
1457 3436
765 766
2330 4579
1320 788
2434 2624
3128 2446
1695 1477
2877 102
3332 2444
1530 3901
3023 4330
1118 1351
531 4052
132 2341
4102 115
3751 952
2518 77
1859 8
4288 3106
1950 469
1151 4125
4721 1557
1373 4306
4003 3111
1913 1011
1761 3150
3260 620
1544 703
646 1942
2946 1201
594 2500
811 4051
3666 1533
487 2394
322 4624
46 4584
748 133
2955 3376
935 800
2514 258
3135 2248
1211 3509
854 840
3687 2182
2665 175
4823 989
425 3345
4513 4820
1354 4659
4468 2201
3748 3776
1494 2462
237 2888
429 4275
370 1134
3345 2607
4134 28
1363 708
2105 4196
55 1792
4683 359
1631 1931
1564 1232
3228 4589
1763 696
694 1735
4023 1990
3613 181
374 3649
1686 63
1838 2704
3789 715
1951 4368
1559 3365
552 1559
3487 270
3271 4779
1779 2495
4206 4156
1422 1315
4193 3031
4629 4712
4363 3498
4110 467
420 4342
3312 3893
1060 594
393 2659
1188 1830
1400 3789
472 1711
2953 1132
4297 1476
1825 3509
333 3477
2869 1626
1200 2138
3904 287
3319 4348
1701 3854
2428 4451
3795 2757
3943 508
133 2552
1776 2291
3959 843
609 2356
4547 1513
762 325
3079 1129
2667 1776
820 4682
998 3551
4372 968
4309 818
4416 252
2114 2392
924 4678
1196 2325
3459 2851
2485 1306
1392 1970
3388 1656
1128 1731
3994 1933
4180 4560
1547 2857
1415 1650
1128 2828
4195 1120
1269 3707
2768 2614
63 2230
1386 389
4015 4687
3679 4761
2197 2671
4335 2893
675 2313
3495 4417
1750 2635
4701 3985
1147 4460
1338 1249
4029 1268
243 1330
540 3332
145 801
4041 2573
682 4691
434 661
2264 3291
4474 493
2138 803
2267 3364
3451 1337
1418 1086
3657 548
291 2960
1542 1756
2343 1983
2008 4012
143 1383
2983 3071
1276 1051
477 2632
476 395
603 655
461 1086
601 387
3192 1261
959 592
220 2746
2848 3604
1994 2283
4301 4485
3270 2959
1860 4203
958 2208
4767 218
4204 3675
2212 3112
4324 4601
2793 1804
3343 1741
2968 1038
1960 1060
2749 3303
3123 32
1394 6
1261 393
2303 1519
3504 132
649 4059
2029 2238
2451 1833
739 4462
2173 4314
1499 3711
1059 247
2049 2357
3670 2244
2940 2291
3466 4197
1298 468
3398 1189
633 3059
38 3673
1673 2415
2760 2176
1664 2241
2996 3590
4659 2672
3940 1755
3905 716
4353 3389
4697 988
4533 2841
3969 4333
2206 3039
4352 1343
3701 456
857 615
668 2166
4243 2698
4479 3521
3399 591
3266 1022
993 870
3088 2737
4073 4348
379 1760
1325 2200
2114 951
2640 875
2193 1431
3509 2079
2378 2453
3657 2521
187 632
1785 851
2656 4121
491 3571
901 4393
801 1632
1882 2735
1309 530
1322 582
850 4645
1780 911
4061 946
1946 4421
3921 3341
2676 1515
558 3470
231 4504
271 856
279 2496
1595 3616
4780 4724
896 879
3323 4164
4832 1143
2015 3338
1943 1100
4720 4339
3205 4677
4444 3036
1330 2018
1174 425
3117 3441
3547 1732
3451 2507
3404 699
1305 1196
679 1784
1032 4167
23 2540
511 177
337 2211
3811 2835
2546 1359
2011 3829
10 1274
4058 2615
1211 3372
4779 2168
2843 605
4025 2227
1038 325
1712 4712
2513 3578
3021 1465
1516 1031
1139 2429
86 2817
3878 1010
3432 286
249 2529
534 794
2699 4115
219 4257
1910 3785
2177 3695
4644 1337
1673 536
3981 2049
1807 4840
3136 1646
777 4697
3837 1927
3266 1216
4682 2708
2965 4753
1148 809
2169 1221
4590 2236
2198 1735
3994 4737
4492 4522
479 1167
2627 3339
4742 2563
2174 3326
2509 2956
3021 1159
4596 2558
3947 612
3003 903
3964 1572
4031 289
505 4596
1628 540
29 2655
51 1000
4726 1872
2612 4746
4681 1556
4087 215
869 3402
536 3376
1002 1081
1024 3471
2133 625
2236 4274
2515 3514
2269 2557
1289 1315
4768 2758
834 1153
2754 2361
2587 2438
272 2631
1141 2609
467 1923
397 3584
4094 2435
1613 1166
3988 55
2571 721
3871 4090
3967 2906
2875 1468
4430 1752
909 3201
2913 2903
2786 4604
270 4708
1559 316
4148 3997
2990 4174
1102 4276
1688 2836
4636 1461
4340 1646
1355 3495
2813 3891
2160 4010
4215 687
2435 1472
2954 801
4548 453
2280 3096
1070 2563
2665 2290
911 2857
1722 3920
1745 1144
2902 3279
3733 3005
3657 1634
1190 4183
129 2988
179 2431
4590 3672
2491 1736
24 3395
358 4675
2040 1844
2338 3715
3819 1982
1857 2658
756 2190
475 3055
3526 1832
3991 3509
2968 4691
248 4101
1497 3378
1963 841
1855 2922
3832 1517
3521 522
4074 1742
3816 4504
4809 4702
4250 1546
2510 4182
996 383
2878 1350
1031 3956
12 1108
3079 2498
818 4308
4357 3633
2968 2925
169 2521
4838 1672
1634 2833
1182 3855
1835 4670
3361 1965
1905 3654
1832 2767
4219 3508
4451 2237
149 1524
4787 748
83 952
3076 848
379 2610
2251 3124
1234 765
3126 2664
217 4682
917 3994
167 744
3011 392
4190 3219
4321 3754
4569 390
4305 1205
3420 4817
2247 2228
1309 346
4800 2243
281 1251
1461 3041
723 1355
1871 301
4447 1554
1201 1097
993 2215
1003 2719
2217 4705
492 4799
706 303
518 4403
2322 4085
3702 2410
2681 576
3493 3155
4551 4
3613 2936
3578 3145
2751 1483
952 1682
508 537
925 4116
1762 651
2788 2742
801 4834
607 4038
4821 2076
1897 734
3186 160
4034 4006
1617 2537
4619 1113
2123 1113
3948 2125
2491 3668
1780 4658
2989 2749
1800 2259
3006 1736
2773 4187
1305 270
4346 4684
3349 2212
942 2890
2626 2897
3455 4374
1015 420
3691 4237
17 674
123 1083
3950 1156
1745 3030
1207 852
1939 2559
1044 2876
596 4345
366 1335
1274 2597
4405 2886
4822 4610
335 2558
295 2773
671 749
3064 3385
4338 2134
843 54
414 3823
1008 3060
1236 1680
1925 2286
4795 2834
4508 4618
2621 3899
4539 2110
1225 3467
4608 2023
4743 863
4729 4623
3444 929
1360 2992
373 1435
4726 119
4059 641
4121 1685
2568 3568
1398 3934
3649 3066
1262 1944
4015 3269
4578 1261
4088 2404
703 4777
747 3173
3944 1539
454 3022
3284 3732
390 1790
4057 4746
2258 3028
2501 859
4271 4813
3888 4806
2068 3544
4432 1608
4349 4047
1490 4099
234 2839
1609 3465
2402 4596
3418 968
2088 4382
3484 1476
2552 2709
3808 790
2003 4713
2272 124
3308 416
4798 2669
2074 4643
4036 1190
675 4616
2461 4249
2087 3682
855 3950
3068 1090
3524 3178
2354 301
2 3902
4149 3077
4453 1321
2367 1184
550 2240
1421 3351
947 2701
1475 4182
4216 2652
4761 728
343 2603
2548 655
518 2403
3539 4209
4441 675
3868 1829
4360 4534
4270 2128
2326 2324
1840 1393
2347 3132
2274 4822
1914 2056
4748 1781
1311 1708
205 1413
3128 3653
883 1919
2231 1081
1725 3561
2030 1255
1588 2581
2352 496
3898 1223
1784 1488
2005 2504
3997 3582
2575 1397
1494 223
1147 2119
2677 390
18 855
1339 814
4135 1936
3163 2541
4721 4486
818 2973
278 1168
1583 719
1268 2049
2026 3275
2234 2523
4303 1671
148 3460
3445 1136
1619 3384
1506 2081
2466 2520
4383 1915
2043 4207
4081 3800
1832 910
3895 1962
2695 4740
3767 4151
2026 114
1806 652
3346 629
4626 397
4659 1662
4136 2967
1204 4276
425 4116
4716 4786
3010 82
1479 4395
2241 4510
4763 4234
2014 250
4187 4235
2635 1481
1069 664
3852 3403
1127 3726
120 3681
4615 283
2125 3272
3688 2821
4133 4677
452 1569
1047 4758
6 4055
2948 1663
2151 4209
1106 2622
1290 4352
271 2408
1918 3627
3771 3448
4122 1565
1144 2322
501 4300
4659 4081
4014 1064
4045 1972
476 1507
4481 248
1263 3034
4414 3253
1781 2769
1640 2909
225 3554
4318 468
2820 4437
3053 1501
3972 1065
4422 870
3005 142
1252 1221
114 4387
4191 1691
4720 4061
4504 2147
3853 524
4830 694
2711 1891
1157 3892
761 4750
4178 2722
3486 4363
519 2766
2929 4629
4546 1366
2205 3453
335 196
1569 4263
2831 3457
1887 177
3180 4795
174 1952
603 3634
305 4449
327 597
859 1003
2442 1376
2494 715
200 1931
1447 814
954 234
1965 2161
3285 2904
1132 1604
2855 2632
4216 3577
1718 1164
295 415
3103 315
2429 1754
3284 3568
3168 2980
3162 2316
89 2992
1628 1669
184 1047
2582 653
917 943
2970 3772
634 2176
3075 1359
4368 459
2357 790
4481 1676
4251 2669
193 4581
3584 3115
1879 2439
2325 2409
3244 3545
3329 1706
2683 2580
1883 4674
1198 1437
4519 1514
2531 2587
749 1697
966 374
3610 4001
1114 2561
4734 2320
69 1607
4726 3551
4223 2113
1768 3359
1959 4304
1940 587
2412 2830
2929 4190
3610 1232
2367 1376
3177 4517
4567 4428
2253 157
4081 352
1283 831
150 4424
3078 1406
2115 1227
871 4411
4139 2270
681 797
3708 90
2194 841
3129 4302
3659 3097
4194 4621
3973 4145
1685 740
159 4556
2798 3388
4664 1704
2972 3822
454 2144
2349 1317
1294 510
972 3492
1481 2422
2937 3741
1341 3623
3609 3900
3534 1587
3 1420
1809 113
2414 1492
1704 3237
3290 4481
621 1458
3918 532
160 1179
4685 4360
686 4749
2923 1282
1654 3266
4804 33
741 3354
727 757
2596 1846
281 4
4839 117
913 2131
2285 0
4174 1721
2351 392
2820 256
1326 4684
4450 773
4552 523
2715 4597
2672 2781
3462 3560
746 4141
4121 2927
637 2304
53 4512
3085 3362
3154 1335
1450 188
1242 580
3027 889
171 532
1134 2869
2838 3806
4786 2287
3042 1234
4059 1287
3808 1112
2261 4728
2070 1887
1447 1354
305 2712
491 687
2936 604
3149 355
3739 1370
1186 4813
3891 36
4213 1012
38 1333
2358 3089
1646 708
4481 2284
468 1397
2442 40
961 4683
2156 514
1676 1041
408 2857
4804 3657
1477 4713
3530 1281
4229 1583
169 978
4289 2709
2295 202
25 3245
4765 1944
1819 823
393 1448
1095 592
426 2118
3036 3840
4403 3671
3606 3533
1339 3657
1951 1988
3174 2479
4569 3700
2654 369
1277 1279
2416 2341
1099 719
1902 4734
1253 455
892 2557
4596 4633
1370 221
1526 1699
1375 2074
4527 3660
754 3826
263 456
2419 2868
1035 169
906 4487
1286 4276
1875 4027
3908 1729
4338 2627
1344 745
124 1861
3964 4425
2690 3640
3830 640
2270 4048
4 3569
2558 3239
4006 3166
3422 2655
1231 3070
2980 942
2352 3911
2340 3751
2231 3418
625 4344
2590 3674
978 2269
3687 2951
4139 649
2824 146
2876 4191
1503 2117
3099 2096
1555 1686
3838 4174
2402 1059
64 4689
4374 4167
2973 1729
1590 2043
3662 1305
3980 394
1582 4151
4436 4293
2034 852
971 1810
2386 2750
2742 2626
4194 792
3720 2126
2388 3112
4158 198
1716 3143
4468 1626
3237 3397
3988 4086
3804 4740
562 3495
4089 4214
180 1634
3260 2667
447 3556
2740 1368
4007 1191
1094 1232
753 2864
1905 899
619 1188
808 153
2463 1787
1042 1749
614 2167
1753 883
1320 77
932 4447
1137 866
2273 4199
2397 2874
4337 3570
988 485
2662 3254
3294 4008
2554 1882
4141 4273
1314 251
1340 3407
2716 4451
3558 2510
1403 111
4168 65
2606 1658
4521 2645
3746 1039
1347 3116
4378 1531
838 1614
4608 934
3198 3652
1118 3080
1824 1061
2938 2697
4810 2292
3864 2920
1270 3469
2424 540
418 267
560 2694
1546 4551
3469 2008
4729 2358
120 3928
4093 3493
4260 4481
2719 718
1587 1354
2164 482
3825 1090
4183 2415
3336 1975
617 2510
2924 4078
1118 1646
3805 3725
502 1087
3352 3041
466 3344
2827 1728
4815 4072
3021 2138
1157 1960
4035 487
1999 1823
2713 640
3198 3413
784 4735
4028 2784
1488 4374
519 1137
524 3624
2007 3202
1528 12
1168 1046
1181 4206
751 3925
2363 1001
4039 845
4187 2579
4826 3477
3109 4026
816 2128
1527 976
2464 932
4593 4775
628 444
4071 3662
3516 3304
768 1717
328 855
3494 1414
3945 215
2621 4662
4377 3832
3994 3441
2234 3599
3724 508
716 4700
4454 448
3437 3241
4318 601
26 1240
925 868
2854 4777
4694 3275
3117 4595
1364 571
3018 716
3199 2123
2096 790
914 749
4700 926
3620 3814
609 4158
4785 4684
543 3170
1377 4063
1683 931
4707 1996
326 1563
4442 3253
1531 4802
517 699
4412 3931
1996 3521
4216 2759
606 4419
3612 252
3019 3189
3790 362
2907 3528
2255 3688
3321 2342
3218 3927
2553 4311
2491 3896
191 442
3060 3642
3253 932
4709 4042
179 726
1073 1892
3009 2832
49 2621
2670 332
3324 1537
4014 2960
1796 4529
4085 1509
3416 4606
4029 1423
4441 1278
1082 2900
2529 4541
1962 12
2019 341
113 3580
3370 445
4518 4311
953 824
2366 3699
271 4128
173 772
357 974
2231 275
2478 1075
3871 297
3106 639
749 1095
3008 207
1808 2892
2178 991
1442 3530
3989 2935
4636 2973
3403 1406
719 443
3055 295
4570 1799
1207 1586
3605 1896
3557 4682
1463 691
3720 1555
3599 1314
1710 2109
1313 3509
2328 724
939 4586
3018 366
140 437
2265 1900
1051 2774
4218 2726
395 2125
1746 1595
1129 3960
1345 1954
1715 80
2589 1359
4742 24
2913 3877
245 3494
3098 2529
3134 3837
438 4042
3888 4779
15 111
4604 3290
756 162
2162 1816
2719 936
1330 3696
4701 3587
123 4220
1443 16
4348 3135
4817 3637
3862 3307
24 342
604 3079
2862 3033
2659 2190
2836 460
17 3088
872 4108
3028 4379
807 958
3008 614
4329 3832
2986 3979
383 2880
2208 312
1511 4291
3394 1091
532 319
528 4611
1808 2386
1182 2852
2933 2376
1872 2629
4837 3493
762 3145
162 956
377 2938
3033 1264
1114 1823
2008 82
655 4142
2523 432
2195 4339
2019 1425
3479 3956
2643 3075
4338 4469
3950 4123
3496 1495
1566 394
2820 2749
3383 2120
3546 101
3288 686
4712 2917
159 2121
729 3506
3148 4440
3709 2831
2406 2141
4377 4742
3772 3362
0 4803
2105 1869
2309 530
1175 4118
3936 4016
3989 2829
202 1647
2381 4670
4044 2914
4494 3227
3730 1891
4680 1716
2248 4585
4001 964
3025 2084
3356 2344
4559 4032
757 461
3840 4021
4342 937
2724 3296
3466 3839
4292 1389
2662 3588
3299 1682
2714 106
3042 1479
4722 4245
1033 3504
4057 3626
54 1375
742 2123
4727 1488
2787 4402
3165 3669
3162 1409
1509 3498
2422 2723
1623 4155
2902 4142
357 3373
2325 2182
271 269
2446 4183
1493 2341
2149 2230
3021 2345
3342 3531
2894 2846
599 1470
1354 1108
873 2983
1988 1146
807 2340
1881 249
3598 168
2286 1821
1656 1872
2360 2104
2904 3188
3457 245
4822 904
1200 1174
137 2903
4719 4449
2872 1849
1783 4772
1189 4379
1997 868
3117 2947
2651 1524
4487 744
4609 851
4725 1438
48 2292
1551 481
3017 2877
2813 3563
4300 4068
214 826
2741 4783
4270 4043
3835 1729
224 4639
2096 625
2046 4784
3391 752
1520 1506
4356 4333
2428 205
4773 126
4785 1563
1267 1
4556 1279
3186 3622
4690 1247
1856 692
742 2844
3937 4704
2048 346
699 2178
1480 2580
2798 2173
920 48
3428 1310
3642 2464
3905 4440
45 918
1963 4177
3552 1907
3267 2296
3489 1686
2566 704
3707 1155
2402 3783
804 868
1645 44
4558 2726
4314 1085
1030 1390
4436 1981
3468 4142
2838 1217
4695 4580
1018 600
3232 3019
902 2161
314 1551
2190 4505
3392 4353
4109 4311
482 1697
1201 2961
3826 66
2969 1617
2267 944
4095 2044
1531 2985
566 3349
364 177
4629 1084
1984 2476
3514 805
4767 568
4539 3742
53 560
2587 1988
2756 2413
101 2829
2449 3152
623 1630
2215 4668
2670 3623
4663 4133
3117 1419
2535 286
3404 3486
4659 2542
589 224
1027 4279
2997 239
3850 2355
2389 2037
114 740
4819 1236
1043 2995
2602 2157
708 4454
1556 3991
2095 2016
3510 3700
1823 870
310 2523
2680 669
415 1010
4232 3765
3165 4213
160 4036
1294 4505
292 1913
4371 2460
998 1841
4338 992
1674 2292
2498 77
3712 4650
953 1947
4621 3973
2812 205
2775 2313
4173 1575
1032 932
716 3448
4377 2486
1774 4558
4351 3917
522 2477
18 1701
3407 1428
2002 2146
1455 2632
4530 3460
4751 3514
197 2637
4769 988
3058 1792
4109 1451
2689 4366
4339 1038
2557 1376
1327 4772
2490 4353
516 1685
1079 48
1147 135
787 4816
3404 2793
2405 4451
556 3083
3985 1427
501 1133
2416 1387
2166 573
3853 1994
3085 882
2512 4774
3633 1047
87 703
3 2013
2722 4202
2671 2855
4202 4409
192 3345
476 4809
933 3534
147 3930
3296 2177
4361 4188
3677 888
2715 891
1095 418
3630 2264
15 215
3752 3280
2392 60
472 1643
2077 4833
2777 965
1479 2271
4617 4076
1558 4416
3588 4215
869 284
2148 2135
345 4000
4549 940
3240 4755
1468 1608
3422 1367
1799 479
2363 1438
4745 3200
1813 378
572 4169
4413 2671
3609 3059
217 1559
2889 1994
3565 2207
3591 879
1627 2760
2515 215
4503 2799
4193 4120
396 1551
213 605
3326 1586
2827 3372
2107 1732
687 3959
4507 2979
2851 4372
55 227
3329 2208
1098 4016
4443 511
2691 1892
389 4623
1690 2563
573 25
1187 3763
667 4759
2615 2214
948 2401
2981 881
3167 1590
1394 1099
1610 388
1655 1101
1381 763
3366 809
58 2510
3675 3829
2818 1589
3007 2546
1054 186
3594 803
1241 1122
401 2003
839 2392
1450 2512
1169 1174
3865 2036
272 696
3396 332
2543 3191
3802 1863
3085 3414
3566 71
1996 195
2493 2119
704 4557
3131 4513
3324 1110
2609 484
308 1066
1695 836
3593 737
3286 1887
2392 428
2965 3607
1489 3155
4107 4429
2035 2546
4599 4339
1617 1390
1988 1257
2497 2590
2884 2860
2704 3152
2668 3064
2954 646
579 2648
3408 2183
3394 3224
4508 4720
225 3953
1843 2623
3650 177
3814 4795
4749 2503
4085 5
1681 304
673 842
2079 4278
1633 896
116 4513
2067 3326
1104 987
4320 4246
2974 4187
1116 627
858 4469
4663 89
1538 4420
325 2925
3510 4707
1166 2843
1058 1
2992 2296
2218 1055
652 2316
1629 4401
4009 442
1763 464
1505 858
2252 2141
3895 2797
4395 3329
752 37
2854 2297
1192 4509
3295 2628
4153 3314
1921 1665
2558 2418
1995 3212
236 3401
42 1995
4273 111
4392 405
173 882
1297 4193
1866 2272
451 2567
3434 1542
4362 1949
2767 3648
1548 4716
2556 4827
4362 3246
2433 3886
2122 1510
2818 579
4659 206
381 1598
2542 3854
2411 2050
980 2793
3511 2627
3713 929
2547 3255
468 1873
1454 3263
2976 2794
117 4103
4533 3527
2742 1223
964 2887
2330 2444
1169 471
459 600
654 3500
2312 2957
433 2597
4123 4281
892 1898
2645 3348
2958 2282
1453 4752
398 2841
186 493
628 3610
1332 1998
3349 1713
3892 1249
3155 1742
2753 973
2702 678
812 1232
3681 315
1379 2533
921 3164
3692 3118
3899 4664
1111 2754
4375 394
4213 1888
30 4105
266 4561
4124 2264
2343 2703
1827 1179
4809 1277
3230 2095
1634 4751
4815 4680
1542 3351
438 2930
2488 99
372 2983
3626 2989
2864 1402
4383 2313
4309 422
1539 4117
3064 1290
2070 3588
3901 1761
200 2437
822 2609
102 4250
2086 1014
226 1876
3710 2366
1866 436
394 3453
912 2907
4272 3605
3856 409
1284 677
3659 3432
2780 3327
4633 3664
3586 3533
203 3442
2895 2491
4569 632
3212 2809
1087 3449
3946 156
4392 945
3900 157
2201 1217
3628 342
3333 830
1034 3149
636 1175
1698 3517
2269 1014
768 2748
4281 4793
4796 3586
3854 3495
2732 2406
4676 2422
2672 3854
698 4757
1774 2812
4764 3342
2919 4739
3615 982
1966 3670
2329 861
960 1966
2920 3754
983 745
3177 3867
953 2038
223 706
4003 2683
2613 2282
959 1251
832 2193
1356 1705
905 1359
2926 1340
1091 2303
452 3711
3969 1603
4330 1988
3441 4487
4567 1567
1774 1582
1632 3819
2788 3291
4397 656
4788 3608
3576 1189
2574 4166
3666 3706
1390 4313
917 3689
925 4064
4268 3463
2342 2297
4334 2254
4315 2691
598 1226
1838 3931
345 4727
2804 3982
4285 2284
4582 461
1254 3545
3224 2942
2650 4376
2558 1149
906 3043
4222 1205
134 2243
2478 3409
1998 3536
3879 433
859 3844
3681 4151
2387 1324
1846 3877
667 1971
1634 3677
189 323
3767 3723
3806 591
853 4067
2907 3094
3852 4822
307 2247
4123 1498
3663 4300
2932 2576
2598 1371
1106 2785
4780 2794
973 2972
4590 268
1185 4732
3971 3411
30 1958
27 4228
1042 1543
4681 2487
3057 4040
1526 1268
1776 1603
4086 26
1868 3114
3585 4818
4240 2987
3299 2451
3413 1001
1057 1575
2781 2779
228 3579
1472 2605
3411 2980
104 4751
1470 3349
2497 3401
2752 4090
4062 215
371 4115
1304 3848
2654 1691
1936 2485
520 1814
3585 307
3473 2304
1517 2371
2934 1539
128 1390
2872 2289
663 445
593 1200
4187 1834
2921 2417
3932 2406
3698 4000
4001 1510
4364 1521
4271 4298
2768 77
2704 266
2226 3405
1991 621
759 862
4326 3044
1049 2399
1701 4217
3075 3683
428 5
3041 4220
669 4812
1714 3114
1173 4372
3205 4836
860 3017
1717 2601
4800 3550
3005 847
650 3992
2093 1906
862 2278
856 1577
3175 3353
1429 1097
501 882
2604 4512
4797 1522
690 2866
1432 3816
4261 1268
3419 1031
1945 2803
364 4477
3924 4213
3939 948
804 3942
1637 943
1865 1445
406 3264
2110 3186
2044 3331
2844 564
4230 1979
4715 365
1438 4269
4649 658
1446 2928
4262 2624
3519 313
1907 744
1842 2268
4119 3256
2593 2358
1269 3447
696 3543
1887 3803
3267 757
2116 4761
364 3442
2767 4291
1483 1952
1091 484
3717 124
1474 172
32 1887
4810 1199
1554 1143
691 3054
4739 422
3749 459
1476 943
1558 237
3450 1245
4648 3024
208 2161
3785 1433
155 2182
1623 325
4763 1923
4096 4137
2464 3282
4208 2944
1160 3950
3979 283
109 965
3133 2994
1311 3450
1722 1502
1221 2087
4236 2136
1817 3798
3784 2132
3906 838
4530 3191
4385 3187
2619 4649
3143 1674
4228 655
2871 4488
1928 2807
2626 2036
2885 2083
3841 3319
4685 712
4808 2079
1439 3564
3418 1651
4612 1716
2690 1751
2433 4439
1109 1178
37 4463
3564 3685
4545 256
2807 762
225 2609
1162 3516
2643 3252
4380 2886
234 1266
2858 3304
4027 1409
1221 3430
439 4125
2645 179
95 4590
2621 1956
3174 338
3143 4756
2927 3813
981 1036
1471 778
1705 4771
2489 1669
881 4742
4746 4478
733 1603
3484 4255
2914 436
569 1377
685 4165
1944 954
421 2001
2495 2732
