130 4889 336
4770 25 1
5746 6264 2
5946 5284 2
560 442 2
5339 799 2
4488 3004 2
5862 1253 2
2316 2118 2
6632 5696 3
4344 1614 3
3818 893 3
4233 3713 4
6392 3352 4
2625 5623 5
1251 5325 5
6429 4468 6
3927 5782 7
904 1977 7
326 4736 8
1623 6342 9
6139 2167 9
5116 3441 10
3383 2455 11
590 3428 12
3625 4390 13
1266 4584 14
1822 1583 15
4695 2273 16
2864 4799 17
6475 6432 18
118 1728 19
2059 3008 21
1701 95 22
777 6192 23
2897 1302 25
4485 6678 26
6196 279 27
3412 11 29
5464 2369 30
1065 2923 32
2510 348 33
957 1157 35
5113 5203 37
61 2801 38
4604 4269 40
5568 3987 42
2498 4107 44
3412 3594 46
1861 3901 48
5 5992 50
1203 3768 51
64 1009 54
1590 2443 56
95 4116 58
3912 5018 60
2657 6638 62
1812 927 64
1864 4927 66
3022 3043 69
4575 6008 71
4651 775 73
5096 1528 76
3317 6673 78
3496 1645 81
6728 1177 83
3808 3014 86
5110 6750 89
5982 2831 91
3303 5461 94
6692 2435 97
3857 6385 99
4044 12 102
762 4177 105
5219 4496 108
5423 5768 111
3083 4149 114
2073 6738 117
5441 63 120
1159 463 123
237 6682 126
2944 6142 129
3927 2144 133
2217 6176 136
6516 5026 139
6568 1757 143
387 5499 146
2377 1012 149
4406 5390 153
5674 3352 156
57 142 160
585 2416 163
3038 626 167
1901 5646 171
5051 2836 174
2346 3570 178
4456 4826 182
5564 1789 186
6745 441 190
6242 3856 194
5760 4475 198
2919 3604 201
5914 6741 206
2469 1546 210
544 1504 214
2096 4434 218
1340 1622 222
766 4964 226
41 3290 230
6340 898 235
5037 6272 239
2699 2378 243
4782 3792 248
2819 1860 252
1631 3516 257
4076 4299 261
1 2193 266
1613 2935 271
5827 536 275
6139 4799 280
1621 541 285
4866 5680 289
4647 1205 294
14 5262 299
3271 5041 304
6083 5747 309
5072 455 314
4247 2559 319
1426 5788 324
3462 536 329
951 6757 334
2099 575
2424 4919
4082 1277
576 865
1054 2472
2618 2833
4939 4831
2304 5380
1382 2013
1007 5789
6704 2925
1304 867
2188 138
3269 1078
1440 4974
4580 377
6640 50
3791 3785
5014 4127
456 2998
4207 697
3277 1974
6285 2581
5583 2988
5108 1997
3018 5733
426 5955
6094 6405
4635 3456
397 2012
6563 3675
1140 4199
1816 2105
3435 2885
3361 6039
5669 4863
2313 5814
185 6297
5050 2391
818 5321
2134 1738
3884 1707
3772 267
66 3638
3916 3386
5488 5332
1447 6677
1875 6044
4704 1855
5307 4860
1701 4441
2651 5980
3713 5359
3035 2218
3158 4615
2907 27
2078 3377
1131 6393
378 5143
1317 3223
3489 3953
852 3665
6093 1842
1924 2708
4765 4558
2976 5240
2396 3212
2273 2677
4171 3094
6288 5476
687 2775
3220 6336
5772 2048
6444 6101
206 656
6285 1543
3990 6703
5985 6061
612 4554
5824 2450
4670 2747
4074 354
6171 633
4251 6214
5405 3543
6046 3562
6631 805
4441 2094
1701 5316
5139 3831
1525 4135
1895 1274
3147 1684
6341 6717
453 1175
6470 2102
5522 6506
1737 6616
3025 6635
3250 3332
2775 3218
4104 4678
5293 1177
3966 2674
2659 3809
1313 196
2936 901
6164 4362
26 4920
4920 3181
318 2606
5782 231
3230 2692
728 3062
5559 466
2570 4650
3534 3346
2540 1923
4544 6406
6398 2888
631 6744
2040 2377
2178 3777
2708 5080
3500 4813
3632 5888
3193 269
1411 2704
407 4226
5942 1521
4212 5734
1044 4717
4434 5099
3451 1377
1885 4622
5796 5695
5559 6076
5299 299
4478 3257
6168 1099
742 5674
3735 1284
6630 4806
5741 1005
1382 1264
2772 636
2320 4549
6066 4135
3582 6359
3600 1011
4396 1302
1011 5012
6213 3153
631 1921
6443 256
4214 2838
1272 5569
6651 5975
288 4460
2141 6498
5780 4098
1619 1942
2524 5229
3755 2558
852 4519
1949 5177
1355 3952
2736 286
5079 932
1883 6410
300 42
5383 3829
244 3835
2908 2771
3648 2186
4330 4478
4642 5340
4135 1789
399 3275
5818 3155
3851 4320
1095 2196
2778 4561
5374 3252
3971 4082
5509 952
134 5735
6501 3124
6271 5950
2802 5800
536 6392
4102 914
2696 4287
4512 2425
2834 6454
2692 3478
1096 58
5172 6073
5214 3002
5323 1610
6540 4149
761 662
2307 636
5976 4635
4808 5890
3059 4939
4895 5129
4233 5946
4243 2231
5827 2677
2417 6105
1578 1027
2378 6514
3110 3902
236 1309
1154 5982
5618 690
3689 4900
204 356
5846 830
3805 2331
5061 1195
3963 5522
4676 5076
4819 1501
3590 3151
4504 4614
4468 1069
4945 781
3964 6114
6289 4928
4429 3971
1327 3482
3055 1139
994 3367
3036 1469
259 1565
5044 150
4496 1780
3394 6233
2443 2979
3760 697
774 157
5321 4242
2111 1191
4742 2518
1892 574
2495 2392
1897 5374
1683 4861
3828 4709
834 5907
1468 3796
3617 5668
6186 4559
2519 1336
174 2110
615 5491
3417 5303
4897 2645
1714 295
3716 6694
4674 3638
2931 5425
6230 1959
4798 6513
433 3966
2590 114
4771 4165
6403 1275
5520 4188
2862 5623
5232 5453
4085 2457
3294 624
2972 3238
163 5418
2014 3559
811 2902
5465 1233
5638 2617
6589 4604
1031 279
4118 3940
2118 929
2424 6729
3323 4494
630 5846
4741 6069
3883 411
768 1191
1296 6132
776 4716
603 3187
1981 5892
5679 28
6709 5163
1467 4307
792 403
1602 5914
635 5136
3749 4050
2559 2187
5173 5661
3418 2239
5423 3056
1967 1937
1788 1136
3186 1263
6571 1358
3342 5643
7 1385
1693 1717
2291 320
2721 1342
4190 1420
6424 3831
1747 3165
961 6579
23 801
307 2827
5483 5008
4313 4158
2479 3876
3577 1988
6340 2341
912 2624
401 5760
3030 400
204 3095
5862 1817
430 4890
5328 1984
2833 6660
5920 1013
5869 6529
3517 6622
3155 896
1875 6733
2486 1757
5412 2793
5278 4041
2345 5090
2059 4167
5501 249
638 278
6197 3380
5148 4348
3837 1056
1450 4767
6623 2254
6394 4722
3538 1201
4536 569
773 1669
4999 5343
86 4552
2386 5539
3599 3829
1478 5275
1629 3329
6189 5106
1700 5599
1548 4559
6645 3470
938 3824
3719 2753
3973 2848
1077 3963
4834 1950
4673 5657
1668 3790
5535 6315
5262 2628
2511 2686
4603 2006
2192 3998
5949 4269
2375 1218
1980 253
6154 6677
2934 1632
3985 635
1200 1529
659 3832
34 2366
3087 1984
3419 3087
3840 6229
3955 1876
4654 3100
249 4010
2996 1787
4621 5827
1344 4455
5457 5928
945 58
4999 6559
4876 157
6689 1528
4294 234
3030 2548
2894 4259
4973 4633
970 562
940 1788
6577 6228
6637 6533
4390 402
1021 5496
3174 3095
1563 2110
5608 5894
4633 3938
3701 5085
4910 620
1943 733
2658 1765
2708 4907
309 5350
3701 3567
3021 5979
94 1906
5258 1328
3374 4684
596 636
5791 5466
2386 1388
3665 366
4268 6395
1519 2596
3362 4276
1747 2853
5538 3672
3623 1422
6584 1135
4168 4856
5176 3277
1492 3634
1650 906
5211 4991
4631 950
1175 230
5805 2943
6727 5304
6527 5345
6430 1841
6366 3629
3781 3427
5266 505
5928 2303
468 27
3800 3179
1993 4293
2709 2947
3284 1409
3446 341
2091 5503
2884 2376
5139 6579
5801 1522
4279 1118
1027 3533
1917 125
6133 2570
17 1235
5341 160
1506 6209
318 6100
443 4640
559 4363
5066 4480
3074 81
4827 3509
4253 436
804 6729
5988 3242
3174 3712
1466 53
301 6361
5954 4768
6707 6323
1260 6351
5484 6650
3626 801
961 5329
3157 5754
3655 6227
3128 6059
1332 1061
4951 1809
4875 6144
249 4850
1111 757
5576 3154
4212 3537
1955 1628
6721 686
2049 4585
1781 4759
2125 5320
3346 3972
404 2502
4047 3022
6527 3524
5894 3864
1768 2583
207 5190
6435 5452
2834 1172
573 6010
2066 1466
1497 311
3486 4354
1169 4947
942 810
5397 5510
6480 6715
4990 5583
3249 4178
5568 1311
1156 5116
1389 6478
2285 1991
5764 6075
4704 3250
3230 2907
1827 2231
4441 824
6006 3684
2621 6357
1984 6160
716 2111
4594 6603
847 5561
2673 2564
1497 1577
3740 5667
1826 4131
1874 3516
3400 162
6453 2482
5463 786
4227 6737
5435 4299
2388 3768
4391 6567
2985 4554
2157 1578
4071 3368
562 4132
2713 2743
3631 2571
3204 6621
3717 1616
2461 238
3130 3396
1748 1329
1455 2964
2149 4841
5015 1077
4674 4370
2284 5938
1373 1816
4907 4321
165 2584
2573 478
3425 652
5680 4172
723 5233
3170 6171
5676 152
3732 6080
6244 4197
3684 4639
2826 3978
710 2555
2822 2143
5314 6574
3841 1343
213 4275
4106 5109
3186 6758
5686 2288
4669 113
6555 2760
1734 2423
2251 6644
6683 5526
1466 1734
6600 312
2541 5009
4483 5734
1259 2947
2748 6276
3845 4201
266 5964
4422 226
4493 2862
6031 5186
781 6401
6436 582
3356 6546
6180 6223
560 1266
4946 2068
4898 3646
3730 1985
5092 2667
6170 6549
19 1547
1884 1439
1068 4347
6378 2
3718 483
3371 3313
2321 4384
3378 1127
5781 3831
1937 399
4504 932
2618 4074
417 4078
651 4711
1926 4762
367 1880
5210 4669
2016 2799
6680 1785
2751 1046
4564 2160
2971 4068
3278 6232
472 4446
4956 6699
667 4882
2396 3472
5762 5878
1568 3045
1315 6606
5966 5638
3196 5177
27 5813
4519 5295
5452 2119
2299 6309
609 6117
6691 4086
5114 2163
2360 4727
1558 4709
5684 4021
4231 6558
5643 1443
3443 5036
5227 6193
6343 6221
3938 3145
4633 5517
4440 6428
6712 6729
6502 5173
4147 1568
6739 1339
3852 5701
4806 3172
1560 6637
1157 6099
4429 5638
1906 6277
5557 4893
1171 6616
3177 5456
234 1097
3865 1565
2169 3463
6006 2385
2460 5641
2500 5346
4873 4423
5647 266
5152 2869
3947 4528
6193 5615
2658 4713
4755 1680
914 346
4533 3657
6099 75
3116 3564
6308 1683
5132 5393
2241 3237
201 3302
4593 667
5045 5485
2494 6391
5775 2580
2401 2519
6252 157
4296 4968
6380 725
3566 3707
6050 2927
920 2126
3270 400
536 3560
2579 2925
2549 851
4174 1663
2420 1651
69 243
32 6362
4764 6733
4045 1701
6258 5331
6700 4380
673 46
5569 2461
4751 2019
4845 2832
6542 3825
3419 978
4357 3238
3208 20
5398 1152
857 4070
5792 5051
2086 777
5184 324
473 5013
3616 5195
1132 5587
834 3816
898 652
5394 5387
5642 2732
6536 1520
6642 416
2759 6020
6117 3042
1443 6571
380 1764
2224 2490
578 2681
4223 4564
3007 986
229 164
798 6003
2995 2387
3024 6075
2097 4040
2635 2114
6080 1357
663 1449
3677 5794
4119 2366
1971 977
4684 6202
3983 3669
825 4342
4455 5994
5857 3613
3798 1854
276 3592
3974 840
2496 6029
6134 3482
2971 1403
2287 1788
2752 2237
6243 4040
4121 776
5732 5253
511 5389
5694 3781
2137 6332
5994 1102
6708 2216
2179 1878
1512 2799
3032 5873
5030 674
5997 5533
302 2209
5616 1009
4388 1955
6592 5886
3077 6742
3778 5755
83 1632
2657 4391
705 5377
4051 1964
3319 792
5176 1602
2497 3465
6027 1622
3627 2847
2680 3612
6450 5912
2602 2331
1709 1831
1715 761
1212 2320
6461 1063
522 5734
614 2869
5465 4545
1059 1492
5703 5147
3492 5370
1468 3051
6340 2475
3828 2493
1445 6057
5392 3348
2467 7
2292 3439
1005 931
643 6273
3035 6414
2406 3118
3864 6492
1624 796
158 3400
911 6210
2643 1934
6337 4291
2485 6644
6143 1518
1463 1424
4649 4623
5265 5354
5320 5834
2869 5195
1955 2303
3598 4876
5444 3992
916 1559
414 2164
3998 6251
4287 1814
4904 2299
3783 5997
6311 256
3848 766
482 621
545 4260
3080 3713
6404 1704
1125 3156
289 5664
3816 5904
6748 1941
4506 4906
1694 3032
2821 3700
6168 1349
27 6576
6075 3421
6442 3258
3810 2665
6001 987
4611 1760
2481 1083
5347 6660
246 5408
5054 3610
1709 3707
5428 479
5664 4601
176 3723
4805 2609
2456 4838
5180 199
2803 1734
2969 5518
1457 5874
5234 6665
6369 1189
4060 6490
3743 1179
1114 2349
816 2202
1820 5049
3171 2625
4961 2384
6382 2092
3510 3469
1179 6212
687 3476
980 408
3788 1490
1526 4881
3900 4860
5586 3598
1665 1177
1755 2716
1914 4124
5973 4004
2340 1465
3956 3516
2226 5790
3514 246
2785 2875
6282 5115
1261 5144
3003 1980
6028 244
270 787
4691 6329
149 2320
2114 2904
3502 2580
3064 2715
406 4523
1937 2181
2162 675
2142 2514
1218 86
299 381
3126 1504
3972 1328
229 2269
6753 1624
4728 2405
285 5135
1435 4663
6616 3159
395 6635
748 1329
5703 6625
5565 5498
107 1353
5724 3637
2409 493
4077 5461
1939 2501
4138 3756
3373 311
5249 6323
797 937
5697 1704
4850 2153
6419 1621
4013 2198
5094 5841
6274 2047
3971 1999
6423 4214
5766 4023
5649 5626
1092 3398
2865 3428
6116 2827
1575 5306
2429 3969
4226 2471
3087 3821
181 6538
4789 2774
1092 5679
1624 6559
6624 5475
4192 2398
4587 3040
5539 2621
4068 5277
76 5605
5271 5934
544 5190
4890 5955
3239 4922
1710 3975
3034 1623
2176 5405
4523 6565
2674 2029
2890 3356
3349 5236
2573 2522
5841 5325
1443 1333
5239 3608
2855 6114
2283 5150
2618 3199
5931 6263
2263 1088
3245 6077
499 2311
6340 3054
5770 920
1652 1257
6161 856
463 6472
5500 555
1543 5985
4518 2694
6624 2643
3595 4168
1204 3935
5095 1769
741 815
3579 732
2690 2163
2471 2314
2582 352
1988 4510
1196 4525
298 2944
4268 4046
5819 6658
6548 2323
512 2585
1293 4029
6099 3178
6218 5856
6572 2481
1188 3409
531 3655
5988 142
4763 5239
3495 4968
1049 3096
5190 5833
244 3176
6025 4852
1734 5951
5345 1232
660 956
2246 5470
5087 3087
4270 2993
4332 6523
5819 4973
6074 563
5999 2229
78 1460
6514 4500
141 1076
1680 1437
611 5715
2234 2411
1537 5620
3169 2774
4100 2226
5058 2082
5982 1714
1168 2730
5910 5356
1378 5103
3201 2254
2764 2670
2938 3999
5670 2481
5948 5995
5948 2480
1544 3544
2244 3387
5009 3945
3437 4876
2559 1534
826 1391
344 3025
5795 6563
5765 3335
3385 240
4324 524
4362 315
131 4901
2022 3991
5722 1965
6586 4358
6569 1610
1720 5877
6152 469
3573 2972
4003 1528
837 6442
2074 5577
2124 3625
631 3061
6316 5891
1960 6353
1562 1234
5652 4402
2435 4137
1928 2850
1069 6056
3501 2699
1213 1065
3635 4045
2722 6148
4804 4456
6173 1921
6169 2487
5372 2455
1106 3822
5241 2809
5199 2923
916 2895
6478 5530
3705 1821
5506 3901
5459 1533
5178 1223
636 1670
6174 4110
4909 1705
4450 2480
5586 820
2208 2864
2368 6362
5426 4794
3555 6108
2025 3653
34 3138
5526 3346
2308 1865
6260 5785
2684 6042
4331 116
6565 6032
2748 5228
3483 951
598 134
6534 365
560 1878
4862 6337
5349 3082
4425 3063
2118 54
3055 5014
2578 6120
6352 6484
1907 3224
3248 6151
6432 2176
5144 4613
4835 272
2574 6517
4626 1336
3175 4404
6045 6302
897 903
443 5447
5642 6226
5697 469
3120 1744
1986 2072
5615 5990
4094 6337
104 845
4290 381
3992 719
5627 518
2596 1170
5281 366
6011 3086
537 1121
2713 1670
4362 2654
4176 1051
667 2471
2257 6229
395 2280
5050 2557
5735 5382
176 5124
6669 2128
5882 132
6246 2698
2346 2420
6665 4926
5982 5372
6383 5783
6283 4654
1610 5243
3474 2765
4925 6330
1806 6112
5818 3541
1194 3317
6558 3610
2389 2821
4534 830
3189 1413
1930 4032
4037 4178
1457 5108
4029 3218
3198 4081
5526 1935
1447 1085
6369 3412
3365 5568
292 1958
6594 726
6113 3677
2481 3138
5609 4306
4373 2279
2056 1138
2902 1193
3310 2706
5593 4719
1955 1079
3855 275
119 3515
899 3389
1756 4283
2869 4613
4530 4411
1253 4729
5385 1290
1721 5179
2200 2982
763 1585
3014 4855
4059 6588
1519 1848
730 4387
1973 3111
1240 636
4348 999
4291 5662
4345 2151
462 1991
699 4577
2346 3305
6381 6666
2150 5135
3413 3481
3806 4845
1682 2820
6601 4200
1429 1567
129 5937
1764 156
6055 4969
1351 1746
6695 6648
1685 3472
2022 3403
3632 5074
86 2065
5932 5837
4340 5096
601 4177
5682 874
5290 3111
3216 5736
1533 452
2639 5443
3205 4514
6012 6467
1544 901
308 2461
1599 2544
2453 426
1796 6365
1806 834
1169 5515
6525 6095
4631 1403
3713 2259
6485 2708
601 2936
1247 5022
6381 4565
1359 3760
4438 5810
3765 3842
1821 1702
4463 444
2448 5977
1734 364
3308 3670
483 4810
2167 318
5424 5197
204 1639
5316 3926
3618 4504
5823 5112
2154 1441
2616 664
5097 2975
5713 5639
2982 5617
5271 2397
2521 6457
4852 1357
6404 1108
4560 3879
4234 3268
164 4674
2683 4061
1993 190
2887 508
5679 4787
3737 639
1595 3421
11 1776
5493 5445
3493 667
6637 3612
4057 2606
1994 1280
6402 6444
384 413
3297 33
6085 1437
3479 5482
881 2030
618 1833
3947 2369
206 438
4754 4258
4232 3461
1708 6554
4349 2368
2239 2054
4250 3398
2250 6529
5019 2483
4920 2859
4277 4672
1332 1173
5926 3696
6486 3317
1573 2781
4695 2478
1017 4083
4522 1286
5376 4856
275 1754
1208 5411
4102 3629
1232 2815
2959 4403
4323 2228
3711 3740
5523 1025
2850 3126
418 1119
324 6676
5454 140
4980 6227
4488 2549
5870 780
6129 1060
2098 5071
4428 165
5347 1733
746 3170
2235 2263
2340 2861
133 395
2944 6745
6031 3007
6713 6102
4522 1086
4559 3429
5582 4423
820 21
4577 5622
5130 5538
6367 3903
1694 4291
869 1020
2738 5637
1229 4868
1102 5964
6741 2291
4875 215
493 2767
655 2548
3906 2618
1877 2503
6416 370
4372 3623
5283 1945
1062 5585
158 6101
3279 2347
4694 3932
821 1698
3687 1313
361 5277
2515 3931
5749 5805
6015 476
6298 3298
64 3063
1533 5164
6049 1037
970 1731
640 1728
935 5632
987 3287
4383 3787
2670 1421
4810 5025
1503 5947
6606 1719
91 4851
2539 3404
3214 138
4951 696
1416 6313
2825 5009
4943 1610
4323 4899
5668 2932
814 3301
5319 6464
1073 2075
260 3889
3401 755
260 648
5927 522
1070 6182
1508 6597
6645 2493
1659 1066
6722 242
4111 5767
655 5937
5775 4853
161 1237
2563 5405
3337 1801
2329 1143
4559 5081
3888 1936
6090 4023
1641 6246
4295 2079
6753 300
6563 3024
2070 879
4310 430
2888 6596
1614 1545
2108 1331
5183 4253
5237 6248
5438 6036
4589 4794
6010 3478
6124 2517
2762 489
829 3083
4581 2484
437 1945
5063 5395
5160 88
4135 5515
1897 4691
2847 5064
5084 5092
501 116
5576 382
866 2998
5673 6353
3682 1473
3513 2352
4229 5571
2298 67
741 1492
980 4022
4595 3182
5400 6186
4931 5818
5132 3191
6145 4903
1246 5922
1017 4485
404 2553
6697 68
4202 5209
3716 4507
2242 1204
1079 4414
70 2501
6667 2861
1635 3601
5024 6478
779 6311
5959 6678
2576 2453
5547 2954
28 5490
791 5382
2961 4760
6719 5721
4851 1214
1572 499
2153 4168
2699 6398
5483 1823
4267 2177
4766 3979
4157 3687
3654 274
2837 6398
1870 5025
4708 6655
484 1615
1016 6525
5605 4870
1374 1356
3704 5244
646 435
1949 5603
6095 6488
3176 5039
6067 122
4243 1347
6756 4580
6369 5450
5003 3347
1000 6654
4907 4161
6527 294
1752 4353
556 2302
1682 2627
4865 5038
5402 6387
3736 754
352 5717
1646 429
527 6449
5242 924
4745 6407
5115 1214
674 2935
1766 4603
6323 5676
1572 6313
2881 5977
5581 2643
4230 6049
6434 5690
6633 1814
3300 3267
5648 5404
4632 4886
5666 1592
2650 1342
3070 2290
2577 5250
4041 1808
649 3387
5148 3345
266 5530
4053 5751
5361 3154
4204 6516
6551 3440
2864 3555
4460 2043
4534 3559
1370 4784
3828 5229
4934 4716
2767 971
2225 4262
6200 6710
2664 6431
5529 294
2431 5717
5568 1048
1210 39
4991 905
649 4436
5939 6114
5120 1869
1273 6302
58 4216
4573 1692
2378 4245
3729 1511
4477 4969
2635 2515
3869 3942
3038 5071
4475 6293
1252 1546
3872 582
3972 1222
5157 4824
243 5671
60 5401
4687 3845
3610 4799
1834 1110
2290 4605
5467 3876
4380 6738
95 29
223 5368
6180 397
438 6309
4169 1464
3048 5146
4094 2111
2712 4709
4913 4905
738 2775
5311 4815
2731 3206
6060 2268
6099 4756
5804 1267
915 5701
3862 2716
589 505
6254 1778
5177 3137
1266 4445
29 6224
5836 5780
6718 2566
1822 3470
3292 2071
6058 6748
2375 45
3685 1916
4601 5317
793 2389
5069 1358
2724 1956
2977 1885
1404 624
3152 6597
4728 3589
4748 5382
5269 2188
4181 615
1271 4215
2696 1028
969 2198
4715 3136
544 2637
1280 151
6078 2603
1800 2993
6230 5730
3812 2026
5861 3719
2092 277
5158 1956
5786 2896
3693 4035
406 2070
644 4007
3843 5363
491 1268
6369 5297
203 4190
4414 5589
1174 1263
853 4675
5397 3435
2439 3781
4208 6652
2675 3940
6534 4031
6 3768
2964 668
3653 3428
2353 2985
5868 5066
3330 5052
6694 5006
377 4704
5030 5120
6284 3479
4894 5303
1106 368
1296 5232
5738 1909
562 5515
1215 3563
3624 2922
4356 1345
4457 4210
4450 3848
6063 5851
5121 131
3521 5026
2596 4484
3229 1372
4709 2830
737 2371
6319 3659
6729 6282
1605 5724
3841 981
230 3425
1829 6280
1534 1105
5025 4512
5258 5025
1595 6173
2660 1557
213 2631
943 4595
2893 1550
6452 5012
1492 5607
4952 6599
5629 6319
4812 3384
1093 3197
4467 782
3209 3765
5615 4935
1829 3786
40 1880
6608 850
5913 1213
6379 2989
475 3340
5417 6341
4078 6540
5195 2764
6255 4994
5498 3128
5402 1991
507 3182
158 3072
3479 1532
5226 5065
3780 2079
2313 1567
4172 173
3895 2860
1735 2988
1555 5519
5168 6650
359 6589
3697 1742
5307 4628
2812 5443
6239 1826
1934 5800
2138 1916
773 311
5385 710
3382 6148
4570 2241
603 5559
5237 2308
881 1754
2658 201
2951 2927
3874 3346
3658 4455
5008 1939
1653 1305
4112 1629
4567 6674
6420 1987
3495 3857
2007 1520
565 3096
1850 5983
2467 1611
2362 946
2701 5701
3990 2740
1533 6473
2074 1255
2842 3276
4484 315
4352 3818
3329 5403
5615 6454
6745 3822
4008 4992
5938 4932
4533 1823
4507 3787
915 402
2119 4474
3996 5797
1487 3848
6279 2465
147 221
5973 1993
1132 2255
2568 1233
1025 548
219 3642
2048 5144
1436 3984
6529 645
370 5573
5624 2662
1371 1912
3440 5649
1581 1985
5991 4281
2707 4594
276 4763
5464 1894
2767 4341
4555 4828
4297 4334
5977 6528
6294 213
2575 3184
4678 4328
3644 6060
1668 5820
1815 365
1162 2416
742 4478
6088 198
5882 5756
4436 2558
671 735
747 4431
2214 2
2237 459
1180 4705
5357 6132
3204 4335
3797 2384
5870 6628
6603 1991
3197 4450
5917 2696
3012 4142
2656 5588
3899 2901
3850 3857
5542 4661
4597 4554
3945 6000
3330 1287
3360 4793
3526 173
3324 4075
6483 4944
975 2602
1094 6760
4700 6065
1828 3667
5519 3770
508 4325
5556 5685
2379 5424
809 1099
1798 4696
3842 3306
363 2882
1041 2002
586 3054
1991 2658
6128 4311
1908 4979
2302 6060
1237 583
1204 5810
1235 2101
3469 258
4775 5975
5053 5880
1155 4432
1463 681
1926 4911
479 1335
6550 3732
841 2759
5434 4161
6141 3758
4934 1915
3397 2558
3151 178
4613 6752
3433 381
6441 5136
4760 1957
4158 3806
2257 4778
2861 2754
1520 3778
3297 6091
4644 3213
87 6370
4505 6229
2383 4479
566 2603
3592 1768
97 5122
831 3566
1518 6062
129 5682
5583 6424
67 4305
5073 5962
1478 823
6202 3205
1959 3970
5326 4586
3392 4226
3678 5929
456 5576
4577 6377
3351 5086
3698 3122
361 3333
1787 1973
4669 6615
5540 5897
4902 6030
6528 481
1214 1988
5682 634
6697 3681
3611 1136
1446 4909
4935 1437
868 1258
3552 4145
5095 5356
919 1904
1809 5473
6321 982
4499 406
5347 5270
691 4525
5425 2603
4067 4498
1335 6032
3938 5412
2982 3645
6443 5968
2318 3097
4186 2686
4559 764
432 5663
2013 1088
1577 3899
2168 6035
1911 1079
3652 5248
3531 1568
5313 2669
41 65
2949 1225
400 3236
3747 2056
3400 6311
2959 6463
5235 1128
1460 4616
3400 3782
2890 3699
3240 1985
156 2709
3467 6686
2213 975
4438 3725
4454 558
6759 2056
2622 6464
1172 5771
479 6511
5584 912
649 1975
4974 1000
4090 4832
4226 4218
1359 1676
3338 638
3885 1427
3869 1012
5372 5094
491 1491
2900 1045
2181 5796
3756 4629
5304 1660
2907 2937
1820 1748
5355 4190
1843 5118
5630 3334
5863 247
1020 1296
1966 3366
5651 1179
2593 2386
3845 2999
2690 5574
3932 4658
6232 6076
1241 3810
3764 5070
5061 4162
6441 1198
5225 4612
4222 6441
4186 455
2504 882
3371 4936
4698 390
5177 467
2519 4878
2145 214
2259 1138
4510 5419
1826 5329
3194 3927
1655 1355
1379 1512
4125 1426
57 5358
4215 1028
714 5954
521 6264
5351 2216
788 3866
5000 5015
6242 5183
6278 3015
6056 1229
3604 2621
4842 4016
4445 5196
2036 5474
5870 17
3326 1987
2095 3418
6735 1675
5915 3530
1005 2047
5572 4804
3248 70
2934 5935
843 3175
3744 4119
5026 3041
2628 4821
2895 3959
5681 6583
5390 5008
6384 55
5716 835
589 282
681 5741
2796 6083
947 2934
1299 1309
2960 592
1554 1142
6161 1046
4594 1836
5044 4210
3847 5076
3926 643
3967 5866
2489 5127
1335 248
3934 462
2466 5231
760 3719
1283 5730
2896 5372
5159 5369
1150 59
3505 364
4678 1061
464 4713
5322 5602
5003 1524
479 5206
6303 2436
3598 6450
3334 2235
305 4133
5778 4557
2313 3407
4585 4094
3098 4008
2380 2085
3708 3282
1173 3875
1357 2077
353 4594
1911 6146
2112 3732
649 348
839 3917
2766 3724
6648 3925
1313 4667
4844 910
1240 6575
4586 4423
5255 2552
2402 885
1894 5447
2302 3625
1293 4157
5777 3916
1916 3870
5908 6532
6048 3113
1578 5001
2171 4889
883 5785
4261 2004
2638 5254
2116 5992
6345 2876
5393 1426
4421 3464
3314 5611
1197 6564
2487 3006
5417 3222
70 2419
4022 6052
5742 1162
1466 1189
6029 1758
2306 3857
2987 5835
6501 5310
5870 1866
2539 6158
6759 2253
5001 3741
6397 3164
5364 2791
6119 2931
5039 6110
3009 4400
2189 2760
164 5226
1117 4760
2233 5501
467 6052
6436 6315
5030 4668
6053 6525
1266 4084
4102 3452
2052 2186
2989 2223
5076 6719
6702 4504
2146 1989
2277 1894
3563 147
800 3666
998 3976
1874 1317
812 5037
5253 6626
1643 2727
5972 2313
170 2034
2151 928
1102 3877
4795 423
5769 709
6084 6264
5702 2101
1651 6193
2346 1915
2879 2208
3061 1936
2974 821
6574 1884
2305 5245
5387 1087
4138 498
2889 4211
3598 6053
1712 5406
4392 249
5361 4512
2041 1867
4278 4856
1346 4974
4373 875
378 4260
1360 645
3515 4130
2496 73
2893 6730
4246 5274
4356 4587
4296 855
3181 6446
6171 4163
2599 3602
3136 2740
423 5083
1644 3478
3778 2177
6020 4405
3373 2815
310 553
4844 2587
5965 4506
5905 5171
5753 5919
6698 3648
2330 6685
3982 4161
2236 3446
1924 5522
5635 1532
2540 1640
6714 5576
3343 4349
4282 1207
5117 6281
4220 6190
1407 4906
453 4110
1156 1341
6088 893
3564 4485
5682 980
3881 5740
1506 1177
2054 457
5212 997
5178 5294
2741 2141
4015 2573
730 279
5433 3760
1441 352
2553 6656
2585 1516
2644 5089
6749 2745
5038 4317
354 2404
2459 2191
5364 2075
6660 4868
5385 6497
2529 2997
459 1423
1729 5279
4362 4467
3081 4049
1938 3464
6 2857
2614 5724
755 1270
4212 1067
1389 1971
6627 95
3782 6317
5438 2012
6259 4906
4757 5348
2614 1263
536 4405
2287 3518
5360 6251
4051 914
790 3075
108 188
6687 3562
6603 278
1062 2799
1431 4839
4979 239
3684 1113
5777 3428
1438 758
5421 1793
2976 2980
107 2700
5706 1470
3565 5207
663 4205
2773 6633
5565 3778
5346 4141
3590 5634
432 825
1228 6500
794 3447
2499 5866
4156 5470
5447 1447
5175 4657
161 4806
5005 6505
1461 2312
5590 6211
3575 4037
3454 1668
4060 5109
5877 3441
1398 3514
3242 1598
5206 3755
733 2729
1901 2470
4293 2455
3987 4923
4687 191
5331 3394
4933 3854
1500 5508
2565 5633
1130 5370
3273 4241
2955 4574
2937 1421
1000 5126
6312 1867
6434 1042
4404 2710
6081 3490
284 704
5578 2716
3813 4389
583 4925
6260 4256
3110 1946
1469 3560
6169 713
4832 6296
1216 5453
2510 3425
6278 6578
5248 3571
3334 6223
893 2192
5348 4344
2119 6586
1141 4136
5852 402
3148 236
2192 1980
1249 1352
3895 3121
2118 2974
5619 1604
3156 1373
4021 2844
3053 6472
72 5012
5939 5485
1658 2873
828 291
5322 2554
4295 615
1281 1775
2197 5916
435 6056
4333 2635
4520 1173
5420 2834
5891 6506
104 923
710 440
3010 5230
60 1720
3931 322
38 3003
246 4394
54 864
4555 489
2202 6115
254 998
3507 4560
5435 862
5647 3041
4407 3805
5254 5832
4834 3926
4560 3266
2344 6416
5021 4379
4059 3832
2107 5849
4908 3236
6167 5150
2178 780
5428 390
6706 5811
2487 4549
6715 2600
3726 2547
3609 47
2778 5632
3295 1299
5974 2255
3663 3314
1088 1788
1071 2360
4578 3778
4233 339
1989 5492
2893 965
2269 5258
2340 4437
830 2582
1777 626
999 6573
5325 1314
4085 452
3506 4671
321 5709
3677 5185
5448 3682
439 3664
2017 426
698 3727
1431 5414
4190 6695
5143 1530
2178 4320
2952 2238
5046 2702
3760 1798
1936 1251
4196 4751
5773 3992
5533 5027
2375 2612
2920 2507
6158 5237
6711 5342
4238 4700
5133 5826
4801 4127
1727 4846
4735 414
2450 2162
3668 664
2084 2869
5815 116
202 865
1055 610
1895 2863
4705 6098
3523 5914
1242 207
5917 5890
4595 6517
4674 6368
1334 6163
3683 1651
3762 3775
5574 1997
5924 1793
1235 3246
6114 2273
5418 801
5431 4340
5359 4676
6601 2176
2353 224
3276 4864
5465 5387
6272 1030
3030 3706
4620 587
2497 4674
4358 5737
236 1765
5611 6744
5504 5608
4525 4349
1806 473
602 1197
3861 5297
516 2187
2096 1816
5536 330
3244 3382
6105 3276
6407 6608
6053 5817
971 1574
2618 6028
4561 5028
3985 1831
2468 164
1037 1342
3395 3997
3576 1603
925 617
4081 997
3458 1784
834 5876
6588 246
2326 2269
3951 367
3518 408
1213 6349
4548 3841
3964 4798
928 3479
4767 4991
2506 5898
5303 2302
1290 1642
4225 1435
2634 3575
5403 3809
5400 4054
4666 5498
2018 282
6661 3389
6406 2148
751 717
2235 390
5358 6440
5818 5434
6655 1002
4680 5328
6680 1922
1631 1006
6253 704
1793 2966
2679 141
4299 6718
2765 4066
4315 5941
3531 4909
4262 769
924 5835
4178 4977
3056 387
5803 1749
4390 1129
2316 6356
1633 1703
5122 5735
2019 990
5055 1066
4245 5180
4211 4632
5535 6192
5840 3494
378 3701
2101 5219
896 6693
6372 1912
1395 5782
3109 2718
1649 1741
3433 6071
1502 410
6459 5675
3569 3478
4787 2100
4262 1161
2325 6088
2945 3706
2037 663
2401 5690
1756 3012
1278 2150
6273 4579
5398 561
3232 2337
2404 6373
4533 327
2803 3849
729 4790
6209 751
1263 2909
2999 6317
4363 4846
1807 5227
1663 2542
6612 5075
5793 5360
3973 2706
2770 1531
2226 1587
2618 5654
1293 1338
3788 513
257 5041
6071 5213
3808 1068
4212 3596
3719 6493
349 140
1041 6326
3246 124
2060 6397
1468 1139
3456 2128
5119 3364
1362 4629
2550 11
3734 5063
2489 5638
3064 498
4359 4008
2891 3727
5731 1749
1688 2249
4042 3142
809 3209
1334 6340
3447 2687
3092 2427
3031 1983
2194 3666
6008 3277
1569 823
509 6167
3938 58
793 6237
4328 2707
2834 959
1426 2884
3570 4659
3363 4011
3729 6425
3137 5216
1816 5551
82 6196
408 139
6541 6628
3019 5409
5676 3746
606 6071
4420 2454
4578 5060
6227 1414
3626 2512
3348 5431
2530 2221
786 3040
2915 4581
281 626
1814 4789
4974 1945
4199 523
3923 1490
3176 4359
1798 5416
2553 6284
2684 4213
5160 5907
5497 1555
3516 5577
4896 3287
891 1501
4930 3683
5524 868
1801 4321
2981 4982
1907 3729
4617 3631
1898 1224
975 1990
1892 4300
2387 3332
5933 451
1203 710
2685 3418
555 5149
3203 6589
4261 1241
260 6355
6141 5531
4452 1370
4490 1117
2778 5138
4411 2296
6741 6068
6067 1709
6516 5861
4289 4004
1812 996
303 3349
4491 2006
2343 1821
4635 6234
2510 4235
5350 2533
3458 5211
4443 56
1105 3919
6370 926
3245 5757
5827 1424
543 1624
3479 5276
6266 3671
1795 1599
5761 4504
6181 1815
489 834
4880 4044
6624 6732
1791 5075
2660 366
1693 343
1138 3785
4721 4806
3483 5989
634 5036
1179 1152
3658 5881
224 2203
1554 5779
3174 5931
5130 4030
1305 4196
2884 1351
4974 814
39 5650
1281 32
439 1468
6510 947
1201 2797
5069 2165
6019 5877
5852 6008
5723 5949
2097 3360
2440 5935
4248 4410
6663 2286
3467 747
2194 462
2634 4667
1983 1050
3998 210
5547 2860
613 2037
5776 4936
2732 5413
4773 1257
2467 6403
1132 5460
1393 2511
4858 2994
5058 181
4166 5359
5966 2706
4564 690
3609 5536
2238 4289
5373 5213
5970 843
6551 5160
5545 3578
1170 6488
4232 6370
1039 1125
4742 1654
2848 2954
6613 756
2277 629
5336 2907
1645 2506
2112 706
1291 5811
5335 3194
2416 803
4106 6629
753 973
4519 488
3218 2142
2787 558
3701 2138
3927 1542
3802 1959
1355 521
6229 3311
4504 6289
1038 4632
929 3134
4934 6566
2557 5535
2473 2658
5548 4587
438 3884
6738 4538
627 5382
677 3099
1051 6034
1870 1648
2717 1062
6517 1716
3714 5975
4120 5866
3585 2188
1527 1150
1911 883
3743 255
576 6254
6736 3958
601 2323
5606 1980
5580 2355
6683 165
2236 79
4150 6001
775 6366
5010 942
2013 4105
4775 4328
4053 2492
1507 1250
678 4660
4434 2412
1378 4466
6548 6209
4162 4328
4359 1299
1168 3450
1796 200
3070 3672
221 2395
6093 5070
3387 2184
3806 6657
3330 6255
3059 6440
213 5561
2462 6520
3894 29
3545 2023
4058 1760
674 5624
5514 2999
4431 5036
4525 1586
6034 886
5716 3073
5188 778
5517 5662
5809 1636
4939 337
2449 3482
5724 72
3690 6418
2641 4347
31 3680
2243 5553
1926 1765
6028 194
422 4973
5166 2640
4901 682
4453 290
4015 3048
6116 4790
2129 5069
1399 5146
3049 2579
776 1144
2369 89
22 3048
928 6433
2388 6347
6334 4614
4407 3625
2081 4917
117 5711
5154 720
416 4253
4876 3504
941 708
1771 3143
2104 4493
3256 6712
1210 1877
4534 3028
5191 3188
817 383
4215 5795
839 3375
3592 5404
6293 4596
454 3419
1556 150
1730 4813
6500 2130
5471 5852
4141 2656
2118 2659
612 2829
3528 4690
6645 4255
1621 3757
1397 6674
3304 6475
381 1022
2162 4127
6735 4476
1927 624
4211 3498
3927 1516
2035 3482
1492 5334
4848 1177
1548 4116
814 5926
1364 5578
5624 4778
6708 2716
313 1465
4598 5741
1476 6504
2206 5040
3281 61
667 1207
2987 565
4718 1569
1344 6203
2766 4165
3300 2357
2456 403
1050 3012
6099 4254
6268 1084
353 450
6499 722
6580 809
576 1317
6148 3546
2332 1047
483 3373
1853 6439
581 6720
227 1591
2527 4916
3418 1158
2905 6113
3406 4858
1988 4739
4532 5614
4982 1857
2776 2544
5884 4571
3280 818
3920 3964
1370 2216
1009 5249
2031 2077
6011 5844
4513 4697
3690 4133
5087 518
3436 5445
2421 6552
5506 533
1002 4036
6377 6266
4372 797
6000 3657
5368 991
6647 4087
5827 4456
6222 6668
6405 5071
2945 3136
6109 1994
5291 1301
1973 6730
1346 5055
2815 3393
3124 868
2641 5362
4013 6077
4631 5996
5651 3531
3761 6602
2593 4081
5375 1182
74 1747
3297 4714
5237 4456
6094 6108
2788 6230
5957 5379
4568 133
2927 1051
3754 6014
6522 6248
3266 1333
4928 485
1259 6391
4254 5722
437 4588
948 4174
1148 5889
3814 976
4469 2418
6441 910
4531 5859
3353 1200
3110 5344
2757 731
5722 536
5231 609
846 2645
5856 2453
542 4104
4740 92
6395 3523
1523 3139
5287 5369
2508 5734
3474 1155
936 2364
4117 1706
4849 2024
5379 3914
6068 2522
4151 3070
1907 3354
1493 4477
6396 4646
6520 4389
4864 1035
5629 6536
914 4015
4423 4348
6643 1150
5341 4003
3073 1458
2554 1467
3570 6165
1940 6731
6239 2554
5277 2223
2951 1700
3801 4875
2096 1992
3233 6574
4800 6339
876 6451
3545 1766
1404 6082
6546 6109
3775 2290
511 2979
2992 3004
6583 4018
129 3164
2488 6364
2394 1354
732 676
3690 2811
5739 665
4455 2150
1672 4929
4889 3539
5256 235
758 375
5188 675
5161 3112
1641 3073
1875 2718
1091 5177
2491 2012
166 710
5451 582
209 6007
4961 3032
2865 2527
4324 1409
5880 217
84 1517
2737 3634
3571 5950
2875 2422
396 248
6083 5874
6335 3635
1431 514
3829 3973
1261 1171
6552 6501
5529 5355
5081 988
12 1651
4648 6636
4849 1987
3531 337
4757 2762
6038 4892
1738 693
4921 371
913 5124
6559 3963
3645 4697
277 863
6367 6177
4266 2892
3200 3129
2663 2097
924 2837
2840 1196
5063 6439
2585 1662
5036 2590
6377 5809
1226 5802
1613 3364
914 2106
3379 3959
235 5715
2773 2121
873 894
1604 2018
5602 3861
3471 2076
1701 225
5787 6447
5286 2808
1681 5343
4628 5538
6000 356
693 4280
6256 6291
99 3421
2555 4315
485 6074
3615 16
907 5414
2040 43
4429 4474
163 5649
3533 3006
378 1549
5520 6264
1731 5898
5659 6716
6041 3446
6049 85
4517 2214
4957 405
1220 5280
2594 1597
6112 3195
586 583
335 3303
3593 4324
1450 698
1445 6395
4177 4924
3473 4249
6362 429
3816 1312
5114 1090
816 1599
3078 1022
750 5526
5596 1638
4392 3384
2510 2286
3781 2735
1986 2726
3648 792
2443 3754
4125 755
3490 3128
3506 1198
779 2632
1415 4673
3803 1659
6554 3148
3180 5647
4477 5756
2010 5605
1530 3927
2901 6009
3790 3554
5796 3886
840 4487
5239 2506
6138 4929
1019 1715
459 5861
2736 3454
4672 935
2488 2581
2444 1414
3693 5303
5768 1261
4904 5934
125 2745
4590 745
2261 6
5424 302
5762 1379
4022 1461
419 4497
1721 6234
1429 5503
6602 4430
2619 368
5430 5164
4038 841
1383 1403
701 3877
240 497
1438 1645
6262 5609
1781 4029
3828 1520
4818 6330
76 5789
855 2525
23 5709
341 3255
555 1328
558 3233
407 3668
1685 6293
2618 5488
1996 1538
6393 3026
5667 4007
5735 2139
3794 4795
1799 5534
6629 5393
3129 4262
1075 3693
1720 5305
4929 3972
4192 6061
3193 2323
1322 5363
1341 31
6732 5997
6219 875
4324 5167
1110 3733
3286 3164
3505 967
5788 1918
608 6326
2570 4767
6752 5816
3831 477
5666 6446
121 3332
1112 395
4247 4742
2247 2152
1708 5133
4580 2340
5782 4736
4755 4968
564 4746
2593 2823
980 1255
3718 5635
4974 4023
1759 5813
2531 1839
4907 3464
1324 4526
4936 1357
4503 2808
2027 5659
2238 1230
2033 2987
2880 6747
4067 2253
5991 2398
5734 4570
2720 679
135 5137
1592 68
480 950
16 4990
6304 1364
2726 5318
4300 945
4083 322
3443 4356
6188 2421
6132 5857
6300 5513
6022 5441
4067 3014
41 585
6222 2696
868 5960
982 787
5796 738
5957 3737
1355 3638
3271 1241
1592 2498
3125 3124
360 1406
2388 692
1626 296
141 91
5181 2289
4362 2938
2033 2109
3247 25
5415 2563
4512 2345
2559 3479
3751 2870
2075 3355
3903 2821
5329 6356
4314 3061
3936 1978
1848 6102
3125 6169
3407 6552
4613 5099
1423 801
100 4252
5847 1002
3828 3208
5860 104
3089 4621
3112 1033
1747 4019
741 4505
775 1213
1143 6515
4194 3545
5614 402
6004 2640
2252 4515
3828 2767
2748 2982
3039 5661
459 1778
6063 1204
915 3285
6531 1569
1672 5227
5682 3586
2960 3363
3758 2138
6371 4773
6310 6472
124 5305
1244 6688
4479 4761
635 3015
6413 3580
1010 2996
2718 6610
5477 5698
2350 1179
5714 1358
4935 206
5694 557
4159 4734
5149 48
2133 4084
1283 6106
1069 990
3068 2745
5508 3552
2116 5020
5293 4775
3650 4819
6634 6069
5925 376
5225 5415
763 3819
6487 1801
2553 5571
3644 4796
3763 5395
5190 6585
415 786
3660 4090
4354 6564
4726 1824
2685 574
697 5757
3678 4866
448 4998
2506 2071
3620 2984
5465 6119
4202 6426
4649 652
3908 4167
1085 4457
5113 4579
5076 5033
5940 1002
1937 478
2458 5151
6573 390
1651 4029
107 4012
3293 3358
1943 6539
4518 1846
4764 371
1939 6691
5368 5290
3987 4521
6453 2807
4186 4823
3124 1615
369 2597
5717 3548
600 3685
5870 2509
3104 3520
4562 5733
2005 1123
2 4742
4075 274
3168 1866
3294 2460
4172 655
142 1929
4796 5632
1569 3022
3643 3203
4764 1737
3592 6338
1418 3889
1246 2484
1938 5106
4941 2768
1617 5317
2064 6553
698 1588
3009 4814
3507 612
903 2458
1945 4978
4553 5988
1681 278
4542 2893
2463 6083
3147 1130
1734 1095
6300 4415
4905 5902
948 5933
4619 3957
1231 3004
3536 2524
4520 1256
4580 1772
6075 2490
4415 1838
4550 4452
5521 4690
704 393
5370 6209
3021 3907
5881 2031
1196 1814
6411 3979
2598 4540
1664 4889
6326 1829
5546 81
2077 1645
245 4556
3440 1979
3984 1886
3270 2663
2222 5071
3517 3530
5366 5860
3593 3731
1661 4314
5688 3236
1473 2564
4089 4450
4703 1987
2879 3870
89 4882
3019 901
5878 5993
900 2361
6300 5832
4528 2514
929 2968
4255 1392
2543 1661
674 237
2534 5579
4799 1124
2290 2723
5217 5493
5795 2912
6443 3935
2218 1254
1557 973
233 2044
6403 4218
2951 5186
5502 513
2255 5395
6115 1352
1638 5563
6057 2364
1143 5156
5788 107
6320 6532
3973 3118
6424 1212
1505 704
4804 5369
1940 4995
3631 6083
5684 3099
6147 955
980 905
4960 4589
2958 4341
3425 4168
3156 21
6719 1145
3055 3735
1440 2005
3270 5558
864 802
932 4384
4413 5948
3600 3462
288 269
3775 4010
6443 4671
112 1834
4479 3804
1218 6612
4945 251
4299 4495
5913 1952
1179 645
1106 4575
2336 2476
831 3394
3321 3940
6630 4535
2496 1456
5842 2121
4473 833
4825 867
3311 2852
5886 3411
33 3591
1749 3740
2484 1645
3508 2229
6547 1806
1206 2869
2387 1034
2215 114
2907 4331
1880 401
1371 483
1895 2315
2286 6038
1605 1605
150 5546
4750 5042
5878 6741
1880 4913
5033 3432
3039 3360
3438 471
3977 3073
2203 3843
3936 1835
1437 3645
50 6173
1901 1527
1289 1019
604 423
1047 909
2119 6324
2798 1890
6617 2280
4579 3064
6424 1692
5400 2476
3610 5584
4387 1218
5059 2682
492 4242
6640 3258
1005 88
2474 6234
881 1329
1315 5468
3173 3569
4150 188
5159 1268
3938 5495
3801 207
1481 241
3297 3230
6747 2145
4962 5433
6009 1004
1174 2597
4152 1928
6538 6651
153 3283
5611 3882
1151 5065
3225 3095
224 3662
212 2065
93 1036
4196 979
1511 5024
1961 5422
1492 1764
807 6710
119 2377
5430 4035
6301 664
798 3531
6421 2966
3217 1903
3715 2453
1134 2139
6296 1507
3427 4831
1353 1379
72 893
3359 1034
4828 3946
5042 2902
143 3529
1670 2415
2553 4383
6338 2110
5813 2650
1802 291
6226 4063
4412 4260
3368 3732
3094 4809
908 536
6726 380
4188 568
1259 2239
5007 5869
5612 3755
5410 2891
4106 5092
2551 2918
2869 2072
5189 518
1069 2549
1340 6304
4529 1203
3496 6735
4638 4759
260 3573
3286 1141
4719 6285
3791 2842
6095 2329
4889 1499
4330 4138
5577 2251
4733 2148
5190 2648
247 5918
4779 275
3020 3192
6479 6548
4517 665
3590 1383
2972 2437
214 2825
2139 1418
4340 426
6550 2346
5813 1097
1022 1077
5305 4188
5007 314
1052 3259
3881 4203
287 5429
4407 6040
424 4610
6103 1639
2758 2214
5825 462
4624 5136
2658 6493
2298 4850
5307 4683
1578 444
5479 1116
576 4992
1637 6497
5643 5589
6292 2507
6159 6022
4592 1757
3077 5688
2339 3903
4226 208
94 6451
95 5327
918 1754
5913 5041
4729 985
4343 4441
4771 6392
2354 4034
6111 2465
1890 5616
5631 4548
1931 6095
5833 584
1507 2484
606 5961
4881 1514
3071 3404
896 3590
5435 6288
5375 2349
4709 1344
426 265
3462 2174
2798 4718
6283 3627
5506 2778
3984 5928
4507 5789
6473 2684
6189 1342
3574 2590
2163 2615
6278 2910
215 6509
326 5585
3506 5932
3767 1255
2044 1827
6383 6750
1545 1501
4685 2390
3202 1133
2189 597
5361 2821
5519 5301
4298 4614
189 123
6060 4434
3593 5964
3664 5168
6650 3630
1712 5422
1265 3036
1466 840
2273 5762
3466 4449
4268 1550
5862 2752
5989 3090
525 3756
4917 2036
3859 2364
4501 5155
3106 2932
832 3025
1851 3745
1527 685
6511 3597
3026 5102
920 82
87 2117
475 546
3396 360
1471 3244
256 751
1646 1648
4318 6040
3732 3446
6498 518
1742 3515
4748 2534
415 2262
3334 3348
5470 5249
3301 683
1550 1790
4134 601
2524 2852
5408 2437
5095 4523
1262 1582
4270 1379
6166 2201
1917 4450
4945 1636
5756 3080
5078 5581
1484 4735
5789 4831
3731 1965
1747 6182
5956 5866
4906 6346
1256 1392
4548 2084
1549 2750
2890 528
3871 1543
726 6148
6148 5641
6060 1782
1066 4375
3426 1570
1786 5918
6563 4791
3539 4
4386 836
2508 1928
2913 5296
1912 2569
2946 4423
5696 1043
5314 2056
6587 2715
17 69
2146 1552
3782 931
6133 359
2658 262
4455 162
6095 1915
5108 4654
1560 1303
3375 3055
5563 2182
4079 1680
2693 1089
4085 5400
1034 3800
4894 4356
1036 4001
6238 5841
4491 1033
2355 1899
3484 5648
6529 5954
2063 381
4500 2644
1105 5833
3372 550
6522 14
648 4034
535 6412
1436 6082
2510 4962
4944 2893
6103 5715
3674 336
3840 3270
2935 4682
6720 3914
488 4516
4573 3834
3211 4375
1340 2244
6410 6666
4272 3075
5746 3478
2792 2241
3569 3
6680 194
2155 716
761 4681
6246 3912
3040 2143
6407 688
4832 678
2844 1349
2354 5735
1373 6099
6089 1734
5795 2174
1978 4926
4817 6741
3164 2286
5682 5428
1346 3464
296 1756
522 310
2266 3476
3101 3853
6671 715
5378 4210
416 1677
3024 4685
841 4756
4323 6147
302 2014
5664 3122
4056 1613
2130 4994
1131 144
1297 5106
4838 788
5613 1781
3856 5894
4359 1553
6034 1379
151 6574
3138 3478
403 6738
1254 2099
4897 770
1764 2883
356 3731
5195 4552
2328 3010
2422 2618
2936 552
1363 289
4898 2623
2168 2943
818 564
898 4969
5846 4348
5746 5365
6147 3377
2527 4551
2894 5636
4132 12
3212 2836
2315 1777
61 5036
4129 68
2660 45
545 729
1144 2412
375 3175
8 3628
1051 6535
863 3267
6110 5766
997 6518
2683 4572
1091 2927
4060 2362
2988 4867
2744 164
55 3238
2708 5036
4255 3221
4758 6153
3331 3616
5811 5459
880 4475
1235 6072
2189 6279
1597 5190
1574 5605
4072 4808
5070 2385
39 6334
6010 1178
5433 3002
3939 2976
5796 4320
3186 6473
4043 214
65 703
6607 1326
5906 541
2601 4858
3833 4509
3087 3844
3140 1367
4593 1133
5748 5086
4957 1850
3470 6447
1267 3755
3251 2633
2424 4789
2427 4442
2943 1540
5530 5075
5491 301
3523 156
1040 1748
936 5825
4336 5496
5425 3839
251 4145
1022 628
3994 905
2932 2857
5274 2117
3248 5711
3609 4174
6465 3407
4891 3273
2687 363
5639 3641
2214 2701
2334 4453
2028 2173
3133 4956
4146 4098
1968 4723
4228 1798
2194 1433
3657 4724
6511 5747
5563 3934
1278 4697
2942 2650
4373 5168
2707 501
2946 1012
3633 5727
5885 152
4107 5810
2694 5986
3231 3172
1023 3266
5498 386
3385 5948
4569 2278
1673 2580
2920 2757
3421 419
6520 4142
4831 5617
4017 4568
2561 1961
3312 2593
1454 4652
4751 5969
518 2565
2719 4
6103 5233
2259 2101
2191 6628
5875 2299
1780 1554
3731 1382
4689 1920
4745 367
430 6545
3317 2951
6467 5595
2460 2497
3708 1953
5647 2253
5899 2535
716 2861
6685 3863
5907 4317
4460 5119
5134 3984
3760 3233
878 4840
3873 3640
585 741
3512 1979
965 67
4483 4528
6035 5134
2882 1938
6704 5040
4017 2218
2653 789
6040 2347
121 1164
3461 5148
5299 1994
232 4373
4440 3176
3050 3697
5473 4814
1866 694
2331 2967
4979 1217
2872 3209
5117 6644
1953 1294
732 3683
907 3775
3062 70
4717 4014
6574 4901
5458 4507
4495 1511
5632 2455
998 405
3477 1189
2900 5649
2480 3460
2930 6138
3887 2017
2827 3426
1107 4363
4426 5669
1193 1484
5909 1470
2966 3823
1300 6166
1015 4721
3193 4047
2183 4693
2784 6535
3703 3444
193 5917
1533 51
3241 6177
581 4501
1753 1988
4716 4332
119 4782
4124 2714
2074 4
1380 3944
2627 1107
1188 1922
3762 6431
2647 5664
2899 2149
1870 2700
2703 1602
1797 3348
2725 5808
2342 5364
2254 4243
2325 1703
1081 3870
6507 2339
6183 6506
3568 2689
2820 6353
1539 5798
3690 5449
2800 5994
3488 2512
5955 3041
360 2357
2265 3435
6159 200
985 3747
5704 5912
4203 1978
4319 916
1910 3246
532 5398
5156 1833
4545 839
1813 3138
6211 4021
4561 5929
803 978
4997 6275
2359 3548
5697 3708
2134 1682
971 134
3195 1663
5080 2414
6102 4643
1864 2831
2032 1625
6670 4441
6361 2742
4413 4562
4007 2051
651 2813
1758 3324
80 5101
2243 5981
4326 3920
6567 5349
5689 3740
3776 4161
3072 2102
5643 5970
3879 6514
3267 492
3395 5528
3485 5429
5461 2048
4007 4496
2497 1733
3146 2473
1175 5933
4921 6196
4279 3733
2045 4637
6193 5161
2546 1755
1678 3667
177 1268
1556 6056
1683 4339
6258 2224
3360 998
6389 75
1149 6206
2625 2753
6007 6713
2990 5945
6501 5217
1481 5799
1710 879
1609 3155
3832 3393
500 2163
3162 293
3425 5734
5568 1178
4895 5092
6425 5274
6368 6095
2397 99
2820 6388
3611 4068
1827 1602
5785 2031
3351 3717
2426 1026
413 1899
684 2815
617 325
1739 4465
6061 705
5196 1777
4178 882
4098 5018
850 2308
5126 3252
2137 1643
2822 2540
70 1963
5125 1621
1422 1983
4211 359
6170 6288
3481 2030
3920 470
3199 1293
4625 3293
4051 1779
891 2138
3271 6686
779 5164
3540 960
4706 1283
6366 3261
689 5728
630 2795
5816 377
2400 1242
1636 1159
6746 5457
3438 2624
5447 1937
6127 1727
1111 5258
3971 2637
6213 652
2132 4815
6505 850
4964 3215
287 4550
337 3755
3846 2794
496 3670
6418 1812
2900 1156
314 5666
1286 4286
5574 6497
5734 1807
4810 402
4184 2975
2624 3217
2821 1634
2780 1183
3241 1906
3105 5624
2083 829
1749 513
4827 6633
2066 2986
1579 2935
5697 3572
1353 4851
2424 5546
3898 918
2104 2583
2766 4938
2363 2860
1483 4863
1364 4022
5105 2709
4353 6015
3656 1888
6325 4558
6339 6414
4422 1079
839 6741
2603 865
251 5160
6674 1469
4787 4163
3317 2284
2084 3269
6607 5114
6087 5256
920 6653
1013 4771
1256 30
4066 3784
6562 101
5605 469
2290 1542
379 5821
3156 1385
1034 1594
4736 571
1572 5583
1326 1755
4761 422
3764 3584
4004 2942
6006 270
3084 3554
2978 913
6160 3232
3062 2143
582 5725
6064 5734
2783 5944
2754 3366
6676 1448
2857 6592
278 206
582 1375
2592 2731
2447 6424
4403 3319
3470 1550
5368 4311
461 197
4208 1967
3849 4129
1294 5742
2231 414
3376 6470
813 147
1431 6645
3078 1340
2527 3292
5726 2778
5043 1230
1529 5538
1006 2286
409 4744
6608 425
1948 2721
6570 5376
5645 4132
3318 1074
653 1060
1901 971
2570 6433
3564 3164
270 5916
2430 719
2236 6597
6429 4962
6539 5568
3476 799
715 4247
2347 340
30 3348
3985 4622
6167 873
6396 159
2885 766
3492 1772
4415 5260
3201 1614
5450 6284
2908 3837
4729 4601
5591 2668
2451 2643
5468 1039
4668 2559
202 2087
2359 4291
4940 5347
1562 3998
3447 1486
6591 6437
999 3435
2920 4984
207 3366
6751 3320
5966 3113
121 5391
4162 6382
4877 2555
2857 191
4344 1740
941 876
905 3298
381 5560
5880 1151
5887 3824
5861 6730
6342 3128
4586 785
3436 6357
626 6520
3722 990
2143 19
5224 4299
2829 2603
4380 1554
1122 1515
4915 5153
1255 545
2108 3572
2242 1139
1382 4829
233 2159
4612 3453
5193 3920
2490 98
6368 2160
1742 1751
4971 2488
495 1002
5007 5091
5511 4706
1135 5965
1629 1908
942 3938
517 5456
1414 6337
2505 3285
126 30
6641 6202
4961 2578
5774 5075
2792 5271
4614 1010
278 4035
3874 1168
2755 4824
4462 6608
2195 2190
5941 467
1940 4818
4269 4684
2169 3531
1999 5256
5512 4531
4400 612
5310 1743
6583 5767
4540 2948
3605 1503
3431 632
5295 5463
358 3554
4878 4357
840 807
6657 2901
2903 6224
3734 2789
97 6295
6565 4160
4967 693
3630 3962
6007 835
3155 5314
2587 748
41 5351
2461 1252
3422 2920
5143 4013
254 4774
5097 5212
1475 313
114 3135
4738 3407
5957 6420
5914 2472
2926 4172
6087 1112
1399 3763
2550 894
1664 3272
4435 4560
686 1290
5380 3634
1892 1805
6159 6098
5923 3800
3631 2902
4412 6594
1307 6674
3948 2932
6272 1045
3295 2573
4337 6372
5562 2214
5155 5313
4445 3504
3993 1114
2310 4850
5573 4817
6554 5089
1691 120
2437 5558
5809 3951
5991 5267
5544 2199
1909 4601
2535 3495
4202 4879
86 1545
551 2100
5690 4907
3123 505
2590 4173
333 1784
254 3417
6463 132
3508 6344
5585 2751
1162 2023
5447 4567
6374 160
2157 565
2617 5832
3904 1080
6630 5167
5323 581
6464 3065
339 2675
4959 5042
503 2425
2383 1846
5333 3675
5771 1786
2462 2678
38 1924
5200 5201
2764 4400
3794 3766
3476 25
229 6500
1496 1863
4954 5865
3228 2823
3138 3783
4565 4443
4126 964
3438 5134
319 4927
4091 5498
5798 6478
2832 4867
5613 3914
5019 362
852 203
2305 1877
964 1081
2183 2715
5787 6525
3020 2419
1293 4404
6392 385
1461 5040
4654 124
1466 3255
1238 3036
79 6712
4026 6756
1748 5368
3673 2721
5327 1996
2478 2103
328 3376
3736 4931
4774 5512
6440 6531
2945 1439
411 2652
4563 1592
2226 2899
1860 1075
3171 5624
6071 3824
6533 6708
6734 870
1345 3632
1942 5425
5444 4325
5937 4670
3888 3602
3797 553
6204 1730
6528 865
2303 3415
1986 2856
1773 5577
3245 4759
4847 5432
4651 1928
1524 5561
3456 5600
6256 6355
3993 5092
522 638
5473 4855
742 4125
4512 3161
5845 1660
1662 5125
742 4051
4706 3316
370 4090
199 1201
4840 1967
4495 6148
105 3374
5536 979
2844 561
3575 2350
32 4629
872 2735
545 6564
1341 2735
1737 1171
4769 5113
1231 6180
5753 5102
536 6589
5782 903
4517 3979
72 4656
3025 6275
3832 4863
6223 1380
4012 2672
6462 5510
2808 5952
5555 548
1423 6326
2187 2983
4491 2944
5575 2901
3586 5183
3635 5409
3340 4754
1349 2947
5410 6120
4927 2697
762 3862
1787 816
4550 4980
3631 2588
2555 3564
2976 3784
1069 3440
3220 6698
2573 3991
2519 717
1604 5538
3790 454
6239 4264
5246 32
125 74
2830 2749
3286 5771
3136 3919
1949 3441
1878 608
5616 6644
2817 2372
1752 1576
4200 4217
2910 1492
1469 5820
6702 875
1476 123
1481 6421
912 3470
413 654
3818 5850
4234 4028
6286 3215
6753 4150
694 1266
4815 1032
4371 3683
6311 4789
2431 3520
2560 6549
4511 4288
677 3954
5376 3777
2432 3199
3316 3405
2514 1580
5862 2159
5899 4385
5288 6602
1534 3793
4209 4507
1435 3772
4956 323
5485 4778
509 6680
4106 6050
3222 4538
3164 92
947 743
273 5454
2640 4395
5537 1770
6722 2430
4721 2207
1828 5844
5923 3224
2907 4703
178 6386
5780 6502
4643 3841
4487 6726
5991 1809
5987 3216
75 1675
6084 6586
6361 3203
1585 1390
3595 2854
6118 1259
5725 1825
6477 5425
2184 5461
3311 6170
4250 6343
5063 3681
6074 4446
4134 6575
514 13
231 248
1996 4283
1536 2803
5470 1316
4138 3059
3133 2697
3290 1314
2358 2183
1803 644
630 1122
6384 805
3100 5112
4280 5390
788 5319
6012 4560
2001 1807
5396 117
11 9
3474 5040
6733 4153
5779 5926
6012 1999
3316 6409
1499 1061
364 716
2445 2928
2391 885
1524 2306
5573 1625
2222 4741
3894 5207
6407 4241
343 4875
5234 1149
1329 2465
5295 363
4970 5133
4815 3656
355 2782
3771 1547
2098 6105
6474 5414
2143 678
6383 3005
3285 5523
3244 6640
5690 2758
3691 1585
3846 5396
6061 6647
4406 749
1064 4590
5743 4772
4755 5500
2594 4351
1213 599
6574 5629
4887 6475
4319 2094
808 1208
4778 4577
5457 1064
180 994
1247 6264
1182 6525
6331 1940
4081 1799
1491 6407
4991 6160
3891 3190
5819 1116
2876 1398
2183 3390
1209 674
3767 3794
1044 4791
6139 6015
3709 5732
3628 5799
5518 3847
2247 2952
5894 4091
1030 2177
4608 6660
4254 3382
684 3355
1970 6222
818 6607
1836 2650
676 5113
199 5692
4980 1985
4592 1811
6433 503
2154 1857
1078 5562
4865 855
4017 4903
6560 725
5014 791
6470 6444
771 4468
1793 4142
