130 4889 336
3289 4218 1
5475 3095 2
3299 1265 2
6350 3272 2
4156 5718 2
313 6022 2
94 1905 2
5307 5938 2
6663 1914 3
6485 151 3
6221 6731 3
537 565 4
3566 2930 4
4997 1970 5
4987 3901 5
4031 4583 6
432 2565 7
3070 6125 7
360 1226 8
2065 5993 9
1059 5073 9
2746 2881 10
4048 1072 11
2158 75 12
1241 312 13
6298 5160 14
5049 5100 15
5663 2209 16
1648 4660 17
5904 915 18
6610 4219 19
4051 6458 21
1325 2540 22
3227 173 23
3001 4983 25
4350 2235 26
4064 262 27
1568 3472 29
4105 3701 30
346 4012 32
4890 592 33
1746 856 35
989 6163 37
2273 5102 38
5670 3911 40
5491 174 42
2155 3927 44
1527 1652 46
3302 2130 48
884 3117 50
2149 2339 51
4840 6682 54
2324 1527 56
6700 5962 58
2448 6661 60
2942 3577 62
53 2 64
5002 2635 66
6261 2572 69
6754 780 71
30 4989 73
792 1885 76
69 3418 78
5944 5736 81
5347 1324 83
1068 4141 86
1117 1152 89
588 6700 91
4798 4512 94
2848 800 97
1650 5349 99
3238 6731 102
4531 3072 105
3424 5516 108
5657 4873 111
3587 670 114
2144 3087 117
529 5336 120
2309 4495 123
1562 6757 126
5454 6601 129
5933 1653 133
3514 3528 136
4433 1531 139
3806 1897 143
2714 5573 146
4486 5256 149
2276 600 153
6088 4513 156
585 4517 160
6757 6554 163
6758 3676 167
4090 2687 171
2828 1613 174
3720 4970 178
4780 6003 182
948 3614 186
2756 2116 190
4724 1111 194
5385 4435 198
10 805 201
5416 744 206
1073 5697 210
3710 6035 214
5939 11 218
4492 18 222
6520 1460 226
2755 267 230
1685 75 235
6295 600 239
4550 4054 243
2727 4072 248
1740 6314 252
79 6531 257
660 55 261
5136 3398 266
5553 5351 271
6700 2675 275
6748 4835 280
2329 1050 285
4053 3122 289
1962 1913 294
2467 6177 299
6436 5604 304
6364 1049 309
2775 4592 314
5712 6166 319
16 4449 324
6151 3878 329
6144 2132 334
1244 2025
3146 2940
6084 2950
223 5622
5818 2630
994 6746
4469 586
5397 1752
4113 5132
2629 3265
3689 172
5266 2268
514 3602
404 3077
2041 5561
1708 3011
4917 49
1261 755
439 1753
3644 4548
2861 6719
4529 6403
4042 1451
1508 4088
3598 3927
5827 6582
3649 2291
6267 6148
482 4927
4646 3552
5758 502
809 2752
3662 1185
4522 2647
3316 4777
31 2907
3159 637
6675 5235
1822 2631
4836 1452
3602 6613
181 2241
1830 1403
1723 2263
1564 521
5408 3647
2102 3519
6023 1246
4690 2124
1343 3197
3254 2591
6027 3367
6345 1766
737 5644
1102 1489
3418 1709
1296 3752
2697 6433
6261 4823
4511 5796
5662 3374
1373 4398
4871 5593
3854 5524
5762 4308
716 910
2975 1157
671 4194
176 433
1061 2282
3790 3332
6668 3371
5312 5618
2523 5843
1368 5927
4304 3381
4531 1863
5334 2626
2055 6687
5025 1035
692 2396
6497 2291
3446 6326
1317 4753
1383 5544
3986 4128
1896 4474
3989 608
3980 2334
1090 3345
2640 5055
6135 6436
3116 5605
1656 5704
2197 2731
6442 3755
3134 5280
1540 1121
33 2575
55 5314
2603 1312
5263 4069
3174 3941
3144 1761
2544 3734
4242 6031
1287 6697
3165 4502
1958 1090
862 492
5217 4839
6555 2914
2008 4188
5208 341
3077 3301
5656 1485
4416 5534
78 3901
6400 5898
2556 2557
591 6016
767 1409
3168 944
3765 2595
4741 3250
3527 1470
1860 302
152 1511
5720 4584
4883 4761
4628 4737
1407 2217
2605 1872
5068 1331
1301 6258
269 4557
5601 5910
4727 5106
856 4829
4220 1933
935 5341
5398 5023
5904 4966
5045 4484
3103 2293
508 6455
2703 1004
2527 793
1372 5098
2991 2635
5549 1973
3417 5003
2296 4222
5098 2919
4464 4998
5152 3651
3400 5273
1716 1919
4987 6131
1838 6080
786 5099
1951 670
4219 6627
1913 5065
4783 2364
2227 6287
2370 5379
6081 2421
2371 1833
727 1147
3010 50
5787 3130
5883 1987
1175 2854
4775 4238
223 5114
2306 3355
436 4333
4208 780
6006 5508
1107 2598
3451 4424
3888 1668
4361 4300
3836 6674
4941 1710
2923 3057
6198 386
3017 408
4339 3690
3019 6440
5916 3815
6094 803
4712 2850
467 827
6673 5471
6512 4416
306 30
5414 6320
2848 5215
5574 2501
5028 811
1557 6122
6547 487
2860 5972
2119 1587
2016 4658
6555 6313
3806 799
2875 2325
4768 3816
428 3301
6562 6698
5789 5325
5239 4587
3785 5325
4590 6110
2527 511
4456 1077
3896 4835
4555 2407
5281 2051
3005 4248
2458 2937
1233 5322
3165 3565
1614 4373
6048 3629
6283 4078
4765 6423
6653 5680
1485 1380
681 3218
6499 2044
1218 1697
5305 6754
4294 4097
4241 2538
4926 3604
1923 3655
5572 1152
5977 6143
2407 6438
5627 806
5444 6118
6243 5702
4422 1326
6628 1192
5624 323
1061 117
70 1007
46 4114
6305 2884
4670 697
609 2193
2716 4852
4569 367
6559 4998
4819 844
1846 1722
2419 3900
1122 495
5865 4041
696 3774
2557 2204
1568 276
314 2893
5004 2379
3243 5790
2093 6466
3836 2863
6307 5408
2383 3575
749 3506
18 6193
3381 410
3697 6405
3900 6128
6565 4004
1029 6493
1924 5335
4113 6255
5484 3925
1 5694
3299 2410
2977 1395
161 3647
4473 6759
2263 4825
69 3123
4830 5256
6600 301
4374 216
327 6649
1110 4624
5113 1788
2824 466
3547 5815
748 2927
932 1067
579 278
2745 3817
3462 1926
760 1620
6081 4756
2571 4
2940 5385
229 876
3115 4835
4253 3142
3096 3732
1292 1274
1381 433
4915 253
2796 3195
582 1306
3932 2521
5290 2945
1104 6336
3338 6518
4593 1290
998 694
1852 479
6421 4743
1400 3379
6072 6641
790 727
1450 705
3754 413
6322 1243
6045 2629
6256 916
2128 5248
4629 5642
2871 1904
1675 2843
6298 4408
1315 1546
613 2825
3375 6
5882 5179
5927 2307
4987 3301
4034 4967
2498 4968
3496 1140
1952 2290
4234 5864
3010 5871
4740 5417
2582 4539
5863 1132
1550 3891
5614 6493
1940 4826
5074 2149
5988 567
1425 6433
2540 1613
3897 944
6130 191
6495 1675
3616 4122
1285 1083
3481 3289
3687 1501
4284 3924
3833 3704
3207 5136
2526 4079
3832 5687
646 3980
3393 883
2446 1284
173 2787
287 1685
499 1993
2116 913
1224 6103
3822 5855
936 5512
5674 1645
4627 4390
6480 5210
4200 5523
1951 2480
2863 6246
1564 3239
2008 1454
3505 2483
5027 5950
5464 4671
1678 5511
1411 5288
6382 819
2124 273
6422 349
3607 4314
2098 1200
2674 5937
51 2334
6239 6304
4489 3634
3754 3094
2858 2495
1178 3901
5425 2093
5673 6697
1743 3405
6338 4567
3607 4800
2138 2938
6732 4492
5523 1638
3789 4207
6370 2437
6614 725
1703 1103
4223 4525
4383 4474
2407 5714
4020 2843
870 5741
2293 5906
2141 2113
6291 3911
4833 391
5342 90
2925 2121
6551 2442
437 3481
5208 1394
1588 6556
864 144
4699 5830
1292 2693
2629 2705
4506 2854
778 6640
5746 225
1480 3091
1405 3995
4904 2826
5070 4240
3320 2849
1899 3336
25 3567
1377 6067
4181 2395
2387 4674
307 2743
4887 4393
5884 203
225 4169
1795 5682
1961 3814
3450 277
2403 2113
6593 6135
1128 4925
617 4976
3817 1414
28 5885
1535 6326
6688 6336
5729 3776
1596 2689
1194 3010
530 6245
4764 1884
1219 4158
2317 4035
478 5123
731 3085
2001 2694
3890 3058
5979 1459
4168 1229
4517 4493
2305 65
5782 5062
3324 4573
5713 5496
2291 2637
797 6464
6218 1822
1012 1636
3449 2267
6292 6525
3146 6276
1015 4742
5286 3188
5670 1798
1275 2384
1531 2030
5378 2389
1290 6504
274 2149
2838 1026
1033 2487
5734 1003
4637 1997
5138 687
6135 4105
27 2178
3065 2482
261 3853
576 1662
5330 1609
1553 2505
6486 5423
4775 3960
1443 941
590 1054
3878 2256
5644 4073
5704 6
1060 929
4060 5869
896 2393
5470 5626
1802 19
4295 1820
286 1906
5476 4141
3814 4496
5553 491
728 500
3247 6418
3110 1599
2150 6124
6598 4810
2740 128
5629 2824
6613 3624
4275 4977
3743 3502
87 1695
201 5398
5892 1292
3939 3963
4795 189
5602 6240
724 4841
2281 1347
6231 1384
175 4726
6651 3494
1318 2946
5111 4903
674 3647
1699 219
5411 4894
4260 4651
4110 5328
2699 5744
2802 6545
4282 6186
867 2196
4885 6544
6046 2805
4071 6705
152 5518
1011 3186
6628 1541
6166 697
4974 4873
1196 5033
3748 1044
6757 2934
2257 3560
6104 5855
3002 5695
6176 3603
4641 964
1878 5791
3991 3456
2147 3233
193 4442
1283 4499
1629 5027
3517 2657
708 5206
4165 93
2020 213
776 6029
4818 4894
3193 10
5134 2292
6727 2525
6092 5999
2229 5645
1904 6214
2160 4709
6691 3178
6368 5063
5137 2512
1399 1893
2592 3516
1982 6529
2778 3532
5165 4437
2134 2590
3064 5417
1587 1239
4125 3859
4693 1696
5482 5242
5506 2218
371 1388
6185 4639
6496 3441
4323 4747
2303 751
5918 3577
3821 3982
4509 5140
2837 4328
5656 6368
579 5661
572 4071
491 2196
893 2580
4232 1552
4561 520
118 1238
5127 257
1856 4649
4609 2210
1587 4004
949 3821
130 2124
2849 4095
4201 628
154 3301
3104 6719
3320 287
2537 6596
2283 1644
4396 2406
6310 5804
6659 2861
6457 931
829 3257
4643 5515
5789 4701
1889 1174
4804 1604
5806 4427
1614 5160
1696 3739
432 6318
5582 1323
3914 1555
3625 1404
3124 229
289 270
3649 3019
862 6371
1851 4263
4249 373
4038 1957
2419 5216
863 3468
5542 2742
5328 1203
381 3758
4060 1803
3930 1819
6273 4266
2589 6096
1943 5694
1080 3637
4409 713
2917 4877
1847 2868
5499 4539
4326 974
3304 5030
5284 5153
2765 6060
4782 5748
937 5187
2295 6195
870 4110
4743 586
6275 3541
5642 2942
1065 2865
2972 5155
5143 2703
355 2313
6557 1107
2082 4994
1932 4011
5641 2685
3503 731
3003 1513
2487 5076
6698 6751
1 2062
3129 1943
5931 2741
4171 3994
6002 397
4497 5371
665 1903
3399 3845
2245 6671
2967 606
4042 4782
3145 2762
5972 5831
2653 2278
4602 2585
6243 27
4643 3150
4352 486
189 1806
1551 2828
5 4761
1563 2247
1705 5802
4989 4087
4389 5184
6568 2675
816 2287
201 3467
2463 4604
4695 4166
6706 4083
767 5506
6631 998
1954 2820
2324 4346
4740 6528
4440 3144
221 4832
6229 3175
1138 6690
3420 4852
2356 257
6183 2864
6077 6759
2123 3752
5748 1242
1351 6373
948 4408
1515 4469
3414 6163
6717 938
47 6373
3226 814
5991 4591
2320 1177
613 6122
1555 380
1748 1527
1216 3686
5783 673
6048 2118
3284 3769
2549 4271
5382 410
4127 4468
3336 3993
1375 1793
5584 3106
6602 4375
6315 2150
6239 792
2934 979
324 5080
2632 6212
6129 5683
4871 926
4449 2960
6046 651
1124 1379
2178 1783
3666 6272
480 1304
3317 2231
1840 3958
2685 1539
3255 1549
828 1201
3220 5964
1817 1816
6546 848
4998 1796
3679 5220
219 6088
4441 3777
6497 3239
339 1827
2436 3160
2771 5422
2428 4263
2526 3045
1926 19
1828 3638
4373 6746
3447 5394
1367 4673
4623 1824
5621 418
540 2702
4597 274
897 3979
5564 4031
297 4745
4801 3483
4433 4162
4298 5166
1420 5788
644 6567
6399 6624
1056 3972
3054 1342
4639 5741
2619 5319
1017 4955
2408 3333
3428 6054
3430 5826
6227 2332
3077 3074
2125 5926
5771 6660
5079 4991
4225 3447
2535 1119
572 2045
2291 6462
2895 1536
2271 4964
395 6723
4273 146
1137 4764
172 2925
1229 3243
4646 3715
4294 1268
5220 2635
22 4639
1325 5696
1042 327
4824 6295
4105 1702
3576 4941
273 2380
3588 5378
6013 236
4402 4700
2482 2402
6271 2032
2482 6275
1576 709
319 1537
255 2581
3314 691
902 4207
335 4927
1758 1206
1448 1138
3436 2949
1511 773
1209 4872
345 835
5214 5038
4102 6622
496 1034
431 5803
6228 4508
6407 2732
551 5814
1305 4184
1810 1627
5942 2431
446 2961
1798 391
2979 4479
5394 3798
2963 705
3050 1687
5679 2018
4440 6643
5344 538
3942 5655
4487 4689
4373 4577
4284 1621
2350 6321
2642 3784
1300 5158
5104 3026
5075 3929
4793 1321
5540 5073
6280 3409
901 2982
1088 1833
454 3146
4094 4080
818 4978
4358 4028
3194 372
197 760
2645 3029
4678 6147
317 461
4157 506
165 6665
3807 2441
6134 6147
3725 6211
6760 2731
4027 5687
1185 3486
5135 1207
1565 1751
3759 4786
2540 5621
5470 447
5265 492
2876 5858
3078 3162
1506 6042
5293 5758
3084 2644
3610 2814
5415 6530
1736 296
4164 2298
4611 1208
6588 4574
5395 5697
4397 5955
806 4210
2179 5839
498 2451
1568 4738
4018 175
5021 1465
5585 6594
4598 4925
6290 2460
5736 5156
557 2384
1483 6492
327 5643
1186 724
108 2991
4460 4414
4504 2737
5205 2463
6143 4190
3222 3178
4396 1252
4450 6398
6705 250
3982 1347
2574 6518
562 673
154 6150
5060 3695
6166 4440
1965 3068
2099 5742
689 3407
3620 2420
3226 6553
2568 5166
4659 3007
2469 1401
2806 2569
1109 3185
4967 3721
2202 3305
5964 6315
4932 3184
1532 5502
5902 5393
5283 5488
1745 3201
5736 1586
5795 1949
2819 6377
1174 996
1981 6230
3695 5880
3741 5149
3537 6401
2927 2760
564 4364
1996 4494
6464 2864
5360 5445
997 5786
3315 776
227 5794
3900 3837
2183 1295
1164 5359
5186 1731
5176 1652
3183 1126
3099 829
4117 3592
6369 628
5715 5962
4333 2810
3608 6075
6108 1522
325 702
596 3742
3372 5355
5153 2846
3738 511
6621 1310
6370 2254
4161 4960
273 3200
5870 4198
704 2157
4315 4439
5847 5256
4929 2619
1094 4404
4937 5425
41 103
2014 3446
2867 1988
450 703
3698 651
6265 6057
223 351
3467 3711
2036 141
4479 6565
4999 2544
2204 4188
5196 2104
5074 4128
1078 5240
6339 3120
3025 2955
4676 4049
5308 6257
1424 6317
18 4015
316 5311
5959 5989
5867 6332
636 5335
4088 5466
6724 5712
2434 1711
4026 1663
1717 4436
4138 2492
2028 35
1133 900
5261 6119
4316 2582
5430 4046
4682 1321
5713 1896
2282 3231
553 2512
4756 2036
6601 60
4253 6556
806 1045
1679 5198
3519 6137
5470 611
6083 2509
4391 3473
5405 838
5065 6042
4346 5834
3624 5860
1875 1472
509 4419
5500 3565
4418 3406
2367 3103
4426 4921
6748 3530
4522 4189
5096 6213
3540 2031
3302 6156
2094 3592
1117 6418
4100 6030
6282 2989
1269 3409
2151 746
2428 375
3243 3557
4677 2606
1845 4814
1478 2655
1760 1859
6061 1940
799 869
1755 6548
4949 1222
5485 2371
3510 2359
1900 417
5487 2291
2395 4476
6505 5496
2559 5460
5319 4881
1266 50
4695 2380
5851 6109
1199 2559
229 6496
4299 2721
1646 4517
6255 2266
3523 3108
3424 2709
3524 2211
2586 360
1463 3290
6040 4208
3762 6336
661 5080
510 3052
3754 6579
2115 1657
2885 2061
3343 5903
2370 510
118 780
6397 4199
5676 1119
4923 4659
847 360
3795 5582
3595 566
735 4169
2031 3226
4217 3678
3012 3957
3411 781
2034 666
5368 235
2661 6570
6493 5790
2402 1141
4072 1881
5055 3832
487 4785
1013 3711
2427 1784
1268 5038
3080 6313
3763 3751
5547 608
3626 287
3293 61
2726 5097
1013 2346
951 6447
3198 6488
3841 2639
3083 411
3219 6086
6297 6235
60 6290
6443 3073
5448 3322
2685 4175
3612 4869
3197 4621
2867 5114
2859 691
5987 3074
292 6185
3361 3099
2732 2559
2284 1886
6340 6076
6239 6666
5599 2033
5591 1708
136 3829
4046 3345
4605 1517
5966 2201
3225 1340
1402 3779
5450 5412
4176 1318
6742 1341
962 2088
6744 2093
859 2905
1853 1024
6712 1426
2604 3647
4934 2108
6648 2981
5713 2349
6322 1867
1011 5582
2489 2086
5236 276
552 6395
5013 1176
36 6626
6641 2499
6511 2793
5398 498
3032 131
3881 4574
3431 4120
2680 2875
563 4910
5895 5895
6051 3894
6324 6665
2639 569
5550 135
3740 6679
5605 5832
1115 2323
4375 47
4096 5674
4120 982
5721 6608
4716 5663
4321 320
4599 3855
4745 4702
3883 146
4788 4957
2528 670
3583 1035
6570 5253
5688 6425
4917 6275
3362 5986
2787 4786
5366 1033
5 5146
505 97
6060 1857
4599 638
3629 225
2023 1514
618 438
874 864
929 5065
1515 241
1444 5162
4897 3036
5442 2837
171 4064
2941 6022
6315 2761
4100 739
3823 4703
5050 3205
5855 1808
3924 4216
4751 5185
5917 4094
5158 519
1805 2371
1118 302
1960 6349
2244 2141
2505 2334
3054 231
502 4555
6264 4956
2262 2933
818 3063
1772 4804
3321 2676
3589 1602
2571 1554
4387 3890
6003 2957
1519 3198
662 4289
496 3961
1702 6668
6698 1176
1818 6737
5512 1085
5945 4309
2231 1010
3685 3215
5961 1354
5229 3330
3127 5879
2586 241
633 2456
1216 1322
2975 1305
549 436
3800 4
4991 6004
5337 6350
5248 5864
3146 4222
2307 3629
3375 2250
6478 6214
5839 4931
4841 530
1743 5589
636 3536
3663 6541
519 4682
2032 5904
4624 2334
6027 1022
3697 245
5339 3689
2691 5661
2405 3421
4203 5335
4730 1572
3132 6146
1429 377
926 5837
962 1016
1897 5470
6256 3776
1239 3866
3519 4511
5665 4691
3856 4652
868 4312
340 4087
4998 5131
4975 6233
240 1331
4493 1131
2953 3662
4665 5902
539 1190
5414 1628
2596 4894
4572 1713
299 3790
1019 2816
6420 3557
2824 1119
5115 3160
1161 2015
1008 392
4681 5418
5311 1783
785 6712
4240 2896
4903 1655
5069 3608
4992 4670
1498 1536
3747 2344
400 2732
4653 5225
6537 3686
4205 1099
1793 4694
6224 3256
3845 4960
3665 3884
960 1318
2776 1033
1967 554
410 323
1681 4225
3377 1600
6500 4150
2299 5193
4498 896
2872 6662
2890 4590
2815 5817
302 581
5959 5292
3551 6235
4411 5319
1794 5278
1525 3767
6333 5892
4193 2601
5132 1502
4988 3625
2653 6747
5519 974
3231 4744
3692 1011
1128 6079
5389 1509
6463 2418
4594 1410
302 4844
2047 2328
6699 2474
4654 387
2920 5779
3723 1230
6747 3618
3529 2105
952 6538
2039 2186
2761 4431
3879 4045
4796 494
6314 739
2205 5470
2941 916
3687 4226
3425 4270
2725 4321
2721 6746
1978 744
6386 1151
5321 3574
3083 5037
914 762
6315 3347
1154 3350
344 3095
2574 2828
3311 2953
3137 4627
1394 2318
5113 5811
4275 589
1773 2971
990 6593
1554 5134
2250 4682
4555 3628
3044 792
6180 5728
6006 453
657 5973
6357 3941
820 1833
925 3160
94 5579
1371 961
4255 6726
1777 4275
6109 1720
1937 5997
3863 6021
5591 3593
1741 3101
6110 2641
3311 6635
3443 1978
3838 3305
2935 1728
120 1105
5861 3388
2422 4891
5890 150
2250 5593
2982 757
5323 990
4900 4245
3145 3655
346 4511
4138 5199
833 3202
5277 588
6087 5123
5404 5823
5745 4866
6403 1676
1676 2560
4349 4351
2530 2758
4271 993
3289 5521
3162 4917
999 2268
6719 2204
5885 1400
6499 695
6411 87
4165 5288
1544 6623
3903 3612
4006 2916
1168 3146
4309 733
6093 2768
1232 1243
5787 4602
6691 422
4160 3086
1099 31
3917 1407
156 4670
2994 4381
5693 5090
3459 1181
639 4093
2747 1259
6472 2702
2594 3352
3820 3092
3864 6614
4525 708
4301 6374
6097 1247
3751 3939
633 726
2933 1913
303 4479
4794 6543
2014 1862
6009 2267
6272 1826
5047 1877
1025 2680
3033 4308
853 5227
186 2585
3224 5653
3970 5131
3954 6318
4411 618
629 243
4332 5954
630 2011
5606 4192
4061 3908
4955 2
3569 6345
29 1252
6429 4049
26 4861
2951 2804
6577 5080
2 5953
3659 2156
3677 701
3269 6024
5754 5869
1043 55
987 2860
2797 3687
5383 4238
4794 5361
5704 5690
6669 3757
6185 5860
862 6315
1037 3314
2504 2570
1647 2305
1120 4179
5546 2931
5160 594
4285 5656
3658 5499
1727 3488
6022 3011
4259 5528
416 1600
1378 6274
6321 2364
4994 4151
1976 3882
134 3494
6256 5005
6593 3946
3488 416
5442 2500
5749 1486
6346 3544
5835 4087
2475 159
3674 5937
5148 4808
5623 5730
6101 5346
266 4681
1911 6363
6612 1893
130 126
3296 3537
3913 5099
4014 6516
2904 5942
3964 3327
5479 6388
5515 4814
695 16
6325 6309
3529 1278
5953 3978
3527 292
2504 990
2218 1510
3773 5698
5667 2132
530 5637
956 355
3768 5988
2244 477
212 3827
2603 4822
263 738
2921 2482
24 5651
3685 747
2724 2154
6506 416
3062 4022
1486 3609
6003 5116
5941 3765
304 1481
5731 4149
4981 5206
3207 1087
1995 5510
1040 2930
1620 1374
5931 6503
774 3700
3269 6264
1235 1047
3183 5023
6337 1965
5480 4081
4197 6188
2170 1641
2583 5512
1309 2126
4933 5330
5956 6270
6628 2002
3130 1702
1099 6279
4599 3932
4273 4697
1209 1577
2932 6407
1089 3026
2305 2244
3907 276
6096 3560
658 1374
4948 4795
6379 6738
3648 6618
6011 1309
4629 6294
1680 4145
5409 6185
6417 6122
6594 5580
5610 933
1123 4241
3936 6213
5748 2538
3257 2071
3209 1396
4725 6121
5655 662
1450 4137
4307 2257
5210 632
5593 3163
5198 5619
5516 6528
6036 5768
423 383
1710 6218
2517 2165
3687 6578
1074 2036
3397 653
4950 6186
5974 6684
2806 933
5865 842
5857 2573
2612 37
5370 5775
2282 951
2840 1396
3386 3525
3297 2473
417 2195
234 6256
6376 3684
4436 2084
963 556
6680 742
4149 5958
4610 3210
267 946
34 6530
485 4742
664 5424
3540 5490
4814 6254
4158 5530
649 3051
1818 6433
3955 3655
1378 3487
895 3031
1671 1792
3713 4782
5910 1777
1634 1502
3922 6597
5169 4880
6643 3805
1136 6153
256 5001
1761 609
691 3072
3916 2011
3748 2466
4898 3408
1374 4549
5239 3188
6431 1471
1289 2463
5328 2785
1280 2778
82 1305
5895 6666
3307 6580
3373 4939
5112 6133
1331 1361
6432 3149
5366 3380
1167 2719
575 5130
3496 1818
6242 2151
4482 3009
3310 1967
3221 3283
4383 5613
5864 4343
3573 2486
2796 4743
4742 4002
68 4516
4159 3127
4652 1373
1896 217
1985 6396
4180 4237
1166 5596
5047 4296
4033 5742
5364 2951
3128 437
6380 3197
492 4987
1265 6159
3950 6668
5233 4195
1438 3486
1818 4992
1055 3248
542 4166
322 4799
3234 4539
3349 84
5714 604
5818 5607
4460 1031
2915 5318
6704 646
2962 2060
19 2452
689 5763
3256 306
4006 817
3426 3813
1023 5939
3522 183
6258 6710
5831 1074
3254 3223
1338 3301
2759 3102
3358 2612
4165 1692
992 791
2478 1113
5143 3215
6757 5386
5861 4567
5728 2057
3623 6187
4640 178
3770 1854
4423 5116
2703 1678
6345 2214
3386 2328
5767 3388
4451 1859
2270 5865
1282 4376
4720 246
3202 5738
560 5432
5463 2712
5847 165
450 2138
2083 837
447 143
1905 4103
1192 415
1707 865
1689 5337
5718 4545
4383 809
5623 3888
4307 6076
3002 5774
3064 5901
1600 1717
5575 4312
6138 5300
3996 381
1241 3014
4723 6295
6496 3073
454 2208
451 897
3723 3175
4959 4985
3777 2975
1600 1526
1819 1199
1860 6018
1992 3648
928 4352
6620 5948
2978 4669
4057 3029
5194 5255
3411 313
64 1612
4614 15
497 393
872 6177
977 3952
517 3346
1960 2002
5323 4576
6527 3516
1087 4861
5689 2825
2385 6551
2859 4641
6294 873
913 3070
673 4145
3634 3324
4219 4158
4646 2798
5362 3432
3397 5064
128 5189
2310 3929
6475 800
1500 5023
6556 2602
2720 1205
4717 157
5350 4955
3403 2161
5156 4520
224 5238
5602 637
4950 1981
3546 4217
3398 4316
268 1106
6111 3307
2694 392
478 1244
5577 1877
5262 3445
991 5365
2812 1301
6552 1758
1646 2791
687 1629
5055 5783
460 6152
4493 1683
806 4822
598 5473
5351 2753
5842 110
2709 3108
6133 2488
1384 1942
4117 816
878 709
4602 3307
1332 6329
5890 528
5858 5418
970 1485
4240 822
2930 3433
4201 5780
546 5949
5300 407
195 1471
2544 3923
3187 4348
1804 2847
1861 4578
61 660
465 565
272 2536
6368 5211
4578 3416
3980 4871
3113 4095
6668 2731
2801 2460
6283 2367
5094 5351
850 1618
1869 387
3905 4298
652 1608
6078 459
5500 4747
859 6138
202 167
293 5373
3657 1981
1376 5857
3188 6374
1399 6120
5559 1477
946 2168
443 6383
3358 2027
3043 3024
5923 1853
6439 2955
5781 6147
1252 3121
1297 2632
5230 2717
4211 4699
3760 4162
5431 2908
5952 2550
3087 1379
90 6588
2621 5710
2994 5076
3460 6161
3515 4001
1031 5046
492 3510
996 2060
4665 6614
5740 5753
3204 4269
3743 3134
2581 1756
3581 5530
3734 994
1619 3183
2802 5869
5420 2558
1602 5843
3390 1919
6003 5609
4468 1892
5692 2688
714 1062
6436 5797
2529 4127
1337 4809
882 3385
5088 589
5559 2327
5551 5405
1033 536
980 3875
1664 4091
4196 5036
2916 4775
2070 1108
6150 3674
2495 4269
3184 331
567 3261
194 4613
1423 2784
2003 6685
2778 5126
4923 3454
5765 3342
2558 4350
501 868
3863 1922
132 6010
2343 2184
514 1776
3418 34
5479 279
2775 3873
2273 4746
344 2773
3593 2221
557 1430
5033 655
1073 2434
3984 4592
4414 1288
2045 3163
565 6728
3638 2676
6386 2675
203 6330
4454 802
5115 1323
1309 3007
5905 4783
3783 4601
5818 5742
1603 4812
6364 72
1659 835
6460 1332
1625 1947
739 3941
5250 5640
6235 1978
570 3640
28 5403
4202 307
4210 2670
1917 2730
726 46
1798 5508
1875 5835
4206 2563
4806 1231
2180 5046
2630 2909
2101 5319
6705 3823
2412 5539
888 1762
3292 5825
1406 4350
5854 5792
6505 6128
5957 1235
425 4626
2559 39
5931 6730
1660 3361
4506 339
6711 4973
3918 3561
592 1469
3572 2253
3759 6058
5882 5030
5624 4890
4912 5631
3027 1603
830 3396
1920 1015
4374 734
1047 6560
4798 6390
6290 2727
4932 6614
3038 4580
1889 3144
2286 1134
6370 5329
5634 1107
5178 3073
5585 6087
6304 3651
6057 6528
2671 3628
1463 3165
18 3806
6230 827
5255 3928
3930 6441
408 1966
3009 3360
3697 4939
294 5514
4233 5202
5030 894
2974 5897
4653 2651
1570 1320
2696 2777
4718 709
4962 1683
2727 3511
6018 1977
2937 50
4567 5229
1258 3724
58 5495
6743 2803
6393 2998
2538 5188
163 1246
1976 60
4116 3314
6433 4955
3648 895
208 6167
2978 6673
3119 1305
3671 5388
6594 1508
3134 1011
2350 3936
4361 2646
1356 1305
2300 5730
2815 4355
6482 3907
5588 4397
1342 1723
1619 4008
2652 2096
3935 6253
1801 5132
596 1529
5099 4402
6092 5898
4343 5718
3558 5747
1320 4261
797 1367
622 3690
5497 4891
3698 5583
1230 777
4978 6390
6584 551
5855 543
3518 3617
3939 5040
137 3918
1889 3408
5723 416
6666 5265
869 6049
5273 3800
3518 1076
4136 6612
6566 6364
4425 2311
4389 5830
3468 1785
5273 4568
3394 3440
2363 4146
5234 508
3117 45
1296 1458
1374 190
1563 597
4876 6585
3361 5553
910 2473
785 463
3721 2219
5304 6607
845 3432
2932 5033
3328 4851
2101 4136
5188 1141
4353 2392
1816 2539
553 2764
170 3346
6296 1310
6222 1148
1389 644
76 2404
4643 4644
1747 3610
3825 3044
5542 1702
2362 5084
1108 3933
6257 1438
5040 377
6379 4258
5492 6549
2395 4168
1121 1575
204 2915
5812 1042
6497 1601
1744 3170
1583 6168
3065 6631
4467 5330
1399 1143
1329 4078
373 3903
83 4460
6481 5471
1222 4905
3223 6237
1199 1056
6 2153
163 623
1502 3696
5037 3020
3685 1278
6342 1486
1152 1732
3891 2431
67 3652
3022 1386
216 6582
6116 6095
25 4335
4417 315
68 6018
4056 2187
5010 751
1998 2909
2796 6437
816 6027
4432 2164
4689 1622
6008 6747
4057 2046
4158 4507
1797 5435
347 2809
4089 1919
3386 4792
760 1268
5008 1121
4370 6039
2078 340
36 5470
6550 1361
2981 3702
1833 4565
2498 1616
4833 6650
6750 3943
4000 4300
3609 1932
4529 1197
1417 5362
5212 2383
627 6240
10 1225
5855 1513
6305 6406
1158 5141
829 1971
1790 1556
124 2826
2710 4943
4882 6229
6563 69
127 4670
6358 5251
1596 6446
5482 5407
1165 3290
4085 1118
4859 2557
217 6202
4036 583
6381 1248
5019 711
5201 182
2736 4457
5456 2556
2051 2462
6214 4878
5036 1662
764 5011
2523 3490
4256 5940
6115 5182
729 4598
3316 216
4073 4430
2166 2214
581 4228
4132 1856
6438 644
285 2278
2255 1990
4542 2217
3176 1772
962 4571
490 4667
4023 5920
1226 6061
4784 4135
6673 2571
865 1137
5868 2255
4188 4198
3739 1786
349 5232
3450 5359
4336 5364
946 5541
639 1452
3295 5899
6032 2964
6476 1402
4000 4503
4602 5696
1569 4614
4898 4916
5500 3347
6501 2184
1998 5306
2949 6072
4154 5824
3406 5750
5779 2175
4212 3127
3031 6528
637 5746
2952 2565
780 4631
4028 5196
656 902
4217 3335
4564 3546
1450 5756
4537 1782
4655 6470
1179 40
5257 940
6483 864
2640 943
5507 574
2159 4804
6003 6529
5597 2443
6677 4700
3499 633
5700 4422
5158 2899
4233 1467
3056 5658
2326 6720
106 1618
4051 2956
4937 180
3457 1840
1277 4036
4399 1951
81 3550
5608 1452
4514 3037
5632 1942
6285 1939
9 3144
3693 4571
4641 139
1830 2664
3981 3965
1502 2783
5697 2115
3806 5714
5598 1765
2142 1520
6192 2042
4576 1609
5209 5374
329 5757
889 5539
665 4985
4792 696
6603 1834
3000 6279
2348 5695
6251 6086
2847 3230
5026 5861
1919 2219
6102 2266
4507 6450
2311 5354
2743 5277
6227 6586
6633 4725
3259 3026
4224 6706
3382 1651
6410 2044
6220 2080
4311 6665
6136 3139
5150 4054
653 5654
1346 6265
852 968
4830 3474
5855 6049
1591 4079
3079 2132
1014 807
4571 3366
4873 6458
2895 3509
4640 5448
3337 5343
6674 4119
705 6160
6082 3234
1745 335
4005 3122
5744 69
3930 6062
5130 2616
4193 6134
4560 647
2060 2144
6024 5285
2206 6692
990 3753
5111 1090
3533 78
6217 2127
3653 5450
2045 4210
2988 6014
982 2981
5874 5838
5348 2841
5327 4173
2416 2083
4970 6735
6372 3229
338 6710
1247 3763
3885 5936
4180 214
4357 5165
2206 2993
5374 4298
5221 938
5309 3603
5533 6405
1837 4341
2223 1861
5402 1974
1103 2738
4621 6694
5716 3530
2494 5730
644 6188
2037 4005
1041 6617
1479 2754
3249 833
3913 6417
2937 2335
1968 2897
4212 6061
1813 6093
3736 2162
2462 3004
2382 3174
2504 5053
1255 6727
6604 2322
5906 1731
687 6279
4711 5731
5785 5156
857 765
5874 1431
4405 4648
46 5112
1351 5465
6671 3893
2664 6147
5905 1540
1817 3379
4969 1446
4774 3370
3663 1732
3743 2417
1757 2871
4095 3863
721 5244
968 1949
6377 1903
3125 3790
1240 6389
2958 2215
3470 489
2236 6226
939 2687
4822 3148
6155 5861
357 2515
1315 4506
1355 6293
2703 5500
879 4911
920 2614
6453 4432
5574 5614
1928 4881
2762 6585
1833 5877
613 4019
3123 3186
5970 1207
4905 2215
5414 6753
177 6215
2300 1076
3867 1017
5070 1397
1025 4099
2133 5589
515 2091
4958 787
3982 5586
3223 1023
4198 2268
802 1670
3500 4306
771 6533
3521 5072
2317 995
5348 1736
667 2427
3133 3492
2397 4577
4591 2022
3192 255
1389 1068
1234 4355
1015 5992
1822 2111
5146 2430
1085 1909
2474 3106
6145 1349
5684 5289
4670 2492
5422 1544
3159 5804
1277 4315
2102 2399
3828 4552
4821 5979
1535 3485
3374 5880
2613 1826
3656 4683
6469 2527
1307 3181
3183 4779
1282 3187
4283 4394
6296 4100
3635 1243
1150 946
2921 5877
3011 6644
1053 3461
5813 1857
4174 5751
2850 1458
3476 4767
5126 1651
2048 6545
1193 2386
1938 116
3627 1997
4276 1
4903 5920
4763 3031
5325 1346
2283 4553
4692 6614
6632 4173
2125 4870
2984 4
128 1060
6414 6404
626 1482
4487 5544
3358 1884
4874 3651
3093 4072
3226 3681
1222 2151
3869 6526
5150 4227
4015 1639
6185 3316
6573 4739
3695 582
2803 6352
262 4954
6469 5175
327 3361
5380 6726
2628 677
1656 294
638 2168
561 5879
4982 4717
4656 3481
848 4350
5980 4695
3082 2196
3798 6533
1225 6712
2277 1089
241 5191
155 3447
1285 2206
1669 1364
4261 6589
1589 2327
5096 5074
121 6142
1006 3664
518 2734
1534 668
364 659
5531 1204
5603 5084
4153 5785
6723 1138
2062 5863
3242 2732
6254 2076
4983 1108
6485 476
3422 3889
2318 15
2913 5830
1277 4762
600 1174
4638 2459
1084 3091
5714 6136
172 3931
2942 4894
5194 3385
1973 4302
2443 4535
5583 3398
1049 2063
2298 2481
1728 3751
2141 218
2110 1446
5354 4996
1274 678
465 3600
5864 5056
5747 4066
3568 4418
6450 1065
2992 6180
2566 3273
4179 3834
4632 855
5150 5942
1352 1553
1820 6244
816 3001
2585 5290
1928 6602
5923 6269
5248 2670
798 1951
3091 3876
4850 1873
4017 5814
5009 533
1846 2534
1952 2155
6521 3627
6725 2658
2068 2302
4597 4392
3033 2268
4898 2467
6360 2723
6642 3671
4801 4633
2488 2819
6257 987
4910 6186
6516 1238
3480 4033
218 3584
6337 5406
6732 3641
6278 3964
5821 5487
3840 1972
4253 3700
1368 3805
4998 6678
4011 4941
3305 942
5793 2995
5784 3970
5061 2905
4504 4620
3382 1701
5593 2926
6526 1508
5762 1003
3480 2942
654 820
3192 4915
3337 4106
4567 6159
4704 1055
4544 6306
5629 6554
5141 4638
2056 2623
4562 2134
2462 3060
1631 4269
2845 2147
5077 6552
6267 1130
3567 2100
1296 3444
3763 3562
3381 2274
3790 163
5049 4889
4536 2345
1055 6235
520 4522
6641 5583
1229 5429
2995 5743
175 5784
4815 2390
520 5081
1632 5273
1698 6552
4547 216
3723 3965
4510 4787
3721 2437
647 1055
5032 1394
2892 3996
2269 1741
2585 1509
566 4285
2683 1941
597 1211
793 3600
4623 46
3533 5584
1764 3421
1217 5540
1566 5114
2760 1672
5803 2871
6240 435
311 4895
2632 5404
6423 3470
6083 5045
5324 5979
5394 5529
1921 5120
5018 6141
5532 3226
2997 5812
2234 4648
1193 847
1296 5332
4202 1256
1790 3062
2490 4785
4307 6579
6023 3692
3863 6153
640 3769
1811 6468
3586 4684
3485 5778
811 72
3106 3678
2722 2490
5202 3905
3015 3230
4297 6432
3357 5950
6148 2370
1420 6401
3699 627
1290 759
3637 4341
5525 2982
3910 6509
376 4550
3907 5447
850 6004
6345 1420
6078 3464
3058 696
847 3768
5672 172
560 406
1501 3258
2455 1566
604 3339
2256 2016
2794 705
4598 4666
6097 1878
2794 6700
2563 6329
4835 2510
3651 3629
4766 5067
6444 5934
5627 6391
3221 5463
2006 443
3987 537
5677 59
2990 1061
3611 4225
5657 5458
6415 3530
3029 5278
333 2954
3438 3264
140 5838
3466 4603
4228 3179
4750 1527
1667 5612
3771 4620
1446 3018
4144 61
4523 2573
2947 3965
2300 3094
883 5265
3685 6147
6407 4128
507 2399
3319 2471
1899 1120
6488 4939
2280 3909
2209 2386
4219 400
4783 3775
230 6540
5330 3182
3298 1424
2444 6366
4064 2294
1771 2160
4081 5288
1093 2656
4227 4124
2370 4802
4644 640
5788 452
2476 480
2297 3578
3967 888
985 4538
3087 2665
2146 3279
2025 6099
3965 6555
6536 4830
4048 5124
2438 5431
3224 5806
6575 4709
2711 4416
93 5744
4214 6652
911 5149
5522 5427
6237 5599
419 1415
6377 6056
4284 4446
126 2576
5010 783
3738 6192
6085 3105
6275 3987
876 277
304 4051
774 5249
2872 1184
5901 3931
99 4887
2347 1151
2392 2375
6355 2098
3538 3232
5262 4714
4923 4889
6093 852
3746 1238
4526 2820
334 1920
457 3644
614 3411
6613 5617
1084 4186
1845 2960
1595 4044
3774 2163
5898 2120
2434 1832
5352 3891
4823 3301
5913 1695
5235 713
4913 1978
1210 1867
73 2812
2816 5892
1471 5769
3128 2351
1765 1666
3908 1050
6217 974
4663 1443
4539 178
4692 5468
5735 298
3032 2004
3563 2863
3048 351
5219 6439
4903 6361
1064 33
249 6137
1163 5166
1335 6718
5104 253
1568 2225
716 1473
1717 934
4804 980
2251 254
6695 5201
4871 5985
1287 6091
3780 2798
4952 2795
283 6056
2409 4080
663 5301
4010 5131
1053 361
2635 2993
2745 5842
3534 3802
715 964
3752 896
2017 1723
5598 5220
912 1707
5734 4262
1355 3783
2730 4620
973 2731
4935 5937
2019 4808
1985 4992
5288 4202
4354 1510
2969 6748
1977 1708
2391 2764
1641 2086
6215 4431
4423 136
638 4188
5698 3580
5583 2697
3767 224
1842 1263
1152 18
2256 6019
6083 188
2471 6577
6536 3361
3576 1874
894 2220
3122 865
3549 457
929 244
1094 3064
721 4394
1852 5361
5180 2633
6515 6735
480 4346
36 2977
6499 3953
2394 3131
1937 859
1244 3494
4604 6559
71 5418
6375 5144
6655 2444
5227 5593
367 1262
2415 1329
3817 2196
4232 521
2210 1045
5966 5753
168 4524
6441 71
1975 5052
3865 5177
1451 1367
2929 172
2604 3107
2714 4197
1672 6332
4625 1897
1653 6521
3955 3155
3807 127
889 4144
6628 6565
2755 4267
3750 2706
3917 6366
3769 5174
2074 1949
5604 703
2317 1443
264 4140
4474 3427
6240 6570
509 293
4467 390
2123 5692
6495 984
4816 4778
941 6385
3501 5634
1169 4279
5030 5813
4821 5105
1564 5522
2541 4308
6257 192
3337 111
1697 32
6235 5470
6122 1307
5509 4462
5745 4229
5979 4098
3329 4058
516 4307
6590 2374
5640 1328
515 753
5648 3671
3252 4825
2599 2755
746 1347
2063 4186
6687 6106
1520 2128
1885 3794
1032 2083
6348 3826
2236 1779
3694 5902
2593 4617
2781 1978
757 6730
4520 5306
609 4806
1962 6419
417 2074
6734 3862
4847 4051
2854 1419
5103 2065
735 2567
3511 1955
3851 1939
5846 206
5441 3480
1920 5578
4644 4843
2956 745
3829 5444
4933 5353
5276 3736
6408 4829
6721 6135
3542 2357
1787 5046
6281 5937
2954 5745
4816 1578
2176 1172
3095 6465
6244 460
1253 4966
5434 1582
3682 2842
89 3012
6266 212
2518 6444
1010 5237
204 2529
1546 5247
4720 4743
5405 620
1422 2762
401 427
6735 1076
2418 113
2437 3358
2626 2190
4352 5034
1640 468
2620 4877
6376 5758
6314 5522
5094 2579
5814 2813
5576 1002
3401 1733
3375 5119
4651 6429
3716 4193
529 3250
4978 4537
6673 1322
4306 5675
3988 1866
6373 3315
4095 589
5686 2548
3971 19
1952 6297
720 5427
6746 314
3950 261
2210 1567
470 4393
5846 1830
6685 2976
132 4354
1329 5668
5903 4826
6661 3536
5501 601
2628 4574
928 2402
2146 3575
1427 4077
3393 6619
1200 5491
5941 4171
1325 4937
2336 146
2611 2372
6404 3672
5181 3459
4028 3681
5107 5607
4533 3871
4276 2450
5472 2144
2183 2905
989 4913
3428 852
5477 2778
5011 1563
5672 5107
6634 2128
2257 1605
6172 6215
1622 3383
2362 5855
2874 4271
635 1356
749 2700
2559 2661
3504 5887
4778 5307
4575 3518
5415 4571
6149 3400
5357 3946
2355 4997
1218 3299
3985 131
2090 3558
1286 4879
3192 4092
1018 1118
6157 499
4176 6733
1622 2889
942 1234
5880 3279
4931 3930
3412 110
2596 2708
3234 3974
5080 2086
5641 1761
3246 1358
4854 1262
2035 113
256 1157
4903 4848
4966 5861
4100 3963
760 172
5099 799
5697 208
405 668
5427 3425
3631 1044
5094 1204
2562 5304
1079 4586
938 3295
3295 5973
2482 5544
5877 3515
4763 2286
5480 2202
2324 1918
2865 527
6081 5141
5160 1667
95 4954
4872 4543
1364 6175
4897 1681
1842 6124
5465 3625
2837 2925
2248 5027
6527 5102
1050 848
6572 3807
1545 5890
4914 2243
527 1817
4866 1805
5663 1865
4751 4641
5477 2168
3359 1202
4436 1207
1433 5948
212 5193
5931 2338
4110 5833
6056 5747
6142 3913
2873 4228
5079 4790
6520 3036
456 530
2431 2119
6291 162
6520 3991
3447 2921
6684 4586
6045 2393
4387 1593
5768 615
6584 5156
3192 2633
3457 4869
488 2156
5904 3891
5175 6474
5513 5043
2411 4345
3146 442
1883 742
153 1568
3076 5467
1448 2774
6673 3596
2535 375
3423 5726
3823 75
3579 6248
3057 1002
4143 1693
1010 2508
3110 2262
5202 2859
6422 2382
5275 4219
4130 348
1336 493
3128 6083
1104 3725
5111 4614
566 2647
371 753
4266 5670
4168 3860
1011 948
5081 1114
229 671
4846 4102
951 2487
636 1303
1826 1519
2759 5195
6008 1839
1881 342
5316 5150
111 1126
1592 1922
3519 4743
4685 6383
3138 376
5662 5089
2206 3527
6540 805
6359 4534
909 5932
3851 1987
3644 5860
1532 2899
630 5495
4465 4281
418 2834
6437 302
2613 5750
4020 1274
4881 1270
5788 5670
5892 3130
2679 2508
2738 6600
588 1419
4024 1461
1158 6470
455 5061
3980 4983
3570 4988
827 5369
318 58
1783 2030
5405 2399
2465 523
731 170
748 2153
3074 3801
6451 2900
3646 5736
6597 5775
3435 5120
2012 4631
857 4090
3222 3159
1219 3132
4161 1264
3971 362
5384 2259
5097 2756
6731 3208
4951 2935
1240 124
2306 3235
1721 2130
13 3103
5964 1184
149 6078
1300 5679
4840 2645
932 4691
2594 5200
1854 2179
1338 2626
3577 2950
1511 2223
4265 3377
3306 6687
5745 6125
3864 4800
53 1564
1941 5048
3520 4917
887 614
903 3332
5349 2493
4340 4485
3512 6414
1474 561
4278 3008
6749 6045
523 5424
6115 5150
337 5324
6576 6502
3881 4218
563 3402
5184 2285
1744 5920
3489 6035
4228 5891
3185 1847
4260 482
6382 3598
3849 4563
6289 1445
1386 2909
5448 6519
3904 106
2680 155
5399 5868
4190 1745
1493 900
222 3367
3460 6263
4021 2409
6526 3776
6555 3552
3416 3625
6513 5013
4582 5067
1520 5056
3392 69
2330 585
6518 5060
5167 3640
1798 1965
3090 2857
4201 5669
6641 2737
2563 4288
143 471
6003 6702
5475 1800
2552 737
277 2823
959 5814
3195 739
6452 1704
4584 6041
3322 1667
1858 5910
4132 789
4968 1177
3274 3184
2770 763
1488 4875
726 2645
6576 3637
2329 4594
3602 3505
3380 3168
959 124
2988 3641
6713 5482
4608 330
6636 4636
3228 1804
2921 350
6151 637
5410 1591
3766 5475
3667 2210
5856 4467
5686 4998
5517 1115
1211 6579
1360 3507
6593 530
266 6689
6417 631
4708 3981
2143 1280
4767 2996
6258 3282
6132 4012
3628 6104
1165 2551
5970 2956
1174 1336
5384 2132
2549 3544
2765 6112
2291 4062
4120 5022
3549 1201
3727 6580
710 4091
4420 4856
6022 870
5534 1837
2284 414
6753 1957
1909 3366
5411 3736
1539 4326
4334 949
4990 792
6468 4513
4466 3269
3538 1991
5580 4974
4485 4095
3948 4742
167 1692
3298 2984
2811 302
4699 4456
2065 5956
6096 5515
3721 2283
4074 1693
3718 4690
6019 2755
4920 5711
4973 1962
6733 2723
4083 415
2269 6602
217 1473
5268 1083
4060 918
1148 3761
1553 1646
3413 3092
4139 2379
5300 6173
6272 3792
1227 396
513 899
1288 72
5170 6233
4135 2409
4172 5219
1642 153
6071 1508
4103 285
624 471
3751 5096
246 2285
2267 532
6246 4614
3834 3914
72 6160
3378 3108
5238 5894
1702 3624
5969 1499
4356 5009
4509 2379
4533 1006
2454 2848
1973 3142
2964 933
2018 4307
6365 2656
1400 3629
3769 3886
6615 5291
5360 3354
3566 424
3473 4898
5117 1019
3989 5660
6422 1269
4151 6099
294 4169
5024 2325
174 6003
1270 6421
1237 4634
6217 2146
1935 62
2672 2246
4190 816
6471 5288
4340 5635
642 4373
3787 5120
1355 5396
4725 1222
3736 3192
6282 507
1855 4344
4034 2079
5261 2366
6581 5629
1086 3318
5590 4533
1982 498
1918 598
4299 3554
721 2512
3321 3169
101 1040
6241 2741
5860 1584
207 6255
3010 4006
4810 2645
5990 4325
4292 2342
6612 5334
3647 2354
689 1132
5188 6535
1955 4376
3929 2499
3577 1699
3158 5732
3465 541
4578 969
3052 2811
4374 5346
2548 3661
5319 3065
6472 4731
4733 3641
4504 3545
3758 6234
6678 3493
2728 2053
3621 1552
4316 6559
6241 3464
3357 1544
1720 4261
1553 472
261 2658
4666 72
2206 6752
917 2830
6158 4719
1696 5986
326 5227
3435 2366
5893 6299
2887 1388
1007 4194
4584 3003
415 5721
772 2724
4534 6103
4633 5233
5635 4456
5719 2486
659 1489
2645 4978
2634 832
1451 4928
3552 4843
1729 6530
123 3010
864 6448
4913 6630
173 4627
2234 6350
2559 3097
2269 825
2196 2454
3507 3067
3185 4404
687 2746
2819 6507
533 6089
965 2509
2670 1345
6516 6153
4333 3647
2249 1332
6523 5800
4729 1489
6202 3740
2140 3407
4542 2159
3329 2300
1343 5639
6636 1810
190 1149
5243 1111
2743 3001
2625 6277
4248 3851
3746 3222
1609 4438
522 5726
4554 5027
1984 552
546 3950
2632 5272
1527 289
5301 3103
4692 906
680 617
3947 1171
3867 4022
2060 3441
621 2118
1374 4786
1354 1067
3606 238
3772 1597
1333 1518
1264 4120
5617 4157
2467 2176
4469 5869
1294 6116
4627 3014
5429 826
2393 2896
3424 125
2721 4585
760 1018
4156 2093
6013 5951
6456 5651
1955 5818
4722 688
6384 2967
1396 2723
5542 1943
2175 3494
4109 3929
855 4778
6665 6382
4993 2241
5675 4811
2737 5058
6069 4434
3502 811
4763 5539
6265 3209
617 6642
612 1104
3930 965
689 6144
4151 5113
4339 3569
3784 2104
534 5195
2913 1780
6227 5105
2493 1492
3813 993
5934 2770
3433 4727
6674 5722
297 5097
2974 244
348 5731
558 3431
6180 2082
6634 4593
4946 3749
5323 2109
6390 3870
6232 6544
3828 400
3785 1271
1476 4368
4961 4614
3240 239
350 1467
4772 4801
2284 1209
900 4286
6673 1643
5394 2147
2665 4109
4947 639
3408 3914
2540 6359
3255 3465
3830 2052
6178 1003
5085 3978
5898 60
2645 5759
3364 5288
2918 1143
5719 3340
5299 6622
2069 2241
5786 564
965 6740
5944 3423
4534 911
652 2197
5224 1804
3932 2620
367 3499
4740 6753
6310 2174
6643 6628
2603 701
2721 132
953 6407
5136 5995
5037 1904
4425 261
4827 539
3652 2233
3974 5769
2007 3896
3898 2320
1338 3913
3986 2128
4701 5431
2757 4785
3338 4423
2156 2854
4654 4755
1106 1094
407 6352
583 4032
1133 467
6139 849
3085 191
341 5887
3745 3012
3422 1999
3702 4837
6607 5928
5630 5961
801 4110
4540 3455
1379 6002
6641 2932
1621 5217
1742 5063
2421 3553
4151 1751
3113 1082
2277 1719
2553 2379
6406 4700
770 3531
4273 6456
4029 3572
6397 3250
6443 341
5176 2534
6057 680
1270 4106
3173 734
4616 2761
1668 1480
1793 6038
300 2769
1209 5955
738 2539
3895 1235
6700 3410
5195 5955
104 4026
291 3614
1250 6185
6554 2722
2496 2782
5939 5839
1213 1957
6554 3605
5876 666
560 4804
3543 431
6107 1946
1691 6060
166 861
1395 2826
5313 2215
1738 908
6384 316
5018 1847
3260 5866
1494 5058
277 5570
3608 2895
6673 4394
6688 2066
1495 1457
4198 2875
6311 27
4604 992
4066 3755
6507 1028
1357 3207
873 4962
3066 1557
6148 5247
4299 3037
1056 3715
3608 5338
1536 6265
5548 1917
1709 5458
4191 6531
480 5827
3107 4623
2236 3148
4666 3112
6024 6386
4616 3761
2292 6331
558 2050
2595 5100
5205 525
2681 3103
1410 1336
4950 3972
1745 5938
4122 1114
3586 2606
180 6604
2342 1797
2732 6183
3951 4079
3169 3475
2647 6383
5789 1690
2056 4497
862 5762
5251 3497
3398 937
689 1950
2708 1186
4828 3791
1595 5290
1827 2422
4517 297
2426 3046
1919 3764
6438 681
5429 5399
610 6734
1174 3465
5662 3263
5682 5040
1863 4066
2796 2097
1028 3793
3614 1363
1144 1278
5081 2497
4922 1856
2365 4485
2734 5798
3697 3586
1448 2273
3092 4178
3597 214
1084 6183
5720 2017
4439 1453
3984 3715
5092 1245
2397 3929
2360 106
4667 2161
258 5041
1909 1084
5077 548
2905 3368
4841 2438
5934 673
366 3810
4604 2754
4084 1656
6155 6504
3113 4340
5481 1914
5710 5872
543 2999
674 399
1775 726
5520 1617
1981 4579
3426 5039
1939 2178
6572 5341
4744 1277
2664 4380
5427 2853
480 3156
4123 613
2829 6343
146 892
238 3275
4877 1486
1389 4234
889 548
5526 3856
4633 1653
5793 2956
2713 658
4922 553
2035 2469
6589 5046
2132 5705
3340 2051
5705 5833
651 1200
5725 2366
3691 113
4070 3024
2628 962
6683 312
3427 298
1920 6173
1417 2702
3666 1268
5383 1127
6198 5909
4949 5807
357 5629
2702 1349
4588 2674
2133 2972
3754 4453
4659 5489
5488 5652
474 6607
6414 1131
3263 2823
3787 183
3401 3477
1062 649
6235 632
868 3794
3565 6245
1005 3875
1455 4807
1049 2001
6372 4953
1046 1225
975 3810
589 1859
6708 567
3541 5755
3064 6357
4651 5858
2360 3205
3034 3550
6646 1770
273 6757
3479 2522
4939 3069
1146 5299
3998 6637
2302 6451
372 3824
3222 3300
4356 4112
3724 1210
3566 3850
3199 2756
4672 6659
4148 1519
408 577
6170 1749
402 5004
5556 5730
2225 16
4534 971
3187 6139
3292 6236
3090 2533
4291 3015
469 5676
6199 49
6516 5986
5093 2633
4928 1786
3116 6287
4357 1307
2494 1075
5870 711
5846 3460
2364 1307
1691 5005
1153 3315
6462 660
2484 6044
1466 431
2289 585
4816 3393
3898 5752
3181 1174
2617 2742
2484 6001
3978 49
2292 1742
3696 6015
852 173
5377 299
4869 3524
3610 4759
5507 2927
2501 2635
4941 3643
5703 1402
3590 2076
2016 2280
3533 997
5463 1850
672 5539
5113 4477
5982 5914
5968 4035
2302 1043
4211 3808
3573 500
6442 3039
3671 4069
2728 3376
6209 718
3722 3869
1152 2482
3402 2541
2375 4170
1285 4008
4685 4732
1973 5401
1265 2360
2113 6198
5474 932
5538 3160
589 5900
500 4241
2466 4254
2747 1085
1000 937
2092 5162
5920 118
5073 2369
1187 5281
293 2226
2596 2400
4626 5930
2227 2337
2418 5627
6552 614
1538 4187
3914 652
3609 5957
5530 261
1307 3417
3540 925
4273 1269
6030 6086
5819 2720
5370 1899
4573 3591
159 1785
4411 1644
3640 5820
3166 1915
3487 3355
6463 2607
5069 210
4288 4166
855 3204
5780 5132
865 631
3467 6439
1505 8
5426 3248
3342 1552
3518 1364
2508 2836
3118 613
5033 3308
3346 344
2536 6500
1221 2002
1659 4648
3027 1290
5879 5238
3315 2206
1319 3560
6348 10
6416 1818
141 1409
5705 372
1458 3320
4462 5879
5046 6338
1356 212
4920 2811
4570 1339
4828 5654
447 1271
4506 6714
5027 2124
4210 4380
4307 865
1155 5038
1926 5870
6685 2517
1295 598
2884 1141
1252 247
6499 2172
3585 3994
3868 4980
4632 2819
3040 2529
844 763
3779 618
7 3124
5240 5029
6074 1980
3547 1974
284 5789
4877 3696
5553 5856
2313 2382
5420 4652
1221 4629
6409 1308
2721 3332
4280 24
3555 1278
4178 293
5567 4893
1585 4968
5236 2198
5436 4341
5668 5884
3595 5677
849 6527
2023 4454
1433 6210
2702 4254
2327 4209
6296 4555
1552 1007
1898 4982
1022 6538
6396 2224
2124 2894
475 3207
4142 2449
2161 1846
711 5335
1724 1199
412 1009
5539 116
2083 6034
4038 3046
84 2160
2929 4823
3113 3202
1263 889
621 4655
508 3119
5208 1430
4350 4418
6546 1444
5560 2608
4778 4695
5048 6415
5190 2248
4031 6603
2819 5579
2258 1520
3474 6382
5599 3980
4738 6210
4790 6267
5533 54
1050 3808
5624 656
1330 4410
4489 985
5999 3507
319 2300
4974 2248
6661 2552
4498 717
5549 4538
5950 5584
5158 2126
1929 767
6486 5569
4185 4735
4728 1267
758 6552
3066 1951
4769 1701
2967 1457
5796 4975
3598 1936
2513 3318
5427 4011
1552 2323
4256 4747
1873 2192
4401 3954
1172 1127
4421 5464
2050 3794
602 357
2785 889
4225 3519
4463 431
471 3480
6155 1694
445 3324
4721 353
4959 1933
4210 1448
1082 3886
2214 4171
6742 4038
6381 6341
4411 3648
4720 5074
1894 2901
1198 3814
6360 1800
4525 752
3728 6750
2842 1348
6706 988
6336 5700
6080 1003
1897 6711
192 4963
4051 1588
2640 3967
4672 668
1482 650
1289 2875
4905 6523
1804 3675
1717 4200
1614 1585
1194 2438
1456 295
1304 1628
4331 3896
3120 5117
6345 5660
3036 1726
5296 4996
2860 1697
2301 2804
3980 3903
3640 218
6035 6160
3933 418
3348 4784
4702 501
5930 4717
3044 4502
1080 4026
6711 465
3994 3041
691 1173
1024 20
3916 438
2958 2584
14 3021
4727 5804
6732 5962
3029 1344
2238 5955
3702 4466
6551 6577
5215 1754
5483 6206
1786 1460
4911 4238
4863 5921
5967 5600
2551 4223
6167 5371
1415 1088
4496 2467
4961 4093
6348 4931
1616 4212
1961 1630
2512 5283
1990 5167
1938 3070
5668 865
1695 6750
501 3536
5034 2319
6280 966
5728 5651
4392 4688
5553 2888
3998 4017
885 2612
5844 3498
2486 3059
6070 4242
5927 5904
2536 5472
2781 3201
4585 2617
1927 4444
5821 4866
2121 4806
1990 5812
1735 251
986 6709
48 4169
1662 6155
3800 3468
2544 4073
4870 4813
542 3680
3042 2086
6194 131
3428 6391
136 5593
2826 2447
379 2665
267 658
5176 1690
4513 2752
6398 4854
552 2198
5463 1388
403 467
5227 2687
4564 2484
6078 2175
2842 842
6033 581
436 4574
4942 5128
6527 654
937 3329
6164 1924
5808 2304
6149 4255
4395 5493
4332 4517
2151 3743
2136 739
3665 4138
4846 4894
3536 1152
2764 322
3551 4604
4162 4387
1067 3202
6760 3293
4259 834
4990 3537
5136 3120
2089 1782
1099 2471
565 3465
4879 1207
4262 4003
4117 3007
3967 4371
6657 3815
3136 3458
6470 6337
5957 3338
5449 1112
3390 4067
1591 2280
1693 1225
24 2942
3939 5146
3674 1602
3455 3261
2520 123
4385 933
4349 6673
5614 3331
4911 2364
4767 4404
4614 4622
3496 5497
5686 3631
2561 4152
2734 4056
5028 3290
1800 626
2462 5613
5647 6247
3269 4079
6046 2260
3026 5125
6195 2634
3002 6204
5150 3028
5382 6236
4256 1071
277 218
872 3848
2049 4637
4918 5852
5862 6455
3626 5288
814 2150
6265 6279
5829 2776
3023 6239
4514 4859
3360 629
3704 962
353 5793
1983 2510
342 4956
6431 4161
5284 1510
2662 6333
5784 4804
2679 4596
4629 3112
791 4084
4919 5693
4935 6739
6679 5861
3777 5910
1730 3246
5993 5369
149 4307
3129 96
2556 1129
5292 4160
771 4944
449 6601
5101 5041
969 4970
2510 5876
1855 5073
1663 3074
1481 3147
6744 5975
3035 3636
6661 3037
6009 4643
3448 705
5213 121
4547 6048
5216 5347
1964 2689
4188 1247
4006 5208
3852 1678
4639 2321
4184 4983
2297 2768
1847 1367
1778 5514
479 319
6203 1281
284 83
4917 877
4797 5198
5294 5799
3036 4935
3358 3513
3475 1169
4411 4892
1960 1558
2988 5763
2683 6232
6326 1044
5881 6502
1075 1562
4414 2679
4840 2000
411 6416
235 3389
4490 4957
5363 4199
2319 4255
3378 5175
661 2511
5958 3822
4753 2291
6559 3051
1965 1928
3400 6400
1677 1566
6213 943
3052 1408
521 2769
4738 2045
4541 5669
858 4970
5800 3008
6008 4788
564 363
2222 3376
677 4572
4733 3405
6689 3820
4082 1061
724 5219
2963 2473
961 26
1023 5019
2978 2977
4758 2170
3278 4250
3402 6538
3631 5404
3307 6418
904 6233
723 5206
1062 5201
4973 435
4528 2879
5635 202
1854 6131
3477 5433
6685 1691
1059 5456
2389 1004
1002 241
921 22
6276 917
226 2869
2327 3238
356 2001
3889 3616
6404 1261
32 5059
6043 4565
3957 5396
6142 480
4471 2745
1308 5012
2254 3597
966 2319
3725 1938
2677 5912
5704 3880
5781 1286
1013 3212
4908 633
1658 3493
3176 583
1883 2494
4203 5679
1984 6107
1705 1690
1554 3614
3951 2135
1881 2830
4585 3981
2 3796
1940 5824
2122 4202
6610 6050
1660 2703
4896 1835
3252 507
3527 2277
4281 1248
6710 121
14 5437
4457 342
3798 149
1771 1933
625 5953
1056 4480
2467 2477
4050 3814
837 1065
3455 4119
5103 4926
6599 5364
4395 904
3199 4483
4353 3845
6617 4459
5429 3795
2583 6712
1978 5490
1312 3937
283 5241
5886 2032
3430 5700
4412 5940
2654 6451
891 4303
2034 1406
2759 4294
1899 5233
4667 5963
1264 1946
1472 4039
844 5203
5789 2423
1250 213
845 6211
4831 1827
6422 3444
2280 4051
5680 6495
2967 6278
2133 907
2539 1728
5497 1027
5820 2437
1600 5545
1370 6659
3546 2271
4913 3479
6491 2704
522 6216
6389 4357
4374 5840
5579 2200
6566 4277
3852 6680
1509 3225
2718 2099
2154 2486
2413 4757
5243 1439
1943 2232
3292 1910
3907 3536
1478 5851
59 5326
6362 3478
1535 3915
1450 1804
3796 357
3920 483
4406 2142
6499 3463
1823 3034
4308 564
5293 2676
4065 3281
6274 2869
1181 1347
1123 4717
2036 4042
6310 5858
3570 4597
4881 3058
5128 3340
5530 457
360 3643
5489 2307
2611 4174
1797 4426
5603 4717
6144 6661
1302 108
6393 2564
1477 3704
521 571
6287 1683
2509 2852
92 4493
3894 4796
627 6115
4637 4583
481 2331
76 2698
1157 3809
3377 6557
5654 311
4426 2850
2293 6718
2752 299
382 914
6148 5128
2330 1820
458 3685
3732 937
5191 4827
4023 3558
5080 233
669 3789
2422 2221
1655 13
2555 6217
3836 4103
5252 683
211 3326
5870 5760
3885 2078
5530 1354
1030 826
4753 6105
3412 2506
4612 3701
6408 5292
5020 2301
4476 3604
6134 2652
5720 5191
3072 329
3223 61
659 6115
3324 3727
3962 4259
181 1527
4682 93
3591 6174
3463 6684
1339 1990
2985 606
1782 4427
6558 1445
909 5164
629 2864
5351 441
