271 950 30
19901 19492 1
3526 21308 2
14915 4789 2
14687 1521 2
9075 7297 2
19277 26487 2
20094 10586 2
9233 28079 2
5420 2691 2
21567 958 2
8620 21252 2
12399 13823 2
23818 18897 2
21232 15268 2
28774 15425 2
18899 2695 2
10440 135 2
16598 13294 2
2381 27443 2
23456 7963 2
14160 9842 2
25637 22720 2
206 12623 2
16257 25320 2
29352 18689 2
5763 9570 2
27998 11393 2
2525 7323 2
404 121 2
26956 3329 2
12735 27340 2
7284 17332 2
6286 13280 2
13533 18120 2
25851 28729 2
18849 23348 2
21965 21920 2
11868 5983 2
19654 6279 2
24938 1102 2
15466 20909 2
6084 28259 2
9625 2981 2
29130 676 2
24785 13426 2
11512 24256 2
3097 16887 2
20643 29255 2
27011 25956 2
27 17464 2
16311 16328 2
28597 22044 2
1951 24430 2
23406 27121 3
22784 4023 3
27950 7871 3
8587 10742 3
6599 24047 3
5071 5895 3
3409 12125 3
16031 29018 3
25941 16234 3
74 20567 3
9103 15048 3
17429 9065 3
1359 3321 3
10137 18200 3
26752 19870 3
338 9695 3
25751 6123 3
11633 20562 3
29083 28836 3
6061 19882 3
3434 492 3
11519 8755 4
22277 24634 4
6510 61 4
7587 4808 4
17 28905 4
25875 9669 4
22680 11687 4
8963 25325 4
11327 11370 4
1 6724 4
17393 367 4
12757 3224 4
19105 16931 4
19038 13930 4
4389 25835 4
13690 22688 4
15465 7236 4
11746 16156 5
3885 29333 5
5320 15950 5
11172 29363 5
145 22911 5
14212 12266 5
28998 4343 5
17181 5390 5
2118 19020 5
3323 9524 5
14329 15065 5
1612 14498 5
17501 19859 5
27081 13963 5
75 25649 6
18361 29120 6
22850 16896 6
16475 22939 6
12886 232 6
24899 24772 6
14109 25563 6
3524 4001 6
16814 3121 6
21034 13089 6
26747 4 6
29016 26664 6
13623 29340 7
10277 13150 7
20605 4368 7
29051 24595 7
21271 7870 7
22527 6081 7
8276 12887 7
24982 4140 7
18271 12034 7
15622 18480 7
23768 29056 7
18731 21394 8
15997 10857 8
8438 969 8
27670 17638 8
4091 14015 8
6488 7372 8
27264 23941 8
4623 23489 8
6200 22045 8
42 4814 8
24010 10241 9
7958 19473 9
21747 18702 9
8284 23189 9
6841 25993 9
23883 15120 9
4074 19040 9
7641 2782 9
25231 26630 9
21869 9797 9
11008 22288 10
15663 27281 10
13172 7718 10
27919 5751 10
23287 1734 10
7584 8998 10
13469 20049 10
28963 9958 10
29356 12780 10
6991 15259 11
24162 20727 11
23525 23165 11
10507 26315 11
25732 11972 11
20992 27194 11
9818 4892 11
1659 5886 11
18050 7048 12
6868 11335 12
8878 16829 12
5333 17609 12
12062 1698 12
25569 18112 12
20380 24820 12
2251 22580 12
17588 24388 13
4462 8206 13
21029 2738 13
18500 4357 13
25182 8121 13
9742 9222 13
29342 20373 13
17996 15636 13
22650 20200 14
17609 26722 14
1727 11886 14
9906 23530 14
6006 4424 14
1245 1498 14
20918 16856 14
19405 9065 15
7525 27598 15
2922 2022 15
13681 5744 15
19686 154 15
17350 18326 15
5074 12130 15
7323 29274 16
29141 6872 16
17065 21425 16
27842 1537 16
651 15898 16
12196 25625 16
22290 28217 16
14969 8616 17
24350 5629 17
11268 3367 17
10022 20795 17
12684 9928 17
14583 24010 17
26899 27528 17
13246 16052 18
23123 13580 18
25578 14789 18
21056 5869 18
7837 6353 18
1580 26138 18
14676 101 19
18254 10584 19
5507 24946 19
16771 14728 19
5486 1242 19
24563 2803 19
25753 21094 20
10614 6995 20
10574 15043 20
1906 157 20
27016 22231 20
1795 8938 20
2662 15420 21
27924 20726 21
4461 10772 21
13024 24339 21
4356 27580 21
224 14336 21
27246 9143 22
24496 16765 22
8715 18189 22
11787 17693 22
28949 2555 22
11442 27977 22
21258 25846 23
1801 20829 23
16723 1529 23
19779 15557 23
3776 6649 23
3377 24095 23
1396 28855 24
3080 26158 24
1657 17795 24
9860 11544 24
20071 12101 24
10622 1725 25
144 11237 25
14527 28207 25
20454 22107 25
6843 18621 25
12492 4498 25
23813 217 26
808 19438 26
14651 3067 26
27495 15625 26
27660 28632 26
11829 19235 27
4377 20361 27
7104 1436 27
1683 10521 27
4922 22114 27
22598 25870 28
1881 16462 28
28333 13610 28
26589 1265 28
25487 19331 28
3917 15226
701 24033
21068 23247
16911 11660
19424 1546
28983 17298
4 3146
13036 11352
11833 14934
208 27183
12194 21655
14458 11003
19744 7632
11059 4695
6736 20973
26377 4393
18777 24642
3082 10997
17862 22436
5836 26916
1943 4560
22462 15632
4392 16820
19240 28099
611 21761
12385 12503
17548 17127
15426 12229
24317 22193
11558 558
9196 6016
28269 19493
14754 17163
16743 7006
5261 14533
7811 24344
15336 22247
21688 14215
20259 20867
4302 2050
25916 10802
21463 20608
29318 11207
9153 19836
15545 14403
19058 18467
27289 12461
10751 25166
25390 43
4981 7070
8322 3935
7016 3775
2633 28718
12366 28723
1155 7000
10412 27532
18367 5774
23064 9465
10103 28994
4856 3872
1264 12937
20587 8730
8483 26728
25987 2254
15339 19643
24506 11893
19975 3239
28518 25644
22313 7443
23291 25012
24793 23523
13201 14745
20218 14353
16084 8546
2872 18077
14337 26794
14329 13672
17897 25705
14246 21007
6219 2008
15636 2486
17998 14124
3673 22387
15693 26227
14817 29236
27818 4609
6575 14288
22273 12892
9163 1729
17314 29004
2908 14235
13348 21551
4260 17989
24883 28269
8919 8546
13317 26252
15977 187
2287 1196
2346 13336
23746 4591
6294 8606
15145 5845
26517 18793
11085 9695
22797 18674
17965 13052
7794 14086
9528 22562
18322 1633
26723 7461
19751 17724
729 8741
22795 10601
2940 5003
5259 18757
12619 6651
21121 11580
12579 23089
6667 5622
29219 8091
13416 1611
22144 1939
22212 3219
13897 4308
20599 1406
17919 27723
6419 16311
5421 29355
657 2355
15244 9838
6025 10597
5458 21139
23418 6983
11727 7402
6036 3446
23038 22092
24614 6641
8947 23891
15810 3921
8271 9817
28126 27463
26973 11451
16728 20505
4066 4982
10872 5923
7456 7833
20364 26221
20822 19058
28591 23628
4434 566
16463 27808
12712 8546
856 16998
8147 1970
22265 23312
26383 12978
23733 26208
36 7980
27042 16912
2315 23553
9871 19228
22682 132
25247 20286
1065 24984
7979 21973
24311 18019
5049 8949
15397 23295
27824 10134
9337 4068
9652 24703
7131 23189
16040 6370
18569 20385
11340 23287
22986 23944
14433 7199
22529 29229
26782 24853
18700 8186
2503 8294
24798 15545
2478 2867
21675 5049
7894 25294
22613 14648
28202 12559
5567 7809
26397 8328
1674 7875
26530 15306
10671 17472
19750 4898
18138 3209
17026 10452
13715 2788
21888 17226
13280 9264
9971 10319
19723 28885
9237 12223
3714 1364
4466 9810
1330 27542
3473 7702
27632 25270
29020 14333
18664 692
17615 4265
473 18562
706 5975
28844 8976
18908 15195
26007 26068
26598 6534
4560 24572
13943 8666
25361 17242
8900 29173
24092 8827
19564 24128
8445 15929
19214 22379
10726 19616
4271 12601
3242 28077
25457 7113
18816 12707
17263 2249
25839 27791
20884 7109
26165 23758
9821 14168
6614 12275
1115 23061
24401 19795
27546 7130
28036 24433
5625 5249
21374 24155
16160 23993
16502 19009
6231 17848
22517 27319
16676 4197
15780 17273
3394 2856
17476 7862
10024 6052
21161 10254
12310 26634
10775 14227
25005 21733
25739 3417
14084 16444
6518 9953
15158 12998
7856 132
10157 8360
9394 553
19839 13511
17522 20673
13609 12822
28337 16652
19054 7192
9961 16686
25335 12782
10445 10996
23375 15778
2266 19817
4404 21443
13380 13931
14746 15836
23704 2850
11737 10271
14415 22024
17019 23838
11663 2522
20193 5688
21262 28314
22550 5031
27997 8774
8662 13731
61 973
20877 18223
8235 28686
27521 206
12329 18460
6657 27170
17004 25020
28845 1444
5013 26301
23702 6248
8382 27910
7875 18593
4228 11708
18843 11087
20174 16473
18551 19079
21735 8582
3536 16197
16006 12763
29063 16254
14584 20118
5713 16763
6687 24810
15724 15472
27390 13224
22504 8650
13069 17199
7317 20115
19390 20824
787 26413
3043 19052
29034 5444
25168 8950
25344 13932
13136 25513
15353 28083
7964 14877
7911 16577
870 4137
23579 17687
6953 28476
17222 15639
1088 9621
23871 1201
22033 26365
21591 24959
5161 356
9749 21655
29076 27431
27908 26613
1400 15296
29156 21514
26112 5416
25003 25556
23790 21641
9081 5033
5507 13032
3583 27014
2753 24546
5256 10728
27960 3571
9728 15933
24183 24394
28139 18643
12003 22471
27539 22795
24657 29050
807 10639
19967 25499
9069 12995
14426 5941
17890 9664
15979 13675
28280 2898
13578 6551
23719 11876
13663 19337
11637 13329
26917 10190
11053 16348
9315 17685
21396 29090
10651 11924
25020 9916
2383 6324
4961 13538
9463 8086
2204 2194
5463 23984
21946 19603
27091 4743
19658 21633
6382 6304
21087 2024
25539 4932
12583 5363
14844 3918
16736 26018
16430 19748
20879 19764
16600 17017
3111 13056
22319 17869
13477 28657
16401 9328
9408 18512
21516 124
11044 18763
7997 11669
15215 24780
20544 7869
10680 22989
15926 3200
6398 23131
3798 24707
13898 17443
9463 25882
19049 19702
11355 21384
1813 9795
27206 20958
7073 6277
17911 23656
12660 2386
28304 28269
7542 13158
14982 7938
4830 28468
28357 1993
24606 14802
11129 25768
10069 12363
26915 26840
17132 6141
12866 19615
8434 20517
11047 10641
18505 28145
24579 26249
29179 13431
11373 5374
12534 16083
14087 1080
16373 21446
26168 27134
8716 2747
22999 21260
12880 924
17342 23025
20427 11404
2214 11309
24932 21031
15497 761
27325 1967
8440 7582
26173 29358
16030 20504
10995 7648
22015 11769
13642 540
19172 3749
1276 5017
23281 27963
10566 8901
13150 18841
21584 16580
5944 12276
17506 12382
7563 915
15143 11082
24139 13872
3749 26063
3068 1212
20263 28172
27245 8077
14928 27186
2887 20624
6365 978
4262 5619
13180 12332
3744 8824
24054 12735
15506 1700
26997 29188
23242 5324
25458 11339
15707 21687
1181 20298
6003 18534
18456 16427
1443 2140
10283 4041
26584 17492
6645 4337
27639 19774
8314 4590
20451 23645
656 21043
15163 17888
5739 22686
12349 28060
15618 16426
12510 7330
1554 19781
168 16419
17774 5073
1979 5305
3279 10278
22149 4516
13031 20685
16759 7835
12290 544
8257 8881
2779 25535
2016 28137
20513 391
3091 6448
20419 17323
18856 10423
8364 6815
17617 11594
5180 11465
2141 3698
17015 27114
6268 25702
6990 2427
15090 26508
29102 19335
10412 21346
119 10272
2215 26313
17678 21773
18970 11773
5911 19200
3708 14534
23295 19424
13294 7101
17618 25070
15968 28190
2998 19695
23993 7640
21367 22626
1997 25447
20572 9751
14197 23347
5492 28724
26371 22014
27358 18980
7175 3193
14 8934
27739 6420
15500 4585
5782 11439
4481 2986
953 18080
7814 10323
19389 8253
23112 29022
17713 3637
14832 10445
16827 4857
7957 26303
1888 21736
11550 19935
9586 2342
5739 13987
9453 26652
15586 10354
7038 21623
15211 28786
20016 2556
14409 18706
2080 17339
7820 15909
14676 14519
10720 24061
8003 10934
274 24690
23382 14773
22117 22727
10395 9611
24419 1733
2804 5857
6803 13715
7783 23732
6643 27826
10808 28723
7325 16416
27402 2858
18184 21096
2151 14973
16310 15224
19542 23158
9618 6873
22081 20558
24690 17314
7321 11789
13994 11402
4346 22175
10453 5402
3322 29171
14910 21571
20877 3760
26311 11399
24496 26913
11169 27040
28670 11135
23418 14096
8461 5854
6412 4939
22225 2558
4968 27350
26671 11967
18744 25705
19675 12794
17921 38
1098 864
9592 1102
9240 13833
23244 5901
26048 19585
15266 24176
18313 2642
26835 4051
6631 9335
24396 25157
25785 8291
10102 27038
23698 16372
12285 10943
23618 9255
1438 23620
1055 11557
15797 11631
24392 4933
15846 5738
9329 10731
23204 3312
26154 168
25621 24230
7424 5745
5631 6304
17334 25634
26124 20578
9390 20715
6015 5697
23364 20722
21127 26549
13809 10609
19700 27338
20995 10900
28669 3540
10560 25760
28652 11839
10937 20501
26658 8974
9571 24000
2506 16258
4325 14736
23793 19864
116 13594
3706 13455
11180 1318
17224 28239
1703 27090
16686 28355
27393 10782
17086 8382
16458 14148
2326 10283
25553 4076
25961 13730
4512 27046
9095 11400
20092 20318
6083 26424
19103 20250
13926 24573
17604 1588
11935 29067
8517 11339
2853 17396
11875 23697
3709 17955
9585 28782
14878 11973
11633 15548
27348 24566
3661 11577
26708 736
24371 16079
16570 577
28368 322
11810 25190
6323 11589
138 7255
20799 21131
28485 26471
29296 28288
15945 7917
3166 23008
17708 19041
28850 47
19231 19189
13858 27187
19162 28946
22112 13695
16103 2077
18737 17892
15020 25540
28177 14968
25425 22103
22985 7365
22139 11245
13127 23203
14168 7977
21138 24662
22420 1443
12977 28987
9703 13112
6903 8538
12834 15158
14955 9177
20049 6839
7944 20063
2222 29223
6140 2686
22015 6613
862 26989
78 19605
28684 8389
25861 25201
18218 26617
1038 22293
28972 24050
25922 14343
21136 12553
14952 27746
23171 17315
8283 24762
19702 24710
8767 22446
18929 15875
7519 9775
20732 25668
23364 11216
10115 22444
8710 2017
26267 3300
12095 9432
27987 22155
9784 14958
24997 4702
21195 9285
24855 3556
3488 5062
2427 209
27675 29347
15903 9160
16910 16605
17018 22609
26034 10192
25915 17287
763 12199
12092 17105
4273 28929
22449 14124
9357 20
22454 21573
7018 5189
2560 4381
22646 9889
6707 26505
27065 6857
11329 6615
1642 19256
24891 16088
17870 8486
19061 1155
3966 17507
11203 12047
25097 2932
13631 23368
165 2619
15483 8684
21139 4354
17725 28195
23915 25426
8013 8109
24181 4106
13462 13330
10012 25551
11315 17081
27249 6325
4578 9187
26109 7481
16034 4916
4878 19616
20442 24149
22045 12345
23427 22434
15351 3470
5079 20363
28548 9533
6045 15363
178 22383
29009 18121
7683 22496
20743 13876
26082 825
10052 28091
27929 19108
26748 12621
4980 23874
8908 7819
6197 20552
11952 23106
9329 10198
18515 11498
25248 5599
16574 10864
10079 19676
12859 10836
28800 28042
3060 26815
26231 23146
1707 907
19835 9563
14056 5355
10256 7718
28059 23762
26684 5154
4785 14296
12587 7871
3834 28335
25762 16818
24025 11018
24734 8392
16103 7150
14098 14566
14403 2604
7231 15922
20299 27138
28759 7295
14532 24842
19271 9719
18203 24323
23518 10441
14228 22817
19876 26042
28238 29373
15829 19467
14164 28641
18444 13396
11521 8123
13698 28219
699 1674
21414 23611
15308 15134
2888 21748
25009 27428
16497 24514
27907 26080
22712 19706
26536 25882
24489 18944
23917 24830
26957 23196
1792 28558
17656 13723
19364 10624
13951 20238
2736 839
11283 14677
28481 5111
16 12128
26217 21412
18658 27068
15386 5151
7193 10559
962 4606
13069 4450
25446 10560
1813 6670
12045 8935
29085 22718
9369 27562
21756 13030
29334 8680
14389 4221
27252 27999
28055 20032
27799 5217
5688 27844
8052 5440
7702 4224
27168 18291
1178 5628
20568 15518
6895 7712
29345 17657
9174 23351
26869 15877
3640 27490
11500 22451
5629 25800
395 19080
10661 6490
8362 454
15921 22947
1451 15856
25689 18615
17495 6825
12273 19884
23795 24100
18364 25014
21343 21730
26873 5799
13066 28378
25293 15716
12508 11699
28343 22876
25352 15197
1452 16987
8014 7146
16246 9803
24083 23166
7727 21081
184 15736
12272 24701
11589 1085
24216 3257
12273 8397
10287 2449
12473 16705
13120 17893
210 28122
14015 3633
23082 405
7291 18517
9530 8678
24777 20113
27281 21420
28518 17689
21461 10660
8708 28551
25372 793
26447 26522
19070 4431
28201 6660
24351 1009
1370 21530
22091 10386
29284 12046
27515 14293
21113 16074
23614 3572
22990 22562
18853 17396
18416 7616
17894 14775
20700 20566
12037 27526
1862 14097
19897 18408
5589 18030
19569 16945
