90 1637 162
2460 2740 1
1769 52 2
437 1361 2
2829 1006 2
2519 398 2
1581 1994 2
2689 1945 2
1397 2629 2
2705 2501 3
137 2688 3
122 412 3
1392 1191 4
203 993 4
683 782 5
3103 221 5
2958 3226 6
869 1437 7
43 1912 7
2819 1350 8
1573 1534 9
2507 2219 9
1453 553 10
420 2365 11
2117 3167 12
1308 2963 13
862 2336 14
1229 1924 15
329 675 16
2103 2753 17
2072 372 18
2254 106 19
620 2760 21
989 460 22
2167 2042 23
2873 2799 25
3037 597 26
1551 3233 27
3077 1691 29
2401 1021 30
1906 1272 32
476 169 33
1007 2808 35
905 1786 37
554 2046 38
1706 857 40
1029 72 42
2004 1767 44
11 2395 46
532 3076 48
164 3057 50
117 1459 51
847 3204 54
1880 2215 56
2531 1487 58
1704 2828 60
3111 2057 62
557 1650 64
2786 131 66
3238 2668 69
1228 1579 71
1939 646 73
1256 867 76
195 27 78
2297 1687 81
645 1084 83
1159 2353 86
2276 649 89
1375 22 91
3110 2383 94
3104 1324 97
1010 1164 99
2848 2201 102
1898 2499 105
751 39 108
1455 2234 111
2807 1679 114
2317 1311 117
2433 3123 120
338 1807 123
3161 1004 126
744 311 129
193 2178 133
3201 2938 136
1566 276 139
1212 258 143
2063 1076 146
966 2092 149
2709 594 153
2457 1884 156
55 651 160
929 903
3228 444
669 1324
2789 3035
2466 2454
2215 2437
378 2843
2628 845
1785 372
2871 338
2578 1158
1186 2584
136 1224
381 383
1122 1366
1833 1929
1743 3138
2566 187
1693 2419
1795 1585
1061 3192
415 1148
1995 1513
1504 2799
1719 1096
1705 1376
1491 1726
2107 1309
140 1720
2231 870
2309 2918
343 2022
1103 627
2908 2596
644 2304
2336 2585
354 3121
823 1962
2036 102
1951 933
1540 1086
3087 37
1094 2979
2920 849
1328 3138
2884 1941
838 2510
748 2126
2234 1118
3202 702
810 475
1353 1446
737 3026
3214 1491
1376 199
1379 2067
2944 1197
1190 430
1715 1736
1752 603
2436 61
599 515
1066 1853
348 2637
22 2175
2658 2718
890 196
2335 2018
2290 2228
290 170
24 862
3131 3166
3108 2768
2216 1550
1383 993
2642 3166
874 2904
1947 2713
506 1798
2013 3048
680 3220
2589 31
941 610
482 2552
2276 430
2781 1189
1903 1116
2187 3024
1524 3016
2747 1544
1604 2627
22 134
1923 3221
875 1617
115 2513
1188 2
2309 3240
2493 786
169 2853
1158 2054
2988 2890
1325 1690
3035 377
1846 2839
1580 13
1392 419
2662 2312
379 2198
706 1801
437 1528
508 2912
11 1086
473 729
2592 1695
1648 1245
890 2709
2508 2899
276 845
653 1475
3078 1865
2579 2052
2233 1845
2384 510
2962 2071
746 619
2931 1814
1267 2720
8 1738
532 939
3116 809
2476 2605
1527 1281
1105 1049
1878 2354
1644 2165
424 998
2696 1417
1117 795
2002 2014
815 1192
2989 1516
1115 1515
1667 741
2398 1434
271 1354
291 2475
1329 2377
3235 282
1577 451
963 754
390 1690
1009 1569
1691 157
1252 1133
2699 1095
2114 1470
609 121
83 3186
1151 2191
1423 1553
1203 119
1815 2605
3000 750
1610 585
673 1958
2786 1844
2420 1185
1430 3204
1202 3124
1874 1819
2954 1324
1629 2972
1423 2484
488 2780
686 1597
3125 492
2552 2793
957 1357
2469 2080
557 393
1096 174
2756 322
878 73
2207 2620
2714 924
2895 151
1894 327
214 278
1624 1872
749 1048
2102 2417
2104 739
293 2272
1431 1889
2917 3059
2680 449
2398 407
1080 2475
3229 604
563 1165
38 297
1987 2615
3151 3053
2226 2780
1861 3049
239 2080
219 520
2329 1538
2931 2307
1425 2947
223 1911
1317 2248
1533 147
1370 2855
1098 525
1914 1387
3024 3080
2825 2685
1755 2528
2219 3134
2048 2948
1564 1795
1318 1855
2134 2191
2155 166
2955 1423
428 64
2985 1627
697 507
1379 2761
2558 1324
2480 915
293 448
3093 1955
2001 2238
648 2635
1853 214
1323 1980
2056 1580
1912 2109
2190 605
201 645
711 2925
150 2338
1302 463
3209 1896
1238 1430
2790 3152
741 1410
3025 2687
912 3133
2585 679
2021 2813
2677 1282
3219 2546
2041 2526
946 2596
305 592
1001 1983
1899 104
1836 1668
21 470
3017 2804
1072 1260
2045 1691
321 1267
917 502
1745 1505
859 1706
2083 1815
2870 483
2137 1021
908 2425
3065 1149
2841 2325
1087 2640
2664 2149
23 1304
12 1203
2566 2697
1192 1299
1078 270
2881 3202
242 1246
193 2975
1723 2732
1308 1020
2390 2527
797 1780
1816 2761
989 2384
60 2581
3188 1786
2225 213
641 317
1466 993
3160 1158
2698 1005
756 2554
2713 3116
1868 2931
849 986
2929 650
2083 37
126 157
228 1422
2586 446
732 2282
155 1551
2926 1010
589 2412
2718 796
2 44
1788 2337
672 707
2354 764
852 2117
521 273
404 2988
1129 1731
27 2742
919 3028
2311 2707
1432 1807
2563 1981
1498 2509
2348 2989
1411 1636
878 803
511 14
2354 327
1298 1495
182 1102
90 1134
505 2159
2296 820
1772 2170
3178 1427
282 2547
1479 635
2201 3224
1108 376
1459 362
2781 2957
1993 2473
28 2489
3209 115
2578 2982
3083 2543
1954 1044
792 1325
2800 1921
1972 1310
2584 360
798 2227
2056 2171
101 1600
415 635
2888 1607
2114 2826
2338 3139
67 801
637 24
1739 1245
1005 349
1199 941
1095 3121
1305 90
3029 676
671 2444
2309 1168
2344 1239
1859 521
734 2620
2087 1168
1652 657
491 1596
1603 2369
2494 3184
3201 1273
2130 840
238 1686
1154 1933
2405 3190
3019 2389
648 1177
132 572
1525 801
2307 985
364 1553
2048 785
809 661
1487 442
2172 683
1517 574
3120 2187
177 842
1856 3218
1006 1080
1165 3232
441 1434
1669 47
878 2814
1784 1452
3053 1621
1167 3036
1346 2476
1816 2456
2804 684
1660 2476
2237 275
2802 554
2407 884
2182 1228
2301 1451
2758 241
2758 434
1566 2911
145 282
725 2049
2900 235
2541 1789
2567 1883
2849 2116
1734 1652
606 1871
586 2533
2714 44
235 1137
1382 584
1269 1195
63 24
1611 377
2417 1986
770 2899
2919 2119
742 2806
608 3145
1859 153
289 1459
3087 2483
1734 992
1853 1348
948 2237
2594 980
165 482
1963 754
691 416
24 1658
2769 2742
765 2367
2005 1919
3123 954
2649 717
1802 465
1389 2256
1982 211
1406 1496
1084 1656
131 2136
1084 2903
57 543
3224 1028
1224 2251
1270 139
2709 1792
1071 2417
2294 2390
1133 2247
569 806
2109 940
1155 887
3156 2563
337 976
1125 475
1101 1598
2035 2717
2157 2132
987 1677
1656 1783
2998 184
2737 2251
205 2409
358 2357
654 1754
2101 477
1293 685
1100 1425
2782 896
3188 1988
80 3036
627 2921
766 1981
592 898
244 700
3133 1604
1622 1503
2814 384
2066 1949
1787 3223
214 1490
1942 2536
2644 2786
295 2670
590 1086
1185 1219
1243 2810
2140 1908
566 2879
1173 1032
2187 3081
1605 1173
31 1843
1490 247
1248 1338
2441 490
226 3195
401 1237
712 2740
1541 1339
1378 1761
2273 2746
608 3002
2294 1596
2252 478
481 2090
953 1261
2177 1401
216 417
3222 2216
286 3179
322 1937
2589 2443
268 917
1812 862
416 2908
123 330
972 3231
742 2475
1941 1556
184 2621
3035 501
36 1037
1261 955
2214 2930
2286 318
315 304
845 1375
272 271
2295 2499
2264 1495
2377 2872
489 1378
2754 1429
1797 2859
68 2676
952 1531
1706 656
2695 2642
304 2061
872 712
1434 725
905 1293
549 1384
551 1029
481 3158
2516 1085
2990 617
2159 1310
1242 1660
1024 535
2211 2876
2967 809
462 2484
1566 932
2370 134
2881 1292
1601 3175
460 240
3190 18
139 788
1028 1014
2403 2938
238 2924
1131 1224
510 2621
322 926
2292 1215
1861 2708
1038 2517
914 2937
2200 1737
1435 2043
761 260
795 1532
581 312
776 733
2646 611
1759 2480
1928 696
2813 2241
816 860
2091 1644
2783 2289
1729 453
661 2699
2760 2858
125 2910
2947 451
1162 2716
72 2017
1368 710
76 2347
3016 2528
1944 1989
387 1987
2302 1100
2912 1115
2369 2799
1302 2111
3080 345
24 3154
1558 2547
2087 2351
1208 1991
1742 2671
2432 2235
2494 2808
3179 2083
1492 1085
2679 2361
1579 1907
3202 3072
1632 2231
2698 3069
2348 3062
2483 1595
185 588
413 1931
1210 1842
3007 1563
173 2523
1607 982
1268 2986
2483 1991
38 3013
79 2877
1390 2143
328 18
1232 2362
495 2865
865 2770
2359 616
417 948
1675 2988
73 2250
1528 2958
2598 2900
2634 2350
434 561
2233 927
1999 3118
3086 2895
1256 2204
2857 706
764 1670
805 3
1862 1711
1745 2978
2295 738
319 736
2958 124
387 161
2487 1787
1349 2201
2489 1203
2454 1288
1826 1743
2514 1140
434 2643
180 1626
1604 68
1296 763
956 2915
2178 2243
2335 1948
2719 1620
1230 832
367 1291
1956 3151
79 726
814 1859
2162 876
2117 1127
1002 1453
2061 3085
1889 2545
2301 2176
2413 2802
2107 2587
1846 265
1849 429
2640 286
2145 1072
1060 744
2935 1644
2467 2561
204 1552
2959 1910
528 1444
2924 408
1888 3161
269 2118
2568 769
3053 849
103 498
488 1936
2121 223
650 1252
1614 311
851 567
909 1064
1504 537
770 1249
416 1467
2175 2400
999 401
3018 2621
1625 13
1816 1792
2334 2625
2394 16
1047 470
97 2779
24 950
1466 1870
1751 1593
2409 249
460 869
517 604
64 2080
1831 966
730 761
3217 1211
1208 1134
2500 868
2226 2024
2208 425
1681 1433
3031 2129
950 1482
1789 920
2725 301
889 656
15 2239
1004 2460
2043 1187
1457 2192
50 1127
1529 282
1505 1902
261 2599
1045 1153
1710 790
177 2657
2102 547
1864 2642
3164 1509
2021 415
3013 2941
2392 1931
3111 533
2048 320
16 2666
3162 476
2023 2880
457 1610
996 3044
1893 3099
160 1197
1028 621
1005 3170
1476 1960
2885 3095
504 68
2560 568
2023 17
1720 549
493 341
3090 1528
1808 2542
1535 1518
2900 1742
2089 586
1581 168
2418 1714
13 1892
1629 2029
2153 1831
1260 1036
451 2109
2332 1673
286 1294
1732 2237
890 2169
167 1251
1450 2377
937 1995
2610 136
1585 2037
1623 851
1885 790
1522 2209
670 3170
2739 2313
1064 1093
1241 2601
2436 2065
1618 1620
1165 201
2237 1208
2495 2358
1138 1649
2582 2563
3109 2126
996 678
1487 740
2144 3199
2996 1979
2218 1338
1517 3202
307 80
2385 2696
2694 362
830 302
1585 2877
583 1965
1034 2398
1745 1912
1333 2988
1203 3003
2902 291
533 2349
1985 397
1624 3210
1488 1647
2221 1780
2868 2348
1435 2519
1868 3006
179 2928
1248 10
2879 613
1464 864
1186 2690
1516 689
2775 1360
2946 2432
565 926
2818 3021
1436 2103
724 1266
1747 295
3065 2599
661 3070
2849 1567
2854 1636
2213 317
2488 997
1799 1058
1563 133
681 2815
2181 224
1347 2545
627 1390
2999 3150
3065 281
1276 616
2782 950
2275 1538
2573 2762
87 1870
1376 2561
2615 12
313 2433
1670 701
2581 1738
3118 1678
2365 1101
1459 3227
2498 138
2005 1605
1158 998
559 1237
2297 1850
2226 825
284 2913
2741 3225
723 3056
2901 1331
1280 394
136 3222
3013 11
1575 2176
2732 2587
1864 2387
3144 2622
1345 605
907 2327
2618 1610
1084 857
1273 2932
2872 215
2877 2737
9 2002
1105 135
910 2675
3223 409
890 2387
1549 1874
1416 3066
163 439
64 2535
504 3004
1672 2118
377 630
1457 2013
110 2942
2083 1138
38 1794
2584 3065
1435 2279
1778 2959
3171 708
757 1195
1224 1203
2985 1058
1003 1403
2498 2747
1965 369
1667 3100
1636 3166
2262 2010
2247 2253
1309 3053
2301 678
1989 988
1223 1526
661 2872
157 1978
2069 2880
1888 507
2275 3237
1334 720
1743 180
2858 1394
659 2117
1175 655
1086 1142
740 412
2000 1111
2275 2931
2498 2390
2629 1547
1888 1595
2527 2540
2663 2850
666 52
2271 2072
748 1716
1030 2592
2698 759
1571 2767
897 1430
2709 2118
2880 1263
219 2950
3074 1243
2827 1161
3181 510
2465 2188
651 2520
245 322
1706 698
1289 2047
1057 2157
226 3226
3223 311
1464 607
556 2236
1396 2967
2072 3207
1515 1178
1697 3158
3075 590
371 309
2404 2849
3063 2389
1068 788
449 2321
772 1012
951 2387
1270 1806
1824 1372
3002 2126
2744 840
1762 836
857 2739
3011 469
2964 2928
1481 2934
2161 2720
1617 2299
909 2973
1372 1653
79 218
904 1390
1850 2423
2557 524
167 2391
2350 1570
1794 1225
619 582
1617 224
785 244
224 1979
887 4
1040 1272
618 547
3056 648
1869 1064
1706 1920
2648 1937
1898 1478
386 96
1285 3172
2584 1652
2702 2189
2640 978
2693 954
736 3132
2916 2478
2050 2615
2436 876
3186 918
454 5
1175 2405
1155 2593
2471 3123
3057 2838
1649 2701
2593 3196
2685 691
1353 921
540 227
2523 157
249 1793
1473 406
2708 1987
2798 3224
2168 1637
2633 1873
2180 913
746 1239
1195 1050
3065 1664
1136 2422
499 2731
1064 196
1385 3078
1376 3186
323 2552
623 488
2019 805
2962 1782
1268 2159
1895 2662
2511 1376
2966 1951
3015 1883
1149 2119
1562 3155
3100 451
2867 3054
1934 2568
536 1764
1013 139
656 1435
266 3058
1413 887
361 2772
1244 2439
441 2457
354 1030
1343 3052
2306 1953
3133 1010
3140 227
1520 830
1202 1470
360 1892
586 2310
1991 2048
957 1921
228 754
419 2057
2579 800
919 778
2792 2676
1628 2199
2393 1898
1061 2359
1587 707
2436 1249
1811 240
1721 2867
2331 673
3061 2165
387 572
1998 540
941 556
1394 2727
1653 852
1028 3016
1877 619
1511 928
3217 1305
1106 3173
2404 2718
1712 1817
1518 2699
752 558
2419 1272
2552 1733
3212 2375
3177 369
2645 2074
2648 772
1116 1953
823 2592
886 1133
2310 3123
1429 2353
2684 2006
1207 174
1057 416
774 9
577 551
957 1018
638 1343
812 154
2672 1228
1420 1074
1938 226
574 667
3098 316
595 1716
766 1563
2574 1221
1979 674
2741 1769
1298 2683
599 1894
1663 2935
2812 305
94 885
2745 1163
930 1307
2530 1220
3020 862
3177 111
1530 2102
1674 2858
2124 2287
1472 1383
1160 1639
2453 149
2922 2792
2015 293
2559 2028
391 1063
2660 1958
1679 18
2848 3095
2268 609
1272 539
823 2312
2158 2330
1316 1396
2124 906
2014 589
1329 1747
2800 2005
1011 640
2717 986
330 1496
2747 2924
819 1417
1149 1188
1065 2723
3239 2481
1918 618
1661 2257
2736 716
3006 368
98 264
948 2463
1481 2588
2949 828
1304 492
1235 683
35 3192
85 289
2658 1325
2548 2990
2296 371
2871 3151
64 155
44 192
2581 406
3055 2899
1131 2367
347 3014
1395 349
2451 995
232 1037
2452 271
2109 506
306 567
66 1606
1310 2646
616 2861
490 1040
1167 152
1092 1540
41 2258
1929 1731
2913 2542
2267 1116
1051 3153
1417 2646
320 2916
1952 2678
2632 2841
1517 640
986 2500
231 1461
192 1783
158 988
1740 1208
842 3138
2929 3131
1811 732
2672 413
726 1953
598 714
1558 2985
856 1531
2961 237
1620 959
1841 299
2921 1226
488 1555
2888 564
485 1765
490 1313
2892 1559
385 1725
216 1190
1984 134
1161 946
1602 1720
1266 2036
1380 3030
242 174
2817 904
1831 1599
2280 776
2597 2126
2705 878
123 2386
1945 874
901 1700
2771 705
3036 2834
881 2946
929 1787
2268 2131
1 1663
2155 1127
1283 593
1481 2419
1595 100
457 1353
2498 1732
485 297
2461 782
1606 2491
1126 2213
2645 202
113 1116
2253 150
2398 730
527 2677
1299 2576
1252 1452
940 676
2483 711
1458 2273
1651 2770
364 1723
2082 862
3005 1005
700 1109
1513 1415
3024 2640
854 2569
1969 1806
2309 1285
1644 826
1985 3078
2433 546
689 1554
719 1128
3132 1866
148 46
1134 2551
175 2421
3136 891
351 2093
1522 1766
1333 2159
555 1918
2039 2105
1174 1394
2287 2848
768 1903
2236 2894
1873 302
3211 2488
3078 102
1087 2068
923 661
1000 2607
1540 3110
1565 1637
2412 1797
2268 1821
677 2716
2800 1514
2840 104
506 1483
3169 2014
1162 1254
2405 2440
3148 2784
3192 3021
1042 793
1344 2238
2020 1311
2889 690
807 1495
2690 3145
2545 1205
2014 2497
2623 2152
2790 570
3019 960
646 3027
1828 2046
225 2337
2927 490
2079 1687
13 209
1886 1381
2838 70
1982 3109
1471 2250
1802 2290
802 1388
1279 1534
699 2179
2798 343
1606 3142
1601 1662
1865 2602
1127 1275
1111 1902
2199 3119
2440 409
2378 1242
1758 2418
2684 205
2182 1895
1611 181
1134 246
2864 1371
1538 1470
1619 1039
1773 159
2223 1102
464 2399
2462 1636
1420 751
1876 2111
3178 846
2016 981
1044 1450
931 2991
143 553
2179 1090
2989 2695
826 3215
2827 722
3173 1348
2841 159
2534 2522
2957 2021
2931 3023
3217 2965
1480 1470
2097 1553
1636 792
2856 1599
2557 14
889 1856
50 362
659 3013
902 1828
1197 2658
2680 761
1499 2247
1967 1670
2008 2428
517 1881
2093 3129
2693 141
856 2534
96 1703
2980 1531
2233 1314
1318 2100
1864 1009
51 1198
2524 2345
3101 2160
452 1420
1908 647
2424 2748
381 2294
1318 2392
1192 677
463 902
761 745
459 1686
2903 2671
2270 1860
3043 2574
1838 4
1197 1410
1247 1111
969 888
2513 1
2123 2705
1222 1222
2076 2984
1350 2649
2128 2003
1405 3094
266 3193
1365 2950
3095 1360
557 593
2753 2394
3147 792
279 1043
937 2157
2771 767
776 2410
1005 851
2074 2573
2351 2700
1807 2128
317 2720
3058 628
232 1267
2430 245
42 2566
2443 1578
3024 1837
2049 168
3080 1924
1395 2373
1407 807
1482 562
2081 1494
1969 223
2010 2073
2860 3215
381 2336
632 1095
2080 3083
271 809
490 918
796 2312
393 911
1001 1143
543 2377
884 582
1450 1627
65 1091
1154 2444
2981 1251
1163 796
363 2031
11 937
600 1112
2777 3234
3190 2629
159 2207
636 2049
2007 341
1737 589
2579 301
183 2104
97 2691
1590 1561
2248 821
1927 1870
749 1739
1079 3083
963 2443
141 2985
1966 2334
2261 266
1191 3083
57 1384
1852 745
1775 2306
791 1117
683 38
2077 1056
1031 989
2868 3185
364 2069
2795 748
2726 8
186 81
1244 1371
1760 72
1248 2054
2260 1597
168 1060
3189 2716
2435 722
136 1056
753 1375
3007 786
2828 568
1007 1436
470 3039
3096 3232
1577 3092
4 1224
2555 2546
3139 470
2869 520
226 1605
2640 113
2407 540
193 1605
1083 329
2029 1626
1768 1356
2179 1741
2457 1255
2939 940
1746 9
1372 1373
131 1678
821 1351
827 2524
2061 3010
2225 788
1213 1639
78 875
724 2260
3072 560
1262 701
1119 2196
885 1728
2856 454
324 606
479 3134
533 1413
3120 2433
2645 2001
1304 2375
2190 1102
461 318
1738 1178
1838 57
1748 1335
1362 1330
2891 1425
2090 2944
1380 1128
2686 405
2831 967
1773 1247
2299 1315
171 2671
2825 292
2887 670
1098 1677
1293 3068
347 2745
1101 2617
3064 1186
1810 404
1968 320
2131 2771
1271 1320
2119 3240
1370 259
733 1016
1680 1762
271 2831
2966 2969
799 2161
799 1661
13 1842
2624 2387
3233 2396
2850 1531
2391 1457
1293 445
