120 1226 30
98 270 22
310 310 2
160 85 18
55 225 22
481 479 16
361 195 5
366 436 14
488 406 4
436 273 11
298 112 19
199 383 30
124 383 25
436 407 30
39 10 23
436 45 2
121 47 11
292 38 20
290 49 5
381 127 28
194 481 17
365 385 13
358 464 25
19 176 5
167 300 7
377 23 13
110 465 18
265 163 19
152 240 19
405 73 25
70 378 2
144 273 4
418 37 9
411 177 19
338 24 5
421 2 28
279 157 13
475 192 8
496 179 2
189 481 5
455 135 3
313 283 22
163 220 12
372 476 28
135 342 25
149 35 26
58 190 11
119 348 14
450 418 16
423 366 7
296 275 28
282 362 24
231 460 3
406 226 2
78 184 29
243 128 23
66 135 28
370 110 6
255 466 16
452 52 7
203 226 30
68 392 20
457 76 9
252 122 12
36 131 2
460 162 29
78 318 27
329 253 21
25 37 12
490 282 7
103 148 17
276 3 14
235 209 24
317 380 8
379 230 9
118 26 28
491 263 23
51 183 3
225 197 12
320 450 20
499 195 20
386 378 6
385 173 6
67 386 15
20 337 19
497 173 17
491 394 8
300 75 23
35 426 22
332 57 16
436 449 13
300 158 30
430 435 18
448 463 22
73 455 9
202 66 18
292 98 1
106 389 13
115 326 22
373 144 14
363 342 17
455 126 2
66 144 7
162 486 25
380 111 25
382 203 21
445 437 8
147 204 27
250 437 8
455 161 17
225 339 30
39 262 9
171 180 23
164 421 1
332 99 2
282 481 11
26 208 12
380 168 16
106 222 13
329 28 23
96 434 8
255 49
130 484
376 379
26 184
380 60
484 254
397 324
459 332
332 303
278 197
73 66
71 469
398 313
190 374
66 243
465 88
281 110
132 343
457 368
460 228
382 115
97 91
350 467
19 388
398 374
493 298
390 228
465 80
447 276
371 137
158 321
319 321
355 444
400 185
88 401
251 391
301 321
64 468
437 257
7 268
314 36
95 125
367 218
80 203
407 5
470 105
311 147
375 44
188 228
477 329
165 59
336 136
349 422
333 451
336 362
18 347
80 72
388 253
263 388
171 266
274 326
294 109
362 393
303 52
250 488
484 303
497 471
13 315
279 42
122 278
91 391
434 57
347 464
2 33
138 408
328 145
358 69
386 476
413 32
99 390
358 176
387 259
149 443
390 223
24 45
156 409
114 200
103 51
389 406
211 485
365 338
441 314
126 76
165 392
82 372
184 312
294 350
450 160
352 441
386 429
85 3
39 423
50 150
409 125
69 444
480 34
38 337
134 289
41 486
430 162
466 109
159 464
490 27
315 469
434 188
415 344
74 460
28 163
139 33
260 137
487 305
261 445
34 8
348 231
59 390
222 232
222 378
434 98
212 19
373 385
367 140
346 170
54 313
259 56
235 138
449 122
348 117
357 498
79 92
430 357
193 344
262 212
381 324
348 238
18 151
16 123
123 229
481 352
74 340
464 13
142 321
94 40
280 234
8 216
261 60
39 406
49 69
107 173
178 105
254 55
20 276
213 68
340 419
334 476
319 426
326 324
106 455
342 225
361 203
56 3
87 466
398 249
266 46
294 198
227 319
385 126
461 154
199 193
239 304
245 370
389 242
437 161
119 492
473 222
131 148
12 127
17 391
456 422
201 492
67 146
93 249
153 245
480 60
198 236
261 141
335 489
289 376
315 244
452 76
119 122
362 456
168 28
415 174
460 225
46 425
6 81
416 415
191 147
52 89
165 216
310 164
76 206
120 335
437 304
72 44
30 132
113 262
106 466
451 252
55 355
15 300
69 313
79 257
186 344
237 482
172 132
152 164
384 78
102 223
482 483
109 50
61 384
103 130
53 63
109 130
169 145
388 111
1 379
198 105
277 194
318 27
497 149
384 434
146 292
284 351
207 327
312 148
159 475
353 432
296 76
33 270
195 454
362 366
232 374
184 359
219 479
191 491
326 52
103 21
158 471
326 441
57 25
484 481
43 487
331 458
30 447
279 350
264 214
248 319
430 481
355 26
440 477
380 428
30 255
413 100
117 49
256 199
260 385
93 92
187 74
339 186
316 31
8 156
204 193
7 28
77 424
305 486
283 379
483 352
266 293
14 159
444 352
263 405
348 441
293 362
387 7
290 89
100 126
102 174
191 484
232 366
478 178
444 450
264 13
203 215
338 417
170 398
39 104
500 460
337 350
117 293
329 492
65 37
112 408
500 91
186 193
8 30
146 188
266 258
415 426
102 220
321 347
283 67
159 401
253 6
366 467
134 25
415 69
432 373
271 145
332 266
403 237
144 172
186 233
474 194
282 258
493 217
73 258
319 102
255 231
118 355
123 398
259 137
430 416
332 459
135 95
15 398
379 396
444 207
335 499
185 203
477 231
475 322
344 441
388 390
2 437
42 464
316 322
411 221
269 84
267 137
2 224
272 474
119 150
392 493
109 84
176 75
240 436
494 175
260 144
413 244
408 109
34 256
420 354
166 52
463 175
39 413
122 189
178 13
246 497
122 257
340 306
22 275
174 373
96 206
436 377
126 125
274 399
339 288
157 211
334 57
226 309
163 172
290 329
458 427
38 78
412 56
223 430
372 233
166 152
446 268
242 165
258 356
366 203
348 342
257 397
192 74
140 90
91 270
149 19
102 313
148 248
311 386
284 483
55 454
308 45
447 476
498 305
378 434
325 435
151 156
446 470
75 318
322 482
454 88
12 493
420 285
382 60
411 263
30 346
457 157
408 445
51 357
494 464
43 26
200 440
284 366
464 26
126 47
42 231
229 271
489 136
95 47
151 381
120 285
480 60
158 289
451 91
96 120
60 64
201 195
295 267
19 45
184 245
384 309
445 20
416 20
243 474
115 323
386 345
320 157
360 297
464 188
222 129
57 75
226 209
239 202
398 358
480 344
433 130
212 205
201 226
227 423
350 66
398 469
497 159
117 137
62 154
349 321
399 145
266 393
407 52
18 418
326 435
46 277
480 127
389 20
63 153
446 319
489 181
452 325
70 410
437 37
438 449
371 244
149 99
66 127
132 281
342 365
363 331
471 318
210 222
145 478
437 347
171 141
309 275
40 240
440 175
366 500
106 459
39 224
120 473
149 286
30 87
166 135
173 445
71 418
110 46
84 97
24 265
381 353
329 150
481 439
286 494
172 360
55 273
121 13
173 72
277 432
418 159
490 26
372 29
403 11
203 18
305 427
253 394
283 351
88 417
43 462
222 442
130 322
191 241
346 46
384 163
292 458
302 158
383 65
352 430
245 472
427 243
273 226
447 204
50 285
280 400
194 333
478 154
297 306
386 188
77 127
393 430
471 90
4 263
136 390
108 106
274 312
360 343
114 427
133 150
354 146
79 404
115 447
277 281
261 121
245 343
20 482
118 255
301 409
277 301
256 112
106 62
487 156
32 53
381 340
141 139
183 25
443 231
352 311
129 362
37 343
89 23
355 391
340 146
150 79
445 485
286 21
499 246
445 401
426 370
319 194
192 424
473 24
102 76
427 468
216 88
87 313
386 41
168 227
218 250
383 450
40 206
122 198
462 236
293 475
393 294
465 52
409 246
184 4
279 251
358 420
470 468
198 369
97 207
36 407
83 401
268 354
499 218
112 38
313 379
261 54
384 62
237 442
191 152
155 455
49 39
150 353
334 212
346 332
43 278
201 72
395 345
52 500
488 420
394 441
362 122
366 432
41 426
204 195
467 85
392 453
122 476
358 416
286 37
441 243
250 320
185 476
334 301
282 125
322 27
4 392
299 266
97 320
93 3
265 341
426 397
345 162
176 203
76 116
35 4
479 194
289 460
71 233
374 167
469 124
29 160
71 285
137 334
127 153
56 221
410 148
397 4
467 425
368 312
134 86
334 437
333 19
483 166
291 138
409 109
435 98
94 375
422 86
256 312
410 129
5 9
64 187
57 70
86 328
351 277
267 127
449 140
329 299
166 302
206 141
424 422
398 396
68 180
389 225
280 364
310 277
236 135
148 234
68 480
141 399
121 458
314 364
80 444
296 421
175 360
438 377
432 111
184 143
438 433
390 16
76 308
419 432
453 319
403 477
324 214
170 324
342 282
347 210
471 321
463 309
47 148
489 338
489 201
494 396
333 183
81 138
216 155
485 109
320 183
239 372
137 49
136 252
292 394
260 105
41 201
442 329
168 250
376 238
423 424
40 60
378 47
398 486
205 404
4 148
48 372
215 140
405 48
289 402
373 499
374 97
411 34
416 147
116 208
233 197
466 159
392 312
298 416
99 414
417 415
74 339
120 46
317 364
397 418
321 73
50 199
216 450
496 445
22 453
56 12
266 443
390 430
498 254
304 452
493 362
338 318
100 130
208 60
400 148
136 481
221 23
437 38
30 57
172 255
183 166
78 418
439 9
121 112
42 141
49 83
403 434
226 145
440 320
75 350
53 266
500 78
320 38
145 129
38 268
254 311
286 172
47 172
342 270
381 444
129 374
404 145
217 310
428 489
317 242
351 315
393 381
163 417
361 294
174 345
177 301
25 168
216 364
384 400
255 276
145 253
423 90
431 9
407 225
137 457
481 218
29 45
304 478
246 209
152 249
265 466
230 481
17 33
280 460
149 34
202 337
46 170
357 119
298 43
377 21
154 62
382 488
14 415
448 193
229 2
43 329
132 446
162 283
338 481
256 361
482 238
383 102
177 169
408 359
353 7
297 118
13 344
369 245
350 231
275 309
215 478
101 291
143 295
413 203
402 166
224 169
68 5
66 393
298 326
381 132
361 479
205 245
480 190
39 202
440 237
315 126
215 281
414 492
275 235
183 36
472 371
239 117
443 55
21 483
49 404
481 20
297 216
65 88
64 373
484 276
155 96
267 347
251 106
267 101
93 137
325 407
39 60
307 56
290 361
498 327
344 369
214 207
376 314
120 51
156 271
425 297
274 231
226 418
447 453
248 45
410 399
190 81
495 433
376 472
464 51
246 308
220 4
143 309
64 326
158 129
488 239
294 68
215 358
439 183
471 114
152 223
166 479
137 393
375 68
39 476
281 201
117 82
324 173
221 433
125 76
402 199
75 253
223 278
367 124
299 371
123 444
435 74
84 396
104 253
294 380
127 342
21 348
93 342
79 67
234 433
213 219
387 149
140 434
281 225
249 421
94 213
421 367
497 416
401 84
349 449
405 449
456 210
185 286
69 180
137 132
214 292
127 375
339 167
450 355
241 334
209 10
299 266
255 63
110 151
232 423
172 158
64 261
100 211
412 39
401 460
336 487
89 438
95 462
136 63
83 43
199 466
179 129
341 442
384 159
131 337
302 400
237 298
498 171
309 340
467 420
183 20
142 368
468 325
455 163
490 178
419 271
53 19
144 258
421 321
255 379
336 232
157 445
132 162
420 26
220 470
283 200
87 67
303 16
256 280
148 266
134 83
143 78
33 249
341 184
436 376
164 356
320 488
306 25
339 404
80 404
329 349
355 328
419 403
141 275
482 391
440 380
317 92
479 320
177 492
78 46
181 45
300 323
252 2
123 455
53 233
388 441
473 127
437 489
349 33
101 141
350 132
148 70
378 450
304 275
409 128
209 343
117 197
24 203
473 388
324 279
189 121
84 360
158 139
146 352
99 207
126 378
73 260
291 235
267 88
389 127
457 200
330 151
461 294
348 361
231 426
483 73
438 95
33 175
458 454
275 128
401 430
345 348
291 397
376 65
274 444
43 83
248 112
334 85
44 418
438 18
118 478
103 33
338 478
244 107
173 171
153 464
355 89
90 332
399 7
14 61
201 217
378 295
186 122
372 273
476 344
438 477
439 190
15 35
408 71
389 435
48 444
399 175
392 420
323 236
209 395
16 302
66 213
232 109
152 265
119 48
301 474
162 221
279 251
19 37
269 170
84 187
76 333
426 156
316 215
411 83
319 492
464 140
364 124
239 220
451 433
175 490
467 456
249 495
77 214
115 237
413 167
110 333
500 396
56 487
424 386
367 161
178 182
78 292
247 94
216 125
492 457
69 88
254 155
215 304
408 154
94 267
40 102
50 37
146 405
401 296
397 455
482 6
202 312
254 96
218 105
170 204
390 356
484 490
37 91
314 416
400 331
477 202
192 29
71 72
268 89
92 168
76 310
28 41
441 183
25 388
185 374
102 216
423 328
260 30
260 442
207 197
428 26
479 364
22 184
194 3
408 19
156 216
486 216
352 62
106 24
21 334
219 400
29 45
186 53
364 473
483 261
480 49
433 189
358 140
131 19
370 190
414 367
393 302
261 117
26 270
25 62
79 74
197 117
198 123
97 323
5 154
314 480
128 373
385 5
159 481
