30 332 30
4732 2215 20
3566 403 22
435 3218 8
66 4545 19
1657 4061 5
2998 14 25
2486 1 24
1962 4784 28
2079 2188 28
2940 2334 22
3875 1005 11
3772 3981 25
4725 1044 1
2048 2180 14
1317 994 23
3596 533 17
1721 3423 5
4410 2521 9
2593 192 6
2886 3109 6
527 4443 19
3800 96 30
3336 4390 3
3639 2966 16
418 320 24
249 3535 29
4931 3303 19
76 4936 25
4391 4525 3
815 2779 11
4553 1584
4371 1608
3069 2954
1110 2124
1287 2
2789 2559
4981 2745
1735 3509
483 1887
3777 4142
1207 818
211 360
951 2104
3583 2278
167 3350
3098 206
2879 801
2089 2894
1513 747
4689 192
4558 4183
4020 1991
315 1123
1923 980
4653 4639
1818 4946
1857 4732
3556 824
1708 1670
3278 2275
2470 4923
2507 3978
2209 3081
861 1117
4855 3089
620 3254
353 4313
26 510
692 2314
1684 3837
458 4654
2331 2571
1824 939
624 244
3477 1085
747 3095
3714 399
1761 1439
4395 3113
2633 2203
435 3282
4631 2848
1861 4269
3520 4100
2307 938
2640 462
3323 4191
34 3805
2662 749
3313 4196
4213 2495
2511 4575
1979 2166
4477 3971
1482 4656
4065 3439
985 2018
4177 3524
4567 2618
4092 765
2324 1186
2686 1319
2544 1620
701 4520
1786 4008
2994 915
576 1132
86 3544
4771 1845
2089 1088
4159 369
4484 3672
670 3600
853 1365
55 3126
3 1422
878 1967
828 4645
1073 1235
2174 220
1346 530
4428 4274
3663 2351
4691 1183
2143 2014
272 4091
3520 4074
1320 2258
4151 988
2837 3640
3328 852
4976 2918
2687 1277
1373 3406
1988 1252
2524 1737
2606 4243
4731 3508
3397 1263
1889 353
4831 1086
564 994
3082 3531
2653 1212
2422 1305
1008 2474
343 592
1725 115
1461 2318
290 2493
4548 2712
1533 4104
2922 4806
2018 2990
501 2967
1598 1894
1045 4659
332 3622
4003 1064
186 50
1404 232
1661 1438
4500 678
3868 1911
2558 3034
4692 1177
3873 1875
2250 4494
230 1940
3339 3581
4211 1865
4482 603
4723 4754
4862 1614
728 3857
1439 2441
4691 973
100 1758
4270 2497
1169 340
989 2096
18 2733
3282 2327
2838 1027
4242 430
895 2799
358 45
4414 1718
2880 1393
27 1061
3233 1934
2899 4717
901 1164
1904 2999
3192 3370
362 4851
4890 1887
2761 2498
2340 4001
2957 1532
245 1929
4445 3451
253 4244
3385 3377
4623 1727
3262 242
1295 4588
4935 4832
275 3034
2485 1498
3203 4740
4985 546
1222 3498
1909 4123
4302 582
2785 341
4637 2058
4882 4398
4496 4379
807 2968
3781 3491
2467 1648
1225 169
1225 4004
205 3384
4100 281
3965 1191
2327 2126
2454 4922
3341 1123
3056 1601
3876 2142
319 4635
1674 4638
4139 3505
2919 4601
1683 1312
595 2904
2161 4950
72 4940
773 394
1977 3985
1006 3515
4984 299
1387 2522
2416 2568
1441 3631
3530 1103
3878 126
876 4057
1975 2146
3722 2355
3586 1596
4459 3053
1196 3485
2816 2053
2236 3328
438 703
4019 2679
3340 2314
974 4262
3410 3355
1827 4030
44 4212
167 3729
3271 3493
1391 4391
4994 127
622 944
1933 371
183 4189
2596 1399
2701 788
2055 1207
807 3139
3089 3348
2252 4163
4686 1699
991 1074
1904 2312
2701 4915
3286 1563
1360 915
1950 82
3759 4472
4560 2571
343 623
1636 546
1188 1977
2848 2938
430 3295
3348 916
3561 2575
3380 2334
943 4682
3826 4072
4421 2100
108 2565
4534 805
478 4843
5 1839
253 3286
382 4948
3703 2907
622 1268
3026 4090
3887 3458
1386 4721
950 2484
3946 324
446 1857
1601 508
4514 3911
4399 4744
1883 4717
1710 1479
850 4553
1731 2678
507 2149
2106 137
4043 3748
258 3514
525 1428
1788 4066
2194 2606
1420 1523
4784 179
3086 440
323 70
1438 1903
4504 4449
4397 4915
4256 4438
4963 2053
2474 2610
4593 2254
2411 2069
1257 1535
2660 3368
1405 4570
3121 2902
1788 2457
3027 4776
3658 4942
1974 4365
2824 4314
4800 3080
1487 2524
1828 3689
1938 3983
2120 3697
118 2018
2964 3013
4795 2598
2457 4620
1553 293
1244 3919
4776 4848
1242 3597
708 4218
3594 4110
3170 4076
