20 285 30
4896 2164 23
2156 3403 12
3657 387 30
4366 2227 23
3757 2919 6
3182 4695 2
2615 3855 7
1452 1521 13
1693 1967 2
3436 3230 6
678 2984 7
4743 3349 17
2271 1442 13
199 3688 27
3035 2198 24
3696 3368 15
1059 700 8
3036 866 19
3458 3747 6
2177 3875 22
3653 4724
3196 2479
2738 1824
1307 356
1954 3021
4193 3530
112 4473
3639 728
3173 4317
2105 1507
2390 435
575 4271
677 1785
1801 4117
4634 4961
34 1398
1371 3016
4254 1480
2335 4518
4948 2048
3905 3272
1195 4736
3721 157
2965 4793
1811 1422
4309 1738
3299 2723
3620 3423
1359 1329
4843 1222
1921 632
2932 1822
1161 4099
1986 95
1148 4741
1887 4344
4028 4620
4260 688
2641 336
1555 4879
1673 792
2440 28
1813 2179
590 727
3546 3058
3612 2383
3871 2456
2601 3597
66 4465
446 3672
4193 1977
3408 2961
1793 4768
3644 3557
2761 3339
1058 4981
4663 351
3413 831
1778 4631
4455 985
1448 1270
2019 3094
3633 1774
4206 3986
618 4009
3310 526
4674 331
1258 1129
1820 3157
4293 2828
442 1282
1049 2064
889 3919
258 315
3864 3492
178 283
4042 213
1511 4984
3959 1726
1432 452
2277 2426
3770 4094
4095 976
3774 2261
4094 4812
11 216
2968 4077
2436 203
1733 2461
1888 3446
1322 2206
4552 4593
1821 2398
973 4923
2910 4254
3800 1051
3434 22
1506 2718
1040 4749
2934 2100
1554 979
814 1982
2022 161
890 4364
3000 1186
2299 4275
4160 2271
223 3152
3086 326
137 312
3937 2422
3629 1990
4540 4632
2272 2642
2469 3817
500 740
2628 859
3389 4345
4508 4647
4798 3493
1030 3917
2784 466
2713 3760
2012 3761
3389 2331
1671 3559
3723 3309
523 4796
2078 4035
1984 3246
4075 4758
3072 3190
237 1108
3266 3525
1670 3205
307 944
4434 3826
796 3126
712 4447
1764 1671
1388 3155
402 3663
1166 831
4989 1378
2802 3447
1895 2389
2689 2511
698 4111
1403 835
3801 3806
378 506
1666 4350
4197 3479
3594 187
2903 1219
4145 3830
3728 3331
1637 4326
3584 4487
2915 2347
49 1194
3621 4298
3399 2841
1337 1449
2926 1056
4934 3561
4487 4015
4680 4463
2581 2482
2038 699
704 1538
2123 2100
2704 265
640 3928
4409 2193
4681 2742
787 4599
1138 3235
4165 2436
1979 2541
3102 3337
197 4806
3650 1515
2205 3734
3434 1250
622 4272
640 1001
3077 3951
1675 597
3535 604
142 2771
4137 4630
978 3738
1147 3957
142 612
1495 2396
1594 2510
3048 2430
1159 4991
3553 3539
1028 1772
2569 2826
721 4540
543 450
3864 1959
2724 3687
893 3355
4075 259
2373 4208
1505 1202
2940 113
1122 2848
3331 2017
4365 4823
3584 4506
2777 4599
2146 4252
1729 4099
1671 3064
1525 3491
1398 4975
3931 3062
138 4118
3970 482
1199 1602
860 3254
3181 363
4608 4181
212 2591
3851 1790
4446 2301
700 4187
3838 2978
3195 1657
2281 3513
4798 3293
4233 1483
3480 4989
327 3250
366 4426
3843 915
4638 3493
518 2527
2678 1744
2160 1991
1704 4078
4741 1732
4732 4356
2404 708
1927 2
552 3750
1303 2566
2799 637
3315 4307
4082 330
4778 4445
2404 2031
1259 2976
128 2053
2923 1512
1136 4134
3031 4003
2605 1692
2358 2117
1531 4170
290 637
1525 2709
2432 3533
1470 4511
3608 2952
479 3755
4488 735
1750 995
1351 4474
2462 4257
3761 4762
2349 3793
529 1684
3815 1662
1492 1633
417 459
664 613
1850 2050
3087 3210
2025 448
