110 1106 30
4732 2215 20
3566 403 22
435 3218 8
66 4545 19
1657 4061 5
2998 14 25
2486 1 24
1962 4784 28
2079 2188 28
2940 2334 22
3875 1005 11
3772 3981 25
4725 1044 1
2048 2180 14
1317 994 23
3596 533 17
1721 3423 5
4410 2521 9
2593 192 6
2886 3109 6
527 4443 19
3800 96 30
3336 4390 3
3639 2966 16
418 320 24
249 3535 29
4931 3303 19
76 4936 25
4391 4525 3
815 2779 11
4553 1584 1
1608 3069 14
1110 2124 27
2 2789 9
4981 2745 5
3509 483 17
3777 4142 7
818 211 10
951 2104 3
2278 167 20
3098 206 29
801 2089 24
1513 747 29
192 4558 13
4020 1991 15
1123 1923 30
4653 4639 18
4946 1857 2
3556 824 18
1670 3278 15
2470 4923 17
3978 2209 1
861 1117 15
3089 620 24
353 4313 6
510 692 4
1684 3837 18
4654 2331 21
1824 939 4
244 3477 25
747 3095 24
399 1761 19
4395 3113 23
2203 435 12
4631 2848 1
4269 3520 20
2307 938 30
462 3323 21
34 3805 2
749 3313 6
4213 2495 21
4575 1979 6
4477 3971 2
4656 4065 29
985 2018 17
3524 4567 18
4092 765 4
1186 2686 19
2544 1620 11
4520 1786 18
2994 915 16
1132 86 24
4771 1845 19
1088 4159 29
4484 3672 10
3600 853 25
55 3126 23
1422 878 17
828 4645 3
1235 2174 10
1346 530 8
4274 3663 1
4691 1183 3
2014 272 11
3520 4074 20
2258 4151 18
2837 3640 8
852 4976 18
2687 1277 23
3406 1988 12
2524 1737 16
4243 4731 8
3397 1263 19
353 4831 16
564 994 2
3531 2653 22
2422 1305 8
2474 343 2
1725 115 1
2318 290 23
4548 2712
1533 4104
2922 4806
2018 2990
501 2967
1598 1894
1045 4659
332 3622
4003 1064
186 50
1404 232
1661 1438
4500 678
3868 1911
2558 3034
4692 1177
3873 1875
2250 4494
230 1940
3339 3581
4211 1865
4482 603
4723 4754
4862 1614
728 3857
1439 2441
4691 973
100 1758
4270 2497
1169 340
989 2096
18 2733
3282 2327
2838 1027
4242 430
895 2799
358 45
4414 1718
2880 1393
27 1061
3233 1934
2899 4717
901 1164
1904 2999
3192 3370
362 4851
4890 1887
2761 2498
2340 4001
2957 1532
245 1929
4445 3451
253 4244
3385 3377
4623 1727
3262 242
1295 4588
4935 4832
275 3034
2485 1498
3203 4740
4985 546
1222 3498
1909 4123
4302 582
2785 341
4637 2058
4882 4398
4496 4379
807 2968
3781 3491
2467 1648
1225 169
1225 4004
205 3384
4100 281
3965 1191
2327 2126
2454 4922
3341 1123
3056 1601
3876 2142
319 4635
1674 4638
4139 3505
2919 4601
1683 1312
595 2904
2161 4950
72 4940
773 394
1977 3985
1006 3515
4984 299
1387 2522
2416 2568
1441 3631
3530 1103
3878 126
876 4057
1975 2146
3722 2355
3586 1596
4459 3053
1196 3485
2816 2053
2236 3328
438 703
4019 2679
3340 2314
974 4262
3410 3355
1827 4030
44 4212
167 3729
3271 3493
1391 4391
4994 127
622 944
1933 371
183 4189
2596 1399
2701 788
2055 1207
807 3139
3089 3348
2252 4163
4686 1699
991 1074
1904 2312
2701 4915
3286 1563
1360 915
1950 82
3759 4472
4560 2571
343 623
1636 546
1188 1977
2848 2938
430 3295
3348 916
3561 2575
3380 2334
943 4682
3826 4072
4421 2100
108 2565
4534 805
478 4843
5 1839
253 3286
382 4948
3703 2907
622 1268
3026 4090
3887 3458
1386 4721
950 2484
3946 324
446 1857
1601 508
4514 3911
4399 4744
1883 4717
1710 1479
850 4553
1731 2678
507 2149
2106 137
4043 3748
258 3514
525 1428
1788 4066
2194 2606
1420 1523
4784 179
3086 440
323 70
1438 1903
4504 4449
4397 4915
4256 4438
4963 2053
2474 2610
4593 2254
2411 2069
1257 1535
2660 3368
1405 4570
3121 2902
1788 2457
3027 4776
3658 4942
1974 4365
2824 4314
4800 3080
1487 2524
1828 3689
1938 3983
2120 3697
118 2018
2964 3013
4795 2598
2457 4620
1553 293
1244 3919
4776 4848
1242 3597
708 4218
3594 4110
3170 4076
4968 1476
2735 4059
826 740
3997 97
3102 3744
797 1340
1549 2485
4805 654
473 1298
2987 1706
2797 392
2966 1305
4387 4227
2195 1359
3585 415
4067 408
1410 3335
4701 1177
3593 2477
3674 3475
3544 998
1039 2001
3161 2956
5000 3254
193 3853
2805 4260
1834 84
4671 218
2496 3412
569 4695
933 1588
1144 58
366 219
1294 2378
1497 1328
3571 2823
3077 151
402 657
1950 668
2350 1612
4243 1009
2211 36
2621 3350
3463 3637
1819 1304
4687 817
3458 4894
758 2687
2137 536
2779 1990
1224 204
2315 3577
3756 2886
3821 1529
2635 1811
831 1132
4133 4005
214 4668
2907 4933
186 652
791 3153
1188 1385
3618 223
2552 1452
3469 3181
358 4605
417 2756
445 3314
1204 3705
812 4140
3907 2566
2137 3742
2653 106
2142 3439
245 4630
2481 304
3132 4620
228 4325
2325 3898
986 3667
3478 1929
1980 4528
4762 4633
4663 599
4426 2016
32 2946
1411 3615
3188 2745
4672 527
3729 1021
98 4492
1479 1294
4897 3959
671 843
1498 4659
4776 2970
6 1573
2108 4588
828 415
3762 3754
4578 796
4685 1390
3147 3468
452 3339
3958 4673
597 631
4218 2448
2711 2975
1643 1
2574 2685
4873 2952
1122 2203
4126 4265
1258 4202
39 1691
1555 2235
49 3625
639 1355
2087 4528
1114 3376
2065 609
1413 4716
3476 2126
3068 4398
2847 3363
195 4818
3763 694
4817 4770
2721 4917
4447 3737
468 4342
3578 1610
1872 3046
1450 481
416 895
3015 4982
2730 1544
4189 1651
472 1674
392 4255
3345 2908
825 2977
53 3966
4723 2062
3234 2134
1039 384
1535 4708
3754 410
1201 4611
195 2654
3864 3102
3060 634
3734 1149
3334 2165
3563 4982
1480 1708
969 4910
1945 122
3786 3111
4159 223
1884 2450
1194 631
3167 2071
848 3652
3040 3843
3771 1168
1132 2304
3353 4505
3650 1734
3753 1442
887 2917
3953 4996
1523 210
4227 4883
4296 1822
691 1559
157 2918
2676 376
3270 1943
4606 1896
3768 57
1177 2366
4197 4466
3611 3432
3924 4278
3302 4119
3233 518
4274 338
2927 4237
743 2124
3004 1519
538 3441
4666 1024
3295 4333
2210 2701
3227 3307
4808 919
1797 1522
566 1448
3409 3579
1357 1446
1994 414
3142 2407
1230 379
2327 414
4312 1417
847 2448
4442 3963
3094 3227
3677 58
3335 2124
662 4133
602 4587
4777 1442
2946 870
2334 3066
4076 3138
3543 3878
4736 1651
3539 3372
3687 1228
3830 1702
2072 4004
4403 4838
1065 1105
1113 4399
1407 685
2935 4555
4228 2251
4321 4531
428 2692
3205 3286
2492 3433
4368 1788
1551 74
1556 1920
1302 2556
660 3308
4901 587
3694 3980
2164 504
3428 1557
1754 2994
1322 681
561 502
3303 2509
2907 2302
3130 2003
233 4187
1808 2039
102 2791
762 1534
2547 2072
3922 1211
3424 3127
2450 2464
3580 4828
3365 3574
3524 454
4483 2322
1213 3637
291 3596
4744 2546
1314 2782
4792 1523
1613 151
1319 242
259 579
2783 3670
3840 1845
4235 4583
3881 2561
411 2641
2796 3606
4378 4085
1752 13
4317 4449
1004 3326
505 3321
3528 2509
4223 3837
1337 3477
4062 3792
4221 949
3334 3846
3329 3888
3107 3254
4255 3267
57 1171
3466 1755
334 301
1009 835
4194 2425
4685 3852
2474 1629
3089 4079
2114 481
951 1334
2488 1586
4835 2696
2987 107
1333 639
233 2185
2576 2567
1080 1796
3384 4975
1492 2819
4217 4351
4093 984
4846 2164
4551 2918
1073 2434
3929 2992
3873 1295
4131 1507
4055 3052
3700 1054
2067 2821
26 4530
3946 1005
1544 878
1387 1207
4280 1395
2934 2259
3723 3605
4525 4108
744 2822
4674 4940
3120 1649
2388 1024
2928 3440
4716 1907
1988 2102
4406 4159
4166 2462
2533 1795
636 3426
4689 3980
4040 3272
4039 2735
2196 3322
1407 784
4462 3482
3135 4151
6 3502
3749 2987
3079 4043
3258 4657
4287 3634
28 2406
3087 1909
3999 2808
2806 4513
3389 1654
458 3832
1075 2398
656 4590
2422 2583
2790 3136
3472 1519
4570 153
2895 4962
4511 63
376 2106
3900 4894
818 2414
3599 139
4870 1780
4196 2875
2272 2228
4184 4015
1133 4646
3419 1037
1975 2180
814 4920
1214 4236
1790 1970
1633 735
3130 876
4170 3413
604 4403
85 1498
522 570
909 2523
1343 3602
1060 3788
4034 3608
2477 316
1898 1690
2602 2795
1141 1053
682 2105
2599 1147
4312 2705
2363 2010
3288 4189
3367 4503
1560 3877
2071 46
2853 1297
2742 960
3362 3619
3091 4614
201 4667
660 3381
808 4803
4455 4404
1187 3732
965 4647
4046 2796
821 122
234 2943
1206 461
2125 4566
809 1347
3092 26
1048 4135
1709 2821
2490 3972
851 1558
4705 1814
600 4130
2269 2907
1341 4008
1636 4132
3740 185
4157 3433
2839 1742
1884 3564
3859 4169
2629 4373
3952 4061
1844 3282
2399 601
901 4983
2341 1659
4168 1423
1285 2222
3325 305
4542 1677
87 3130
302 4934
3345 3710
3218 1547
4579 1699
757 3983
3267 4905
276 999
4292 4037
4233 1715
2435 3309
667 174
2334 3653
3137 188
611 3555
3833 55
3641 4893
3675 4152
2934 1079
2522 432
3258 3817
4042 4434
3368 2849
2010 4876
2007 1731
3226 2656
235 3236
655 1839
2522 1011
2902 605
4187 2866
2242 2442
3873 3745
4909 861
684 852
1146 3520
4712 787
3569 2862
2760 1648
4314 995
2425 2030
1531 386
818 98
3923 379
4415 3950
3703 4950
856 4131
3698 374
367 4768
102 1346
1810 370
49 4730
4882 4867
3875 3696
4466 967
3565 1827
280 280
1208 1255
3371 1954
3454 1072
1434 419
3013 3919
991 2086
2641 95
3390 4324
3368 125
112 3668
3848 3613
3251 1762
2087 2632
2447 4746
2065 285
2682 3677
117 1638
4566 588
4356 957
3214 4604
1650 864
3626 4395
3869 411
191 1065
3028 2096
2400 1437
902 3856
2987 1554
292 4461
219 2576
3106 3106
3476 979
4809 2061
2513 2094
2841 3144
4915 3937
307 1385
3589 3430
2735 3655
4254 1912
4843 222
2153 3798
169 3429
3738 4279
1045 4089
4148 3613
1087 3311
1471 2658
3407 4843
2153 1108
2612 2200
4382 1930
4731 1387
2711 2305
273 3262
4877 3852
2451 73
4077 2202
52 1003
1106 2536
2344 4977
1729 1149
2630 2698
1992 4165
2557 783
4082 4353
2371 2002
307 3269
1597 2091
1115 1615
2394 1088
3048 28
4745 3880
32 3540
4091 334
645 72
4036 682
857 4877
1454 2001
1622 265
2599 2832
2535 4626
2410 736
1196 2808
3251 2543
1721 2394
2544 354
1244 981
4797 2331
3940 331
19 4666
3475 533
700 3746
2982 1994
395 4931
4911 1139
4794 2065
847 2234
116 3740
3026 3804
4253 610
1086 332
2554 4576
2692 43
2654 558
4913 555
4003 614
2701 1222
1713 4784
2672 1593
693 977
2411 3868
1020 4747
3200 4672
4525 4357
2832 3761
3752 4476
1346 6
2783 2035
1580 3233
3578 1788
2526 4802
2681 4878
4582 4725
959 3000
3879 130
3657 4825
4440 1235
2327 1182
3773 2817
1262 2014
2881 3265
3358 2496
3170 124
2525 2315
1016 2132
526 726
189 1707
4510 4631
1157 4080
1133 4424
2714 295
339 199
3010 2798
3152 3359
2132 1367
3674 3663
4612 2777
2850 1934
1779 423
1038 985
1308 4145
1124 340
3448 1096
2510 1686
2982 3930
3474 1031
3530 4864
2947 3412
3957 1738
1272 4530
452 2167
859 3515
4455 1836
852 2254
1206 3795
4899 600
2372 741
1097 2664
4111 2531
2496 3280
1194 375
2590 2665
4505 873
4259 2203
1782 152
2461 2973
2251 1227
659 188
1760 3413
1236 3965
334 3291
181 786
3403 678
4716 2490
251 2040
2413 4813
144 1641
4551 2001
609 2647
1797 3185
2592 2007
3969 2523
947 4289
2115 1415
4188 952
3605 2091
2568 1103
592 3163
540 2405
2996 1844
4218 2285
458 700
3436 1303
4048 1807
882 4244
1599 3166
4645 1924
4155 483
2394 1338
2179 474
3576 2639
4630 1100
977 481
2508 394
3533 1585
3685 3607
2706 4889
1484 1179
1541 956
1456 3364
2301 845
3679 2830
414 3706
1049 2096
4714 4845
3806 3098
4630 4862
2166 1900
635 2337
2627 4485
3462 3522
4601 1692
4095 4437
2437 2746
1664 251
121 4883
3061 975
3626 4136
4410 4725
4630 960
1214 4972
99 2637
3143 4401
2496 261
1184 2603
868 3923
4748 783
2149 2096
2692 4550
3833 2884
2633 1157
1032 2463
4907 3980
4768 240
940 879
4496 1068
2501 3547
1179 4476
1540 2298
2931 3768
2412 2802
616 2459
165 1628
4973 234
1027 875
3252 3700
1883 826
3418 2143
4211 4080
739 794
2137 4067
3448 4235
4958 88
4204 1839
909 459
53 2730
4157 2770
3201 2047
1355 2323
177 2547
3496 4346
2594 2037
3183 4023
873 4194
788 1813
2738 4537
803 4850
4036 646
794 4657
4415 783
4604 2970
379 3799
3296 3724
4082 3198
1654 2133
4481 3834
2398 2051
4889 561
3903 3064
3961 2728
2060 2834
3275 1967
1276 2472
1509 2291
220 884
1967 2032
3237 4730
76 1832
1226 625
4686 2146
1243 372
3855 1214
3614 2842
2279 770
2846 1608
3020 2701
3005 552
3420 4569
1619 372
4917 2272
4642 1566
3189 4588
2564 31
2508 3093
4145 284
828 2887
3027 410
4488 3400
4980 211
225 2859
1932 487
1100 835
4467 1960
3917 1549
3979 1578
1557 1972
4546 2642
3528 1615
1028 3992
1302 1439
1237 295
2117 4109
2628 4318
4190 1147
1087 3977
4495 4995
1326 2749
4669 3647
4320 822
4135 1155
3622 720
3074 2633
4090 1721
3499 4973
3101 3898
152 931
4967 4846
4541 467
82 2516
2851 1820
2019 2020
3091 4005
2561 4513
1742 3391
910 1900
1050 4387
546 4170
3267 2016
2731 4968
1686 4339
3666 390
1019 3905
2193 2608
1694 3059
4873 2593
325 4561
2126 2411
2963 1301
2252 420
1566 3997
531 2777
491 1160
401 475
1242 1727
2005 3711
1910 3901
3879 4410
45 876
2138 4629
1998 4397
1711 4075
3940 2668
4178 3497
4452 4375
1556 2728
4736 3483
