100 1392 30
4896 2164 23
2156 3403 12
3657 387 30
4366 2227 23
3757 2919 6
3182 4695 2
2615 3855 7
1452 1521 13
1693 1967 2
3436 3230 6
678 2984 7
4743 3349 17
2271 1442 13
199 3688 27
3035 2198 24
3696 3368 15
1059 700 8
3036 866 19
3458 3747 6
2177 3875 22
3653 4724 6
2479 2738 14
1307 356 4
3021 4193 20
112 4473 19
728 3173 7
2105 1507 20
435 575 11
677 1785 11
4117 4634 1
34 1398 1
3016 4254 30
2335 4518 18
2048 3905 22
1195 4736 1
157 2965 23
1811 1422 29
1738 3299 3
3620 3423 29
1329 4843 12
1921 632 12
1822 1161 9
1986 95 8
4741 1887 24
4028 4620 10
688 2641 16
1555 4879 13
792 2440 28
1813 2179 10
727 3546 8
3612 2383 1
2456 2601 27
66 4465 16
3672 4193 27
3408 2961 13
4768 3644 7
2761 3339 28
4981 4663 11
3413 831 28
4631 4455 5
1448 1270 29
3094 3633 24
4206 3986 8
4009 3310 26
4674 331 18
1129 1820 17
4293 2828 2
1282 1049 14
889 3919 28
315 3864 2
178 283 12
213 1511 24
3959 1726 2
452 2277 6
3770 4094 15
976 3774 1
4094 4812 21
216 2968 7
2436 203 23
2461 1888 6
1322 2206 12
4593 1821 18
973 4923 10
4254 3800 1
3434 22 16
2718 1040 9
2934 2100 14
979 814 2
2022 161 30
4364 3000 16
2299 4275 10
2271 223 12
3086 326 17
312 3937 2
3629 1990 10
4632 2272 2
2469 3817 20
740 2628 9
3389 4345 18
4647 4798 13
1030 3917
2784 466
2713 3760
2012 3761
3389 2331
1671 3559
3723 3309
523 4796
2078 4035
1984 3246
4075 4758
3072 3190
237 1108
3266 3525
1670 3205
307 944
4434 3826
796 3126
712 4447
1764 1671
1388 3155
402 3663
1166 831
4989 1378
2802 3447
1895 2389
2689 2511
698 4111
1403 835
3801 3806
378 506
1666 4350
4197 3479
3594 187
2903 1219
4145 3830
3728 3331
1637 4326
3584 4487
2915 2347
49 1194
3621 4298
3399 2841
1337 1449
2926 1056
4934 3561
4487 4015
4680 4463
2581 2482
2038 699
704 1538
2123 2100
2704 265
640 3928
4409 2193
4681 2742
787 4599
1138 3235
4165 2436
1979 2541
3102 3337
197 4806
3650 1515
2205 3734
3434 1250
622 4272
640 1001
3077 3951
1675 597
3535 604
142 2771
4137 4630
978 3738
1147 3957
142 612
1495 2396
1594 2510
3048 2430
1159 4991
3553 3539
1028 1772
2569 2826
721 4540
543 450
3864 1959
2724 3687
893 3355
4075 259
2373 4208
1505 1202
2940 113
1122 2848
3331 2017
4365 4823
3584 4506
2777 4599
2146 4252
1729 4099
1671 3064
1525 3491
1398 4975
3931 3062
138 4118
3970 482
1199 1602
860 3254
3181 363
4608 4181
212 2591
3851 1790
4446 2301
700 4187
3838 2978
3195 1657
2281 3513
4798 3293
4233 1483
3480 4989
327 3250
366 4426
3843 915
4638 3493
518 2527
2678 1744
2160 1991
1704 4078
4741 1732
4732 4356
2404 708
1927 2
552 3750
1303 2566
2799 637
3315 4307
4082 330
4778 4445
2404 2031
1259 2976
128 2053
2923 1512
1136 4134
3031 4003
2605 1692
2358 2117
1531 4170
290 637
1525 2709
2432 3533
1470 4511
3608 2952
479 3755
4488 735
1750 995
1351 4474
2462 4257
3761 4762
2349 3793
529 1684
3815 1662
1492 1633
417 459
664 613
1850 2050
3087 3210
2025 448
828 1918
2417 552
693 2926
2056 1736
757 105
1742 2111
1744 137
915 4308
2181 2050
4393 1313
3175 4358
3537 3776
208 1371
2812 2813
1579 2965
528 3185
3668 2847
4200 2583
3468 2512
1011 3213
353 2490
50 4902
4738 3256
4738 2401
4809 3053
2351 4624
3811 819
1026 1
2341 991
4286 1137
4875 2560
878 2336
2495 4776
3589 547
39 877
3874 1725
1805 2857
1954 1800
858 2437
2249 3418
1162 492
2597 1719
1792 2577
303 2066
3492 1731
981 401
3575 1924
357 2272
3025 4741
4586 2337
1583 1134
2327 1861
470 1910
2697 2743
888 3352
3554 2261
4674 4872
4672 1332
2584 1435
571 122
4950 4652
1493 2798
3825 4985
968 2530
2270 124
2774 3395
808 3857
4378 3001
4096 961
120 3192
3753 768
3812 1401
1462 746
1918 3606
2938 1821
4095 326
2808 2789
2736 1944
1130 1080
3706 2657
3010 3349
4623 3494
2807 4122
1851 3871
1287 4904
4387 4032
1612 263
4313 1498
4637 2665
904 4663
3106 2586
450 1890
588 165
2151 3638
3379 4563
4395 4815
4666 3045
869 3976
4689 3637
4131 2213
1805 2899
4103 3697
1542 3321
825 200
4225 3394
557 4560
1767 949
1558 2306
2816 4090
201 796
1966 1694
3727 982
4384 4817
1147 3977
1333 3555
133 2226
2759 4153
3581 2253
299 4727
56 2547
3752 3513
424 1152
4764 480
1687 4456
1914 2336
4728 4488
182 2526
1149 4458
1726 1793
156 628
3286 1127
4976 3597
1599 3678
1531 2902
2896 3549
3930 463
767 2577
4194 2994
3495 1144
4627 3216
2926 4840
2517 2056
1531 93
3849 4781
2647 4610
559 1820
2233 301
2641 3498
2590 3116
2754 3954
2135 32
3083 4801
1249 4699
1971 3351
2688 4265
1202 4342
3168 4089
4195 3038
3165 3100
2563 1333
3873 3848
2931 2546
2013 4972
3296 243
2231 1640
4460 4887
4421 4049
4349 363
2821 4159
2205 256
3542 3941
2386 1886
768 179
4113 4322
656 1491
3564 1749
2900 1805
2207 3534
3846 586
279 128
1626 566
4064 1898
846 1890
4693 4136
3063 3992
3275 1332
727 1787
4540 3458
1328 971
1540 3167
1690 4862
4442 1612
2891 3109
3294 3370
4395 4340
2139 502
4492 2663
1204 2603
2026 2499
3927 3845
1403 3850
3288 2633
4813 2714
2823 526
3922 3242
2763 1140
3628 890
1047 4350
1407 4988
3185 842
3103 239
1339 589
3627 2590
3399 1748
2566 128
4700 2294
1490 3539
3276 4906
2226 3886
821 4199
3249 2917
138 1732
3678 4182
3437 2422
1011 3349
2650 4314
4247 4203
135 3500
3533 3864
4037 2805
785 1630
907 3331
1323 3845
3770 1185
1017 4362
4697 3935
4611 3632
2644 1084
610 2703
3954 2399
3816 3063
4836 1662
621 3950
444 4718
744 4429
4824 4322
4713 3956
3432 712
4936 3120
840 3448
2194 4070
3583 183
2373 3106
2388 1351
597 4449
1529 2822
1510 3513
1319 1703
4917 1141
4834 500
852 1654
4847 105
3364 3135
3912 400
923 4796
273 4510
3022 1204
4341 3608
1633 2185
3187 4406
3280 3493
1973 3301
3788 2875
3190 3565
843 1399
2143 3866
1783 3166
1701 1818
1338 2320
247 3822
4938 373
838 2259
163 99
3323 3641
3995 3180
1170 1688
605 4949
93 2473
3701 3810
2393 2169
4655 3012
579 2169
3645 3180
1755 215
312 4375
4875 2448
3902 3994
493 2601
1955 4809
4198 4984
3816 2934
3978 1306
328 2401
2256 1524
1076 1434
1907 1543
4620 2989
3277 864
363 4627
3729 2424
2176 1926
67 241
4880 2891
4209 4696
263 3722
3909 2353
4665 2770
3430 3198
288 3480
434 42
1325 1461
199 855
3574 647
1201 2442
1793 670
4920 1834
4570 2229
428 3417
1769 1489
1756 364
1268 775
1359 4014
2432 1560
3809 1499
690 1256
353 4746
2161 3992
1938 1542
2840 2218
3367 2231
3873 1591
2089 1679
1491 4189
3553 4374
1690 1681
2832 193
4493 1182
160 2619
4240 848
1852 1065
1696 3263
1034 2969
3857 372
1472 4348
3362 3906
355 757
3556 910
2457 1038
1358 3151
4727 4411
3086 422
4467 4115
1731 3831
2556 70
3807 4150
1562 530
3587 4895
1383 4808
3288 1555
3638 4142
2479 2600
2835 2082
1022 2270
4291 2264
3109 330
2621 1903
2397 3946
3538 2871
1193 4572
3221 1578
3830 4342
1066 1357
622 2582
4227 3195
1716 4979
1111 4932
3534 547
2021 1063
731 3606
3557 147
4253 372
4680 785
4210 1182
369 1645
182 3093
4753 90
386 2194
1304 4902
4514 881
1711 1971
4774 1691
4155 3352
764 3732
1159 2325
2327 3592
1748 279
211 2101
1781 2188
2954 2052
1258 3613
2088 2102
4125 4015
1040 1101
2170 2847
4722 2245
3502 3531
3394 4489
2627 283
1156 396
4349 3498
1576 1018
780 4138
1580 476
1617 3232
4855 894
3851 3854
1085 2439
1456 852
2836 3157
4859 4863
89 1615
2853 1264
1269 683
269 278
3265 2305
831 3095
1217 985
424 3304
4209 1937
1372 1890
1652 4725
2285 1780
4691 1169
3626 2422
220 1949
1632 1173
4405 4124
3761 4017
4262 4220
1778 4356
1271 2394
461 4791
2680 4914
3193 2740
3248 2329
2159 3958
1175 4588
1478 776
3390 320
1111 636
2085 1114
2395 3255
1210 1816
596 301
280 80
473 4017
1787 1478
3211 126
3237 3297
3994 4885
1512 3083
1375 4101
22 4970
2260 4522
2067 4528
2302 3077
2269 2023
1030 4305
2954 783
592 400
980 3130
1810 150
4094 1829
1803 797
2348 3942
285 1700
330 4323
1938 3636
3152 2306
4239 548
2340 2102
3980 403
1412 2525
4130 2015
3307 3987
1598 3692
4679 4068
1975 741
4661 1363
2581 914
3286 3353
2187 2173
1954 3388
4407 2787
4035 3925
3510 3793
552 3240
2827 2186
3554 1111
262 2904
808 2222
4956 2244
2091 619
1366 569
4857 3320
911 3766
4402 1367
133 3442
652 833
4844 4847
4796 1386
2713 1444
1987 1088
4081 3854
1660 663
1765 4999
3950 2196
1010 4635
3825 665
973 741
4742 4545
1964 3962
2602 2654
2555 1612
1382 1342
1263 4767
917 1507
1666 528
4403 4897
3085 4233
3265 2802
4939 492
4569 685
4667 2403
1468 4731
373 356
3220 173
275 3755
559 563
4184 3254
1592 519
4907 4203
500 2536
964 2806
2970 3416
819 315
2795 465
4998 3831
4858 990
1567 2112
3522 4581
2974 810
92 1903
385 4120
4864 1290
1531 3401
3529 1266
2426 135
3761 4554
749 2964
3886 1220
618 3049
3120 1710
3884 359
3502 362
2990 4774
4068 1407
2346 3709
3542 4081
3871 3711
3742 1071
3769 1964
3569 2480
3083 2714
4647 843
1124 1449
1750 4940
2943 1135
218 2807
4571 3334
4805 4241
4192 62
42 284
4428 1357
380 560
3400 4650
1829 414
3299 4882
2471 1578
85 3925
2472 4615
607 3795
4654 3378
3138 4319
3195 2047
1780 665
830 1144
1909 2963
3799 654
3351 601
4112 2208
3270 3106
219 1082
3038 3996
4044 259
4451 922
950 1102
4261 4262
2583 134
2633 4408
236 2316
763 4727
2400 194
930 4219
2560 1305
2717 396
2732 3191
1988 2776
1722 2502
1435 2987
366 2807
2745 4167
4823 2108
2253 999
4952 3930
2867 1767
3987 4799
283 4353
1520 3768
605 3583
269 4258
2416 1620
386 3643
1808 400
3015 2994
3187 4599
248 1570
1304 4811
2825 1809
1028 280
1096 1038
4518 2386
3124 3574
140 1847
3576 1743
3500 712
4511 3626
4961 3193
3112 2679
3441 128
2993 3864
1945 2574
1748 325
2444 2294
1961 4644
2687 3404
3175 3294
3098 3517
3492 4332
1983 3891
4646 451
4416 2625
4097 4087
1191 3414
1192 954
227 2577
214 2252
1892 3037
300 1623
4480 4389
4316 575
3789 3799
2407 333
352 3261
4978 4940
631 3849
1331 1148
845 514
3095 4495
1370 1239
1030 1140
307 910
1172 4979
20 1113
4948 1756
3156 4674
4393 1917
3648 1950
417 1027
4281 803
2261 3671
2009 3647
2106 2525
1682 270
1804 4489
2377 4429
4214 3008
3005 1650
3496 144
1807 4459
4932 849
3599 4520
2844 459
1775 1136
2421 702
1255 1853
4951 3338
4308 3472
616 4767
1047 4320
1140 505
997 2915
406 499
292 1039
1581 2077
547 1768
3140 448
4951 4935
1226 1332
1348 2188
4939 1740
3649 2324
4823 1561
2019 2272
1129 160
252 128
2574 1199
4279 680
2194 279
3609 2763
3308 4399
340 3944
667 2159
4935 872
265 2369
3207 3936
431 3441
460 2789
382 4360
637 1093
4156 4702
753 1679
1073 15
3723 369
1455 4385
703 4089
125 929
4261 4831
1468 3705
1210 2250
3056 2387
1920 374
145 4211
3852 221
4792 2152
1835 3648
3430 2607
3082 1802
3283 3769
2254 2427
3322 2390
4307 2835
73 718
1180 1252
1073 2914
3073 1823
2843 3517
1129 2081
3903 3011
1334 387
845 3373
3507 2001
1918 4890
2811 2780
8 2016
2030 2405
3088 2133
98 2924
3937 1402
3714 2706
3016 2706
1521 906
4064 1019
870 694
2469 2973
2295 3636
3265 4732
1794 3223
3266 4864
1869 4179
3592 680
2171 499
3609 3171
3698 379
1067 4178
2272 336
4340 4483
1904 4109
3797 2712
4046 542
784 1153
2381 157
2909 847
644 1029
1987 98
3424 20
3332 2883
3423 2138
1834 1011
3516 2552
345 2518
631 221
1191 1747
1061 4173
3314 2628
3946 3477
2254 3336
4866 4320
3880 654
235 3721
4272 2222
1933 299
4379 692
992 2567
3962 4864
1851 1969
2457 2981
4649 4214
4168 2611
4044 4219
453 2450
2075 485
999 298
103 4182
2832 3532
329 659
4238 4784
63 4817
1528 1777
4955 470
1082 1459
4235 2509
3498 1979
1460 2919
2756 4173
4626 2013
1574 235
3804 2806
1763 3763
1980 2866
4452 784
2699 266
112 2663
4276 2017
4037 4360
2679 3165
740 2967
262 26
4143 2064
4109 2990
4089 2501
478 3981
178 3921
4485 4012
1574 4993
4676 2643
4268 1225
2435 4410
1531 4477
1693 3777
4629 2539
512 1285
743 1807
3054 1637
1069 4292
2560 3289
213 2255
3187 2290
2505 3850
4244 1494
1419 4436
4242 2062
4329 234
4195 1763
155 3213
2240 2166
3156 1313
1206 80
2441 4493
2534 3574
3464 3768
291 4935
1043 469
1874 64
1432 790
790 2668
3465 4840
649 317
640 1344
3574 1684
203 4808
4347 837
4135 3054
509 2797
3463 3249
1410 3579
4367 4096
4936 4888
104 908
1713 1340
1426 1623
3427 562
3449 1673
4702 3156
1184 1244
725 4220
2925 1244
2552 1238
3026 1486
4517 2029
4415 3233
3716 1051
3385 2918
3110 143
4466 2228
529 3774
4316 3555
952 4673
1278 646
813 4810
1471 160
2661 3935
4263 2269
4953 2032
2389 4116
4510 2838
2841 8
2450 3884
3114 3297
4348 1392
2673 141
437 2190
3283 2629
4042 2391
4801 26
3850 3575
1711 1721
203 4063
894 181
4386 4472
3478 2430
127 4548
2035 2864
4242 4479
3853 2375
3460 3815
4875 2167
2919 1443
1994 3455
3433 2549
3655 81
1050 2268
267 3880
3030 3647
1966 1828
3419 2587
2874 441
1344 4236
650 94
2074 3716
159 4097
3782 1935
3608 2875
332 1261
567 2891
4597 379
4622 1471
22 2410
2626 506
4997 1191
3185 3574
3869 1908
3571 4424
2771 2676
652 1539
1550 554
2616 2732
4351 2217
4717 3727
2850 425
3529 3543
4311 3100
2410 3851
4365 1568
2980 224
3988 375
3486 2696
830 1703
3018 3831
98 4179
1431 3876
2417 205
2492 1514
411 1643
303 3901
3848 3728
575 3003
2477 1432
1072 3911
1702 1206
4658 3274
2930 4610
532 4979
151 586
3323 637
2112 3255
3690 4253
4953 1209
3501 535
2315 2703
11 1198
2833 2533
1145 1703
77 3194
3702 830
1535 2775
2559 4574
2822 4491
1953 3254
2732 3879
788 3235
2827 2579
4132 4501
1392 1791
1465 2912
1417 4119
490 116
4113 2927
4826 3254
884 1004
3033 2767
4265 987
4784 3970
1541 2312
1034 3757
1888 1918
721 3132
4576 491
4026 785
2650 2179
3028 4053
2102 3637
2342 1105
2774 1858
137 893
4595 788
929 320
2612 3826
3459 2924
1508 4776
1574 2883
4285 1764
1331 3437
3459 487
4237 2983
107 2886
732 1748
2108 4360
2546 1304
2204 874
4470 456
3343 605
4131 2218
1809 3196
904 3940
1416 2616
1536 4225
4251 4027
2181 2087
4980 1845
1613 1132
329 1529
206 4580
3847 2870
4067 4022
3288 1308
1483 4762
2457 2955
2453 4613
4984 4475
381 3155
4044 1955
1962 1308
315 1544
1533 4098
762 3383
1294 1519
1650 2879
3618 1489
1331 521
1123 1667
1630 4458
25 963
4216 1170
2641 2177
1982 2133
2892 527
182 1461
753 1978
3848 2988
3187 1307
4257 4997
3074 47
3909 1207
2370 1574
278 1897
4488 1258
159 3562
3948 2306
1796 2105
3221 4199
4355 2849
271 1634
3972 3216
169 443
182 1961
684 3682
1359 3036
4535 1498
956 3395
3898 3522
1147 3424
2291 4541
2100 3361
673 1216
2307 3494
3930 4495
1599 2795
2919 1739
4312 4557
1089 4393
3839 4347
1286 3128
3866 4319
829 365
2679 3173
1459 3719
338 4450
400 2491
4353 4351
3169 3603
4656 2143
2741 3182
2299 4435
2823 4603
4484 2620
4420 4865
4925 1559
2311 1600
1519 3292
2347 2437
2315 1128
1835 2451
2432 4302
3779 2150
3918 4310
867 3644
2079 1858
2963 2835
3694 2257
1968 784
4821 1734
3026 3954
3805 4942
912 4187
4807 803
8 2822
1522 2044
483 3971
948 3330
442 3014
141 332
4949 2502
456 3835
4359 1845
1027 4317
2201 2778
2867 4523
1359 917
3012 180
492 2495
2407 4654
4866 1742
4766 2272
1396 2296
2887 557
2085 4664
3566 469
1821 404
1615 1065
92 876
1100 2484
3176 4815
4775 938
923 3874
2002 3091
425 3012
1213 4501
3128 1042
661 2892
2827 3457
4243 2925
4670 3050
4045 1013
3201 2821
4055 3512
3887 4192
