50 702 30
4896 2164 23
2156 3403 12
3657 387 30
4366 2227 23
3757 2919 6
3182 4695 2
2615 3855 7
1452 1521 13
1693 1967 2
3436 3230 6
678 2984 7
4743 3349 17
2271 1442 13
199 3688 27
3035 2198 24
3696 3368 15
1059 700 8
3036 866 19
3458 3747 6
2177 3875 22
3653 4724 6
2479 2738 14
1307 356 4
3021 4193 20
112 4473 19
728 3173 7
2105 1507 20
435 575 11
677 1785 11
4117 4634 1
34 1398 1
3016 4254 30
2335 4518 18
2048 3905 22
1195 4736 1
157 2965 23
1811 1422 29
1738 3299 3
3620 3423 29
1329 4843 12
1921 632 12
1822 1161 9
1986 95 8
4741 1887 24
4028 4620 10
688 2641 16
1555 4879 13
792 2440 28
1813 2179 10
727 3546 8
3612 2383
3871 2456
2601 3597
66 4465
446 3672
4193 1977
3408 2961
1793 4768
3644 3557
2761 3339
1058 4981
4663 351
3413 831
1778 4631
4455 985
1448 1270
2019 3094
3633 1774
4206 3986
618 4009
3310 526
4674 331
1258 1129
1820 3157
4293 2828
442 1282
1049 2064
889 3919
258 315
3864 3492
178 283
4042 213
1511 4984
3959 1726
1432 452
2277 2426
3770 4094
4095 976
3774 2261
4094 4812
11 216
2968 4077
2436 203
1733 2461
1888 3446
1322 2206
4552 4593
1821 2398
973 4923
2910 4254
3800 1051
3434 22
1506 2718
1040 4749
2934 2100
1554 979
814 1982
2022 161
890 4364
3000 1186
2299 4275
4160 2271
223 3152
3086 326
137 312
3937 2422
3629 1990
4540 4632
2272 2642
2469 3817
500 740
2628 859
3389 4345
4508 4647
4798 3493
1030 3917
2784 466
2713 3760
2012 3761
3389 2331
1671 3559
3723 3309
523 4796
2078 4035
1984 3246
4075 4758
3072 3190
237 1108
3266 3525
1670 3205
307 944
4434 3826
796 3126
712 4447
1764 1671
1388 3155
402 3663
1166 831
4989 1378
2802 3447
1895 2389
2689 2511
698 4111
1403 835
3801 3806
378 506
1666 4350
4197 3479
3594 187
2903 1219
4145 3830
3728 3331
1637 4326
3584 4487
2915 2347
49 1194
3621 4298
3399 2841
1337 1449
2926 1056
4934 3561
4487 4015
4680 4463
2581 2482
2038 699
704 1538
2123 2100
2704 265
640 3928
4409 2193
4681 2742
787 4599
1138 3235
4165 2436
1979 2541
3102 3337
197 4806
3650 1515
2205 3734
3434 1250
622 4272
640 1001
3077 3951
1675 597
3535 604
142 2771
4137 4630
978 3738
1147 3957
142 612
1495 2396
1594 2510
3048 2430
1159 4991
3553 3539
1028 1772
2569 2826
721 4540
543 450
3864 1959
2724 3687
893 3355
4075 259
2373 4208
1505 1202
2940 113
1122 2848
3331 2017
4365 4823
3584 4506
2777 4599
2146 4252
1729 4099
1671 3064
1525 3491
1398 4975
3931 3062
138 4118
3970 482
1199 1602
860 3254
3181 363
4608 4181
212 2591
3851 1790
4446 2301
700 4187
3838 2978
3195 1657
2281 3513
4798 3293
4233 1483
3480 4989
327 3250
366 4426
3843 915
4638 3493
518 2527
2678 1744
2160 1991
1704 4078
4741 1732
4732 4356
2404 708
1927 2
552 3750
1303 2566
2799 637
3315 4307
4082 330
4778 4445
2404 2031
1259 2976
128 2053
2923 1512
1136 4134
3031 4003
2605 1692
2358 2117
1531 4170
290 637
1525 2709
2432 3533
1470 4511
3608 2952
479 3755
4488 735
1750 995
1351 4474
2462 4257
3761 4762
2349 3793
529 1684
3815 1662
1492 1633
417 459
664 613
1850 2050
3087 3210
2025 448
828 1918
2417 552
693 2926
2056 1736
757 105
1742 2111
1744 137
915 4308
2181 2050
4393 1313
3175 4358
3537 3776
208 1371
2812 2813
1579 2965
528 3185
3668 2847
4200 2583
3468 2512
1011 3213
353 2490
50 4902
4738 3256
4738 2401
4809 3053
2351 4624
3811 819
1026 1
2341 991
4286 1137
4875 2560
878 2336
2495 4776
3589 547
39 877
3874 1725
1805 2857
1954 1800
858 2437
2249 3418
1162 492
2597 1719
1792 2577
303 2066
3492 1731
981 401
3575 1924
357 2272
3025 4741
4586 2337
1583 1134
2327 1861
470 1910
2697 2743
888 3352
3554 2261
4674 4872
4672 1332
2584 1435
571 122
4950 4652
1493 2798
3825 4985
968 2530
2270 124
2774 3395
808 3857
4378 3001
4096 961
120 3192
3753 768
3812 1401
1462 746
1918 3606
2938 1821
4095 326
2808 2789
2736 1944
1130 1080
3706 2657
3010 3349
4623 3494
2807 4122
1851 3871
1287 4904
4387 4032
1612 263
4313 1498
4637 2665
904 4663
3106 2586
450 1890
588 165
2151 3638
3379 4563
4395 4815
4666 3045
869 3976
4689 3637
4131 2213
1805 2899
4103 3697
1542 3321
825 200
4225 3394
557 4560
1767 949
1558 2306
2816 4090
201 796
1966 1694
3727 982
4384 4817
1147 3977
1333 3555
133 2226
2759 4153
3581 2253
299 4727
56 2547
3752 3513
424 1152
4764 480
1687 4456
1914 2336
4728 4488
182 2526
1149 4458
1726 1793
156 628
3286 1127
4976 3597
1599 3678
1531 2902
2896 3549
3930 463
767 2577
4194 2994
3495 1144
4627 3216
2926 4840
2517 2056
1531 93
3849 4781
2647 4610
559 1820
2233 301
2641 3498
2590 3116
2754 3954
2135 32
3083 4801
1249 4699
1971 3351
2688 4265
1202 4342
3168 4089
4195 3038
3165 3100
2563 1333
3873 3848
2931 2546
2013 4972
3296 243
2231 1640
4460 4887
4421 4049
4349 363
2821 4159
2205 256
3542 3941
2386 1886
768 179
4113 4322
656 1491
3564 1749
2900 1805
2207 3534
3846 586
279 128
1626 566
4064 1898
846 1890
4693 4136
3063 3992
3275 1332
727 1787
4540 3458
1328 971
1540 3167
1690 4862
4442 1612
2891 3109
3294 3370
4395 4340
2139 502
4492 2663
1204 2603
2026 2499
3927 3845
1403 3850
3288 2633
4813 2714
2823 526
3922 3242
2763 1140
3628 890
1047 4350
1407 4988
3185 842
3103 239
1339 589
3627 2590
3399 1748
2566 128
4700 2294
1490 3539
3276 4906
2226 3886
821 4199
3249 2917
138 1732
3678 4182
3437 2422
1011 3349
2650 4314
4247 4203
135 3500
3533 3864
4037 2805
785 1630
907 3331
1323 3845
3770 1185
1017 4362
4697 3935
4611 3632
2644 1084
610 2703
3954 2399
3816 3063
4836 1662
621 3950
444 4718
744 4429
4824 4322
4713 3956
3432 712
4936 3120
840 3448
2194 4070
3583 183
2373 3106
2388 1351
597 4449
1529 2822
1510 3513
1319 1703
4917 1141
4834 500
852 1654
4847 105
3364 3135
3912 400
923 4796
273 4510
3022 1204
4341 3608
1633 2185
3187 4406
3280 3493
1973 3301
3788 2875
3190 3565
843 1399
2143 3866
1783 3166
1701 1818
1338 2320
247 3822
4938 373
838 2259
163 99
3323 3641
3995 3180
1170 1688
605 4949
93 2473
3701 3810
2393 2169
4655 3012
579 2169
3645 3180
1755 215
312 4375
4875 2448
3902 3994
493 2601
1955 4809
4198 4984
3816 2934
3978 1306
328 2401
2256 1524
1076 1434
1907 1543
4620 2989
3277 864
363 4627
3729 2424
2176 1926
67 241
4880 2891
4209 4696
263 3722
3909 2353
4665 2770
3430 3198
288 3480
434 42
1325 1461
199 855
3574 647
1201 2442
1793 670
4920 1834
4570 2229
428 3417
1769 1489
1756 364
1268 775
1359 4014
2432 1560
3809 1499
690 1256
353 4746
2161 3992
1938 1542
2840 2218
3367 2231
3873 1591
2089 1679
1491 4189
3553 4374
1690 1681
2832 193
4493 1182
160 2619
4240 848
1852 1065
1696 3263
1034 2969
3857 372
1472 4348
3362 3906
355 757
3556 910
2457 1038
1358 3151
4727 4411
3086 422
4467 4115
1731 3831
2556 70
3807 4150
1562 530
3587 4895
1383 4808
3288 1555
3638 4142
2479 2600
2835 2082
1022 2270
4291 2264
3109 330
2621 1903
2397 3946
3538 2871
1193 4572
3221 1578
3830 4342
1066 1357
622 2582
4227 3195
1716 4979
1111 4932
3534 547
2021 1063
731 3606
3557 147
4253 372
4680 785
4210 1182
369 1645
182 3093
4753 90
386 2194
1304 4902
4514 881
1711 1971
4774 1691
4155 3352
764 3732
1159 2325
2327 3592
1748 279
211 2101
1781 2188
2954 2052
1258 3613
2088 2102
4125 4015
1040 1101
2170 2847
4722 2245
3502 3531
3394 4489
2627 283
1156 396
4349 3498
1576 1018
780 4138
1580 476
1617 3232
4855 894
3851 3854
1085 2439
1456 852
2836 3157
4859 4863
89 1615
2853 1264
1269 683
269 278
3265 2305
831 3095
1217 985
424 3304
4209 1937
1372 1890
1652 4725
2285 1780
4691 1169
3626 2422
220 1949
1632 1173
4405 4124
3761 4017
4262 4220
1778 4356
1271 2394
461 4791
2680 4914
3193 2740
3248 2329
2159 3958
1175 4588
1478 776
3390 320
1111 636
2085 1114
2395 3255
