30 117 30
984 474 16
2804 3346 8
1600 1456 9
727 3069 29
4296 2894 1
957 2580 5
3057 710 1
865 1000 19
1144 4862 22
4105 4703 13
1184 1532 3
118 2506 4
1724 2469 11
2298 1804 10
4511 1586 21
4423 1190 7
2543 4517 13
3764 3126 13
4652 848 8
3099 2453 1
1159 4244 8
2330 1274 5
263 475 1
1387 3601 16
187 2323 15
4233 2870 1
69 3567 21
1225 4158 12
2463 1135 28
2770 1770 28
967 1665
2526 2080
2692 2482
408 184
2175 2273
2712 4096
3847 2429
2823 3252
4544 1441
4283 4134
3270 806
202 1981
1930 66
2028 886
2472 1924
55 3308
2428 4223
3841 3728
883 2203
993 2584
873 3621
3010 2105
3870 1434
697 885
642 3874
2056 3201
4455 3410
4309 2421
2644 2686
774 138
1589 3167
645 3293
4219 1499
736 2775
4436 3067
813 410
2282 582
2985 3969
4653 347
4610 324
4736 3382
1502 1484
1556 4273
1566 4381
3898 2362
1523 1327
78 4175
2151 4555
3387 1884
238 2700
2182 3214
737 4102
4022 114
3500 3451
4958 3807
1655 4679
4666 433
3875 4467
225 3963
3454 3669
153 2589
1371 4617
2977 1725
1795 2811
1020 452
975 1714
1379 3325
4940 1128
2260 3082
1139 3701
4117 2314
640 1274
1532 1931
162 3397
2035 3318
1500 2455
401 1908
4648 954
3862 2489
2396 3428
3296 3843
2917 3834
1325 663
2909 3170
4379 1287
4967 3637
2317 2749
3922 3063
614 1792
2502 3348
4932 3580
3842 3763
316 1835
482 4473
1866 2500
3262 4830
2706 1943
4064 2947
3598 1484
244 1574
1567 970
4132 2719
825 2927
1728 965
1035 3088
299 744
174 1080
4960 3126
680 2436
250 2257
3602 4607
2634 916
2910 2657
307 3953
112 4480
4382 789
1708 1969
