70 330 30
984 474 16
2804 3346 8
1600 1456 9
727 3069 29
4296 2894 1
957 2580 5
3057 710 1
865 1000 19
1144 4862 22
4105 4703 13
1184 1532 3
118 2506 4
1724 2469 11
2298 1804 10
4511 1586 21
4423 1190 7
2543 4517 13
3764 3126 13
4652 848 8
3099 2453 1
1159 4244 8
2330 1274 5
263 475 1
1387 3601 16
187 2323 15
4233 2870 1
69 3567 21
1225 4158 12
2463 1135 28
2770 1770 28
967 1665 16
2080 2692 12
408 184 15
2273 2712 6
3847 2429 13
3252 4544 11
4283 4134 30
806 202 11
1930 66 28
886 2472 24
55 3308 18
4223 3841 8
883 2203 13
2584 873 1
3010 2105 30
1434 697 15
642 3874 26
3201 4455 30
4309 2421 4
2686 774 18
1589 3167 15
3293 4219 29
736 2775 16
3067 813 20
2282 582 25
3969 4653 7
4610 324 16
3382 1502 14
1556 4273 6
4381 3898 12
1523 1327 28
4175 2151 15
3387 1884 8
2700 2182 14
737 4102 12
114 3500 1
4958 3807 25
4679 4666 3
3875 4467 15
3963 3454 29
153 2589
1371 4617
2977 1725
1795 2811
1020 452
975 1714
1379 3325
4940 1128
2260 3082
1139 3701
4117 2314
640 1274
1532 1931
162 3397
2035 3318
1500 2455
401 1908
4648 954
3862 2489
2396 3428
3296 3843
2917 3834
1325 663
2909 3170
4379 1287
4967 3637
2317 2749
3922 3063
614 1792
2502 3348
4932 3580
3842 3763
316 1835
482 4473
1866 2500
3262 4830
2706 1943
4064 2947
3598 1484
244 1574
1567 970
4132 2719
825 2927
1728 965
1035 3088
299 744
174 1080
4960 3126
680 2436
250 2257
3602 4607
2634 916
2910 2657
307 3953
112 4480
4382 789
1708 1969
3011 92
373 2196
2997 1326
471 4858
4284 2491
1597 808
2883 4734
6 3107
3825 4592
298 4691
2571 728
4165 914
4124 4911
1910 682
4730 2221
386 364
2161 1357
1960 389
1428 2874
1582 3179
1316 712
4230 4235
1171 782
2694 3711
3171 3171
2050 4099
852 2136
2201 3999
2833 2663
1504 1342
1140 4145
4833 1848
2820 4794
3170 2197
2968 199
2303 695
4395 2241
4608 456
802 336
3609 2881
4567 789
2323 1290
1886 1860
4928 2500
3299 3275
1790 2098
2132 4794
4680 3792
4845 1185
2590 646
4155 2496
4872 1129
4511 2025
2923 2691
4007 3073
4212 567
3349 3989
2297 380
773 3007
2646 1581
497 1232
4315 2778
1912 1259
1925 1034
2210 1374
1082 1801
4151 3354
693 4436
1527 4574
3597 390
1054 37
2395 975
534 547
115 4238
325 4824
1505 204
2900 2357
2867 3684
2410 3954
3889 631
1459 3757
1414 4715
1602 510
2585 3891
1096 1513
213 874
1627 2981
180 1545
4892 1001
3263 3914
2607 3323
1158 3703
4926 2879
3626 358
3325 1233
4937 173
4531 2180
395 205
4255 3981
392 3578
4271 90
1587 3276
4258 3701
738 50
4387 2212
1689 2337
4614 4088
2709 4799
3523 4689
3040 1671
1560 2530
3866 1919
4218 4611
90 3658
2654 4701
986 2582
755 2917
4312 2734
839 2151
456 897
2805 3737
4782 4283
3280 2364
2278 4985
2792 2225
1458 41
1172 1832
2259 1448
1084 1268
3600 616
3542 4146
2593 2790
3448 4624
3145 4719
2193 3525
3203 4872
1227 441
3780 3638
3974 1962
4694 4882
1333 2547
2392 3046
3650 1927
4550 351
2725 1957
1573 94
1220 4642
4333 1754
1499 675
2689 324
4721 89
3107 241
3876 4923
2824 3797
2122 1890
654 3606
4810 954
1272 1783
3518 381
2169 99
4584 3551
1236 2649
1270 3970
4722 59
3928 4946
3718 3825
3052 196
706 4823
2456 1343
920 3708
2736 1892
3113 1994
3034 67
4106 479
3868 3653
1423 3488
663 4701
3949 3372
4373 1817
2693 4316
1746 3123
487 1878
1770 4433
147 4621
3694 1167
395 1120
2994 1560
677 3532
3912 4146
3861 1832
753 705
368 3357
3006 1329
3121 636
456 1215
4980 311
2864 185
2635 4113
3710 269
4879 4044
2643 4500
4683 1997
1739 2845
3694 3394
549 4264
27 1805
4586 1507
2961 2878
1942 2855
3375 4027
4855 3921
3701 900
2015 2584
1894 325
864 2665
821 1770
4168 3528
2512 2409
4591 4730
3908 1360
2355 1851
4939 565
898 1027
3368 3535
2965 4822
1972 1306
1832 3486
4580 800
4268 2396
1751 1395
865 2210
115 4473
2539 2111
4325 2620
122 3392
4664 2300
847 620
4406 4368
4750 4472
3870 2210
1571 4144
974 2212
1519 1080
411 1409
1454 2308
646 1202
507 3274
4005 1738
2456 2096
181 1379
2610 617
2127 4202
4818 3032
2847 3566
525 619
3432 1497
3424 2146
1843 1823
3347 2671
2941 4254
3058 4814
4138 3162
3863 2441
1463 817
3081 3498
1978 1264
4643 4153
2326 2579
977 4539
1306 1366
243 371
820 1209
1564 4804
