70 152 5
659 556 2
327 436 3
25 427 5
275 22 3
504 298 5
166 511 2
363 365 3
23 302 3
876 468 4
487 57 2
843 382 4
118 14 5
248 188 1
746 369 5
623 774 2
962 86 4
872 779 2
692 951 5
69 809 3
262 84 2
884 439 1
881 653 2
608 619 5
979 890 2
100 235 4
715 327 4
394 404 1
873 560 5
856 353 1
363 870 4
733 73 3
87 275 4
909 135 1
827 283 4
425 958 3
102 82 2
826 867 1
810 50 2
89 542 5
897 47 3
499 565 4
377 158 4
237 931 3
232 921 5
947 779 4
118 58 4
641 631 1
329 981 4
857 66 4
2 598 4
21 882 3
833 873 4
112 501 4
830 278 5
119 250 5
288 225 4
554 569 3
377 21 2
717 799 5
919 409 4
247 913 3
767 552 4
808 890 4
756 326 4
807 914 3
890 50 2
976 456 1
458 970 1
966 645 1
598 94 5
84 144
39 66
495 228
255 699
862 107
995 489
533 727
990 324
660 231
751 519
179 165
595 996
568 363
726 227
958 353
939 873
761 877
646 687
734 429
964 575
749 793
435 105
51 48
858 966
278 604
258 420
339 428
200 981
853 181
606 485
857 999
207 936
555 857
706 509
982 494
315 248
209 516
848 762
361 386
889 378
847 994
664 949
919 664
148 564
5 689
322 132
827 426
197 68
290 12
554 593
530 860
782 40
429 564
207 233
77 33
88 790
497 842
74 923
237 698
288 804
704 665
427 693
797 820
124 207
863 231
434 157
983 187
180 766
591 446
156 262
251 376
538 475
90 701
842 375
937 339
911 895
839 68
602 533
825 137
83 236
511 153
308 179
505 37
318 223
819 734
571 83
320 130
660 479
613 249
325 116
78 23
380 158
424 61
603 674
773 695
333 23
472 325
216 155
482 375
966 974
943 690
893 896
388 310
943 471
220 960
123 738
710 790
357 383
772 665
856 59
572 638
222 927
267 770
924 109
191 226
32 46
367 552
404 927
798 100
142 200
782 982
830 552
771 746
887 912
864 955
433 862
884 237
374 373
884 700
417 502
467 327
84 350
75 685
704 262
908 926
830 687
662 182
64 594
887 858
919 269
874 420
352 787
207 756
140 904
765 296
39 236
692 608
886 309
206 980
751 723
521 330
162 61
