10 42 30
984 474 16
2804 3346 8
1600 1456 9
727 3069 29
4296 2894 1
957 2580 5
3057 710 1
865 1000 19
1144 4862 22
4105 4703 13
1184 1532
3843 118
2506 3684
1724 2469
1731 2298
1804 2740
4511 1586
2291 4423
1190 1237
2543 4517
4253 3764
3126 4433
4652 848
4638 3099
2453 4741
1159 4244
588 2330
1274 2705
263 475
11 1387
3601 1716
187 2323
975 4233
2870 1741
69 3567
3961 1225
4158 372
2463 1135
238 2770
1770 898
967 1665
2526 2080
2692 2482
408 184
2175 2273
2712 4096
3847 2429
2823 3252
4544 1441
4283 4134
3270 806
202 1981
