40 82 5
659 556 2
327 436 3
25 427 5
275 22 3
504 298 5
166 511 2
363 365 3
23 302 3
876 468 4
487 57 2
843 382 4
118 14 5
248 188 1
746 369 5
623 774 2
962 86 4
872 779 2
692 951 5
69 809 3
262 84 2
884 439 1
881 653 2
608 619 5
979 890 2
100 235 4
715 327 4
394 404 1
873 560 5
856 353 1
363 870 4
733 73 3
87 275 4
909 135 1
827 283 4
425 958 3
102 82 2
826 867 1
810 50 2
89 542 5
897 47 3
499 565
984 377
158 244
237 931
678 232
921 325
947 779
204 118
58 219
641 631
236 329
981 869
857 66
119 2
598 9
21 882
818 833
873 64
112 501
639 830
278 310
119 250
230 288
225 569
554 569
743 377
21 292
717 799
265 919
409 904
247 913
903 767
552 569
808 890
909 756
326 959
807 914
288 890
50 422
976 456
541 458
970 186
966 645
46 598
94 695
84 144
39 66
495 228
255 699
862 107
995 489
533 727
990 324
660 231
751 519
179 165
595 996
568 363
726 227
958 353
939 873
761 877
646 687
734 429
964 575
749 793
435 105
51 48
858 966
278 604
258 420
339 428
200 981
853 181
606 485
857 999
207 936
555 857
706 509
982 494
315 248
209 516
