20 44 5
659 556 2
327 436 3
25 427 5
275 22 3
504 298 5
166 511 2
363 365 3
23 302 3
876 468 4
487 57 2
843 382 4
118 14 5
248 188 1
746 369 5
623 774 2
962 86 4
872 779 2
692 951 5
69 809 3
262 84 2
884 439
476 881
653 957
608 619
505 979
890 47
100 235
234 715
327 319
394 404
891 873
560 830
856 353
621 363
870 199
733 73
603 87
275 364
909 135
251 827
283 859
425 958
988 102
82 867
826 867
201 810
50 707
89 542
230 897
47 228
499 565
984 377
158 244
237 931
678 232
921 325
947 779
204 118
58 219
641 631
236 329
981 869
857 66
119 2
