90 340 30
10 460 6
662 514 6
864 516 9
194 236 6
942 4 1
233 810 9
424 81 3
75 927 8
838 525 8
776 639 2
693 835 7
249 579 8
630 27 2
293 894 10
107 657 5
394 725 9
808 221 2
209 289 1
687 26 6
772 256 8
359 365 1
7 575 4
63 410 8
448 392 1
949 26 7
605 768 7
654 956 8
862 157 8
119 223 1
417 242 5
711 506 9
854 246 4
838 658 9
760 364 1
622 809 6
184 78 8
356 480 7
428 423 4
879 338 3
398 506 1
326 960 6
262 40 3
975 868 3
792 856 5
667 50 6
312 134 2
532 206 4
41 403 7
74 477 6
837 547 5
805 725 10
247 989 1
736 416 2
183 64 6
722 507 4
512 626 8
521 125 8
501 480 10
809 610 9
453 930 6
846 335 1
876 411 8
571 577 2
698 259 4
250 391 5
93 285 3
164 274 8
628 773 3
4 234 10
955 58 10
801 197 5
831 743 3
481 295 10
379 532 4
509 295 6
839 777 2
506 294 7
127 525 5
224 722 1
710 548 8
61 629 7
570 199 10
531 320 9
493 841 7
14 361 8
46 25 7
855 388 10
877 276 5
932 655 9
655 94 1
167 853
748 438
842 972
52 463
73 738
130 11
625 466
614 977
772 872
831 779
266 738
322 862
84 62
384 545
105 692
186 799
652 452
397 548
994 311
677 954
327 517
471 596
124 937
355 550
519 617
590 219
801 999
681 530
100 907
12 629
875 848
229 506
879 361
640 134
399 896
309 635
886 600
666 629
532 493
205 204
48 813
681 543
141 422
578 221
775 822
852 181
714 802
257 293
890 136
612 997
435 373
954 484
193 59
711 654
639 45
289 97
335 925
657 862
194 475
672 358
229 452
300 426
362 464
790 109
890 971
784 817
964 163
634 296
836 526
921 207
393 540
231 905
460 217
980 771
23 386
415 620
426 981
850 110
880 290
511 126
950 325
434 896
929 852
263 218
245 992
183 800
86 321
348 724
412 382
284 211
540 967
548 283
841 673
696 365
337 432
166 757
808 72
16 425
334 426
166 774
627 296
648 103
458 808
236 239
309 784
804 838
527 326
881 153
254 660
732 484
176 511
900 210
29 687
323 625
467 577
597 865
749 205
378 259
814 312
911 278
62 688
714 199
204 984
594 296
55 475
549 996
548 868
216 478
998 604
47 4
863 299
460 971
394 703
102 568
868 112
685 711
686 636
937 926
124 570
524 252
798 379
528 381
196 934
501 232
648 844
798 749
239 239
544 197
442 2
724 57
480 494
150 643
788 77
497 854
594 726
518 828
590 851
553 573
727 296
17 234
560 909
406 497
257 824
735 750
441 951
639 98
555 298
451 456
307 806
18 867
933 643
493 714
890 688
160 39
32 617
785 571
321 606
683 921
739 525
384 663
953 243
143 779
249 965
325 374
415 179
417 574
837 103
712 81
793 139
641 494
469 922
879 206
471 545
687 604
337 655
214 516
342 532
744 925
363 734
738 706
433 917
731 818
422 941
753 158
761 236
145 583
684 571
620 944
41 589
835 130
701 763
790 624
295 381
956 337
418 348
549 692
842 274
820 641
784 278
323 408
926 482
602 11
511 459
825 685
102 135
660 727
633 688
333 911
168 613
331 287
401 367
295 135
899 674
312 875
994 767
205 155
452 590
444 324
728 418
817 679
391 316
65 509
819 459
252 725
230 337
545 121
421 525
938 324
617 121
268 90
891 814
616 847
681 587
138 709
670 737
137 594
133 100
991 69
599 411
739 590
715 361
614 717
396 141
308 650
436 744
152 213
311 366
821 758
996 797
122 65
867 809
148 246
326 41
246 587
356 808
48 916
399 50
362 489
615 498
422 311
627 625
966 189
111 703
952 159
159 265
28 416
823 197
531 926
824 220
122 206
210 704
958 485
918 528
357 756
303 552
189 457
648 888
700 395
211 892
823 955
520 806
365 774
964 821
218 458
713 77
84 351
416 611
27 673
326 241
689 163
135 909
807 98
286 308
946 8
740 159
521 335
295 676
5 883
212 832
175 278
109 152
378 263
346 598
513 710
553 544
340 10
738 349
740 2
280 325
388 117
464 33
14 450
596 555
111 418
355 66
34 988
417 511
516 298
750 391
696 647
