110 544 30
984 474 16
2804 3346 8
1600 1456 9
727 3069 29
4296 2894 1
957 2580 5
3057 710 1
865 1000 19
1144 4862 22
4105 4703 13
1184 1532 3
118 2506 4
1724 2469 11
2298 1804 10
4511 1586 21
4423 1190 7
2543 4517 13
3764 3126 13
4652 848 8
3099 2453 1
1159 4244 8
2330 1274 5
263 475 1
1387 3601 16
187 2323 15
4233 2870 1
69 3567 21
1225 4158 12
2463 1135 28
2770 1770 28
967 1665 16
2080 2692 12
408 184 15
2273 2712 6
3847 2429 13
3252 4544 11
4283 4134 30
806 202 11
1930 66 28
886 2472 24
55 3308 18
4223 3841 8
883 2203 13
2584 873 1
3010 2105 30
1434 697 15
642 3874 26
3201 4455 30
4309 2421 4
2686 774 18
1589 3167 15
3293 4219 29
736 2775 16
3067 813 20
2282 582 25
3969 4653 7
4610 324 16
3382 1502 14
1556 4273 6
4381 3898 12
1523 1327 28
4175 2151 15
3387 1884 8
2700 2182 14
737 4102 12
114 3500 1
4958 3807 25
4679 4666 3
3875 4467 15
3963 3454 29
153 2589 11
4617 2977 5
1795 2811 10
452 975 24
1379 3325 20
1128 2260 12
1139 3701 7
2314 640 24
1532 1931 22
3397 2035 18
1500 2455 1
1908 4648 24
3862 2489 26
3428 3296 23
2917 3834 15
663 2909 30
4379 1287 17
3637 2317 9
3922 3063 24
1792 2502 28
4932 3580 2
3763 316 5
482 4473 16
2500 3262 30
2706 1943 24
2947 3598 14
244 1574 27
970 4132 9
825 2927 8
965 1035 8
299 744 4
1080 4960 26
680 2436 30
2257 3602 7
2634 916 10
2657 307 13
112 4480 22
789 1708 9
3011 92 13
2196 2997 16
471 4858
4284 2491
1597 808
2883 4734
6 3107
3825 4592
298 4691
2571 728
4165 914
4124 4911
1910 682
4730 2221
386 364
2161 1357
1960 389
1428 2874
1582 3179
1316 712
4230 4235
1171 782
2694 3711
3171 3171
2050 4099
852 2136
2201 3999
2833 2663
1504 1342
1140 4145
4833 1848
2820 4794
3170 2197
2968 199
2303 695
4395 2241
4608 456
802 336
3609 2881
4567 789
2323 1290
1886 1860
4928 2500
3299 3275
1790 2098
2132 4794
4680 3792
4845 1185
2590 646
4155 2496
4872 1129
4511 2025
2923 2691
4007 3073
4212 567
3349 3989
2297 380
773 3007
2646 1581
497 1232
4315 2778
1912 1259
1925 1034
2210 1374
1082 1801
4151 3354
693 4436
1527 4574
3597 390
1054 37
2395 975
534 547
115 4238
325 4824
1505 204
2900 2357
2867 3684
2410 3954
3889 631
1459 3757
1414 4715
1602 510
2585 3891
1096 1513
213 874
1627 2981
180 1545
4892 1001
3263 3914
2607 3323
1158 3703
4926 2879
3626 358
3325 1233
4937 173
4531 2180
395 205
4255 3981
392 3578
4271 90
1587 3276
4258 3701
738 50
4387 2212
1689 2337
4614 4088
2709 4799
3523 4689
3040 1671
1560 2530
3866 1919
4218 4611
90 3658
2654 4701
986 2582
755 2917
4312 2734
839 2151
456 897
2805 3737
4782 4283
3280 2364
2278 4985
2792 2225
1458 41
1172 1832
2259 1448
1084 1268
3600 616
3542 4146
2593 2790
3448 4624
3145 4719
2193 3525
3203 4872
1227 441
3780 3638
3974 1962
4694 4882
1333 2547
2392 3046
3650 1927
4550 351
2725 1957
1573 94
1220 4642
4333 1754
1499 675
2689 324
4721 89
3107 241
3876 4923
2824 3797
2122 1890
654 3606
4810 954
1272 1783
3518 381
2169 99
4584 3551
1236 2649
1270 3970
4722 59
3928 4946
3718 3825
3052 196
706 4823
2456 1343
920 3708
2736 1892
3113 1994
3034 67
4106 479
3868 3653
1423 3488
663 4701
3949 3372
4373 1817
2693 4316
1746 3123
487 1878
1770 4433
147 4621
3694 1167
395 1120
2994 1560
677 3532
3912 4146
3861 1832
753 705
368 3357
3006 1329
3121 636
456 1215
4980 311
2864 185
2635 4113
3710 269
4879 4044
2643 4500
4683 1997
1739 2845
3694 3394
549 4264
27 1805
4586 1507
2961 2878
1942 2855
3375 4027
4855 3921
3701 900
2015 2584
1894 325
864 2665
821 1770
4168 3528
2512 2409
4591 4730
3908 1360
2355 1851
4939 565
898 1027
3368 3535
2965 4822
1972 1306
1832 3486
4580 800
4268 2396
1751 1395
865 2210
115 4473
2539 2111
4325 2620
122 3392
4664 2300
847 620
4406 4368
4750 4472
3870 2210
1571 4144
974 2212
1519 1080
411 1409
1454 2308
646 1202
507 3274
4005 1738
2456 2096
181 1379
2610 617
2127 4202
4818 3032
2847 3566
525 619
3432 1497
3424 2146
1843 1823
3347 2671
2941 4254
3058 4814
4138 3162
3863 2441
1463 817
3081 3498
1978 1264
4643 4153
2326 2579
977 4539
1306 1366
243 371
820 1209
1564 4804
1451 4686
750 4869
1126 1711
1072 1519
2859 1730
2970 78
3823 2940
4106 3266
1443 1539
4151 3423
3034 1665
448 349
77 4084
3480 1066
4586 3224
1764 1154
412 1231
3422 4039
2313 3067
3512 3038
3934 2737
2895 4992
2798 3233
76 16
2781 2287
2558 1349
811 483
3909 3799
4014 1984
2873 1718
2248 1923
4227 2837
436 1023
2196 1785
4599 4992
535 13
4842 1930
589 1498
763 1150
1660 3548
2011 3073
3337 1555
1166 2827
177 4329
3387 4794
3674 4078
2010 2076
3396 4289
4101 4815
4886 1253
2478 3980
3718 2531
1831 2813
3939 71
1477 4241
3470 4941
2410 3344
1713 615
1783 3701
1592 3023
1731 641
3329 357
2877 305
1959 3345
1964 900
4844 1394
973 175
2998 1055
2558 2157
4906 1357
989 3035
892 3206
4896 3051
1166 4544
1417 2917
3626 1853
639 618
2686 4584
3929 2882
107 3016
2628 2991
3015 4035
4581 904
3935 2035
1866 1017
2668 4077
1305 4094
3063 3610
3872 4032
4842 4674
3421 832
3629 313
2587 4258
1726 4005
3667 2247
3090 3068
4397 4355
3994 4314
2402 1676
279 1420
1596 4263
1763 2423
962 2716
1282 515
4568 984
3993 3688
196 4509
2946 2673
4819 1894
3767 3586
2532 3723
3543 1352
1349 1415
225 4515
322 1854
1420 1522
3821 1924
3896 3569
3106 2974
1482 515
2190 1925
373 217
1657 1343
3475 1671
62 4649
1224 53
589 3416
2164 2746
3285 1025
4964 4823
1905 3224
568 900
3651 1742
3048 4791
1153 4232
4587 724
4720 267
2915 1169
3141 510
1630 4605
4872 3993
1 927
2351 4743
1602 962
3114 3587
2932 600
3198 3695
3443 3465
795 1219
975 4823
4678 249
2739 2360
1560 201
4712 24
1458 1389
3529 448
3267 3684
1593 3526
1921 432
1575 1570
1287 3034
1380 1285
297 3801
2678 1650
858 2419
4196 2445
1472 562
2622 1511
187 3593
2001 276
713 2443
2881 210
3559 1138
1838 3203
2285 2885
3768 4133
4766 1570
3327 4442
4419 3784
504 4667
1371 1996
493 488
4806 3102
4292 3020
525 4758
1161 4894
1382 3363
2222 1766
3017 2378
4689 3874
2319 2672
1697 3269
2227 988
4052 3753
2802 2565
912 754
3271 2718
1353 3478
3045 2929
2875 1802
2399 4301
4683 2089
3734 4285
289 703
4100 1831
2117 4513
3429 2754
1551 1020
2750 3442
519 3480
3083 3485
4674 3086
414 2578
2081 3507
34 4219
4516 392
4395 2154
660 4589
3752 3237
4443 832
729 383
4365 4073
2142 1386
56 3749
1038 2902
3191 4169
3025 1013
2704 1791
4807 598
4818 88
2340 3206
2773 4702
3880 4295
1354 2455
1872 3918
2368 1359
3107 4446
1073 596
2183 3597
4883 4555
2196 848
3218 249
2194 4768
3931 3954
3329 3832
1084 1352
3666 1616
477 2067
1805 1458
3512 686
4983 1319
4339 200
4542 3269
4160 3958
1014 1425
2277 3281
822 948
354 1310
2263 4191
2866 2520
4931 4990
779 3018
612 4170
451 1273
4031 850
649 1709
2679 3983
4422 2016
1437 3547
2415 2222
2680 169
2916 1510
3821 2059
4350 2774
