130 2175 30
1341 4187 22
1197 4646 23
1294 1904 14
967 3960 5
4228 3394 2
2858 4130 3
1292 101 17
1884 1964 13
3177 1354 21
192 461 2
512 4125 20
1526 1155 6
4147 130 27
2273 660 20
1604 3797 29
366 2590 18
2327 868 30
1565 3251 18
504 875 29
911 4109 13
3228 2289 30
1697 3602 15
734 1149 7
536 2230 21
2924 2682 8
4108 2012 6
4540 593 8
3997 3991 29
1665 3050 8
4062 2623 11
3333 2217 22
2144 1184 21
2670 2268 23
1834 4185 5
3176 2708 17
2377 2358 25
3691 13 24
265 3477 12
2627 2750 30
684 3936 17
4637 1346 2
867 4325 13
1660 3258 24
2935 2592 17
4182 606 22
2386 2014 16
1545 2314 14
3687 2007 18
3347 868 18
2794 3296 11
3519 2654 16
3668 1488 26
1335 1051 26
826 102 16
3110 2092 10
715 2766 19
1023 3259 30
666 448 2
4544 1906 14
1651 990 22
2432 1267 24
3039 1777 14
356 1397 20
374 4440 14
1624 4221 1
3454 3184 15
3644 1669 30
4539 29 30
685 1342 26
4184 4142 21
2668 595 16
1842 4898 24
305 2941 8
1770 1532 16
4288 3595 25
1060 1752 27
552 3772 22
2264 4566 6
4467 4108 7
582 4187 23
4905 3608 11
3904 3653 14
128 3736 27
3184 185 8
108 970 15
4162 4448 22
2761 2112 17
675 3439 5
4591 4288 1
1306 3792 29
44 207 17
985 1054 18
2721 1937 17
3793 1817 16
742 1007 2
4826 1566 18
4736 1315 17
3068 3623 4
2294 3038 2
57 4641 24
3166 1860 3
4218 2599 22
2545 645 27
4878 3680 4
332 3951 29
417 1713 11
593 2018 21
4656 1213 12
908 4934 30
1019 849 13
4322 1517 28
1351 579 9
3111 1256 4
3250 4579 3
4616 4188 27
167 4114 23
1902 3027 2
610 3608 9
4955 3521 21
1378 2081 18
2793 620 20
170 1183 4
1988 1594 24
569 2230 22
1333 3118 10
2268 2239 28
4393 4894 30
4986 4178 24
3765 1871 7
3083 1058 27
2254 1156
14 4432
623 1476
2688 588
1505 4596
3534 3628
2990 1172
1051 4275
2203 3648
36 4283
1445 4004
1878 3385
1364 4124
363 426
611 1427
3174 1248
2291 3408
4117 105
2825 287
2330 4165
2913 975
361 4034
3815 3093
2954 3294
4698 3144
2410 1111
975 1819
4608 3203
1401 3178
3789 1
97 3911
2319 77
839 3249
1868 3302
4495 864
4828 379
4121 3672
1382 4645
1945 1108
1026 2336
503 2767
1606 2041
1502 3069
71 411
2476 1893
439 4889
3669 852
714 4162
250 4218
1209 2494
77 1583
133 1539
1077 4480
3653 2654
4251 3079
2628 3124
1761 4202
1026 1617
1884 2679
4343 2814
2846 4254
3386 2915
1010 4158
3472 3785
3835 3932
2730 623
637 3812
1838 2822
3755 163
3135 1870
233 3020
2595 4526
1996 1636
1355 1851
2303 3910
2674 2213
4702 1218
809 4432
3816 1874
1735 185
3248 3779
1720 1616
266 2155
3080 857
3188 4595
3760 215
3710 2618
2146 733
4956 1921
917 1015
622 1874
447 1014
3196 1780
4668 309
3727 2267
1905 127
1605 1225
4615 1404
2867 1017
4577 1269
4433 1643
3099 1108
1448 1008
4961 1855
2084 664
2908 948
30 1296
1910 3058
4205 2195
3654 4659
4295 3558
2794 790
18 3692
4267 4491
3880 2876
933 4836
715 1008
2685 4889
3234 4975
4185 1712
3795 4089
1263 492
4938 62
211 1125
758 1712
451 4567
29 3728
14 3169
1732 3780
927 1827
4343 3277
3451 4624
1184 680
2614 4805
4950 550
908 2234
861 1754
4386 762
2873 3845
2109 137
396 727
3685 3010
2445 2260
426 3403
1626 3974
2589 4984
4706 1027
4471 355
737 3410
4993 3041
602 2367
1297 880
1508 2569
504 460
3948 1954
4270 2752
3455 3798
1146 1790
3938 21
436 2310
1740 2706
2557 4566
3303 4681
3011 71
2101 2993
1404 4728
3880 2335
698 3273
613 612
2212 3536
3605 4631
3027 129
4036 947
2841 2889
2098 1734
3790 4867
4274 1360
4533 4389
4412 2689
2751 1231
1952 2022
3454 4054
1646 4107
4580 4593
3901 4741
2443 601
2869 3903
3673 191
1306 1044
1626 2202
2691 4307
2599 4002
4512 3120
4616 1614
4074 4191
2063 4129
2527 1286
511 4139
4277 685
4111 3801
1764 3601
4139 1887
4818 1470
266 3426
3202 4580
2359 951
4716 3947
2626 2635
3104 2461
3730 736
1892 4540
1117 566
1943 2713
2733 785
2565 121
3384 2859
1779 3372
561 3898
3867 3462
700 4227
3564 488
4326 1394
2887 1474
3889 341
3406 4647
2249 4338
344 4017
2474 3231
103 272
4113 1859
1884 4090
4393 1061
3435 3937
640 3867
1211 3592
3901 3820
4348 3114
3516 70
138 280
3654 1400
3275 4884
4154 4954
3358 76
735 1749
1641 2321
4870 1279
2916 4783
1508 1567
3678 3789
2344 571
380 148
2230 1261
4884 3508
2881 3670
362 4481
154 46
296 4575
4199 3501
1064 265
4196 409
4288 517
4130 3508
4113 1222
2701 1444
3001 3020
507 3022
2195 4974
4486 2855
1737 3233
2756 4010
4278 3419
4431 299
2464 3612
1325 1598
3773 93
3576 3597
4431 4538
2775 4993
949 3448
1359 1541
1746 2058
2436 261
739 2449
791 37
2660 1328
1499 3909
4125 755
1198 1381
3278 2102
1453 4495
2734 473
446 91
1353 2729
3628 4613
3417 2824
651 4611
4550 760
4282 3493
3046 4764
2047 1690
3969 619
500 2597
958 1116
1394 2278
170 565
2925 1456
2074 4571
2817 2328
2825 1701
475 250
4965 2324
4945 467
1393 3335
1364 4265
2995 2110
2619 1561
2304 4568
4253 3574
441 1532
2775 4081
670 4610
1896 1410
3232 873
1227 483
4044 3904
3953 1572
3538 1820
2025 3630
4593 2990
849 2405
4252 158
2401 2512
1587 3554
4915 3469
4898 2606
4340 3009
499 3361
657 3021
1614 2789
1283 734
2969 3440
4432 1014
4301 14
4147 1752
4114 331
2278 1869
3533 182
1276 2963
3108 3999
3995 3466
547 1072
1974 1906
3276 3554
4636 4596
1814 978
1307 3472
1013 3176
4025 4374
287 1305
3311 458
4840 4364
4846 4623
4247 3170
395 881
3188 2093
1374 4584
2454 2124
3215 4617
4851 3555
3640 3544
916 4843
831 3217
1828 2152
2201 1067
1258 363
609 226
4460 2512
893 2046
4765 429
4566 2988
1828 2133
181 3436
372 4736
4218 2688
1705 4571
2196 112
128 4940
60 2342
3018 3366
72 1172
558 4391
2800 4303
2540 3479
21 2791
4887 1094
2732 839
547 4883
375 2807
4406 1443
1188 4111
3286 665
1780 3817
905 2743
3080 1204
214 2779
1706 2860
2278 4212
1569 1219
4800 131
1707 2500
338 587
2149 3269
3038 2516
4931 4820
4376 976
4303 998
1263 2509
613 524
2465 4190
3382 4487
4568 2311
368 4041
2052 3816
2748 1634
2871 1878
991 3305
4432 1045
4377 1754
4236 3334
2580 4459
3256 3523
4650 3015
1685 196
3429 4092
4136 336
3486 187
1840 2823
3393 3220
2265 2521
565 3884
206 1586
178 3411
2311 4122
482 4999
2657 2856
2999 1826
4607 2223
3750 1399
3471 2193
2374 4198
1466 1671
1420 257
4832 3654
2717 2994
839 4378
593 871
1340 3375
2369 1130
4213 3097
3455 3444
1709 3325
1953 291
441 769
24 4891
1659 4117
4827 45
3013 4369
1057 1658
3406 564
4767 3831
2043 646
1217 1820
1709 4113
754 4343
3491 1458
2540 3248
1317 4682
1509 3431
1987 118
566 2534
742 846
4568 111
3134 1345
952 3497
1518 1182
1601 3775
42 763
1892 590
3734 226
87 1408
4425 18
1648 4406
203 520
467 4561
302 280
1349 3960
1915 3049
3649 3158
2999 2254
3532 4123
1970 1540
4517 335
1690 34
1785 486
4276 3021
4387 1134
3647 3190
1408 3592
1196 4985
2497 4535
4667 3065
4903 4524
1279 2901
794 353
3602 2251
430 3784
3843 1897
787 4149
1346 297
829 1359
2137 2342
2862 1251
3014 1708
4530 1377
3771 2404
4774 3092
1943 824
3290 1668
4099 3782
3961 1660
2690 1038
3066 2122
1401 2979
777 4746
4482 248
4119 733
2131 154
2864 4798
845 1666
78 342
2592 1459
1214 1707
3386 692
941 2196
3927 3209
420 4236
2505 3912
1778 1716
2607 4484
2716 2688
3472 1352
2967 4095
3763 984
597 1110
1590 879
1143 779
378 3615
1300 218
4153 1007
3588 1116
4743 3360
1116 1341
1207 2244
4267 2932
4356 174
518 2918
212 4266
4792 2239
3365 1792
3193 2824
3973 2222
606 2531
1973 3753
4741 3116
303 3201
3623 4854
1608 4988
2003 2057
1941 4322
662 4125
3509 1605
4997 80
1251 3541
2291 3092
4620 1963
890 1770
1131 4293
832 4615
794 2323
3168 1072
3238 3814
286 4072
2090 84
4530 3814
1556 2478
4103 659
922 3141
1798 2029
4048 1592
4713 49
2128 754
3091 627
4007 4160
4945 2754
2519 1855
2572 3582
1757 3847
2323 2716
1529 2339
738 3643
3048 1564
3884 1738
1063 4513
1533 1067
4234 4861
2443 3527
3180 4428
3210 1170
1033 3408
2322 205
3791 542
4426 2522
3440 1727
769 4521
1501 4100
3776 3053
554 13
222 64
4500 3178
3592 4394
4526 3653
1099 2835
4126 1780
4092 2715
2751 4363
745 2762
4057 3700
3281 1507
2149 3847
2324 4540
4325 1363
3721 209
2101 4298
137 211
2680 1351
4230 4667
2326 1486
1252 461
4435 3328
4593 3642
3176 1068
4737 2819
2109 905
3666 2262
1248 1265
3366 4533
4073 665
1356 2905
778 954
2082 2531
4860 1404
2499 2860
752 668
4446 2092
591 819
4169 3138
236 2854
3749 3770
4256 181
1342 1235
2876 2045
1819 2418
2317 129
2932 1532
528 2131
4739 2794
486 3648
1878 400
3206 4976
836 1146
647 4555
4298 1895
2048 350
2445 2830
2288 4235
3877 3565
2733 3107
5 1028
1819 840
259 1515
3769 4123
4561 2844
3453 4566
2884 845
1177 2037
77 1530
3733 2056
2944 1943
1936 2288
3438 134
2406 2016
2520 4508
4693 2527
911 2582
2533 2284
4282 2182
543 3041
2239 3771
1373 2310
4135 3176
186 2563
1319 3486
1154 1803
2306 3567
1352 4030
2747 1446
3886 2748
4149 780
3023 3774
2232 252
2235 4139
2254 4043
3744 4203
2938 3886
3620 3456
1661 3791
1796 2093
330 2752
514 2464
4104 80
2198 1927
698 565
4180 3328
1534 3631
3374 1441
3769 1584
2394 1299
4187 2964
3428 4775
527 716
93 600
3056 2224
2543 4060
145 1864
4687 2509
2550 4018
4905 2141
194 3140
748 3507
331 2373
2964 1431
2379 4054
16 1247
1541 3481
2669 2771
3849 4770
3761 1574
2469 1971
4242 4107
3579 2778
3500 1019
3496 4043
778 1141
1564 3802
4846 2133
4200 1658
563 2010
3238 847
2196 964
626 4620
4553 1065
550 4171
3596 4181
3166 3676
3129 1595
1520 3661
3616 2368
217 1719
4334 402
2140 129
1225 4678
3107 1748
4429 782
275 2496
1515 408
2712 383
3922 3448
2141 1003
4060 891
3500 205
4369 4845
4620 414
1943 3747
4777 435
2800 4878
395 178
2250 770
4660 434
3486 4638
247 4324
74 851
2497 396
3569 1715
580 2677
198 1687
4889 1048
601 3841
2386 4365
1050 3530
3634 2617
2039 1852
707 4042
2077 2415
2884 3131
4268 187
4685 2097
3510 2559
3162 2671
4944 4544
467 2515
747 488
21 388
3606 3264
1090 1537
1180 4522
3176 523
2036 2571
2442 700
3200 3969
2872 2685
4914 4063
2132 2273
1884 3994
281 3849
1128 2466
261 4331
2269 2861
3851 3998
2525 2891
3794 3359
1921 4257
3458 2837
2481 3754
4192 2736
3835 1735
2620 4838
210 3923
3057 16
1666 2484
2537 3998
4190 4629
1794 2921
3937 3364
639 277
4833 3943
4552 4842
1160 2404
3107 634
1708 3554
3871 740
1777 2882
2151 3590
1965 2027
2926 2464
2164 2137
4034 4521
476 1598
2457 1138
3227 205
2526 4337
4962 981
2354 869
3548 3805
360 4480
2640 1028
2959 279
4506 3118
3057 3984
3421 1104
734 4019
3476 3348
3084 2975
4318 71
2320 2579
3855 1183
4234 2509
3912 2935
2036 2298
4539 1401
2130 4931
1558 1655
756 922
3537 1259
1819 1932
2754 3308
2829 2333
4509 1076
1094 3351
2003 3560
3581 4700
3404 2369
3162 4389
4989 1008
1107 3876
1646 1387
4817 1566
2944 4489
3602 2866
4659 1857
689 943
3139 1307
3072 4545
353 2738
2821 4043
1081 319
2846 766
2495 3448
773 3004
3655 4095
3315 4585
1440 1478
3446 1845
2538 2737
1994 1677
3792 945
425 985
3625 1177
311 524
1888 4240
4332 3207
4151 2295
276 2764
3999 4687
3869 4850
27 4996
1005 3105
2147 4006
487 4154
2086 2766
1822 321
3068 2230
25 381
945 3560
1681 2158
1046 3568
2634 4031
2599 3498
29 4751
1961 4915
2654 4274
2528 4418
1706 781
4363 1518
2574 601
3785 2543
4311 1946
1777 759
1861 4630
422 2589
3392 102
101 1046
2040 57
4057 4988
710 3887
212 4661
817 2763
60 434
2120 3056
4076 3597
2783 4045
3236 250
4743 4735
4105 2471
1235 3783
4460 3802
2835 2865
825 4825
2671 3257
1260 3192
966 4655
4898 2093
2643 2649
2873 446
4678 737
861 3510
4662 3706
4490 65
1014 1788
25 2500
180 591
232 2435
895 4878
1294 4312
3913 416
4416 1696
3086 830
426 1946
3373 3434
2669 4706
3528 950
1421 4745
1487 4694
4178 2508
1699 3236
2815 1636
762 429
409 4129
2195 3392
147 4574
1742 1041
2605 677
1770 193
1818 2393
968 2527
146 3213
3454 2965
2006 1211
1550 1224
2392 1291
3623 1128
264 2198
4075 1394
2670 1526
4133 809
1613 344
1419 3505
3736 1422
3410 241
1070 4740
1986 3889
2185 409
4191 1577
719 171
2186 78
2525 2221
2095 1416
95 2880
2772 2845
2323 707
2012 1925
4998 1317
4124 3560
2189 1214
322 2730
2184 3408
3809 3268
756 4722
1259 3295
4076 1913
4535 4929
4444 199
4202 4249
1512 142
1560 3960
313 3250
764 4882
388 575
4339 3428
1456 3244
3215 4998
3399 3686
763 4511
4755 4583
3296 3668
3268 2217
1760 4144
4431 1596
440 2943
494 3645
641 3030
4836 2851
2111 4077
894 3007
4918 1995
1366 918
4620 4578
4569 2541
2124 4435
2868 2814
3096 3551
4380 100
4789 2648
4777 4384
3942 3563
3073 1595
2690 2065
1856 1653
4253 1890
2671 1351
1615 4634
3669 2501
3013 441
2527 1056
829 3964
148 4165
2864 4568
2611 4820
4085 3918
429 1082
350 3075
3760 1348
1236 522
713 2996
1831 3422
1670 3141
972 4349
3336 4573
1068 2896
1604 1293
4395 3322
2559 3206
4605 2495
3317 3131
3564 3759
743 4627
18 1461
3827 3157
120 426
3736 4622
2171 613
2367 297
1128 4958
312 974
1375 1547
4159 3727
2837 4538
1351 649
818 398
1361 4123
444 4332
4224 1357
1874 4400
1766 4361
2528 2031
1129 2930
2643 1863
3858 3581
4062 4925
1508 92
813 1028
650 4752
2980 2773
1604 4816
3320 498
366 3728
2964 2046
969 943
74 2744
2208 1647
2272 1555
2632 4925
3402 2855
4251 4829
3494 758
3943 873
4845 2299
3827 1552
3546 3543
4993 875
4855 2392
3033 3219
2215 2945
3780 3788
3674 786
1384 53
3172 2682
1688 3897
1269 3223
1185 1009
990 1461
1234 1407
583 2269
884 3525
593 2684
4602 1476
1471 872
3562 948
4701 1902
2340 4398
3437 1033
2011 4858
1323 1194
2356 181
1334 4216
3287 4344
3615 3016
3295 4929
847 775
611 2981
2399 1202
1522 548
3558 4798
1017 2598
4490 154
1856 3597
4443 615
3457 3347
2690 2397
664 2721
1027 3110
3519 1219
2561 3769
206 100
2643 4465
3442 2823
3599 2889
1932 233
565 4194
144 4746
2822 4319
4501 408
2927 1498
4068 2552
1589 1365
1596 2378
717 2218
2768 4125
4378 4393
3811 1320
3825 2288
1459 1672
37 108
2377 242
3038 4599
2362 1845
4944 3247
951 4053
3520 2836
2470 1804
3834 437
3913 1904
3111 59
4093 3944
4557 2250
3353 3910
4674 4131
3759 460
4479 3114
826 3649
3851 723
3111 875
738 1739
1595 4719
596 4539
2760 3392
53 4682
3746 3467
3523 3379
1426 4810
3863 3324
1194 3752
4319 42
2933 4077
1747 4486
3909 3521
4311 1326
2358 4791
4501 2833
1850 2845
3766 2145
873 646
3781 3772
4918 3884
1231 2514
1026 1625
1466 603
275 2335
330 3101
368 1638
4692 2620
3535 3077
39 825
874 2162
984 874
4372 58
3219 4242
2769 3995
3679 3544
604 4148
4557 996
1160 4624
1788 4617
1488 1186
2927 3056
467 4854
113 3865
2483 3513
2488 2442
636 2383
2705 1642
2122 3458
2721 1209
4325 1632
4598 3005
4389 4292
4591 2354
239 4651
2221 3222
4072 1163
4517 2233
1753 4315
1797 3119
30 826
3874 4004
656 1210
4522 2225
4342 2034
51 1882
1078 4856
1601 4347
1490 1894
1227 3824
4152 3640
2603 1044
745 2074
3225 3651
305 1937
1765 4996
1917 3201
3620 2970
4991 1101
3398 2146
4994 2344
381 3888
118 86
204 1323
2363 2343
331 1162
2091 4354
4282 980
1095 1507
830 3207
713 4619
1952 1156
2606 547
2588 3239
3731 842
4056 3312
2864 3140
362 4002
3679 2796
4222 4849
346 4415
2044 3874
1141 68
4606 4556
3787 4805
4033 1273
573 3101
1034 3875
1353 3240
3929 4322
4678 3430
4607 3776
528 2657
2396 1311
549 1912
4300 2728
1451 616
600 2342
641 3695
1822 4301
4416 210
916 2787
4563 3804
1640 3714
4279 2759
2913 4488
4260 4620
633 1220
1691 3815
2086 811
2819 1773
4632 446
268 4669
4761 1620
4810 591
300 223
92 1837
2749 4546
4984 4613
3947 3368
3799 4187
3881 1312
1704 4577
3599 1970
288 3320
2924 822
1714 759
976 315
3841 1148
2604 3115
18 3774
3704 4819
1390 2159
3292 1445
3925 3500
2245 2240
3389 3531
1187 67
421 2079
1323 308
2168 375
3288 2225
4714 1538
4376 291
174 501
2203 316
1462 4062
2903 4511
2206 1746
3384 3780
3647 3001
1832 807
2998 3773
4807 4234
2086 3050
3245 220
1230 4863
4843 2859
507 4209
4081 99
1362 3797
2684 4318
1701 436
1196 906
3103 2080
4221 92
2649 2917
4286 2443
4919 4031
1082 3067
3425 3175
2183 486
2661 285
3678 1603
4346 463
1286 2055
224 745
3521 1432
1904 3877
979 2220
2850 4874
2589 2153
1349 2169
4628 4778
91 2371
2383 670
2932 1743
3004 3430
2916 2532
2643 3405
3381 203
3532 4917
2343 341
3350 3120
338 2871
3001 3636
2937 660
3995 1437
1068 4992
1662 1515
1265 925
4540 311
3694 2215
3483 2057
2635 2810
772 3300
2505 3686
4856 3910
3537 4653
4098 190
4977 1672
2392 3434
4773 3468
3082 4523
915 1618
1457 1409
4550 3967
3290 1701
1506 460
975 1174
1174 843
87 2559
883 4020
3479 2326
2629 1920
2151 2631
4809 4342
4391 3145
409 248
1073 4029
3002 339
2112 3214
2579 3243
4883 3451
3772 2865
1315 1614
4236 1139
737 313
1909 3491
2434 2756
339 3150
2905 1566
2558 2529
3348 486
325 2130
4394 2891
1063 810
2807 2485
903 1261
1146 2846
3898 4822
1156 1750
203 1900
2802 2215
3155 4065
4735 1587
3632 2583
4405 2557
277 52
1205 4723
507 278
4050 3486
747 453
3963 4932
2318 2582
2248 3249
3025 1058
2965 4696
452 2402
2046 3479
896 3562
1559 4690
1697 1026
2377 2659
4450 4545
4193 2052
528 2757
2067 3227
3123 3678
4597 852
4891 55
1311 1294
4834 1211
1117 3209
899 4832
1924 1412
2130 4993
649 4178
3500 3535
4016 3660
1237 1916
2927 1945
1445 3775
3325 2013
1132 4495
1578 3387
127 2641
4555 2177
695 2515
872 4137
3803 47
484 1672
4171 2777
434 810
911 2117
893 400
4625 287
2950 891
1638 1980
2787 4812
3913 4152
3296 1895
1506 3985
546 2192
1904 610
1621 1650
3505 3401
4171 1771
1143 1987
2734 1728
4994 2271
4623 2050
2860 2722
104 2065
423 2567
2550 1523
2656 3841
4689 866
4345 4178
3701 2413
1357 919
3482 1081
4317 1644
1528 165
3848 4567
3388 1377
448 4175
4316 4778
3050 1043
3696 2219
4054 2160
3233 2580
1035 2487
1327 4163
4979 4220
4989 4767
2788 3354
1515 2232
4478 2447
1904 628
3009 2883
2564 2747
2204 994
4104 4571
4834 3533
499 2323
2267 1638
3813 3872
3083 1927
2544 2445
180 667
1557 236
917 107
1838 794
3406 3103
1147 3347
2657 1089
3049 4990
4609 545
1246 592
2060 3628
3831 3133
608 884
1724 1354
1912 4287
3947 2256
1672 3405
3267 236
1838 1792
2749 1566
1041 667
1585 625
2411 1292
3026 3729
63 3118
739 1188
4981 2735
4913 3563
3203 3199
1243 1347
3435 2847
1061 4806
3509 808
558 1161
165 4207
4138 1939
2831 1680
4324 4223
1099 1486
348 1671
1621 1845
2586 2119
4940 1275
1650 760
1290 3439
725 2052
1349 3709
866 2352
3991 3802
994 3535
1640 4020
3601 3286
1709 2550
561 2845
1853 474
2940 2040
2155 4158
861 2592
3799 4216
4885 1034
1218 86
4923 814
3334 270
458 2064
3787 838
2419 1006
4279 422
4360 2034
1067 3857
3155 4036
798 681
2330 878
1396 4721
108 2638
2930 3610
1038 4779
4817 1585
1082 3772
3253 3390
612 3179
2894 1891
1366 1177
4206 2526
937 2024
4439 3565
3703 2426
1524 2743
4755 3336
4175 4550
1155 4224
1591 2317
2820 3393
456 824
2521 421
1656 1192
2604 2062
2365 3249
2803 1436
4649 1837
4057 2179
2743 18
4492 2513
3411 2760
4634 489
810 2062
3 1174
2302 2447
4343 1366
4682 133
3652 754
4415 905
2066 4428
4512 269
2433 2032
811 3708
2766 2689
4808 3903
4688 175
4919 3957
165 1820
4127 3412
3812 3160
2984 4303
3626 3979
3053 136
2196 4452
2265 4243
4998 884
4973 772
4578 2709
4817 3078
1687 2586
1014 458
355 2421
2864 3384
211 639
1874 834
3572 3508
344 2716
750 1081
234 1046
1119 3224
3654 3705
1759 384
2219 1756
2991 162
1626 1983
777 4163
4148 2434
1694 2650
75 546
1286 3089
435 1160
2890 1186
1133 4798
3397 1626
4015 1558
899 140
79 2902
2707 400
891 697
2713 2180
847 3903
16 3185
3875 3023
1009 3196
3417 1274
3926 1035
1880 3290
2478 2996
3480 3981
3283 3363
971 4044
1805 3893
3178 2260
743 3992
2692 231
2934 3775
1433 4879
2013 1472
2372 2881
1223 1395
4884 3325
4437 3452
3517 2306
1816 2525
772 2397
4183 3375
1433 2563
3016 1302
3788 1838
2064 807
2849 1230
2289 812
1240 3172
2612 3163
2942 3104
2405 4161
2316 1570
2179 4777
4118 1616
2424 2184
3836 684
4522 615
3019 1665
2910 2278
1212 1146
1179 3401
1958 1892
547 4448
3379 859
4302 2436
1592 128
4755 2070
1584 4172
3139 2462
3058 3781
3116 2762
2383 3300
1314 3838
174 2450
273 3946
2256 1299
3213 1088
3955 1565
370 965
1155 3565
2899 579
510 2491
832 2335
3452 2487
2711 2681
2004 3864
4057 1323
2182 625
3854 2803
1513 640
4349 4314
528 2923
1463 2236
1029 1459
1136 3525
522 171
2053 1058
724 3347
1990 579
1496 3321
4834 3745
3445 4885
1476 1262
3199 3973
56 1800
4230 3
467 4520
4100 1354
4349 2437
3571 2297
2396 2534
1621 1079
2875 4913
3082 973
4488 3826
4907 2133
2655 85
3129 299
2327 4856
1255 2736
4646 3280
1669 4403
2391 3656
2576 3376
1304 2826
3008 4749
832 1235
4909 3385
3093 2503
1182 3092
4412 4484
3583 2906
1293 520
2528 3270
3911 4935
1918 2889
1649 3785
3471 2287
1186 2295
4830 2048
4563 4847
3680 3861
2242 2469
1650 234
426 2104
1445 1847
707 3081
4769 1460
917 2681
4863 2260
3610 506
1556 1704
4223 1269
727 245
2985 2246
3634 2839
4371 4228
4772 415
1416 2492
4381 149
1495 844
1385 884
1097 3262
3579 4818
183 2225
1416 1739
1163 2851
3962 2114
303 1797
3950 4232
850 1703
4815 4944
1065 3437
1017 4622
3783 2399
4213 1215
2997 1432
983 4537
931 1942
2036 1276
1888 4223
2886 4972
990 3507
2656 3127
3420 2058
4619 3317
3790 589
457 4188
4193 3458
3650 2203
4412 3899
4106 4502
4428 87
4463 3489
3977 64
1938 1690
2040 39
764 74
587 4426
1346 3754
2009 3636
1644 3718
1657 2850
2597 3724
2875 212
4208 2196
2474 1690
1399 4179
4528 3753
2796 2803
162 2899
1194 1041
1054 2184
3207 1838
4908 1442
4285 2169
3904 2273
1358 3425
4163 3055
2253 3797
4490 115
4778 438
1504 1436
1911 4972
4628 304
4341 1182
1526 2112
4245 4770
3452 4213
2794 2301
3968 3463
1990 2291
2145 1471
1323 636
2154 3878
3636 3108
4437 2401
4862 406
3058 2057
233 405
3037 2277
3782 2120
3743 3961
2028 2075
4254 3388
777 4693
3796 4581
4198 647
3729 796
1281 1389
4882 2040
3441 228
3469 2512
4661 556
3975 2539
1720 2157
2534 4841
4398 2490
685 4700
2740 1803
1672 555
746 1305
2604 3098
3972 4315
3537 3499
901 877
1250 320
3768 912
3778 374
3306 1681
4507 4981
1830 451
4532 4354
3878 4575
4348 2346
2719 1840
3221 1321
1537 4579
4774 3614
212 2452
2873 2107
4373 1358
3143 4522
587 4519
2215 2283
2342 2125
3754 3865
2595 4701
3621 4153
849 3409
1834 3410
590 1911
2831 223
1528 388
460 4874
3625 775
2482 2629
4224 1042
1693 2182
4880 3129
2263 4460
740 2093
4558 608
4018 3636
4241 1084
3827 1208
3295 4357
2514 3013
1924 4826
2249 4297
2988 4093
2832 4845
311 459
1482 1951
2263 2711
2269 759
4196 2041
3162 134
2397 4638
1634 4417
2856 1965
1467 4700
2343 4033
1231 3642
2795 3543
4282 1325
3649 2544
3854 958
3655 2574
1259 434
4774 1868
3625 1382
2751 4439
4781 1156
1924 3357
3631 2472
1942 1037
52 4053
1724 1385
3507 2928
1037 3858
3089 1278
1605 497
4370 999
3280 4949
434 2048
4305 3752
3568 382
2078 2904
4226 1473
99 3668
3701 3144
2207 2687
388 2559
664 1119
771 4873
962 3589
2780 395
600 3192
3459 524
4184 3092
118 367
1502 447
2719 922
4374 1137
1944 4825
4327 1830
1345 4011
2280 576
4735 2548
1269 95
1854 551
2946 1445
393 713
2861 2329
1674 4993
4412 669
4640 471
3394 2943
3733 1295
1057 3186
2688 978
3092 4147
2482 868
772 2856
4046 3089
1215 4848
3920 591
477 3082
3125 1901
2927 3618
3279 274
1681 4767
1796 530
1638 746
4387 1443
1796 2780
16 828
2448 4536
704 3315
2173 272
770 3849
59 4366
3221 2439
3024 4329
662 1253
