110 414 30
229 922 6
284 954 5
762 788 6
10 620 5
908 318 6
607 423 6
846 346 5
225 753 3
218 44 2
124 5 3
525 587 2
744 214 8
832 854 1
397 741 6
817 738 8
100 243 2
658 998 10
867 397 1
47 68 10
752 393 1
177 19 2
437 20 4
84 609 9
463 821 5
250 148 5
869 232 3
135 186 6
30 659 9
214 735 6
678 535 3
736 138 2
120 134 10
281 614 4
800 467 7
194 939 10
131 758 10
953 953 1
705 353 1
503 944 2
269 883 3
324 306 6
608 794 5
489 701 7
748 5 10
159 920 8
295 758 4
858 122 8
185 667 3
722 245 4
100 223 10
834 744 3
933 760 1
308 598 5
172 323 7
419 250 3
274 632 10
895 804 8
587 394 9
469 326 3
241 166 5
353 769 7
564 450 10
435 236 6
433 986 8
172 615 5
46 820 1
307 548 3
278 799 10
301 505 4
498 661 9
836 848 6
613 775 5
831 466 5
199 915 6
199 638 1
902 384 10
766 9 3
580 566 8
971 744 3
275 173 10
58 373 7
585 599 4
322 347 10
434 458 2
21 535 9
556 547 6
439 892 1
672 510 9
489 725 7
104 991 5
516 488 1
62 374 6
609 100 4
413 953 6
181 533 10
813 745 3
726 244 5
982 869 7
624 218 2
397 332 9
501 675 10
394 603 7
654 197 9
581 243 5
133 373 7
256 401 6
596 396 10
815 542 2
334 785 5
258 163 9
144 84
407 609
717 30
488 908
858 716
154 462
154 629
949 61
825 729
633 767
932 161
566 420
372 875
646 35
919 34
206 978
745 605
985 132
842 62
29 920
843 527
775 625
961 752
313 652
689 674
304 344
526 695
14 520
675 225
335 118
811 139
208 257
11 13
92 381
581 972
405 88
673 172
402 947
884 994
311 78
877 609
756 905
263 343
394 388
250 900
857 670
204 119
450 634
304 896
743 781
584 94
133 1000
759 487
886 89
802 540
10 687
770 997
124 808
992 699
442 369
901 416
377 770
161 438
272 935
357 416
40 865
547 278
768 116
377 330
284 408
44 437
67 940
122 417
908 618
178 709
621 447
757 896
725 199
251 266
94 430
832 942
221 641
423 88
912 960
498 183
257 710
579 901
816 490
852 280
172 926
984 712
651 877
567 778
811 522
923 78
292 938
593 74
425 231
759 833
963 249
912 944
110 271
832 862
941 260
417 981
223 847
737 624
882 2
874 595
524 386
486 593
209 244
351 109
308 890
184 886
534 845
985 988
153 582
926 963
462 549
484 541
368 696
139 685
523 432
861 453
94 969
618 619
213 450
223 347
602 672
734 981
326 268
320 844
729 707
312 287
950 722
869 32
796 151
923 955
145 892
859 634
971 497
589 833
842 470
669 387
901 102
978 503
7 392
301 636
252 662
213 407
664 325
511 65
512 423
967 395
766 181
478 993
97 233
7 792
960 305
587 60
338 670
629 45
371 573
868 949
916 450
522 883
425 692
867 758
145 942
254 305
565 33
211 657
130 523
189 563
110 286
536 361
167 983
751 242
721 278
448 986
809 796
679 665
283 442
839 12
426 884
136 79
549 283
832 796
679 885
534 770
930 282
66 865
119 584
432 11
439 813
390 590
467 356
946 662
729 617
647 871
174 174
289 52
627 878
475 813
52 424
110 953
782 516
671 616
611 542
418 284
498 593
577 343
345 573
285 580
926 10
616 920
85 212
924 99
193 219
627 52
121 77
961 245
325 516
990 758
230 120
887 286
417 738
592 921
541 892
123 503
764 304
708 935
336 718
969 943
532 617
931 404
554 295
123 520
433 675
354 300
682 76
672 757
21 37
258 162
900 654
443 611
742 646
263 497
532 759
978 452
994 234
361 326
261 676
500 840
514 448
236 237
863 484
485 581
74 627
816 753
243 320
441 980
823 599
777 751
769 131
661 483
960 249
434 367
378 906
529 260
562 390
439 452
60 519
284 778
576 295
499 920
778 112
145 241
273 979
129 978
146 930
35 629
26 146
488 480
482 581
134 772
691 656
303 626
141 506
454 507
454 206
892 566
921 893
483 919
456 260
832 156
74 924
395 221
689 459
991 24
547 363
602 99
630 982
247 181
763 875
223 903
706 389
817 916
914 137
936 126
599 702
542 738
275 557
988 806
67 477
752 784
348 33
130 81
157 386
829 880
607 188
245 839
69 101
182 333
509 64
544 992
846 410
544 12
81 197
345 734
284 287
501 393
907 200
248 811
688 788
693 418
490 938
332 562
222 534
59 176
785 215
979 770
436 922
316 487
791 753
381 227
718 613
925 334
700 517
543 852
412 613
852 13
863 465
700 983
493 585
427 514
948 278
916 620
746 975
791 69
844 33
671 272
523 31
333 315
866 194
753 514
475 263
561 698
912 961
591 301
894 399
111 601
40 738
865 76
65 221
217 215
558 211
127 673
549 860
288 930
495 994
951 480
757 271
821 198
574 200
251 653
152 60
31 807
932 983
913 528
274 102
453 62
856 770
708 166
846 92
775 919
897 784
365 360
162 854
831 461
462 478
80 587
917 700
221 732
713 921
901 283
778 271
111 144
450 873
874 790
789 646
223 621
742 216
