30 54 5
930 747 4
638 63 1
860 779 2
617 541 4
772 477 1
355 721 3
967 368 3
82 65 4
359 282 1
962 447 3
463 754 1
931 340 4
460 910 4
348 852 3
659 835 2
194 578 4
236 56 2
506 371 4
66 609 5
947 950 1
990 70 5
411 289 1
978 212 1
641 401 1
791 474 4
931 61 2
59 602 1
190 59 4
506 651 4
993 107 1
350 16
532 165
295 486
423 813
821 346
129 58
883 367
902 350
371 454
714 591
71 934
860 420
339 819
249 603
450 387
916 493
958 306
485 722
468 374
499 703
925 329
803 793
617 599
409 38
536 926
313 391
873 615
36 216
672 769
511 881
690 431
393 474
871 661
853 162
771 945
142 708
379 537
700 83
446 590
106 767
334 943
415 484
820 344
616 196
604 953
203 807
755 861
955 432
1000 58
748 554
238 158
955 315
346 715
746 725
