130 1318 30
241 134 7
60 240 17
489 111 19
338 450 10
371 119 11
314 483 14
76 149 2
151 320 29
110 484 15
259 33 26
373 183 30
292 19 3
395 371 29
182 75 5
56 200 18
431 343 19
312 70 23
151 93 12
337 465 14
443 69 13
231 146 1
194 243 9
19 36 25
349 13 28
407 452 14
235 218 12
15 464 7
115 364 24
106 407 8
40 99 29
465 385 7
150 289 18
209 391 2
476 336 21
221 291 18
194 446 14
263 494 27
487 267 9
68 397 27
86 28 13
336 315 17
308 349 23
128 149 24
413 138 20
187 174 27
168 402 25
270 123 1
6 369 4
485 57 26
452 492 9
128 231 14
176 397 11
13 398 23
97 453 2
264 9 16
380 265 6
129 220 2
52 101 27
84 115 5
13 202 25
421 42 2
25 142 30
46 445 6
379 279 7
102 452 8
432 464 19
278 277 16
461 41 11
52 483 13
244 358 23
166 367 3
171 487 18
268 208 10
140 236 3
114 118 17
356 149 21
401 468 15
148 470 4
105 322 15
69 334 29
252 60 9
237 256 29
486 91 26
288 162 17
223 285 18
159 70 7
321 454 15
63 500 4
280 245 11
144 88 29
60 466 5
161 267 9
398 232 13
457 161 22
390 492 22
406 288 14
491 332 20
9 371 21
197 323 7
201 28 4
65 245 11
102 473 1
248 283 18
83 303 5
139 412 2
275 35 15
274 293 7
348 62 24
29 336 12
386 424 27
177 448 30
227 281 24
396 326 14
230 62 10
252 363 5
200 320 26
366 74 5
119 332 24
490 79 6
156 483 6
105 4 24
139 236 20
97 379 24
453 127 13
193 373 12
406 366 19
302 172 6
208 475 28
271 16 22
78 145 27
407 306
416 20
440 269
336 345
77 89
326 265
144 65
415 208
62 157
473 425
71 238
85 414
379 297
485 387
17 22
431 334
488 220
228 210
63 203
99 311
75 177
383 34
47 218
49 332
65 170
384 107
153 375
181 342
336 464
209 456
405 253
431 30
464 116
92 463
467 114
455 323
222 58
68 449
116 103
342 494
187 9
182 216
332 314
233 8
341 76
26 324
372 165
50 297
344 24
7 64
124 300
322 172
136 89
465 211
354 39
144 362
162 258
4 83
367 263
415 53
293 85
366 235
439 274
38 1
179 380
419 199
139 394
228 431
385 216
169 264
46 385
381 478
294 11
212 397
156 212
484 160
478 24
188 301
154 225
44 163
396 440
62 64
331 267
80 58
406 10
99 339
450 30
134 350
179 422
415 146
87 222
271 221
192 197
88 126
431 364
290 39
191 492
47 318
308 57
30 452
243 189
184 299
304 154
287 79
260 323
25 338
473 223
324 87
424 151
131 68
50 172
148 177
66 195
117 299
17 337
403 498
236 121
171 282
178 51
9 242
226 104
301 447
209 3
95 136
66 280
43 80
424 173
114 351
375 151
487 331
495 63
423 243
53 31
219 125
5 375
29 90
126 255
177 69
20 66
233 204
149 384
119 81
324 60
91 267
270 349
334 388
149 106
241 210
106 295
52 123
282 276
458 470
117 3
58 327
441 427
69 461
133 262
149 14
432 23
384 303
445 14
279 15
81 218
424 335
282 110
499 30
180 29
344 8
395 312
341 430
365 96
139 103
312 139
27 223
403 127
43 431
348 206
181 289
164 258
217 90
421 200
59 63
266 488
292 50
244 475
145 362
207 57
144 105
1 192
111 86
376 343
27 36
32 450
42 342
79 46
161 307
261 343
459 444
273 323
209 348
275 443
326 219
299 217
378 67
455 161
89 265
104 89
374 195
499 134
153 294
97 382
228 30
310 6
468 116
104 292
366 92
365 70
352 253
65 377
256 1
108 270
494 425
243 409
296 55
254 450
99 489
178 97
437 385
129 321
334 221
120 314
373 430
242 238
27 182
314 27
181 260
334 80
132 283
131 292
426 420
332 367
458 106
73 226
311 155
181 162
153 345
400 269
19 257
361 55
421 92
407 165
221 490
473 386
440 355
70 242
367 439
22 234
342 409
122 64
319 371
193 58
95 411
21 117
120 360
24 58
327 108
479 484
303 474
65 379
234 421
26 241
497 42
311 237
129 473
106 159
210 415
298 457
208 355
164 403
206 168
376 125
415 276
243 453
377 311
282 283
322 26
261 6
153 64
409 66
371 322
211 476
307 164
28 101
39 303
123 46
340 301
438 308
18 165
55 129
298 136
288 8
243 330
152 107
349 133
198 106
55 266
22 233
51 274
6 172
196 72
409 401
401 46
125 456
464 246
216 387
9 84
277 62
114 336
74 415
123 425
454 3
331 324
37 316
33 289
262 366
48 37
36 184
44 356
381 479
419 455
448 300
238 477
5 336
313 398
495 301
292 242
301 398
467 102
173 136
414 238
376 74
82 463
230 242
110 455
388 84
157 81
307 293
179 259
92 342
209 283
114 382
74 118
132 476
254 184
152 33
300 39
431 393
491 373
117 41
4 317
214 470
332 132
338 258
154 259
424 137
5 234
496 180
197 322
143 297
382 460
125 291
378 341
483 77
37 201
115 383
321 176
434 101
250 454
128 476
133 228
16 453
60 246
132 496
383 91
330 247
349 408
422 112
117 396
333 190
412 35
312 245
335 309
230 91
191 37
31 36
472 417
287 78
374 31
240 271
261 115
392 153
488 422
12 74
327 160
290 227
142 198
412 486
73 243
127 332
36 291
96 139
175 205
378 16
130 33
317 268
249 284
435 380
197 70
391 455
301 32
419 103
400 346
419 151
115 222
130 452
30 206
269 447
255 336
48 278
183 440
276 459
99 459
414 230
181 89
322 267
131 247
67 467
340 221
444 233
50 90
115 337
64 368
416 121
139 21
330 469
190 101
167 360
430 133
48 376
323 32
82 384
334 269
258 352
233 240
389 4
166 65
91 368
267 239
245 5
293 310
9 483
69 292
65 41
267 94
384 209
377 122
258 195
483 66
455 54
198 64
475 363
363 168
424 27
61 34
421 435
373 314
93 61
392 204
461 114
107 240
297 59
319 176
33 271
472 3
470 156
408 223
481 31
197 22
229 495
343 460
14 113
326 28
196 76
427 263
409 86
394 369
108 399
270 155
116 146
108 317
345 416
185 301
438 405
402 303
238 336
97 377
276 460
243 89
194 192
141 355
195 343
207 35
95 234
168 347
9 225
370 308
473 171
343 47
294 91
110 278
327 287
100 434
268 244
368 177
388 89
116 166
313 361
340 311
38 450
171 176
83 98
185 281
488 87
116 478
445 451
222 146
172 200
228 92
361 459
355 397
158 477
482 140
423 149
298 343
44 32
328 400
230 399
414 369
9 61
491 420
378 159
332 352
479 438
419 189
407 366
239 189
125 373
475 59
263 404
203 485
425 424
226 239
135 317
348 315
253 499
323 267
132 38
369 181
352 202
101 342
81 472
232 388
423 35
229 360
186 186
146 29
415 418
266 201
409 244
225 425
65 1
125 324
446 303
41 266
265 182
293 320
381 71
171 193
404 54
117 171
10 310
452 348
230 455
397 422
378 200
334 415
439 471
58 233
218 35
230 56
187 142
282 255
481 459
372 413
48 302
44 367
421 457
403 470
58 394
36 43
34 369
79 91
371 365
305 287
24 164
398 435
247 460
84 466
450 407
241 392
37 275
288 73
108 339
338 195
166 230
55 56
280 311
128 28
210 457
378 183
226 119
327 6
328 109
216 188
384 319
251 364
142 301
127 446
17 261
483 374
241 251
48 354
40 335
59 231
389 261
133 197
138 12
253 8
100 317
281 305
71 164
126 386
466 56
418 233
413 17
88 447
410 164
85 344
269 356
175 240
53 381
336 417
281 336
488 217
399 345
241 433
353 34
252 2
107 115
446 379
427 214
38 79
195 363
184 187
184 357
202 275
462 456
440 109
309 105
185 131
202 101
410 206
33 17
84 250
246 192
148 89
426 438
246 87
377 386
152 425
202 182
240 403
472 450
429 323
77 481
455 149
263 73
163 113
41 443
359 275
208 52
206 371
395 36
64 387
276 169
403 441
250 457
54 378
256 136
327 439
62 29
69 33
14 455
400 442
116 387
224 277
265 103
3 207
320 83
413 481
177 167
236 372
146 220
144 364
341 217
368 62
458 274
41 169
294 313
171 414
112 314
183 216
430 306
11 423
2 267
278 276
133 217
350 360
475 224
308 159
25 324
395 14
249 204
247 417
175 225
215 471
271 403
439 84
86 265
35 418
92 13
39 247
227 325
471 278
296 223
220 34
432 376
424 262
452 423
175 34
347 218
361 56
109 74
157 328
464 223
367 61
287 221
141 336
77 495
493 427
199 90
315 486
108 288
165 129
278 161
198 170
235 16
119 34
487 163
399 480
336 371
73 272
397 494
99 418
14 308
244 429
14 145
312 385
288 181
437 309
54 203
65 347
112 412
427 26
242 183
478 16
421 116
7 56
55 413
307 195
106 417
83 390
17 436
127 83
54 224
6 430
150 424
414 236
61 488
496 343
286 277
282 331
165 206
385 67
84 114
404 338
461 69
151 194
462 431
264 433
189 89
105 299
11 27
391 60
231 276
184 166
255 307
373 132
186 216
204 93
415 8
484 439
145 470
273 295
411 308
90 355
423 227
447 66
489 369
280 144
413 130
382 87
318 437
21 355
138 53
2 155
409 490
3 244
295 275
424 235
178 340
357 196
375 33
437 15
213 363
281 417
210 490
177 116
227 303
114 116
347 254
497 51
111 200
215 104
41 38
334 222
163 155
91 265
479 223
63 365
27 448
111 427
325 161
86 240
114 495
498 136
254 130
436 306
294 417
415 245
328 112
37 72
192 323
286 457
64 250
160 490
173 128
297 243
385 423
70 237
486 400
421 154
347 122
360 463
97 487
394 370
257 296
189 420
248 3
409 216
153 451
263 85
37 33
263 43
147 490
416 216
364 155
306 105
315 286
101 456
422 90
354 384
168 342
100 463
488 257
124 209
229 472
395 372
151 360
207 386
468 286
30 112
162 134
90 380
10 390
72 199
269 448
154 240
8 199
315 168
447 485
367 311
434 298
457 277
213 176
202 236
213 308
156 86
155 402
197 170
243 218
209 394
485 198
137 195
260 461
253 29
3 10
282 31
112 196
423 348
224 456
206 262
63 321
472 400
222 234
36 133
454 38
28 278
246 413
21 115
314 91
265 166
357 303
222 28
264 289
10 364
276 352
215 287
169 291
15 39
49 160
159 38
110 350
147 464
429 363
233 186
205 55
194 316
263 399
218 73
148 112
296 189
115 151
311 334
129 413
78 4
253 120
198 38
123 281
225 416
158 432
37 179
253 284
42 239
97 263
147 453
203 254
248 356
217 45
461 429
156 62
304 26
470 225
80 387
387 263
364 446
12 31
4 215
493 253
151 265
288 37
493 455
385 3
401 318
240 14
67 85
186 425
336 253
163 1
85 343
442 353
114 470
73 303
47 26
119 321
143 412
356 440
93 182
271 409
18 302
456 496
184 151
136 448
46 345
272 37
341 214
402 359
203 242
224 156
436 73
360 157
60 277
282 1
439 72
77 47
272 51
236 105
87 252
466 479
183 348
358 171
282 213
92 427
71 290
486 240
222 281
121 153
262 65
284 288
232 204
31 148
249 88
425 349
239 272
17 460
247 178
403 418
316 312
467 405
288 155
36 260
143 230
360 227
403 363
227 333
186 158
304 274
217 95
121 456
244 171
171 386
82 164
484 237
281 361
284 15
396 353
406 498
172 59
345 417
461 162
237 465
38 169
235 340
265 99
286 280
221 180
285 400
204 95
93 104
159 240
91 348
187 454
500 321
281 486
42 221
263 212
373 112
215 197
61 477
280 291
452 170
183 102
385 96
244 161
380 403
359 12
355 227
447 8
44 177
48 420
232 349
191 395
176 234
276 457
122 240
65 374
98 98
314 422
268 319
10 87
244 83
364 404
154 262
241 131
238 198
109 494
236 35
31 211
138 196
68 376
74 294
61 199
18 29
136 281
268 212
69 114
443 79
340 79
459 436
221 117
420 263
104 244
470 234
223 179
472 95
166 160
77 38
54 450
193 392
352 361
490 246
437 258
106 346
377 109
119 250
492 210
28 241
8 333
338 368
329 451
484 443
221 453
381 442
482 357
201 280
237 349
460 307
317 18
85 37
268 332
239 408
66 353
236 103
20 281
361 271
108 476
374 160
403 467
123 99
118 424
497 29
426 374
152 167
226 351
372 252
241 160
411 306
343 420
5 141
358 445
44 155
420 216
420 174
261 221
136 346
394 276
101 371
424 437
24 395
241 225
74 243
238 256
397 282
187 218
282 390
221 208
404 351
375 275
385 399
353 104
479 42
323 423
275 465
282 429
142 347
87 362
329 147
424 476
93 404
63 197
48 481
311 279
294 201
87 289
174 327
435 200
30 215
403 238
143 13
224 488
352 219
280 68
245 63
363 255
363 209
189 323
180 251
446 426
299 119
203 417
56 491
500 219
258 457
328 227
74 431
442 16
80 8
133 363
191 426
150 356
145 232
243 375
309 153
410 488
449 289
378 386
469 178
304 50
283 396
470 178
79 151
92 424
405 265
271 177
437 84
86 26
81 272
348 442
27 17
152 61
246 458
394 2
90 310
107 121
7 420
145 265
185 220
77 58
123 380
373 31
379 346
281 471
203 425
206 101
194 298
196 209
231 50
279 332
378 344
425 470
95 368
192 76
115 110
120 438
74 236
324 35
382 469
462 170
203 109
87 286
384 381
374 488
10 261
122 463
37 491
225 125
61 126
478 98
