80 1170 30
2552 2052 21
4842 3241 11
1253 3844 6
2646 550 28
3178 4907 30
1335 1947 30
2729 1871 20
614 2173 29
3938 2221 2
3332 1546 30
2421 763 15
4964 1225 18
4713 4694 3
576 4433 5
1933 3312 13
545 3433 9
2618 2993 30
2845 2664 26
3938 3880 12
2794 4327 6
2262 2365 5
2872 1444 2
3531 2074 3
4639 1595 4
3955 2506 8
1541 2133 1
1652 3470 27
2400 655 8
3234 1784 13
1094 915 23
4786 1072 17
2388 2232 20
102 2050 13
710 4716 27
2835 3587 6
3063 1813 23
2811 2663 23
4968 67 15
1481 2938 4
1793 3093 21
3558 4483 14
4768 307 20
1784 2830 10
4784 686 1
2556 3895 23
689 660 20
780 3868 6
4425 3786 7
3184 1655 16
2813 780 30
686 2830 22
1937 2406 4
4120 530 10
658 310 5
1276 1184 4
1352 4943 29
3316 3958 16
2556 4588 1
50 4446 3
1946 3403 7
860 172 4
4661 2754 4
1610 2030 18
3915 1963 16
3778 1750 13
1800 4872 17
1075 4799 25
1867 412 20
1882 1513 14
4351 3020 29
4442 3354 25
3465 2905 10
2723 1055 1
3542 2368 25
834 2290 29
2618 800 6
2422 4820 9
4672 1733 9
1846 3274 10
2941 3152 28
4073 4087
3127 1476
4122 4722
3345 4408
433 2246
3397 3642
4879 3991
621 2003
3260 3871
4659 968
227 1631
137 849
3448 266
4455 1521
4187 3714
2307 3207
17 249
3119 2125
4812 516
3264 3919
1700 1612
3019 310
3913 3773
2958 3180
4882 1677
948 2820
1161 902
2107 4590
3613 3362
2699 1656
1028 4752
3196 1335
4093 4226
4437 2126
3528 573
1435 1188
4998 4751
3766 1528
2662 4232
298 4321
4702 4462
4562 561
56 4418
655 2052
4070 681
3948 1416
4839 2907
1677 1949
2782 1630
3399 2210
2265 2466
1889 739
1848 2916
1525 1526
3780 652
1079 4531
1067 2558
4219 823
3488 4406
2456 748
4473 866
3080 1455
1575 1863
3348 4153
2578 269
2105 2722
4371 3370
3142 3168
570 1085
2497 2917
3561 4998
2135 2421
350 634
4828 4896
346 3285
450 130
4697 180
3325 1316
2922 3560
3511 1980
4181 2993
4913 648
386 1071
896 928
602 3585
2895 4728
753 1386
4104 4698
2447 3247
3952 2255
4233 793
1910 1649
3153 2573
3855 2891
3243 936
682 3171
4473 343
2234 2695
1312 790
1528 527
1438 910
2345 1718
39 2294
2475 3148
2673 1556
4819 4517
1954 3888
2378 3875
4417 2797
3496 3477
2773 2100
2080 212
102 2627
2857 1505
2789 1696
2137 513
857 1895
1996 535
3350 2633
4006 4530
574 3253
2081 1063
941 2646
1943 2135
1471 2861
1889 3539
2986 700
4 3718
1678 2183
4110 1398
2730 962
2586 614
16 1088
4977 699
3750 1980
521 3845
868 464
1988 2604
2786 3334
4617 1250
4029 4344
1290 174
440 2739
4218 2759
280 963
1687 4507
1149 2429
231 2760
3479 960
1926 2227
3645 4714
2226 1125
3571 4926
637 4923
3241 2757
2620 4449
338 4549
1066 4643
1176 4228
3937 2720
384 2366
4424 706
1101 3229
2972 3704
854 293
2418 4789
1701 3698
3734 3761
4632 3914
1305 909
4501 4081
124 1219
2141 1990
157 388
84 1969
1328 2241
660 3996
4124 58
2084 1509
1672 2590
3486 2290
3907 4250
1721 4688
2947 4550
1361 2797
4722 3960
1605 3916
2221 4303
4660 3347
4983 2514
3189 4991
1066 4263
74 1260
481 1678
3474 3190
3700 326
4677 3441
2589 2875
79 4401
3366 4948
4073 4291
2680 866
2279 557
2891 2232
1054 68
1244 1210
1188 1558
4177 3766
1405 3194
2793 3281
985 4063
937 3240
4728 618
3660 1368
3953 2523
3402 4815
3422 4803
1101 1611
145 3560
513 1799
1560 4420
334 4487
947 2822
226 2870
1501 1989
1322 1970
4799 4161
3773 98
4533 118
532 2313
518 2286
3123 969
3645 1876
1953 3397
3831 4090
2226 4460
1411 800
1782 3552
1660 3713
1118 2884
3829 678
4154 4714
1471 702
3477 1033
2051 4419
1171 3316
170 4879
4259 4564
4264 568
758 2015
3180 4634
865 4537
2908 2177
1172 4187
2765 2926
3045 768
2150 1767
4676 2439
2844 847
1563 2380
2443 3578
3751 2704
1568 3835
3008 4361
1336 4975
159 2252
1438 797
3380 1565
3651 213
2014 4674
355 3339
1986 3088
225 1529
1840 4282
4491 2920
3325 3301
834 3292
1290 2263
3182 315
1844 2635
1012 1642
3019 4490
407 784
1147 3590
1687 2197
6 1142
2212 3889
2938 3610
4672 4259
2489 4931
145 4109
4909 3046
2646 1726
154 4239
2113 212
3565 4757
1869 3505
672 1260
3999 1294
1640 2029
2777 2915
1792 800
2634 2750
1150 1934
1061 2271
4686 4246
86 4292
1941 4706
1591 3278
3883 434
2851 646
1863 3911
2453 317
4359 1597
1276 216
2017 698
2296 3811
4366 4907
4756 1631
482 4905
510 3146
1619 3386
4759 3618
3546 1239
148 2703
3837 1225
2089 2394
1731 1421
2034 3204
2133 1609
2918 4201
355 1458
2455 1338
1165 3999
2502 4105
4114 4891
1084 1536
1115 245
4426 1131
4672 4339
748 3433
4027 2873
714 1624
3515 830
4773 3233
2443 2827
685 3676
2467 4883
3223 1312
2303 3397
1910 2380
1017 1994
1598 1953
1050 14
2758 4492
2523 3309
4202 471
409 1947
4024 3116
2971 4268
4327 3268
1130 3591
3178 1484
1791 2584
3275 1262
626 3708
4440 1422
1735 2707
1680 388
670 3858
4202 3071
4804 2699
4919 501
4675 4050
3020 2612
3683 4411
4892 1423
3492 673
3251 1366
3139 3237
4433 3057
4559 2450
3145 3670
2702 798
3589 3692
782 1877
4436 2962
3975 932
4023 4724
1863 80
2257 396
3688 2492
4423 3928
2553 818
3542 774
1546 120
4347 1706
3881 3065
188 353
1251 2800
881 3462
2151 3032
2041 1418
2510 2079
318 3923
2693 3666
3986 4936
1707 2854
1772 3535
120 2270
1818 2532
4070 2602
659 4158
297 4464
4861 2743
3584 3068
1086 4805
2192 132
856 23
3848 1465
265 70
4594 1805
2288 2538
3131 2274
2771 4034
2212 1251
562 265
1511 1446
367 3925
1325 312
4130 2231
2088 4540
384 2402
4760 1027
2577 742
3541 1598
1539 1578
2113 1745
2065 4912
2232 1501
1913 836
3594 1915
9 2803
3609 755
1147 4765
4329 875
4394 1699
1992 4773
3756 3747
3472 1868
1512 1726
1399 1891
4601 2770
2393 4162
1582 2577
4053 3183
2849 643
1339 1718
3614 2243
3314 494
139 2797
4539 2184
2960 2575
3126 133
2148 4486
3373 1130
3247 546
4795 3588
935 4492
35 1272
865 788
3963 3349
3498 715
1842 1849
1032 388
3669 4876
2055 3019
4973 3560
3157 3789
4810 3572
261 53
4697 4603
4436 2342
473 3195
2086 4846
4274 3057
2166 4658
3948 3173
3424 1502
2323 4958
854 3823
4596 4198
3899 616
2873 317
2005 2202
3898 4309
4351 304
2149 4613
533 721
4033 3605
1960 4526
2887 4996
2343 4721
836 833
2689 1189
262 576
511 4246
1083 4595
1414 2508
2711 2049
2094 882
1403 4114
4491 1869
3774 1753
4 2843
2500 4452
947 611
1434 4831
660 3035
4745 1227
699 3630
4836 2881
1498 4196
2869 2110
4055 1982
4470 2325
992 4941
4695 1791
3915 2684
4265 3617
2743 3406
2779 3880
2933 4599
2469 1710
767 1506
4841 2849
4257 1478
1558 1333
2086 1590
3033 1784
999 1078
2124 3819
4725 2893
2429 2734
3820 664
604 2366
1828 2693
75 1483
360 75
131 776
2948 2455
1960 1432
2350 1369
4427 2992
491 2674
2299 3712
2453 4826
213 485
4776 180
3693 4252
1276 4107
326 3204
2433 4891
1680 1566
1242 1359
4691 3371
4653 2675
3018 4022
2154 2927
1410 2433
4048 3800
3066 2273
2651 2965
4062 4861
2705 128
2714 3049
654 3013
4890 85
3641 4364
3620 3443
1122 2993
3410 4797
103 1612
1358 4867
3136 4930
1928 1296
4452 1196
4549 1131
3273 806
365 1981
4144 1348
4414 3398
1757 1790
4543 3894
2948 149
4545 2267
1966 2189
3911 4500
4025 3407
2834 347
3993 1070
4302 2558
2056 3336
366 2967
2031 2399
366 262
1934 2111
3717 178
4897 4958
4567 2338
2001 4946
3597 3776
2597 4373
1044 2955
1165 93
3372 3623
2682 2330
2534 1525
4221 4491
3420 2872
1513 3151
4735 2492
1518 843
1319 660
3023 3833
1854 1354
3812 3148
4965 4061
2339 1119
3401 2867
3271 4815
3659 4275
3760 2269
1785 1491
333 2472
3606 989
656 2793
1949 686
4665 2843
2395 2854
1763 1432
3754 2600
2470 1489
1290 419
4146 3295
2653 17
514 1074
2417 3952
132 2607
3 218
2818 1294
1339 4908
4799 1800
4036 4321
3783 1718
2053 1998
4138 2085
4074 2489
2594 2214
4669 6
2872 531
2406 1915
3570 2547
2586 833
903 1143
2946 1135
1974 3101
2218 1441
1082 2452
2033 1424
997 2149
4926 4554
2169 3781
3022 1330
256 2668
1627 857
4183 4908
98 380
3741 2574
2290 1450
402 3852
4167 4378
4244 3116
907 2886
4006 1443
1897 3453
4826 139
1727 1794
2663 1890
2148 396
3883 2304
127 1407
1468 962
4451 1676
792 661
1821 4741
2342 2273
3922 1439
2568 1899
2731 4111
2942 84
917 3320
4197 290
442 1581
2797 4948
2165 3725
2113 225
4744 4625
35 94
568 1454
3895 538
3168 2403
4442 652
4588 1918
725 4809
4519 420
3776 4480
2919 4589
2656 3570
602 3007
205 525
6 3549
3429 1876
4918 4521
2904 282
2915 922
4520 3098
1982 2513
1100 2831
294 2448
2643 445
2443 3612
1648 2001
4338 2691
3622 1015
4903 2649
3982 2320
890 1099
408 2763
2876 2696
1368 528
1486 2825
3868 4165
4793 3554
520 3918
4534 2380
4716 3786
3126 71
1115 3756
2696 2398
2065 3828
1279 3248
4561 1970
2492 3037
3828 4985
1096 3304
4496 2095
3179 4942
1597 2895
2945 4459
4148 4404
4080 4623
45 678
1024 1916
2486 1875
2370 4385
2809 2362
3699 1515
1143 3995
4713 530
2145 2810
3666 2699
3944 1104
1760 3455
1683 2949
2165 3528
592 2597
924 3367
1589 1372
1277 890
179 3516
178 1793
1206 3941
2059 4640
2418 4298
650 258
1170 3610
2769 784
3085 4662
4145 2467
4196 4325
1798 660
1934 2271
2107 2409
4721 4484
3703 2631
3324 3941
2868 4606
2098 1999
4895 48
2697 366
4772 2947
1761 610
2541 4844
1580 1284
2487 232
1228 4485
1850 1939
3523 4338
341 1984
3479 4488
3438 1438
3196 4284
4642 2989
2192 4478
4714 100
3072 1516
2275 4573
4902 1535
743 4288
1363 1333
590 619
1617 4145
896 2332
4618 3320
4022 3113
597 4670
2477 937
981 4962
872 4427
4475 1654
3925 3262
930 609
1975 3902
2479 3398
3202 4149
413 959
2112 298
1543 4613
4901 3706
1835 4537
1108 1760
1446 4124
145 320
2979 141
3432 1658
2102 3455
192 3705
1129 791
1522 2896
3836 4676
297 113
1897 83
615 3949
3421 597
2202 55
2066 4354
2128 870
973 3520
4145 1083
988 3280
4813 1597
1093 4756
3846 1135
4491 1124
4221 4148
2980 1715
1566 138
1247 3085
2899 4097
3095 1187
1689 3221
3259 2518
2768 3114
4039 4780
3956 3038
1568 3784
4030 2732
3411 488
2075 1998
4627 4817
3479 1134
1617 4209
3159 4518
4659 694
1982 4205
175 3785
943 1295
4378 1921
3649 2130
204 1606
4929 3323
1900 4575
4672 380
3112 485
1865 2830
467 603
4290 3240
2861 666
345 80
2213 2216
690 1155
4387 3479
42 1668
2581 3832
665 1471
4806 3007
412 3430
698 747
3362 318
50 2838
4676 1775
3909 51
1364 2507
3391 2451
1738 432
4596 3765
4805 4404
3843 3010
3824 3376
3775 2024
1057 4835
2899 4858
2453 1596
3349 4428
3167 2289
789 3622
317 3015
1100 4968
989 158
451 180
4729 4431
4710 4770
2487 2826
810 4977
4396 426
3231 4084
4745 3846
3288 2355
971 244
2142 2417
524 1109
3164 4660
3117 4752
1185 1210
1590 3765
411 1787
4014 470
954 4898
1333 1886
581 4161
2771 1131
653 3223
4893 1462
1305 4694
4514 1749
329 3359
1254 1806
3818 2124
1536 1156
2327 1363
1991 3666
2596 1253
2629 4147
4925 2039
7 3455
2353 418
2967 4155
3874 938
4041 3159
1526 4787
4205 3130
1037 777
1846 4535
3856 436
4189 4543
4062 1250
4747 3775
4249 1187
2151 299
2800 3550
4248 1435
409 903
159 53
3448 273
472 1863
151 4405
3395 4747
82 3151
4463 587
4700 3951
3463 3544
1407 3127
3635 994
4450 2575
84 2230
2001 1393
3726 3880
731 4137
3654 3621
4438 4023
1478 4477
4876 3233
3094 69
4685 2847
887 3613
4149 4144
4047 4805
2979 3846
2898 1537
159 1208
1858 2385
2653 669
2144 4091
3188 3416
2847 1120
968 2389
443 1525
908 830
4961 3274
1899 1906
1281 779
2688 968
2275 2821
2988 4630
3057 1505
4349 2441
4444 2041
175 2812
2723 2320
4419 1653
3909 4934
1692 3158
1225 3759
420 4462
4447 2415
3913 388
3679 3822
1040 3445
3663 380
1433 2518
3560 129
1932 1250
1766 1506
129 1298
2012 2069
4588 4364
3451 4104
3523 1141
2752 1066
1091 3131
3781 4329
4866 2449
2400 1127
3874 2997
546 3211
1460 4950
3049 4943
3096 1068
4894 111
4632 252
797 4206
4535 2634
1520 2561
347 4900
3028 933
47 1232
930 3078
195 2013
4287 1180
4513 1016
2581 2432
672 4075
3447 643
2566 3861
1347 4316
2170 3795
320 3234
943 4215
4802 2440
2758 4700
642 3333
2846 955
204 4305
1109 2999
2272 742
1611 3316
2709 802
4776 2250
4688 2945
1100 1004
3218 4238
828 4185
4991 1335
910 376
3702 2380
2434 1036
1736 243
905 3996
2237 1353
1258 2241
1440 4294
2265 3394
3860 6
3227 3184
540 1368
130 4420
2816 3924
679 998
789 837
239 4262
3651 2985
234 2616
1414 593
1511 1746
4985 4517
192 1945
2709 3339
2358 29
3509 354
4619 1845
1621 2107
1659 2544
3965 3066
2392 3463
1034 1654
1527 3817
1099 2289
4822 2854
4102 1346
399 1273
3026 4794
2731 482
921 4958
3528 1445
1879 4897
3557 2676
2400 3186
1441 1892
3200 2022
3800 1327
4910 1094
3024 379
3224 990
3179 4703
747 4288
2412 4214
4853 1302
4012 4377
3986 2710
2152 1301
2562 3748
2615 4063
2654 4754
4950 3286
111 3515
3448 281
2051 4270
2069 4550
4664 2069
4487 488
4883 429
3634 4779
3267 3616
1478 4522
3252 860
3034 1952
828 2747
2072 2150
4882 2588
