100 531 30
750 777 2
1411 3605 30
4727 254 6
1621 1880 1
1452 1365 10
1174 1649 10
2012 4132 25
4092 95 6
2352 1080 17
813 1163 10
3899 2573 28
660 1082 21
4826 832 10
705 808 20
3464 2321 12
3062 3332 24
1600 2119 7
4079 2172 28
4884 2796 1
3370 1967 7
3343 3057 27
4885 3812 1
1281 3208 22
388 2888 8
2458 2655 15
4788 1158 3
1148 2123 6
1808 349 21
3828 3474 20
479 971 13
4720 830 7
1598 2503 8
1025 4595 4
519 2068 23
4783 2776 12
1136 2001 14
4718 4993 30
3360 4223 30
4684 637 4
146 3233 8
4020 1647 27
3473 1866 13
1509 3893 28
1529 612 10
3925 2388 21
2700 3411 22
3570 4756 29
2037 3591 19
815 3414 6
786 554 4
2098 1727 4
3582 86 26
758 4159 16
3785 3069 1
3575 1490 12
1394 957 2
4977 2933 9
2563 4592 5
4606 4641 7
58 4153 5
3450 220 29
609 1454 18
4272 3140 7
2604 1477 26
2205 4458 25
2480 3844 28
2403 3019 30
4897 1918 15
1838 124 19
1022 4096 23
4039 3662 17
4628 2676 29
3798 1927 29
3027 896 17
668 2647 5
644 3413 15
1285 3248 13
4497 134 15
3379 721 25
2467 1184 23
3637 479 28
2217 2992 10
2051 988 6
2452 13 24
4778 3425 22
4182 1367 20
1966 4244 24
3320 4032 30
4447 2948 28
1628 4933 21
1629 4394 11
3852 2921 20
3118 4100 21
1426 796 18
2160 3822 29
3852 2263 8
58 2113 3
41 3457 5
3614 2751 29
24 2222 9
1623 1440
593 413
3045 879
672 1140
352 4743
2798 4200
569 1711
2676 499
3087 1295
476 879
1219 3553
3041 3412
4722 4183
3200 1053
3960 3094
372 4320
3128 779
1281 3566
4898 4304
4291 4599
209 557
868 2806
528 3538
4282 3733
4294 2954
2517 4857
1874 4529
3429 96
1610 1149
1247 3861
1794 282
284 3958
1673 2462
4878 1085
3545 3185
3580 3374
2841 1142
2716 588
1148 2980
3235 4270
1031 4293
1353 1406
4353 3215
2422 719
1355 138
2940 2153
4067 1138
674 948
1135 3451
3023 1930
3984 1794
3335 3483
2364 1437
4509 1090
621 743
4936 785
662 72
3509 2536
2607 3403
1945 1786
1154 444
4964 3546
2665 3234
881 3091
1156 4833
261 3550
842 917
2971 331
213 495
884 4957
2761 4136
4142 2247
221 1639
3677 316
1518 3282
2057 2333
3920 4921
1214 3565
3723 2463
4822 92
4075 3053
3110 58
1694 3768
2476 1000
736 766
3162 1230
4976 1080
1543 4199
2608 4767
2962 1617
865 322
3027 3250
810 1932
3216 3903
1168 241
1582 4685
1290 2689
876 4226
2708 1037
3649 3054
2656 368
3815 1410
4150 3238
1742 4944
2488 2623
4625 3624
832 883
1156 4821
3892 178
3569 1080
3181 3234
218 2244
1893 3609
4005 1691
2354 2081
402 1546
490 1776
4437 2701
359 2476
4146 1711
3035 1204
4927 3373
4115 1222
2329 2470
2241 4332
1491 3435
2666 2789
4908 1808
2252 4618
1518 4937
2852 1865
3423 2623
3363 3995
11 2451
1716 1048
4760 1773
3276 320
1607 224
1257 2861
2245 912
1233 755
4001 1419
1985 833
1527 1653
2483 364
2192 1891
1938 1398
1126 3779
3600 1685
1900 1183
55 2564
177 3349
4826 1187
55 3025
2737 1318
1134 2216
4679 1987
3942 4764
4230 2181
2913 4544
2655 1345
1601 2877
482 715
2559 739
4156 3798
570 2693
404 622
3119 332
2866 967
3079 3986
3422 742
144 3149
4127 3680
3948 586
25 1900
4095 3535
2479 3009
3970 2492
3202 1232
3997 1096
3683 4982
302 314
2213 781
4822 2021
3592 1060
4921 3684
551 2837
2581 3059
3672 4312
4347 2545
4645 2326
2790 2996
486 202
1085 4298
2300 3412
4618 4649
2106 2684
2441 1320
1934 2711
2422 1264
1271 47
1330 4772
2434 2994
3907 3489
1244 2507
3633 791
3339 2636
172 1349
1652 4605
2725 2411
1632 1399
4551 4271
1899 1396
2422 1146
2594 934
3413 4191
4293 3017
1046 1570
4971 710
3078 2881
2762 4251
3594 2756
4018 3587
2595 926
3525 2750
3213 4842
3069 4705
3854 1603
4213 326
4366 1055
1966 4683
4847 2393
4848 66
871 253
2861 1893
2689 1234
1275 403
1217 2399
3386 2024
4409 2659
3036 2097
2401 3361
1023 1519
4161 1763
771 3976
1191 1454
3283 3064
2043 2959
4044 2836
4618 4002
1964 1286
4131 1455
3710 2626
1032 897
519 1342
4392 44
1460 243
1593 2264
1065 3106
1414 206
3110 4302
4430 2708
4708 2471
2344 4868
4224 881
3676 2173
2368 2478
4588 943
1345 64
1069 4690
1788 443
3799 3288
4381 3566
3354 3567
4203 2624
438 1282
3664 2353
124 3843
2832 2564
3890 1113
3195 3513
4207 447
3485 4552
1561 4896
2239 633
3901 4599
807 2039
4455 1330
704 220
3896 1492
4740 4700
2702 4830
3873 4289
4649 1838
2183 465
4920 1180
2092 1829
4503 2722
101 2120
3827 1740
274 89
4649 295
4243 753
993 27
2153 3181
676 4234
473 4752
1990 909
4256 118
1104 3853
1098 190
3219 4339
3850 4615
3660 2433
3709 933
1500 4327
722 70
743 4741
2840 533
455 2164
2818 352
3139 3983
1634 13
1128 4136
3139 1217
4784 3279
3621 3345
2615 723
3235 1639
3061 1293
3586 2402
3769 1860
1084 4146
1436 4942
529 870
2012 4744
1124 3495
2971 1886
3791 1593
1727 1536
4206 4098
3324 2804
4030 2662
2961 3143
3122 668
3222 4288
3077 3142
4510 2893
3970 102
3083 3747
670 2776
4243 3687
1236 628
820 4719
4036 4125
2310 4227
2678 1271
1800 491
3485 1429
2565 4298
2006 2803
440 3334
2605 2155
988 4473
1039 4993
1531 3420
349 2009
4315 3175
2263 1091
4912 4006
3713 4358
1370 2944
570 3146
910 3895
841 641
539 4339
773 1606
4161 4816
4610 2805
4382 2794
517 301
3628 2710
456 348
4597 1181
4687 54
1199 3929
1016 1524
151 4317
4967 4061
2863 1793
3360 4160
1153 2400
219 696
3294 4936
3379 2789
1962 1899
4078 523
3887 2936
3191 2839
3446 3850
965 3349
3401 531
2403 579
221 3518
4118 3992
4866 1035
2241 2389
985 4064
4502 822
4696 3095
3703 3675
870 3344
2093 1168
4950 660
753 2526
4935 2231
244 1824
3557 2854
2672 2222
3462 3878
894 3687
4940 3376
2336 2299
132 1273
4479 4337
852 4257
212 1770
4584 4087
4323 1473
2419 1633
3581 3443
4766 2115
533 3938
1603 1425
1108 749
4274 3923
4424 3388
2940 239
244 4726
3895 2630
2228 2272
3254 1645
4208 2444
3138 3609
800 1847
3319 2765
3994 4065
3081 1373
988 4413
3457 1153
4778 1916
283 1420
4694 1257
2748 3206
2366 2766
516 4894
991 1177
1080 4995
319 4545
1884 994
3904 1052
2437 3664
3240 671
4946 4621
1835 4976
4341 1469
696 3469
1656 4225
419 2263
4161 1081
375 3734
1493 821
3242 4469
2196 456
4739 1409
1406 911
1280 3231
116 2094
578 3019
1000 4787
4353 3410
110 2384
3394 4051
2445 1228
4012 958
3808 952
415 3433
4706 1088
2469 2068
1167 1098
3543 3525
3279 2280
101 4240
948 3116
1922 4703
3207 222
1792 853
1307 3650
4579 2533
2340 4382
700 3578
2226 327
1 4101
1882 624
1316 844
3017 1881
3220 330
1614 2288
150 3367
3827 2793
4960 1737
4060 4915
3008 4827
3226 4184
139 1664
2270 4097
3324 2744
111 459
361 502
1394 2498
1747 1480
647 1115
317 2189
1005 4060
4897 1512
1155 92
466 2169
1878 940
3979 1423
3612 987
4842 4073
