140 1402 30
406 878 8
602 240 30
934 466 9
610 458 22
998 521 21
249 140 12
84 760 7
651 943 1
903 769 27
555 320 12
299 69 15
569 179 4
933 942 16
32 912 24
248 183 29
677 183 6
920 458 17
71 972 30
299 163 22
68 630 6
679 860 3
417 667 15
659 120 25
955 767 21
263 398 9
597 973 7
306 641 9
781 325 24
20 612 13
777 979 4
944 307 11
737 497 1
496 146 10
923 934 28
497 952 28
266 589 8
196 965 15
495 751 29
573 947 2
51 492 22
360 261 10
835 933 4
780 118 15
893 280 11
272 559 20
224 371 7
783 458 9
221 688 11
187 874 5
19 289 7
500 664 5
188 117 6
704 484 5
895 610 27
707 366 2
668 638 15
669 217 11
634 263 12
235 520 27
854 9 9
145 336 13
294 993 18
111 878 23
225 344 11
48 411 6
694 77 14
756 251 4
137 933 14
885 792 21
676 943 25
616 631 4
978 323 7
856 674 28
221 213 23
171 809 6
652 418 8
928 627 24
853 256 23
656 459 23
173 759 11
651 111 9
135 243 29
741 793 11
560 342 20
752 857 26
934 300 4
826 171 21
575 532 15
804 110 4
257 927 25
298 111 26
806 292 15
580 87 13
238 88 25
874 889 21
135 937 3
22 738 22
559 588 1
428 18 5
971 301 12
898 88 3
52 238 22
664 948 19
776 797 30
263 400 5
696 392 5
922 569 23
572 407 19
18 376 24
369 166 20
604 91 19
786 676 5
57 997 14
667 254 2
274 443 14
227 352 23
281 21 17
188 434 18
802 731 23
380 94 21
977 547 20
257 397 26
887 410 28
478 860 27
434 654 7
662 940 5
997 275 23
791 868 24
169 961 13
687 293 15
17 879 24
93 105 6
554 206 28
179 189 2
685 314 8
891 628 15
218 200 24
13 137 6
162 967 16
177 241 26
376 582
787 262
634 852
904 935
197 11
12 215
123 816
260 101
297 626
673 136
586 702
458 993
1000 975
445 343
626 475
429 259
237 988
1 31
121 425
371 27
301 76
144 474
771 693
686 107
555 429
465 480
95 707
378 317
832 888
596 508
467 930
553 744
676 21
178 816
742 533
378 603
961 137
152 513
171 329
726 520
16 237
220 769
550 476
372 333
80 739
39 390
669 312
695 965
236 493
335 63
770 441
898 32
124 685
697 107
210 122
391 813
849 668
465 761
633 153
281 442
476 590
863 934
483 162
578 800
218 559
148 246
843 851
25 539
801 137
300 274
373 469
380 594
521 973
737 300
19 47
269 56
471 639
823 984
84 19
322 347
915 898
989 231
583 582
181 267
611 646
876 963
343 193
616 634
594 987
603 908
755 675
250 497
197 964
846 659
66 347
711 458
239 457
720 518
194 675
575 479
416 822
867 300
433 201
699 437
368 510
632 587
229 841
121 344
493 507
431 942
873 635
761 535
197 695
41 918
662 533
387 33
480 557
863 383
11 461
784 718
111 222
376 448
513 738
727 715
306 321
825 240
332 464
992 326
779 938
479 80
387 867
508 19
455 592
232 536
134 270
303 649
429 25
130 718
749 99
263 93
483 520
874 109
122 170
132 737
419 857
942 251
39 879
303 198
317 746
878 669
461 97
864 787
135 51
367 200
146 79
430 909
273 596
560 674
664 944
668 478
63 22
263 885
881 645
686 166
169 711
816 682
95 989
312 908
531 981
186 963
11 285
606 192
935 716
275 558
712 279
309 300
538 643
820 566
593 253
984 167
16 932
206 995
241 747
450 791
421 829
787 856
922 674
170 50
935 230
425 340
702 557
675 477
673 418
450 945
435 796
172 47
969 607
686 790
16 983
696 503
537 574
767 447
750 833
137 934
438 947
855 269
834 175
955 272
214 508
217 230
640 58
20 415
593 1
993 750
249 656
941 106
499 918
50 334
71 420
613 583
541 89
803 657
955 549
740 59
145 306
134 259
4 143
644 531
992 873
309 727
764 691
605 936
686 522
784 964
359 96
727 125
106 205
21 277
783 183
293 819
338 715
810 748
426 866
15 819
531 652
83 254
211 758
855 352
886 42
710 391
2 140
117 444
39 58
88 152
623 510
866 811
234 159
381 633
466 841
116 780
402 589
965 162
225 499
860 492
983 921
336 962
100 366
805 630
738 837
205 909
511 826
385 276
988 305
603 149
640 509
532 428
108 33
746 943
491 477
528 604
262 334
2 196
804 151
576 957
833 234
363 118
916 818
442 242
523 392
782 575
820 122
418 102
556 586
931 799
247 749
336 598
277 350
904 679
349 533
931 656
419 963
636 800
969 695
889 913
91 211
960 629
158 349
477 184
802 947
940 588
53 900
134 899
504 566
76 556
599 445
979 713
744 520
158 653
228 181
873 896
936 3
890 439
693 231
198 324
669 422
139 5
198 647
632 428
207 568
875 119
168 511
551 90
676 993
839 307
948 778
833 690
930 905
669 941
354 423
183 946
875 94
934 744
414 416
492 932
994 540
350 308
92 921
863 101
58 663
999 147
163 537
633 875
645 565
990 736
598 822
955 928
614 753
858 562
265 107
641 521
951 225
970 944
700 470
401 704
43 222
853 580
664 825
441 518
128 368
174 727
811 708
513 943
460 109
110 499
590 831
879 793
515 418
297 920
279 797
240 827
125 921
917 484
901 614
341 580
714 806
114 368
527 830
654 97
153 22
232 477
344 920
220 387
237 929
918 852
73 652
443 543
845 186
54 773
902 799
426 486
697 695
430 581
499 889
217 787
304 135
539 62
243 633
70 154
280 733
854 892
408 8
752 833
964 315
36 396
391 327
280 706
781 21
909 448
628 475
118 280
981 686
355 735
334 823
203 872
722 842
683 254
282 453
613 730
881 464
746 46
300 220
199 559
674 626
775 85
208 49
982 389
232 529
898 153
423 16
854 834
794 564
40 454
605 129
157 164
217 738
489 843
92 901
343 978
38 7
531 691
944 44
386 581
150 409
581 226
113 839
74 650
479 18
122 602
30 965
143 463
189 431
226 945
933 468
1000 418
19 547
699 853
595 524
707 531
819 710
753 158
691 912
876 11
227 135
674 229
47 153
503 116
826 331
568 387
488 374
249 794
98 555
886 137
300 41
682 129
32 441
54 550
459 946
207 561
241 314
923 374
561 907
441 456
35 107
855 399
532 891
634 710
846 870
390 12
961 81
577 675
761 744
515 235
795 589
494 618
845 690
826 881
782 905
663 3
842 809
956 87
229 104
708 800
976 15
249 79
453 993
809 239
828 484
399 659
551 439
87 764
50 464
89 983
542 658
699 391
674 894
588 121
759 510
303 900
510 343
719 39
882 295
570 491
490 90
31 544
694 70
437 703
787 417
948 105
903 652
559 185
428 680
437 372
498 69
901 712
14 179
821 68
459 592
361 984
184 529
936 199
144 892
212 488
843 54
374 170
103 700
951 580
267 570
96 909
132 506
418 819
973 763
991 656
584 662
223 876
930 478
322 6
887 68
509 571
658 216
476 558
97 322
444 645
936 672
712 81
497 65
629 941
356 342
430 968
823 674
69 878
329 546
413 983
440 769
535 542
436 488
857 261
270 433
286 162
103 541
784 323
567 150
327 786
341 408
558 380
361 433
440 240
258 557
611 799
949 34
735 8
156 723
893 608
477 957
439 939
792 923
521 426
936 783
969 850
496 654
605 798
862 341
855 173
175 519
906 914
224 35
744 824
570 627
670 487
485 928
263 809
622 165
307 420
167 258
493 901
800 271
697 547
956 145
183 120
605 281
609 524
76 57
807 825
306 689
203 488
364 283
389 114
413 484
855 275
755 517
718 892
751 673
444 810
33 932
363 436
454 934
761 657
189 62
515 309
284 853
141 884
385 986
489 280
343 618
295 915
289 567
597 25
369 880
75 686
574 600
653 789
73 719
585 726
634 715
106 74
677 225
397 194
210 283
693 170
483 259
209 794
775 704
717 560
977 176
638 726
575 310
984 905
947 294
894 502
492 65
640 438
647 352
731 38
103 208
403 483
106 35
244 356
350 21
221 520
28 287
223 868
401 32
342 576
694 190
661 865
597 76
31 84
913 475
321 785
310 135
367 717
681 646
284 629
333 967
349 854
45 427
397 30
544 709
403 612
889 378
646 282
198 818
571 337
570 58
311 41
129 813
19 76
85 772
770 553
972 947
783 946
154 120
815 445
695 275
60 435
280 666
38 964
827 386
386 86
484 210
258 967
894 207
209 653
104 114
208 606
501 470
747 269
947 155
552 133
546 942
906 240
942 324
230 915
784 423
102 797
622 516
609 947
579 288
872 436
110 274
847 166
391 580
749 858
102 595
791 433
225 117
311 737
822 716
314 530
504 208
365 425
482 800
729 552
264 843
564 985
7 61
724 731
392 717
643 676
732 830
330 323
106 872
108 553
563 476
920 717
517 697
411 61
65 144
204 664
624 490
644 556
939 293
159 719
407 217
177 515
422 788
891 988
719 712
264 742
617 906
817 102
735 967
419 289
273 681
353 702
278 546
445 613
733 909
528 434
393 275
210 687
467 897
702 469
323 263
558 574
989 738
802 342
98 534
646 574
198 424
146 529
774 525
727 37
504 504
575 92
724 275
372 689
562 958
514 503
644 538
684 452
111 279
708 920
451 865
959 341
554 652
167 74
762 818
549 361
937 975
624 285
453 977
781 591
113 877
102 33
415 678
274 964
824 452
812 922
873 266
595 216
712 469
522 102
634 981
81 598
141 346
556 800
912 519
722 105
627 796
491 415
307 221
664 654
292 597
294 788
500 966
764 467
236 315
441 352
136 102
591 720
847 641
84 76
694 630
503 408
894 236
374 639
917 325
918 268
526 46
524 760
253 548
638 406
804 490
367 761
689 652
12 298
906 316
725 278
722 41
566 532
795 395
835 532
585 235
517 984
786 213
428 727
311 342
596 480
800 757
229 296
684 191
964 638
273 736
454 874
650 772
875 320
290 918
813 348
484 547
756 579
67 131
473 52
300 524
105 41
420 697
525 118
524 250
789 355
975 83
543 607
837 130
390 796
84 681
806 235
206 423
573 365
140 113
86 775
937 237
97 735
218 198
463 749
69 972
148 620
24 804
198 838
414 862
277 856
731 692
533 700
542 49
581 293
167 692
77 744
136 279
165 372
662 649
141 788
128 413
628 543
206 302
15 562
577 604
450 390
582 228
881 820
726 214
752 150
491 235
546 934
760 723
277 629
690 250
53 274
699 294
898 982
114 631
20 180
673 341
734 972
109 49
501 550
274 667
650 964
261 602
436 610
244 395
302 412
749 590
855 509
81 140
403 459
385 139
659 723
176 257
238 653
292 988
247 255
495 31
997 683
514 576
594 731
176 393
115 338
164 964
485 505
364 906
850 403
688 28
911 675
984 720
835 178
250 393
195 166
813 181
23 911
387 184
338 269
504 215
294 105
590 927
858 969
687 536
220 913
970 876
648 145
824 389
908 644
572 448
677 743
352 748
581 9
470 171
389 78
940 996
205 623
16 179
254 146
714 243
35 420
11 280
540 88
64 902
729 796
663 105
725 448
517 665
489 398
526 178
878 495
542 32
952 79
564 603
571 631
16 627
122 205
986 563
674 243
652 87
891 52
913 422
605 512
540 188
156 132
677 379
132 916
984 887
400 801
350 448
869 59
656 371
594 150
653 83
328 423
191 579
620 436
438 881
481 52
517 119
526 910
627 646
219 865
98 700
778 519
26 694
171 549
482 762
781 409
988 529
57 580
711 634
276 752
855 198
260 266
483 133
456 495
716 754
973 135
291 387
610 892
501 476
707 870
211 595
435 684
702 813
603 842
767 323
152 755
910 804
721 105
841 499
167 848
44 298
539 632
83 696
191 655
807 884
213 466
29 667
737 884
564 981
150 974
537 325
546 467
241 986
131 665
362 160
539 771
904 833
548 887
260 235
475 315
498 902
514 810
174 583
228 657
943 956
731 945
708 528
329 497
660 911
813 680
92 104
633 283
987 298
901 958
966 318
190 781
689 49
723 425
663 1
716 358
307 872
748 272
81 697
657 571
673 158
220 726
415 707
799 226
250 263
20 396
198 278
511 512
397 807
844 392
253 902
220 170
173 933
889 346
759 160
577 34
309 50
780 875
544 182
812 249
930 492
439 187
142 101
423 267
426 181
96 403
719 856
881 148
326 217
784 78
582 399
607 782
841 934
773 625
629 449
152 945
617 121
81 962
426 960
17 253
698 495
437 180
489 913
993 457
643 139
899 67
836 906
770 71
911 183
886 36
778 347
449 978
850 515
184 785
993 598
273 113
446 560
170 544
129 800
945 758
529 66
959 760
871 246
170 842
583 527
991 867
911 882
557 357
47 304
850 524
819 758
915 502
734 84
220 516
793 741
718 731
757 916
728 505
238 863
284 70
839 160
193 192
27 543
495 114
842 59
179 631
402 130
351 784
178 75
208 864
116 670
179 304
927 873
250 167
870 384
956 525
735 766
122 351
285 816
86 124
131 324
673 18
25 168
715 714
267 877
134 442
297 937
441 167
651 931
939 165
772 886
998 618
785 974
386 588
3 605
682 480
796 886
546 205
995 86
478 604
481 172
351 430
337 483
840 888
105 736
227 300
753 471
278 933
718 231
782 418
380 406
573 811
556 77
204 543
291 224
705 701
382 276
563 268
699 722
506 259
271 210
99 33
951 747
419 723
148 319
659 748
530 710
135 697
637 882
743 120
91 680
239 734
602 274
799 360
285 694
416 970
325 172
387 770
80 122
292 293
517 965
686 700
472 359
599 216
420 250
551 191
95 197
330 818
51 932
335 221
975 976
47 678
13 774
502 353
222 37
978 484
561 175
536 939
987 660
942 820
593 901
487 861
234 172
62 168
839 885
611 575
818 670
335 145
363 458
245 803
447 238
622 666
931 162
659 119
388 735
487 319
302 113
704 393
575 406
776 294
104 846
414 104
163 717
671 55
995 694
873 987
678 245
908 457
59 70
486 130
580 736
412 901
487 733
420 216
121 46
840 90
11 463
232 391
455 835
825 766
355 52
503 485
531 215
639 244
113 61
692 248
755 69
63 107
854 1000
460 501
695 995
201 109
270 93
119 265
866 497
177 193
30 443
202 537
912 814
316 369
491 458
85 319
34 860
124 102
447 232
115 7
335 161
846 28
989 125
649 412
691 749
541 165
419 220
467 645
828 460
142 438
131 259
860 658
486 491
214 374
353 609
441 996
633 341
75 902
435 2
29 363
