50 576 30
347 411 15
217 61 26
435 351 29
293 322 14
352 2 8
422 365 26
148 386 25
316 70 8
235 179 25
52 407 19
385 195 23
372 56 28
99 317 5
52 431 5
460 292 27
82 236 26
281 369 2
165 327 11
486 267 16
297 395 21
493 261 10
97 275 30
102 488 29
104 84 8
354 492 25
340 305 14
369 70 5
402 93 5
184 186 15
482 331 12
392 130 22
340 380 11
136 29 13
74 175 17
403 191 6
186 10 4
296 113 19
342 358 28
220 26 22
151 282 24
4 38 29
471 406 17
115 359 8
420 13 29
125 6 2
38 299 20
263 73 26
131 254 22
140 376 8
462 392 24
97 142
336 101
387 17
110 447
22 303
257 410
117 492
207 18
171 140
137 291
185 443
443 430
77 40
162 217
387 144
456 221
486 120
384 393
330 361
157 31
171 405
54 20
62 297
433 256
53 38
151 481
212 189
280 17
112 92
495 115
468 332
96 408
122 156
330 137
485 37
105 191
117 320
453 358
57 82
225 412
243 67
403 308
188 358
184 85
139 208
131 243
102 483
162 428
268 84
120 208
214 261
138 468
47 500
307 8
342 11
287 158
210 222
466 201
136 47
75 151
126 296
277 173
489 412
33 15
9 274
345 195
298 45
371 49
254 443
290 150
147 473
172 222
393 417
314 146
481 73
102 41
197 199
114 18
178 371
319 102
497 410
126 248
314 13
423 382
338 297
414 275
33 90
171 66
214 287
356 287
56 487
288 252
185 266
345 447
416 73
18 473
376 341
228 84
113 264
454 20
93 447
425 199
149 405
308 144
246 490
104 367
117 102
19 19
487 461
344 372
24 390
275 350
45 38
77 25
222 332
334 145
65 265
47 461
159 493
374 233
372 27
83 128
215 275
17 308
485 451
120 470
302 446
276 54
421 122
56 470
271 44
201 262
17 180
266 334
482 225
477 38
196 72
333 72
211 306
382 213
196 93
214 201
372 210
83 133
477 60
55 278
320 342
139 124
108 450
473 316
100 16
92 4
443 31
299 416
158 329
206 340
472 362
273 408
51 165
189 67
500 176
66 381
277 199
484 105
453 106
223 83
356 88
11 63
252 42
444 148
495 140
345 63
480 322
4 96
419 313
404 195
210 46
44 430
162 402
169 89
392 439
119 357
310 128
265 25
232 440
322 131
426 163
269 328
17 32
388 59
396 453
50 399
372 351
333 60
380 375
416 8
48 278
4 478
52 177
233 239
27 345
69 12
314 147
200 11
277 358
220 149
28 46
113 17
449 6
317 500
201 44
238 17
104 272
130 443
438 196
374 23
420 35
411 370
197 353
371 335
230 44
158 213
372 235
377 263
204 234
398 102
396 109
200 433
39 432
257 18
77 196
488 56
336 433
261 173
357 81
30 43
331 83
31 333
157 125
184 430
392 257
409 18
408 16
89 245
87 170
455 399
466 404
451 33
93 341
348 85
475 315
295 307
480 289
371 204
81 267
237 262
339 243
356 211
22 324
36 56
8 83
53 295
181 191
350 253
42 54
83 27
420 168
256 273
445 138
499 297
474 348
203 394
428 450
77 295
307 492
360 125
280 64
386 272
256 438
224 268
80 164
78 464
251 233
110 265
47 179
170 132
250 344
455 136
56 212
316 271
252 374
38 433
2 187
15 155
80 74
385 196
372 429
235 188
258 464
206 60
399 99
158 427
476 328
317 383
460 201
47 6
43 267
363 476
361 476
271 344
336 349
355 119
209 273
103 277
51 160
174 248
354 316
99 54
322 340
6 275
396 375
430 385
56 493
316 489
385 276
461 317
46 97
66 332
347 364
488 168
405 57
415 39
80 434
79 190
12 369
4 43
430 138
481 443
31 419
405 445
5 146
87 29
366 246
405 325
288 407
136 148
120 449
29 395
261 488
410 473
410 475
317 5
382 29
307 122
75 340
198 486
439 176
83 409
50 491
436 124
483 277
424 194
288 450
226 63
316 211
325 210
340 341
465 3
221 72
371 98
216 239
482 442
441 437
93 6
168 477
490 69
421 186
286 211
34 281
429 470
236 45
249 118
60 58
385 43
339 100
45 401
283 219
455 448
200 128
267 147
433 271
147 416
368 139
271 2
218 60
187 169
435 297
132 283
138 424
343 497
150 120
319 57
380 293
197 228
243 327
97 42
491 143
269 2
122 185
166 270
396 152
252 460
436 8
450 453
131 125
86 327
284 17
133 282
125 306
24 397
49 21
490 226
182 42
290 64
372 416
306 495
381 450
290 172
367 153
370 181
10 39
266 120
197 120
378 107
112 56
155 226
126 32
166 220
62 141
22 124
199 182
379 438
406 131
371 456
365 18
387 26
19 102
461 134
131 271
423 117
268 136
14 32
25 185
267 102
422 481
29 487
248 312
359 423
304 173
300 399
434 394
436 468
152 357
203 236
56 214
6 129
379 236
80 441
350 90
390 392
472 435
273 232
259 259
316 418
460 229
139 249
247 5
226 80
88 370
140 445
409 115
374 111
87 172
59 268
450 288
33 175
119 417
89 448
162 180
406 356
359 63
74 179
176 92
152 128
376 453
157 29
375 367
469 420
363 77
318 92
245 34
1 117
61 298
84 206
199 441
329 284
9 217
370 278
1 419
76 262
217 156
478 236
205 35
201 36
160 473
22 305
6 401
245 316
13 43
100 255
161 344
455 380
121 152
303 338
276 222
453 472
482 323
72 284
285 108
485 241
307 344
159 114
189 38
289 303
349 423
446 332
453 223
70 432
6 316
391 288
148 479
318 59
181 28
408 171
382 60
57 223
284 142
140 314
331 345
431 33
269 329
216 253
141 367
63 40
53 252
80 204
18 338
182 309
262 22
465 438
471 439
136 166
189 31
76 162
261 252
207 332
216 194
172 363
226 260
98 366
111 483
433 333
424 39
28 261
189 451
432 371
