100 539 30
329 3677 7
4084 4109 24
2095 4914 11
4435 2207 23
270 2239 19
959 1962 13
4139 1296 23
1879 4262 29
4613 1928 20
2273 4362 16
2549 1389 22
2859 1946 19
4183 679 4
2889 3554 5
1579 1607 11
2827 4942 12
4665 342 18
2914 2048 23
1527 3326 3
2723 4318 28
1118 2706 14
4460 1350 29
1997 984 12
589 4288 12
200 4557 14
3993 4910 15
167 4410 5
1526 3462 2
218 3183 19
1561 3559 10
1803 1108 29
3246 4541 4
3171 878 10
4734 4859 9
1817 292 21
356 4764 23
130 3575 24
1961 2282 6
1073 2684 28
3949 270 9
3240 4623 15
3096 1328 3
1464 303 17
2290 2727 9
2679 126 14
4884 3620 23
4851 2347 13
3485 3024 5
1908 2691 13
1043 2196 23
476 4374 26
1272 3371 1
3891 1173 15
1348 4700 27
4783 4827 25
1406 944 20
3820 4978 21
2322 503 18
4721 4518 14
3228 578 28
4942 2216 14
4933 1007 10
4725 4426 5
2638 4339 16
2294 2007 24
4172 1659 9
2013 2857 2
306 1405 18
1056 3326 30
4570 1089 16
2674 2962 9
3292 4631 10
4668 4090 10
1152 4832 30
3977 4319 28
1974 1085 26
4617 286 28
111 2146 10
761 2295 11
2069 4252 10
2538 3761 27
1993 3750 11
2964 311 23
2753 1481 30
3295 728 26
3282 3052 1
1020 2496 11
289 3005 7
2954 4573 23
495 4722 20
619 2760 18
4731 523 6
468 3282 28
4623 4868 12
1498 1372 17
1003 3019 30
4218 2663 20
4654 3739 3
920 3930 27
1352 1601 5
3758 2062
3997 2962
1845 1841
4562 3932
3598 3049
627 3095
2545 4277
1789 2995
4663 1162
4136 4978
4056 4989
936 286
2209 191
1948 1109
3161 4624
3605 3348
144 2514
501 3613
1783 2424
3193 2758
1063 4661
3297 1462
1501 765
1576 4896
4189 2030
2825 1809
389 2743
4308 3489
2833 2041
2354 3110
4399 1976
1180 1323
710 4502
284 1219
2360 570
2455 4712
4891 2987
742 2505
2224 3484
1057 1168
4053 2778
662 3587
2503 2522
629 110
4655 3872
1282 673
352 110
118 1440
4795 1108
1174 4208
1984 462
1882 2464
2081 2447
3854 4827
1795 1221
3986 519
3269 1412
271 1639
917 1540
1911 61
1422 3217
4170 527
4120 3554
1087 2779
3630 3618
3902 3794
4227 1618
4011 2509
3560 4256
4571 1529
372 1081
2072 2190
3197 1989
3646 2731
1394 2043
2281 1335
337 436
3202 2164
1784 4884
4260 4330
3095 571
2027 2752
4238 3034
610 4933
1141 4538
3239 1326
3932 554
892 4924
3273 2942
4949 2825
3148 1101
4112 2463
2698 1659
3659 835
1903 2955
2535 3850
3424 1635
3430 2625
4652 3867
4849 645
2517 2814
3142 4044
1260 3225
4053 2456
3128 4197
3151 1206
4245 2127
2317 3132
2404 4873
682 2599
443 1935
3833 2696
522 4005
527 2535
4710 3392
2740 2221
3813 2909
3535 303
4229 2828
725 3792
3339 3044
4848 3513
4167 2388
1015 4580
3160 474
1931 882
4885 592
3827 4457
2145 1705
3013 2611
2222 738
2437 38
4809 1841
1503 623
1709 922
3953 25
1448 213
2523 3431
2155 3621
819 4650
260 2861
3490 2170
3782 238
2788 1838
3291 4030
481 2513
4850 1915
2175 1497
1764 1091
83 933
4714 3419
98 1906
3439 4342
412 1169
4809 451
3554 2411
2926 367
1873 2760
1692 2714
1578 824
788 2323
2091 3389
388 4351
4776 72
1345 1740
2481 2935
4731 2917
2858 3272
2250 4063
591 4705
4380 561
3981 550
2712 1527
2201 4963
1660 4332
4352 2240
306 4335
4198 4397
486 2870
4973 1040
2221 4780
4500 1185
2251 4850
465 3968
1725 665
1621 1465
4561 3533
1680 915
2680 2166
4524 4421
4230 296
1448 4387
4735 280
3355 604
3729 1269
3783 2984
1384 3395
4209 4333
2532 2673
3049 1964
1109 2773
2914 4157
3764 2899
1510 1838
3033 1744
504 4829
4728 3479
2722 1119
4430 2892
1204 4876
640 1400
4222 2117
3096 2777
4152 4330
2380 3555
2136 3339
1603 2133
110 2168
1737 243
452 3873
4570 4480
2810 4024
3942 2021
4503 1197
2520 4605
3890 4402
3179 3294
3890 2934
3824 1230
518 943
2417 2687
3579 3116
2601 1582
3132 4164
51 1090
2558 2058
3414 3890
4320 4
50 803
4886 1497
2892 2055
269 3607
4220 3510
2570 947
2225 2767
103 218
1053 3475
1200 2838
3466 72
2905 1714
749 2670
4047 4548
1751 453
3893 2029
3024 2707
3372 1588
3549 4292
1148 3429
470 2126
399 4930
3456 101
3817 3528
2358 1014
1121 1621
283 3814
2114 4765
278 3059
4538 965
4586 3098
1729 105
4278 3677
2339 3290
3438 4323
3771 268
3158 4892
1965 4783
2826 1810
3592 3118
3539 2858
749 566
3379 2546
3225 2248
4929 2416
2030 343
99 4240
4271 4330
2313 4644
4567 3638
3824 2684
1996 2485
517 1829
4120 2812
2012 628
3118 3522
4671 2728
1461 1450
3743 3981
2486 1379
4301 761
3063 2532
1287 3884
4564 4197
1363 3846
1514 1553
102 3291
3990 1086
3213 4729
2768 4075
2317 129
74 2980
164 837
4684 4465
1823 2256
3302 4434
2371 2363
2466 222
260 40
142 4026
1430 96
442 3701
1476 158
2008 4001
2013 636
4832 1127
216 375
3354 2516
4778 3218
2879 3909
1823 3589
2991 855
3946 4
1214 3332
2670 4713
1676 4440
2653 1818
4000 4744
1973 2035
4935 413
2104 568
2278 945
4045 2770
4313 1758
408 2225
4508 4580
302 1777
3249 2291
1748 2456
1968 4151
3575 1053
4524 4704
1648 1784
2506 2837
1377 2398
205 684
2101 1429
3708 844
3641 3875
3198 675
4336 1480
4753 3726
90 3935
4633 2502
552 3861
2275 1361
2536 2253
3746 4542
2739 2702
1459 4229
3409 521
3850 1916
1254 19
4144 4144
3709 2044
3306 565
2148 58
4856 134
3923 4444
841 2967
3300 2662
2276 2456
1557 2516
2162 3227
3234 4873
516 1171
4078 3055
1117 4038
2056 2455
4616 487
3085 3163
2938 4651
4803 1947
114 1064
1338 4688
2741 960
60 4009
330 2115
2359 3674
3436 4473
3769 3320
2176 593
1880 1198
3161 3310
737 556
3450 1010
4592 749
3506 4976
4952 835
944 873
949 3747
2263 2173
2142 3154
696 1445
2142 156
4361 2826
927 3714
4458 679
1300 2407
1804 1374
1884 4742
2342 2738
2210 2187
711 124
2297 1118
424 276
154 3239
694 4975
3796 3891
247 3451
2184 2685
271 2546
4359 4493
60 4946
3633 3709
1615 3288
2855 1614
4992 528
75 2866
3537 506
3875 4915
4003 3970
3282 1201
4444 3187
2287 290
4023 2994
2299 2649
2355 4808
750 3375
801 4137
2709 2014
935 3764
1088 944
3225 1568
1738 4970
45 4566
4480 2275
3071 2541
2555 1181
972 68
1864 1745
1401 3358
292 2026
4474 1283
4775 4825
1658 256
3499 2696
2809 4874
583 4812
3889 1941
2650 1606
3179 1469
3816 1752
4805 1711
3467 3583
2315 1799
908 2111
1374 1845
1990 3773
3023 2524
1975 1026
1443 3912
3133 3533
617 4900
4431 2280
495 3110
466 3424
1991 4558
1958 135
2236 2487
3809 889
2765 3198
2477 4281
2043 327
4341 4956
3404 4427
4782 313
312 1811
3215 1929
3050 260
4516 4211
603 4853
4782 2644
314 1089
2482 3676
4917 679
867 1681
3365 717
2110 1573
1078 1586
634 327
3679 4305
2417 3159
373 501
2860 10
4575 582
890 2933
2365 2726
4503 2841
4119 1474
3997 2250
269 4298
3459 1137
2640 2767
1881 4437
1531 2412
941 2789
2694 966
2048 2889
1645 1851
1417 2074
2651 2034
2734 4319
1793 1959
1337 4455
4886 2972
775 872
3453 4483
926 3428
4929 1574
2806 2341
