60 294 30
1417 1987 23
4732 405 20
1391 983 20
796 3049 6
4456 2214 14
87 4847 9
4581 3151 24
1292 2388 12
4064 4823 3
4295 835 23
1702 3584 25
3234 4750 13
4989 1706 2
3635 1670 18
4408 995 1
3554 2764 4
4796 4159 23
4995 4308 24
2721 427 28
3645 2896 7
3624 2226 16
4311 4886 27
953 1103 16
308 3696 15
1628 2407 10
2498 4607 16
3131 1470 6
2316 3398 3
3357 2533 13
3861 695 30
1383 1375 21
2310 4332 16
2597 1544 7
1312 19 23
3116 2985 10
3451 1343 18
2602 1287 25
1029 4185 14
4383 4327 27
2153 2899 21
1374 2299 21
497 4008 2
361 2411 22
133 1713 9
308 3964 4
630 1676 15
3938 4989 26
894 39 7
757 2933 7
3002 4424 3
3453 1511 10
2109 1342 3
4561 4483 15
743 1320 20
3657 2448 7
607 1953 20
669 1963 16
2076 989 14
2864 4313 22
2978 1374 5
3664 2273
4263 1014
3172 1841
259 971
365 4976
4564 2624
2004 778
2388 3157
4692 4613
2678 2483
3875 2350
3669 1897
4042 3874
2797 1865
679 796
2649 268
3298 2696
2450 4408
1151 3822
3978 4799
3530 1275
1586 3550
1620 2126
3218 947
309 4175
4674 856
3465 4080
1210 4023
1940 4358
4399 4282
2716 4010
226 4308
224 20
4500 2877
3359 1927
977 4052
4131 4540
825 1227
4921 4492
2465 330
184 4300
4508 2124
4854 2475
40 4276
577 1482
3252 2065
3010 1223
616 3682
2864 2429
977 1811
4193 540
575 1325
71 4318
2992 4642
640 1773
4894 3531
243 3053
3356 2512
2197 2670
1485 550
3027 242
34 2223
4092 1207
3230 2607
4106 2975
3911 4143
1456 1884
4176 856
4245 4727
2264 1212
4363 1020
4572 4065
4983 4175
4055 3427
841 2745
2416 2262
4994 1179
4949 1295
3954 1358
1435 4194
3500 1098
3193 3843
2906 662
2105 785
511 3494
2840 1455
3783 3806
3996 1095
3591 3916
513 1046
449 2991
4743 152
4182 3088
920 1620
628 3780
1004 3240
4334 1474
1155 2278
4492 1133
1696 2820
1837 4247
3545 631
244 3826
4125 509
3196 1257
4518 4309
3833 1294
2741 2672
2962 867
3744 2612
2082 4260
2015 1892
3944 1618
537 2189
4272 888
586 1630
781 3735
923 502
3884 2545
3259 1312
4518 1065
1563 1367
4625 4535
3754 174
4707 4393
1203 2213
2594 3690
1499 4125
234 2648
3333 1305
4650 1317
1934 4141
2716 4483
1814 1552
4517 2690
4064 4973
4600 4300
1236 1535
4776 4600
1400 1580
3594 3373
4408 316
4571 3531
2462 1811
4164 4479
4277 1877
3364 2023
4675 4869
3800 1091
1311 1660
2618 4942
1879 3893
826 2046
708 727
4921 2606
2343 3142
2374 3896
1914 4400
4608 3784
3504 2346
1011 3840
2474 4896
3729 2430
1241 2030
1855 474
917 4663
4389 2997
2646 4124
1723 3109
2226 1014
3899 3615
3525 734
955 2470
272 2801
1687 3580
33 331
3967 3638
1744 2651
3516 3666
4421 4165
1666 1818
3250 1691
3856 2391
3556 4755
218 3094
1670 1815
4151 3561
81 2683
1849 3914
1751 343
2509 4139
237 4722
4815 4941
2970 4246
907 2956
1453 1918
1836 407
1369 496
3199 4753
155 4586
208 4995
4059 3783
4719 2692
3023 2511
208 4484
3336 2948
4165 2731
2946 1483
168 3374
3902 266
3209 2979
3951 1053
3022 4541
1453 1094
2350 3121
4343 1647
3302 3531
4270 1170
4097 694
4419 945
3223 2539
4116 4453
3259 3743
4796 2103
3196 1215
830 4814
4436 2902
1466 305
1357 3281
1106 1383
1156 3831
4406 4159
1381 770
1256 562
4890 1989
899 4294
697 1858
2708 3204
726 253
4100 2898
2796 2938
1752 2046
787 4159
110 3450
2395 2519
374 4454
3379 931
4718 1147
3605 4466
17 4740
2605 2489
3977 2884
455 4755
148 1491
1213 3212
4055 45
4200 873
2109 677
584 39
40 972
1147 194
4970 3132
1210 1804
1020 2758
2437 4655
2463 4973
2587 2975
910 3853
3344 2364
347 2258
3369 4915
4173 4237
382 1358
4457 1586
4533 416
4247 599
1178 4536
4667 2063
3626 4007
2525 3399
2958 3721
1511 3179
478 3257
1973 2015
3964 714
834 75
3903 3161
886 4719
2024 2228
4407 3228
4234 2669
1679 4266
578 1785
3975 3768
