60 242 30
440 140 5
282 549 3
721 728 1
42 210 8
505 831 4
84 240 10
636 116 1
308 962 6
979 911 10
264 90 1
81 872 7
182 637 10
398 771 7
700 161 1
499 606 2
279 86 3
949 123 10
147 810 9
481 426 3
988 258 4
211 95 7
612 862 4
234 534 8
566 186 5
634 972 8
302 353 8
247 710 2
433 676 5
783 469 1
710 827 5
542 640 7
717 182 9
66 396 7
29 645 9
853 171 9
170 213 8
73 956 10
408 943 4
357 132 6
378 40 10
598 796 8
509 129 2
260 273 10
597 99 4
533 209 6
598 404 8
93 676 10
923 446 2
912 32 2
472 707 9
1 920 6
202 325 9
446 77 9
357 531 6
938 695 4
264 456 10
188 503 7
477 534 1
975 866 2
889 579 10
781 674
947 186
427 187
689 516
784 974
509 690
679 791
887 39
508 423
738 678
568 606
182 563
498 676
92 665
539 417
610 607
835 883
429 271
602 580
168 324
398 988
98 333
212 460
432 459
636 57
987 988
733 8
350 910
856 634
785 245
226 852
576 510
68 152
539 19
796 496
670 576
792 556
835 750
712 132
984 395
941 628
208 690
993 703
561 966
386 287
779 488
758 679
439 983
700 679
611 892
836 242
458 836
964 407
137 265
872 959
483 87
760 195
84 770
173 702
390 371
363 567
16 511
450 381
546 678
70 923
998 442
799 173
534 367
350 167
301 346
581 621
891 438
482 269
67 291
384 157
770 983
845 165
462 747
806 282
623 676
840 398
427 180
353 810
589 549
511 39
939 729
672 52
283 824
653 63
941 687
886 224
515 243
377 551
849 621
246 973
365 510
813 230
783 652
291 306
793 50
502 709
483 795
952 283
126 38
623 253
7 113
891 5
713 853
326 706
234 356
699 453
596 648
737 743
577 274
877 733
327 333
631 906
3 564
478 209
238 728
563 215
823 360
486 102
334 853
656 905
353 290
245 309
178 89
244 585
632 276
38 486
140 896
555 899
713 669
973 924
270 375
12 581
53 417
821 430
5 29
985 233
859 465
488 451
289 727
694 768
678 183
671 794
969 883
187 193
355 346
756 811
169 107
305 683
944 183
356 797
997 545
427 155
703 326
937 489
357 502
712 548
404 666
806 608
945 653
579 92
659 303
133 779
545 224
125 71
352 396
591 659
246 436
27 148
222 429
108 342
13 784
664 174
67 986
65 369
687 298
194 701
261 531
644 496
342 644
30 958
858 263
827 177
798 597
404 261
933 11
158 643
699 76
108 78
295 746
399 827
280 456
269 27
324 666
134 390
792 95
43 923
137 613
739 36
160 718
109 372
982 226
887 509
349 541
499 361
547 213
528 711
746 339
607 781
665 663
852 383
286 36
782 623
792 91
882 973
772 25
510 904
329 758
396 763
195 339
541 493
471 644
725 274
162 878
380 699
928 631
388 905
776 131
9 621
166 244
440 546
135 993
428 604
622 131
162 315
711 680
993 632
598 369
