80 806 30
775 896 24
240 549 20
276 373 11
270 349 6
231 782 14
649 583 15
128 505 6
955 839 17
539 626 21
968 450 8
508 986 12
52 977 12
213 200 10
350 177 2
807 270 11
33 246 26
341 735 16
374 784 21
19 228 2
363 550 11
263 881 5
742 938 28
241 597 8
460 932 12
131 379 23
440 951 3
456 386 3
267 215 25
722 764 16
973 447 3
916 718 13
630 974 29
279 141 19
229 47 22
577 510 19
745 570 24
140 485 25
400 459 14
205 582 1
413 76 21
721 350 5
982 545 21
108 804 9
617 957 23
801 324 23
542 435 6
580 841 22
855 627 25
210 215 3
905 410 11
129 134 25
190 605 24
755 991 17
206 374 1
642 838 15
976 436 8
648 6 28
395 225 23
324 814 30
195 272 3
557 880 16
917 76 22
624 83 17
128 944 16
733 685 16
777 395 8
407 704 3
283 290 10
165 367 24
586 454 12
660 343 4
576 593 22
14 114 20
243 921 28
41 142 26
164 810 9
109 751 11
783 800 9
799 773 21
383 860 13
974 801
466 259
228 402
784 464
961 224
490 613
263 484
400 975
482 95
832 178
485 116
176 119
322 338
18 206
547 451
894 843
697 181
561 737
18 677
241 111
409 749
474 939
965 31
488 29
841 553
94 537
43 485
853 575
325 932
117 176
30 871
927 561
332 80
630 660
252 730
504 157
175 685
328 446
846 327
300 423
595 897
546 703
493 229
695 808
142 824
343 693
469 459
567 686
498 611
343 239
648 103
758 600
831 430
57 162
596 92
907 660
923 378
471 172
146 839
683 965
867 828
869 625
216 622
59 237
249 595
132 193
572 949
978 396
70 130
98 94
885 126
90 979
701 338
935 929
475 495
250 540
133 785
48 473
108 845
133 766
836 783
55 399
284 707
658 416
779 811
224 558
579 574
720 394
157 566
161 64
971 320
524 818
227 607
993 621
58 705
63 899
652 527
465 59
996 644
524 663
483 391
335 778
383 413
457 790
909 552
599 869
353 123
516 502
145 115
248 469
639 833
290 49
285 207
219 370
481 333
900 712
258 803
923 880
88 460
100 561
168 852
488 28
679 959
757 244
474 328
743 242
435 190
187 549
84 871
985 21
840 673
346 802
760 215
87 83
414 406
413 498
330 702
289 386
927 432
696 66
240 917
487 298
631 394
910 391
714 484
521 3
696 837
896 89
144 613
62 568
702 771
876 121
996 988
771 69
856 62
106 810
546 390
957 325
36 682
39 747
384 13
769 512
368 455
737 721
942 426
98 122
69 109
193 379
138 497
401 112
918 64
192 374
703 272
640 8
381 678
996 452
728 762
390 414
692 453
204 628
298 727
616 565
234 551
596 655
270 751
978 250
191 343
138 768
805 597
714 30
644 933
198 579
281 844
27 806
682 872
65 661
297 380
250 37
482 975
63 969
411 997
439 769
279 130
353 124
765 991
96 23
871 790
959 279
17 479
932 984
911 1000
848 676
578 379
447 132
63 211
584 890
736 296
199 742
514 156
720 10
528 243
805 261
429 568
261 961
147 579
353 216
840 22
284 626
974 681
101 205
407 506
63 403
575 66
1000 458
392 111
170 434
671 799
176 256
522 315
853 490
255 696
127 211
302 889
691 342
910 204
148 243
389 578
911 134
913 336
723 96
422 600
639 951
810 948
909 206
173 116
263 548
658 880
61 255
17 396
152 378
560 917
599 733
689 392
852 403
802 446
162 893
302 412
541 574
309 704
525 620
667 705
48 936
996 825
478 756
709 883
172 437
510 607
956 895
48 591
641 819
572 663
516 206
536 221
215 985
755 634
893 90
889 675
791 370
412 497
943 761
990 775
24 408
782 747
625 217
263 798
85 722
197 95
934 749
453 176
771 442
501 456
195 555
514 387
874 814
107 251
797 264
163 63
139 653
730 772
650 684
859 275
354 703
427 230
252 917
781 336
969 829
158 210
876 978
900 36
997 297
605 816
144 856
215 251
590 782
492 107
266 742
267 995
187 504
336 705
536 178
775 460
405 141
216 889
511 958
88 921
537 685
645 387
60 1
380 45
968 258
22 492
526 595
566 109
797 398
317 593
316 656
917 123
535 827
544 328
267 864
52 984
642 301
512 705
369 393
536 835
253 40
180 675
650 206
147 110
376 973
59 389
633 350
493 895
596 627
710 466
753 310
153 150
409 975
169 202
883 456
138 491
881 43
844 932
652 470
519 21
484 916
650 272
245 962
296 676
633 161
284 33
782 928
166 468
284 532
785 446
949 385
47 406
282 644
710 741
469 835
519 62
759 413
33 461
222 975
499 777
913 736
389 384
61 837
55 324
376 657
416 112
295 511
151 150
138 985
682 150
701 164
923 914
638 902
465 961
177 237
847 956
882 361
251 771
719 38
382 433
943 498
932 6
806 886
799 43
465 322
41 992
534 41
573 552
756 630
86 433
234 301
80 566
649 907
888 361
801 766
822 904
176 19
794 45
776 638
208 691
978 424
854 768
941 941
622 544
177 711
227 41
778 515
890 80
923 621
453 360
767 856
289 48
516 870
244 474
262 805
486 725
451 819
683 479
613 796
56 321
409 360
500 274
381 228
246 347
487 829
310 140
865 202
913 531
889 639
513 522
130 389
911 617
40 563
102 876
251 38
13 375
66 34
535 214
253 403
909 687
922 371
667 5
809 89
319 456
784 492
872 463
170 74
545 478
538 989
327 369
842 307
990 583
748 576
779 528
407 549
377 468
837 861
561 289
696 537
902 937
158 870
1000 876
633 383
527 153
405 689
612 265
831 211
27 804
168 934
485 461
869 627
415 336
768 354
113 905
226 243
443 627
285 58
859 930
518 868
422 86
990 685
784 704
443 237
92 142
30 970
868 183
956 958
549 208
85 683
256 53
843 221
356 365
541 863
201 356
512 368
461 525
302 130
778 101
130 593
631 415
317 39
823 574
35 138
421 979
962 88
30 568
770 850
875 10
949 839
315 563
178 981
448 732
504 2
555 193
886 440
374 599
208 293
255 902
492 996
679 241
334 467
644 679
614 493
166 48
359 322
150 795
197 465
215 614
255 540
243 433
83 371
917 431
453 896
295 37
917 262
168 1000
417 450
858 145
308 799
616 336
630 427
731 291
190 656
431 8
716 380
858 800
1 675
976 602
517 928
581 498
136 659
138 358
73 365
749 700
771 345
797 917
775 514
425 745
310 230
912 2
109 5
981 973
792 422
447 996
850 684
13 515
16 24
56 472
889 828
434 125
145 186
170 85
99 399
116 38
838 789
128 561
920 142
719 936
720 888
983 374
38 962
599 644
497 441
898 952
230 418
597 629
472 664
767 938
398 1
847 208
832 797
859 874
38 3
555 493
426 203
676 724
702 499
655 151
510 114
88 137
98 961
583 883
111 387
128 198
317 919
365 200
443 393
652 621
949 139
124 328
220 983
148 652
874 28
440 446
169 879
878 974
342 434
485 374
326 97
274 59
464 421
79 878
541 76
244 816
464 872
892 860
767 549
204 66
131 201
330 838
527 915
772 580
606 352
197 140
750 897
206 707
444 259
998 211
915 555
701 42
297 315
585 247
894 176
285 151
929 560
320 565
351 716
617 106
471 944
767 365
994 222
76 936
684 247
951 151
728 943
550 470
959 164
8 827
610 626
7 781
342 447
768 544
447 864
551 848
324 465
823 856
900 594
870 109
711 936
651 150
976 180
574 718
275 10
997 620
438 332
204 316
142 338
854 298
925 942
728 5
823 486
533 71
320 175
723 857
30 816
503 622
723 353
91 608
473 286
267 745
619 746
736 910
20 443
671 951
820 364
985 938
942 804
233 899
420 644
212 153
611 257
812 853
298 875
865 196
973 982
40 541
971 774
57 591
703 18
219 258
630 539
230 918
286 955
582 926
904 148
393 218
417 126
508 647
96 227
530 270
619 495
171 547
925 802
440 809
182 375
786 102
311 341
137 611
235 296
127 933
712 637
956 535
430 54
338 830
367 668
606 655
989 301
201 810
737 491
693 456
505 570
340 450
804 880
105 710
812 661
713 218
922 5
72 71
604 20
433 382
853 672
927 156
844 716
53 787
663 323
903 204
817 894
214 822
870 702
61 436
871 213
623 800
254 915
882 320
54 169
791 560
411 139
672 355
259 231
299 448
52 390
