140 284 5
350 511 4
2 159 5
559 932 5
925 60 2
942 703 5
831 461 3
486 500 3
695 960 4
609 558 1
409 232 4
698 552 4
10 472 4
614 735 4
374 167 5
418 880 4
659 672 3
524 654 5
923 793 2
912 539 2
769 812 3
372 973 3
558 529 1
246 810 2
33 871 5
892 669 5
655 962 1
444 333 1
301 152 5
882 765 4
412 347 5
572 750 5
675 123 4
855 683 2
811 485 2
497 930 4
832 935 5
650 421 5
679 209 2
853 349 4
132 709 1
634 561 3
611 538 3
16 116 2
130 154 4
900 386 1
978 699 5
504 636 1
725 802 2
823 441 4
511 906 1
541 785 2
850 818 5
664 529 2
449 817 2
278 973 1
785 824 4
187 632 3
292 960 4
872 510 1
560 575 2
716 358 2
969 542 1
233 573 3
110 115 3
763 512 4
639 740 4
129 209 3
432 706 5
288 687 2
606 98 1
975 959 1
718 378 5
354 66 1
280 543 2
628 37 1
769 410 3
94 547 1
736 16 2
327 17 5
58 348 1
221 123 4
2 849 1
309 119 2
766 390 1
485 701 1
182 519 4
545 692 2
502 614 3
63 639 5
650 726 5
761 157 1
314 529 4
593 205 1
100 541 5
303 277 5
708 731 1
546 948 2
917 834 4
137 269 2
861 163 5
376 281 2
390 921 5
883 201 3
311 95 4
625 881 3
423 467 5
680 702 4
847 69 1
436 686 5
82 418 5
342 770 3
159 888 5
887 612 2
435 951 2
228 342 2
169 769 3
887 629 5
907 471 1
487 224 4
998 774 1
200 190 5
485 910 3
314 69 2
840 978 2
471 339 1
798 900 2
741 451 4
869 154 4
218 666 3
958 36 2
303 894 2
238 394 4
903 686 2
860 72 1
324 354 2
721 785 3
494 843 5
505 405 4
220 258 5
352 300 5
754 641
483 594
280 609
135 607
979 770
47 599
366 893
581 709
797 687
529 118
73 164
644 816
7 47
664 491
621 241
857 603
728 443
181 344
452 539
44 204
313 864
455 412
128 435
521 395
162 549
303 809
264 373
453 624
920 100
252 253
474 309
231 407
787 553
590 112
467 897
682 99
738 652
697 448
287 796
866 637
382 925
471 486
451 604
763 916
297 650
847 612
882 519
982 473
526 543
807 377
415 693
6 340
281 929
875 738
192 513
934 670
648 920
722 938
542 97
694 201
375 890
568 445
509 832
851 759
169 472
45 756
357 870
565 121
824 688
209 784
341 598
15 210
390 302
427 353
820 933
563 752
874 17
847 616
497 259
584 115
598 761
455 875
104 487
302 897
548 786
616 214
151 107
70 978
334 650
69 29
403 779
896 556
201 752
648 677
633 836
949 802
374 195
368 951
393 856
483 498
726 465
273 3
510 615
459 830
862 869
621 274
63 550
766 713
680 538
898 218
208 454
779 874
169 779
969 436
20 355
176 503
376 399
684 170
543 394
260 363
34 856
646 822
493 383
575 813
383 132
730 490
869 217
360 307
32 397
328 311
652 845
807 349
521 304
657 716
561 130
333 152
225 759
742 708
595 531
842 174
321 409
849 115
299 663
777 697
159 807
728 935
437 398
694 978
55 612
280 379
713 93
275 288
115 785
589 422
134 159
333 554
197 642
935 816
996 70
27 401
525 71
498 378
567 754
458 762
841 932
841 606
819 409
125 547
484 652
106 602
207 89
465 627
211 751
453 663
905 671
223 155
879 650
994 81
919 987
574 713
175 563
537 488
811 908
100 16
13 146
654 604
934 663
827 679
42 183
350 890
640 689
520 642
224 842
229 381
584 792
453 230
568 944
519 699
391 233
537 109
570 319
764 968
740 729
116 448
194 472
351 441
476 523
275 101
556 156
154 82
807 432
991 226
769 199
188 474
658 563
859 160
192 550
452 676
119 249
756 295
707 980
533 277
952 309
606 393
990 987
158 889
445 245
829 818
372 882
616 646
213 846
560 733
790 473
886 130
890 909
928 669
148 769
344 817
571 392
366 896
36 835
423 312
161 914
787 96
734 376
340 431
28 938
769 731
750 634
102 384
955 851
181 25
176 34
706 560
195 813
98 825
212 609
255 333
531 280
125 762
465 890
53 11
379 803
567 833
466 106
327 27
581 611
498 664
872 687
333 355
296 358
905 364
836 664
184 689
56 898
182 489
889 411
108 864
108 371
500 16
625 501
353 434
379 532
273 459
