20 104 30
4856 2201 3
2068 2426 9
173 4141 16
76 3752 5
433 2248 30
4929 1031 29
4084 1722 25
1757 2492 15
2124 2128 27
2606 1890 10
4058 585 21
3740 4119 23
3530 3278 16
4928 4664 13
4368 1913 21
713 3578 1
2216 4418 9
3593 1906 4
1533 745 10
4724 293 22
2605 3672
1293 288
4344 342
364 3013
589 4143
1959 3938
3552 4695
1626 1893
2745 3475
2002 3729
2364 1095
2578 2472
1406 753
4857 1568
2203 3146
4294 1075
2002 2788
94 4971
4599 3086
1055 470
2907 3052
965 3529
4390 628
3918 3087
2251 4612
652 4715
2461 449
1836 2413
4292 1211
2987 376
2688 1017
2859 4136
570 3087
996 103
3992 3536
1987 1529
3363 720
4406 570
808 4470
563 1559
2444 15
3476 3727
2470 4233
4178 4796
3954 1912
214 1491
1986 4360
2429 1632
2855 3708
778 491
2373 1809
2781 4973
1440 4385
363 1156
1485 2504
3539 954
1934 4688
1099 1566
4634 262
3691 3094
2985 1399
3653 204
196 221
3203 203
2918 2256
2369 2477
1157 2026
659 1992
960 1065
1531 2633
1615 2917
4736 3023
66 2658
2768 1223
1586 1135
341 627
793 1865
3164 2907
4213 4503
2474 424
2765 2075
2818 1996
1331 1146
821 4686
2109 839
4911 916
67 3389
4962 2757
2814 130
4136 4359
16 1015
2678 963
2251 2709
4833 981
4690 4372
565 3378
1193 1608
1028 1170
4957 1031
487 301
2546 2768
4242 278
3133 2051
33 2531
