20 294 30
149 4419 18
1171 3976 2
1124 1322 12
2554 1907 18
438 336 11
3453 2404 19
1486 3417 17
1653 611 25
2873 4869 2
4563 2646 15
2077 4043 6
3515 969 24
1968 4607 5
4884 1566 23
3123 4155 1
2234 2467 12
1168 2404 15
1819 14 26
1036 3905 14
3932 1426 26
1793 3109
2159 2999
978 4633
727 4536
3660 3876
2658 4852
2716 4951
2388 4346
2775 34
3561 3950
1940 4262
2414 4989
416 775
265 965
2599 1793
3216 1328
1062 2515
3423 514
4102 4805
2610 3298
4539 322
3399 2810
1591 33
3561 1967
4637 4505
2348 4503
814 3672
1712 1471
2341 2104
3608 1331
1959 506
4465 1300
3499 708
4623 1989
2848 4709
190 4499
1766 2480
687 4997
210 2890
1320 4267
335 1442
4736 2302
3436 1509
2364 1474
3594 4244
1909 3104
2805 4568
3710 2673
3680 3783
31 1885
3272 1229
2816 1736
4779 2448
3327 4691
1818 2236
233 952
2355 3647
4868 1453
912 1923
3570 1255
3165 1937
2407 2499
3884 4928
3166 3834
670 4910
3198 212
4462 1743
2312 372
1770 424
2795 1919
3289 3252
453 2032
4989 3054
4910 3099
1560 3610
4404 3666
1064 4962
2529 538
1172 4709
3379 4064
4475 3028
1390 4080
1853 2945
3747 667
4533 560
1713 3254
2359 1431
362 156
99 2917
378 652
528 1303
1743 2683
2665 46
504 2511
505 293
921 2140
328 665
2565 146
1666 612
2142 4737
4663 2684
4170 2923
3741 4445
3771 2510
4755 2673
2230 2098
3334 1001
703 3988
2254 981
4725 3745
1278 4311
3188 4960
1826 3252
4854 3412
3566 1641
415 3667
3887 2424
4673 1928
3078 3317
794 433
2431 490
3219 14
1140 3349
589 331
4004 2119
3821 3036
2197 1046
4427 4754
3897 2848
2894 2690
2479 1441
292 1245
1764 3672
1121 4338
3876 4040
2396 216
1170 3502
1353 2266
239 4084
981 3276
2638 2589
2899 492
3685 4130
3936 2141
588 857
3507 4165
1634 117
2716 4936
1075 911
2667 1018
1674 2555
663 4454
1776 4289
2861 3468
1652 657
3975 1146
1207 4852
2295 797
1736 4526
953 676
1107 4451
1298 2975
4035 3935
4966 1303
481 2027
874 235
374 2223
2774 1935
596 1774
500 4216
1377 1921
2985 1876
2101 4756
1270 1915
4382 2441
2045 4510
1817 1045
1352 3321
71 3473
3035 1482
2451 69
1137 4995
2708 1921
1689 1640
2923 3701
1643 3412
2822 3786
3464 3749
2666 2460
365 4860
1442 4437
1433 677
2454 3285
195 4728
2690 1383
455 4144
416 160
2811 4018
3693 3455
1985 1033
4751 3833
219 2646
1871 4355
2074 3622
724 1453
489 2872
765 359
3860 4700
3739 756
4743 3286
3584 2450
4236 2416
1662 1399
598 1340
1772 2155
1905 1605
2399 1276
4418 222
2352 1481
3867 3562
4857 4215
3276 1037
4197 864
3395 982
1917 4313
2527 3177
2743 960
2838 1277
1559 1464
4239 1561
1385 2650
706 4857
2677 1567
833 3800
1878 1381
2582 2346
3134 2754
1198 4854
3183 2284
1386 2245
2701 1775
1815 2341
2897 2413
680 1810
1438 1855
305 3868
298 2684
1008 4799
4338 1559
4918 510
235 295
3716 1306
1020 4289
767 484
1551 4487
3225 3970
4305 4193
3216 3331
2175 2712
1403 2043
370 4890
1773 3694
865 2493
719 196
4463 4211
3749 1136
1378 111
4617 18
728 1669
2480 565
2170 4202
4398 1693
3627 4637
1025 4903
3018 1710
3880 3590
4110 511
1378 3127
2008 3774
2000 3770
2220 4445
4626 4526
3616 55
3304 54
4987 4198
2134 195
3407 3822
66 2648
1203 4741
1884 1232
1667 4659
1987 2036
1032 4843
454 2700
