100 1030 30
22 195 7
50 253 11
388 302 5
137 499 18
65 405 9
86 41 21
325 392 30
42 237 2
148 446 26
150 190 15
429 52 1
400 160 17
222 249 25
107 224 30
139 399 10
413 84 17
249 177 17
226 145 9
363 429 22
316 264 9
309 147 1
21 125 24
145 394 11
135 123 30
200 83 2
73 499 7
201 2 30
311 171 1
22 209 17
436 431 8
357 29 24
479 475 4
66 220 14
204 142 8
149 156 20
78 348 12
88 449 6
471 425 9
243 389 4
391 336 23
210 434 29
201 134 11
59 227 13
294 329 2
87 307 17
240 263 2
333 11 1
378 293 9
365 9 30
232 385 10
280 64 13
341 61 27
394 95 5
13 450 13
472 7 17
487 54 29
259 171 24
59 224 12
383 467 30
251 169 12
258 29 6
214 60 6
378 252 23
444 7 24
224 455 24
383 102 29
411 251 15
210 134 11
346 363 29
6 279 20
88 273 4
12 438 15
90 63 17
162 246 13
375 73 2
69 55 18
390 56 9
333 195 10
446 408 7
343 288 12
397 1 13
193 414 6
493 196 10
131 314 1
398 100 26
255 383 24
235 274 26
446 494 18
398 424 24
165 206 26
23 393 7
44 443 28
293 175 29
495 10 18
413 295 29
487 13 18
35 390 25
110 322 8
186 298 27
344 107 23
428 348
448 497
320 413
46 320
220 111
79 177
493 90
88 17
407 69
24 413
302 142
212 189
83 205
363 7
220 370
399 489
243 88
371 296
166 153
321 366
19 224
340 345
257 6
496 386
153 181
7 298
280 494
324 414
234 93
413 454
92 417
13 325
436 313
133 158
337 360
203 348
35 328
407 367
228 158
264 339
484 74
461 119
62 89
395 274
286 352
257 331
41 28
260 214
223 225
315 419
22 168
28 222
468 500
409 49
57 369
21 25
15 419
285 361
222 271
236 149
283 224
332 436
316 131
132 494
383 230
472 442
45 173
264 60
221 458
154 421
150 207
21 209
192 433
180 90
222 239
145 225
431 301
445 69
124 84
351 159
294 131
340 69
249 466
297 341
98 457
84 190
266 343
447 432
315 431
130 294
257 405
334 19
425 495
374 60
221 355
34 147
346 464
187 497
69 336
311 339
327 272
103 439
245 117
41 439
375 237
401 236
383 402
204 203
410 204
496 321
80 495
36 416
302 28
353 234
196 291
236 318
427 418
369 344
289 19
94 112
30 214
236 33
12 477
306 172
124 46
115 71
499 134
9 474
464 394
407 251
176 482
39 470
122 232
359 220
140 491
269 248
334 497
10 380
98 325
27 46
345 71
325 22
83 407
32 125
383 30
8 96
254 52
307 448
481 262
42 357
426 330
133 291
278 122
486 222
147 449
28 375
224 252
440 388
176 241
315 267
196 40
42 336
295 33
486 242
472 129
310 299
164 148
230 163
330 386
36 129
305 172
177 298
27 43
132 258
360 132
363 352
423 306
139 120
485 407
173 430
401 63
346 122
59 48
95 148
467 93
302 251
205 162
493 391
401 185
371 460
453 71
64 351
495 211
489 333
228 136
60 135
200 489
371 67
378 396
288 31
455 173
266 81
156 5
143 177
453 293
361 53
52 292
119 42
215 432
467 49
64 114
139 480
78 265
61 198
452 47
119 170
33 329
106 351
387 498
385 219
367 415
23 117
74 356
270 333
277 386
424 393
104 440
372 50
78 467
468 105
230 365
100 301
421 78
382 433
70 418
467 316
491 384
243 45
344 266
478 20
286 10
160 178
85 256
463 395
311 448
492 253
415 254
348 179
52 176
96 431
187 18
332 352
74 274
5 215
13 102
497 180
4 49
361 494
225 375
258 159
107 344
496 26
262 95
247 180
296 203
435 423
332 357
289 277
190 233
170 129
32 285
5 410
41 313
30 24
479 202
183 265
90 110
43 358
211 251
302 133
338 413
442 140
475 21
54 46
468 117
433 309
90 295
187 108
424 338
105 380
445 275
91 178
450 127
59 308
198 391
57 28
161 60
191 66
123 279
470 346
472 120
257 387
300 280
138 465
139 239
4 457
312 126
34 128
148 248
348 284
310 306
62 371
203 463
309 446
363 195
36 470
131 107
482 379
346 16
27 286
448 255
395 454
428 48
162 367
302 478
442 76
435 321
405 498
297 340
156 398
67 406
111 228
269 35
260 135
496 466
373 489
128 293
38 279
10 148
310 266
307 116
199 365
194 174
171 381
304 84
212 325
71 206
3 208
295 284
450 115
140 318
56 412
129 366
15 79
370 162
221 8
145 126
453 133
85 489
122 479
253 220
343 268
357 94
351 320
182 469
188 457
353 426
174 10
254 160
153 459
373 92
322 180
478 364
345 328
352 158
480 147
25 417
223 274
345 376
313 421
386 151
160 234
371 207
316 175
480 221
191 278
120 166
357 484
421 152
334 188
194 438
265 145
76 282
117 304
268 400
88 258
292 225
333 292
318 8
377 409
463 229
472 17
405 476
190 352
468 77
57 71
27 205
187 187
431 481
169 360
265 7
210 303
227 424
113 329
226 212
68 419
10 102
3 128
33 384
298 127
352 222
284 144
263 346
203 222
52 247
242 226
438 245
311 8
305 411
336 397
98 380
468 461
450 296
47 456
165 85
465 243
201 55
139 10
280 257
327 142
452 110
263 70
69 129
422 248
351 495
86 218
33 11
138 85
479 3
291 484
142 413
352 254
261 186
182 401
437 472
165 61
305 214
277 421
178 468
36 225
478 231
425 129
406 230
446 151
130 349
142 407
357 326
179 146
232 425
480 465
86 451
373 423
26 212
317 124
75 281
250 99
279 186
323 462
391 387
443 287
244 489
295 195
2 427
162 74
348 428
229 385
86 490
409 291
307 232
61 385
65 381
35 259
230 168
108 420
481 6
143 33
272 191
386 425
203 75
170 233
119 235
218 311
306 62
484 386
481 387
24 218
106 4
147 338
467 385
104 23
110 133
311 348
403 417
81 412
82 398
93 2
430 4
204 8
7 400
339 86
377 226
98 227
128 246
258 143
322 394
117 197
330 296
444 104
407 285
345 431
223 264
91 95
293 50
18 49
90 149
413 10
61 86
365 232
172 459
308 436
361 357
12 320
172 50
47 123
320 145
244 485
431 265
368 419
216 471
209 493
44 96
136 131
150 133
332 34
270 495
410 298
167 357
328 337
338 55
57 308
33 493
164 163
430 310
198 404
12 47
477 420
445 393
464 63
17 442
11 187
51 53
416 468
95 48
458 162
306 470
469 5
468 306
14 45
175 12
493 425
216 437
378 270
190 117
327 335
282 297
281 480
416 253
153 56
252 188
453 499
36 481
357 157
2 308
437 361
356 96
132 271
348 127
311 321
56 451
373 94
315 245
391 29
394 456
439 171
147 319
18 273
393 128
91 247
271 279
108 497
300 489
456 187
27 465
127 473
495 283
283 170
379 230
229 289
203 200
442 37
250 55
289 25
20 373
445 440
328 475
436 350
401 499
186 248
347 489
420 394
223 272
457 355
151 8
375 415
68 72
54 254
23 414
226 376
211 44
325 120
143 328
333 286
182 187
256 205
255 13
365 177
132 140
5 426
333 23
169 464
92 117
350 187
162 99
476 172
257 54
12 411
20 348
413 71
81 356
150 154
84 340
436 432
260 457
257 64
237 172
495 225
159 164
451 151
449 93
399 268
301 75
261 254
73 419
45 174
215 468
335 468
300 123
303 486
250 363
59 215
371 189
44 327
411 263
471 353
6 265
122 195
148 303
394 97
316 229
297 274
96 289
37 489
483 428
493 342
231 176
3 51
277 247
322 497
8 346
46 478
480 296
71 426
199 100
426 17
481 1
185 309
242 123
25 289
77 206
338 499
418 52
39 201
357 129
267 118
332 494
129 132
275 427
3 211
488 183
20 361
136 277
160 462
327 301
219 130
483 303
99 204
108 192
59 205
87 330
274 266
397 379
315 113
435 320
484 190
257 188
417 348
140 494
439 222
382 421
366 105
13 141
178 499
147 339
265 3
448 215
103 486
321 462
104 114
125 152
197 83
208 6
287 246
341 137
225 69
410 479
63 460
14 313
157 298
335 264
61 301
3 483
390 154
447 85
68 314
175 184
281 410
472 373
457 167
413 288
478 298
110 140
359 165
180 3
378 387
475 106
376 146
82 104
459 469
341 230
485 41
346 199
277 71
244 376
409 401
382 171
144 412
479 81
23 498
267 48
42 114
82 431
82 246
445 159
234 102
41 123
287 147
119 103
52 374
113 300
103 65
125 355
317 440
86 231
486 333
288 288
273 420
385 10
489 358
184 387
147 186
172 189
443 220
403 83
187 371
407 466
442 39
431 219
283 441
127 68
148 299
20 175
271 255
114 483
250 145
147 176
369 258
219 274
477 154
244 148
422 303
195 74
352 374
162 469
108 484
407 332
248 69
51 420
190 355
473 177
3 168
323 154
260 158
19 6
302 492
492 450
435 158
224 283
196 476
397 74
486 96
73 267
363 487
402 174
324 116
398 452
219 345
482 225
183 28
407 213
35 416
85 379
39 368
7 265
294 325
78 157
240 49
137 273
198 94
411 443
336 489
245 464
155 438
487 254
286 363
386 217
298 212
43 292
291 177
75 131
252 137
172 22
100 341
21 358
500 415
229 228
306 101
171 334
302 6
123 227
447 327
44 68
96 396
333 210
437 280
232 351
481 350
435 315
297 199
57 36
437 127
380 239
240 495
418 479
352 255
312 184
296 101
84 193
340 468
356 448
146 430
166 23
351 61
281 446
309 69
319 217
137 112
265 228
187 483
360 229
290 363
447 361
370 482
463 441
38 367
379 333
296 51
171 354
462 6
218 13
67 462
359 93
140 262
382 155
147 52
112 110
70 172
61 399
313 104
325 233
13 323
73 294
476 293
308 72
383 340
83 258
212 138
5 471
24 414
57 90
267 407
78 499
310 199
269 77
343 82
486 476
97 65
192 479
487 227
17 367
115 404
8 386
163 215
24 230
175 65
290 390
227 33
58 67
223 245
26 66
175 269
316 438
299 389
263 409
385 5
140 304
379 233
212 467
244 351
366 439
188 108
459 138
31 300
320 283
258 366
377 104
413 430
16 324
80 83
199 304
160 110
177 231
187 175
93 413
221 101
267 210
167 206
99 88
95 407
250 45
449 55
45 107
267 316
185 31
280 156
21 295
478 51
76 263
116 4
43 460
361 455
83 124
418 57
83 63
450 227
387 400
373 385
122 234
434 498
89 396
320 147
177 219
367 104
170 457
338 476
53 71
133 466
177 259
352 135
5 390
97 455
