110 224 5
438 821 5
650 102 1
502 1 4
286 902 3
128 31 5
606 346 4
928 355 4
108 439 2
60 453 4
78 705 1
851 747 5
385 276 3
420 115 2
120 283 5
247 268 4
33 494 5
8 471 5
651 53 1
106 993 4
338 390 2
878 493 5
409 65 4
202 576 4
752 279 1
967 519 3
807 306 2
408 40 2
91 735 1
668 115 3
65 483 5
505 17 2
739 561 1
281 702 4
36 645 4
796 623 1
927 867 3
122 133 3
747 112 2
163 992 3
336 338 5
768 237 4
12 218 2
913 224 2
973 140 1
882 871 1
724 755 4
238 631 1
134 170 1
672 330 5
470 134 1
518 569 1
687 789 2
334 839 2
844 437 5
152 594 5
986 833 4
36 617 1
46 799 2
15 952 4
310 371 1
791 415 1
50 707 2
414 118 3
448 987 1
473 283 5
624 420 3
794 188 1
476 323 4
627 235 4
254 41 1
950 265 5
122 844 1
837 151 4
280 241 5
237 268 1
274 896 4
139 436 2
481 335 2
776 745 4
347 495 3
399 372 5
317 676 5
845 332 3
940 886 3
968 513 5
127 388 5
990 526 5
513 117 5
610 541 4
78 581 2
394 462 3
806 622 2
636 705 5
288 866 3
380 230 4
23 57 3
968 705 4
147 338 4
573 851 5
179 47 3
292 461 2
651 168 1
551 876 4
237 379 4
536 488 2
931 49 3
808 936 1
878 705 5
210 317 2
400 745 1
506 684
708 824
336 432
58 899
759 871
741 799
124 723
497 66
945 237
562 446
648 200
512 449
528 830
179 520
933 577
603 558
996 314
29 501
950 117
160 403
527 608
914 826
149 571
168 976
380 103
313 338
37 33
959 970
614 357
577 892
539 530
883 422
664 156
70 798
967 617
817 304
457 135
963 245
468 680
971 510
780 263
917 222
872 121
522 357
1 866
497 842
876 81
785 943
155 2
56 545
348 665
733 318
716 325
824 79
291 894
704 400
153 767
879 541
832 312
391 888
640 241
991 660
568 362
444 255
184 101
812 666
483 976
461 932
373 273
832 137
341 360
696 842
883 569
447 249
614 735
944 797
351 190
915 293
639 4
485 901
490 391
688 913
181 576
596 360
521 691
876 951
156 338
273 809
951 137
24 280
613 69
26 389
311 112
845 132
351 792
224 373
698 731
714 41
267 4
169 701
227 427
802 649
931 933
829 935
37 574
55 17
323 623
198 835
392 934
227 92
784 689
623 839
819 347
528 897
947 516
628 999
815 541
396 755
894 976
665 967
63 645
262 211
46 328
541 391
920 51
546 895
24 488
41 941
537 570
465 593
471 296
466 923
841 964
738 933
241 715
251 986
749 56
784 304
689 602
174 859
738 391
750 359
765 8
445 836
324 266
808 34
298 714
734 654
479 861
713 344
617 153
768 888
727 746
787 756
766 896
984 724
204 483
838 22
24 35
250 12
723 557
767 569
194 624
783 777
387 221
962 661
898 683
29 692
573 648
406 633
836 479
687 615
398 539
957 344
468 630
27 38
336 199
241 426
450 250
45 73
605 213
41 590
642 52
1000 544
480 829
359 830
905 90
745 568
934 617
916 718
40 79
296 894
882 65
969 731
423 761
442 961
579 761
401 366
247 678
287 20
444 814
419 398
492 64
885 834
100 927
913 312
199 533
750 990
575 580
285 41
785 279
543 276
121 332
684 650
348 887
24 424
565 777
188 601
296 267
36 506
191 569
679 71
504 994
833 867
