20 44 5
702 398 3
300 284 5
684 208 4
369 75 3
392 309 3
637 354 2
901 920 5
347 523 4
707 844 2
791 477 2
663 391 5
863 41 4
838 255 4
358 631 3
28 432 1
214 960 1
107 922 4
188 186 2
41 649 3
751 418 4
43 700
953 609
26 258
717 580
382 556
503 689
898 363
323 969
397 353
947 867
367 461
543 536
379 812
348 318
891 50
245 818
806 578
581 163
853 53
716 64
419 764
46 702
1 212
604 866
832 269
223 951
174 661
93 215
328 654
519 386
876 912
582 568
552 791
604 901
122 502
98 163
475 326
196 609
923 837
146 910
247 8
215 34
513 703
112 347
