110 410 30
36 171 2
295 884 7
306 19 2
72 413 3
753 360 6
463 750 5
39 958 1
747 462 10
131 330 1
402 174 1
975 766 4
11 377 1
811 356 3
218 708 8
563 427 6
845 824 6
205 355 1
20 105 5
715 558 4
301 276 4
252 685 4
461 174 10
61 17 10
396 472 6
238 514 3
683 648 9
913 208 1
124 288 10
84 930 4
82 339 4
924 261 7
355 886 9
997 304 2
944 968 7
65 120 7
842 288 7
600 210 3
289 451 9
491 595 4
668 204 5
584 863 10
969 189 6
955 231 6
710 300 8
241 772 5
469 806 6
882 376 8
369 758 10
691 35 4
132 558 9
806 195 8
252 214 4
597 711 3
651 446 6
585 373 1
721 852 4
614 338 4
334 757 7
313 269 3
753 789 2
91 986 2
456 697 5
284 474 9
206 130 6
260 530 10
580 862 5
986 53 10
926 970 9
993 320 5
884 330 6
742 748 1
176 790 9
992 196 9
824 603 7
547 414 8
694 258 4
322 663 8
493 660 2
79 886 10
643 366 2
91 828 5
444 562 6
351 455 2
765 302 10
182 885 10
405 103 10
970 906 3
447 519 9
771 301 1
364 728 10
186 366 1
318 291 3
610 157 7
916 929 8
88 683 7
194 493 1
457 296 7
111 775 10
71 825 5
72 990 5
907 252 3
113 3 4
24 835 8
479 751 1
690 949 5
875 758 10
474 10 2
552 28 3
54 900 8
808 547 7
86 310
284 266
75 230
742 868
773 663
987 545
462 528
409 652
178 8
668 624
45 275
512 780
79 293
3 973
648 402
122 80
662 601
404 452
589 684
777 576
669 630
876 10
972 564
719 582
866 159
630 300
423 968
964 751
155 428
235 991
697 750
564 933
314 947
872 613
413 546
954 983
275 296
712 179
220 964
704 154
527 580
338 576
362 642
624 9
26 377
101 981
900 243
514 194
902 1000
36 637
488 895
338 433
177 761
888 502
475 918
22 823
911 467
132 358
316 894
699 233
591 82
787 716
67 356
232 677
760 121
700 6
810 478
567 243
548 117
698 33
685 307
415 135
790 391
706 344
398 973
860 854
62 825
331 741
770 622
398 643
83 534
294 110
356 955
264 899
196 84
421 679
470 572
897 161
513 678
292 519
495 518
278 580
631 341
758 408
650 905
440 822
388 590
784 99
683 434
60 263
15 268
218 560
466 230
651 476
322 954
4 920
528 793
100 829
410 676
2 123
6 895
38 643
927 128
775 410
568 877
744 103
549 732
671 300
213 141
229 591
302 908
193 614
167 67
557 512
454 207
987 718
553 702
614 668
234 952
666 901
971 656
571 331
88 389
439 807
702 939
397 437
562 964
925 315
255 809
670 181
170 20
124 586
612 50
688 508
565 78
190 776
697 999
607 180
660 976
640 250
125 91
653 109
598 85
31 391
365 371
780 359
650 977
353 284
805 784
964 161
266 825
729 130
553 410
492 27
327 752
972 635
554 377
79 669
437 658
434 407
354 927
444 703
727 705
245 905
581 271
366 296
650 466
633 957
661 591
29 561
295 541
383 461
325 92
868 239
630 210
578 740
706 735
341 550
631 562
867 806
577 522
16 1
569 628
742 606
37 954
103 244
735 759
519 680
938 32
565 861
504 704
855 704
52 88
156 720
919 600
763 681
136 197
925 38
35 859
495 355
859 764
677 730
467 566
259 154
450 735
658 342
823 679
932 589
386 462
365 369
4 346
957 797
260 710
437 825
733 263
631 487
931 204
567 839
240 95
625 746
721 464
821 167
989 93
862 855
638 39
388 38
959 922
207 137
385 574
49 671
596 903
770 844
36 604
337 795
263 254
569 721
216 671
192 14
4 697
728 899
832 39
475 158
162 554
514 900
829 486
233 919
409 354
295 467
248 14
187 969
954 135
640 501
187 555
156 599
726 698
492 571
204 216
812 510
611 767
758 37
739 683
60 757
284 467
569 482
486 996
866 703
242 475
516 999
773 915
777 558
733 437
929 644
825 861
77 599
625 765
713 865
476 40
4 76
796 333
60 587
16 223
423 449
868 844
587 7
493 112
434 613
579 16
83 828
181 5
586 198
767 608
152 471
469 553
2 10
918 551
426 822
600 446
913 397
798 821
555 300
295 498
978 411
3 225
981 456
776 403
947 296
35 411
937 295
50 915
449 70
833 429
873 8
708 781
396 874
763 628
445 938
979 223
171 791
695 82
21 494
434 733
727 398
466 209
372 334
199 41
362 354
821 368
443 250
86 554
769 217
44 88
562 994
964 42
819 356
822 109
312 62
552 171
618 162
45 391
652 646
40 27
282 382
804 446
481 753
152 111
646 247
620 663
686 861
431 632
977 934
352 804
245 87
111 6
293 59
937 859
735 789
575 224
1000 186
39 917
115 392
834 500
116 422
505 211
432 155
389 790
584 841
132 876
636 998
429 116
224 120
381 858
970 728
317 948
780 993
460 715
720 917
782 962
923 401
386 643
774 64
33 783
939 71
800 8
707 795
519 689
935 50
735 552
763 337
777 638
555 7
88 194
757 617
331 198
964 860
712 14
941 872
546 269
340 547
347 143
676 337
