140 2085 30
376 432 19
2193 2002 26
4014 1706 18
4924 3866 16
3453 3604 17
4432 4824 8
3198 4514 18
1788 4568 10
1389 78 29
641 3600 9
2762 3667 16
2861 4264 7
4454 4934 7
2731 1848 25
2628 4536 26
4091 2789 25
4650 359 27
1389 3144 1
1550 3325 8
2303 3524 18
3603 4678 1
4523 3019 6
1972 3189 2
201 2779 12
2452 4512 9
884 2739 29
724 4350 18
820 2136 6
4662 3084 2
141 1643 6
626 538 10
613 4003 3
3956 4365 26
260 749 6
3884 3201 5
3226 3655 10
4220 2239 14
1832 1261 29
4861 1005 13
4032 4188 27
937 484 2
3613 1300 15
3990 3614 7
4098 2714 1
945 3925 13
4197 4548 29
3959 2231 3
4607 4756 26
3192 2524 21
248 1324 10
1085 4909 24
1616 1464 30
4133 263 10
1868 2070 12
4881 2295 3
1597 2925 22
4618 3635 3
3048 2263 2
3764 2562 17
3799 4517 16
2063 58 6
2499 2071 15
3248 2587 18
2886 2866 3
4358 4208 18
183 3806 19
4745 2841 9
1426 4531 5
4557 1770 17
3408 2487 12
4492 3742 27
3304 3620 11
4757 238 15
4895 4972 12
1969 3828 12
2314 181 14
4685 689 14
476 4095 19
2301 4818 5
3363 2858 4
3717 3589 12
1846 1174 27
273 629 21
3898 4405 18
4560 14 23
1113 4522 26
1769 2594 14
4962 3484 28
4648 4462 14
3959 2477 30
2041 4597 13
3618 2933 19
1373 869 13
896 3050 26
4865 1757 5
2143 306 19
685 1163 4
3713 3153 25
882 2426 20
726 225 26
2490 3392 2
107 4599 1
2101 4776 26
4368 4867 5
823 890 25
2159 3498 9
4042 500 8
2400 2290 23
861 2803 21
4710 63 9
4973 3588 29
577 1428 25
2087 2409 25
4338 2391 2
2097 2330 11
3122 1820 8
4783 18 6
1592 4279 28
3490 1964 15
2009 4785 9
1020 1130 11
2444 2337 14
2076 4704 2
2496 7 23
485 43 13
4975 4681 24
2572 966 10
3413 16 23
4868 3026 6
451 1911 12
331 2858 15
2812 4432 5
1588 4042 1
3819 3985 27
4647 4086 30
1376 3883 24
648 4251 25
212 2082 27
1447 1972 16
4884 4903 20
747 3744
3477 4969
2143 4258
2168 4454
1089 739
4727 1333
1386 1199
3611 4463
2964 359
4004 975
1529 4085
327 1463
4648 2306
4786 506
2780 2968
2606 2241
3428 4807
4957 1486
2080 3365
4216 1683
1775 2849
24 84
789 2986
506 4102
4449 1814
61 3058
3346 2604
2136 645
3649 1335
1282 1860
1634 1924
194 497
4685 519
2845 2351
4082 2206
2273 4955
2792 1178
4389 3815
1766 3702
1800 1643
742 3910
2569 3910
3725 1325
601 2904
4943 4426
4989 3284
580 3724
4977 1973
501 509
1529 4420
4411 2337
3259 1392
4574 2162
1081 4521
1326 587
2101 993
841 971
166 3064
4905 4284
887 128
638 2166
4069 4769
2840 4920
1908 4573
2772 2517
4495 3936
1806 3611
2205 3191
4474 1163
2814 903
1163 4211
2471 2691
1089 676
38 105
3811 4872
2418 2356
2278 3310
4689 984
1191 4356
2633 1037
958 2519
3986 2993
267 2082
3334 4042
1250 4708
618 2724
677 2364
3935 3733
3923 3296
2681 1218
143 876
4848 4603
2555 1584
865 1053
2632 1104
4497 2782
4500 2588
3780 2483
4850 1034
4301 3625
1025 3206
3369 3488
2979 3829
441 3969
4772 593
4708 215
3914 2118
373 162
3218 965
2336 2945
521 2751
3183 3648
4941 2071
4781 1034
947 1107
3150 3455
406 2865
2157 2505
925 2075
4539 4565
2129 453
1433 2871
2656 2000
3017 1051
4907 3815
896 190
786 3654
1378 2500
4648 3960
880 2514
1163 34
3923 2493
4507 3872
287 2449
180 397
778 1495
2814 1499
4326 3763
2076 3092
2903 2003
4089 1091
4011 4372
2400 4066
2933 1557
3670 1915
1955 525
693 3161
406 1731
3832 2475
4185 1767
3371 942
1546 474
3252 3540
1514 168
4098 2050
596 149
3726 3720
1498 3421
486 1687
259 2963
2757 4799
3463 1227
1189 4705
2585 3904
4877 4355
4157 3069
702 3386
2037 222
1444 3851
3785 4163
3809 2261
2551 4051
614 4782
4969 1506
2074 658
929 1718
838 3955
2360 445
3823 4100
3730 363
3656 552
4100 2229
320 2350
1164 2496
472 365
695 4759
4836 4849
1223 2260
1543 464
606 60
286 2115
3503 4243
4538 4139
2120 3143
4104 4363
396 4849
204 3053
1469 1536
1607 3634
2590 581
376 1841
1585 25
2811 3444
3925 1756
739 3574
1481 2070
378 4661
1892 4908
1507 2402
2757 171
844 1693
797 543
3281 2734
4859 2437
3737 2628
4339 2353
1378 613
4459 1812
4599 1573
1897 2386
1163 1020
4769 3132
2776 1375
4670 4986
1907 2055
2972 3352
1644 1377
289 2445
986 3858
3592 1117
4026 613
4337 3911
3845 1002
465 3100
3511 2113
2047 149
2498 2537
1128 1962
430 4582
3753 3612
2250 4172
1065 503
352 2895
2176 153
3379 3108
2098 4097
1681 2017
4934 3965
619 661
4404 1279
397 728
1871 3862
3178 4669
2020 800
4535 4058
864 4045
3397 1251
446 2235
4126 4444
3481 1943
3244 1038
4963 4959
2457 1386
2207 3914
4564 1415
1247 1212
3390 2453
750 1237
1615 3591
659 2960
2252 1239
4599 2537
1437 4985
2878 1272
1560 4268
1401 2277
3129 1485
962 1086
675 2537
381 3358
3037 3040
2137 4621
907 1339
3801 1467
1747 3175
2120 614
2715 858
3077 2490
2366 2948
3984 4421
1295 1580
4067 674
2582 3476
1595 2073
504 959
3537 4178
1536 4774
3612 1048
3279 82
2819 2926
4283 1341
2747 4288
1459 3613
100 52
1182 1079
4096 1838
1246 255
2992 332
4317 2335
363 3603
4718 2588
1797 3918
3009 4251
3933 2638
2004 1259
3410 3833
4406 4135
3787 871
118 374
212 3032
38 984
3256 970
576 1695
1298 3884
2298 3301
537 376
130 4776
2624 3064
1519 1131
3087 3901
1226 4969
2696 1193
313 545
1912 3508
3311 1119
2365 2065
3937 2870
2812 1306
3810 912
2715 3975
684 704
2315 4309
4233 1079
1121 485
2521 4510
1793 227
4112 3115
2335 606
1003 1006
3596 2414
4113 3021
1842 1642
3898 3735
3264 4945
4252 3368
1260 1214
4071 265
4436 3854
4730 1867
2360 8
1749 2275
3626 3383
56 1132
945 424
4343 3014
4660 3505
2541 3999
4718 796
3234 1119
285 2912
3468 4264
2834 2202
1109 1508
3449 712
2925 3652
577 2618
3068 1075
4251 2583
1538 1574
1511 1292
3093 3977
995 2313
1008 2299
676 2919
670 4892
2324 4554
3265 4967
1058 4803
4447 4124
1084 94
1503 833
1610 4730
3025 2913
3854 3629
1517 3632
4864 4195
1209 4929
4120 3610
3258 4173
4730 1585
4421 1806
2868 1340
4584 1934
2945 1014
4393 542
2435 1185
2674 1940
4546 505
2814 4082
2841 604
4805 2824
4363 2895
4453 2917
4175 3978
769 3289
4976 4084
898 896
2742 3401
3081 747
2633 4363
3088 433
544 2865
3645 4956
4613 1502
122 2970
352 3772
626 3143
4761 2555
1131 1513
3778 2552
4011 1919
2118 1831
4252 2637
2260 3204
176 4397
840 1905
4362 1797
3731 4755
2371 3668
1930 4044
2123 2114
3311 2556
489 3505
2939 3319
1321 4304
1129 265
3352 337
3903 3292
433 1487
4337 695
281 4479
60 1863
4637 2255
1295 4587
1535 4912
4316 2480
3350 2874
29 4990
596 214
4464 752
2569 2604
4211 2066
118 900
2777 747
179 3739
2726 1507
3598 264
1993 3611
2026 1059
4649 4888
2232 1110
1521 3409
4245 1726
4646 1760
1494 4624
3330 933
292 1439
978 671
3769 4539
1953 243
2030 2397
1216 3269
4019 4734
1922 1976
3415 4597
4159 400
1228 3338
1263 3262
4840 1855
343 1701
4752 4439
1473 4278
1654 4706
4946 1338
420 4427
74 1702
1627 4746
327 3024
311 2195
1282 2301
93 1002
2661 484
1139 1063
3242 2108
2990 3424
349 4833
3322 378
3654 960
654 1158
1951 3212
2862 1290
3809 4200
4695 3736
3494 3312
4643 1107
787 1112
1524 2063
1983 3136
1916 2600
1878 3410
1387 3016
1670 1285
896 4820
2660 277
2844 2009
367 287
4306 4389
2132 1004
3802 4052
3461 1779
3686 328
3543 310
1556 1723
3571 1593
4962 2086
2020 3393
2621 1778
523 1290
3172 348
259 3354
2396 2890
2509 1471
2925 104
1829 4791
657 2281
4849 640
4345 2985
3318 2502
4263 1016
2022 974
538 276
628 751
673 1367
4490 4007
4803 3301
1590 2480
4501 1474
479 3751
2222 2585
2535 126
4247 3535
2307 4273
1690 1024
2699 4137
1535 4586
2942 4469
1082 2517
4567 4518
1065 2625
1563 2345
4536 897
1091 4509
1606 1730
948 148
4753 2085
3913 4711
4993 790
4099 1885
1345 4722
2984 1427
3578 3590
3625 1363
2250 2356
4543 1902
2131 4564
3236 1785
1013 2771
4184 4714
1290 2027
2276 1771
2793 1569
3814 2838
4233 801
4642 2168
1074 131
2235 565
2703 1374
879 4217
4522 4224
3629 1263
4599 601
2022 2055
2757 3154
4729 4049
2760 4419
2524 3259
4947 4945
3061 3593
3438 3841
868 220
839 3483
3319 2869
3475 3996
4075 1672
907 4152
22 2583
2323 741
127 4166
4608 111
3286 2405
2434 1322
3385 4511
4578 918
1998 1823
3777 1878
666 4030
3737 3222
4492 3730
4481 3589
4921 3772
1873 1421
394 1324
363 2992
3485 1765
1531 3408
1708 3753
3385 3373
2248 4605
1980 551
4917 2083
2794 1131
3584 1616
3864 3238
1805 787
4714 4193
1462 1265
647 1594
2489 3732
4087 630
743 4125
1289 4373
876 75
459 2906
2540 1308
333 4248
1887 1288
1398 193
2884 2582
421 94
1449 319
4744 3779
1130 3746
1562 1765
2933 1115
3295 4239
1895 693
4721 1773
3405 3650
2382 1818
358 4163
4476 756
2684 2347
2856 217
1561 4595
1949 1590
1771 2447
2868 2918
780 887
4738 4656
2459 4913
3864 452
4972 4804
1578 4752
2413 4244
3604 2580
2821 2333
1755 4607
2282 3829
1500 2976
4868 3187
2044 3972
4981 2771
524 3404
100 3201
1331 2258
4819 2809
1791 816
2966 1776
1885 2044
776 2899
3995 1037
643 3895
2716 1310
2953 3822
2538 3928
632 1671
2021 2892
3050 4355
2087 1303
1617 1769
138 3044
3576 2205
65 2092
1570 191
1408 2515
2029 3047
565 1521
1618 3790
4804 2609
4232 4323
729 3519
2656 4441
4181 2628
3018 426
1735 2747
893 3856
1931 4122
3719 1087
3227 4646
2169 2685
77 2452
4349 1632
2388 3309
4030 1132
4938 2568
2938 4869
1794 2563
752 2080
4307 3368
3712 1704
866 2249
3955 4464
1534 3184
3030 1341
1896 2173
3529 1581
1324 1686
2873 2613
4191 3068
1082 2979
1224 1700
1693 1052
2315 3458
29 3336
931 2371
497 3038
2219 3077
209 4609
1772 4195
1590 4561
1797 3399
1113 498
3895 730
3441 1000
4881 4136
3787 4264
3997 65
2829 842
466 4814
1699 3612
3175 2535
3452 4196
834 3491
1592 3458
2591 2647
928 2558
3037 4123
845 1838
2934 3258
200 4491
4749 4416
3306 3290
780 4913
3998 125
401 2915
3549 4385
1229 4749
512 6
1901 3468
321 4527
1883 276
1519 4863
877 4298
1666 1005
2503 1716
1945 4730
4263 131
2141 69
1396 2000
4912 2215
1151 1567
2391 1021
4082 3545
3258 2838
4487 2124
3492 1782
3897 3187
2427 2763
1298 1609
34 2155
3960 4033
1063 1075
4243 876
1689 857
244 185
3703 2421
310 2758
4723 1776
1219 430
15 2208
2287 4492
3930 2561
337 3352
1069 4729
751 233
1090 2388
2012 1785
3787 1126
4932 2060
2715 1527
844 2882
3881 3850
803 2298
2261 3058
2452 4609
4179 4607
2845 2752
139 4701
4399 88
815 1596
2538 555
1425 4375
2394 1245
2189 3423
464 3524
1743 644
4365 590
3692 4762
2933 1079
4934 3285
3709 122
4515 3096
374 3477
2877 3522
3685 1147
4776 265
3204 845
3392 1976
4494 3932
2357 1270
2883 4669
3995 974
3317 4114
4375 66
4247 4186
42 1618
372 3723
1417 3168
206 2648
1657 1798
1439 4438
3222 2268
3063 2461
4213 1984
1937 1118
4928 265
3323 560
3392 507
1848 920
93 1194
1615 421
3574 761
3732 1710
1141 3325
1114 2677
3775 3803
418 1552
1731 1391
706 1411
3864 1778
1062 2253
3123 2231
3348 2443
2464 995
1250 176
2768 1289
870 2279
1001 2281
1703 1755
4775 4740
2056 747
4453 1062
3673 1064
406 3898
3436 1369
1336 1
4901 3371
355 3290
3803 1326
79 4347
854 4832
4600 470
3470 2140
913 4263
4491 4790
2725 4454
2232 345
2574 456
4219 3805
3443 4630
92 343
3523 1694
2563 3819
4036 3952
2264 4726
3695 4002
2212 3983
2173 719
2615 2088
2443 93
3025 1065
2867 32
4968 3225
2783 4050
1115 4975
1759 1879
4003 2576
2372 846
3613 2965
352 227
47 4253
892 3585
1352 2005
2452 4954
1145 3970
928 1128
362 2048
4578 1546
248 3032
3647 4944
984 3645
4523 2643
682 2885
665 1457
427 1460
1637 2521
4556 4283
237 3223
3003 2281
3785 1886
3829 1624
4966 3516
2831 1509
3075 4045
1373 4596
4168 886
2727 602
1799 4659
2764 4240
2868 1061
3661 3204
4309 4784
4216 1176
4783 310
319 1695
516 1528
4320 4771
771 4059
2144 251
4039 4724
3142 2057
321 795
2627 4141
1453 1380
2680 82
1365 1136
4354 1257
1668 452
4425 558
4654 217
1839 2832
4575 2479
4898 3157
3265 1626
88 3112
3427 885
4623 1277
446 3204
4241 2197
3440 1206
2659 3655
311 1060
1773 2192
4109 2004
4596 1862
2209 1478
795 1384
2758 2354
4380 3136
2199 2765
3305 2543
3525 3644
2195 363
1756 4255
4303 1647
4067 702
4564 264
3213 86
2330 4668
755 3913
4491 2024
1589 183
2937 3358
365 4617
1900 3054
3495 2707
3667 1602
1267 2058
3653 4265
4285 3869
4720 769
1073 1106
4649 1177
3541 2645
56 4780
4655 4971
2961 3573
863 4008
4725 1167
3095 4803
56 2827
2967 4724
944 2211
2786 2907
2791 3900
2504 4233
1897 646
3019 2040
1792 108
2505 81
977 3304
2144 397
1822 4664
3117 653
4574 4962
2310 1574
1735 1544
3614 4253
4125 3726
2432 2584
3186 2418
3420 4165
1898 3188
1766 1104
781 1502
3700 3851
1704 4594
467 1331
2742 1463
3018 2322
2708 2601
193 359
4884 1806
3541 71
2636 4511
2890 2550
1593 1952
1541 4647
1686 655
1999 2725
1121 221
2031 1204
1699 542
909 1744
4370 2749
2259 1311
3042 3661
2950 3940
44 1894
2629 286
1825 4554
485 4654
2428 3964
831 1551
1450 291
1247 1672
4125 3859
4145 1628
4768 1894
2051 1057
1377 3741
140 4927
4021 1540
2421 825
4736 4375
2966 1575
4434 3096
596 3812
2123 1601
4434 348
25 4339
255 2687
1316 4805
4451 2919
2175 3407
3821 638
3872 4520
400 3250
300 4923
988 3173
1744 483
1831 2159
2962 4163
4710 4862
2741 3127
1461 4145
3117 3386
4785 2224
4723 357
835 3690
727 4361
2474 655
4602 3256
3334 3442
1650 1860
1517 751
1353 2820
4677 4615
4320 222
4660 2563
4800 79
1362 3427
1317 1783
601 3143
2404 3030
2445 4058
4425 2362
2628 2897
2044 1320
4436 1214
3172 4646
4918 4203
2521 4357
1271 4982
2608 693
2728 4441
4531 734
2620 1462
3513 3633
1759 3038
2516 4160
4428 2583
974 3664
517 1659
3083 3206
3054 3710
2064 857
4911 614
1268 454
4806 2582
113 819
301 449
3688 2439
4159 4387
1925 1440
1261 4632
378 924
4704 4238
2050 555
1454 4445
4362 1838
172 1089
459 3919
1181 1786
1962 1698
2690 4657
4419 1947
4152 3029
2009 1405
2267 4113
4962 3498
1880 1783
2750 3213
2883 339
1921 775
3225 2415
4465 1011
2950 517
698 2185
180 4668
811 4983
1050 4210
3913 2462
3293 665
79 2564
2306 1000
3630 1796
295 2283
1250 4923
3418 2613
3783 499
4787 2406
2836 2727
3877 1012
1020 2934
1971 400
1639 852
4154 3309
504 2262
1166 287
140 1429
2883 1365
2494 457
1970 2752
144 218
91 1759
4178 2559
1778 1934
551 1324
2654 1236
663 1677
1754 3335
476 279
1452 3624
3947 4675
816 832
1612 792
3123 4646
524 1476
3600 3155
4630 2325
4288 137
4439 3649
2230 828
1099 3156
2621 66
697 928
3315 4730
4139 3288
1452 4297
3797 4499
1047 1976
2615 3382
1062 4502
2661 211
1020 570
4104 1206
3085 122
1364 195
4604 4072
4568 390
2190 1794
3079 2157
1269 541
3615 2013
2008 1028
2203 1934
3427 2251
4521 4238
3810 2199
4894 2677
4777 354
3922 2735
625 762
293 584
4077 652
290 4217
4720 4476
3034 699
2001 688
3149 3329
4102 3329
3125 42
4024 2732
2791 3157
2153 2554
2219 4998
292 4184
1809 4616
255 3691
547 1160
2765 4039
4729 3642
4579 3494
3551 2268
3606 4716
2507 2725
2778 1298
1035 2263
3586 3700
2198 4284
4140 472
2858 2095
2790 2195
4148 4336
671 3945
1435 378
4764 337
4252 3768
3974 1718
2466 2395
4295 1474
1432 3747
2131 4043
1736 3030
2401 3516
2394 680
164 2160
21 1059
538 4362
4741 3471
136 3183
4561 1312
186 4919
2993 3406
500 2483
4415 2298
2687 1466
3826 3685
1385 559
3912 266
553 2368
3801 695
43 3861
4075 3810
1852 4187
3153 3482
1495 2710
2532 1323
631 4347
3599 3171
4723 3943
2582 166
3247 2287
2953 12
3655 1833
123 2438
4734 2329
1311 338
1212 2013
1836 518
3917 1415
3518 2587
3155 4392
2952 2217
1656 2282
644 4878
1354 3525
3447 2157
290 1060
1051 569
4099 1561
2468 2197
995 4022
3379 3893
203 2517
482 2178
278 339
4556 4874
2900 253
4435 3573
2311 101
4617 1483
1474 3967
1527 3320
2174 3610
3322 3781
1426 3473
4969 3732
2344 3913
4990 2053
995 1879
3018 295
4315 2545
3587 3625
1475 417
563 750
388 1283
978 694
4685 4481
2697 3012
1839 4541
4274 413
1421 3969
721 2521
2921 3542
820 4567
228 1171
4771 4222
1026 4825
2459 219
4249 4061
4480 964
4359 1250
2052 3247
3846 4893
796 4782
1849 2106
159 2399
4728 1526
2609 110
1356 1004
2712 3284
4176 94
4728 4909
2211 1253
1184 3181
2461 3704
1434 4308
53 1683
1923 235
3433 1994
2282 2482
4739 4118
3163 266
4360 1105
879 3388
2669 2488
4215 3441
988 2613
3589 1228
2565 1177
84 2326
4554 1004
2596 4740
1216 1583
272 3854
476 2694
733 1873
2850 1831
4271 666
3924 4435
3231 1076
4243 771
1593 4051
4568 565
1748 1848
714 1264
1132 4033
2301 822
878 4904
318 4663
1508 108
638 882
1998 3672
3055 70
4754 3875
4326 1366
4421 4717
1611 1619
1963 4511
4814 1824
542 4521
4843 429
3117 2816
2426 3987
3108 3803
1587 3041
2906 4722
1641 2754
1419 4740
4749 4035
2834 4655
861 1531
3762 905
3277 1290
4925 1999
447 140
3223 701
2606 4939
3496 2497
2636 1369
2879 2941
3260 2298
1508 4582
3804 153
3567 328
1869 1669
4078 1488
3441 4332
1002 2408
54 1211
3413 2757
4445 3714
4375 3573
4391 648
1378 3164
140 704
2635 4952
2220 2936
1211 3631
1527 1600
2145 1077
3132 4355
2364 3302
1468 3047
258 665
213 3905
4308 4615
3681 1950
473 2098
3726 981
4035 287
2427 924
4356 3938
1088 3568
1331 2338
4544 696
299 3380
2161 4047
2776 1832
1193 2082
3066 2627
3570 1099
1179 4548
3075 2781
2598 658
4435 862
3166 4232
4678 3126
4722 1170
313 178
1093 760
4596 1685
4806 2264
2020 3128
3804 3178
4013 2907
4575 701
531 3187
2464 1922
4198 4976
553 2317
1050 1924
1553 4945
395 4509
4939 2844
3081 2807
432 880
928 1704
4111 4202
3116 1313
2045 1997
4814 1745
296 4920
3512 4027
2875 1214
1274 4161
4511 4898
4180 1129
1603 1433
525 2364
1197 1521
4647 3552
1179 2891
2330 3520
541 2458
3120 3416
3052 1676
1138 3922
535 3722
1276 1556
855 4000
3981 2829
4439 841
2976 386
858 2095
1197 1278
2815 1229
3094 3546
1306 1258
3296 1755
261 2454
3005 4478
1139 3667
911 2157
4100 3715
3755 4
3311 107
3369 4068
4192 1602
1207 2351
4241 2727
1035 180
3588 1574
840 718
3941 3171
3489 3163
477 1214
4390 4413
4831 4463
4381 3064
779 1124
3894 1405
872 1470
2493 3323
2882 2682
172 4647
864 4030
1863 2345
1637 1400
3912 146
3813 3917
2007 2822
3695 3112
4393 1477
1906 4702
1788 2306
4361 1708
4661 3082
2271 4859
4457 2249
2284 1133
202 1782
3333 664
3333 1082
4979 2684
1638 4118
3401 2990
4681 4461
3609 83
102 1464
852 2680
2325 2115
3173 881
424 1291
3911 2581
1422 4795
4578 2271
4269 1587
2192 1894
986 1813
3242 2977
3799 164
2093 487
2590 4555
1544 1945
3784 2829
3315 3844
2320 1435
1124 2936
4573 2964
1690 2496
2100 2744
2554 604
3746 905
313 3217
1506 2913
1018 1001
3767 1035
1943 633
429 1188
331 2656
4047 3975
1280 4855
2317 3202
124 4096
58 848
4184 1538
3770 1554
3470 1402
1976 4457
195 583
843 1719
1981 121
3498 3393
1564 1734
2592 3601
1235 244
3660 2479
319 1579
398 1744
755 3496
36 4421
194 4288
2132 1244
1203 1707
3581 65
2349 1884
1527 4557
3338 2960
4539 1229
3177 2593
1242 4311
3097 1331
3966 4267
532 4999
1014 2846
2812 1758
550 1829
3480 2476
1088 2059
883 320
2592 4651
4822 4298
955 4313
1202 3585
4060 2524
4032 3423
1012 1644
2109 3917
1119 1914
301 3711
4999 1083
2606 650
958 1304
4568 1159
1387 4944
955 1670
3874 986
3937 4386
339 215
4446 2649
2776 2808
1757 553
760 3400
2455 1488
2293 455
4263 531
2583 689
3840 2812
899 446
1269 4596
2357 2776
602 1285
1835 254
951 2461
509 2204
831 314
2045 1783
2464 1069
1510 4183
3788 1152
1897 4423
3175 2264
644 1591
4615 3033
604 2640
1173 2068
3665 1093
1768 1640
1572 4201
2646 4058
150 264
4411 3788
2795 3208
2214 3404
1403 2735
4768 1926
236 2913
3792 2231
1237 3596
1622 1510
3454 4078
3104 4064
919 2975
2790 827
3659 2456
1084 2504
2042 869
3135 2878
2991 370
202 2359
2349 4666
692 2620
1337 3927
264 3306
1138 4577
500 4871
3943 864
3438 3693
4526 951
159 1934
1660 3363
1528 1960
2133 3191
3651 2421
3425 2338
2945 3078
4548 3005
1178 2141
3408 4339
2346 2285
2422 4938
4889 4908
4513 2844
658 2003
1232 4751
4876 3046
3469 2133
2930 3435
2268 4640
2473 4440
3180 1889
2287 653
3347 2984
3592 4863
4802 504
3469 3912
3792 4644
1611 1136
312 3163
675 3664
3933 427
1746 3835
2943 2432
3086 1052
4665 4656
383 2968
2083 3135
1568 2496
281 159
4352 2791
1889 2322
154 2855
4069 1709
1700 1315
4737 3067
4075 1961
1220 3109
1073 1893
1569 4504
3986 2800
3682 4611
4852 4393
1669 1648
3201 867
3966 1812
4272 4179
4055 994
2737 1017
1375 1918
3909 3012
1398 1778
2956 4668
1534 171
4995 4621
3518 3523
1814 38
4669 3746
1214 3718
3385 1053
4484 3146
3670 2323
4068 3001
3624 980
614 428
2225 3559
3640 2539
4091 4539
4692 856
2759 2445
2722 68
518 3881
3515 1976
3535 2581
2757 2877
4780 4844
4843 2496
1896 149
3008 3592
4246 4047
578 2134
3150 4705
4546 3325
2176 932
4821 3863
3186 4750
925 829
3413 2411
1533 2913
4247 3933
1920 2333
3006 3317
3944 2955
1207 4440
407 3179
373 3838
1751 2682
4438 2204
2283 2811
3132 3944
2945 1730
357 3621
2665 1805
780 1974
1002 3294
2989 956
4534 3436
3357 4927
842 2078
2222 206
1467 3339
4372 1987
3119 4208
429 3129
4698 4840
1130 1065
4682 2276
57 1258
4283 2616
1230 4811
1569 1662
2257 2834
4964 402
1641 814
4282 1194
477 1773
134 731
3124 4831
2311 302
4043 3445
4944 3643
3762 1973
1037 4622
1203 4412
1462 4159
3636 104
1326 3085
1308 4303
3665 3655
126 2647
2003 1061
77 3936
910 1053
4185 1654
11 1986
4950 2022
1832 1802
87 4123
904 1717
2500 3766
1641 2415
1594 1977
2011 771
898 4600
4850 847
881 1197
3759 2478
3811 607
2970 4700
2176 3949
4368 1511
3837 4874
427 1252
1029 2555
1113 640
1006 4347
3979 3649
258 4478
488 4392
788 1770
796 4314
4077 4174
1676 1895
2299 3761
2175 2833
4072 175
3461 215
2126 1386
809 9
4845 643
586 1210
376 916
915 3528
1826 2333
1123 1986
2354 1977
1216 1832
2982 2807
2844 4172
675 4447
899 1660
3113 472
124 2514
2567 4672
1672 1910
3481 4079
1435 4829
3884 4121
1153 753
4537 539
2436 3579
4109 2341
57 3564
1806 4220
2042 3363
3375 3011
2092 3282
4230 2447
3720 135
1543 4084
3362 1675
3010 2095
3732 4698
4427 4140
614 4860
1740 4908
1022 251
406 386
356 3606
4403 3760
2911 459
1273 4553
841 887
1857 1253
3523 3809
2922 589
794 4575
1149 4623
3234 1157
4437 1026
3227 3515
1022 2262
3024 3244
3175 2122
3294 566
2989 1656
4320 1661
886 2980
3873 3462
4175 3936
636 4345
2010 183
1671 385
914 3744
2727 3049
1441 2552
714 4806
9 3491
1143 70
2976 3629
2878 4697
343 3251
3784 2125
2788 3730
664 557
945 1800
4910 2809
2007 3775
2264 3275
2419 2520
2517 4549
3279 857
2069 277
4588 2930
4886 468
3273 3611
2642 3471
2584 3845
3638 3386
3821 1601
3345 4865
3644 2965
3125 1135
2099 4940
648 1819
2941 2758
933 3753
3857 2549
3669 3580
939 830
3705 1462
1094 3829
4565 1848
2473 752
2033 2886
3340 2282
3085 1390
664 2497
2608 3177
2756 3092
3930 3743
4327 582
2431 2920
