80 774 30
3555 4707 28
3790 3088 25
405 1758 5
2927 2012 6
2920 1607 13
1552 3435 28
3144 336 4
414 2281 12
2993 908 15
4258 4947 15
766 274 11
4483 4237 17
1180 678 7
1946 4897 29
2311 3672 2
914 3321 25
853 824 26
1089 1476 1
2177 1206 29
269 3629 13
2085 3121 19
2706 3816 17
579 11 9
3507 4279 25
3779 1215 23
1460 4527 21
4087 4475 9
2913 390 3
3583 3315 10
4238 3431 19
2871 2330 2
2855 987 2
1956 4591 17
2023 3569 20
4597 1409 11
1604 3185 1
1061 1074 15
1283 1490 21
125 1148 1
4856 499 13
3803 2645 27
4337 1350 9
628 2727 11
2220 1948 20
1356 2255 8
3000 457 3
1386 965 23
1432 53 5
4544 2855 4
1816 3316 12
587 3180 11
1386 2357 30
4288 3034 17
2751 1451 3
2955 1159 21
2916 2554 23
4544 2934 14
879 4867 22
2490 4317 4
3638 3921 16
1845 531 28
2365 1334 8
1846 627 16
4851 1099 30
87 1865 1
599 1151 2
4491 4034 17
2062 3877 15
4012 3498 7
4644 2267 19
1932 1867 25
2430 4106 10
2547 4875 29
2608 2427 30
1802 2711 16
1897 3104 24
1344 4928 20
3256 4830 3
560 698 2
3195 2087 5
3490 1807
2682 1236
563 2172
386 2762
3730 1580
2073 2544
3115 1732
3238 1761
1599 569
4150 2095
4865 2333
4950 1127
346 1009
1160 4000
3218 3868
561 2246
1166 235
1021 94
4408 1830
445 3325
2802 2454
636 3366
256 1202
4931 3061
1885 4558
83 4230
4941 3777
1550 3792
1369 823
537 3905
958 4911
2224 1272
3516 296
3400 3976
432 1955
4687 675
1216 3602
4560 682
790 3767
861 436
2586 4900
3341 1438
2817 2993
4703 712
2352 2011
3697 2894
1221 4742
513 2451
2404 1881
2695 4094
4590 41
520 4248
132 2032
991 1347
3380 3218
1692 795
2307 639
2028 1167
1846 2544
3968 1766
74 3365
2682 1672
97 2085
1373 3556
3207 4271
1215 575
1043 3123
4093 2966
2431 2580
3646 2161
2168 1878
4157 3564
663 4780
4743 2594
562 650
1005 3181
2062 231
575 4538
1659 3422
4588 1765
3004 1540
4798 1741
1900 818
4736 819
2108 1243
2392 3686
3177 2059
4477 39
4881 525
3484 2048
2332 29
360 3391
381 635
4300 4344
2496 1976
4160 2079
3888 3006
4927 1841
3795 3402
863 4953
4792 4186
1649 3235
1553 3831
2473 2507
1546 3110
1117 4218
2662 1946
282 4781
659 3383
4051 516
209 3627
644 2122
466 3729
2731 686
935 113
819 924
4996 4970
1125 3859
2313 4549
2794 1270
2292 3068
2161 2262
2026 2731
2077 4080
1601 3205
3326 4123
4624 2916
287 4343
4719 4200
511 3144
631 3034
1458 3753
4345 1110
4115 4473
4406 3051
3090 3196
2352 2196
1339 2272
4206 3772
4295 656
3609 479
112 1055
1586 723
1974 867
2512 3101
3366 866
1089 540
1935 16
2833 1258
4401 4313
4030 240
2133 987
4887 2741
4915 488
1916 1203
584 2163
3291 4203
858 3871
4843 1127
4269 433
532 2832
750 4185
4169 390
1897 4859
4102 4230
1714 4329
3741 422
2004 3915
1698 4589
613 3975
276 476
1470 730
2688 1956
2268 3110
1903 4461
3918 3636
1115 2875
2386 747
2549 4004
1984 4337
3225 1554
4226 3998
4132 1227
2411 4465
4231 3083
897 604
3800 2812
585 4251
2639 1729
3008 1476
4242 4796
3289 329
1420 1747
1555 1248
1716 2237
1981 3886
436 3020
418 2220
145 1992
1962 4227
32 4386
2391 1838
4859 4779
957 3369
4839 2222
715 864
2856 4434
1466 4350
3297 1148
2779 1793
708 1196
3987 1122
1482 2902
3958 3288
1298 2536
4244 4039
1168 1296
2628 2638
3189 358
4778 1142
494 1299
76 2126
3903 1505
2205 2195
4424 1542
3549 4181
4057 2862
3079 2958
1854 2952
4623 4273
3461 1315
4001 3915
4923 2107
146 53
921 2481
1696 3451
3290 733
1659 4735
2829 3132
657 566
2168 1381
3458 3879
3759 1301
4498 4464
3149 4345
4501 3282
1723 1668
2789 2648
1335 3476
2134 4795
1297 276
3471 2403
1048 148
2456 2635
4422 2720
281 4218
1950 3812
3905 4130
2202 1083
3285 2878
3796 4099
3474 914
4903 2541
3 4114
4813 557
4162 3747
3183 4322
3191 1815
4618 4085
2438 968
4263 4414
1932 3285
1335 1313
1092 2475
3427 3066
1721 87
667 1073
828 1246
3003 651
851 4101
638 2234
703 2968
3510 865
2047 4289
1944 2764
1571 4445
2343 974
1220 3840
3168 1222
3047 1610
4043 3065
4556 3138
2165 4735
2442 1454
4709 3568
2944 4500
857 2502
2761 2336
3029 3408
3436 272
3415 432
1100 4210
4412 3900
1389 4303
4614 2488
2020 2038
2671 696
1616 792
4006 1979
2786 2139
2103 4642
4007 2743
4054 1744
2857 4487
3823 286
2344 4363
3372 4768
4397 1758
3242 1021
4181 4741
2622 4382
797 1656
2329 1294
4514 2344
2142 3637
1908 2144
4843 3354
3527 282
1846 3096
4114 4988
2129 516
866 3521
645 2639
4687 40
3891 258
1659 4397
1440 3282
2755 4822
1253 2521
1196 4222
333 1899
3061 1998
648 2161
403 1474
2861 567
4331 1548
4529 4789
4741 3482
1734 1932
738 538
182 3555
4434 1372
4732 1935
2356 3089
1030 1966
2895 2173
4622 1762
4221 3493
2833 3381
39 4653
81 2228
495 3258
3875 1509
4530 3558
1932 649
2060 4059
10 3146
1272 4509
1284 3316
2194 583
966 2141
1177 4430
1110 4885
1796 4489
4457 2412
2048 3466
3610 2321
1070 24
4032 4688
276 3081
3709 628
2905 2174
3242 2032
1884 3687
1056 4491
1231 2693
2918 1156
3661 4360
2530 4925
3929 1184
1219 3155
3630 3893
4284 2523
439 4904
1282 3124
2094 605
282 4208
2442 4379
3745 1098
2660 1671
72 3138
4857 1198
4260 2134
2612 2564
641 341
349 3452
240 1641
4761 401
4925 4855
3369 4652
747 4021
1098 2834
1711 4967
152 3955
1796 3800
2440 2104
1836 2109
3345 3409
3699 2896
4242 4549
2104 1696
4196 241
364 2905
1610 4584
4529 2043
3659 4326
3286 3519
4568 4762
1487 3636
934 2898
2048 3332
1465 120
1658 1854
3579 482
4595 4070
2608 472
4418 3646
4715 504
2779 2873
4197 183
4111 1373
1265 4964
4979 4295
4802 1806
4417 1184
3788 1999
4881 3928
1364 647
2075 3328
690 3302
878 3932
2640 703
791 453
4978 2628
2997 3582
164 1225
550 2542
1424 3996
4926 2268
3289 4183
131 704
534 494
72 168
3398 2265
3904 612
3770 26
3823 85
4292 984
4606 677
2600 7
1472 4975
3029 2830
3767 2642
3172 2028
4593 4103
4840 4389
326 2514
4835 2695
3782 3455
1585 3869
4168 824
1272 2393
3182 219
4108 659
290 155
2320 2171
607 298
1790 981
2252 1429
3968 3648
4324 3695
705 3542
926 2277
45 3043
2382 2593
3929 1924
4263 4205
2136 4837
289 1507
765 2013
4862 2259
847 2313
3108 1747
4440 797
497 1910
4496 2049
3748 3258
1192 2279
1633 672
4137 2408
1964 2186
714 2114
543 4803
96 4144
4118 4407
3107 3819
1131 3505
3350 4223
748 420
3008 459
2348 3604
1149 1911
4353 3538
684 2722
15 4575
4750 1016
3105 1273
1396 855
1326 1799
2728 4523
2889 2696
2559 137
3760 3197
698 318
4645 212
4677 1501
3398 3270
1240 317
4557 1723
3539 4087
1343 189
3023 3630
3995 3558
2908 3595
920 469
1314 867
4031 4163
2295 2395
3904 4711
655 2908
1885 1668
4503 4182
2088 1682
1998 1233
467 992
4493 824
2215 1629
3341 2117
4622 4525
1566 813
296 1308
2262 3840
2526 3170
4926 2033
2616 4794
1552 1548
3900 3065
3866 4221
1309 186
1898 3088
4475 2924
42 2221
4350 1429
4755 3627
2330 2846
132 4449
149 1052
1647 4016
1925 1356
681 1704
4228 1786
66 1916
2701 3209
4227 4218
2144 1177
32 406
4890 4393
4318 4960
228 479
4825 3918
1352 1822
109 4571
3214 1085
830 1263
2172 4878
2188 439
2056 600
4553 1869
513 87
3841 4927
2419 4617
4144 756
2123 2057
4645 1276
3141 3746
471 3367
1706 1375
3836 419
814 2340
4929 751
3587 1903
3470 4696
2220 1466
2618 4001
1932 2163
645 2152
901 3217
2550 4232
2563 791
3405 4483
1004 1593
4623 3597
2440 2157
3750 3520
2987 3516
842 563
4340 131
1362 1431
3509 1215
498 2928
219 2043
4615 2965
4301 1298
2866 3066
1032 158
1405 2424
213 4734
648 956
1872 1652
4348 1494
1491 3060
3657 2637
3705 1700
3874 1959
1260 827
1587 1052
4304 3964
1582 1467
2883 2403
4456 561
4700 4061
1714 3362
2056 2329
1265 2648
4314 3905
4361 2683
4737 587
1090 4336
454 1104
2548 2788
2366 351
2775 776
3793 4626
3308 4455
1519 4475
1273 3305
1488 500
911 800
774 2022
3701 2180
3306 1272
461 3503
4205 3975
2916 788
4597 608
4768 3137
687 217
302 4597
4037 120
4624 2571
4090 3719
1548 74
1685 4610
3007 4370
468 4941
3078 1044
2145 3659
795 1554
4545 3769
427 3118
2101 362
576 1823
3043 2037
59 4942
4259 2647
2364 1021
359 735
2602 2811
452 2626
521 3455
2248 4790
3177 480
4333 2898
3624 2545
3213 3143
4918 83
3535 87
2756 2918
2223 3808
4801 1501
4296 2080
4479 2561
1344 2453
35 2446
4245 1238
3669 4585
4889 3059
4629 1922
3786 4079
2265 1162
439 3704
3234 1301
1903 3681
761 4057
1717 355
850 2154
4675 4375
864 3148
1868 4807
1507 4803
4417 4829
414 3041
4262 1001
3414 1849
3689 610
1313 3769
3649 253
3156 3064
3932 4856
3877 2466
3452 2233
3716 171
4386 2255
4998 3387
1216 1675
1074 2423
985 646
3877 2096
3568 900
740 932
3953 2847
1125 4048
2769 345
4852 4953
4895 3122
2685 1773
4358 3538
1205 2848
187 2130
3420 2368
1590 2600
2650 2734
1965 4226
989 1201
512 3253
1843 2221
3968 1878
2963 878
254 788
3598 4770
66 4701
2928 2987
3826 4261
4528 4983
