100 962 30
4818 3301 6
2124 223 29
3301 2778 20
4485 2384 16
2819 3985 9
4491 2496 19
1763 197 3
2053 4780 12
4857 1070 29
4878 1703 11
3463 179 15
2886 1645 23
3109 2490 2
1747 1659 14
2966 814 5
1619 3491 8
305 3449 16
1878 4554 16
2248 969 7
857 1576 10
2407 1880 5
3981 1202 16
2078 3036 18
4257 3726 13
4200 4156 10
198 3271 15
3383 3967 5
112 1051 30
3060 4188 6
2345 667 5
269 1496 26
205 3520 7
2812 3448 8
731 2490 25
2142 214 7
2591 1249 4
3472 3975 10
1833 960 10
958 2301 12
1153 329 24
1143 3717 3
468 3905 9
4822 1203 28
4937 4250 23
2800 4041 20
1448 3477 14
2543 4545 18
2088 4460 1
1265 1377 27
4692 2037 1
2747 3886 19
1963 2502 22
1242 1992 27
2356 4264 22
4331 4795 3
586 3946 22
1662 3152 1
249 3487 27
3086 1039 20
1422 999 21
2369 896 27
3040 1322 9
1428 416 22
2455 4807 7
3467 1924 27
2817 2706 6
2014 873 4
2188 416 13
4064 3892 11
1706 2641 24
4674 2614 12
1438 1888 30
1290 3386 19
3233 4266 14
4169 2695 7
613 88 14
4054 2461 12
4120 2441 2
4767 976 21
742 2883 28
434 3314 12
3261 3289 6
2647 2087 6
4324 2669 26
4858 4823 13
814 1544 16
635 3692 4
2779 4384 20
1178 1134 12
1046 204 15
3591 795 18
2598 3215 3
3711 637 7
2381 3292 12
328 716 18
1102 4016 18
3052 1555 8
3097 4095 13
3279 1608 22
1839 2400 30
4553 4398
2012 2684
2116 1057
789 600
694 3390
2553 2637
2994 904
2221 4547
4709 519
3528 433
428 3298
1009 816
2650 3616
3459 3250
3396 4715
1704 810
173 890
1500 2310
396 3874
989 2323
2028 2729
1880 4633
3566 351
1403 2858
2754 2343
2121 4939
4056 4644
4391 3282
3177 4868
4294 2666
4965 3283
4994 4577
1633 4612
155 3154
4468 4822
4590 4267
2599 2588
1368 3568
556 3362
3827 2820
3102 2776
3936 4315
2566 1859
2828 4421
3368 2154
3273 2621
501 3315
890 356
679 4098
1488 2637
4004 536
4157 1151
455 1435
3054 4608
3586 4809
242 1778
4003 4392
1897 4083
1304 2467
4939 2223
2881 3063
36 4742
2369 2381
2741 2574
74 621
3237 1347
3733 903
454 307
1460 2119
1155 1590
4665 4704
2859 2053
2625 4134
1213 2968
1918 474
445 3565
1117 4460
4318 337
123 4767
737 96
1796 4720
3893 393
128 2284
1976 3887
2014 2444
1941 3342
3128 4254
1725 3037
1671 24
1833 4940
1796 731
259 976
2715 4903
748 990
749 1416
1820 3922
3222 1078
3978 4146
1593 4357
558 4018
1048 2990
1183 851
3015 3855
3535 4231
2486 3329
3865 4097
760 3464
562 2339
3670 4687
250 1099
3176 1670
1561 1052
2052 3182
1055 3335
1797 521
4999 1135
2473 2141
4641 857
2576 2908
3311 4423
824 1073
76 567
1084 4243
210 2805
1865 4130
1558 4822
2987 4441
1807 2277
3811 1219
4784 2411
2422 1213
1414 587
1184 4558
127 3049
4123 3255
2782 926
4225 2096
609 2941
1710 4603
3538 2761
1842 4158
297 4830
944 94
4838 1202
832 3463
404 1770
1026 4030
1945 299
4410 786
3788 4146
601 342
816 4680
3293 4468
399 3680
1662 2037
3637 19
412 2672
4086 263
2959 3777
4307 4930
3490 1862
3172 146
3055 839
1257 3249
1502 3411
4895 1807
4749 2488
1201 3400
4287 4998
4426 4364
2158 4929
3174 2341
457 4885
3904 3885
2228 3573
1297 2455
728 456
2135 4988
4151 2587
3498 4667
1447 1802
2746 3509
1368 3401
2029 3800
3252 74
2791 4343
4138 1914
2625 423
1165 4090
600 1867
386 1036
2749 4306
2509 3565
395 3277
1490 677
2407 529
1223 4788
2775 2566
60 3066
2742 820
3947 3137
1543 4407
3639 3745
3690 2712
554 1123
1083 4984
4123 4557
1715 1778
848 1918
3867 3171
144 2731
2151 2635
168 3511
661 2206
1085 1482
1979 838
3440 2967
597 3560
96 2583
1365 1819
3167 4589
823 2246
4923 2552
3085 469
1084 2155
3250 538
267 339
3797 137
663 665
1182 3214
3796 1440
2278 3745
3938 2993
3220 4675
3243 2966
908 3981
3119 2508
235 4000
3273 4101
1007 807
1048 893
3328 3900
3097 2634
3571 4923
418 1693
4985 1089
1004 3487
3357 4315
2031 1237
4637 2318
636 4435
4602 3689
3034 1031
3464 2246
3076 1375
984 3460
2429 1533
2555 2639
4953 515
4739 3791
4358 4315
1395 2031
568 459
2464 1195
4238 1122
1277 3077
774 4818
617 3623
4659 659
1456 380
3239 3024
1833 2851
2241 276
1491 4200
2749 684
2439 1535
2891 4619
2565 4320
3238 4744
3562 2427
1551 249
600 3693
1075 446
1450 3146
2949 3112
3528 2876
207 4247
4061 3481
235 3629
1234 1762
1644 1642
2896 4
2912 2277
4107 2292
1972 4142
4991 1334
4890 4192
4578 2958
2893 4467
1406 3965
443 4131
3415 4109
3344 3360
418 462
3691 3575
1717 2488
3220 4704
421 3030
1129 194
1992 900
4488 1311
3666 3914
4023 4238
1477 1824
522 4924
3727 3863
4562 4879
191 4274
3670 4596
777 3221
2855 1843
1474 2671
2242 3713
3538 3469
4799 3551
3538 1756
1151 790
3429 1229
3422 237
1602 2320
354 775
3160 1548
2764 4808
3810 64
4207 4158
1096 1765
2463 4820
380 1634
4051 1391
541 2356
1449 4772
3210 2568
4682 2549
2155 178
1564 1791
4261 1751
1244 4379
2343 3956
2511 894
953 3857
4422 1310
410 2430
113 4016
2376 4439
4567 2579
3390 2842
970 1991
4467 161
4977 1125
71 194
1026 4759
1051 36
443 2405
4284 593
1791 4991
1802 886
4465 776
1010 4864
307 4161
3140 1588
1096 2508
2888 1245
2137 440
4071 1201
367 4384
3751 4714
2143 833
4721 2301
208 284
3746 4313
1274 3729
2790 3989
3377 39
1042 1279
3623 4797
1333 1777
69 2963
3597 1252
698 590
2664 4622
2775 629
960 4249
3360 929
3269 1512
4486 1089
2202 1384
2090 4066
921 3798
2459 2193
1097 2669
656 2079
4891 430
1656 3276
2539 4359
3173 1093
3041 943
2638 4661
2544 1430
3438 2745
2849 1596
147 4289
434 3367
4832 3684
216 3955
248 1679
3866 1655
1713 4885
2976 1440
4439 768
403 4016
577 3432
327 459
4555 3996
4102 4266
2325 2817
638 424
2092 4826
4435 4551
2696 3632
4733 1444
4150 260
3299 648
772 2208
4715 1676
3663 723
1616 211
4576 3004
1560 183
66 3757
1335 3281
4663 4541
4459 4557
3177 457
1458 226
3743 344
1379 4201
2352 3231
3028 756
4972 3358
4151 1036
2532 1446
3799 596
2991 2727
2217 2520
3948 275
4655 4230
2268 286
4820 762
323 2535
417 203
3807 4420
4594 2979
2262 4815
4909 3432
2390 2139
819 1709
4602 4235
437 336
2243 4831
3711 3555
3186 1852
2264 996
3786 758
1789 415
3343 3451
945 600
3912 1632
177 48
4736 1651
4161 1386
1977 3170
4193 4566
1079 1469
4593 3498
4756 656
4911 1648
4208 1105
760 3673
4022 3957
3214 100
1899 1336
4857 476
2986 1390
4669 4730
2788 2745
2082 4896
2483 3045
3873 1025
3809 3118
233 3110
4290 1851
4648 2851
2670 4472
4299 1094
992 1760
3633 4993
1728 4541
4201 129
3105 4490
2630 3198
3972 3629
437 931
4439 4362
1567 754
20 309
4676 3627
494 225
1624 2056
702 4467
1324 4802
1749 4050
2171 1932
4690 3585
420 4824
41 2161
4876 3202
2469 822
1746 737
14 3513
390 4025
2973 1511
3383 144
679 3403
297 3253
2231 1477
3581 1195
918 3642
1261 1387
3629 4064
4411 4939
242 4193
1325 1264
3016 3160
2734 1856
1390 2511
4884 4397
4770 1375
1796 3097
2071 1279
4684 3681
1532 3735
1047 3498
2685 4320
4624 4571
2382 1359
494 4329
805 2169
3228 99
2735 4877
2 4008
4663 3085
3252 2404
1224 2636
1431 64
250 1948
3052 464
1590 2405
4705 2605
2348 1528
4918 3946
248 291
1691 1080
4652 1050
2556 4430
451 1833
4128 1959
2848 3810
2613 137
2323 3936
2783 2172
4293 2930
3746 2273
1407 4941
885 4336
4452 2246
1287 4313
2843 3774
2834 170
3901 26
4025 4909
3071 288
1762 737
4958 1546
1297 3128
1218 4350
2146 1778
1176 2878
2177 2523
4144 2114
1561 4383
2392 4031
639 2294
3932 2281
4871 1689
2568 608
1784 4881
2484 152
4636 2691
3406 15
1982 3934
1527 222
4594 3957
4479 2401
1546 299
3511 1121
2027 1787
2668 3685
1434 4734
1537 906
4556 2320
1635 3581
3784 1722
222 1199
3900 4315
2509 923
1964 3003
1690 2350
600 3471
353 181
1316 558
3823 1215
3703 4000
4998 2433
1044 2834
1372 1569
3488 4649
3043 4157
2986 3230
4041 2927
3542 3747
1008 2442
1244 3032
748 2940
2807 1640
4867 4735
386 534
323 2888
703 406
1105 1082
916 3608
2382 3178
3627 799
4829 2810
4881 2521
2261 1890
2697 2081
1831 4192
4358 4127
384 1828
2338 1724
1170 4554
3574 1928
3310 3773
2253 1284
671 3397
1354 1288
4838 1720
4108 3358
1068 4402
111 1471
2526 4564
2154 3162
3459 705
2859 4293
4380 4625
705 4157
3197 1859
3452 754
693 3015
4764 353
4148 4488
540 562
1408 2287
4222 3991
4778 2364
271 2468
2753 3753
1474 2276
64 77
840 4708
3761 2967
674 2280
2844 4425
1051 326
3182 1475
937 987
1865 3831
2573 2161
3939 2186
2276 3193
4658 3623
3075 4941
2047 2518
4345 819
1509 2331
3279 3354
586 433
4012 38
4827 848
233 2605
3621 3103
868 3063
1464 2888
4368 1498
588 3663
2188 331
3039 641
274 3782
3860 3041
2586 1294
1962 4620
3743 848
4306 3155
1443 1815
1780 3960
4202 1739
4743 589
377 3435
3803 4226
2299 3509
4833 4438
1750 4660
285 2225
1254 2960
3554 2682
3976 16
3650 4470
2881 1444
2050 189
4988 1488
3612 490
4617 1557
3179 2423
2469 45
1153 3898
719 835
4436 4778
3722 3407
4304 3700
4682 1585
4208 167
282 3364
8 1314
4822 4973
351 1030
3434 2781
4335 707
577 2376
3171 2173
491 795
596 4305
1035 2191
3644 3511
2964 4219
4655 3111
3864 1818
4744 623
4377 671
1117 677
3486 12
3913 1169
4393 4836
1700 1405
644 1830
1436 2567
3280 4121
3996 1652
576 4017
4104 2227
3084 2536
3504 4618
1996 3213
3603 3969
1926 4567
4888 3403
2440 4806
2227 3209
1608 4945
209 2679
2079 2256
2888 2929
1994 134
155 1940
1784 2988
1693 2649
1723 4146
3552 660
3596 18
1268 1142
90 716
3231 1605
2615 3390
4931 1496
4726 4025
4526 3471
1826 2929
3680 3808
4175 2946
2358 1361
2525 438
4939 870
1672 3495
694 1080
2839 515
3038 1385
1294 2922
3179 512
3003 4908
260 3481
527 3408
4085 4413
4971 3877
1977 2973
2889 3349
1107 3405
358 3258
820 4990
616 2339
3808 4664
4925 2427
4703 250
2453 2785
2511 3215
1621 4364
3672 2579
627 4966
3552 3168
4716 2543
4655 4926
1199 4823
4707 888
1558 3868
2559 22
2519 4382
4085 2104
3601 3866
3288 2759
31 1128
4456 2354
2925 3864
3467 137
1688 1245
650 1920
401 4093
3515 509
3934 1970
1983 4537
492 2281
1048 1955
1288 1082
4671 4072
4796 613
2975 4646
334 4984
3570 1011
3573 117
3143 3246
1100 4449
3487 28
3982 3840
2788 3727
1673 1718
3763 153
2035 156
3541 714
2877 4978
2203 1470
227 3693
4553 3488
1354 2018
4725 3880
1824 4318
1551 1781
4398 4791
2326 1062
2522 3835
1012 1627
514 4657
3102 3713
2405 1457
3823 1493
2492 307
3304 4322
2587 1268
2280 2420
2029 3249
1524 1475
3185 2803
748 4879
1984 3801
3963 4502
731 3887
3387 3233
3102 752
2444 4046
4698 4337
652 2460
2778 1113
460 1701
2460 3474
3084 734
2165 2763
3347 3910
4751 1093
3551 2860
4064 469
106 3236
1398 48
4106 2406
4844 3387
372 1512
2773 3268
4876 10
4666 4963
2966 3332
1683 4861
4740 2428
1517 4922
3747 335
2210 3700
4944 4487
465 3052
3250 2689
3875 2917
754 1981
701 4255
2347 2394
3194 1943
1616 3621
1351 4559
1002 3570
87 1395
4342 1686
904 385
94 2146
1605 2175
1756 3769
3295 377
4042 4641
4240 2418
4345 3572
3425 3111
3545 3184
4924 2876
943 4900
2705 199
2625 1271
294 1801
4589 1446
2049 1783
2177 3473
4271 1826
