150 1652 30
414 685 23
2137 558 13
2239 3069 21
515 1587 28
1067 514 8
4870 3359 11
4166 4686 10
1492 2280 6
3656 1136 27
2016 2434 8
3357 4073 22
3715 1738 14
3522 2075 28
2265 4853 24
4030 635 19
3185 2876 18
1561 2681 20
1751 1849 19
4482 4454 11
1170 2241 30
2448 1470 9
830 2514 12
258 3166 10
87 1012 24
1804 3698 25
2579 2213 26
696 4112 24
1803 3663 8
3008 1002 16
717 3179 4
4651 117 6
3196 577 27
743 4003 3
4999 1166 30
1354 163 28
1263 4971 3
2999 4229 3
4714 4115 15
739 1117 23
443 493 22
2482 2784 15
928 4318 13
164 2514 21
2697 451 27
1508 604 19
3319 1879 2
1979 4245 9
3887 3772 9
4397 380 19
352 1888 28
3552 1161 21
2660 1391 30
4393 626 1
3 179 29
1978 2473 20
4043 4342 26
4441 2987 11
3753 710 16
424 3089 21
1286 2209 26
2679 561 12
3310 945 27
23 2374 7
2687 428 13
2048 663 30
4358 3413 8
4262 3248 3
2155 204 12
1912 536 24
1572 1432 16
3806 1755 8
3731 4896 28
2680 2 20
733 3471 13
618 3129 23
1494 2267 19
2740 4067 10
3625 368 26
2496 1599 25
2751 464 15
3299 1290 11
4548 3783 10
2459 4523 12
2593 2301 10
895 1799 28
1469 2935 4
1621 556 16
3598 4695 6
1603 1732 22
444 1546 28
3645 3026 21
1237 2714 13
3268 1115 3
2405 1738 8
2958 1916 1
1889 2372 1
3637 3892 9
2121 1463 28
3913 4663 24
209 3647 14
3097 83 19
2286 1022 10
4267 757 12
1593 4306 26
3885 1680 12
1702 1117 2
1701 97 29
582 793 8
2222 4247 27
4767 2559 25
4020 784 22
2991 1113 23
4332 2460 29
2310 1175 26
4562 3981 12
193 3992 4
911 928 30
3838 2543 25
1187 751 30
778 4001 8
4848 492 11
4935 660 16
1542 2217 19
4778 1894 27
1309 1721 7
2480 2631 28
547 4929 30
2367 2876 18
4931 3327 7
2811 2980 2
3963 1258 1
1243 491 3
4225 1005 27
2827 3259 13
3483 4446 30
1871 1697 28
2766 3230 12
4025 3357 22
1903 161 10
1620 3727 9
66 1829 3
4625 2397 23
3309 74 14
3353 1372 2
3179 1027 13
4979 4104 26
2645 3232 9
3041 2630 4
1202 2946 19
2193 644 16
2766 1625
3892 1242
3332 629
4887 4014
4492 3188
1158 493
4491 3406
4207 2429
2588 1277
4665 1062
1948 113
4225 2595
546 1545
4837 4175
2523 4920
900 3774
1799 2694
4741 1961
574 2429
4791 2262
906 3911
736 3033
1631 3775
1567 1767
750 1953
1757 1768
3602 1757
753 1055
3456 3256
2552 756
3348 312
2905 1265
3295 4456
3950 2671
2548 2961
672 3833
4703 1206
3456 4486
2516 4693
3102 1442
2001 3972
4027 527
40 1748
4162 2015
1946 3432
2634 1292
3343 1829
2540 4576
4278 4190
190 3295
3706 454
4845 3907
3936 3455
3182 2015
2772 1277
2361 3673
3911 1243
1747 2780
4045 3091
1306 4019
2157 2378
4796 3683
3099 3989
1133 4078
847 2873
786 3600
2713 4272
2819 2726
912 4789
3389 1992
4393 200
3710 3852
4684 794
3350 879
3590 3519
3470 3715
4985 1305
611 3002
1989 1179
4480 4188
3168 3
4754 4635
906 1222
4765 2312
2747 1983
2170 2734
1893 3387
3266 3256
3722 2533
3601 2168
2549 1254
3677 3323
3637 4607
1291 2043
2510 2104
1550 2383
4695 3187
2448 1548
4543 4425
1105 1188
1428 3287
4029 3982
419 1267
2481 2299
4114 739
4426 805
3702 517
4033 1875
4812 177
50 2506
885 230
633 791
1838 3767
561 1315
752 397
3671 610
4235 1598
2499 1072
3169 2166
3290 3659
3181 2834
4942 2172
2803 2817
4616 2205
949 2659
3204 4812
445 1539
4932 1573
1474 1102
347 1264
2993 982
708 3042
2386 1317
822 2945
808 4576
30 4212
4869 1425
3094 4406
3436 4508
3435 490
2270 633
4625 2747
1137 3979
202 4746
1149 619
4841 3079
258 313
2338 286
689 3567
2307 2273
3598 272
4103 1116
1657 3028
2666 3345
2685 2730
1528 795
1956 1056
2243 3079
1980 368
2352 3343
1817 1977
4469 3786
19 1667
3997 1811
2457 4182
4157 3050
4266 2016
4886 3992
3656 1147
2122 2075
1669 2703
366 592
2166 680
2641 2838
2017 3359
2839 2518
4974 3017
906 4371
683 877
4735 3557
4112 2108
4422 2625
2924 589
330 4799
1820 4073
1266 4779
4685 1770
933 999
1271 3618
3374 1277
3777 2042
2712 4631
2986 3065
1802 1577
2551 291
1430 2918
4205 1832
4513 2034
4854 1971
3267 4967
4128 4761
4595 1569
3805 2126
4620 4333
2839 2885
1324 863
981 629
4990 460
4053 2582
4060 1427
2996 485
1563 3757
898 1665
4723 357
4242 3396
1647 1183
4936 4956
2399 3113
1867 3516
1672 4589
1785 1069
2814 1126
4168 2924
2791 4033
4125 2475
3557 3260
3698 2141
1048 4943
1810 2435
3951 1960
2453 830
3235 919
2395 2638
1717 2621
2331 774
1225 1900
581 522
1804 3373
2838 2658
4402 1440
691 3392
2560 1963
2055 3104
1791 2910
3918 2287
2537 4654
265 1111
273 2761
4771 2455
1041 3763
1120 2877
4764 2289
4573 218
4895 2410
2079 4977
2406 3882
4438 339
1020 3614
217 2769
1677 3428
2855 4432
2735 956
108 1245
2326 4742
222 1970
2187 539
1097 213
2370 4922
324 3609
1531 2166
4989 3311
2295 3664
2774 3215
2766 1940
1288 1768
3941 4275
4406 1501
4738 2986
900 334
3000 3820
2558 3201
1609 2275
517 2189
3701 4747
4709 1199
1262 3880
4485 4056
2173 3600
1292 2658
976 427
4423 3198
1531 1602
2666 1105
964 4932
1738 820
3321 3280
4115 535
4859 588
2022 4124
3482 3825
2518 941
4959 2463
394 735
2121 2246
128 2193
4665 1801
3041 3811
2900 4825
837 823
248 4219
1961 1348
2931 842
2100 744
1734 4736
1101 4202
660 1048
1461 4287
2426 2141
4195 1680
3032 1781
1983 1133
3624 3441
405 3727
4104 1939
3225 3205
4332 4037
2994 1022
715 3589
774 473
3749 1890
2813 4964
2610 3675
4378 3154
4619 2739
4616 64
2697 1995
3901 4209
904 698
2870 1033
1781 964
4710 3709
2798 4542
63 2783
578 2248
680 1087
902 2883
2680 3066
409 2901
4710 2532
535 2692
3603 2919
1249 1461
4149 4134
3562 3222
3840 2648
3379 2676
4241 4127
4270 4620
4152 190
3887 905
993 3388
3912 2386
459 436
1726 1542
700 225
4061 3596
1862 4224
1910 3718
3276 927
66 3035
2533 2956
4374 4259
4720 2351
1439 357
2376 2706
1560 930
2517 4391
1874 2484
1543 3238
884 73
1083 4211
63 2229
3044 3865
1766 4806
1729 4531
4362 2486
582 868
582 5
1950 4211
781 635
333 2674
3539 3740
3380 2418
1283 963
4543 1385
168 3723
2254 3415
294 1106
1365 4586
413 2840
2283 1118
383 1436
3908 2937
1599 566
2556 2396
3913 630
3559 3201
1302 979
3283 1521
146 4973
1105 1678
1258 2122
480 380
4162 1765
3162 1480
1672 633
942 469
2609 4570
217 3474
3938 2189
494 830
4417 4669
4331 3567
1730 2104
1484 3263
2446 2647
1415 2994
1730 4478
1247 796
1712 223
385 857
245 2175
2047 4799
4666 4569
2521 3223
2432 1671
3006 4168
1134 2164
4663 4471
403 2151
2299 2815
4039 3104
1922 3132
335 4368
4608 3531
1535 1173
4648 2200
2112 3682
4785 970
4768 3262
3257 4280
2390 867
2627 1156
2946 2966
4300 155
1883 646
4936 3044
338 4788
3804 3761
628 2628
449 25
3183 2509
2601 2374
4873 1776
4092 861
3138 1311
2493 2084
1088 1127
185 464
2923 2789
3766 660
3787 4380
1240 421
1179 216
4824 4995
1870 1537
2308 2485
4498 1064
212 689
57 4213
3585 3096
142 1812
497 1976
430 63
4775 4288
1964 3694
2174 3891
1595 919
72 2641
4375 1571
1204 1849
1578 1563
3583 3934
4619 1266
2491 2247
729 1682
517 2127
1167 4525
2168 1151
2788 3254
342 4291
3401 1268
2684 4887
2619 1483
4636 4985
1594 903
4729 1983
2198 3288
1049 3581
1377 2099
415 2644
4264 2958
894 2670
5 3561
2980 1960
1443 4862
4469 2813
903 3044
1966 1562
819 4814
4556 4643
2803 91
2327 3966
1917 4682
1025 2243
4244 876
596 1664
1444 2666
586 1503
3425 2485
1401 4355
2131 217
4128 3030
1466 2909
288 414
286 2909
947 920
2789 4353
1846 2762
4880 4016
3141 3773
3539 4660
3150 2617
1101 1850
573 4688
3106 2689
4734 659
3634 520
2039 2279
4292 881
1036 724
2766 3456
1252 989
1346 1048
1385 1862
4029 1197
1420 880
3956 924
471 242
1954 1430
2915 2778
567 3554
4801 3045
2852 200
1080 1132
4009 1997
1863 3534
4738 1524
1285 317
2537 2019
2485 96
439 1577
918 838
1578 199
4367 2808
3055 776
1899 3878
4937 4027
4855 3481
2872 1470
2603 4451
194 4530
2469 975
4393 2907
1303 387
3620 733
1313 3745
232 3919
386 2956
1665 1972
1800 903
3485 3536
1362 1831
344 241
3025 684
855 3619
3344 2885
1864 536
479 1130
3638 752
4624 2871
3616 3509
493 4845
2312 3927
3054 4141
4524 1424
4024 1833
1424 3483
2294 3974
2397 645
1157 862
3513 4814
3593 4142
4955 1123
3825 2995
2044 1
1690 3914
2948 975
3378 1091
3635 4600
3175 2670
3541 3851
4916 293
1062 816
1152 3903
3996 760
1066 643
339 2571
3261 4778
3766 4097
4474 893
3462 3261
1492 2408
3605 2614
3249 2201
493 2313
99 995
4040 132
4676 2268
20 2312
3791 574
3599 4828
2849 2060
363 2153
414 4747
2990 136
267 997
3101 1505
1373 4170
1821 469
4732 300
6 4447
1435 3503
909 41
256 2000
3870 3849
1205 3345
2627 2954
4915 3988
1665 337
4246 3607
2334 2508
1018 1571
4350 260
2626 3382
4219 1265
4120 4193
1447 4365
658 4081
400 4031
43 3657
858 1250
197 4098
2285 4530
1405 1889
4134 2544
4264 4558
4698 3800
152 1280
3319 2995
1626 3594
2496 1049
242 119
2849 2044
1124 2320
2126 803
1392 426
2843 4479
866 4323
4686 2779
1346 4103
1898 2036
2220 569
1328 1318
434 4812
1843 3174
1420 1922
216 3768
640 1913
609 2850
4416 2040
3063 4735
4123 416
4769 3045
18 3840
186 4748
2275 1973
2134 3770
3630 1295
1194 4506
3979 2416
1633 2026
2923 4108
1986 1482
1790 2324
851 3842
4386 3013
4359 4804
3563 688
1245 741
3848 1881
2217 287
3741 1577
193 1909
3825 1576
4279 4405
3031 2280
3636 4830
480 4218
3560 4730
1318 3182
1705 1150
4907 2354
2175 4215
1176 1846
250 1917
2353 2824
219 784
186 551
99 3520
145 3453
2149 1821
3812 3199
2477 2658
638 3159
3095 4428
1413 3758
4115 870
700 4298
1186 2009
3164 3257
1039 2318
3950 2263
1607 4833
1873 1581
249 54
1821 515
3027 2042
4259 551
3311 4419
2628 1935
1793 2150
791 229
4087 923
4580 4256
2066 809
3142 921
1184 1375
3257 921
1865 825
3414 3574
1234 4971
4688 1581
348 1160
1155 3121
2316 943
76 3427
1929 2792
227 4600
3452 1793
3784 1922
38 3553
3180 3473
1174 2480
2224 1274
904 457
1612 4459
1421 3458
3810 701
2729 4151
3004 3575
284 1132
4639 3914
3487 3184
129 538
449 1736
2742 2376
3637 1221
1432 4564
1224 2067
2072 1618
247 4833
808 84
2053 2365
4168 4738
3153 3217
208 344
249 4787
1809 4625
3038 2533
1433 1745
4479 4218
4910 1399
3599 2492
3192 398
4501 4457
1838 2298
1470 3854
4919 3459
3098 4571
2238 4314
198 2199
4669 4043
392 609
3942 2846
1767 389
2215 2066
2559 31
3231 3995
553 3907
2884 3616
2556 4013
3614 3841
370 4180
3207 679
4911 770
1113 634
3847 3044
791 2127
1312 996
4587 3083
219 2125
2442 4829
2880 3149
1365 2848
3923 4508
2594 2285
332 3797
3926 668
2180 961
2770 1114
4035 923
1542 724
4285 3345
713 850
2292 4560
3248 917
4166 2496
3908 3017
3191 381
3926 1177
2181 1555
3735 4273
755 142
1073 2097
521 4463
2204 2278
4656 120
2618 3363
1055 4276
3353 2829
1119 3070
3156 2769
2361 4837
908 2396
611 1643
1698 1984
2146 3333
3985 237
3108 2146
2839 1910
1835 3499
4111 2430
3728 2151
2947 1211
1165 2390
424 2441
1804 4001
1932 238
608 1364
4036 2483
4361 4603
3853 141
731 2908
1433 2364
1012 2194
4173 3859
3462 2266
282 4889
3376 4505
3411 1176
70 725
1943 31
4246 3558
3160 2769
2017 665
3735 2488
3357 2177
4824 4118
3436 184
1432 1901
2450 4714
1261 4264
3065 3470
439 1109
4173 3876
2180 4032
2100 3642
2574 3531
574 2656
4125 4538
1647 1100
4992 3839
1988 3881
1056 3930
153 920
2333 3480
851 1273
2940 3788
4899 2118
1260 2488
860 547
3646 621
1386 1770
193 408
817 2387
4976 4175
3740 3080
3075 3858
2517 399
2325 2077
1858 442
2678 1396
340 301
4724 838
1699 3107
1260 3340
2108 683
228 2408
1413 1154
4875 4230
2750 4069
2879 4647
2850 1094
2084 2497
2470 4611
1190 4690
1698 471
4323 4193
4398 854
1253 1912
845 2122
3570 2481
3357 965
1943 2641
118 403
3688 4526
2206 4045
2694 204
151 748
2507 1202
1723 1989
587 1641
3226 4845
705 1635
3577 2912
3511 435
2665 2135
3136 4582
1719 4603
4395 4838
1057 3042
2384 468
1906 4799
2833 1286
4112 4984
880 4590
2286 560
2600 2721
3563 1304
2281 4793
2573 3303
4813 370
85 4079
1286 2341
2642 3752
3459 3957
3062 3160
2406 4651
4166 2234
256 4951
3217 4349
753 3731
773 4810
2402 1526
3603 3049
4977 406
224 715
4042 511
7 1559
243 4089
4523 1396
3501 1674
957 2890
3072 3635
722 3042
3162 2556
4984 2636
2303 542
3946 3856
2191 1742
4151 1063
2010 2962
177 4389
2580 3631
3703 1111
273 4554
1953 1885
453 543
2820 3672
4512 2626
4648 4081
2760 551
4618 300
684 3514
3114 2780
2989 3862
3491 9
775 3552
2738 4431
4338 3947
3089 3663
1133 2544
3947 2798
4464 50
984 2425
2756 1002
3154 3683
4446 53
698 1069
1924 3564
126 1588
559 3419
1170 3359
4667 1914
1852 228
4015 3156
4477 1901
3362 4038
4456 3443
4470 1794
2561 2268
383 1379
317 2936
2028 2062
1718 4460
1405 3126
4784 3613
2619 4436
2376 4266
2140 575
36 1786
1883 3175
4585 1883
602 3955
1717 2218
4656 624
2394 3189
1518 1726
1872 4850
2901 2200
2414 4385
3515 551
608 2459
1896 345
307 45
2114 2928
1637 3367
3021 3449
4813 4853
2185 3651
2863 302
2392 1508
970 796
2010 129
2183 722
3806 1237
3817 1397
2451 4904
3658 3351
2637 287
3220 2770
2328 1005
3941 2580
3538 1846
2132 4299
2869 4993
2775 3203
4368 4968
4413 193
3134 743
1473 1127
2069 726
3178 1086
1135 4151
3265 3974
2802 1769
131 3986
4611 2672
1100 4382
1828 4634
3214 2923
1369 2144
1145 4888
2173 3338
2824 1196
846 1766
2154 687
569 2646
3118 1296
4344 4250
2466 3564
2615 231
3748 286
661 4975
2055 1724
1800 4586
3567 3579
2427 3055
2926 1685
410 4348
962 3284
1584 1801
334 1292
1111 1615
4056 153
4336 2420
4450 3131
3595 4018
1201 215
3580 2847
4181 964
3380 4862
507 3858
2776 351
2709 796
1242 2244
2907 889
1811 367
439 220
3032 1327
954 434
1142 673
2295 4959
2249 1326
509 329
4705 3901
3281 1352
687 1770
744 378
1460 1198
2768 2766
40 2775
2130 2997
1158 520
1276 4032
2877 498
3030 3888
2584 4332
3999 800
4105 748
673 1627
2149 2725
973 2726
4650 874
1384 1772
3757 4742
586 4677
3927 4293
1905 473
562 1346
2612 438
1159 4121
4635 3036
605 1916
2023 461
4855 1592
3850 3359
4541 2518
3340 2235
363 3758
4073 3796
1435 38
1557 63
3398 3654
3562 2876
1367 2496
1042 2998
566 3803
4429 632
1180 3516
4617 219
3561 3337
517 3416
4161 2156
1058 1209
41 3989
1083 3318
1953 3400
2970 2421
4919 2423
225 2361
2228 1038
3445 1820
1046 4823
2439 3322
4800 1604
827 4687
3967 945
4444 4720
4211 3321
3804 4772
2324 2654
1510 3285
4556 1787
1713 3281
1324 2552
1870 4476
2246 3876
4843 4142
1283 955
4321 4391
4456 4909
101 514
2572 4383
2123 900
1249 89
4529 3829
2426 2741
1159 214
4359 581
3131 1857
4689 2128
2529 4197
2211 4991
2178 3260
311 4303
1008 1749
625 2744
4819 1321
3113 4270
457 4269
4076 4221
2559 4069
2541 529
4117 1607
3 1902
40 1854
2641 571
3730 1646
2402 4361
2997 1427
3616 1440
1249 2969
3322 4510
4340 1812
3805 2296
985 4622
4593 3512
3752 1597
1484 696
4541 1695
3464 4557
2527 1780
40 1023
4153 3010
2760 4639
2782 514
4665 2171
2595 3467
1505 218
1748 3806
3929 2769
3157 4283
4613 2090
2566 1770
3528 3396
2536 4043
4921 3533
2251 3558
935 1100
3456 4552
3285 3692
3767 549
512 351
4472 1322
4549 4238
2500 4359
3942 2140
4949 3183
2761 17
515 4274
449 4561
4452 3853
1273 4800
4316 460
1522 2781
598 2731
1345 1275
715 262
3156 1593
4669 2075
1547 1909
1834 1963
129 2064
4342 1772
2075 879
1114 3730
4983 3526
1397 3073
1873 4922
4718 3606
2330 3791
3549 1951
4689 108
3282 3495
2501 2753
1668 3983
1430 3280
4890 4494
2406 4966
2259 3406
4226 1794
4729 363
2113 1419
2870 2216
4810 4298
172 3
1992 3363
3699 4361
4275 917
2284 97
222 3703
28 1640
3616 4997
1221 684
4535 3278
2856 491
3855 3144
2833 4906
1849 1776
3225 4564
3304 4572
3677 3091
3895 611
3652 2607
2918 4977
3153 3221
4230 3444
2025 1358
4470 3278
3443 2099
309 1584
1317 100
2659 4161
2274 392
1209 1236
4470 1568
3477 3670
4965 4001
653 1927
2367 1344
103 45
127 963
2004 1745
318 164
3 1508
125 310
1758 2461
3054 3106
803 3350
1387 2754
234 3060
2637 652
1725 103
1263 1761
4157 1479
1175 804
3326 1783
431 4873
3434 2506
3056 4444
654 4659
2371 677
898 3304
3660 3912
1181 941
3050 564
3723 2347
2836 1847
4656 1111
3965 3057
489 2632
1714 2187
4726 3391
3861 2675
2829 4006
3540 3946
786 1610
2047 424
3303 278
3272 4053
3159 769
1319 1710
2747 715
3293 3091
4821 3087
1889 2479
4661 3686
2139 2607
2898 3165
2316 182
3760 3174
4124 250
1278 3093
4540 466
2867 2591
4261 647
3953 2458
3378 246
4210 3071
4338 2240
869 3806
4752 980
2448 1488
4654 2828
707 4055
4156 991
2975 1032
178 1974
2353 561
3975 1450
4735 3398
2657 3298
3923 656
3870 3936
776 3759
4606 3739
3781 2610
3127 744
860 3484
4768 4219
3448 3110
3645 3508
204 3467
816 1534
47 1082
3942 1320
1592 1219
4453 3487
2596 2411
104 3491
2720 650
3521 1395
455 37
3818 1679
1804 3558
2734 4983
3657 3526
3471 1899
154 3670
3228 288
1341 3268
4049 2081
3162 613
1254 2277
71 1027
4192 2068
2674 2548
3289 3334
56 2908
4500 1004
3867 3453
2130 4709
379 1038
1341 3315
4956 181
1730 1662
1657 3855
2244 1599
3513 2516
3893 973
2641 3894
1720 4696
3275 3173
3224 384
832 3878
3517 2771
2776 580
566 3055
1105 3126
2683 4463
4798 3799
169 2079
1081 2901
1094 759
1403 1409
2672 2971
1560 3534
3701 232
4332 3969
2348 1920
686 840
485 1073
2242 2320
1212 3285
3418 1254
1642 3899
4442 941
3196 435
4709 238
4468 4853
380 4823
4547 2974
4502 2351
4411 4552
4203 782
1115 3236
1467 4551
3480 1322
3166 913
1224 104
3487 146
4526 4881
3567 525
240 1702
909 3356
991 580
2815 2610
2255 649
1417 2425
2490 3750
1761 4873
1198 1693
1462 3318
4826 4675
4698 2404
188 3610
4756 4051
1855 4437
3674 1786
622 4675
2567 995
1700 2644
3426 2482
711 4946
4718 2972
3405 4014
254 1220
3121 1894
1997 3984
557 706
2634 4513
3286 2352
1986 4296
3369 3204
2178 1944
569 1925
317 979
2800 2031
3057 2837
2395 3131
613 1574
1035 1427
2179 714
482 3189
2267 1822
4778 1179
19 1635
794 3899
2199 1988
2401 4544
4932 2864
4836 528
4878 1197
1417 2528
1301 530
1373 2699
4646 3734
318 4132
2141 734
4171 3545
1853 2054
1118 3018
3373 1438
780 375
729 2053
4461 3147
1594 2452
3859 3724
404 1420
648 4544
3605 2203
3299 531
3022 4710
2111 2353
853 3918
430 4756
551 1463
3706 2018
2815 4425
1604 4954
2217 3921
1131 1550
3742 2184
1167 3654
4210 1658
1626 2198
4639 4248
4974 570
1042 2240
3790 2190
3009 1618
2513 4281
3305 1771
4694 1411
4143 1676
475 1391
3062 135
4430 838
3586 1355
381 3327
3674 2230
2268 2393
66 3157
2083 1813
1423 118
3963 4922
844 4016
4476 2111
4319 3172
4412 4402
