10 144 30
1535 3921 16
2502 4763 28
4683 3213 10
4430 1674 15
3748 4252 17
2094 1397 11
3806 3193 18
3962 3840 5
2400 1650 14
2654 2661 9
2530 685
749 4981
1996 2575
3657 4956
341 889
2632 1393
3984 2777
2058 3744
4305 1607
4427 3337
4490 3160
245 4678
3347 925
4743 3187
1013 1617
4996 2424
3708 598
2670 4574
2420 3367
4498 4010
709 537
446 1219
3305 3365
1943 962
2005 4259
1004 4074
1156 634
4676 4679
2349 3804
991 1844
2487 2729
699 2398
3566 4676
670 1425
2381 657
184 528
657 1154
4317 4964
4501 2173
3696 2344
2777 688
4971 2616
1736 2522
1057 1306
1319 507
1439 3392
1277 3931
709 1066
44 1576
836 1432
1600 1063
1249 70
2800 1002
2467 2113
2625 1759
449 4074
3907 1188
2498 1929
1084 3763
2571 3879
4612 3202
4615 3930
1802 874
4102 3910
868 1927
4673 864
4837 3196
4303 1554
4534 4003
4380 1168
3428 3811
3276 4818
4180 2273
1459 1605
3618 8
2042 1150
4157 3715
4037 158
4821 1358
3071 2364
557 4923
1639 560
2709 3304
3333 696
2084 909
1448 2309
111 3534
1899 3071
2575 1680
1222 3463
3945 4866
3061 4836
1852 2410
2203 1602
151 2814
2099 2939
4047 3528
4966 1714
1293 652
2068 252
2616 4428
818 2110
1499 2872
2285 534
3639 3761
1462 4393
1680 4965
4386 3042
4446 1295
2654 4278
233 1864
2359 2965
3910 448
3554 2797
2727 2356
2472 2781
3799 1210
177 1293
4310 990
1281 4583
4890 4342
3581 2489
4869 2794
1252 4220
3625 2092
2326 1487
4727 1660
1818 3784
358 2929
3457 1243
1291 3409
4075 105
2426 2714
179 1320
4478 3728
972 3336
2606 2929
340 4755
3496 4761
266 4323
1158 4417
3377 1541
1718 1869
2830 4426
