130 1388 30
434 385 21
402 457 15
445 380 3
276 157 12
26 77 14
458 156 25
383 37 29
129 111 19
50 198 6
481 364 8
423 4 28
172 356 30
416 369 27
8 108 10
310 11 13
186 262 18
118 360 19
145 385 8
169 475 20
394 186 30
156 127 22
170 89 26
42 128 14
416 215 27
272 86 6
421 155 6
237 295 29
21 235 30
236 359 23
283 295 11
277 262 2
415 184 29
493 201 24
479 335 24
350 463 1
483 416 17
116 237 5
403 169 1
433 99 5
187 207 11
76 258 23
300 454 12
162 119 8
451 343 25
105 322 27
347 207 10
246 369 11
322 278 7
16 267 6
273 157 30
156 280 29
357 443 25
224 138 5
118 330 13
98 239 28
433 45 29
410 186 6
305 238 9
240 25 22
1 226 28
36 472 7
133 42 15
197 207 23
106 135 6
14 184 30
398 422 15
246 272 22
313 370 22
7 168 19
358 189 23
113 467 5
108 472 4
107 331 9
15 48 25
119 342 20
417 422 7
345 167 30
235 23 30
497 180 8
54 141 30
219 252 24
378 440 7
457 483 24
457 318 9
62 435 27
310 14 3
290 87 23
435 491 4
351 22 7
384 351 14
243 88 15
52 350 12
397 175 30
307 185 20
336 342 15
172 40 6
113 133 18
380 465 8
397 216 14
26 370 28
159 168 1
383 73 14
378 145 2
185 295 9
229 336 24
156 178 14
396 326 5
111 76 20
309 221 6
336 40 19
88 75 3
423 423 24
142 366 19
430 82 7
444 317 5
109 320 17
331 364 19
152 239 4
283 161 9
71 254 11
189 402 17
143 317 30
497 257 9
297 154 10
92 488 4
94 460 29
125 187 10
105 225 18
468 285 19
375 245 24
374 195
60 344
137 335
56 466
245 162
424 370
42 294
252 329
226 187
80 202
421 267
3 243
280 498
255 413
388 45
187 376
439 96
311 150
465 99
159 308
171 23
178 101
276 444
47 419
392 145
19 471
12 405
173 439
159 269
452 445
362 87
168 84
58 198
279 221
211 262
295 329
312 5
416 469
445 316
428 16
46 139
334 374
164 487
288 282
268 312
287 417
67 236
297 108
325 168
203 351
226 355
249 203
203 222
113 272
156 285
480 246
271 87
423 412
353 218
295 460
135 279
386 32
375 211
91 115
452 53
271 315
344 378
369 63
108 115
219 250
443 208
273 189
160 496
2 181
398 386
350 440
334 355
323 474
118 497
66 426
376 491
233 165
402 248
113 185
22 19
389 81
239 286
263 132
392 97
295 457
269 355
446 303
164 315
201 46
338 110
397 290
256 409
146 453
444 452
466 76
153 14
439 236
389 109
224 479
370 171
78 123
280 144
195 423
92 150
106 426
92 286
348 88
43 478
271 261
121 146
114 324
17 125
71 494
466 64
121 7
314 67
459 310
122 483
223 168
21 304
29 402
252 189
358 300
77 159
483 475
316 298
32 136
276 166
98 171
46 72
473 258
241 261
23 239
450 166
444 239
49 262
240 264
308 12
329 385
378 141
78 378
35 1
275 236
196 299
244 340
288 221
384 158
324 223
326 383
150 376
417 252
210 106
357 100
133 257
49 382
402 409
193 296
431 308
301 313
324 167
335 99
335 360
292 184
256 442
152 39
155 263
458 426
49 103
498 234
312 193
332 174
322 462
391 267
300 15
333 424
480 220
380 426
229 265
378 469
226 320
413 30
500 298
444 375
39 329
292 436
499 49
191 316
233 485
430 33
336 41
260 293
217 425
456 343
125 2
478 347
177 482
416 356
18 59
205 77
286 65
233 491
76 218
221 353
237 227
37 298
208 279
493 262
93 12
5 358
452 200
197 378
445 10
402 32
324 30
60 361
254 183
13 1
442 181
43 331
72 304
380 18
358 333
5 402
219 241
368 379
129 432
329 249
349 163
47 329
218 227
458 320
291 347
280 22
454 39
46 289
122 444
460 92
375 64
302 45
479 444
363 437
304 214
281 370
233 234
417 13
303 353
438 423
36 7
389 402
433 457
136 155
327 319
382 342
129 357
253 143
131 342
126 21
398 339
454 246
14 218
349 108
232 477
294 70
279 95
190 182
250 304
392 434
444 430
257 445
435 289
194 115
421 61
1 347
330 498
65 5
164 106
36 67
282 466
24 59
141 186
442 60
478 232
417 302
489 232
79 138
207 74
41 344
418 159
359 177
42 251
404 427
150 77
193 284
404 59
358 339
199 362
300 366
40 291
384 499
394 376
381 53
394 430
98 315
399 327
149 389
424 489
271 414
140 184
81 312
63 265
488 128
106 118
361 287
454 211
171 296
457 328
461 55
85 383
415 1
457 385
395 22
196 35
306 420
13 320
188 143
34 65
337 423
65 102
43 17
391 257
423 147
442 326
195 417
211 454
133 228
213 440
336 132
365 38
364 370
138 461
245 279
101 472
143 252
34 23
21 454
452 237
266 8
231 462
13 163
154 322
400 437
220 32
409 205
162 236
94 68
167 163
138 312
303 234
113 114
269 129
389 194
478 269
378 19
489 454
15 58
83 202
379 319
490 41
477 454
93 78
289 468
188 178
392 477
260 264
179 408
88 404
304 284
121 446
114 120
177 307
422 389
219 104
288 409
259 39
267 329
52 184
429 229
117 51
18 267
441 60
468 92
18 362
486 164
94 147
355 334
191 192
252 309
283 76
263 264
412 374
275 153
470 363
275 403
74 294
232 188
363 373
391 109
194 433
205 105
496 393
114 302
444 288
295 402
140 321
75 287
127 225
379 272
143 3
136 248
79 114
324 77
281 21
19 108
357 174
432 35
267 424
432 89
480 258
352 44
440 239
138 188
372 62
245 125
221 461
274 441
392 151
426 205
321 30
147 218
217 353
206 356
412 156
102 362
492 304
166 296
475 461
290 320
114 64
359 112
360 87
238 73
143 264
41 190
261 138
125 95
248 324
455 307
497 463
119 164
245 47
78 155
267 176
336 167
115 389
438 308
207 269
407 81
322 401
497 388
326 484
326 43
129 169
303 447
455 499
212 468
13 416
220 359
69 220
385 103
323 256
144 43
144 336
276 147
291 5
233 430
56 392
41 87
349 38
120 364
299 411
436 355
196 28
102 431
402 181
219 144
384 471
294 177
291 488
254 100
24 216
252 13
235 178
444 192
327 106
196 345
321 73
56 480
347 208
473 215
208 282
480 183
2 123
103 270
219 365
414 330
8 191
140 123
102 262
252 198
269 297
481 374
59 168
159 44
264 16
193 395
264 481
101 285
347 366
154 48
186 460
76 15
351 170
498 278
343 293
103 129
93 333
362 316
267 13
96 318
363 264
293 390
376 97
128 98
83 311
439 439
360 86
127 418
404 112
485 371
259 308
240 490
150 123
416 106
248 252
92 468
39 369
254 36
390 157
408 339
319 66
237 241
381 126
127 406
279 476
287 191
453 370
410 306
421 278
469 154
480 334
234 414
58 137
28 281
321 374
449 387
408 66
324 337
98 130
294 335
252 224
242 69
475 270
332 489
300 386
375 360
240 275
140 136
34 11
363 369
439 17
169 409
50 397
266 473
17 153
383 477
280 285
175 160
103 329
326 360
41 499
92 347
21 353
206 387
10 16
426 110
127 205
449 236
19 238
145 466
8 479
208 164
257 28
252 467
241 443
265 431
121 61
405 241
386 475
194 471
24 144
2 26
400 107
213 141
247 276
467 397
440 226
168 217
413 171
109 162
5 107
303 243
112 460
116 392
497 64
403 70
426 66
111 50
130 430
152 435
131 369
290 500
4 47
443 50
130 405
304 268
112 12
410 146
262 357
496 340
298 468
227 298
179 368
109 148
472 106
84 309
194 446
218 263
41 399
187 244
475 98
113 177
11 248
407 6
350 283
185 301
470 159
154 6
156 380
41 320
183 160
385 26
484 183
224 340
276 257
206 174
35 396
368 46
275 490
470 182
438 295
199 241
397 59
27 336
39 371
281 219
270 126
357 180
60 376
255 436
49 426
166 17
495 470
297 410
49 142
276 441
361 491
147 340
236 416
97 477
453 311
286 495
93 301
38 241
5 49
171 431
197 63
436 309
57 489
474 127
137 157
102 277
281 497
17 468
300 389
463 204
453 209
63 71
275 319
127 472
375 137
12 269
11 406
371 353
292 326
246 190
221 164
466 353
276 281
110 76
110 380
308 377
446 243
432 271
4 359
148 49
397 215
201 191
362 377
480 423
399 497
285 261
291 328
12 59
394 226
499 1
209 270
80 351
215 77
33 262
122 39
140 456
119 404
437 274
371 44
128 4
52 107
442 491
313 409
451 200
18 444
141 335
201 387
345 91
16 133
116 303
324 350
263 171
428 143
161 77
452 484
428 44
270 402
27 185
480 91
116 104
158 437
393 260
400 301
21 236
192 107
338 50
46 418
35 454
11 422
437 37
100 273
14 270
210 118
447 374
330 106
455 12
197 32
134 188
483 236
112 300
442 317
465 420
441 466
373 15
467 149
93 455
493 208
479 241
246 127
203 38
263 18
81 112
192 391
215 79
332 220
316 375
130 353
300 347
158 468
215 133
455 488
382 358
240 242
432 304
33 74
108 424
83 313
487 25
441 216
405 192
50 411
375 465
228 342
225 76
194 464
299 62
314 315
197 469
180 306
405 206
14 111
309 195
170 31
245 479
305 256
456 399
48 116
384 441
312 194
238 10
9 415
346 158
123 259
470 255
304 491
228 211
82 409
269 101
179 205
162 293
363 354
381 151
339 330
161 145
106 459
485 193
309 146
161 331
206 361
412 467
357 141
454 481
457 500
372 421
441 117
59 106
202 104
204 243
9 113
143 91
141 233
429 182
156 268
455 334
123 323
298 394
197 366
321 397
153 268
396 15
202 390
97 75
300 95
351 427
381 140
81 433
147 83
132 467
12 137
376 388
390 436
497 279
76 26
90 6
398 82
339 397
456 469
245 48
244 210
134 189
133 2
495 246
474 29
173 120
293 302
3 145
149 360
86 182
315 462
269 452
177 22
49 272
259 163
62 429
383 350
377 111
96 166
349 6
288 153
59 48
97 157
152 116
364 7
315 309
478 499
468 469
486 375
266 390
296 21
301 45
35 227
234 274
257 212
87 390
370 366
470 181
327 127
347 351
108 97
265 397
494 97
63 167
314 160
241 322
263 2
213 256
97 63
122 305
466 410
85 328
379 234
202 125
367 474
35 242
460 195
388 381
293 198
356 215
99 308
376 126
357 168
15 117
174 421
282 306
189 70
93 136
26 134
331 416
411 99
364 232
443 292
52 117
39 221
139 12
288 284
426 372
342 13
17 476
407 19
480 368
473 371
371 459
148 317
388 51
127 247
168 142
311 195
450 333
469 448
284 192
312 20
306 249
389 352
61 50
94 177
242 93
94 493
159 350
376 342
58 482
351 7
333 416
256 21
185 175
60 180
79 3
293 162
72 53
59 65
274 145
241 345
195 458
294 234
497 360
358 489
473 106
386 117
407 37
359 401
124 121
214 147
416 13
467 233
490 339
108 141
285 347
308 382
376 77
496 475
254 378
298 194
315 300
435 470
403 450
445 113
243 229
94 204
343 188
171 470
112 254
390 295
29 86
149 1
265 34
442 201
282 369
401 295
355 491
388 14
463 408
464 477
190 239
238 300
307 235
478 440
245 241
200 375
149 287
300 155
431 78
175 391
492 199
31 425
188 435
231 295
498 467
43 178
442 116
180 46
257 394
361 323
33 79
469 84
495 321
48 442
346 315
311 411
379 254
9 313
189 219
245 401
393 288
449 19
406 128
196 239
255 315
157 314
189 497
400 472
352 382
339 71
373 118
315 489
120 392
381 445
424 393
491 269
257 478
304 262
94 325
376 477
57 200
254 475
394 310
284 205
388 49
120 248
118 404
434 485
236 339
75 63
134 52
312 343
121 98
109 185
300 250
236 222
480 380
156 107
78 4
381 63
329 264
39 55
141 484
109 407
414 253
329 417
325 81
416 250
17 88
270 171
479 83
51 39
236 266
354 318
467 499
434 241
259 220
382 18
182 312
319 124
376 347
480 163
56 396
232 476
465 220
300 12
3 93
40 183
410 207
491 383
263 463
225 155
377 28
473 230
471 442
52 217
455 216
498 220
310 258
325 85
137 222
179 212
273 470
69 453
400 226
407 396
429 354
147 496
161 317
228 92
391 23
244 373
491 491
148 167
81 102
435 67
39 337
134 94
254 240
405 310
485 490
277 475
127 340
383 32
277 177
220 347
224 359
197 3
404 423
257 318
359 267
155 458
418 11
42 411
199 1
305 75
240 268
79 424
387 305
477 302
231 61
316 285
31 203
470 265
280 416
115 21
429 194
464 256
427 355
219 179
440 351
309 159
14 202
49 65
460 492
90 276
338 445
488 489
489 88
269 31
103 424
256 435
406 90
281 20
484 91
257 277
447 301
134 497
215 74
377 70
233 131
185 462
158 169
414 360
243 375
399 258
484 241
338 335
258 276
261 464
177 19
306 23
248 331
372 76
111 252
498 105
246 2
148 271
291 473
241 445
339 13
101 280
318 284
237 413
453 473
269 175
243 409
472 450
138 162
29 304
394 2
262 160
281 465
62 17
391 372
304 223
45 52
182 303
265 208
98 304
145 54
348 489
479 322
90 483
132 333
468 203
45 206
294 93
375 227
44 270
227 304
86 108
340 276
201 460
337 237
433 296
500 483
151 361
424 415
55 443
338 77
134 413
487 289
201 209
102 86
415 426
434 492
147 134
206 431
166 348
130 1
4 244
350 279
243 54
174 2
133 151
37 40
425 16
100 181
404 71
289 226
390 43
373 155
83 328
462 102
180 222
417 241
378 471
81 13
69 85
416 275
408 420
389 425
341 110
445 70
364 242
418 8
88 278
13 441
40 475
152 302
51 410
106 192
180 291
292 322
233 271
465 448
360 370
109 297
257 252
209 456
111 402
227 482
426 298
452 147
171 473
269 482
341 151
242 499
195 58
373 354
277 267
105 44
385 171
219 186
419 322
271 452
438 282
194 77
395 282
400 287
211 195
492 376
449 271
76 128
349 273
229 326
215 86
252 19
57 278
398 109
138 297
3 226
488 98
30 352
46 420
197 441
