70 662 30
3134 2607 3
110 3592 19
2773 1418 10
2094 2339 5
385 2481 22
1337 3748 1
271 2500 2
3201 1448 5
1607 403 18
718 3146 14
4416 4090 12
1682 101 15
537 525 1
4130 3996 14
4073 1605 1
4326 4931 13
3918 4047 7
4924 4999 26
3820 383 1
4622 2333 4
4860 2770 29
2281 1354 22
1295 1434 29
3708 2032 29
1521 3117 22
4312 3279 10
3106 1762 15
1278 3503 14
4973 3024 9
320 1019 9
4954 2608 24
4503 3025 5
455 874 23
1238 1360 6
1631 2572 20
824 4595 10
2826 1009 9
4884 4549 20
1514 3195 2
2306 3889 14
1670 1974 15
2607 2165 29
4230 2784 30
2981 4063 19
110 4993 24
184 2019 4
4020 2203 7
2880 4486 21
637 2132 4
2073 4958 1
318 827 26
4076 642 5
1068 48 16
1667 1729 22
4163 849 27
1575 2541 18
3387 4979 26
638 778 5
3958 4194 11
3161 3993 2
3337 2527 13
1689 887 30
3652 1913 7
4885 3961 20
176 4414 30
2291 3966 13
4101 3872 19
2471 3364 18
3230 3053 11
3192 4260 5
567 2520
4847 1094
1061 4231
2064 2038
1910 733
1363 4340
1464 3030
1279 3227
776 3725
4676 1966
1148 2517
3195 338
2942 2272
4141 2797
155 2672
3744 89
764 1012
1321 1666
1299 2085
1277 1881
3541 4630
1632 2682
932 861
3284 670
4557 3994
902 2949
3923 587
3853 2634
3998 2867
3007 2880
4551 612
2213 1114
2270 1950
405 1012
2442 1522
1874 3218
4974 916
1391 2000
4334 513
1045 1461
2750 3843
223 2328
3856 4971
2697 2151
4916 4318
3093 533
628 2468
963 1258
2290 1768
3678 3908
2516 923
1839 2521
3673 3178
3719 3634
874 4535
4070 1336
1236 3312
1657 354
3451 4415
2906 4894
577 569
1884 1477
1086 1145
4289 1
1597 900
444 4145
4302 2904
1105 4259
3285 2510
1922 2294
647 2747
2175 3853
2907 913
3069 3436
75 1015
2679 59
3578 390
4134 4125
1779 3690
669 1656
90 1913
3093 4968
766 4883
3507 4437
1468 4059
190 363
2113 2098
2460 4087
2950 632
3862 4384
4347 348
3347 4203
19 30
3966 2432
2739 4043
1004 208
3345 722
1617 1828
2728 3203
3282 3074
1442 3420
784 3399
4886 4142
3191 2309
3450 323
2600 2802
919 372
483 955
3153 4032
4970 2114
2801 2323
2273 3707
2320 4019
789 2163
4550 172
1050 1131
4579 4531
4529 4181
2442 3569
1422 1871
1341 1867
2726 1108
2270 2027
3720 804
4842 1107
582 2498
914 4816
4363 2995
865 4619
2693 3885
4543 1020
3952 4444
474 4584
2978 2724
3428 2478
4575 3847
3246 1475
2561 2458
3873 4659
2336 919
2926 4641
1758 1862
2841 2742
310 2030
3064 735
1845 1833
785 2740
1455 1097
1426 3338
46 4625
263 778
2118 3440
1147 583
4071 3467
1408 822
4518 4180
80 1507
215 1119
4849 1711
4868 4412
2057 1541
4412 3026
1033 2618
1703 1610
2333 41
2981 2080
2054 1127
4939 3907
3601 2598
2835 2345
1024 4610
510 2006
3424 1520
1089 1861
4411 4460
3549 352
4764 1600
615 1883
3389 1678
4095 4104
907 2581
1913 315
2920 3475
1243 1702
540 2713
4303 2582
2312 128
4485 8
2176 3295
1358 3127
2207 4258
4027 2039
3435 3465
713 3410
3814 2734
2884 2409
4147 2555
2745 3029
2768 3962
2656 2216
1964 799
2047 1192
4869 2247
101 3615
3026 2756
2375 774
3779 841
4973 383
3772 581
3905 179
3892 481
1116 315
157 1513
4529 88
4474 1299
990 4205
1228 2886
3444 3979
2857 2746
2827 4654
4619 4569
683 760
1694 1255
581 2786
108 384
2893 994
3185 1993
1520 1971
4601 235
4431 788
944 3173
178 639
1727 494
2197 4565
4955 3018
79 4269
3734 3517
1799 1583
828 3501
853 3046
1361 1163
3335 3573
1200 971
2452 2914
3897 1326
3299 4041
585 3300
4900 659
1396 3402
2710 1718
3567 2489
4679 1576
2856 4505
607 1419
4136 3031
2529 29
3129 1725
4956 2682
1228 2648
4288 1966
3224 2430
4033 784
1853 3246
1748 3009
4508 787
3105 1858
2687 24
2325 2229
3011 4259
3417 4575
958 131
2060 2401
3941 1814
1813 3340
4437 2766
4247 2103
853 284
4009 4057
2264 3025
2003 4754
4031 3218
322 2809
1294 4420
2635 1511
1562 4806
2766 3019
4800 2178
3179 4657
3148 306
4881 1857
633 204
4790 1484
1338 4772
3778 2887
4138 1813
3070 2265
619 2414
1551 3692
3555 4068
802 2776
551 989
4432 3670
775 5
1220 242
2032 1334
4389 3864
2590 3958
3462 3278
1219 3207
4415 148
1382 739
3767 3083
2711 2358
1270 1442
4096 687
905 19
3287 565
3469 4657
1806 1004
3569 4756
4900 539
1833 1506
84 67
3360 3626
4645 2945
934 2322
3025 4544
498 961
3326 4934
330 3893
2714 2741
4878 2373
4509 4066
9 3485
2281 4381
3399 1511
862 4638
468 2633
2983 2675
4630 2253
3449 2414
1494 1859
1510 3939
1046 1737
1997 780
3142 4311
2134 2423
1412 732
208 2919
3193 368
4973 1249
4180 1906
3533 1635
2961 2532
166 3349
4399 2546
3173 2124
4974 4802
45 2122
2876 1997
1650 2443
4067 4759
493 2767
324 1495
4372 3428
193 2008
4656 1390
1464 2558
1060 80
4460 4771
1465 1410
779 1635
3132 3032
1421 3978
4969 2862
441 4830
2940 4730
461 2076
4770 3056
4056 244
4048 4059
2212 3039
4589 3036
4597 2291
2745 4992
805 2166
2166 3384
1135 4448
4696 926
1637 3521
3428 1469
2281 1635
4881 4929
3637 639
1717 4038
4687 3283
2521 4971
3383 3802
2622 1005
2768 1795
1276 4310
3881 113
59 4544
3381 4976
4764 1965
4303 4287
2823 4414
2231 4229
373 1792
1426 384
4309 1727
1319 1254
4586 433
4891 528
1598 4581
2613 3799
2631 3751
3752 2385
8 4234
1948 4758
3313 4247
2037 4479
1441 3552
3615 4712
4910 4314
3140 1236
4632 1998
4489 4492
2424 298
2540 1801
2358 860
2876 4393
2810 4579
1817 1998
4317 3760
3547 836
4510 2552
130 1897
1057 1961
1210 3263
2027 4542
1567 1670
4117 1299
712 4117
3311 4641
1610 1181
4872 2899
4992 478
3161 2974
69 2180
1248 4413
2129 2092
3321 2313
4226 798
1764 4261
1197 852
1091 1712
28 3283
4213 3972
3238 1019
3311 447
2290 4511
3258 4167
4934 848
4570 3515
2194 3785
2058 2451
752 4272
270 1631
2319 3837
6 590
4134 1016
2087 3360
2787 3480
4788 1449
4556 1754
2181 4678
4525 4939
3410 4128
651 124
4488 1631
4474 4563
4889 1251
1884 866
1355 2700
2526 2551
4219 3019
1846 488
410 1413
1092 4905
229 2785
3435 3177
1202 459
503 4703
2710 1480
1831 4852
2861 3894
226 3932
1405 3372
2404 1017
3522 4818
2171 302
329 1054
3797 2276
2132 1012
2065 4669
2742 2514
2461 1431
1757 3678
2693 3960
3750 329
4150 4195
4369 2553
2520 850
4783 2401
3303 277
4159 3203
1980 861
3206 2140
313 2612
4464 2983
811 3800
4099 2709
3030 3679
3227 180
4391 956
2574 4630
2933 3032
4499 4673
572 3226
1290 3778
1321 3854
880 1975
2088 4241
4606 3912
1282 4360
4913 4958
3593 607
3140 4033
1522 3832
1855 2605
881 2349
1786 2465
1263 2124
991 4994
3324 1762
647 899
4888 2772
3733 373
4196 4696
25 337
935 4513
4351 4615
1394 36
3391 599
153 1611
4336 2863
3847 2388
2904 4993
1671 1738
1409 849
210 4260
1303 3410
1187 1459
4530 1061
3597 1325
1496 4481
3652 3930
2524 4585
158 2269
2385 1698
3797 996
1755 1675
707 176
605 1860
3188 1554
4457 523
1926 4759
1920 2842
313 135
562 4999
796 304
1401 3048
3869 1011
1825 2922
4984 2050
1732 3442
3128 401
2860 4982
212 1291
3548 1133
1040 1709
2362 538
3092 4264
3582 1496
3009 2803
641 4722
3471 1623
1977 4865
849 1430
3976 765
4585 1801
1348 2345
1059 3562
3864 3888
1013 2303
1630 1960
544 4666
3963 4094
1146 4639
2802 4215
4780 1665
2522 4506
1568 3842
2580 254
2378 157
3295 2001
1280 275
655 3558
3273 2266
3801 1405
2090 2681
1675 513
4860 1357
1409 2395
1685 3992
2476 4288
1589 3641
1529 105
190 4704
1333 4314
3587 3796
4573 586
2117 1948
767 2988
315 2479
3459 1217
4032 4341
2901 1984
1910 2336
1172 609
3277 4980
2306 1518
3611 3484
4379 2443
3279 3047
2607 1522
326 2637
531 3525
1873 459
4612 2056
4005 3830
4005 3260
3792 531
3019 4014
2832 4457
1678 1746
3447 4035
4199 3277
4294 729
3558 1709
1967 4057
