100 1048 30
3011 3052 20
2113 4940 27
757 547 27
423 2944 18
1974 943 12
1988 3816 30
2923 2585 7
2531 718 2
3944 3784 20
3247 3534 23
3013 2353 13
3619 2835 20
777 1988 30
1573 3339 19
220 1478 30
4874 1910 14
111 739 12
725 2846 19
1580 4479 13
2308 693 27
3332 861 3
4604 2048 3
1101 4275 7
4324 2075 12
565 4790 25
384 2855 9
2605 945 27
18 422 29
190 3640 28
588 4863 24
1728 373 21
3323 1768 18
4743 1758 7
2587 989 28
3271 4386 20
1880 1719 7
1178 4718 18
4249 4862 2
970 4650 20
4401 2361 22
883 160 9
2460 2510 21
4356 1673 12
2622 4955 5
718 2836 13
2627 1429 22
2519 3291 28
904 4722 4
3296 1587 7
2660 4702 22
4775 2788 4
1644 4048 29
3953 232 2
4877 3141 3
3518 3025 15
139 1373 8
2943 1265 5
3502 2124 9
242 96 30
1263 1023 24
4984 3679 2
1148 2075 24
1579 4178 16
3682 1663 6
1379 656 19
4283 311 25
982 1721 17
3540 245 24
19 2077 10
1673 4972 17
121 714 7
228 873 16
1129 9 25
2608 578 6
1174 4919 10
1821 3861 30
3498 4807 27
2207 994 28
1012 4834 14
2727 1337 29
3401 3506 4
755 2326 14
4618 3979 27
640 4825 18
2697 3473 22
4612 4988 5
4104 4325 12
4651 2375 20
1896 4558 8
2786 2114 7
4921 1917 5
1989 298 6
710 1580 17
2231 1316 10
1774 1566 4
1368 4268 10
3674 3856 6
2968 4189 7
2832 2001 29
164 1742 1
4500 821
1029 965
1716 4260
4066 315
2678 4492
3045 1504
1084 2975
2690 4928
999 3808
4297 3466
4256 2561
1523 3872
3930 4854
473 2053
2365 1127
1115 937
1296 3586
789 1110
3142 3561
1074 3376
1548 3646
572 3734
106 2760
50 1579
2719 2486
1008 4825
3110 3284
4684 4864
2820 2283
4212 298
2049 2181
2724 2934
861 292
1055 1532
4073 166
3764 3811
4498 3203
710 3756
3797 3079
4003 1335
776 1820
2039 42
3616 1628
2995 4218
3115 2634
4387 1363
2145 4639
4940 1422
1899 4219
3303 63
455 4641
1555 2027
4145 556
718 4638
1546 2086
1592 3807
4421 2721
2798 3784
4074 1846
2810 2099
4637 1105
2340 2971
1952 821
1143 3823
3781 4765
3686 3546
1528 4470
36 1033
458 1706
1482 2565
1300 1568
1718 2936
3617 2584
4536 2420
4308 963
3402 4899
2354 2514
3765 772
2810 1025
4334 744
3136 2226
2630 840
976 4157
1805 4747
2600 4466
3947 3825
2780 2412
2410 2063
226 2298
4613 3676
2557 4324
3954 4047
462 714
4229 1634
92 1556
922 1977
149 3609
1045 279
2241 1065
1860 4117
3884 21
4292 827
4934 2184
521 2186
4366 1736
1707 3291
4780 1761
498 1776
2723 2154
3523 3272
3028 2139
4119 4536
693 3314
2778 734
4700 507
2896 1811
1012 852
1007 3842
2513 3339
53 3450
1690 3353
2932 4398
3219 2063
4321 1077
3387 2393
1391 3520
1158 2042
231 2258
4991 4346
2400 4067
2212 2955
1850 1843
1666 3840
1840 4871
3356 3213
2964 1559
1047 2825
2581 3559
3676 1523
945 4007
302 4409
4362 1747
2896 3229
1474 950
2768 4234
3167 4095
781 4967
177 754
3347 1039
4398 1494
2154 4274
4123 3748
1164 2951
67 179
1137 1748
2326 986
3612 1230
63 46
2113 2739
3411 3239
1201 2188
453 3650
1808 2051
1545 909
1467 3176
983 1123
3760 2351
1114 4380
2415 2383
1028 3388
4144 2751
4002 4357
1201 834
753 4893
3224 2717
4265 3690
3337 1349
2211 623
677 1780
1392 864
4744 4617
361 15
4714 1424
3459 3547
963 1609
1691 721
4259 2597
1109 1375
3403 1708
208 4159
4483 2026
635 2201
1043 3591
4485 4928
3182 2394
4560 4974
2649 4123
482 4786
2828 622
2951 3622
3442 3281
2973 3751
1200 4478
2891 4593
3719 4202
40 879
3684 4838
1212 3368
872 896
4262 1875
1480 3947
2806 2819
116 187
3669 836
249 1591
2769 4652
112 4790
1187 877
3567 4094
4274 32
2103 1332
3444 1002
2780 2030
3721 2226
1200 3989
1809 2058
4088 4555
2907 3914
3102 3084
664 2412
1064 4108
4424 3986
4091 616
1405 4312
3071 4816
2531 3040
4283 788
2936 1535
2161 2792
1617 3302
1000 879
4284 3982
1594 1180
923 102
4687 839
387 1128
3594 3624
3076 2157
3505 4100
3615 3222
4780 2014
4574 171
2381 3189
3202 3839
3460 1379
1095 1857
4341 765
1191 145
3990 1404
2734 3699
689 1248
3622 3971
3118 738
3723 4348
42 4982
2423 3490
2646 2894
1816 748
2406 2435
2127 1734
4520 4553
3013 734
4809 1293
728 4767
283 2342
2948 3153
494 4438
4172 745
2258 4391
1613 127
2828 2809
4057 960
3223 3832
3273 3746
569 981
318 4453
709 2233
4863 1819
373 666
4385 1191
2354 1587
800 1449
1527 4390
2832 4971
4468 2916
3387 1875
2107 2478
1788 79
195 4014
3269 3327
3212 4494
1720 4194
1031 3940
278 4755
125 2847
1155 4772
1251 1814
2798 752
2463 3080
3629 1060
2510 311
1272 4407
14 1334
4691 2040
978 4185
4951 4926
3957 4418
3324 2820
2298 215
4106 851
1192 2543
1097 3128
4035 2705
3557 1564
2158 4035
3826 4384
4419 4081
3968 2742
69 1338
4461 1723
474 3309
3524 4921
1175 4546
3890 3230
1268 4474
92 2216
3197 1000
3917 692
1371 2265
4960 1708
3513 1898
1422 4337
1357 4521
1004 4755
624 4141
172 4105
801 1268
4378 140
4046 760
4002 4627
1101 3097
282 480
1513 57
2622 3094
3020 2896
3405 2930
2193 2859
4482 1889
3594 691
2918 2572
1152 1803
1233 3092
3543 856
3811 2889
3192 2862
4658 358
3595 2360
58 2784
689 3520
3688 3460
1943 4846
1695 2096
752 3857
3203 542
4136 3425
190 1332
4095 1779
281 4567
1438 1903
2142 1769
4052 1134
3968 4926
205 2763
2564 60
3420 2013
90 3931
2847 4940
2203 1642
2953 3173
3140 3908
3256 2009
4398 1235
3282 142
967 3069
2164 3476
2109 1456
1968 1332
4555 977
1436 4471
3105 2799
1863 1362
4360 3474
3532 4935
1184 3523
3331 12
921 1041
2326 3692
4197 2484
587 3720
2038 73
3411 331
827 1381
613 778
3804 4677
4855 1173
4609 3569
2065 1746
4372 182
392 1608
2912 4087
4349 3834
4682 4826
3640 720
866 2267
2099 3353
3154 1879
2973 984
107 4339
1081 4487
4017 2964
625 159
2946 4925
4374 916
3817 2748
1363 2227
3071 1648
4793 3732
406 4821
3845 4271
469 2512
779 4184
2287 71
1321 4288
2204 472
3929 2729
4842 1235
55 3001
2268 3344
3428 3774
4977 3573
2655 1122
2662 2763
1241 1847
865 91
2986 1778
4291 1779
4456 1954
4333 2002
387 4935
4805 540
3054 3529
273 4754
2009 4533
3813 2879
1729 928
1975 2393
329 2114
3750 3810
1771 3259
1717 351
235 2407
2466 4626
2959 3796
4260 3745
2517 3685
1248 1676
2933 597
695 1407
3535 4320
2191 2310
4139 2309
264 3287
4758 4663
4394 1243
3574 1027
70 2399
1389 2888
3270 4904
2351 4466
1178 1702
4426 1588
4896 4825
615 413
3370 1069
4957 4164
2019 4661
4624 1737
4905 346
4690 795
556 3718
3984 4873
1442 3556
3046 997
2742 4132
2960 1588
3749 4605
2260 2073
238 4895
4482 2712
1365 2800
4340 4554
3757 1891
2723 3972
801 1220
1937 281
3492 4072
4985 1473
2960 3610
1463 3834
1400 402
202 2720
404 4914
2780 550
2262 3510
389 920
4938 611
4663 1062
3786 3472
3258 3730
4305 3472
3035 2044
2899 1156
479 1364
3844 1405
2679 375
2800 4012
648 153
2106 545
698 4339
2269 3217
3294 2235
4006 1220
942 4033
4220 641
684 4875
3905 1625
4616 2045
4152 722
2460 3464
200 1945
812 4074
3670 198
824 909
3874 3571
2715 4463
142 3684
3272 854
2689 1345
2561 4238
3466 3998
1 4912
3759 4416
4883 3065
3240 3890
4006 3535
1139 507
1145 2309
3577 3484
582 1113
3282 4055
1901 4569
1859 593
4371 907
1677 3524
1397 4673
238 1756
3427 1363
226 1835
1554 4824
4492 2269
2757 744
2650 1235
4530 666
522 155
87 3995
2732 3818
1307 3967
626 3190
870 4196
577 3195
4959 1799
1825 2375
4273 3627
563 2165
1310 2741
2707 3911
3704 1612
825 3003
4629 4537
1639 888
3412 1797
3754 2264
2607 4845
2877 1391
3613 2375
3304 1425
3297 2282
755 3910
3595 857
1990 4774
1523 4021
1052 3660
4844 3493
3321 1503
1189 2755
3586 2006
1889 2814
4274 3005
229 1824
3839 4288
2322 4386
4456 2865
367 2135
19 1352
1252 3372
4348 4889
1473 1945
3478 2005
4057 1545
4845 1211
282 1119
4711 4498
3302 1010
4825 4622
3055 284
4353 4199
3831 2084
2396 3411
3678 2016
4174 3769
1113 44
2974 2470
1387 3957
1708 931
1654 4832
1082 869
1821 1271
4397 107
1836 3498
2694 1166
2526 1663
2945 2189
1447 1193
529 2367
4735 863
2589 2822
3879 1806
1936 3645
1598 1279
459 1173
2280 4598
2535 4485
3130 188
2055 2697
3501 3013
2878 3827
1922 1506
2725 1526
1346 2538
967 2247
1384 3478
601 3779
1079 648
2944 4053
917 1591
2794 371
411 1466
4440 2465
1778 4724
3657 4474
4269 4776
2945 588
3878 593
64 4584
3758 167
544 3664
3291 3421
2184 119
2654 672
4933 4765
4503 1428
3331 3583
4210 1460
3241 3368
1712 3063
3960 4450
406 2179
4004 2421
2088 2987
3001 4947
1043 574
1714 1292
4816 4722
1869 123
2712 728
688 923
1227 4498
1394 884
1440 3411
4932 2485
3197 2856
1740 3807
122 1602
2170 1002
3331 2331
2574 3400
4582 86
1890 562
2821 3058
3943 3927
4961 4423
73 4746
4181 1882
2227 46
3747 2259
3223 782
1576 2884
1835 3775
2545 4699
3685 4794
4172 541
2301 812
4256 1846
2035 2209
3216 4667
105 1163
3071 3267
3145 721
1491 615
2461 2454
4584 3435
3828 3278
3911 2673
3103 1195
3661 4597
1636 1501
2236 1570
1016 1876
645 4080
4215 2675
3385 2809
1665 3418
1351 3658
159 1336
453 4296
4778 4273
4970 241
2944 4299
4067 1207
2065 4480
2617 3575
1413 4691
3013 2405
978 480
2135 1917
4914 1041
2873 665
4704 1723
3099 1923
1616 3620
4947 2589
3037 543
1753 2537
3621 3014
3434 1080
502 2897
2105 1002
4359 2654
1450 702
4183 689
2112 231
673 4314
2416 1495
4008 978
1917 2185
1280 1343
1452 100
1914 269
2322 2852
1312 1762
2465 1054
2564 2424
3175 365
1210 1463
1501 3610
2187 4729
1669 417
990 122
2903 3894
3152 1847
1557 568
3388 2812
4118 4524
1239 4037
1592 1592
2632 4546
2385 4550
756 4381
2562 4049
2466 3810
1993 591
446 4416
1608 1746
2543 4770
4977 1023
4917 1798
1304 1272
1951 2093
3727 836
3376 1003
4112 4736
3201 1251
4512 359
3797 1147
1100 4333
1575 1529
2995 56
936 2327
3958 3471
1700 1245
881 2549
3547 1906
1690 1988
2844 1580
3042 4820
127 3694
598 2885
2665 3466
3753 2632
2719 1171
4648 1311
1888 4364
335 2938
1146 3014
2513 1574
4906 1971
1271 2159
3560 1011
4380 737
2818 4296
3527 562
1775 1770
1493 4851
4819 2598
1200 1148
494 4665
813 778
291 3562
3075 2640
4618 3947
2919 3178
208 4650
791 3930
2130 1137
1766 3548
1671 4317
1909 1498
524 1361
1716 2743
23 1584
2443 4025
597 3829
591 2659
796 3049
4796 3214
1578 3224
2838 2373
1118 2866
1636 1360
1306 4152
2861 2389
1033 4378
1442 1369
4501 1694
664 4146
1500 3397
4113 3108
3794 912
2954 3307
1629 2228
637 2696
2299 1051
3943 3595
4468 3612
4297 4839
1490 4524
3855 3697
3027 3265
1996 4458
2517 3541
2554 4630
678 34
1259 3652
3547 4590
2396 1301
3893 2514
4021 4060
4162 1566
188 2978
4259 4515
3149 4155
1816 1734
3493 4901
3821 4159
2131 1498
560 1424
1936 4782
1241 3602
4738 1245
4630 3068
2846 4634
3334 1238
1824 1984
287 3900
4534 28
911 207
4553 3549
909 1032
358 2780
3732 1577
4503 1913
4603 4456
1774 2574
4399 71
522 1473
2674 533
4563 3737
3223 364
4069 1741
342 3523
1433 223
3274 3458
4085 4473
4347 1432
2505 633
2719 4347
1493 2607
29 1571
3934 2134
714 4881
96 2164
201 3645
1784 4998
363 2319
2372 3324
1591 2932
1336 536
3435 4163
895 1633
2769 3440
1335 3665
2150 4762
3925 900
2941 757
777 4911
4451 3367
3334 2270
4373 604
368 3779
1239 1491
771 1152
1636 4630
681 4411
1878 4897
3936 4406
1635 1901
1243 3155
2208 2759
2863 4972
2747 1727
348 4414
4625 4980
4422 826
102 2698
1084 1517
1419 3541
4330 1740
456 3283
1189 3170
1607 2205
2364 3855
4943 3970
1701 2093
18 1783
2606 1461
4044 2370
3830 3395
1140 3819
1444 2417
826 1904
1343 4163
819 3254
1615 3851
2931 2012
1367 2472
2734 4283
1216 4811
2789 2020
1089 670
4270 4202
178 2248
232 1904
2939 3613
1400 1270
4076 4686
2823 717
1966 2440
3383 1540
109 3448
2933 786
475 140
3289 1744
3239 4386
1995 2543
1970 249
4815 19
804 730
567 647
3763 212
1126 1160
3758 2899
3840 3861
4750 4103
1103 130
1780 3639
4206 3961
2627 1060
227 4160
2076 628
2506 4455
3252 4204
2885 4743
3074 3862
2229 2742
3987 465
726 946
4718 1653
733 1460
