140 723 30
3276 2965 18
3079 1522 8
1872 2294 6
3384 1271 21
2603 2474 9
3405 4771 22
603 3854 30
2370 2387 13
4727 1404 15
2053 4675 16
4293 2383 29
3819 2251 3
3684 3103 23
3954 1626 20
1127 2958 18
2178 3672 20
504 1016 17
657 4681 12
26 3675 10
4546 155 24
3987 4222 6
2435 2231 22
632 4258 17
535 429 7
4653 3537 12
3617 2293 14
4740 1107 21
2559 1671 15
2782 3867 12
340 443 15
4516 4162 25
2651 3922 4
1384 2309 23
2935 2616 26
1226 1739 27
3110 4482 13
3187 4442 13
3107 3163 8
4997 4296 19
2740 2893 30
1406 2438 9
3441 1976 6
3544 2198 25
1963 216 16
460 2313 15
949 3098 14
4531 3269 12
3349 2405 11
4257 458 22
1538 4349 19
1418 845 20
4736 376 3
1019 2075 29
2995 48 23
2680 3762 6
3087 3741 23
566 2016 13
1303 1832 8
2151 1732 9
626 4662 15
4498 950 27
3312 2783 20
3436 2718 3
2812 3893 17
3965 3223 17
1916 601 29
2449 3050 18
2443 3643 4
1942 4559 4
146 4844 10
4523 3803 21
3997 3240 16
2637 302 16
4277 4574 1
402 3968 10
1723 2381 9
1705 3314 4
1225 4003 13
1793 1277 3
2561 1423 2
2525 3493 2
2620 3444 18
1573 991 24
4293 1205 18
3264 960 28
2288 2610 14
4936 3791 5
565 2900 23
1111 1845 12
4367 3905 2
1336 2845 22
2225 2309 21
1724 1714 2
891 1776 17
1544 3522 6
5 433 12
3745 4754 30
1422 412 1
2072 3383 2
2056 948 19
166 414 29
3237 1598 24
2744 4388 26
2613 3530 1
4125 3609 28
1876 3219 22
3104 2226 6
349 2024 28
4388 4076 12
2482 4695 19
2739 1505 8
3075 549 27
2235 1937 22
2410 85 13
2235 3576 23
3823 106 2
3042 1204 18
3145 4019 12
1802 679 12
2150 546 28
223 118 15
3415 4745 19
4736 281 10
4287 1683 22
4600 72 19
439 1045 11
3597 588 19
4736 2264 15
4512 2373 29
2079 614 19
2476 2386 2
2306 1304 17
528 4803 10
3674 2337 23
2053 4597 24
4024 2498 21
4930 1522 9
1969 961 8
3349 4271 20
3640 3502 13
899 2865
4316 2601
1641 373
2763 904
1312 4417
3415 2086
1885 358
4025 2263
543 4282
115 4584
3860 172
2915 3530
3718 2245
2510 1238
3615 4363
4360 2380
830 4949
4286 2383
4004 231
488 2899
4543 239
3255 1600
3312 878
966 2402
2894 4075
1759 1066
1240 3295
4096 2555
1324 717
2393 310
4873 648
1517 4325
3541 1276
4205 4076
3111 1663
4923 2930
3486 366
3258 185
1456 1351
3743 1155
2137 2574
3265 2900
137 2375
582 813
1 3179
1175 1779
4942 2066
955 4955
1467 3361
1832 3319
2315 1969
3116 885
2825 1233
4461 1627
924 568
2315 3437
1905 3625
4849 736
3492 3070
613 3284
1623 2870
813 3886
1509 4226
1566 2104
2139 186
4792 106
705 4618
3159 914
188 4802
254 1187
4338 1333
3398 3133
2393 2331
3765 3831
1758 2745
1896 3614
2891 2315
2464 570
1281 2889
1742 3484
718 3119
302 2325
4850 3462
1667 4190
1694 662
3811 3159
3113 2355
3891 1530
969 249
1861 801
3454 3787
4710 4713
4501 2669
4678 1455
1246 4226
2967 1046
4256 354
3238 3141
4870 1277
511 1452
1151 477
1367 1158
1458 252
1963 3388
81 1146
1398 2182
2677 3205
3332 2692
2503 4685
3007 613
2674 475
1710 508
2617 1186
4842 1618
1156 955
1612 364
517 1406
308 3768
4910 1404
435 1844
1514 2547
2820 1441
3338 1779
964 339
1147 2489
2015 4292
2844 426
3928 2276
4624 423
4638 3995
782 1800
3136 2356
4051 675
4759 109
79 1682
3687 3698
1438 183
480 4183
3346 2939
1366 4358
890 3691
2767 756
1219 1270
2348 3807
1863 2085
3760 2504
5 3931
1637 435
1337 2177
498 1268
1231 4099
584 3136
4717 4463
3395 1630
3466 1561
2016 2950
4080 1968
3015 3394
1140 277
187 4223
1502 171
4651 1089
415 3395
206 1594
1849 267
4151 1129
1056 4112
2285 2264
2488 4490
160 3080
1966 4365
161 761
1565 970
952 22
4721 1711
4828 3055
2500 422
305 416
696 3409
2900 3690
2959 1408
1546 944
4547 1455
4119 3012
3400 1230
1366 2105
1251 2892
4395 450
747 361
2190 2730
3313 3394
576 1544
1405 4311
219 3164
1430 4917
3218 4427
279 1361
4263 1215
2341 339
4798 3215
2387 449
4461 494
2867 3919
2388 4350
3282 2342
342 4327
3555 4404
300 4870
4605 3213
3462 3553
1436 4274
1618 2864
1392 1318
2205 2008
4120 4016
3570 1629
4104 199
2022 4546
2649 388
442 336
4797 1080
3746 3700
2527 603
3747 3567
1844 2638
2622 1625
4477 2350
3783 4776
4690 2730
3002 1887
1431 573
1900 1526
39 1255
3835 4440
3196 1475
4733 913
3539 4858
252 780
4901 4862
4764 3341
549 2319
2041 2824
4641 2195
3808 871
4047 4815
792 416
386 302
3675 3678
4008 4111
4990 2209
3055 367
782 4524
4247 3769
808 3133
4031 1000
3939 3957
4435 1603
290 1325
4006 4508
1886 1177
3164 3281
866 228
301 4922
4845 3543
4324 3034
3364 2445
326 2754
2384 3489
4413 1704
1187 4333
4132 4496
4099 2087
3862 744
4996 2954
1432 594
3731 156
4677 490
3481 4783
2972 2743
4774 82
172 4360
2390 4080
1174 2990
973 3168
3689 1720
1295 2211
4698 2258
703 757
928 1161
4437 1652
3449 493
4253 552
2684 2302
451 4870
2411 3948
2981 4525
135 2941
3412 2093
3379 1123
2555 2318
267 2364
282 4267
1276 1919
31 4498
3410 80
947 2629
3715 145
1451 4145
387 4511
2225 3840
761 3098
1079 1685
1324 3405
181 1169
1646 3727
2343 4569
2285 4990
4081 3616
3823 2310
136 2116
3865 1070
3365 3667
3788 4139
24 829
635 2048
338 4628
1129 1879
655 3
3965 4449
3354 586
1055 2026
3328 1769
1211 3097
1612 1086
3293 4528
401 4662
1686 1617
4299 1008
1488 4953
3772 4745
4534 843
253 2504
4693 4776
3141 4919
1274 1685
732 3330
3681 4419
1643 916
2173 1919
2000 2274
2128 4507
561 150
446 3593
778 1311
2415 2163
91 1543
1202 3738
1781 793
3753 2102
2888 306
292 2687
314 4241
4864 4385
3380 4549
3135 4160
3153 4008
4649 3632
1959 197
2157 4201
3013 3449
1619 2555
2590 4717
580 3018
1531 247
4273 2324
3613 1999
4577 4226
1123 2284
3870 3592
12 4178
2257 2757
4761 99
1675 3074
1063 1358
453 4329
44 2389
1693 4146
820 2495
4721 572
4942 1840
2859 1807
1690 2826
665 2626
2613 3281
3329 300
2892 365
4313 4800
2140 4557
108 3110
1135 4104
2870 2502
215 2538
2265 4394
1027 1752
3204 4068
3121 4686
1374 3529
3258 1576
680 2558
3700 4165
3376 2920
2974 3187
4598 3844
3247 3339
1784 4491
4304 307
1608 3626
3086 1279
3137 3624
2401 2743
732 378
715 2288
1760 3736
1439 2642
3935 750
1063 257
2922 4986
3173 2282
4017 4142
226 1733
2645 3989
695 4410
3720 3591
2565 3485
2468 2396
2871 4335
2842 4397
3967 343
4545 1524
3703 1556
2149 3241
1404 2108
527 3004
1378 3529
2657 3940
929 3865
2586 2872
2536 1912
893 3901
2009 4662
3865 3617
3888 3164
3896 1435
544 4855
3339 4991
3994 4617
1250 3515
3769 3428
3957 14
2732 4933
1475 4891
983 1615
1874 2348
1496 2595
398 203
568 4848
2327 1908
41 3180
1116 752
1260 1058
3843 832
4546 2884
4596 3332
928 4603
3661 3897
4854 1679
1713 990
2184 726
1239 625
1774 4289
2228 3822
1920 1895
3172 642
1308 4714
4494 450
4818 4624
567 4394
1237 757
2364 1068
1028 194
2618 1434
4853 1526
2540 516
4066 158
625 2143
242 4896
4479 3781
1445 2821
3940 2967
4185 2948
4784 1040
3581 3031
80 48
601 1388
802 1640
4216 1431
1190 2290
3255 2015
3860 2772
2148 4147
1112 941
3085 1696
3925 714
323 4335
3545 4109
3965 1967
4868 425
1651 3243
341 1655
4705 2632
2540 1860
4508 190
1799 850
1054 2854
236 458
2458 312
846 2233
2901 3815
4436 1278
1187 1048
1373 1573
556 3134
1641 3892
2613 1111
3615 2148
905 2932
441 681
4689 224
142 4598
2 1619
1570 1937
1180 2700
4128 3063
4387 1515
164 2498
4196 2721
3606 3994
1307 374
3267 2975
1828 2974
162 3033
3140 4240
3108 2217
2402 3752
614 4737
4982 3882
211 3246
236 2635
717 4740
1143 4158
3394 4084
1776 1410
3822 4240
3689 237
4801 1397
1372 4450
41 4827
4783 4489
98 4882
1748 3718
3833 510
4081 4845
2989 4301
3356 3298
3005 364
2884 774
4160 360
1031 4649
4622 2948
127 840
2021 3198
2447 2514
954 4267
4548 657
3465 1370
3343 4335
1695 4599
385 4943
768 2824
91 4166
2061 2700
4631 4731
1983 4938
3803 2723
1738 144
3309 1802
562 3921
3211 1509
2476 3924
458 4025
4710 4162
2499 1083
2643 523
1321 2883
3891 4636
3132 712
4628 3446
3802 870
1767 3583
3319 2257
3768 3507
771 2450
3178 4429
4163 679
3126 203
2083 2017
1472 3146
2595 3712
4589 2760
540 475
153 3663
4880 1263
3406 4961
5000 1030
422 1481
4148 1304
1897 1501
620 3695
2254 2323
2048 1630
3883 4477
3374 4279
2467 74
3191 2661
4366 2565
4788 4418
3915 4604
2850 4426
1024 3801
3363 358
349 1075
3336 4027
2677 3141
2184 1865
3910 2179
4045 490
2942 2849
741 3717
449 2465
3622 1706
971 4098
3712 4165
4212 4746
912 982
3167 2059
3048 121
2482 870
1219 2696
964 4197
4485 2096
3915 1444
4255 3746
1641 1040
1607 303
3461 2306
2015 2296
1869 446
4691 2064
221 834
1214 4541
3592 1941
4683 714
3856 230
159 4707
4491 3799
1122 2829
1859 2654
3337 2980
3910 2878
539 1234
4940 4720
4574 2040
3950 1273
3203 1060
470 113
2921 139
1124 4903
4470 3476
2981 4041
2886 1535
3089 219
4703 970
3190 3659
3245 4273
573 1692
3955 3283
3822 2135
1362 3101
1260 779
3103 820
56 2281
986 192
105 334
4625 2590
4651 4721
2636 1928
472 131
1572 1532
4205 4284
4620 3223
4636 982
3068 4544
3671 573
3739 3982
4638 3063
4992 2495
4898 3632
1396 3893
2368 3105
1048 2049
540 1361
2465 3861
4719 1903
