100 202 5
982 476 3
327 250 4
150 212 5
143 970 3
74 695 4
170 965 2
149 459 1
991 2 5
109 577 4
89 118 1
604 21 3
249 31 3
823 805 1
493 841 5
985 462 4
73 905 1
750 203 4
15 36 5
703 367 5
299 326 5
631 400 1
158 833 3
680 312 1
935 483 4
181 591 1
883 331 4
890 570 1
986 703 5
61 790 5
715 51 5
295 327 3
271 133 5
494 535 4
825 872 1
122 646 4
298 980 4
5 489 5
781 740 1
318 137 4
791 476 1
688 75 2
889 58 5
538 278 1
571 133 1
873 937 1
97 783 5
105 952 1
662 501 2
920 951 2
626 748 1
330 314 3
429 451 3
669 994 2
718 747 5
589 728 1
763 661 4
284 286 5
423 542 5
263 173 3
685 269 1
652 620 2
267 966 1
681 567 3
617 423 5
828 492 2
940 613 5
950 854 1
351 955 2
620 656 4
578 336 3
761 418 3
324 430 5
255 17 3
280 90 4
865 60 2
350 786 1
985 557 5
530 171 2
324 609 2
168 245 4
488 673 3
151 913 3
613 115 1
527 134 4
386 419 3
276 646 2
36 296 5
842 692 2
60 992 1
292 332 3
34 438 4
699 345 5
334 602 1
382 352 2
595 30 1
504 720 4
179 407 1
762 90 4
291 995 5
485 842 4
103 551
859 958
968 684
238 537
888 700
21 308
668 115
757 38
840 534
372 906
753 570
523 86
97 809
814 412
85 723
88 641
633 333
60 420
320 866
380 589
783 841
72 237
523 338
533 5
223 178
332 523
709 804
872 780
558 134
689 45
628 389
954 405
265 294
268 141
294 508
625 372
812 746
532 781
155 124
23 929
58 396
155 555
6 122
362 380
24 261
804 348
800 14
299 272
477 1
252 319
366 203
700 849
718 507
133 861
533 20
580 142
673 560
551 376
329 36
675 168
545 766
896 501
861 757
312 523
418 756
175 551
93 854
960 133
161 422
672 282
843 18
84 419
462 788
416 46
629 35
355 560
946 92
85 371
254 226
885 714
497 258
304 857
299 859
167 784
860 459
912 400
951 365
534 147
795 329
679 894
558 758
479 663
487 450
994 903
894 537
810 867
423 640
74 142
172 365
623 964
322 264
684 88
545 424
64 595
996 974
598 824
152 608
328 750
123 176
452 360
44 603
254 97
816 490
981 295
697 482
879 337
859 107
796 854
385 437
395 904
524 212
219 160
986 345
756 902
977 979
756 1000
446 960
27 678
816 882
595 876
715 883
899 305
304 964
764 337
813 415
603 808
469 37
563 104
588 19
520 609
132 471
833 668
331 730
247 820
222 837
800 831
403 310
940 898
474 558
322 266
852 306
752 580
386 888
268 194
956 9
938 941
287 213
324 826
921 150
849 642
134 746
993 350
489 200
962 758
615 269
797 557
31 586
164 365
347 735
872 359
240 611
849 320
228 158
865 164
820 731
639 654
802 351
403 145
127 150
926 240
524 437
797 170
719 389
94 560
36 797
596 314
564 155
743 994
38 613
38 958
777 771
748 340
523 870
287 221
241 420
449 329
592 224
26 227
799 833
378 864
933 901
821 844
