40 362 30
4222 917 19
2111 4888 15
716 2487 19
3455 3181 11
924 2456 17
465 1633 4
713 4355 3
2614 927 18
4705 4651 8
2740 4619 21
4922 2638 8
2057 2905 2
1343 1552 29
4876 2112 27
1902 993 21
53 2753 5
402 2864 5
2005 2259 20
14 2484 26
544 4558 13
2366 2290 1
2132 4890 13
251 1553 3
3427 1440 25
2949 967 18
2817 2976 4
4717 2469 16
2068 2086 15
1759 2374 3
2620 3155 6
4534 4228 16
3567 2816 10
3528 1540 20
1463 167 20
2930 265 9
3919 1174 5
3945 3721 10
3952 1452 5
4824 4838 24
1863 165 26
1157 3297
2831 1361
3492 4265
3127 4892
1645 824
3049 3669
4092 2478
3314 4577
75 1786
1754 4845
3810 289
1501 2653
4486 2374
4558 4032
2186 4391
1942 2964
1450 4913
3613 117
1738 3358
1026 1062
3349 1582
1684 2117
4696 2129
3550 688
236 1964
434 392
2617 298
748 3989
889 2911
4789 1019
3412 2584
1372 2770
3052 4941
2833 4811
1247 2223
4186 2418
4886 3185
1974 1276
1999 4647
4766 3498
3822 868
628 1267
1216 2248
648 1840
3850 42
542 4826
2176 498
2527 972
3547 3123
1498 4380
61 3628
2720 2261
771 3379
2909 4546
368 2208
254 4615
4514 3888
3391 4000
1217 86
302 2544
3922 338
1613 3327
2795 222
2835 4651
763 1055
3037 2422
2468 2847
751 3806
153 4091
1002 3181
2962 1960
4073 1
753 536
3722 1648
2509 42
2184 4917
1895 2606
2363 1986
2801 159
4171 2357
1199 4273
4051 869
915 315
660 4355
3820 4218
3817 2720
1727 2835
1292 3553
1270 3469
1153 3913
2362 2360
1665 3082
4563 624
958 443
539 3834
800 618
750 3775
1060 1039
3301 2199
4002 769
4377 2367
4872 2091
4431 2985
558 3086
586 3015
741 836
1734 142
534 3827
2813 3935
4839 2336
4234 582
2845 3932
1157 4156
3814 3399
4597 3758
2015 2393
4216 3563
2595 2166
3827 3958
4587 3951
82 2427
3494 4219
1253 1358
2415 4091
3937 4866
3639 1794
2536 4808
2532 4656
2128 2086
2107 711
2974 1832
4996 4142
1554 391
1446 1031
2403 1769
2583 3984
1828 4034
2642 1262
2133 2191
309 2447
4749 4006
3478 1503
3480 2352
4411 1918
759 2741
1689 4531
3296 722
538 3005
1158 4667
4798 2927
4343 650
3312 1212
988 3289
2173 1427
1047 2889
102 742
640 779
3455 635
3816 4202
3312 4948
1681 1367
3088 1482
4048 1675
610 2390
3192 1165
3124 505
1989 1325
304 1398
1712 520
1982 2004
1081 3947
1942 1027
4696 3492
2717 144
4363 3826
581 1571
3384 913
4257 4529
2152 873
4790 1313
4045 2688
2366 4258
689 4198
922 4551
1707 1923
2734 3933
4355 4123
1325 4517
266 594
1719 2436
339 2859
117 3592
3924 302
3614 1559
3773 2255
3029 4235
2262 4310
1476 1575
2037 1703
2952 590
4327 860
4772 898
4295 3231
4594 3330
1845 4600
4350 3298
4566 2402
4242 4966
990 2448
4676 1767
2661 854
456 4305
4628 3910
1142 2773
4893 4965
763 543
4776 4975
1031 4746
4440 4070
3149 2192
3836 106
3917 4931
621 1336
4856 1654
1940 2491
3407 4474
2301 509
3119 540
3640 1481
4876 1296
4251 3363
2881 1741
422 2462
3764 3968
4628 4934
62 4693
3342 2855
4206 3451
470 693
2633 3420
1379 616
3000 1702
2328 4581
3809 2534
3844 1239
2753 1388
2423 4356
2266 657
2506 1595
867 2877
4810 2343
804 1905
4197 3422
2439 2612
4403 4654
888 2360
821 1653
118 2193
2283 4306
4989 1624
2766 2475
1653 1495
2113 3222
1912 3345
4704 2311
1166 270
2427 1930
204 62
4468 1522
4235 3595
4821 2799
437 2854
3703 1280
4246 1070
1454 2642
4697 4809
3996 4390
4765 726
3122 1865
448 3337
3454 1462
1263 2014
2519 1058
2621 4388
3337 1342
1633 4577
2504 1051
2747 2315
1857 280
888 3981
4690 2815
2641 2275
3699 4564
906 4322
2114 982
526 2633
2538 1072
1044 2239
4521 4538
1926 1766
258 4897
3080 3845
2242 1263
1533 4904
88 2474
1688 4690
2255 3187
1410 3141
3637 1773
2934 1666
1493 1099
1388 4179
2508 3465
481 3724
4861 684
2902 804
1431 915
937 2246
13 4338
3326 51
1064 2085
3953 2787
1986 2907
3107 2629
2781 2589
3646 985
3122 1230
1804 4980
2549 1391
4557 3785
4292 89
3743 784
1308 4923
3486 52
67 4958
1948 4475
289 1382
3195 2950
2774 4636
2257 1277
4786 2705
4230 4361
3809 1338
1245 3615
1417 4193
2856 4812
436 4088
2186 1042
4576 1231
2658 3509
2450 2498
3105 3645
1556 4919
3657 3772
102 967
2424 2759
189 3652
4601 534
2516 3388
1714 4116
3695 3130
4461 2517
