20 218 30
98 270 22
310 310 2
160 85 18
55 225 22
481 479 16
361 195 5
366 436 14
488 406 4
436 273 11
298 112 19
199 383 30
124 383 25
436 407 30
39 10 23
436 45 2
121 47 11
292 38 20
290 49 5
381 127 28
194 481 17
365 385
113 358
464 455
19 176
495 167
300 307
377 23
103 110
465 138
265 163
39 152
240 159
405 73
205 70
378 432
144 273
164 418
37 139
411 177
59 338
24 345
421 2
278 279
157 383
475 192
428 496
179 122
189 481
405 455
135 193
313 283
322 163
220 332
372 476
128 135
342 135
149 35
386 58
190 431
119 348
224 450
418 146
423 366
487 296
275 488
282 362
74 231
460 493
406 226
382 78
184 289
243 128
403 66
135 98
370 110
486 255
466 406
452 52
497 203
226 240
68 392
440 457
76 449
252 122
462 36
131 312
460 162
59 78
318 227
329 253
281 25
37 312
490 282
17 103
148 387
276 3
34 235
209 374
317 380
358 379
230 289
118 26
348 491
263 323
51 183
63 225
197 452
320 450
100 499
195 430
386 378
66 385
173 376
67 386
295 20
337 119
497 173
107 491
394 358
300 75
473 35
426 82
332 57
346 436
449 273
300 158
430 430
435 8
448 463
302 73
455 419
202 66
138 292
98 361
106 389
333 115
326 222
373 144
104 363
342 287
455 126
42 66
144 267
162 486
185 380
111 65
382 203
11 445
437 468
147 204
397 250
437 278
455 161
207 225
339 250
39 262
79 171
180 43
164 421
141 332
99 72
282 481
71 26
208 382
380 168
416 106
222 253
329 28
483 96
434 258
255 49
130 484
376 379
26 184
380 60
484 254
397 324
459 332
332 303
278 197
73 66
71 469
398 313
190 374
66 243
465 88
281 110
132 343
457 368
460 228
382 115
97 91
350 467
19 388
398 374
493 298
390 228
465 80
447 276
371 137
158 321
319 321
355 444
400 185
88 401
251 391
301 321
64 468
437 257
7 268
314 36
95 125
367 218
80 203
407 5
470 105
311 147
375 44
188 228
477 329
165 59
336 136
349 422
333 451
336 362
18 347
80 72
388 253
263 388
171 266
274 326
294 109
362 393
303 52
250 488
484 303
497 471
13 315
