130 248 5
894 166 2
326 954 3
854 790 1
782 481 5
535 367 4
395 80 1
707 604 5
578 876 2
11 682 4
420 645 4
98 473 2
874 874 1
17 425 3
747 725 5
509 74 4
346 83 4
266 386 4
287 423 4
509 266 3
377 101 1
125 233 4
307 297 5
724 193 4
569 75 3
106 94 3
731 634 3
926 510 5
196 767 4
275 440 1
62 915 5
362 60 1
207 342 5
68 869 4
247 65 2
470 600 5
556 401 4
886 777 4
713 837 3
8 494 2
234 847 2
201 399 1
488 378 4
641 170 1
728 147 1
891 452 1
351 727 1
371 310 1
253 486 5
424 62 1
667 520 1
706 177 4
945 480 1
999 684 2
323 127 5
715 460 2
562 652 4
435 301 2
669 56 4
120 731 5
935 473 4
930 563 3
186 448 5
500 669 3
279 551 2
118 721 3
955 580 1
285 875 3
954 691 3
281 461 2
930 746 1
786 112 2
920 611 4
419 932 5
280 392 1
256 829 2
845 653 5
293 315 4
432 852 2
875 881 3
879 98 2
310 424 2
836 86 4
77 902 5
353 638 2
550 607 4
331 777 1
591 109 2
831 542 5
160 90 2
864 830 1
401 486 2
560 252 2
291 455 4
194 27 4
518 430 2
189 394 2
757 650 4
532 586 4
855 60 2
520 605 4
834 371 2
697 368 3
217 862 2
774 737 5
757 508 5
177 258 4
244 319 1
539 887 2
323 825 2
741 405 2
924 727 3
668 612 1
796 932 3
153 346 4
176 209 1
441 357 1
901 361 4
877 315 1
184 527 5
259 177 4
225 374 3
223 146 1
632 93 1
945 76 1
369 906 4
8 534 5
384 277 1
280 919 1
912 818 1
981 483 3
921 712
319 830
29 40
663 242
682 915
268 405
567 68
855 983
450 499
56 353
980 384
161 237
546 513
715 678
327 917
802 918
503 14
356 776
645 128
341 981
874 132
726 782
472 517
134 383
910 506
212 782
575 115
943 294
248 225
506 388
925 922
683 875
698 353
948 897
114 329
386 265
469 694
971 360
447 334
497 843
822 908
480 931
168 420
7 998
433 494
209 53
791 975
351 923
438 558
976 899
86 245
213 606
939 512
118 578
517 664
129 938
637 412
862 530
357 203
337 965
230 517
454 954
823 616
9 514
579 408
643 33
352 212
821 985
71 871
4 107
757 372
725 608
650 759
862 16
42 711
715 777
122 34
177 510
445 170
698 282
238 46
490 31
192 734
676 469
78 150
308 475
915 199
893 852
837 341
566 950
313 522
568 614
270 972
519 325
252 83
572 828
563 858
896 214
743 57
330 366
367 755
485 15
632 971
536 968
655 872
827 59
999 806
169 28
345 963
727 171
520 420
562 777
243 156
919 846
80 382
767 426
109 682
122 311
469 522
111 283
619 37
92 219
423 906
57 147
832 57
96 89
168 2
180 77
820 912
635 507
626 30
895 484
939 897
163 762
1000 292
998 82
272 929
261 861
74 907
71 59
283 808
778 916
879 923
818 694
898 294
663 765
248 274
381 865
377 983
803 278
969 359
633 851
692 880
621 214
161 178
340 443
877 926
22 939
679 157
361 439
384 507
690 646
788 698
12 848
28 70
401 527
927 348
758 899
418 50
34 266
65 184
808 520
890 940
764 452
240 164
719 15
172 132
482 872
840 171
63 310
313 766
681 19
123 116
584 651
727 421
939 80
515 202
376 676
698 465
294 412
207 862
779 184
249 714
376 927
395 379
438 98
185 438
199 41
269 389
753 373
988 563
360 759
579 415
540 381
586 122
498 909
2 792
353 518
74 831
68 177
929 465
570 153
548 41
569 51
850 373
924 136
698 135
787 373
835 554
861 705
872 451
687 484
220 689
179 129
463 973
702 664
78 702
19 453
849 10
989 709
284 45
369 808
249 76
867 837
576 307
629 813
483 60
783 868
543 134
244 939
831 799
108 427
10 757
241 237
412 843
834 641
557 587
945 377
