20 66 30
493 852 4
934 136 9
944 995 3
93 146 3
172 596 4
638 431 1
172 558 1
464 484 2
218 435 5
484 777 4
337 878 7
222 979 6
897 994 5
635 89 6
598 902 5
281 709 8
757 449 1
404 177 10
982 724 6
165 421 8
342 226
305 990
981 868
599 260
600 267
45 340
181 992
830 678
970 309
674 13
946 400
114 122
572 785
621 931
943 590
829 939
281 312
801 799
853 965
491 828
241 605
444 371
493 416
495 268
663 442
941 909
62 902
433 520
385 587
417 659
432 981
904 164
481 689
180 378
305 924
610 287
752 375
465 533
926 657
766 754
914 412
65 486
563 265
843 977
907 803
59 449
865 91
320 247
318 175
295 710
183 130
688 113
336 583
659 197
442 112
532 496
205 31
898 5
447 491
848 303
225 587
234 160
298 690
978 224
936 800
955 479
