110 1056 30
2046 4297 17
4462 3649 30
3477 349 1
733 1497 22
1199 2506 27
2209 863 5
4829 645 8
3788 3322 22
2156 2508 5
49 320 7
263 542 16
4954 944 21
4731 3145 10
3384 880 24
2597 2217 4
4952 2109 21
2434 230 9
4196 2739 25
2626 3282 29
53 3755 25
3707 3250 27
2430 2818 24
2339 2668 2
3989 2624 3
93 1620 19
2160 3582 9
142 4702 14
488 3567 13
3187 3674 15
3020 3883 19
374 2341 2
439 4587 23
1029 3855 3
1013 2553 29
3979 4879 8
2729 3016 22
354 3297 8
816 2646 12
3204 2905 3
4102 1260 25
3536 4298 9
206 4485 30
333 676 25
138 77 12
1128 2508 4
4438 3963 5
4933 4561 24
1824 2471 12
3141 3243 10
114 2730 21
2341 3690 12
4592 2671 3
398 3091 16
919 109 22
289 3228 15
2374 1532 11
1538 1641 8
884 292 2
815 752 3
3411 4550 25
4615 2470 14
608 2369 2
4471 368 7
1194 89 25
4113 643 6
4659 2286 29
3436 2893 26
427 1100 29
3891 2505 1
4544 3317 8
1945 214 18
337 4595 3
581 953 2
733 4018 25
3855 3799 4
3075 3643 24
2631 3077 12
419 523 11
2493 544 12
508 8 10
3566 4840 5
3697 4847 27
4763 872 21
2707 4045 28
2149 3870 23
1563 1415 9
3112 4807 9
3938 2420 20
1953 4732 21
439 2152 8
3271 1307 1
975 3530 7
4362 512 13
4334 2549 20
897 2316 7
3685 3008 11
4623 3704 23
4966 3719 28
1420 36 17
833 3679 3
3824 2353 11
3207 3716 19
2269 3093 17
3982 4232 15
2928 4914 26
317 4137 6
2746 3301 13
3952 1247 3
3883 1370 4
2097 226 23
1766 1655
3387 2812
285 4816
765 4714
2002 4464
3007 2708
4406 1876
1053 715
2756 1621
600 4477
4279 4454
3781 4143
3219 3307
3664 1561
1916 4432
276 4044
15 208
2015 539
2496 4642
2401 2093
1541 2032
3650 128
353 1463
4886 1788
829 2407
2406 3894
2877 54
4719 2783
4454 1586
3968 646
2464 1712
4866 3019
3749 3798
799 1320
169 4286
906 1410
1859 4941
3401 2657
1045 841
805 2054
4842 3662
4625 4723
2881 279
224 1304
749 4072
857 3601
3526 885
1331 3621
486 2990
3893 1339
500 3904
3906 1635
4832 2403
4115 3771
788 396
419 895
4717 1227
3657 1687
2921 4748
3299 2577
911 4582
3463 2244
4236 4009
4375 1088
2702 210
83 4696
3533 2252
4030 2498
4013 2741
1023 3944
3505 4116
4520 2975
3044 4639
2451 4575
2066 4996
105 1359
479 3692
4433 718
1824 4767
4318 4915
3118 349
2808 4601
4357 967
354 3466
4409 2681
1998 807
100 535
2633 539
4238 3764
4966 3348
2497 2321
1974 2570
4465 4591
4752 3878
4864 2407
4709 2500
388 2116
4782 2654
1457 1445
2891 4224
4764 4784
4258 2297
4177 270
2416 772
3637 4668
4654 3306
2299 2949
250 3904
1060 3776
777 4725
2638 3677
1244 4037
2170 3294
1385 1005
2026 1728
4615 1951
1964 1916
609 3783
1922 3055
1250 2070
3407 2041
2878 121
2721 1410
199 570
1204 2777
4355 448
1743 3515
3548 3907
1941 2622
4441 2673
4352 176
3359 2576
2664 2126
2309 1127
4995 2048
4389 4202
3941 2055
3162 2830
374 4037
115 3193
2528 210
318 4381
3825 3837
2696 4282
185 3988
1293 558
1754 1130
749 991
3752 4903
2054 704
1896 2249
1411 3977
1549 4480
1775 870
3959 4621
4214 2288
2156 4277
4775 4736
3802 2147
4597 1997
3072 2515
292 3237
3184 3801
341 403
981 3526
965 4189
933 1132
2984 2662
4956 753
2408 3934
2191 184
1360 3241
42 1615
1272 2265
815 2699
3057 2076
1205 3667
1079 2108
2682 3967
3369 1103
1089 4102
519 4742
3300 980
3047 1901
3259 2318
3261 1620
3529 4325
2454 3107
3239 2482
1953 3807
255 3698
1820 3433
4668 1771
1693 3300
1346 649
4800 1514
1825 4605
4023 4101
4570 392
2135 105
1113 1523
811 2028
2296 1998
4859 2892
2435 1261
1070 1264
3986 869
789 993
1894 3441
1973 2113
4014 4458
1336 3887
3298 29
3613 2342
4195 481
2430 2121
4106 4134
1032 3854
1421 4774
4872 1919
4416 1804
1169 741
784 2507
2721 1631
4920 827
2593 2302
857 3572
1403 4391
2810 1913
1048 2403
4318 933
4291 1586
3128 2947
4782 1138
1019 3702
2707 1825
3361 4114
4293 4693
2218 4521
3834 1359
3246 2166
3428 3252
4364 3968
2864 606
2759 4159
2681 230
3428 624
1721 284
3781 2642
3728 4329
340 72
2345 1161
821 2829
24 4496
1478 2258
3115 1908
2113 3613
616 2149
484 1932
1260 3111
4050 1416
1126 3990
3843 3620
4864 2097
3652 3921
90 9
3125 978
2483 1490
4158 3452
3822 1636
1368 2921
4552 3656
1794 4188
624 2775
1336 4987
157 921
2221 577
2511 3825
3266 4282
1988 4458
54 1876
1022 3754
3032 3533
2744 4926
307 2458
308 3620
2489 3769
3537 4687
1390 996
2955 546
3965 3352
3802 323
3619 3495
1734 2297
32 4319
2400 3017
948 3295
3706 4501
3621 4607
2757 4233
1537 552
4276 370
1306 1443
1452 3061
2461 2701
860 1337
1629 3549
3717 4098
4815 2030
363 3909
3327 3538
373 2626
3979 177
4540 4892
3813 4708
1227 639
351 1703
1414 3150
3490 3753
1375 4247
112 2667
880 3747
3526 4049
3418 1542
1924 2242
899 3974
4009 3198
1629 2367
406 2811
324 1979
3323 2747
3016 3176
1497 1514
18 77
2816 2130
3118 3221
2275 1583
4925 1205
1392 3466
3049 3605
3330 1137
3784 3519
1701 4602
509 155
2742 3388
2816 1583
3029 1459
4396 2248
3470 1409
246 4860
3084 2586
2945 4852
4818 2243
3779 4019
3654 1806
2708 862
4954 4194
383 3125
2543 190
291 926
2995 3654
4747 3402
2481 1884
288 2455
3809 3548
4750 462
1725 2535
124 1437
2248 2508
3082 3227
2658 867
4898 3702
526 1045
325 2552
2113 1125
851 109
3561 2246
2319 2724
4771 2578
1480 1129
280 2449
3931 3649
4091 82
610 787
4006 796
1240 3594
662 4607
93 2993
665 2703
2541 4064
2874 1904
1592 2184
2285 4920
4842 3845
2446 4041
4797 3768
215 2252
2649 1249
2217 1067
467 997
3600 4940
3952 3794
1980 1884
4274 2408
4014 3732
489 883
3848 697
2803 3453
2046 2262
1876 3379
4633 4604
3980 194
3100 399
97 2918
3950 2658
1897 4311
2005 2187
423 82
4248 94
4216 4707
3090 3522
3708 4151
2117 3925
362 4407
2093 2710
1140 969
4088 2501
1954 3780
4827 1948
3411 2157
3880 124
1540 2798
2421 1757
1148 1694
847 2241
2452 2742
1994 3281
2697 3541
1272 2236
2796 2910
3817 4034
4869 3614
415 4449
3714 4288
1512 1149
3172 4337
1878 3585
980 4590
4293 3350
2740 630
4842 1267
2635 13
1244 499
484 707
1687 2724
4049 1926
2397 2829
4388 4959
4199 4389
4353 1162
4321 2237
4181 2125
1752 3259
4540 975
688 1337
3741 3908
3968 3329
10 1399
1742 224
3131 1466
216 938
1837 3973
720 3337
1647 980
2299 1398
438 1681
1054 4433
2470 1651
3512 2080
2759 716
1393 4895
2566 3277
3804 1447
2991 116
3000 2031
514 1116
3413 2737
1166 3372
1468 4354
4473 2448
3169 1545
3659 2119
3700 2418
4891 4308
4043 4378
4794 2635
804 4385
1303 4569
2337 243
3705 2715
765 906
3471 2527
1280 4487
1305 3352
1020 1049
231 2076
3298 2298
36 4372
1699 4139
2 2125
1922 1272
3693 1215
2645 738
4332 1292
1083 2178
3666 732
4378 3802
2832 2500
3403 2939
439 3591
1705 1280
2939 2186
2881 2049
4000 4317
273 1827
3975 2025
3307 87
1312 1962
1790 1716
567 349
2447 485
2680 48
2372 303
515 4833
1267 625
4824 2379
2849 2639
1070 670
1271 4924
1991 3002
549 968
4996 1076
1737 1468
2078 1080
2499 4048
4664 2130
2577 3003
235 3626
136 2054
1167 600
4351 2998
2958 1436
4217 4089
3059 4541
2815 4863
4989 2767
2372 322
4423 2975
1072 3054
2079 473
4688 1830
1885 1304
808 1992
2693 2678
3241 431
1378 3027
836 2366
2562 2041
2337 2413
4206 662
4154 2646
3046 3002
4372 2149
3731 1052
111 3118
3225 2891
2863 126
4051 2281
1527 4274
2203 2139
1255 952
3358 4295
2585 3309
2204 2422
308 3363
4665 3908
4532 3767
4232 4731
553 175
682 3540
2057 3705
1526 3926
1513 4168
3591 3941
4656 574
1543 26
115 145
4372 2621
4446 71
2799 4585
1203 2264
784 3110
2780 3003
2710 4940
2424 4860
2946 3067
155 797
54 1102
777 1167
3478 2480
3781 4106
2558 3029
1794 2982
2831 4725
1788 1593
281 246
3318 3361
429 3125
3626 1094
993 1297
28 96
3538 2449
3052 212
493 2924
1955 2718
4235 4328
677 4339
1839 2931
3556 4888
2719 4347
3543 1900
3390 3415
927 661
3181 2771
2451 4729
4100 4650
2 1180
3357 2925
3642 843
71 2351
1776 470
2698 1442
1752 3349
4587 3083
4854 2575
3083 1672
2730 759
2677 2172
751 3338
3939 3580
1611 191
2443 3929
2346 2039
4015 1858
334 2014
2094 3908
4719 1635
4332 4580
2519 2547
1879 1349
4643 654
1635 4372
441 4851
2294 3473
2839 2516
958 3336
2273 1399
3822 1357
4913 2560
211 2505
1885 1331
1954 1434
4575 4551
1998 2697
2174 2186
2146 1829
1399 3421
3321 3991
2291 3158
3 2829
2492 782
4054 2733
4143 2474
402 1276
3023 765
471 2172
4872 890
2324 55
2896 4956
344 2390
3643 4431
4375 1879
1778 3948
1081 3302
84 791
317 4091
2380 2381
1832 738
454 2129
2322 3991
2938 2643
4161 2861
1104 3015
310 2973
3511 2115
4966 408
717 1197
2512 3247
1954 2538
1206 352
4471 1920
3352 2762
3192 722
2482 2334
3108 4722
1124 2732
2252 52
2107 1035
1777 964
4906 3389
3107 4487
1378 3341
472 2042
1992 4426
3743 330
2018 2357
67 1026
2545 4129
3580 3151
2474 3396
2051 1818
2824 316
3605 3178
2587 827
1550 3578
1147 4599
4750 3148
4636 3291
2533 874
1296 2025
4411 4519
442 1218
1109 625
3646 4684
1489 3349
3865 4519
3170 838
1580 2935
908 528
1088 593
3311 3573
1287 3161
4010 522
2248 4340
966 1933
3424 489
4817 655
1488 3230
1030 741
738 3515
333 4017
1972 1958
1797 3116
4720 4680
3688 3571
4072 2166
2288 2456
1057 2512
3598 1629
3125 4216
3433 4599
327 1998
3090 3649
404 1987
3794 1938
4992 4488
655 1915
369 534
3139 4088
1108 3805
2161 1814
4731 279
373 955
2022 2428
4195 780
3574 3047
3582 702
3183 737
27 2624
4909 987
2661 108
213 2193
2851 853
189 1962
3702 3303
370 633
1576 2105
4332 4357
376 2142
282 3774
861 2418
2973 178
2211 2521
2333 1355
1837 322
3036 4474
698 4381
3190 723
2904 3098
3841 3340
4137 1115
2532 3373
4336 1034
4149 789
531 4449
2697 4701
3077 2654
383 4476
376 4147
2133 2262
1686 54
4015 1594
1567 204
557 455
119 784
4002 549
1591 531
2808 2417
3011 3501
2667 3812
3381 4152
3 159
503 2949
2054 1528
4294 3489
1874 3437
2693 2792
4984 1137
435 73
69 1600
4047 1190
4369 1867
355 1216
1587 1509
1615 4622
3032 4001
4089 3112
1711 4804
444 4431
786 4510
769 611
785 2944
698 860
1924 2815
2524 570
3227 2535
977 3686
3745 2835
4285 3584
2168 714
1720 1582
1016 2858
310 648
2574 2941
3840 3894
4887 2550
2694 4078
2928 2076
1692 3532
2621 1020
4316 1528
2667 703
100 3284
3694 2631
509 2020
214 4387
970 4625
3042 877
63 4186
4212 450
1479 4502
4906 3528
2876 4602
4403 4269
3499 1194
540 343
943 2005
546 4263
4028 4459
2636 4085
3859 276
4882 1060
889 654
1548 240
676 4310
2824 3403
2208 1879
2763 3593
3471 2476
3290 3308
374 708
2786 4758
1085 1773
225 697
4347 3310
4123 377
4176 4094
2084 3467
1241 2862
3047 3842
1124 3477
1841 650
3008 4129
3244 2849
1534 2192
1708 3842
3913 3789
2801 4090
4073 4301
1682 2660
2397 496
2130 3375
3078 4612
451 729
4034 1409
219 3311
2339 3143
1723 2832
3485 1197
38 3610
3090 2134
3749 3417
418 1954
3533 4669
4285 272
4988 4204
380 1387
1530 928
3168 1457
1580 2557
4867 2914
4134 1917
4083 3706
3424 698
1463 1508
1898 3646
4108 2376
3178 3960
4692 560
4545 1695
4347 3243
3436 3796
3543 2510
2177 3428
2526 1246
1200 4999
1258 276
3840 4674
2256 3567
448 989
3856 4060
1846 736
783 3528
3213 3927
1163 2714
3082 1652
4648 1315
1498 491
3405 3884
2879 2275
693 313
1517 1695
3037 442
2123 3100
3004 83
2755 2242
1564 1857
1640 4214
2193 2271
1067 2162
3275 4831
2480 3837
2796 3147
2483 4781
3746 4588
2079 1470
4934 4727
1106 1226
3608 4377
4120 1340
3561 4365
4538 1802
1957 3578
1980 1168
2705 4485
3992 1777
3342 4113
1501 3442
2989 4130
1720 3454
4871 2988
1779 1988
4515 3645
1877 593
3611 223
1469 3899
3783 435
2046 2638
3810 3396
2377 190
4085 2459
888 2330
4493 4860
1849 2362
1780 3711
2757 2397
3659 3580
1599 3491
861 4293
1919 4743
3137 1701
1052 2306
3351 3907
1660 4110
2129 2483
3308 431
2780 3592
2328 4569
2366 4416
4492 3244
670 2337
2585 3216
4576 4404
2541 1676
2066 4317
4031 1813
326 1649
1126 4910
4252 3
1470 4180
1367 1216
3798 3086
1346 3093
3219 1324
1269 1002
3281 2084
2722 3797
1239 3643
2688 4381
2622 3263
4886 3543
964 4292
3473 2772
2817 4827
1991 3885
1342 4099
