50 269 30
2382 4389 26
3736 1696 17
2318 2534 16
1839 3143 25
1584 2004 29
3513 4153 4
2675 91 23
1388 4784 22
852 2452 25
2493 4049 9
805 4042 22
1899 288 5
1035 1902 22
3177 482 13
2031 3903 27
3476 2565 27
2473 4668 19
171 4415 11
1675 1624 19
900 3481 9
3249 4837 15
1485 4116 13
4715 2710 14
4290 4500 17
747 577 16
4369 2527 16
594 2713 26
493 253 26
4007 2499 19
1429 1675 28
4090 4407 10
3841 1513 4
1311 4447 4
2886 3455 22
2408 2492 15
2602 46 3
2073 4061 5
4462 1401 27
2149 2425 7
3805 2647 11
74 1808 21
2751 2033 30
3031 3408 2
3970 1591 2
4898 4292 13
3819 495 2
1524 72 7
4974 2290 29
912 4924 4
548 1396 27
887 4256
4755 4161
2719 529
1763 1624
951 4701
2999 3741
1886 2245
2077 4725
3147 1407
2074 1587
1666 3341
4174 1031
3644 3657
4299 830
2847 2964
386 2129
2491 1554
2878 3563
2367 1134
897 2464
4785 78
4270 791
3851 2781
2717 499
1577 1311
3596 1816
2814 3152
170 2093
136 3994
2334 1105
825 768
1467 1234
2375 4294
1699 2878
4761 1674
1443 4229
3905 3317
3726 872
4789 233
1176 2258
4902 2644
289 4160
4729 3313
2199 224
728 1378
3904 4029
1892 1366
2703 1157
4355 984
3055 1213
1757 862
4679 4143
4864 4276
4847 1778
3457 4848
2677 3660
3110 1224
4797 2301
3417 270
1892 1051
4902 2675
4304 3590
2384 2991
4212 3497
521 4708
2960 3480
1452 575
1198 2001
4252 1611
4691 1925
3437 2886
713 4285
4768 4477
1979 2001
901 4258
2350 3710
2825 1334
2092 4928
27 4829
4967 2132
2724 4419
4612 4945
580 4114
1107 1172
168 2730
4856 3276
3495 4757
30 1306
4537 3383
1627 2099
3118 191
2903 600
453 2589
1331 1558
4154 1753
2041 3389
712 701
1959 2707
3046 743
3983 1503
4569 473
3112 2947
461 2652
1394 3285
4162 1912
2222 2481
3805 2878
3028 1488
4479 3510
947 1853
3227 19
182 4549
1512 4571
3403 3777
3517 1748
207 2173
2707 1972
4141 2671
2666 3141
2343 3245
1441 2607
1112 2914
3932 296
2709 3766
1878 3389
1631 2491
1711 3978
3335 870
3857 4633
13 4567
2336 422
577 1733
840 4007
1381 3087
3967 4339
1945 3569
377 3453
1599 1735
4411 1007
4595 2819
3036 502
1569 1525
350 2755
1577 583
4027 3474
1884 3343
2582 850
2676 380
3429 4224
526 4723
1555 290
3491 923
765 1945
3211 4537
3032 761
1647 903
2152 3904
1517 3837
3901 2464
741 1
1072 233
271 1460
4041 2293
222 3814
2505 340
70 2907
354 4248
502 2042
4466 1241
695 4247
3794 1123
3362 4257
3602 65
1495 2736
955 3782
2897 4407
1666 188
1030 2722
3877 452
1255 215
3774 633
3548 2188
3679 1309
4694 32
885 1879
2218 3254
903 3154
1866 3130
1593 3443
2143 4863
3165 2358
2074 3546
3574 1223
3613 1233
837 2947
55 3218
3883 4493
1825 550
464 2056
2828 762
423 3011
4065 2919
3142 1647
455 2255
2125 4035
106 143
1476 3296
2225 4998
2888 2415
1660 4099
1010 1436
1358 3111
1229 2645
1676 706
1249 816
1155 2603
1678 2015
2714 2014
2556 4486
3535 1045
798 1867
1587 122
4106 111
1206 1933
3305 4712
974 3051
486 2746
1024 1015
4793 2236
3372 1676
4141 2423
243 1733
1861 2379
3514 4151
3998 196
1778 522
2815 1973
4318 3450
2589 3109
2609 2334
3564 3688
1785 1276
1031 205
1997 4794
4528 150
1086 4294
1252 4239
1454 1868
3207 3308
3517 2709
739 4116
3742 3617
1735 26
1062 2983
4511 236
1575 3366
2533 2282
2517 2921
4966 1244
950 3841
1227 4991
1278 287
785 907
4383 3909
4410 4847
4031 2439
3407 1418
4066 1238
1951 2452
