130 472 30
299 118 10
629 19 1
202 39 7
277 432 3
652 738 9
755 164 6
658 466 7
386 961 10
995 492 5
22 577 4
672 671 1
767 138 7
740 168 1
19 117 3
218 922 9
903 641 9
657 980 1
162 183 7
139 674 5
889 870 1
574 444 7
736 560 9
913 689 9
793 566 7
659 455 10
421 39 3
856 700 10
323 949 10
561 803 7
189 575 10
675 427 1
58 772 4
853 808 3
652 242 2
963 925 6
829 352 10
658 758 1
486 921 8
324 101 8
965 387 6
277 935 6
100 97 6
796 60 3
427 602 1
332 558 7
917 473 7
686 309 6
25 165 9
412 557 7
8 279 5
966 901 6
829 359 9
904 669 3
256 259 2
961 656 3
391 244 3
85 556 4
704 377 5
262 638 2
537 867 7
615 351 1
484 38 6
866 263 2
810 191 3
640 589 6
798 417 9
509 245 4
699 509 10
45 361 9
593 704 1
484 495 8
184 572 9
735 707 6
449 442 1
914 751 2
57 242 1
32 196 7
357 271 1
286 164 9
190 162 5
35 335 2
469 288 10
612 133 8
862 898 2
925 976 8
458 48 7
455 856 2
246 600 9
603 73 3
410 714 7
863 268 3
681 485 5
913 964 6
972 419 6
427 33 9
447 578 5
624 940 9
978 929 3
800 641 8
88 853 3
502 739 1
525 956 5
60 106 10
914 617 3
468 898 6
387 677 2
141 360 4
950 343 1
887 523 4
346 238 1
93 226 9
414 709 2
87 861 10
245 425 3
469 913 10
971 590 6
42 749 7
419 908 8
442 408 4
297 974 2
660 998 4
506 940 2
18 282 8
127 44 2
79 828 7
813 844 4
47 818 4
845 555 9
220 830 10
608 41 5
965 543
650 17
629 118
245 289
313 418
307 626
634 353
267 796
538 753
182 720
377 672
164 909
782 333
47 304
481 199
297 15
576 594
502 587
343 583
614 929
565 163
536 330
704 227
553 219
414 555
895 988
121 285
204 661
409 2
71 597
919 429
242 877
103 265
49 61
93 701
934 452
706 749
229 798
793 318
777 364
807 725
547 66
390 569
711 819
437 996
364 517
807 539
20 913
441 885
193 501
577 333
892 272
47 758
138 56
243 311
838 282
195 317
567 553
933 436
725 797
270 419
686 848
854 408
869 323
958 701
7 366
837 234
250 911
411 902
345 330
648 890
602 161
819 71
394 773
232 417
798 400
471 373
944 331
705 993
951 50
980 554
381 881
229 181
743 502
436 502
987 837
860 487
686 468
90 331
250 616
723 152
324 935
419 740
569 526
26 993
553 400
380 155
870 806
157 397
948 550
457 790
835 486
647 588
300 589
506 748
420 872
152 646
86 556
243 24
101 135
910 435
736 446
760 62
8 556
864 532
438 842
580 463
242 272
362 624
779 424
39 12
966 577
381 265
526 750
829 861
906 902
433 480
598 37
752 300
706 512
201 416
601 152
222 48
346 466
46 273
711 241
313 764
965 168
508 817
388 298
254 231
767 321
77 137
221 637
50 996
258 33
323 293
592 17
498 320
742 343
153 242
549 34
668 700
74 353
102 757
64 562
601 227
57 188
528 221
500 95
317 55
849 472
625 671
408 392
600 559
79 594
75 515
928 537
748 127
854 998
982 260
572 3
860 1000
917 827
150 271
633 641
841 687
800 442
664 693
510 790
828 84
347 610
6 573
720 736
347 71
658 683
980 863
967 394
603 23
795 778
397 580
246 983
304 895
739 841
302 102
416 966
680 172
329 160
719 896
263 373
632 113
158 581
165 162
890 794
424 903
386 592
505 643
731 303
155 884
181 282
656 918
856 403
371 403
122 88
955 82
884 971
55 211
595 738
26 438
257 453
165 263
745 121
18 841
144 798
202 241
57 158
142 642
124 843
997 911
322 165
373 632
860 424
783 83
388 364
502 986
940 531
150 166
833 212
204 779
884 863
923 843
895 236
948 190
562 737
539 370
888 963
341 176
99 982
366 863
960 63
463 627
976 835
523 890
477 970
917 389
674 480
25 628
350 797
880 755
507 904
74 314
203 224
534 52
110 327
936 437
589 25
184 932
458 905
255 355
247 555
163 923
185 914
919 698
585 674
310 234
99 110
640 745
423 528
333 848
971 532
585 81
507 792
564 608
570 665
339 423
220 843
700 348
826 594
330 421
724 932
869 135
973 329
463 553
163 949
463 401
928 569
12 361
390 455
701 771
128 520
647 371
714 456
386 141
204 187
876 170
428 36
326 624
667 234
225 306
280 305
203 237
967 829
770 843
266 203
964 119
119 666
973 314
130 44
890 727
161 866
748 308
465 950
372 931
43 463
632 28
670 617
298 710
563 814
243 269
56 977
754 419
501 279
71 906
223 488
314 873
909 497
267 379
666 258
929 241
589 389
80 173
996 276
110 54
431 849
811 510
608 774
543 237
632 375
88 691
181 813
277 563
774 275
23 984
105 550
623 839
328 664
208 272
921 176
346 167
352 734
466 254
806 86
629 934
719 667
171 455
971 966
904 955
263 726
191 787
386 502
519 203
589 574
943 991
328 300
425 728
640 19
233 25
104 90
471 781
4 925
538 534
156 419
915 741
774 78
882 68
20 59
810 166
454 196
420 373
174 111
773 299
680 527
421 991
163 854
207 547
755 853
176 187
705 873
958 464
188 810
984 653
754 305
542 121
302 73
870 432
113 938
723 620
254 929
764 88
605 501
952 251
116 348
678 364
918 671
130 650
10 670
209 741
19 689
427 537
804 435
35 579
972 551
28 820
833 473
907 501
149 531
221 699
422 142
934 841
109 278
160 943
232 723
979 83
526 185
441 744
242 510
918 413
759 208
611 237
269 404
56 961
482 406
417 503
248 77
247 568
949 684
928 715
696 880
492 997
711 37
340 893
213 21
616 729
795 937
586 938
146 328
607 73
733 272
238 230
622 354
5 255
193 588
620 204
948 91
591 206
686 472
881 774
681 959
830 34
213 20
762 716
572 170
