140 2178 30
3990 2283 28
862 1215 30
4102 4815 20
3048 4099 19
3790 4688 11
791 2184 16
2231 4738 24
832 1339 30
3215 3297 17
2550 2232 22
3662 2025 20
1395 4590 6
2765 938 11
1726 2135 15
3120 914 29
2581 4598 13
1391 4426 12
48 2913 9
4239 2658 19
4401 290 14
400 363 12
571 1327 25
3926 3005 24
1420 4728 7
1075 1891 2
1865 3571 11
2280 394 11
1008 3394 1
402 2827 18
3655 3251 5
2 2784 13
730 3860 11
2388 2745 5
1548 104 23
2979 4857 2
3295 1362 27
161 4400 28
647 2104 15
3484 4954 27
4830 1477 24
1457 3951 20
982 4090 14
4922 2674 2
2375 1304 7
109 4982 20
3192 2291 13
2654 4739 6
1975 585 20
4130 3457 1
2959 2347 5
3382 4811 24
2254 3372 2
3711 136 23
1826 669 27
2860 835 9
2491 365 20
2056 1056 25
1542 4989 1
4452 1742 20
4117 3116 3
3186 845 26
1283 1918 15
1593 63 7
432 507 12
2181 1744 11
3604 3596 4
456 3851 13
2369 4873 20
2647 1753 5
4827 2825 19
4951 2542 30
2077 650 16
79 3345 10
1145 2348 21
4312 4380 29
3545 2635 19
797 997 14
4302 636 27
4811 2102 12
746 4597 25
2783 1852 5
3211 4453 4
1331 1845 2
4913 93 4
2529 2714 28
2164 2634 4
1184 1328 5
1218 3855 28
3212 1261 22
1832 951 23
4381 2353 16
2130 2414 13
2375 3983 16
2549 2002 30
3326 57 26
1611 1155 12
794 1561 8
324 2965 21
3129 1640 29
2723 188 1
302 4193 15
2192 399 12
2841 346 14
3517 2530 4
3290 395 11
44 4565 11
1151 4434 12
227 4909 15
3301 1680 17
4810 3478 18
1151 3334 16
1538 1497 18
1595 329 15
3585 4704 15
3360 4128 11
3304 3173 26
4853 1085 15
3173 4818 1
2904 3800 25
2179 3596 22
499 3334 25
2083 2528 24
3923 2948 2
455 306 22
1687 3813 22
3246 1846 27
3573 2583 2
3972 163 29
2768 3488 19
857 1064 18
1750 3080 24
164 2685 6
4148 153 28
320 2436 27
3498 2334 23
3134 2202 7
1081 1050 5
1154 4893 6
3292 2570 16
2479 2808 1
2235 4013
222 4864
1624 2378
1717 4662
2322 1098
1535 3288
2149 4065
800 3011
3615 1185
1997 378
1906 357
1256 1050
2664 406
3140 3896
1647 3343
1692 926
4601 3699
2416 3322
1706 2202
2022 387
4095 1484
4844 4190
2740 593
848 1029
3277 1417
3343 3445
4042 1288
2119 3946
1539 1787
722 4388
112 4738
2804 708
544 250
883 2416
4043 3279
422 2492
2585 4763
3902 2902
470 2580
549 2798
3717 2142
1351 1252
4887 4667
1629 3347
2536 1259
4305 3543
1187 2130
105 3099
1042 3281
1336 74
3354 2752
849 777
939 1898
1282 1076
1873 615
2660 4641
2410 3549
2434 3447
2325 716
1050 3427
2553 2606
3357 2107
4923 2927
2333 4382
4728 991
1182 187
4111 3409
1710 523
761 3556
3935 1238
1583 2080
246 1532
125 2112
1612 108
1698 4956
2054 4737
928 499
745 3395
3612 4163
1466 3545
4038 664
2209 4159
4069 812
62 2252
2378 1813
92 3074
2520 4137
2471 1470
4696 4143
1461 1522
3390 306
3234 114
3166 3265
1529 4408
3682 1682
766 3554
4453 4119
473 2917
2895 4463
4740 654
603 2554
3807 1480
1826 1405
3512 2296
2548 2416
2532 2936
2245 1039
547 3202
1962 3901
2779 4897
1549 754
174 4616
2100 173
4730 2665
308 1466
2214 985
188 1079
2005 1235
1520 983
104 818
3241 3470
4850 3506
964 2307
157 3851
4485 745
1743 3787
1897 3641
4410 596
1525 2371
1664 2930
4322 3054
3151 350
3792 3820
2107 4147
1796 610
119 2605
4962 1476
3912 2970
2893 4333
3838 2752
3746 2156
2504 4331
3631 1247
884 1442
46 757
4041 2382
3865 2599
59 3551
2431 3166
4748 4359
699 3510
3883 106
2003 3835
4145 4261
2123 4538
4016 1168
1735 74
1671 140
3544 18
794 184
3532 1313
1868 3715
4122 749
1313 390
4645 4334
2039 29
4413 2660
1111 2668
2919 4013
2115 2120
626 3278
965 3569
1661 889
2246 879
1065 3311
2683 1306
3510 3748
1958 375
1047 365
3863 373
3752 1933
2188 2065
1973 2552
1460 3491
3287 720
2185 4681
3303 4575
1785 1576
2242 1091
1297 3252
1998 3310
3559 1279
844 3470
2644 4957
1983 4355
174 1702
1380 4589
4197 2877
1239 1856
247 765
1361 2975
4425 1145
4064 1533
1407 3156
484 854
4189 4891
2987 3509
3141 2011
1013 2497
1415 1110
4635 3635
3437 3424
1792 2994
3679 1303
2316 2018
3321 470
4819 975
1245 315
2912 926
4442 633
2256 900
2855 3598
4833 1897
1024 3786
3020 1317
4392 1551
640 1758
979 2122
4357 3431
3643 906
3959 2076
2176 1021
2968 1776
4368 4095
3519 2271
3902 420
3064 2318
355 4073
3532 4135
1380 3535
359 740
3102 333
3625 1735
162 2920
511 917
3222 3176
619 4150
1533 4874
1598 4889
3424 3665
4353 4081
3012 4229
4843 4124
592 4015
4976 1889
4769 566
4607 820
4180 143
517 1853
1823 1683
2923 4638
717 398
2518 4755
3522 1371
4846 4094
4318 4603
1854 871
1025 3211
4674 2742
4941 4154
2012 1171
2518 791
3262 509
2718 4940
144 3636
3409 2728
3014 4125
3888 2970
4682 4436
4249 4654
262 141
4360 2436
1204 3748
4750 960
3627 2122
1651 2259
3601 2080
2654 3769
2943 3216
4239 2881
643 4359
4323 4574
1135 2747
2456 3410
2245 325
3507 4002
443 3038
3582 2592
1045 4597
4831 4523
2678 2253
3736 1823
1612 1711
4693 460
4733 1690
4737 188
4339 3440
4896 845
3553 2264
620 1212
3024 4265
2830 3569
2132 2417
669 309
4466 3177
532 3303
1855 3596
2667 1339
2658 2136
3420 826
1776 2527
900 2743
4626 4894
1901 1322
2704 2516
4376 2421
3221 822
1765 2284
656 965
2135 3976
264 3562
2173 868
469 766
163 4041
2955 3639
3904 1921
534 3338
1897 1948
2209 1356
2346 2362
976 2138
3377 4574
2775 4114
184 2157
2205 1672
1033 31
1089 53
382 4851
1705 4056
218 460
3938 937
1056 4261
983 3194
2441 3501
3685 4380
1127 1033
3367 2896
3938 4076
2824 1540
2342 4866
4205 4177
2210 1002
533 4037
2417 4422
4795 3295
981 595
2132 1683
3374 1220
111 4409
1717 4872
518 4466
2187 3648
258 445
3892 4921
3878 4291
1314 1097
3987 2325
3853 3307
1686 1899
1890 2830
4508 4691
3986 1285
1073 3284
4184 3780
3004 122
398 1839
4212 4074
2578 980
2535 3292
4432 20
3963 1481
3884 1749
1525 3320
205 3487
3441 626
592 4097
3186 1593
94 1130
3130 726
954 911
927 3588
1510 4143
1443 1145
137 3473
2068 1611
123 3464
4867 4829
626 1263
3758 4520
476 2012
2060 361
2606 1988
4754 1841
2880 965
3774 2821
3017 579
2856 4319
1706 4330
483 409
220 1162
1470 802
4755 4070
1287 4921
11 2365
2486 875
3681 917
1264 4577
4741 2387
1767 1848
144 701
2604 1415
3393 4486
3994 944
4858 526
838 1559
2319 3728
3727 4413
3020 1113
1962 4667
2637 2828
1382 1070
3370 2499
3384 455
4700 3596
2385 4648
897 1041
4994 1626
1829 3760
1326 2749
1867 3785
3192 3982
2067 3590
3069 1682
4180 3655
2701 3615
3037 2943
3015 378
3710 1882
4074 1480
4312 4552
4310 1617
4098 4749
291 617
4093 1081
836 1221
2602 3042
4210 4784
4266 1788
4185 4272
1819 3288
4402 44
3842 2738
4645 3098
1199 4103
598 3181
4892 299
4479 711
4288 1002
3278 3989
4884 3687
4573 1313
2207 2004
3167 1635
3950 4406
4827 4869
1117 944
183 1998
1551 4365
4062 1132
4311 173
3898 3761
4874 4525
4023 1528
1446 3338
3401 4572
778 4345
4399 1023
2758 532
4306 3473
707 2321
770 2348
1647 107
2468 1558
1918 3103
4125 250
4175 1100
2859 4217
4557 4202
4186 1988
1576 2994
4556 28
4826 3821
257 4022
252 124
457 427
3567 2871
366 3310
1757 4740
2101 4471
2107 1863
3106 2388
215 655
3297 3370
3386 3639
221 1217
1124 2630
3731 4003
2901 1317
1217 2065
4004 207
1263 953
4770 681
2926 267
39 2166
4778 304
2251 480
1212 4310
1874 1683
2202 502
1456 344
356 4652
2632 1531
1928 4976
2170 4034
2214 3747
3162 2552
1366 2372
1080 1417
2532 4332
2006 4294
546 2678
2712 4992
4943 1477
940 3893
4447 33
4825 2042
2412 510
1152 3562
2132 2102
3969 2543
579 4631
3669 634
4106 4152
1814 63
2696 4688
4527 697
1516 1033
164 1097
2304 4897
1799 1039
265 1089
4075 3513
3645 4576
4739 2925
1387 3302
2183 611
3417 4936
1632 2876
2071 2897
367 2736
3368 2033
165 193
4619 1675
1741 1026
3557 4370
491 2468
4370 3711
1796 1665
4828 2195
3720 1655
1152 2305
3825 3705
2350 4035
4699 3829
1126 3538
2451 4083
1313 1146
2076 2475
3447 1675
2387 1012
3732 4160
4100 4647
3117 3030
1478 2576
4394 3834
4476 4534
3073 1726
827 2257
4235 2569
4156 2315
3123 655
1425 282
3235 2757
3905 799
1480 2514
4491 1508
1542 174
1798 3038
1085 1693
500 2810
839 746
4928 3106
4638 4306
1667 2931
817 1272
1473 1638
2661 239
1719 1691
2948 2399
3088 3658
389 852
80 71
1278 3922
4105 681
3118 1585
662 1827
2656 324
3033 438
2035 2596
3467 869
24 2229
1306 3914
4679 3830
1757 3532
2308 1046
1644 1127
718 4817
2725 687
2214 1857
1345 718
2137 4867
4132 3587
3143 1831
583 2300
1200 1912
1115 2444
1959 1303
3299 4022
1146 60
88 1406
3746 4173
2117 4597
3165 4311
1365 3300
4361 1288
3853 3960
4702 3536
4136 1617
4898 872
3939 1593
798 4903
2935 3690
4914 4622
4999 1097
2625 1267
4513 2859
379 1677
3899 3686
2209 2451
2513 4334
567 3209
197 2715
114 4252
1145 3297
3588 4829
987 4648
4802 2376
4047 538
3818 2216
802 2360
3690 3688
2215 2663
2838 3716
779 475
1127 2079
3484 1178
521 1748
3232 1577
2799 2623
1275 4176
4953 1144
4887 2542
1684 3522
572 1300
2578 2669
2179 3225
2116 2808
1043 3604
4476 2458
357 906
3070 204
2641 4438
4959 1181
4263 1470
2412 489
1232 495
2053 4174
405 1516
112 2012
2034 3017
3513 2293
302 2239
2908 2576
3854 3957
2677 3830
4566 4429
4834 1693
4460 439
4001 4300
3703 26
3629 3908
1856 699
4995 106
1531 4182
322 646
657 3703
4207 3049
964 3225
4684 1511
3941 1736
2861 2970
115 1973
3160 2128
4 1317
2764 931
4623 1994
3914 202
4711 4743
3783 2692
4847 1235
2116 2258
4145 2857
4134 773
621 3473
3406 1742
4604 286
4616 2910
2313 239
2132 3132
2245 4371
3096 2753
4653 750
178 4605
1625 4051
1248 2280
5000 16
1000 3580
836 4513
3813 2200
4502 4623
2172 1584
1264 2307
4770 2298
4146 2673
2498 3165
4634 102
2592 3336
4947 1345
4738 4199
807 3148
1220 3570
2646 945
228 434
1744 1508
2192 1269
939 4528
3910 949
748 240
2053 1702
4182 3663
1763 4426
2698 2460
544 2083
4183 3995
2133 438
178 4340
2956 1296
249 213
2342 4277
3252 1485
4655 3355
214 1594
3450 3624
3313 1885
3095 2050
4590 2029
2718 3036
2226 292
4840 4826
4305 3020
1003 3437
3215 4559
4234 2217
1461 1424
1381 185
1301 3223
393 952
2941 3430
3406 3333
3758 646
2368 3827
1865 2441
4202 2823
2216 2276
2722 4065
4487 1911
2163 3823
3580 3616
228 1519
620 4985
863 1829
620 1009
3172 2399
2146 3370
2065 4771
3904 2057
4536 602
1808 2424
550 2283
4749 2116
4003 1652
1531 3434
1650 1760
2652 3453
560 367
2000 4290
2627 2390
924 3856
3477 2172
2689 1203
3579 3280
213 154
82 1495
4737 1037
2878 3871
431 4708
4544 4106
59 3515
3230 4901
1432 555
1582 4778
2873 34
4421 1519
4486 2192
2464 4441
1586 4573
746 2834
3986 4595
631 2758
1319 1044
968 939
4946 813
1015 1338
1812 2676
2401 781
3276 2709
2538 4227
3334 3665
1942 1974
2111 4619
3047 3468
2200 1635
599 1136
4255 1231
3586 3409
3841 4459
4591 3876
969 356
2275 1425
4563 3205
4560 69
924 3869
4164 3815
1586 3462
3392 3328
1349 823
3448 102
4719 2557
444 1381
1982 1426
93 2657
3695 3837
833 4288
4377 1631
4402 812
4565 1222
3130 3899
1023 323
609 2915
135 4249
3755 3912
3637 2999
4463 2704
523 3731
4284 882
3531 47
4932 2001
1004 1493
3359 1387
3080 2213
915 4697
991 1228
3664 1685
169 1697
982 2841
3487 4899
2628 3965
2476 3312
3718 1060
1543 56
452 3961
3786 2375
1673 2344
653 57
770 173
2369 1134
4463 3294
1305 1389
3111 1640
4520 2030
2612 717
4538 2986
419 2955
1911 2900
1705 2976
3800 702
1879 3115
57 2628
4522 3690
4374 516
2239 2186
2767 3256
2648 546
1383 601
1214 4426
4915 700
4293 1914
3878 1065
522 139
2515 4202
1956 4857
893 3263
3895 3351
3801 1845
77 3843
4876 4862
4843 1242
640 1803
269 4100
2859 352
2343 2815
2966 3401
4685 4743
4498 787
3104 3219
359 1624
1690 3540
3750 2499
4707 2185
4700 2394
82 2089
4632 1064
4058 4965
2696 4779
2882 1923
3072 963
2042 694
2664 1359
1139 675
2119 567
4458 4252
2159 3819
3438 4063
3971 2988
1697 4858
1944 3427
3223 440
2356 3446
1362 65
1487 2862
341 2578
280 4729
3674 3038
1984 4748
3797 1238
4987 2190
2483 2733
3252 4497
20 608
1351 4651
1330 4970
4170 3721
1709 1600
948 61
3771 3562
4008 3278
2172 1280
940 4052
3117 3504
4047 4131
720 2079
1916 3563
4650 1022
3770 181
4314 1235
82 263
3943 3007
357 4772
2256 232
3396 2324
3002 1040
388 2742
5 2518
1327 1479
535 1991
657 68
3194 1032
874 4825
638 1238
396 4883
3961 358
1081 1113
3586 3536
1671 4231
1892 649
2146 1640
3433 4100
4054 211
3461 4684
2741 956
2852 3968
4041 4188
1916 3623
3625 3268
1959 2276
4029 1522
3314 4072
4702 2022
349 1336
3129 1521
530 554
3878 2544
2537 1148
4784 420
1855 2953
428 2622
3470 1290
4743 2651
4262 4623
3996 4154
2174 1086
69 2112
54 2043
2242 559
1315 650
849 1652
3672 3827
876 1354
217 3602
3010 149
4965 1941
2799 487
2827 1921
3454 4550
978 1348
388 3755
2035 2999
1033 2047
1788 3471
1095 1144
2625 3636
2074 4957
3972 850
63 3466
1919 3808
2181 329
1933 3134
935 1215
979 1148
1033 629
2297 653
124 635
1852 715
895 1118
1762 1068
2288 4545
1674 3163
86 3406
234 4352
1544 2620
3712 2530
3546 2961
2327 3109
3687 2355
1138 1390
2848 2268
4483 1921
1583 4535
2950 1621
4014 4082
1655 3931
2479 4402
875 317
532 2770
1971 49
3409 4714
4713 3443
3328 646
4096 2030
3752 3216
3644 1287
2076 3081
225 2002
3702 3160
1213 4982
3071 3352
2804 1806
4118 3447
2568 737
135 4239
3782 4838
1376 1824
1696 3726
303 1509
153 3744
4398 1123
2956 3670
2979 270
392 4263
198 1949
172 1161
4210 4243
1210 540
2576 2030
3714 1574
4055 2384
2922 1120
3585 3178
681 742
2163 1851
2287 934
45 884
3295 910
976 2481
1859 887
2930 792
4631 1181
4933 1246
971 4761
143 4689
524 399
1374 657
3095 1834
3390 2220
3653 4347
2239 2995
4106 645
3720 2894
4721 4986
1752 3596
1412 786
1858 4727
296 4069
3576 1412
4336 592
276 491
3974 4030
648 930
1673 181
1150 2629
2966 471
4671 756
3977 3903
708 3388
2643 1628
2797 759
892 1275
44 1703
4071 513
3343 1584
3578 2089
4904 1244
2727 1419
1274 403
2310 1592
833 4543
3879 4930
1274 2370
723 2135
111 379
48 941
1592 559
4833 3601
1981 3507
812 3121
2006 3716
3862 3628
4096 4055
3424 3808
103 26
597 4807
262 3727
2700 4206
4157 4852
4120 1016
3530 842
3554 2534
1663 4820
2180 1685
1341 4103
1907 4122
416 1741
69 1039
733 3879
1710 3486
2853 2664
2341 1445
2846 4603
4576 272
1747 4738
3487 2454
60 1193
3873 3246
1382 3833
2491 3831
1779 834
2381 1061
3862 2339
114 2327
3893 554
3000 328
3544 1456
4882 2765
1069 377
1931 2518
14 4026
4083 4629
2240 3306
163 2194
238 3760
3837 2661
2876 1996
1839 4414
1535 3557
1050 961
3159 4319
3369 402
1932 3677
4888 4899
3959 4490
4724 743
3424 3361
1225 4311
3350 2843
4787 1349
3506 3612
4400 2879
4231 2343
1679 2859
4587 2517
2031 4366
2459 4259
1569 3770
3193 1089
2830 256
1313 3579
929 4479
4938 1986
2983 4049
4824 1954
2310 4734
1593 2194
4059 1346
250 4408
1331 4354
3723 3386
1019 203
3499 1173
949 3833
1346 1621
1599 3996
1674 4886
4107 2664
1951 3522
2818 4153
4296 3812
1191 4859
2672 346
71 2367
4787 4559
4912 365
4609 2044
3496 3781
3794 4648
3447 850
2194 1049
2102 481
2862 4447
2625 3832
252 2888
414 4105
1698 4390
4763 4512
4656 4360
4316 3544
1499 3546
2951 2007
541 3557
3080 3880
1212 673
4905 1197
177 4205
2167 5
2831 165
4209 4784
781 2107
925 1146
2410 1069
1702 883
3484 3670
3539 915
1122 2673
2436 4953
3589 4579
706 2080
3590 4900
361 1234
3320 1906
2469 2276
2601 1379
1832 3969
1231 2148
4760 556
4713 489
3962 3804
1642 4857
1879 46
4121 414
1326 2112
487 3887
920 878
544 3949
147 4363
1168 896
2278 2820
667 1408
3096 1055
599 341
2826 487
2649 3794
2040 2673
932 4731
1106 2018
3025 4709
1018 4875
1966 2136
421 2318
2448 2082
4475 3109
3455 3344
4128 4108
2823 2313
3139 870
4956 233
4547 2507
1979 211
3259 3468
4323 458
54 2811
4944 2470
4296 3371
152 157
4373 2993
1134 120
4307 1725
4560 3531
2418 2423
3131 439
2323 1235
2696 1787
3708 2613
573 2736
3974 991
2340 4346
1665 2214
2264 2896
2482 4114
3232 4159
149 3549
3480 962
2633 1521
3116 4656
2379 1102
328 4153
1093 3166
1316 1683
413 1956
3346 4998
1405 25
1198 54
3221 3876
3256 877
951 4194
2545 2926
4561 3882
2613 4808
839 314
679 2616
136 4415
573 4520
4091 808
284 2970
435 3259
1391 626
3974 264
1536 4121
1053 4763
3961 4961
1884 926
3241 2427
3910 3955
1629 3790
323 2052
1036 2086
91 1826
3968 1606
53 440
4223 4129
310 3063
1285 2806
3836 3584
1850 863
1073 643
1350 678
1396 3765
1321 778
4640 349
1795 1326
4962 1689
4158 2150
786 1965
3456 1177
1176 4307
4419 2202
4589 4262
794 3586
2773 2584
3211 1379
763 1399
1403 4977
595 4435
2597 1528
3566 2547
823 4136
4781 3009
883 4895
4654 3187
1778 4684
3585 2237
2805 1888
1400 4386
3558 3853
2234 4013
3952 4844
2087 3019
1562 1006
832 4545
1481 2806
3359 998
606 3512
3146 3718
2675 2761
3103 974
1339 605
2461 4467
2245 591
1659 4103
4825 2598
2956 3421
215 2268
2657 4821
417 4261
2109 4520
4932 605
4630 2247
1215 1245
2338 2230
366 1897
3223 4796
3584 3090
4077 1235
4101 1070
3938 2561
4376 788
3183 1823
4613 1305
3692 4611
4815 1279
795 2503
2076 1526
1665 1960
4349 285
427 1210
1975 1977
4365 2347
244 881
69 2851
982 1726
555 866
4345 4892
1164 625
3808 4234
4490 3958
3853 903
1657 2769
3428 1777
2178 797
3041 1574
1693 474
83 1140
202 3615
2695 2439
4143 1889
1878 4096
1811 2864
3922 4036
2754 868
3251 3558
1870 22
819 816
3123 1100
3998 3262
1047 1177
972 1787
1152 261
1344 387
369 963
4842 1541
1997 3911
3332 716
3214 3400
4891 2795
4298 4740
645 2530
441 4986
3993 1592
852 3103
4288 2521
1153 797
3908 3402
1625 3573
2076 1881
2177 1532
3511 1236
1692 3478
3699 4328
4909 1509
2486 1151
3360 2100
2146 2848
1029 2507
4534 4089
2822 1426
4216 4058
3327 3952
3326 1332
2991 2584
1906 871
2801 3306
3032 3971
2338 2307
2510 2521
3130 1911
4522 2181
1876 2852
1926 650
3944 2000
1681 2922
2454 1142
1535 3863
2663 3961
3741 4147
3538 1562
86 3500
4778 2321
3257 4152
829 2965
3357 3239
3775 4277
3865 1699
2286 913
3032 2775
1150 4145
2747 974
224 1902
3036 4391
3170 4993
3491 4589
3573 3138
741 4420
31 1261
2122 2622
3807 872
4967 3674
2630 1647
1284 445
2224 1590
418 1769
2045 4936
2589 4458
2654 2354
4200 2073
2356 2818
3992 3220
477 2267
3583 2716
2437 4804
3158 4033
3526 1257
4573 3628
3575 2646
2585 2126
3260 1851
4645 287
4930 722
4457 512
293 1784
2108 4305
3336 4181
4272 3499
643 3077
4345 4774
1076 3403
4318 4358
4688 4446
648 1558
3770 4631
1370 1929
1173 1087
4049 3429
4037 3207
2130 3203
205 2173
4345 2090
4177 2572
2183 4067
3302 2862
1594 3694
3159 4910
1215 1150
3863 596
1334 1634
223 4602
3198 3779
2300 3544
3388 4125
2010 1625
39 3769
797 1261
3648 2394
321 2426
2844 1727
4830 4524
853 2826
3027 2412
1413 115
1710 577
397 4064
1554 3708
79 2640
1216 3605
4579 2024
3696 4201
4588 397
4622 1882
2153 4695
1824 662
4595 4787
1350 4104
2317 4231
1593 4945
2049 1594
4924 82
224 3753
359 4984
3748 1574
2413 4418
128 3797
1848 787
1970 1927
1452 4747
3972 3043
3879 1267
4619 808
1723 93
3386 2396
4205 3321
364 4289
240 3108
807 1814
621 57
609 4006
1118 1633
4422 4723
314 4516
4367 1636
1018 4814
4830 3731
3714 3397
3152 1514
1655 804
4955 3570
3357 4030
4935 1
1573 4716
2121 1588
312 550
2974 1478
1218 3217
4728 1313
1684 1340
239 232
407 1169
3718 588
4475 1037
1411 2494
2161 4355
3752 4360
1924 4335
4587 4507
3501 3413
2772 4826
3155 3534
642 2494
947 4638
4442 247
422 2788
2393 3693
702 4649
4427 3426
2694 2649
8 1574
1912 3193
1959 1086
4339 3363
2255 1463
635 4539
4225 3242
2703 4363
1520 1573
2112 2567
4908 4850
338 4836
1463 211
1669 4254
1661 370
1649 4430
660 733
2928 2286
2673 2239
903 2613
4524 698
3196 3652
3706 2804
695 4234
4060 704
118 4530
305 1662
1822 563
3496 4877
145 346
2282 1964
4558 4189
82 225
3089 1980
3098 1227
2256 201
939 1728
3542 671
1070 4953
457 3296
2138 3686
2688 3139
2734 1756
2781 4438
30 2632
1616 4168
1805 871
1887 1062
3045 2228
4176 4615
4041 1221
2781 3489
4292 2057
1161 4738
1337 2648
2831 1423
4450 3716
86 3722
2550 1879
3105 3584
1948 4742
649 3652
2692 3656
4428 4704
3014 4155
125 1847
1021 502
1137 2167
888 4833
4217 3862
1344 3409
2703 2534
1234 3300
3445 2648
3215 852
2878 2468
3901 542
814 2590
3146 493
3856 1977
511 247
4931 3825
1352 2692
4940 2892
4207 2882
4596 1928
2243 4431
3544 2455
2516 2176
2149 782
4367 1406
4211 2714
2269 465
3844 4974
778 4418
728 1365
106 3017
803 3564
2306 3271
4382 661
952 799
2530 3391
4485 2597
2045 3294
4383 1370
4898 3792
2918 2663
1338 1964
421 3626
2608 183
2881 4358
3796 3857
3908 222
3506 4990
1567 4273
3146 1134
1783 2029
44 489
1222 4664
84 4396
441 3611
1992 2265
2818 3407
3945 614
3986 3783
1782 325
1864 4524
3240 2322
3093 1930
4266 1692
4267 3795
2731 2504
2756 2709
447 400
2620 1678
1506 4271
254 4786
636 3157
2310 159
3249 3865
662 2975
2687 3061
3905 3419
2652 4877
3437 3699
2888 539
3103 3393
2902 2288
1085 1355
4789 3783
2272 1840
442 4977
4678 4261
1081 3684
661 3433
1909 555
4695 908
4385 404
2266 4609
3229 3200
1346 895
718 4652
3875 4340
653 1519
3570 658
4809 1636
2413 4838
4802 4630
146 3350
4391 3
1242 2891
4973 791
1564 4000
3707 1138
434 1515
243 107
2950 1933
3738 4429
1733 3363
1479 627
2776 2409
3432 4186
1501 4969
133 3061
2156 3098
2560 151
2907 3739
1860 1173
2019 2715
2342 1835
1929 499
3151 4345
4751 2322
4253 3569
4136 2278
813 109
4099 2408
4150 1212
1031 579
3776 2661
4273 4077
3762 4809
2860 1993
11 4764
1741 2202
1541 4822
3771 1051
341 1183
3533 3261
571 374
3428 2989
4967 1472
1437 846
1485 4705
104 1091
4700 1206
343 3779
3663 255
2709 2457
3830 643
3247 2506
3419 1827
323 4658
3857 405
986 3248
3671 2815
3156 1268
3418 480
2442 3338
4110 635
1407 3051
3646 1376
930 386
1865 4620
745 2060
91 4665
1102 1656
686 2969
423 1278
1772 86
4128 647
4674 3756
3431 1648
3919 4220
92 1893
3472 2611
4301 3837
382 3877
4151 3760
4026 3465
1405 1268
1719 4492
1498 4653
1885 4561
2572 691
3620 2364
502 3828
2885 3276
4060 3392
4757 2033
4434 4801
4736 689
3379 765
1972 4008
3360 1061
3340 3592
4551 3759
2850 1740
4341 2436
675 4589
3689 4867
522 4908
3188 193
3649 3508
1801 4616
4937 1001
512 2224
1196 1274
617 2955
475 2552
1399 659
2122 3644
870 1376
2917 4258
479 4187
256 420
3253 906
2690 1630
1548 3328
2718 4804
4697 570
4929 4037
368 1407
1262 1145
3939 4806
4476 3059
2975 4601
3920 3967
3275 441
4234 2727
4532 2495
4831 4610
3202 3891
1368 1493
1994 3331
3971 4363
3607 1269
4401 4358
4951 4265
4270 925
4238 2026
2687 4921
4525 4782
1978 3260
3146 2361
3909 239
2266 3738
3201 3717
3758 4154
1921 2889
4505 4675
3393 2940
1366 3100
2682 882
3325 378
265 4289
1004 1183
3421 3227
436 1305
3725 3411
4899 4729
2253 1989
1579 2158
346 4039
1520 433
3331 680
472 3117
1373 2764
2785 1672
3825 4590
2819 261
3782 1480
4561 1329
4748 1703
1147 4017
2725 2338
1240 1997
997 1808
1286 1884
4140 3229
2804 1465
2985 1775
2181 2048
1365 2082
183 3229
1526 3219
1698 4698
739 2040
387 1613
837 424
1430 860
4544 2285
1974 4310
1124 716
2724 4449
2534 3565
921 220
1191 1175
3220 989
3896 2450
3879 1718
1127 456
3655 1134
4857 2438
2457 479
1219 1677
1226 4025
4197 1273
741 2613
320 2689
4652 543
3716 1139
4616 2233
3993 4643
2542 2826
4414 4812
1952 3521
1309 2087
4525 1462
3237 4046
1378 2078
2460 824
2452 39
804 55
4908 3960
469 1684
1482 2350
3849 945
2465 4095
930 2529
1165 4555
4199 128
2827 2363
3720 1901
2618 3711
2086 2224
2050 2363
2863 24
291 3824
1233 828
3442 1250
3120 163
2160 1188
1351 1417
39 1504
1343 511
1345 1582
