30 290 30
214 110 4
576 570 9
411 884 7
197 405 5
855 463 30
844 414 5
631 76 30
773 590 13
599 931 8
279 505 25
864 634 8
558 346 29
401 419 24
643 818 27
767 541 1
545 707 23
761 994 2
972 382 1
831 546 7
442 947 19
244 327 2
719 396 23
652 507 18
295 195 22
55 667 9
835 736 22
327 998 1
46 748 24
771 984 30
680 955 6
474 418
294 108
736 951
281 683
827 740
288 358
73 54
909 922
792 700
142 457
392 733
88 569
658 668
963 471
164 106
35 421
933 268
460 436
96 496
369 20
878 643
503 433
5 482
567 298
558 411
210 976
417 15
276 515
821 699
587 630
890 114
414 441
339 83
49 216
330 954
780 810
766 363
191 401
846 387
464 194
21 920
817 797
559 67
272 479
589 912
878 6
963 754
100 932
921 315
33 408
102 286
886 933
720 965
16 650
260 501
183 497
710 946
189 504
915 591
361 274
352 702
129 745
307 721
723 795
306 868
156 678
273 941
54 184
413 808
909 415
85 843
49 248
551 860
5 508
950 323
274 806
271 914
255 91
117 921
292 669
78 939
325 552
956 918
165 634
854 796
847 584
263 273
601 267
364 461
890 92
837 2
920 175
294 888
760 131
61 190
549 920
320 842
255 561
225 4
205 64
580 158
205 258
807 908
781 231
454 421
163 718
789 201
779 926
355 634
236 17
938 862
128 495
763 680
576 562
223 241
51 357
486 639
874 467
665 688
193 770
678 790
121 937
450 262
185 825
121 340
313 18
557 394
722 190
174 451
967 851
72 743
107 156
563 499
640 560
327 384
858 482
660 541
990 968
760 284
399 919
605 294
661 741
432 191
84 210
557 57
387 609
988 818
439 25
659 554
716 475
637 605
534 884
256 755
815 39
820 799
32 375
33 18
918 372
342 282
564 711
274 519
76 906
797 164
514 224
665 741
653 403
633 849
225 668
768 288
790 547
742 5
584 921
262 757
9 792
987 852
618 381
563 851
846 704
886 540
174 857
787 492
334 718
973 800
946 931
861 843
871 177
242 95
260 403
168 974
253 193
98 585
254 25
736 948
500 233
863 901
612 844
120 308
624 258
526 938
305 194
206 625
580 227
493 255
870 509
342 3
245 681
88 604
721 723
883 636
301 238
720 313
26 357
523 84
323 172
92 692
425 468
967 724
963 430
775 744
953 280
387 139
388 543
667 626
461 586
11 777
503 152
976 57
924 143
442 736
921 876
205 982
421 566
767 183
706 192
30 836
848 549
386 282
748 176
548 510
6 519
519 152
976 818
843 182
591 422
998 770
380 661
157 53
833 318
680 446
497 588
192 103
622 549
138 291
361 448
646 809
664 929
618 894
914 543
666 367
430 398
296 843
908 178
80 953
935 958
695 373
56 431
778 818
364 367
769 516
170 996
971 693
373 818
602 930
485 770
557 462
89 80
719 843
862 369
410 838
261 9
125 16
525 505
1 178
998 684
905 574
506 569
111 785
536 143
161 608
63 457
