120 246 5
280 668 5
657 741 4
766 681 4
658 248 2
845 283 2
36 720 3
674 380 1
534 752 2
185 110 3
158 660 3
198 468 5
340 901 2
706 774 4
752 791 5
17 696 1
856 274 4
878 319 1
628 7 3
820 286 2
632 335 5
975 548 3
259 989 1
770 377 5
350 126 3
483 362 2
750 802 1
723 819 2
8 509 4
888 344 5
901 307 1
986 461 3
90 485 2
283 489 3
959 710 5
728 944 1
134 341 5
945 616 5
545 994 5
32 545 3
436 558 5
681 932 3
119 588 2
709 110 1
451 557 3
727 395 2
356 984 4
676 802 3
885 657 1
486 129 3
956 497 1
409 275 4
954 219 4
421 811 4
365 881 5
736 567 1
668 859 1
997 880 2
175 977 3
432 198 5
617 521 2
807 776 3
402 601 5
802 546 4
733 910 3
295 538 5
887 790 1
574 865 2
658 349 5
544 478 2
511 55 4
327 312 4
147 934 4
450 825 5
30 369 2
266 924 5
614 552 5
828 7 4
959 311 4
12 597 4
496 359 1
244 161 4
118 160 5
19 333 4
338 950 1
581 260 2
280 18 3
529 375 1
928 171 5
949 291 1
991 3 3
61 730 4
695 418 5
289 341 4
894 75 5
57 130 1
74 898 4
648 252 3
274 774 5
608 846 1
170 642 4
375 217 4
259 568 2
477 292 2
625 721 1
937 3 1
292 544 4
135 738 5
712 268 2
530 948 1
994 990 3
746 628 1
707 543 3
288 12 5
259 33 1
913 411 1
259 4 3
478 294 5
296 129 3
770 691 3
736 366 1
746 170
851 584
602 421
785 849
883 986
777 932
167 136
450 737
16 262
383 660
269 368
125 965
12 356
553 575
330 130
149 843
960 478
776 819
750 131
665 414
170 968
363 173
882 872
131 206
623 554
680 442
350 895
54 915
902 436
69 316
961 649
758 119
875 656
96 273
108 622
66 177
316 916
283 969
483 557
917 103
835 863
293 528
927 841
894 835
992 13
839 590
510 336
592 517
322 413
955 272
419 277
296 588
667 753
752 407
316 593
187 521
784 247
185 119
117 899
993 966
731 239
181 117
492 839
400 493
15 473
937 355
420 21
73 778
61 347
768 156
154 353
855 70
53 188
682 760
97 132
914 905
847 901
695 490
468 742
772 754
700 618
115 180
809 249
870 316
457 79
198 724
509 383
382 729
89 584
879 765
800 337
834 343
447 503
20 361
742 161
551 795
538 233
687 49
389 76
957 815
888 606
140 711
857 416
263 338
679 219
677 141
565 425
214 561
98 165
419 575
139 683
340 339
94 484
368 847
202 908
893 52
642 242
96 881
410 121
875 921
933 276
260 295
911 347
681 961
677 593
898 1
609 599
197 369
227 417
641 353
189 78
318 690
275 735
398 842
688 460
442 316
761 298
249 866
666 211
389 105
68 86
177 34
668 975
871 928
627 795
562 147
113 917
91 167
568 854
82 686
239 65
502 941
953 907
287 754
140 776
83 564
667 929
847 827
941 283
114 878
504 745
20 417
96 917
910 638
187 712
628 896
485 521
106 673
804 620
579 429
330 378
384 967
791 758
81 272
338 597
298 650
518 208
135 525
413 804
112 478
73 959
590 363
7 604
787 957
362 778
998 518
799 813
364 221
706 121
705 943
591 501
767 644
549 475
112 685
295 331
431 806
323 745
696 670
109 489
44 111
122 416
101 684
329 569
774 739
656 112
453 627
754 744
651 784
152 662
262 369
989 717
97 602
546 486
973 394
938 18
145 641
540 386
17 452
841 107
895 930
786 714
946 756
47 187
197 17
189 185
798 612
747 617
467 53
937 829
840 836
586 2
505 15
887 284
353 507
116 425
517 277
78 636
971 939
320 34
805 681
264 722
438 821
508 840
676 144
57 672
302 928
