90 1014 30
487 97 3
54 44 8
168 500 8
327 93 14
193 195 1
12 347 16
419 332 29
138 133 5
436 222 11
201 51 1
179 10 28
212 51 16
268 92 15
296 36 25
262 307 6
335 385 10
426 186 20
402 252 26
317 126 6
71 349 4
287 111 30
195 355 10
407 354 16
117 74 2
319 106 8
297 272 7
164 98 13
488 26 17
25 175 30
4 411 6
64 208 13
363 156 22
280 270 18
278 78 7
441 163 25
229 51 27
59 223 16
257 141 29
9 487 21
43 84 20
410 443 29
455 159 9
229 224 30
278 354 18
324 135 26
429 229 19
419 94 12
311 397 1
20 500 27
278 357 4
214 162 5
393 438 23
96 236 21
471 482 17
201 304 17
252 248 26
164 295 21
324 409 12
163 311 27
456 142 11
127 238 24
254 413 28
339 415 2
432 81 28
490 468 7
154 480 25
310 79 13
176 279 6
121 435 15
282 81 29
264 273 23
50 216 28
138 119 10
37 159 24
194 193 8
315 126 24
257 286 24
121 166 27
465 198 16
62 470 8
232 20 19
251 246 23
348 303 16
417 94 21
446 203 25
304 309 20
227 439 29
159 96 18
341 250 11
12 168 25
26 3
101 411
211 117
141 243
333 39
277 288
290 45
216 170
273 67
86 42
328 112
292 500
245 263
186 175
23 241
251 316
239 108
467 134
343 42
81 268
392 453
149 151
345 275
122 161
428 78
295 398
488 381
130 336
345 463
6 224
101 418
152 9
375 90
190 500
40 278
60 15
6 203
163 51
290 491
125 190
383 316
109 135
289 324
390 315
209 173
365 407
222 51
282 213
45 48
9 80
426 127
383 403
264 160
139 302
85 267
354 147
270 460
459 434
289 406
286 340
180 482
320 148
451 338
470 271
449 196
71 399
371 308
359 252
82 493
298 401
271 170
311 417
202 13
219 313
297 323
210 228
146 22
290 331
289 327
124 156
158 231
20 361
115 190
64 393
348 90
31 233
22 65
152 183
295 262
84 125
136 42
175 71
474 332
59 21
483 193
347 14
437 157
195 125
236 347
28 479
26 399
26 280
313 356
237 7
324 327
209 370
309 374
101 138
279 427
495 143
485 275
187 325
375 162
456 288
262 422
360 486
295 231
193 409
324 361
422 478
111 206
189 93
237 388
381 127
302 333
399 134
414 336
66 188
174 23
5 74
368 345
181 326
199 416
386 439
10 394
66 114
369 482
481 136
67 473
87 214
15 267
413 139
70 291
423 88
281 90
273 486
278 44
179 289
277 389
246 281
326 266
3 201
370 29
75 278
268 276
292 32
444 254
78 229
65 100
63 91
323 15
176 443
320 76
19 321
445 303
338 255
315 484
133 96
326 364
169 4
179 151
165 101
31 97
93 198
41 371
104 170
388 356
1 93
132 248
385 101
397 320
13 22
295 416
470 399
105 249
235 488
376 231
453 141
83 4
487 352
203 174
468 65
166 295
174 137
437 268
180 491
274 5
436 310
451 295
22 415
155 288
457 18
413 151
32 128
264 67
379 374
347 32
106 194
292 294
394 427
31 7
330 370
53 373
159 117
333 335
136 334
210 7
402 376
295 288
366 188
293 234
416 344
16 139
394 28
383 275
97 400
120 194
24 498
160 289
66 33
275 152
334 91
144 377
242 200
224 490
400 130
481 250
418 40
97 118
151 409
219 493
3 108
334 435
67 209
437 183
364 352
418 153
480 487
219 471
122 315
229 52
105 431
395 220
137 427
175 348
193 87
87 235
276 398
76 84
450 384
414 448
218 439
323 447
71 141
1 196
169 267
47 75
67 348
58 92
131 235
362 293
410 193
478 226
134 292
53 415
266 177
301 44
393 480
57 448
208 333
379 121
236 303
180 276
24 216
339 209
75 274
79 259
51 407
285 148
406 402
24 86
198 213
419 235
437 299
172 310
40 433
417 395
182 335
90 315
301 391
271 149
443 386
159 426
83 499
473 42
449 46
24 500
254 243
163 316
392 266
384 243
142 399
417 106
142 154
232 148
374 220
203 45
251 493
335 39
308 266
329 159
453 448
491 383
263 411
245 136
458 78
487 418
370 57
273 396
30 45
277 422
217 18
149 131
328 33
491 166
359 492
416 334
213 208
170 435
457 493
154 177
488 384
424 386
81 444
445 208
256 68
93 124
372 271
22 365
153 362
476 162
337 242
19 436
491 355
193 114
277 190
73 255
427 19
439 471
471 43
153 442
350 64
305 185
31 38
481 281
80 491
147 215
144 264
6 141
486 370
298 308
130 201
426 266
38 169
408 173
311 199
457 353
490 229
198 74
297 469
256 94
485 112
93 467
84 158
435 461
241 443
261 494
191 412
138 216
190 474
47 483
475 24
325 453
20 369
115 93
129 42
388 413
187 112
154 461
412 138
140 16
297 263
338 105
448 435
239 235
31 427
228 63
272 273
301 151
450 407
125 294
403 473
159 329
417 11
500 177
308 243
264 459
71 296
480 300
15 214
291 79
439 416
79 62
376 13
283 423
24 489
174 332
314 387
1 5
382 194
181 371
402 400
474 328
431 239
11 78
186 351
121 411
83 351
426 196
220 375
235 163
92 185
295 77
225 217
64 245
39 118
419 442
372 450
341 476
146 358
50 324
490 451
122 374
156 59
466 4
4 327
130 431
299 153
440 467
313 106
248 421
233 451
271 165
109 335
494 11
310 395
396 60
207 41
372 269
411 217
105 401
223 267
97 68
471 359
418 417
373 400
454 219
426 406
435 449
263 475
336 8
10 137
113 51
262 52
166 446
155 101
297 260
87 68
481 294
2 73
2 71
222 334
171 160
394 360
341 41
187 300
190 106
154 446
252 135
202 242
281 300
136 410
113 424
186 36
402 145
407 273
33 21
441 157
306 221
107 272
201 493
373 90
85 251
259 409
493 490
148 54
451 436
227 340
471 379
61 447
125 172
144 481
238 242
289 307
150 89
416 139
231 251
14 394
166 331
309 417
460 95
110 127
9 137
34 253
310 230
483 195
489 258
338 117
145 438
338 86
234 44
471 30
370 395
276 432
214 243
244 118
238 459
234 16
258 480
185 234
269 330
286 82
416 254
21 349
127 499
60 490
142 391
102 328
164 149
131 285
33 482
211 184
313 50
149 291
344 188
218 8
37 17
253 280
409 142
363 358
333 76
266 234
311 495
158 5
394 90
215 406
312 102
387 499
37 486
300 56
164 146
305 288
340 282
484 134
423 342
185 324
11 400
347 165
423 215
209 396
11 64
386 296
375 44
426 350
372 142
177 306
346 395
375 359
61 315
360 469
42 298
170 441
292 200
218 118
187 407
498 230
432 150
38 199
44 463
308 55
478 88
88 321
236 83
387 476
120 336
184 389
266 496
218 172
370 6
41 39
142 482
135 370
95 310
458 479
88 139
237 357
75 59
402 397
164 143
378 25
388 374
373 232
248 320
118 128
465 3
198 123
249 58
262 58
72 479
42 258
351 413
85 375
265 68
257 107
274 414
116 56
183 240
350 183
290 402
393 175
347 389
367 113
264 468
283 95
350 189
293 106
381 459
334 377
191 190
147 129
443 180
455 86
160 153
76 460
448 124
388 126
87 102
49 270
140 331
70 406
193 128
204 497
424 267
186 454
494 433
242 66
389 95
64 316
319 350
4 308
474 449
38 151
429 184
82 473
189 338
183 219
8 322
498 425
230 269
366 38
464 62
299 237
287 237
215 321
223 155
43 378
247 63
62 140
371 15
165 98
459 182
257 224
50 219
75 308
7 20
28 98
426 311
433 491
202 76
199 344
355 497
138 47
361 61
486 381
118 380
322 345
63 93
172 267
441 355
26 140
37 75
358 59
384 398
425 400
218 117
278 478
329 65
426 2
276 458
468 104
50 357
61 474
14 296
420 142
15 376
492 326
476 244
100 162
260 37
235 18
323 326
251 245
122 217
164 402
322 75
446 492
317 424
193 65
294 468
255 364
110 274
313 173
85 411
100 192
432 183
127 40
44 190
317 383
99 57
33 398
368 387
379 160
162 367
290 249
435 293
123 276
2 113
114 246
29 340
277 233
238 130
349 487
78 174
411 395
313 210
246 336
470 124
17 37
115 138
278 152
14 61
166 74
455 250
416 122
1 45
477 28
124 325
124 276
74 452
144 339
9 190
144 142
189 491
483 348
25 106
84 57
136 407
154 225
201 370
82 415
416 14
303 54
441 363
285 372
15 327
491 440
388 77
16 34
127 407
67 185
372 138
383 270
433 340
217 367
86 86
78 465
105 227
298 144
169 438
259 226
445 277
290 38
362 445
448 394
123 144
189 500
219 109
70 64
382 120
316 493
273 133
318 291
177 422
19 249
371 414
23 45
93 391
7 385
9 138
438 90
332 441
319 67
286 336
60 444
459 4
165 326
159 386
130 49
17 42
348 472
331 213
296 329
386 32
426 64
149 430
267 134
140 179
7 19
148 254
17 416
56 305
134 345
22 38
274 234
492 368
302 245
372 54
286 199
455 17
492 74
163 256
65 218
171 12
263 185
69 446
204 417
119 494
193 471
274 363
480 216
364 250
463 274
490 375
410 457
52 479
218 107
354 262
351 366
267 363
97 212
267 227
351 157
353 96
188 36
373 476
11 469
114 487
477 20
43 188
413 450
252 153
12 462
62 35
243 435
370 283
20 141
497 114
238 283
22 169
243 373
430 19
86 331
390 388
75 383
451 414
115 415
453 237
84 257
259 471
346 422
435 101
4 458
480 206
86 153
471 182
274 378
434 369
131 129
150 406
5 433
287 489
421 410
53 31
496 487
13 120
105 5
110 352
9 126
25 53
166 416
8 450
72 257
269 398
362 33
49 407
260 99
208 72
340 218
389 147
3 34
206 151
284 116
133 200
227 382
8 109
338 434
170 307
350 216
65 324
456 475
263 88
425 379
339 199
375 367
399 257
417 122
464 439
282 349
357 494
299 184
44 436
458 15
323 299
52 423
50 419
263 155
273 427
54 281
394 14
125 360
388 161
61 243
239 164
99 422
194 145
140 273
385 239
373 422
419 145
276 299
137 198
394 396
450 452
454 370
436 450
455 488
17 97
316 108
250 332
373 328
288 18
146 300
449 426
269 223
56 344
248 201
418 425
260 400
36 396
17 411
443 260
203 396
183 361
213 248
