150 296 5
385 756 1
998 515 3
279 381 4
235 966 1
814 266 5
405 155 3
392 913 4
599 564 4
174 929 4
858 18 1
595 741 2
345 934 2
568 892 4
832 355 5
795 972 1
384 871 3
200 145 2
394 686 5
958 342 3
161 227 3
747 9 2
31 299 2
837 850 2
51 67 1
420 499 1
431 689 1
981 737 3
124 297 4
232 799 3
844 367 5
865 71 1
144 942 1
141 133 5
237 49 1
205 423 2
681 232 5
179 647 2
246 993 4
87 251 4
480 961 1
934 52 3
357 513 5
346 119 5
646 629 3
663 705 2
789 880 3
565 906 5
645 551 2
668 97 4
965 934 2
460 687 2
798 794 4
462 741 1
491 785 1
49 176 1
667 630 2
782 8 3
674 128 4
445 166 4
708 102 3
347 502 4
429 836 4
772 410 1
622 541 4
497 499 3
15 362 3
230 381 2
966 561 5
513 468 1
830 796 2
799 459 2
180 453 2
806 363 3
405 983 1
662 917 3
23 192 5
227 464 3
948 545 5
808 727 3
192 19 5
33 104 5
944 370 4
454 12 1
480 610 1
937 745 4
133 593 3
553 174 4
789 12 3
767 813 3
303 764 1
111 547 2
947 761 2
245 137 2
556 774 5
426 27 3
25 824 2
495 443 4
915 364 2
725 657 5
530 747 2
700 460 4
279 921 4
86 332 5
801 282 5
469 820 1
812 605 3
776 537 1
591 146 2
389 202 3
126 279 1
640 488 4
738 384 1
510 765 3
876 763 1
62 484 4
771 475 5
768 620 4
536 142 5
22 667 3
276 125 5
427 700 1
759 64 3
402 179 5
767 402 3
623 264 4
152 989 3
920 523 4
296 992 3
321 821 2
973 889 4
380 596 3
618 850 3
803 140 3
436 170 3
628 268 1
822 112 4
753 164 5
360 609 1
303 753 5
457 592 3
974 490 4
155 306 2
831 774 3
344 214 2
744 58 2
79 807 2
835 949 2
491 643 2
47 797 4
819 612 5
366 286
484 173
652 581
17 955
412 670
260 334
358 824
535 129
729 742
232 27
508 100
4 583
87 200
145 24
58 220
22 344
756 405
111 910
832 245
340 609
878 471
750 291
9 136
753 844
415 201
496 711
279 194
503 312
480 494
897 262
990 642
723 328
302 288
555 620
148 512
96 407
628 273
17 916
201 96
383 877
802 643
894 365
892 366
92 530
925 66
339 843
288 996
540 673
943 458
206 804
292 913
443 865
504 804
218 347
835 92
391 594
776 283
980 245
509 184
714 143
359 234
352 313
987 467
20 306
490 885
651 153
836 643
109 165
769 569
868 225
801 942
729 363
910 350
943 91
666 583
991 354
714 863
846 631
308 535
611 634
151 26
433 346
130 389
976 399
904 894
818 835
574 483
804 555
666 824
449 750
534 400
714 176
201 813
687 25
829 451
278 638
933 441
96 681
665 690
393 635
983 681
331 287
657 995
207 664
849 25
608 75
865 939
116 621
72 19
828 457
230 953
970 508
293 900
901 601
582 851
226 542
377 168
557 821
854 755
395 486
509 280
95 378
913 902
814 810
797 223
140 748
405 689
553 939
772 586
746 412
296 754
573 993
797 381
876 16
364 153
680 660
941 427
22 699
490 978
373 26
677 425
896 233
397 290
288 868
188 630
492 3
687 598
223 717
278 977
614 56
46 653
420 94
516 662
348 910
990 24
573 102
147 422
505 989
116 125
706 127
461 566
765 603
489 406
126 826
230 885
768 986
757 78
267 119
987 827
374 63
585 409
984 625
879 116
319 868
754 370
567 853
660 938
136 346
245 63
958 772
604 539
655 431
45 522
265 82
209 922
209 301
570 268
343 275
821 742
880 819
621 23
175 143
280 535
821 217
505 959
755 140
444 105
223 702
944 286
282 332
314 776
824 102
123 904
725 955
442 89
969 180
601 295
212 614
491 99
596 642
855 357
935 668
760 834
976 638
567 442
369 180
981 508
127 908
673 441
57 451
595 670
63 398
588 271
120 304
404 674
132 961
545 240
667 308
252 984
917 75
150 658
579 94
590 474
21 851
152 996
845 910
857 913
868 848
636 127
974 214
684 98
531 208
237 956
332 126
833 965
133 684
585 432
61 196
825 299
671 980
475 828
535 156
509 99
343 241
332 987
49 41
732 146
75 268
784 859
516 671
202 940
925 158
717 221
155 648
817 550
658 930
587 295
4 378
675 162
836 862
842 625
716 983
718 871
420 848
19 829
362 737
459 549
178 276
765 468
119 178
438 317
527 529
651 382
800 439
844 960
945 413
139 531
38 197
771 837
632 39
39 459
902 782
315 245
666 691
872 340
134 319
