20 188 30
4345 1825 2
108 3540 7
1379 3358 25
3773 3929 28
4335 3994 20
4814 1565 5
1708 4270 5
1931 3010 21
2368 1270 6
211 4231 12
1325 728 7
3767 171 20
1103 89 7
2433 1416 22
755 2473 15
4505 774 4
4209 2525 7
1204 765 27
2254 4741 14
2858 1198 27
3894 2846
1314 3456
549 912
445 3712
2905 2811
44 4469
3905 4294
4485 3098
4753 2665
218 3286
2034 4681
167 810
2895 1758
374 2352
4311 1881
2760 1463
22 4747
4073 3624
4240 656
683 1467
1891 4798
1290 3451
4496 2863
403 2918
593 3659
3708 4587
1139 3563
368 2030
386 3415
1693 701
1944 111
297 1508
3147 4146
4354 2356
2873 4830
2157 3830
3484 3282
3112 2134
4312 2248
3255 3757
4849 3618
1265 1320
1827 2919
4812 3445
3795 560
2485 1003
3699 3698
207 3193
206 4527
3600 1499
1937 251
2329 4941
2078 3565
3365 1698
4327 678
242 2528
1271 2827
4464 3087
4780 3456
2759 4837
1765 1432
1203 3311
1864 4647
3553 2546
335 2073
2837 4005
3683 1943
1922 637
2007 4055
1532 649
1667 4799
3747 2028
4427 3224
4629 3359
3138 1263
2341 279
1336 1364
4068 2827
4482 152
303 2505
846 4962
3010 1725
863 4785
4824 2434
1546 4367
4132 4925
362 3711
321 1438
3034 156
2767 3967
2912 568
3090 3584
1790 3994
4516 2757
553 943
1753 3404
1403 2056
178 3702
2096 1579
102 1497
2529 258
621 3021
1357 3612
1422 3082
2049 2635
3167 2259
283 1731
688 7
2496 4591
2709 1648
1757 3741
2251 219
4312 947
2079 4875
1191 1823
4988 4948
4114 4816
3669 1523
3708 456
2974 1153
955 2072
1264 4585
3810 2622
4182 1896
1539 4603
3918 1390
1505 3321
690 4289
4668 672
579 1838
4191 1142
4585 178
805 4838
2183 448
1127 1782
203 468
3675 3033
831 215
2607 4022
362 4860
3130 1081
1575 3102
3509 2008
2049 683
153 3566
1654 1668
3281 485
2171 3215
4076 1464
450 4668
712 305
4348 1675
4526 191
3139 1249
533 1356
3612 4896
1131 1573
2588 783
1838 2091
4572 2082
2388 375
70 1198
398 2850
48 2445
1797 3519
2543 4322
4383 3598
4074 4870
553 404
4745 1427
298 4573
268 198
952 3624
1421 483
3848 2376
1539 497
4659 1400
2626 4716
275 130
438 1151
3659 2347
1891 3613
4519 3423
536 2989
883 3885
570 4519
32 1369
739 3621
