120 1208 30
529 433 21
599 892 29
597 984 22
928 206 9
409 706 1
598 72 13
432 675 9
321 26 11
566 388 25
26 932 3
702 159 14
279 445 29
693 479 24
236 216 19
101 663 23
129 204 28
727 766 19
623 125 7
539 67 3
382 270 13
207 416 29
741 973 27
853 279 17
339 371 8
219 725 6
878 397 8
807 105 27
394 53 2
803 996 24
509 135 26
817 895 7
917 107 25
208 262 3
574 305 6
857 138 5
210 818 11
844 256 6
130 438 24
117 492 14
956 20 14
147 75 23
335 588 12
7 229 3
252 388 25
664 363 1
428 608 19
931 370 11
550 452 21
528 772 2
432 898 16
43 56 4
973 64 12
172 653 19
332 198 16
352 190 14
104 453 18
113 931 9
770 917 1
598 618 8
752 979 17
498 184 24
835 452 24
831 613 21
75 995 25
492 169 17
55 732 2
875 402 6
68 52 15
743 768 22
195 878 13
415 84 14
844 864 12
791 56 13
993 351 30
461 920 5
705 333 6
106 433 2
163 104 16
586 897 27
243 577 27
994 341 29
745 238 11
422 252 21
448 58 29
40 66 3
830 243 22
926 840 28
873 80 22
408 186 11
338 467 8
928 806 14
931 617 9
275 166 8
529 646 3
74 239 8
767 3 23
746 343 16
434 622 29
452 635 6
958 122 9
491 800 2
555 485 17
535 401 19
545 915 9
18 946 28
946 759 8
499 638 17
347 120 16
392 876 22
731 707 20
419 723 27
677 973 3
204 84 7
191 503 8
651 613 23
79 587 7
837 476 16
463 146 27
25 427 15
533 957 28
607 425
514 713
670 309
611 921
57 968
186 989
382 419
513 789
650 120
815 999
57 687
942 220
13 420
25 101
687 995
977 217
376 657
537 257
974 419
614 159
738 649
475 9
340 163
638 933
307 835
524 979
500 571
897 325
923 640
881 263
692 926
366 663
165 339
267 497
386 360
480 992
868 53
897 87
628 730
388 96
336 265
966 588
912 572
998 492
387 736
368 580
609 582
506 286
678 557
232 390
747 995
75 450
158 531
746 979
648 495
708 322
914 739
442 838
584 961
764 310
132 453
198 172
128 118
822 841
986 249
382 267
570 37
595 976
593 294
930 138
624 49
713 329
71 389
277 132
407 628
948 877
654 991
344 772
584 806
573 613
260 835
212 3
293 137
768 84
378 27
552 543
249 489
491 537
470 424
208 33
767 317
632 663
556 653
858 674
313 158
134 983
842 462
218 801
546 652
664 314
710 866
294 351
470 16
286 107
111 291
212 78
337 129
162 547
651 845
564 53
916 718
939 612
172 361
883 965
201 539
916 126
589 265
874 992
960 358
372 148
485 457
274 304
778 395
194 89
232 815
349 271
674 419
526 719
182 198
190 996
943 408
193 844
951 533
573 109
806 866
894 945
585 452
164 124
607 565
524 500
719 89
987 64
440 840
145 771
912 470
388 912
826 968
346 15
915 467
500 591
260 599
200 73
319 285
516 403
127 500
78 339
251 859
610 798
573 795
226 939
983 110
607 982
564 584
575 462
805 922
751 838
468 475
848 903
373 391
209 797
693 633
486 658
822 351
637 193
410 726
469 861
34 970
594 335
52 269
752 178
510 179
187 46
622 546
926 365
185 454
238 687
194 590
579 43
845 859
902 233
65 548
506 907
426 197
976 846
386 944
965 755
67 835
346 808
242 884
959 670
194 927
388 490
853 510
134 271
291 570
809 831
224 17
178 804
714 619
282 318
782 72
369 191
826 224
675 995
968 847
33 285
118 534
432 665
855 17
595 284
992 808
73 720
843 568
156 174
777 193
628 826
707 512
270 650
599 821
994 138
237 190
735 434
94 20
633 146
811 113
814 871
955 364
497 882
78 162
186 536
378 524
294 893
900 365
718 987
535 70
893 492
838 633
962 9
173 302
292 401
647 602
771 888
877 325
793 894
906 865
530 900
173 283
937 131
628 45
205 917
809 615
20 125
627 765
935 21
168 433
142 664
493 586
743 137
634 906
374 272
915 532
224 330
454 305
298 983
599 526
901 731
787 203
590 235
384 494
894 680
891 22
18 161
999 526
442 234
521 322
565 328
344 147
550 580
492 121
382 357
403 54
524 424
654 352
363 361
932 10
975 988
460 920
969 273
443 477
713 48
125 347
801 732
274 835
836 975
428 279
488 624
123 72
418 287
717 503
313 888
554 602
393 596
935 78
268 128
846 614
619 835
396 538
945 384
114 271
497 339
406 308
657 593
426 331
931 710
642 648
207 625
318 251
481 334
136 818
777 49
217 94
226 122
657 715
451 816
325 733
611 998
235 596
5 186
4 955
203 62
76 853
70 201
504 94
881 248
411 131
102 981
686 867
318 285
758 990
641 441
24 105
554 864
330 960
705 562
142 210
407 287
227 100
239 12
71 393
405 971
459 338
663 407
524 395
576 199
994 212
751 129
529 243
878 263
983 69
389 788
622 913
446 169
874 959
822 383
732 708
324 680
248 321
340 930
697 741
725 335
302 705
250 206
60 70
752 31
334 668
657 453
839 518
744 900
160 994
946 949
796 823
699 569
812 22
805 68
263 353
705 291
178 857
421 539
834 361
945 859
95 950
395 696
611 485
703 879
231 728
296 423
196 602
427 350
671 39
126 15
519 288
849 785
779 814
194 521
230 982
148 918
907 6
941 212
875 951
965 384
520 650
419 165
222 661
458 133
491 891
27 582
560 887
403 825
312 493
753 605
708 835
899 341
304 140
161 939
621 520
314 998
64 714
42 897
29 324
273 942
476 525
445 57
985 27
629 791
540 254
143 13
659 577
313 750
123 834
154 150
586 333
665 725
509 192
308 302
73 41
903 633
567 419
223 448
618 239
174 903
156 992
569 692
299 820
545 402
773 717
818 333
489 141
779 625
349 345
289 463
134 453
245 797
94 904
148 758
806 846
765 575
767 341
456 698
950 331
910 490
757 101
965 906
274 825
37 646
847 296
991 427
351 805
465 402
754 590
626 122
584 36
671 512
805 495
262 846
788 896
793 940
729 458
676 87
268 156
53 546
844 422
434 378
674 177
750 666
681 913
912 750
974 482
863 890
306 46
805 499
788 370
965 359
486 409
675 117
560 857
697 58
883 963
417 24
520 761
305 278
111 989
59 980
682 821
311 693
313 858
468 144
159 817
402 12
106 52
975 565
773 135
386 779
456 190
217 822
985 794
136 589
64 261
255 378
828 538
254 286
706 339
144 208
885 736
580 113
329 939
372 888
844 802
848 690
857 972
4 890
978 65
915 36
601 986
706 341
777 603
189 970
39 339
250 649
757 448
556 832
238 622
204 333
249 157
722 363
647 665
902 401
713 785
76 620
885 599
299 93
295 577
643 630
217 214
555 846
921 616
129 699
167 140
611 334
381 850
612 439
453 328
838 574
446 243
899 591
561 27
923 930
345 813
924 831
568 486
884 290
706 500
206 582
2 17
473 283
927 5
134 811
500 789
402 857
520 514
472 447
911 619
885 711
692 19
185 219
657 107
144 50
377 539
822 547
830 947
845 2
837 933
90 977
175 485
446 213
740 908
337 828
924 822
273 49
497 411
401 402
269 955
884 194
433 974
980 568
163 77
958 685
315 899
851 615
832 171
66 653
954 972
464 911
203 698
496 717
746 758
579 884
331 370
697 639
730 503
727 687
947 395
419 431
642 598
841 39
484 838
488 825
689 775
656 779
538 492
439 199
365 980
703 177
396 389
637 248
227 398
288 409
815 787
111 805
860 473
867 739
885 10
328 99
450 662
293 303
665 986
348 560
305 724
8 782
276 446
752 716
927 428
708 906
433 470
833 721
40 7
260 857
181 659
776 380
909 634
536 799
368 622
434 876
581 60
882 165
50 915
608 314
107 128
263 560
910 140
521 693
415 552
980 75
494 359
436 674
79 338
922 961
197 469
437 263
351 109
749 870
210 72
13 938
246 772
288 818
210 851
109 698
401 590
857 137
225 869
549 299
751 453
817 557
920 193
730 721
635 842
331 94
680 615
631 91
485 879
86 799
54 94
202 170
820 915
191 799
660 178
756 731
251 702
64 762
989 568
799 370
206 381
795 835
862 801
856 19
266 528
6 542
786 406
471 713
220 143
782 911
278 732
302 820
153 157
529 771
519 456
579 965
107 210
324 266
778 113
519 335
489 863
968 909
520 120
962 191
893 386
925 342
949 481
340 356
80 113
527 768
64 758
597 314
89 201
423 831
448 41
263 329
587 894
474 571
649 626
529 858
587 329
262 557
194 25
39 988
54 847
651 440
628 744
910 574
413 136
316 199
397 217
263 754
568 39
182 297
554 253
399 20
609 311
389 859
112 525
292 735
955 1000
318 666
443 207
258 234
518 975
817 536
140 502
516 897
500 1
737 439
652 220
142 825
62 273
79 799
58 54
440 716
277 796
643 405
761 550
717 325
819 240
730 528
590 822
427 173
542 135
246 672
944 406
613 43
193 707
817 854
454 289
317 123
134 746
892 257
225 987
193 552
745 972
493 701
749 928
899 496
136 63
705 582
652 152
79 786
145 704
410 660
759 541
75 488
364 348
832 301
508 803
244 81
730 658
64 562
588 775
142 572
488 891
374 112
145 954
568 749
842 113
595 227
723 745
974 568
331 635
807 727
108 756
217 872
309 274
735 825
819 739
540 834
260 939
793 876
955 875
757 283
700 718
603 63
954 870
164 650
331 171
939 601
579 531
211 345
907 33
172 453
206 766
652 382
988 196
103 866
22 793
884 982
604 204
64 220
762 984
985 501
366 262
596 270
500 37
296 917
120 630
961 334
122 991
216 68
83 304
823 151
507 244
759 184
365 353
89 407
402 116
509 438
274 402
896 749
490 476
598 3
988 383
44 850
764 538
526 724
360 166
892 225
52 304
684 854
837 393
153 31
889 854
846 555
494 827
267 624
298 703
29 335
373 396
283 41
957 377
503 89
52 715
658 624
26 957
794 747
99 714
436 407
920 792
794 745
48 231
295 932
29 787
968 703
748 314
441 499
705 396
304 269
593 667
598 161
962 211
875 780
378 270
221 895
167 536
770 999
662 545
330 106
690 62
505 552
428 407
901 669
332 667
493 918
488 493
189 992
223 680
909 24
113 861
998 941
710 631
45 146
632 53
686 537
948 24
557 450
775 309
962 886
238 379
690 834
149 342
791 722
147 375
147 346
425 763
636 935
475 865
82 228
230 438
16 982
341 628
310 527
443 896
259 549
701 269
866 646
734 238
226 971
275 889
657 358
95 567
395 889
518 522
853 767
148 507
875 85
389 162
966 536
70 756
109 835
329 287
778 272
757 141
127 188
928 394
744 939
579 606
119 722
629 567
249 820
759 956
420 986
139 738
19 738
526 2
677 691
344 57
211 455
927 910
606 381
993 166
944 724
734 611
274 379
221 588
212 791
339 115
940 760
761 324
878 615
100 367
16 376
40 705
985 740
405 58
282 958
391 135
151 203
143 632
127 145
219 846
147 249
819 444
226 333
856 498
282 427
281 860
65 292
54 44
119 194
533 80
467 743
146 702
788 706
386 448
444 22
79 71
690 140
106 992
748 397
705 143
199 142
528 509
290 926
689 961
500 553
553 590
390 196
362 783
230 497
798 877
101 795
948 37
31 478
494 280
630 217
108 219
543 976
636 485
828 276
103 58
989 516
77 183
497 499
344 499
369 786
676 751
288 104
54 67
473 281
119 390
20 485
269 375
263 502
628 796
825 357
942 290
311 493
8 924
993 435
425 486
358 846
193 618
307 776
488 502
726 707
65 663
983 637
566 481
505 989
717 547
335 170
313 784
112 248
423 739
235 695
251 211
52 219
969 982
915 176
701 218
863 989
662 502
192 770
130 738
739 965
885 433
143 686
792 385
598 439
272 124
630 174
79 798
823 173
943 803
717 861
992 102
320 230
716 1000
554 265
550 486
465 339
548 848
692 248
392 880
826 947
543 79
159 51
318 436
663 139
599 858
688 534
27 754
520 171
503 238
149 261
405 368
616 122
165 323
720 379
757 295
16 235
471 91
492 345
951 861
702 853
90 624
937 856
444 793
248 27
220 5
97 561
672 589
759 570
551 333
112 651
824 255
637 367
779 405
255 954
984 386
809 869
808 455
718 825
407 560
421 571
732 512
483 62
327 715
646 354
760 333
493 764
339 100
798 128
243 772
251 906
927 801
202 272
840 410
363 354
50 433
694 206
702 572
210 219
