80 170 5
526 131 1
651 45 5
445 70 3
647 391 1
667 6 5
734 231 5
370 210 3
521 565 3
158 701 4
100 531 3
4 295 1
113 433 5
226 495 5
866 399 5
723 656 4
760 316 2
492 288 3
732 666 2
653 94 1
260 615 1
31 660 2
260 601 2
158 695 1
471 687 2
395 16 4
312 3 1
372 100 5
881 671 2
807 112 2
365 619 5
85 284 2
803 352 1
354 368 4
261 452 3
95 316 5
22 446 3
241 845 4
815 15 5
473 282 5
893 614 2
255 560 5
766 545 1
810 332 2
816 126 1
864 356 1
470 811 1
325 273 4
190 185 3
168 572 4
429 362 1
495 706 5
524 760 1
4 796 2
239 57 5
26 215 2
540 842 4
885 955 4
800 285 5
158 394 2
60 814 3
513 472 5
131 225 5
595 16 3
786 859 4
536 54 4
256 453 2
459 167 4
873 587 5
613 430 4
902 631 3
572 571 4
879 663 4
320 883 2
280 939 5
493 499 3
426 29 3
184 325 3
579 7 2
872 473 5
636 642 5
577 621
604 985
150 761
381 898
84 114
382 100
804 678
929 425
257 421
82 713
360 171
267 154
510 443
266 859
436 464
674 767
125 945
715 373
32 852
984 123
191 971
457 830
828 338
383 402
743 462
911 24
842 354
9 786
340 144
284 153
561 641
54 265
415 367
572 551
995 163
663 832
447 742
274 792
278 493
936 523
83 909
341 299
984 301
44 71
425 607
670 598
558 489
784 761
582 186
1 307
178 236
20 751
549 963
474 126
237 910
663 846
906 159
216 83
584 395
92 513
6 573
559 496
148 87
586 518
428 613
723 136
357 666
915 991
789 625
666 755
450 807
273 77
700 274
110 403
471 630
422 166
364 606
287 35
237 557
537 374
915 102
943 563
826 416
151 42
448 530
380 21
76 898
877 984
489 362
349 117
240 690
916 921
290 924
822 44
133 967
649 84
100 390
851 941
498 118
53 670
335 636
662 718
398 35
353 133
514 182
70 879
254 877
602 733
789 971
324 351
311 115
511 540
794 429
872 798
502 78
379 911
775 311
666 514
621 398
976 570
414 638
118 973
43 680
688 896
503 552
298 683
285 174
665 351
552 924
176 392
370 977
488 190
742 14
492 711
751 557
379 526
170 259
993 104
811 368
895 207
680 700
390 122
147 153
12 623
793 889
520 184
956 378
787 281
116 773
733 947
735 791
725 801
887 838
580 756
285 712
170 622
889 808
426 573
879 106
332 248
562 400
968 872
402 855
361 952
510 354
916 185
297 405
892 393
585 170
256 987
