110 234 5
210 472 4
665 676 5
326 430 3
38 436 2
101 863 2
888 332 3
862 907 4
373 897 5
408 15 5
260 88 2
51 384 4
317 977 3
445 460 4
130 62 5
616 865 5
53 876 2
879 337 2
333 221 2
81 680 2
495 858 5
578 123 3
607 449 1
941 944 5
20 381 4
74 55 2
845 995 3
649 305 5
715 219 3
541 276 4
390 267 4
400 172 4
505 847 3
711 295 4
754 935 5
959 958 5
789 747 5
887 811 3
764 426 3
564 388 2
740 407 2
728 656 3
627 638 1
49 751 5
772 313 5
201 404 5
734 269 1
848 615 5
398 159 3
796 817 5
48 441 1
924 765 3
58 620 1
178 740 1
281 592 5
194 161 3
551 247 5
160 128 4
58 994 2
639 239 1
674 820 5
545 841 4
835 13 4
371 166 3
709 705 3
827 211 1
782 840 3
372 521 1
237 639 3
447 622 4
416 12 2
679 18 4
223 137 3
546 584 1
780 842 2
551 164 4
812 341 4
562 820 5
182 253 3
50 177 3
581 370 1
267 846 4
234 118 4
729 900 3
910 510 1
677 466 3
378 517 2
513 411 5
1 728 2
835 590 5
685 633 1
714 950 2
76 307 1
985 477 4
335 609 5
811 630 5
440 712 2
750 556 1
278 714 4
432 423 5
832 121 5
374 506 3
481 568 4
71 383 1
292 700 1
602 125 2
161 268 1
590 421 1
224 114 3
977 563 4
906 915 3
797 486
494 255
198 926
689 59
746 730
762 820
598 480
10 702
239 121
69 312
490 38
787 950
700 805
692 827
311 811
292 150
975 36
647 574
609 629
227 779
576 490
863 286
517 676
485 550
25 516
362 867
96 294
806 46
988 192
977 753
995 439
165 718
158 714
950 223
933 968
268 430
755 992
664 376
124 447
752 265
180 379
295 891
888 572
602 520
838 17
521 304
386 291
823 350
410 586
237 474
438 108
913 586
338 229
816 427
658 88
597 209
942 593
494 988
124 179
10 785
821 577
292 876
650 43
192 934
219 340
525 690
490 117
206 718
336 66
823 637
424 586
304 121
917 967
314 698
381 32
988 522
131 474
197 478
563 227
563 402
192 964
749 390
802 108
835 251
670 28
926 781
239 301
302 772
248 957
544 261
981 845
812 283
408 860
410 941
737 484
338 543
871 667
984 569
218 247
75 998
462 778
17 493
395 520
989 718
711 329
225 784
747 241
32 174
189 963
668 497
704 834
366 243
809 977
601 111
705 199
435 614
265 212
324 530
99 970
538 152
438 530
256 833
581 859
52 71
254 35
33 252
578 803
437 481
434 150
856 30
523 243
133 377
122 137
839 592
681 813
463 126
977 681
268 942
361 245
721 350
847 200
844 650
26 787
61 331
446 208
5 338
716 730
687 502
984 854
514 51
616 711
459 46
379 666
299 884
880 992
928 365
222 547
167 171
126 773
881 588
948 144
203 788
498 164
593 961
257 362
444 274
711 60
413 431
646 695
250 773
436 638
465 641
981 347
850 169
253 445
356 998
880 485
671 883
810 560
166 647
923 993
745 636
117 638
13 62
316 331
692 347
919 819
283 206
738 847
517 34
515 365
599 665
929 72
771 349
944 930
786 178
905 791
546 423
985 492
237 397
310 129
401 337
793 273
769 525
383 485
10 284
36 910
884 549
119 608
396 83
21 359
474 728
620 440
734 326
982 620
390 743
90 741
447 740
95 168
54 200
330 99
629 838
308 134
385 337
303 25
156 224
304 69
634 417
846 772
216 537
636 31
146 109
560 225
287 31
