20 230 30
435 368 1
365 357 22
378 420 8
154 311 20
391 477 26
197 250 22
90 241 26
229 196 21
333 427 8
221 233 3
391 243 19
247 360 22
405 197 3
151 47 18
436 180 17
309 58 18
412 186 30
393 87 12
180 368 18
219 473 30
146 281
499 448
311 351
205 107
416 323
492 404
429 489
161 492
2 295
480 130
303 192
29 126
470 36
272 282
467 62
472 397
307 404
171 103
209 48
163 299
335 464
55 384
325 281
442 132
268 325
490 410
261 383
30 169
394 355
58 406
138 214
315 372
86 183
12 467
286 263
146 499
107 491
192 431
355 292
350 68
359 40
269 191
136 118
152 421
120 104
221 279
110 438
358 419
280 257
12 198
377 490
491 113
46 72
180 77
486 276
10 344
429 416
220 482
450 467
330 21
31 425
45 201
402 174
11 406
277 369
396 93
117 291
326 282
113 50
218 17
364 378
476 58
119 65
79 240
438 292
443 138
425 312
88 44
166 369
73 37
303 479
373 51
298 10
190 403
417 301
349 165
222 358
284 439
113 21
286 80
309 492
98 298
136 337
304 150
253 382
210 53
474 133
366 445
176 429
287 345
200 169
213 489
366 103
213 328
77 313
259 101
459 165
82 95
429 15
238 109
170 103
375 145
395 364
80 285
65 260
214 350
176 82
329 499
387 464
365 168
18 221
234 313
361 384
199 46
180 28
281 458
37 2
201 374
5 447
466 31
221 306
169 369
445 197
321 458
36 408
220 401
138 417
133 448
16 381
158 9
308 410
272 369
133 481
142 153
129 337
461 93
319 409
337 158
66 166
258 426
7 235
33 284
138 252
123 9
112 82
73 271
365 190
311 311
345 174
8 484
118 114
448 309
141 265
155 39
268 471
108 163
417 312
338 7
184 420
55 208
365 268
288 374
139 78
104 484
33 137
371 302
360 85
22 43
233 339
183 476
73 386
89 59
338 53
231 201
459 488
497 159
81 273
7 326
257 172
239 336
186 14
182 146
11 118
276 271
243 463
30 154
355 221
477 49
144 132
298 226
205 289
500 426
106 405
403 43
359 155
38 227
498 350
207 497
11 254
315 441
193 71
476 371
492 303
301 434
315 152
303 432
295 324
464 97
460 160
74 367
398 221
395 398
366 488
350 476
249 366
158 396
116 227
492 267
231 261
276 355
