10 126 30
4896 2164 23
2156 3403 12
3657 387 30
4366 2227 23
3757 2919 6
3182 4695 2
2615 3855 7
1452 1521 13
1693 1967 2
3436 3230 6
678 2984
447 4743
3349 2577
2271 1442
3643 199
3688 3787
3035 2198
4934 3696
3368 635
1059 700
1858 3036
866 1949
3458 3747
446 2177
3875 542
3653 4724
3196 2479
2738 1824
1307 356
1954 3021
4193 3530
112 4473
3639 728
3173 4317
2105 1507
2390 435
575 4271
677 1785
1801 4117
4634 4961
34 1398
1371 3016
4254 1480
2335 4518
4948 2048
3905 3272
1195 4736
3721 157
2965 4793
1811 1422
4309 1738
3299 2723
3620 3423
1359 1329
4843 1222
1921 632
2932 1822
1161 4099
1986 95
1148 4741
1887 4344
4028 4620
4260 688
2641 336
1555 4879
1673 792
2440 28
1813 2179
590 727
3546 3058
3612 2383
3871 2456
2601 3597
66 4465
446 3672
4193 1977
3408 2961
1793 4768
3644 3557
2761 3339
1058 4981
4663 351
3413 831
1778 4631
4455 985
1448 1270
2019 3094
3633 1774
4206 3986
618 4009
3310 526
4674 331
1258 1129
1820 3157
4293 2828
442 1282
1049 2064
889 3919
258 315
3864 3492
178 283
4042 213
1511 4984
3959 1726
1432 452
2277 2426
3770 4094
4095 976
3774 2261
4094 4812
11 216
2968 4077
2436 203
1733 2461
1888 3446
1322 2206
4552 4593
1821 2398
973 4923
2910 4254
3800 1051
3434 22
1506 2718
1040 4749
2934 2100
1554 979
814 1982
2022 161
890 4364
3000 1186
2299 4275
4160 2271
223 3152
3086 326
137 312
3937 2422
