30 62 5
158 743 5
976 489 4
36 350 3
865 654 5
799 645 4
73 735 4
680 169 1
817 607 1
658 720 2
780 417 2
263 117 2
999 639 4
435 565 2
985 73 3
290 238 1
527 549 5
365 837 5
824 556 3
444 922 2
790 129 3
290 440 2
860 905 4
239 197 5
373 299 1
684 938 5
893 725 1
818 337 3
566 575 2
986 137 3
668 323 5
455 861
905 399
362 162
640 220
926 275
839 352
73 32
450 488
491 42
596 913
919 917
546 532
938 70
170 552
381 35
309 74
334 44
65 653
332 494
876 257
105 848
484 260
391 236
895 239
279 589
732 127
531 843
912 82
585 544
204 611
931 235
126 103
393 259
9 261
97 508
987 438
984 970
652 518
32 966
982 609
238 578
867 789
196 57
169 185
155 447
449 381
255 429
649 325
43 10
593 646
520 736
601 34
905 557
326 828
280 459
627 792
483 577
945 399
546 874
869 385
711 30
181 485
