90 1383 30
1587 4650 25
838 1950 14
3973 2293 3
2956 456 9
1050 117 15
2909 2641 5
4635 1284 21
1871 4777 26
2150 945 17
3781 3332 7
3318 305 11
1299 4334 19
3667 851 13
2387 621 10
4310 404 17
4270 3632 16
4941 3837 27
2669 3910 2
4984 2683 28
539 2389 4
1284 4754 6
698 2214 16
1122 467 28
4304 791 25
4836 4336 2
4670 4213 1
4189 874 14
4223 153 22
2584 1818 30
3526 4935 18
3432 3040 28
857 51 25
1388 4147 9
4136 4927 28
3543 4080 24
3912 3110 1
1987 1242 13
1535 2851 2
3715 4840 17
141 3345 24
1211 4974 14
2514 2282 22
2761 1833 30
2300 808 15
4319 3567 14
2500 1841 3
3194 3785 25
3992 1535 15
3029 3311 19
267 3808 6
4605 85 7
4885 1029 8
1918 3389 24
1700 2278 1
3047 1387 4
3587 3749 2
558 4334 19
4938 2756 24
4270 102 29
4094 1930 8
491 3963 16
4121 3048 12
3149 1867 16
1427 1742 5
1512 1737 30
2176 1847 21
2176 971 27
3754 1267 25
754 1941 28
3575 1365 20
1266 2854 6
3574 1627 4
2175 1999 8
1667 4455 14
4868 1170 16
2519 4229 30
1555 1737 1
2884 1262 29
3327 3984 8
722 470 9
2885 4068 21
4418 1643 15
3490 1301 17
2960 2617 12
4331 4388 22
307 4687 5
3667 1450 1
918 1535 19
3505 440 8
4174 2872 25
657 2597
3723 4235
4998 2816
3464 4448
3720 1022
2933 3672
2142 4707
4139 1090
3051 1211
831 1525
2405 4818
691 1023
695 3978
3831 4031
3283 2948
1705 4931
1758 2224
2446 505
2640 4904
2667 63
1269 912
489 1690
2362 3270
4447 2787
3747 2803
4209 2206
639 4869
9 934
173 2096
3284 1327
4599 3487
1930 2133
1173 655
405 2783
680 3298
77 1528
723 2528
2795 871
584 2921
1661 2643
703 4160
1738 3417
2754 4266
4332 3684
3807 4882
2700 1376
4018 82
2729 2110
3436 2263
906 2196
3529 2296
3523 295
2785 875
3012 3441
676 3989
191 3425
4326 2433
1453 1789
4934 2264
1199 1297
3527 1832
3771 3560
2134 45
1822 2014
377 1203
4632 4762
1570 3562
995 1819
1223 3484
4861 4906
1145 936
957 3388
4187 1193
4950 2705
1891 4228
453 3289
4449 3210
1179 1726
4551 3411
2002 2510
2496 3529
498 2508
3383 4065
1322 2855
834 4711
557 237
344 1362
79 1397
860 476
1664 3170
2328 4200
3063 3618
2849 2112
982 2860
1864 2943
4720 3217
2983 1624
4509 2321
65 4499
1212 1174
1695 804
2597 1105
2630 3111
575 4910
2812 4497
3122 3935
4959 708
1265 4003
4538 268
697 2573
438 1911
1998 1692
3316 3053
4791 3231
306 4962
844 1748
3394 1675
4068 4443
3694 2277
4350 3592
2664 2875
3062 1273
955 419
4815 1411
958 385
710 1058
3912 4107
3176 2079
2897 2117
3471 4680
3555 2480
4395 3874
3401 4188
2029 2040
510 3445
1609 4667
1593 4676
602 414
3729 2622
4278 89
3867 4606
424 191
3005 679
2570 887
3563 4028
1434 1362
4538 2132
44 3172
3054 1888
3748 4150
2861 3918
3532 994
227 1612
1155 2961
1564 4679
4907 1473
2505 2987
2793 1315
624 2060
1757 408
2513 1969
3238 1605
2964 1430
4693 2950
2269 3144
721 865
3725 2557
3719 3214
4607 3408
339 595
4924 3184
3311 714
983 1741
243 4890
1757 1910
4634 2008
3720 1743
368 200
1335 672
4061 2071
4613 2805
2328 67
3024 2975
3086 2888
1297 1181
4143 2475
4481 786
853 4459
940 4486
2427 4348
51 1388
4496 3446
150 591
4716 464
2382 2296
3559 3635
1509 4357
2998 1856
3804 2221
398 4848
3902 4278
523 447
3681 1851
4367 2764
1120 1692
134 4470
4551 2306
2336 1339
3423 1909
1688 4345
2851 4745
2669 3427
2944 4939
1105 2750
840 2362
337 625
32 1543
4899 4152
948 1286
3418 3695
2441 2279
3194 4395
238 602
1128 1117
3202 1658
2149 3245
1820 1500
378 4616
4378 589
3937 4286
4515 187
2222 2117
1721 2038
556 4366
3919 3244
2147 4566
1407 4404
917 1140
4345 402
3538 1050
250 1815
4398 1099
3714 3554
3355 105
94 1802
3809 238
2080 1499
3509 3426
1671 4823
1784 3431
2044 1016
3324 750
4875 3890
4211 2699
1670 846
595 4762
2206 4031
3681 4740
3727 1093
852 4484
903 3106
1531 2607
1342 3053
4459 2353
2895 3115
3939 1453
3159 3433
2319 2288
163 4272
2061 2177
2157 1451
1299 2729
1111 2433
3546 3461
2514 391
784 3091
4715 3346
1249 1272
3859 2533
2152 4559
2835 1339
1568 1772
3324 4694
1617 3355
991 2553
1372 270
2245 2326
2088 2253
906 4099
685 3040
788 3862
718 3844
1612 2581
4197 984
4569 2875
113 2846
931 3929
1713 1622
244 1303
4529 871
1714 4166
1139 234
4944 923
7 3740
2433 3701
4666 2480
3040 2514
743 3053
333 550
1315 4245
504 1226
1004 3670
4328 4875
4583 4116
524 4387
14 3327
1124 2386
3608 732
2277 240
1685 1804
1924 3471
3635 45
1936 2988
2344 348
4722 2598
638 2492
3703 1761
3053 3438
2445 3397
1552 4634
4029 2100
1004 3275
1802 4859
1024 4158
658 247
1578 1174
1549 2415
1280 3346
955 480
963 4366
2024 1110
1509 4016
420 4382
4848 1670
2323 2253
80 598
1604 373
3417 1441
1391 1754
3382 1035
646 4159
2123 4169
1344 2417
3727 3312
2634 4392
1588 1500
1038 207
191 3347
430 2106
2720 4097
1834 3053
2107 4684
611 694
576 2036
1953 740
2803 3181
1552 3553
2910 4818
2825 1170
3618 4401
4354 3731
4674 3622
1194 3645
938 4188
1687 896
2568 176
484 2212
1629 320
2212 691
1949 4125
4972 2348
50 4198
3641 2524
3278 852
2570 2499
1646 831
1763 130
3025 686
1850 1727
120 2777
1851 2341
991 1559
3907 171
622 440
434 4049
1163 1860
1827 3858
1931 2832
4981 1912
4523 3957
1152 4
3137 4920
515 4535
1875 4402
2821 35
2860 4523
3757 2816
1325 3767
1935 1783
2087 1687
4030 2244
2525 1229
1047 4198
4541 241
3579 3309
3507 4463
3390 673
1945 460
4241 207
1787 4794
494 2461
805 70
201 4181
2673 37
2640 1822
4652 4273
2982 1433
2045 3274
2022 2145
1759 4589
4673 893
1281 3747
4600 1475
1285 4547
4574 2866
2652 128
4212 2762
117 503
3573 4157
1359 2603
532 4555
3856 4853
4332 2778
2630 674
3247 188
1411 1949
2245 4446
362 1741
2204 2479
1354 1966
3392 4357
3515 2318
153 2692
2452 4628
1659 117
1226 3926
4411 2132
4131 207
3112 3325
514 4816
2707 118
3540 4169
126 620
4524 1709
2033 887
58 1673
4029 121
892 4036
4527 340
1896 978
3800 1665
1226 4965
1383 4267
1751 855
4030 567
972 4631
1201 3029
2870 673
3353 2141
3016 1904
1765 3183
1657 3203
996 1302
599 1816
4003 978
2127 4045
2818 1846
2419 4531
775 124
878 3666
1982 1137
406 2127
2140 2800
2419 4163
1208 1076
1696 2481
107 4156
4743 4958
1122 734
914 3282
2646 1638
1395 343
3884 1911
4956 4549
4513 923
1711 2370
2347 2489
2000 1787
3011 4474
1857 3534
3844 2559
3934 1481
3594 2892
3569 3358
1709 3283
2920 3296
4750 3061
1053 3327
1195 1932
3633 1013
4261 4789
656 1524
20 3856
2495 4539
711 3362
1453 512
4171 1313
3305 3490
318 1757
4235 1745
2877 4200
3961 3747
4748 2360
202 946
1104 1423
2977 1811
4854 3816
959 3838
217 3621
104 3879
4283 4373
1483 4979
4072 2751
850 1389
471 2958
1907 2795
1805 850
4786 1027
1239 3100
4002 928
3596 4286
1944 4708
3793 526
456 1552
3061 1043
4729 3590
2367 1140
3021 894
1632 4583
2588 602
1256 1909
2365 1016
4463 4666
1696 733
4687 2123
1487 4945
2589 2238
1702 1373
3755 1220
2412 4822
2335 4933
2529 65
4950 4901
1437 4001
4398 2031
3807 3566
3232 632
2109 3704
1439 705
3756 3567
2757 4758
2426 4963
4551 3752
149 1835
2367 4802
2081 4268
4815 2287
3461 404
4761 2497
2713 1846
4816 336
392 3405
4299 1688
1036 2812
3316 4147
4269 2229
3136 4907
629 748
2859 1566
284 1760
4794 3804
774 1365
2633 1837
2082 2700
2954 2795
4779 4243
773 243
1296 850
3636 4122
269 3231
402 3395
3466 831
1725 4367
4914 357
2070 342
4524 1926
790 2131
1738 2155
4461 275
2402 3637
3712 4622
2532 4437
2707 944
4661 2280
61 3654
1783 3790
2817 4085
1998 617
2415 3987
756 3772
270 275
762 17
923 3950
2613 2076
2235 2143
3442 4975
3391 2840
4486 767
4794 4136
4656 2179
1486 4862
223 3169
2390 2113
15 394
1612 388
2871 1011
2366 2131
4344 4662
2740 2305
3841 2156
3621 2032
1681 3466
4227 3242
2897 3360
3461 373
472 1433
1276 2776
2621 4108
3517 287
2674 2183
4088 3241
752 2052
1628 934
3733 494
2047 13
623 3192
1224 3369
2507 1201
4020 2715
4342 2931
1084 1101
3645 3422
1543 145
652 47
1543 1798
1039 3025
322 4034
1015 4299
3147 2317
1230 4875
554 2458
2863 4696
2190 3305
237 4866
2098 3878
3652 514
3682 1176
2450 4222
1370 75
112 4706
4014 2655
3337 3131
745 2011
551 2490
1103 4496
584 4098
3849 3214
739 1416
4437 3541
2178 794
4507 3087
3792 2493
310 2668
647 1948
4196 428
2848 2279
1721 3387
2540 4407
2615 2958
1195 1401
1447 3607
3168 3652
2121 1213
3061 4767
316 1913
2071 2043
1954 3210
4156 2334
365 2524
1254 2677
2858 1157
3483 1054
2627 4163
49 2654
3028 1002
3488 410
773 1399
578 3301
3077 4681
4511 578
4898 270
4295 1561
2340 2524
3604 2318
2264 586
2070 4813
1923 3346
2892 4688
2219 529
1287 3078
2344 4442
4919 1973
4536 1889
1534 530
2368 4387
1100 1595
4031 2510
2896 4867
766 671
4176 597
372 4062
1116 2436
1026 2836
2997 2806
995 3406
932 1732
4905 447
2578 3913
3590 411
496 395
2580 2492
1180 2696
4866 3316
2178 1766
3612 3146
2941 306
3263 2876
4491 3574
786 531
3261 3380
283 504
2995 940
934 757
4017 1786
2216 1336
444 3916
4908 1807
1854 2801
2037 2457
27 3160
2100 163
3091 1437
3527 3405
1247 4416
2892 4714
1174 4619
2905 3059
1496 4950
3597 2571
3884 3719
2318 1352
1095 441
641 3754
1793 3316
4846 4866
1792 1423
3700 4580
3190 301
4232 3640
3400 1509
514 3356
3300 3414
3451 1600
4337 670
3225 4464
3890 1120
3681 110
3811 4314
4178 4957
4225 3515
3996 198
12 3179
3213 1770
3747 3496
1915 3360
1492 4133
472 1152
3642 1822
763 2489
796 2793
4584 4711
3241 3602
4207 1770
4170 2526
1137 3199
3859 4579
2238 4449
4170 1735
2978 2692
3284 4245
3023 3631
124 2361
452 4133
4735 1310
4983 2215
4113 4414
2794 3243
575 4094
4722 900
1162 4604
4764 3288
2956 2671
4175 4577
1164 838
4329 2934
2804 4079
4343 2345
4786 2244
1378 3702
3582 3566
780 1861
1397 4071
1821 3229
3051 908
299 63
3802 425
1392 4388
4379 1997
4633 3601
4193 2018
2431 1572
3947 3137
4620 4670
1085 1279
2198 4838
2974 4045
4397 2156
108 4142
3775 640
4881 1146
1888 2083
3731 3521
2360 302
2890 4437
4293 4158
1670 2429
3810 1785
2820 449
1633 3674
2132 1447
4610 2771
4343 3402
4464 2739
3069 4385
4199 4066
2997 726
1070 1012
2541 3655
2178 3556
4953 1332
807 4829
2984 3492
3251 1212
2989 2328
896 60
2076 2999
1337 2828
395 758
4908 4345
348 678
4554 3563
1797 1360
2464 1776
4583 2334
2704 1815
3352 68
4728 4762
1998 2140
3048 2170
3264 39
3156 2267
3193 2100
166 2999
3507 1132
1971 2811
4790 893
4994 1402
3997 381
2968 2695
2403 2761
3009 3188
4092 1084
1472 1581
3295 4617
2388 39
1817 1665
916 1254
1081 3352
2767 3069
2344 4373
1404 3049
1261 1763
3858 2288
88 4350
1050 2128
505 4904
3613 3987
913 4706
4494 424
4818 3508
4727 19
1264 460
3353 4903
1704 2193
4338 1771
4532 3292
1301 2999
3623 1416
2303 3377
1085 1873
3377 2065
4920 56
2822 4756
256 4926
1380 1045
3959 4228
3270 2815
3675 4136
984 4300
36 3413
4560 977
1318 3413
1489 4158
3848 3722
722 690
4045 590
4427 4177
3802 480
4317 4191
2656 4506
3748 1845
2949 2139
4043 4290
2611 863
3157 3655
263 3932
421 1158
4307 1187
386 2150
4571 4359
3627 2106
2103 2919
1543 786
3893 3786
4941 3376
3514 2870
1100 3770
3035 4849
2119 3739
4844 4430
3108 772
1105 3078
1269 574
3329 2801
2667 1171
4246 3446
1881 3720
4729 334
447 277
4983 4174
3474 2892
4508 991
3024 2331
1842 760
1358 4799
2290 3940
2902 2313
1274 4442
3097 3309
2802 3978
3641 3966
2999 4236
2453 1369
2567 176
643 4
155 3960
3024 2760
1183 533
1902 1124
3173 3330
274 2497
2235 2379
4200 4027
578 2590
2098 663
1600 3400
1670 985
1847 1079
3355 4366
2773 3713
4060 4340
4401 3912
4583 1209
291 3286
2077 4150
2085 1890
4275 1667
3673 2054
568 1980
4281 2938
3463 651
1544 1550
3328 2803
1182 3218
1901 2662
3631 4750
616 3925
2737 2022
1278 1724
486 1004
3312 3673
3472 2478
4054 4178
3426 1848
3910 4208
4569 2243
3829 1281
4926 1135
3584 2317
1718 1640
1291 4354
37 358
4163 1178
22 1537
1641 1021
3835 2103
4808 3036
549 720
3322 1357
4455 3717
3094 950
3111 4400
2690 260
4402 1920
1629 938
305 341
170 440
1051 153
1708 2048
1883 1110
647 1660
4154 2379
1824 1071
1152 2676
2823 3774
3144 1279
1229 163
2403 3516
3193 4521
544 942
1069 1661
4150 3107
1663 192
823 4235
4019 2529
2635 4870
145 288
399 3129
4456 4503
1399 2875
3482 4554
4735 4987
1787 4183
689 2917
1963 815
530 4346
585 4844
49 426
3430 3798
4266 3314
1245 73
286 3141
450 2508
2987 61
1884 4252
4691 4218
605 2590
2983 4265
2251 4621
3104 3994
984 4091
1044 3811
664 4290
4937 3332
2437 4886
3017 487
3976 1248
4406 2100
847 2998
3465 2988
3221 3011
2036 1681
2573 3901
3219 1108
52 3023
718 2788
1413 372
2389 2816
1552 1691
2635 2590
3078 3619
363 874
2741 2570
869 2450
962 4149
3152 2377
4573 4135
4265 3342
4137 2336
2499 3046
2473 909
1614 3463
4842 1338
1576 194
1733 1148
992 2942
516 1
1148 3337
3258 628
4956 4427
4341 4052
1372 4569
2741 3407
4941 4310
721 1409
407 1741
3151 299
437 1738
464 1993
2059 3282
932 2979
3717 3705
921 3203
243 1965
176 1629
2721 429
1297 1722
1685 1795
3228 1811
3532 2519
2002 862
4311 986
2392 3675
4860 874
949 912
398 790
3385 870
1462 407
3412 4503
3204 2343
4515 3015
1918 3813
2400 4814
2849 2824
3255 4696
1328 3935
2671 3379
2843 3172
2878 1751
4812 2063
1399 2552
1777 1205
2631 3115
1982 2095
573 3001
1289 2213
347 3316
1339 4244
1395 1102
197 1272
1479 373
2441 4009
3106 3206
4648 3740
2894 143
3749 4126
4614 2008
3024 2699
4212 4790
557 479
1138 1445
2550 2616
1684 3626
1846 3413
3002 1027
3878 4664
829 339
3925 2504
3183 3069
3412 3652
284 2681
2341 1670
269 1414
3098 838
4217 1415
4814 1358
834 3813
3229 314
3232 885
1077 4660
4316 2368
3498 4924
4820 2817
4601 4957
4580 638
3565 1283
139 2641
2370 1077
3129 877
3920 990
2941 4908
2550 2867
900 88
638 2766
3578 4701
11 3128
1264 2388
424 2100
4848 4541
1266 276
2896 1633
4221 1268
632 1836
4574 2929
1553 2794
2849 2127
702 1001
1539 3781
2716 3913
2057 1289
3680 1742
2642 4535
3740 447
427 4757
2744 2243
1221 4993
1727 810
1071 1807
608 2849
1578 1215
3191 3523
2710 4281
2432 4285
4364 4738
3739 2360
1029 1091
3802 2488
1553 1457
91 2477
3004 4321
2999 3663
4070 1817
3907 738
1496 4303
4517 1369
4647 3855
2590 831
3154 2287
416 3784
2409 4651
811 1903
2602 2543
978 1620
3206 4744
3144 2796
1369 1963
1699 3295
4765 431
688 2005
764 1403
2022 3600
3065 2330
156 3197
2587 2730
4292 4343
2825 3142
2513 57
315 4972
1178 2908
4395 1073
4723 3139
4433 3662
4842 1538
918 4026
3234 4680
1586 4190
3749 232
3923 2594
1644 4307
4899 2243
954 3296
4741 1819
2875 2138
4312 1591
2810 2961
1260 3732
752 2185
25 3188
1325 1913
3184 686
2558 4776
315 4587
639 4147
3478 1726
4652 477
218 1904
2366 1789
2155 1047
249 1786
4212 2403
1226 3075
629 4162
3234 95
2209 2363
1355 1879
3771 3770
1430 4009
1102 4920
3742 1530
2735 497
4640 1687
2752 1122
1630 945
4607 4829
397 3023
3659 1558
881 859
4715 3491
2756 1684
1021 577
2909 1936
301 2095
4868 4074
1255 4598
3915 4002
2932 2760
137 2030
1144 4678
4264 2251
2838 2689
4587 3505
2847 2443
1653 363
