90 445 30
3522 3428 21
4073 179 29
4551 2683 25
373 2767 25
4425 4197 22
3456 3282 24
3946 3684 27
2357 200 19
3700 4642 11
642 2546 21
2099 2210 27
3592 1783 23
3204 177 2
4068 1587 10
186 918 6
1082 4714 18
3118 3985 14
1761 340 26
4506 1836 9
4174 3435 15
2043 1687 5
1436 2196 23
1020 3576 1
656 3990 18
1565 191 29
4179 4494 9
4389 1388 27
1432 2833 8
3701 2635 11
4804 2755 29
4615 4985 1
1364 2789 15
1455 4188 9
1590 3358 19
2946 4464 4
998 234 26
2836 671 2
4377 2537 28
2438 33 6
2197 2302 7
2980 1066 21
3735 4933 22
998 4420 1
1328 3432 21
597 274 7
1063 2925 1
1180 1093 23
3654 1933 8
3939 2901 23
364 4861 14
2504 1923 11
953 4917 8
1602 4413 20
3869 2224 1
3970 3057 7
959 3371 6
101 3091 2
575 4140 30
1877 4928 24
3069 602 1
2557 3646 19
3041 407 25
1229 3188 22
3865 1195 8
206 739 16
638 4264 5
2334 2352 15
1658 1234 29
2011 1511 6
3184 3420 9
1768 1062 4
729 4969 26
4507 4360 16
527 2497 29
982 1543 8
3182 4858 12
2708 2632 13
3198 699 6
2006 1153 4
2701 2706 11
505 306 12
3134 1434 19
4935 2203 14
4069 3637 22
2487 4378 5
2080 2849 27
4489 3129 19
2161 996 7
3672 2997 19
2235 2985 5
1949 3882
4128 475
2606 3049
2467 4225
2345 4473
1539 1720
2944 2222
3043 1269
1918 3735
4840 4964
618 4525
3833 710
473 4323
4204 1030
943 4426
2352 3485
3014 1243
1445 44
2839 3647
4229 4151
1119 1962
635 2701
3611 4729
2306 4451
1258 3011
2884 2899
1450 4695
3489 1429
315 3559
2130 1036
1663 3475
1267 3857
1143 1060
4529 2111
3278 2458
4230 578
3342 563
3041 3174
1576 3617
2801 820
359 1695
796 1383
4601 71
2476 4456
2272 2095
1483 874
263 3327
1291 182
2537 950
612 914
1629 4256
1790 3602
84 2693
465 4554
1233 4683
1727 3175
2412 667
2200 2291
796 4907
755 2999
3749 3062
3349 1434
4168 2506
1015 1229
4342 1634
3435 920
4280 3340
4418 1568
1518 3504
4755 3498
336 2548
40 4741
1172 1340
3687 919
4782 4937
3178 4906
1474 3756
56 1994
3136 4028
2337 4115
2998 993
2022 185
3593 3235
2558 3843
4898 1151
2007 4298
2284 1720
4189 439
1969 2183
137 2532
1591 2669
1574 3490
1296 1246
4471 1142
2857 4978
4435 3077
2117 3199
1439 3554
439 2146
1727 2913
1598 456
3584 2359
1577 3950
1828 216
2729 1561
2556 4694
2807 534
4092 1117
2140 126
2599 1742
284 3258
1704 519
497 3758
3947 1928
4798 4391
353 1198
1251 373
3179 201
1039 411
8 2604
993 400
4618 424
2253 2569
2810 987
3955 4772
295 2404
1391 4827
4163 4137
3603 3581
1260 3378
637 2897
3705 2973
4901 3288
519 4612
3820 2819
4205 324
2704 2344
1302 1561
126 2852
4682 3737
411 933
4409 4546
898 4438
4678 4832
629 620
2012 1127
2873 1294
291 4770
3216 2445
942 880
4135 2011
4623 2295
4495 402
2768 541
4579 896
3720 4465
2555 2734
4381 3373
4424 233
227 4801
1891 4838
4605 2852
407 1952
701 1344
693 3281
1267 3704
3405 974
1310 2825
80 2668
4284 162
2243 2025
4773 278
4203 2543
846 1676
2035 486
4852 2649
3019 1893
2788 563
64 4085
4957 1505
3569 898
3742 2780
2771 4252
378 95
3546 3729
1366 3383
1162 2566
3456 2476
4050 2324
2656 3476
2320 3475
1562 228
2921 32
2012 3416
1514 2237
4165 3948
2115 4044
597 2873
1895 3715
3083 2200
521 2843
4682 2863
164 1867
3565 4784
4132 1713
3327 1286
4334 3635
1916 1659
2445 3608
421 2986
936 2429
2810 2730
1916 2906
3947 229
3258 4766
604 1564
4344 4854
4972 3632
711 3719
4845 4823
4461 2077
642 3760
2219 2709
807 3223
1599 4933
1976 2616
4877 2301
4397 4453
3513 2960
1544 2311
2926 3506
3275 2603
4347 3132
208 401
2008 2086
4859 1223
1784 4133
1799 146
139 2954
2636 1439
2449 922
2000 2510
4353 1711
1263 3649
5000 3788
3332 355
4372 3357
2754 4205
2670 154
4879 2940
4181 4764
3225 2170
2021 2539
3938 4494
496 3992
2844 2041
1225 3689
2717 3409
4922 4773
141 1913
505 257
3643 3612
919 680
1293 2935
3236 2618
4893 3896
4019 4677
1098 3964
2278 3622
4761 2711
2130 1338
461 3524
4784 935
3154 3015
3394 4838
4787 2034
2397 468
4908 1293
2380 3421
4734 2674
3260 178
797 1135
737 1737
2333 4874
1047 2812
559 206
2166 2526
1006 1693
4361 835
2045 197
2474 1401
429 1629
3846 4543
1206 3858
3800 4619
4656 106
1682 4515
2077 2155
3853 4590
1366 2109
2414 4554
2815 2630
369 1976
3962 1074
147 3267
1227 1774
3377 4257
627 2741
490 1201
3520 149
4857 1991
960 2267
4696 3500
1603 1661
4926 3247
409 600
4222 4282
4050 779
21 846
1536 1210
3428 3370
1244 486
145 444
3651 3015
3064 1787
3186 3484
2290 4958
2814 705
1516 4650
1474 271
3690 2638
1008 4579
3275 2572
58 2068
3771 1331
4813 858
1631 3105
3806 4628
4851 575
2575 859
3642 1497
3046 1509
2065 422
2117 3337
850 258
2713 1185
2931 1705
1081 4451
1756 2606
4714 781
2996 3842
2707 4568
3472 4471
4424 2795
344 297
1109 4896
2525 3527
2083 4197
3357 510
4362 480
4160 3292
1305 4345
356 335
110 919
1220 474
1974 2218
2378 4534
1424 3439
451 692
554 3099
3723 932
4864 1096
3213 2403
2953 1046
1247 1104
216 979
3462 558
3652 2312
1802 3657
2584 3771
1602 367
1869 4286
507 796
3791 4880
4398 2435
2101 1004
2951 4995
2324 461
2438 4906
917 4099
1295 399
4522 4037
1401 233
3177 4281
672 4912
688 4921
3340 4164
3709 3950
3391 4952
3875 271
4874 4839
4834 4432
3222 4524
1693 2099
3414 3937
284 3327
3552 4403
1260 3901
439 2517
1385 1396
237 834
2237 940
2070 1652
1393 598
537 723
1734 481
2630 1354
3966 2215
2095 174
4750 1021
1386 74
4640 4866
2597 1927
3098 4722
1452 650
406 4196
1089 4459
4276 3603
2949 3548
534 3208
3848 2593
1652 4268
4553 3763
2837 582
4851 2809
2335 2589
66 3138
2735 1489
2188 3277
4928 3775
1857 1430
3324 49
919 3239
569 2187
4555 4066
