80 1257 30
1166 2550 30
3511 2454 15
1341 1953 8
770 783 1
4868 991 24
2694 2954 8
1762 3448 19
4658 3944 26
764 440 20
241 1531 6
3321 2768 12
3498 198 17
4377 698 7
4571 3367 25
2425 4690 16
4035 242 27
3006 2060 8
1504 2433 27
1627 1860 23
4892 1093 2
4059 3050 16
273 4752 21
1838 1890 25
4505 3544 6
2578 1238 1
2522 2965 13
3208 3161 13
2588 1913 3
3974 1527 6
4608 2523 15
515 3318 20
2505 2089 28
4887 430 22
3351 4071 14
577 1596 3
4485 873 17
3752 4824 7
3783 910 8
104 1887 18
3944 382 25
4078 2950 2
784 3097 12
2716 1890 12
3061 2923 14
1720 1305 30
4684 3403 4
4475 1376 9
440 968 1
4122 2588 19
1877 1803 25
2983 2732 22
3928 4314 13
51 403 23
616 3909 20
4255 4724 10
2246 3736 27
754 1379 1
1050 2314 30
738 4979 6
3617 3355 24
1983 4606 24
3445 2601 4
4955 3153 7
108 4604 25
2954 4286 29
221 4662 2
1786 809 29
4163 754 28
3619 143 9
770 3358 6
4901 2154 28
2238 3582 15
3045 4162 19
4792 3391 27
3177 2842 16
3849 1901 11
4887 128 16
3498 3274 17
709 558 17
324 3538 19
3139 2350
3190 4194
2401 3079
4403 624
3284 3261
4085 3918
2848 338
4276 3054
1372 1686
2721 3349
2418 2887
508 1209
659 2065
2563 3041
2661 3157
4647 963
4770 114
2600 4672
814 3630
717 572
652 4436
1480 2257
274 1888
2454 3663
4991 3428
72 4431
973 3221
3001 3804
1512 359
2662 4714
3840 553
162 3420
4893 1467
1530 2696
913 3369
4098 4807
2465 4256
1475 766
2376 2654
2407 1902
2046 3642
3534 1743
3849 3295
274 799
2485 4210
1479 2515
3946 3868
1746 702
2290 4550
4582 1457
931 632
3152 1184
3768 3098
2878 4084
203 1719
4658 1112
253 2984
3633 2659
555 4576
1267 4131
305 3070
1267 2447
1766 4150
3842 2397
3368 3228
2404 2281
573 2140
4458 2792
4088 3945
4851 887
3213 1910
2282 967
3250 1096
3141 302
3146 31
1869 352
56 2532
1578 537
482 4671
3528 3481
1279 4783
117 2543
712 2829
568 2221
1035 384
195 2023
3564 3375
949 296
1907 4489
1857 3856
721 1062
3655 1544
2634 693
3404 3099
4476 1295
1137 3773
3883 3209
4423 1243
3316 1616
3168 4930
1815 829
3274 1305
3055 394
829 1538
187 1931
2552 3202
4480 2780
4837 711
4043 281
1302 3534
93 2088
3253 2965
3406 234
4552 3432
1617 4946
419 900
1553 579
3332 3836
1240 3085
3446 705
4052 1067
4691 4921
1800 3730
4981 2200
1432 3934
38 1076
4132 638
870 1452
1735 1061
2859 3906
705 547
1368 4309
1178 4430
1005 1142
4990 166
4837 457
1475 3870
2116 3730
3327 1106
4424 1904
2972 1112
3880 4559
452 2475
4419 2961
4474 991
893 3155
2718 7
2499 3143
899 2392
2089 4173
560 1507
1514 4816
4301 1580
2415 4732
3844 4878
660 2053
1290 4347
571 3328
2463 1621
58 1702
804 3882
2199 4547
137 1018
4546 3707
3741 4024
2054 2170
1704 887
4790 1172
700 74
138 3417
3934 3579
3347 2385
4590 720
532 3598
2565 4074
802 2591
1150 769
2660 2795
2857 2356
4099 1541
380 1720
3646 1114
2332 1369
3611 2905
3764 4728
2344 3379
1558 4094
267 4737
1352 423
422 4543
2767 2986
2857 2255
3921 3836
3552 1358
4897 13
2877 3047
3008 2362
2763 915
3823 2337
3809 3253
101 2294
4671 1834
4438 3659
2840 3863
415 1780
308 3740
970 4772
378 2496
2000 2102
3358 887
744 3433
707 228
3036 925
4447 4168
3531 4453
602 3412
4533 4790
4133 4707
3375 1971
1297 3568
4719 2440
3209 2344
232 1417
2046 3215
1764 2202
663 3080
1947 4138
4712 4305
1703 2712
114 3062
175 3351
1616 928
4876 4057
3551 3282
3854 2932
4312 1317
4583 238
1435 372
3906 4404
1681 4123
1157 1893
1491 699
1575 997
1108 126
76 1907
3238 4335
4532 1233
785 1283
2322 2546
1293 589
3955 1148
623 672
841 4574
1253 673
2533 2905
927 1375
4508 4688
3750 4885
4319 1009
1246 1690
4260 3242
812 2222
2615 4942
3932 87
3974 2628
1913 487
463 4237
2978 1495
875 1478
2147 3331
451 3367
74 2924
1878 3084
2136 277
2306 4628
4815 3223
4301 3018
499 1579
3881 4589
2535 827
2724 2837
3075 1526
360 115
3024 4051
4566 2189
1137 2995
3388 425
666 4951
2951 2481
1499 115
1130 243
4102 4166
3899 4815
2636 4286
1858 2492
1273 3931
831 2353
1921 3363
4858 1389
1651 2968
215 4857
4432 3681
1145 4363
1323 800
4640 308
3668 1010
4880 3301
80 1856
4904 2631
1428 3681
297 526
4949 4377
3157 839
713 397
1036 4478
3437 2544
1292 2839
56 4584
3127 2557
533 4694
443 4609
4458 1849
3882 4392
3802 2234
156 2861
2045 1496
2655 2175
2311 3532
3783 4110
4760 179
4674 2122
2392 2641
4375 3825
4151 1766
4634 1914
238 323
1375 3669
2714 4801
4052 4006
3692 372
4704 1786
168 3240
2379 1079
2087 398
214 1064
4995 2995
542 3245
1201 4144
4614 3721
645 3137
236 4627
418 2433
3012 3969
1012 2471
3040 2171
594 1700
2666 3889
684 3921
2083 2267
2253 462
440 3200
4049 492
3 2008
1631 1252
1859 630
2634 4159
4325 4062
4661 4591
2040 2287
3185 3801
1427 172
2027 4161
216 2910
1977 3543
4900 206
1861 2409
778 3998
3069 1952
181 1634
3394 1697
3781 836
4815 1350
3051 1588
3563 3488
330 1705
752 348
1990 1226
2592 2476
1789 4239
3875 1677
652 1308
4677 1380
4576 2026
2146 2579
2093 1385
2187 3470
2440 1244
785 3578
4424 282
1508 1762
4187 139
3184 1330
1164 937
4246 3397
1427 2194
1168 3136
2788 4397
587 3322
4312 297
1975 3711
3556 2722
361 4375
4709 2357
900 3255
267 1958
2423 3760
4177 851
1333 4352
4993 3504
4249 2893
4303 2310
4071 1480
2444 2759
1382 2807
3768 1554
2398 2460
806 4380
596 735
3766 4369
956 52
3069 3665
3150 4805
279 4084
3823 2699
2261 2904
2781 1402
3516 3516
3807 4637
4120 2962
207 900
1738 2399
2808 4534
2094 2262
2786 4311
1933 4424
549 4341
3690 2977
1494 3642
497 2067
3454 3079
3968 3628
4983 4510
78 4322
3865 3160
2034 2858
374 273
2440 3327
4995 2142
491 1886
1099 1101
2189 2999
3892 3630
3462 159
2216 4342
3101 1478
4110 962
4166 1796
4397 2959
1083 4817
1767 2810
2280 2855
1954 2321
2210 1700
350 2710
2013 1971
3096 3514
1649 3479
1493 3384
1245 2957
3158 3498
2721 701
618 1622
4289 2749
1824 3053
4010 1840
1355 4312
2790 4969
4922 4340
1943 1702
3547 4284
2360 605
3238 2001
758 1180
65 2776
4680 4624
233 1588
1544 3193
3229 4018
2830 1159
3021 13
568 2063
1130 2736
1291 3645
4541 2820
694 4368
1950 2071
2469 2669
47 1877
3816 2170
298 201
4123 1251
1967 1672
780 1834
525 2616
2368 748
829 1597
1585 692
1414 4663
2649 3370
1111 4376
4292 3126
1111 536
1240 2503
467 785
3364 4144
949 4148
1710 2557
3984 4502
3506 3683
4972 3754
3355 2362
1485 3823
2181 1549
4230 3340
3184 497
4609 3625
4546 2767
3131 3154
2979 1499
563 1227
3910 581
4131 546
3157 3673
314 3155
4986 4367
4325 2829
140 3844
2403 3375
3838 2694
1332 4576
4689 1468
1847 4115
2523 1086
743 1973
4795 156
822 247
3065 699
2486 3662
1935 3393
863 4005
3446 4394
2647 2533
4186 2616
3233 3909
346 4916
1253 2737
2487 3300
1328 4353
3016 2377
4341 877
1591 2716
4057 2361
1799 4866
1090 2291
4117 4047
4672 3593
4609 1673
1531 1188
2863 3641
2588 1915
268 2315
1811 44
2472 4787
2858 3220
1117 1428
2632 292
2224 2473
1980 3639
2268 2084
3437 2001
3468 2694
4753 3021
3086 2285
4572 3536
2730 1975
3371 2181
150 1028
1167 2742
2557 4237
1106 129
687 4808
3966 3532
2618 3622
2124 4779
2845 366
3146 2021
2129 3358
2138 1782
1435 3182
4796 791
2367 4318
2142 4499
1351 2923
1770 2670
3542 4301
4129 966
3460 1944
3303 1838
1636 2504
3963 1300
4090 3776
4609 2863
4241 3034
2787 2586
4192 2051
2085 3441
2403 2033
2669 4454
1369 1273
4598 4857
1231 2930
3782 688
1410 3494
2126 734
3243 3938
1919 4254
2677 2180
4711 3248
2934 1159
3732 1174
1771 187
838 3194
1740 2952
2740 1658
3790 27
888 4579
2072 110
3090 2410
1395 2124
1437 3988
2797 1037
2701 2622
862 4928
1798 247
3591 1820
2285 1873
4572 4248
3318 4068
3833 4486
4905 2347
3601 723
390 2272
609 393
1377 4963
2537 2360
1216 682
4045 2247
4751 2432
1808 627
3063 2733
787 592
1466 3384
4538 4453
220 4101
3035 2474
3882 1540
2540 4495
2710 2331
926 2742
3734 1334
3761 4588
4178 3892
1008 1350
964 4547
4058 4850
2113 3324
2083 4911
2924 1405
1588 694
906 1498
3016 863
2205 3999
1828 838
1200 203
3779 76
3773 2369
468 2701
1688 1456
3365 627
1019 2559
226 2256
4023 733
310 404
1625 708
4723 4663
1634 1297
1332 4658
62 4850
1512 323
2782 3212
2300 4962
4711 4645
4502 4040
4257 4379
2765 4203
3973 3028
4053 144
146 2550
1123 3733
3769 4246
74 4956
4692 2296
4344 4159
538 2084
4491 3459
516 3996
2438 1402
2767 1993
1155 4876
3844 1234
4873 2896
1518 910
2463 2593
2937 436
4863 4221
85 2511
4053 543
1126 4407
3535 3990
2125 4289
2216 4669
3389 4984
1552 3090
2836 4546
1387 1582
2409 3536
277 4896
3541 2864
1840 3722
4982 2132
1067 4222
3619 2746
1164 4516
4571 1575
3541 681
4407 218
4477 2505
263 4262
2760 1949
1526 3242
470 3551
2978 2319
3456 83
4462 3418
3162 2905
112 4797
1673 1121
3171 2961
3614 1790
4767 4951
201 567
3891 4257
1127 1957
492 1155
3020 198
331 843
3639 366
4042 76
2554 4259
2211 63
1825 3232
2412 3038
3520 4253
2738 3267
2214 4119
4315 3627
4900 4542
3035 585
3999 241
4644 3744
1507 4432
1042 660
902 4483
1079 1240
1114 3225
250 2832
4772 210
861 208
840 3154
2282 4185
629 2526
3837 1533
1655 3346
234 2476
1231 4258
1690 2680
1363 2138
637 4665
3831 2388
3143 4325
1263 3262
4731 2883
1923 4232
478 1520
4487 561
2034 673
975 2734
3016 2572
676 1189
2277 1629
3562 1436
3097 4686
4224 2295
4750 382
2 1398
1741 1947
4363 3803
4042 729
1358 3105
4748 4459
2823 2375
85 4418
1203 906
3949 2525
1994 2156
4296 4562
4356 4475
3950 2428
4782 4237
3666 3315
1374 95
3560 3565
4618 1439
737 1810
4101 4512
2539 3906
852 3288
2296 688
2842 4728
2177 1353
135 4030
2484 365
3180 3958
2446 2000
4788 3741
3415 807
422 4222
1488 4541
2967 906
1948 2094
4985 2329
2625 3355
1382 2210
1400 1703
3045 289
1574 1692
3888 928
668 4645
1698 2673
4859 2754
919 341
1029 876
2707 4392
514 850
830 3134
1346 4534
4249 4984
4266 2966
2210 75
4583 1134
4507 320
3305 84
1284 641
676 2508
4289 4416
215 3815
3868 4950
2698 86
324 4198
636 1400
61 4747
2752 249
1268 4654
4727 4427
1720 4058
2963 3077
4288 452
4089 769
1403 3883
4616 945
609 1620
2842 4639
4378 4820
1167 882
71 3832
3263 3626
4889 1201
2277 84
2885 3650
2105 2403
131 2173
2611 3008
1421 875
2511 3701
1715 1283
135 4955
4747 803
4598 1894
4139 3822
376 481
147 971
2796 1994
268 1312
3691 555
4315 943
2892 1092
2480 2825
1986 738
2251 2163
4923 678
1916 4924
4835 3490
3966 285
2950 1503
906 1820
3300 2719
2846 884
1977 2940
2479 4801
79 3162
2012 575
4869 3167
1519 2678
4977 3620
378 287
3598 3208
1751 48
681 656
3337 867
1761 2524
4280 2917
1649 1544
1757 4275
4 3588
3169 4949
1058 1057
703 2470
3823 3233
2890 881
4845 402
3209 2864
3715 858
4195 130
228 4839
389 1702
3355 899
2921 4085
2909 3666
3968 1992
4706 1584
4311 2834
2831 4004
1551 3850
4960 2441
1328 4815
608 3846
3235 3574
3985 2740
818 1201
2850 373
1298 1366
3402 3073
1225 2275
4281 1167
590 3425
4053 1397
2729 2228
2113 23
3823 2777
1670 2273
1384 2214
2705 1319
3567 1351
1253 3727
1769 2018
1960 3451
1583 3274
4394 913
2537 726
2357 3523
2339 1750
515 653
869 150
2704 4537
4478 292
3046 4206
3202 4447
2477 842
2119 1428
3888 473
2335 1915
4326 1919
2401 3535
1924 1836
1906 1531
1286 3370
1384 1018
746 4118
2011 4802
4061 1884
4326 3449
2200 3122
4393 87
3792 2475
2643 1181
20 760
4809 3159
3377 1231
4673 1487
1891 4123
631 3117
2555 4335
759 4108
2037 1705
2333 4821
2319 636
430 1455
4158 4904
1667 4103
3037 952
4041 2412
1804 742
3898 264
2484 650
916 4264
1643 248
2972 642
2092 1946
4689 3999
1482 2029
4218 1364
4708 2723
4577 4291
4479 3927
1225 2244
1254 2187
3576 590
1890 2087
4248 928
1238 4402
1961 3510
4454 2823
4 1201
4882 3038
3132 71
2871 1029
2417 1
3909 1518
2758 3947
3595 203
1453 4695
539 4054
2103 4899
1043 4042
1415 702
3054 2790
4858 1879
1316 4141
1304 685
2267 4143
1730 1120
4579 1026
1386 1861
910 4314
2718 4745
2142 3284
211 2479
972 2397
1897 118
2735 954
3782 1280
3187 2907
1376 31
4219 4079
3758 3399
1480 3092
4122 2385
2230 1033
1545 1468
2742 4592
4283 3315
2085 4371
1779 984
4405 812
1342 3746
481 3944
2738 436
1896 2890
1466 4834
4081 1055
1468 2964
3978 2718
3300 1633
4819 1157
3925 4927
2925 2073
468 3350
1799 2406
961 996
2620 3809
4254 2116
936 2390
2015 3885
1751 547
2871 674
3389 1751
1760 1276
1110 3106
2088 4278
2756 2779
4304 2451
4787 1183
373 454
3453 2635
2629 3194
1521 2304
93 1130
3435 1357
3110 1468
3436 2897
2028 1991
1807 4885
1765 2985
3732 3605
4211 2017
2466 4236
3991 1742
941 4071
236 3340
4683 294
849 3084
4373 2127
3254 2023
672 4070
1024 4737
1839 2286
214 3330
1327 590
3589 2710
1995 3901
3953 3973
4759 2182
157 3663
615 4104
157 661
1211 3609
1466 3827
163 4454
603 97
893 12
1579 362
1864 4253
3309 4445
3970 1419
2544 3352
3971 2886
3559 4415
4940 570
3472 3768
1875 122
354 618
2591 521
621 3909
469 3650
1826 4830
4531 3170
2005 1616
1883 4293
1603 3084
4203 4771
4988 61
1321 660
4262 4856
3017 4548
2993 1803
4372 2554
3245 1562
2951 431
870 4924
2784 3857
544 4180
2772 4106
622 2951
4558 1496
4083 3545
298 1717
4178 3388
4949 2210
2727 277
69 362
2138 3763
346 691
503 88
4145 3536
3467 533
4830 2375
1883 4296
1640 4129
3599 3909
4374 1212
90 1824
3444 1030
2434 1125
1990 4025
4029 4089
4148 2148
4588 3030
2121 3605
3423 4791
4005 129
2776 2458
2093 4883
632 2755
4659 2241
757 555
32 2671
224 3154
1834 3243
1824 822
712 601
878 4215
1891 1426
2715 2553
3049 1144
4253 301
117 2590
431 3591
4498 193
2346 1998
2464 3666
834 1197
585 3185
2924 798
1867 799
1560 3815
4502 598
324 585
