60 626 30
319 551 2
917 344 11
924 584 12
774 770 24
824 93 8
860 202 13
996 609 3
838 402 20
588 750 16
979 863 30
908 260 10
916 379 9
616 890 24
76 735 12
545 464 6
73 657 7
83 467 30
91 414 3
616 602 11
324 486 27
16 141 21
491 706 12
719 333 10
643 136 25
992 451 28
516 623 22
938 916 22
162 183 29
115 439 28
623 15 5
706 28 24
162 193 20
139 974 29
18 627 14
903 180 10
469 683 18
376 841 29
434 87 3
360 727 19
515 214 12
641 188 23
506 385 9
733 858 8
862 950 8
439 743 25
915 463 24
800 162 17
383 311 26
458 836 30
61 24 1
941 879 2
285 914 25
90 146 2
80 684 1
79 972 21
753 264 23
896 322 7
772 968 6
572 35 4
570 170 18
418 732
632 781
335 766
891 532
437 297
733 630
88 894
978 93
588 345
563 17
373 805
922 828
158 141
604 557
749 347
471 496
622 778
826 416
79 980
604 243
770 522
669 934
442 240
53 303
308 872
754 832
283 714
347 637
169 851
610 329
63 102
567 740
465 33
552 247
204 811
738 509
328 390
486 124
93 129
878 595
15 798
751 326
772 789
233 420
298 32
534 819
38 427
284 255
716 574
429 205
248 453
336 739
227 512
151 97
52 255
951 152
795 915
571 366
435 591
559 297
488 961
769 868
132 763
964 674
6 193
146 681
307 312
198 553
637 933
217 40
572 236
364 269
380 721
572 820
482 61
925 650
394 615
291 27
407 578
964 957
43 498
353 467
857 55
645 283
257 177
238 983
120 733
168 475
525 453
86 80
892 12
827 716
452 415
377 614
383 53
583 310
117 516
361 606
57 631
741 920
277 184
208 501
748 490
683 952
922 864
868 358
697 377
683 589
868 401
418 468
385 682
945 466
392 969
676 597
694 968
24 790
335 912
399 2
317 245
188 366
666 244
544 238
656 774
503 142
773 916
537 432
12 416
356 867
333 987
905 51
975 9
266 430
319 660
41 524
794 699
314 188
661 908
33 511
641 473
318 241
712 234
304 331
775 779
792 309
816 627
419 164
474 714
638 29
528 711
281 155
903 596
695 596
243 329
958 690
983 330
147 388
910 497
429 613
562 653
989 48
587 686
512 728
171 494
681 370
454 368
796 50
902 137
130 529
410 50
468 97
821 257
833 817
524 450
106 524
879 78
991 58
126 525
824 263
464 532
410 78
689 658
77 710
17 313
365 833
385 872
299 100
679 198
584 938
888 110
908 113
351 890
22 854
871 358
794 709
41 443
201 892
763 706
616 88
160 563
69 80
892 131
300 4
495 999
81 168
516 905
100 346
62 670
599 407
894 418
437 471
722 654
719 815
202 827
293 941
364 86
196 868
379 925
13 973
684 940
958 914
685 541
34 611
893 540
37 145
931 286
63 777
326 696
554 877
859 584
997 808
299 632
475 250
937 75
557 600
27 496
546 550
743 228
567 6
637 847
319 913
875 579
474 430
346 857
946 873
751 138
137 208
645 995
365 5
653 806
290 993
892 516
893 833
289 129
334 228
389 727
989 423
248 761
234 445
1000 11
420 856
426 893
91 567
651 342
902 918
594 743
473 6
924 47
270 976
479 198
248 181
296 130
779 271
945 3
167 970
163 311
527 873
1000 456
866 905
681 718
936 859
616 544
313 352
78 66
644 615
395 847
735 61
520 137
59 471
117 395
420 197
645 908
649 661
854 317
97 852
191 540
793 600
202 299
796 854
766 644
699 286
577 240
696 239
384 958
647 776
449 110
153 749
936 703
708 984
546 142
524 51
430 883
645 356
665 897
60 82
239 666
722 325
891 884
820 65
590 315
256 672
344 592
605 575
829 391
344 676
283 31
606 732
408 56
879 337
76 149
80 333
396 688
282 31
117 641
535 350
438 750
869 502
340 321
583 700
478 360
823 696
781 108
304 486
258 789
836 658
35 288
995 92
821 745
57 917
769 391
146 494
226 611
141 63
17 155
272 155
813 828
140 11
3 224
926 707
987 434
381 839
692 129
904 468
830 235
920 243
207 332
41 957
834 855
370 71
817 839
535 773
198 433
315 186
200 936
509 832
200 975
49 278
136 141
305 489
980 45
899 551
395 643
979 898
209 935
815 918
408 766
322 476
383 3
903 957
911 153
954 550
666 308
251 687
193 505
236 955
727 641
721 506
966 649
764 792
82 253
117 331
591 734
283 136
597 649
797 204
999 292
713 630
459 678
937 846
929 957
907 615
892 917
405 622
895 443
546 125
468 41
422 795
772 703
461 115
646 328
480 800
586 61
156 214
774 775
850 343
589 686
702 983
76 585
445 432
111 255
348 221
545 404
457 613
12 780
194 7
834 419
860 284
421 129
118 736
952 266
404 120
542 843
12 269
110 975
307 933
758 220
293 671
921 175
948 653
545 766
567 963
889 679
685 694
655 962
46 498
804 647
784 524
398 753
662 692
939 879
630 865
7 521
281 665
920 964
524 597
472 749
665 855
299 722
459 961
814 697
336 821
927 83
216 745
256 597
274 397
15 371
946 933
458 230
155 688
927 194
40 20
15 176
56 696
834 212
725 157
772 706
77 185
698 885
91 128
759 48
463 685
453 124
964 783
470 156
407 554
829 767
294 323
926 726
863 282
382 533
706 166
808 793
981 568
868 959
573 61
920 878
291 518
376 440
673 137
392 788
385 518
427 704
486 497
428 557
631 99
518 699
141 927
205 202
997 22
570 304
647 634
269 2
125 386
928 701
555 602
112 754
934 967
372 410
45 401
453 351
239 117
212 898
823 755
348 633
465 686
117 1000
230 350
618 579
858 257
819 988
268 151
88 532
644 70
220 416
319 819
27 105
526 968
523 556
136 449
860 727
790 199
562 44
934 686
399 336
314 111
927 576
837 901
32 372
837 713
331 173
366 348
419 711
139 948
86 779
669 392
245 935
961 771
684 560
496 343
136 22
386 556
389 589
147 243
409 861
298 751
1000 776
141 775
839 787
996 70
141 946
704 900
307 561
563 681
581 719
757 313
889 680
196 893
522 138
177 490
620 663
411 706
913 502
615 420
690 815
180 205
835 907
169 990
213 572
553 884
193 486
996 689
453 451
266 541
843 432
262 307
857 251
264 298
685 950
543 547
550 492
627 512
397 393
500 902
223 575
10 212
673 381
756 544
702 627
63 941
130 265
148 827
478 669
403 765
547 250
725 345
158 937
892 264
