140 715 30
83 3214 4
3090 1805 10
4416 4525 22
2446 2064 26
3448 516 6
2261 3451 11
4443 1466 26
1892 1449 23
640 2337 24
2331 1491 4
4743 209 1
3086 2414 6
4663 3605 25
2775 4946 15
3873 3647 16
3923 3900 14
2051 3726 21
3163 1389 9
694 1518 4
3095 1038 7
3062 241 8
459 1385 28
1609 1666 28
468 727 8
3288 2903 20
3431 2709 20
518 4129 29
2653 2300 9
4299 4415 27
2097 1247 26
1704 285 30
4533 674 23
3100 2646 1
1079 4117 23
97 3920 14
3821 4012 10
1834 2346 5
691 2908 16
4985 1947 11
3139 2214 2
1666 995 3
1449 3371 17
4010 1728 11
2925 4511 11
2542 2165 15
4770 3793 29
3202 4523 2
3180 3496 1
2226 248 5
3570 1684 28
743 3296 5
55 3830 19
3308 188 17
474 1171 12
3493 532 24
3534 4961 7
4285 3903 9
3050 3195 26
4995 1322 22
785 3285 5
3236 4520 22
204 3383 5
1932 3956 16
1585 3390 25
1053 4491 25
450 2996 3
3481 3555 5
1091 3814 23
4634 2727 28
179 2513 10
429 703 19
1560 4255 30
2798 3679 10
4902 3262 9
4750 1744 30
4162 3608 23
2261 968 19
3138 450 17
1901 2419 10
1929 2969 1
4558 3301 10
1479 760 10
4602 4099 3
1624 4049 26
4072 2310 19
2137 2813 18
1467 3158 27
3693 4909 23
393 3421 16
3980 642 17
6 1723 5
1481 226 11
4725 771 15
2394 3752 19
98 2672 20
4739 1534 27
3123 2453 2
1551 318 7
2519 2990 18
2378 1606 18
219 2638 2
3603 1998 18
4467 4673 5
1511 3038 27
1035 1538 6
1495 1929 16
2335 4193 8
2439 1510 9
3108 4191 25
32 2079 20
3328 1378 5
379 1260 27
4489 897 17
1357 1918 16
3543 3122 23
1414 106 11
4430 2414 4
4612 3612 25
1509 4097 2
4735 628 16
3139 1220 22
1411 4164 16
3836 1903 25
2590 1156 18
2701 4457 27
3898 1451 24
4774 2073 15
692 514 18
3462 2604 2
2282 4514 22
1362 4997 18
982 3607 14
4308 4682 5
2601 2239 8
4655 3721 17
4903 4834 1
1970 598 29
4940 543 9
1095 4570 20
4261 631 30
4143 4823
2012 725
2058 1933
4361 1008
2605 273
4319 4887
4090 1791
4443 1537
1545 4695
3435 4962
872 3308
2703 4000
2726 3795
4187 433
4872 227
1403 1046
4593 1895
1192 1948
1317 326
1891 3604
3203 2733
3165 1153
2464 358
2490 1542
2308 2053
3400 1936
1588 1490
3411 4882
2769 3443
4613 221
4112 2055
4175 1254
794 1818
724 3432
2415 2876
2174 4875
1559 1482
4838 4052
2161 3290
2441 2409
2948 543
1509 1571
3218 4046
3596 2858
3121 4772
4686 2585
922 3769
1019 518
1061 894
3559 1146
1110 2853
558 2401
2831 1101
2738 4228
4374 582
771 2761
3366 4914
3483 2751
2202 2639
3871 4257
4404 590
1604 55
4374 53
2455 185
617 570
1312 1408
2534 2017
1088 933
2655 1675
2638 3178
4548 4591
1609 1877
1911 3049
2052 656
3878 2787
3067 2981
4716 1586
1845 3599
668 969
2982 2238
2258 2868
2590 408
4251 327
31 795
1111 4891
1048 2187
4711 1418
659 1075
2032 4996
1251 2100
1901 3502
1403 4292
1630 2833
10 4956
3124 4515
2925 1432
2409 443
2261 4711
716 2315
54 1790
2087 151
439 2654
2705 4040
322 4375
1469 1381
310 4219
19 1989
3419 1712
4375 2300
52 1589
688 2653
882 3492
1873 237
2993 610
160 1811
3644 4129
2908 513
232 3133
2031 858
2541 647
4570 3379
3852 4935
4992 3756
4534 4239
3436 954
3115 2914
2723 1096
444 1324
3739 2805
30 1703
1685 810
250 4461
1870 649
669 2105
3387 3612
181 4253
12 4495
2773 1963
1931 1736
1157 1556
42 3547
1337 1412
11 4184
3147 573
51 4006
4803 1609
4091 3650
787 3845
4960 3199
103 2564
4895 2883
4929 2952
4769 1434
387 4353
655 2805
1226 4136
3761 145
3778 1077
2669 3766
3631 1010
2566 3428
677 980
2558 270
4570 4837
1733 3433
592 4609
2235 1249
1822 3487
49 2071
4325 235
4698 1697
4368 520
2765 4700
2767 385
3540 4861
3205 3996
1336 3495
2604 2881
455 3365
2290 1195
3007 1422
590 862
1050 2909
1767 4186
484 731
4611 2066
3661 2755
4676 2608
4273 2498
3212 1826
4169 815
604 62
2058 800
481 1571
1046 4913
3107 4677
3367 2129
1980 62
3304 3097
1803 3307
4703 3516
881 3554
317 2287
1129 2550
3831 3482
4196 3914
3036 1328
4101 2745
1858 84
2791 846
155 2745
438 4981
3824 301
2968 1441
1586 3711
3061 11
1501 380
415 3121
4982 741
2391 1283
2167 3520
1642 1433
379 864
1924 4320
4224 4769
832 48
328 717
1628 2791
3199 693
1204 1105
2074 628
2643 1434
2777 4142
1463 1761
700 4054
4984 372
1322 1572
3042 12
3952 315
2901 2626
2780 1956
3736 2739
601 1615
301 1578
3966 1896
1354 3132
2355 3192
1298 956
1321 1225
3353 3402
33 1367
3176 4031
3256 1673
2594 2917
3575 1739
4068 1541
40 2064
2157 4132
378 2536
3557 3547
4827 1228
1243 1124
3508 2283
4826 4095
1965 2550
3076 3464
2058 4463
3198 3329
4119 1956
3328 4930
4012 1962
3735 3714
451 1006
4916 4788
724 278
4735 4705
296 2957
4944 725
652 1869
1708 4377
4461 2234
2825 2311
4499 2371
2124 2238
4629 3017
1737 1210
141 369
3668 3220
4393 1295
2741 882
3123 59
4381 2502
1284 1261
205 1215
3958 3631
2966 3084
3912 2073
3397 365
4762 1557
4708 4940
3788 320
100 1211
3176 3468
4151 2202
3362 2209
4444 1804
4585 4914
2403 2578
5 152
1677 1968
4914 760
919 2187
4062 4988
1049 1828
2877 1039
2257 4304
333 4044
3521 1350
2593 691
1740 1013
4734 3665
834 2730
1960 62
3502 2048
838 4832
1581 2474
1998 3549
2049 4613
357 1866
4231 1300
574 646
4890 3430
1289 3884
3914 4529
1968 788
1847 4590
1808 2998
665 3829
2511 4028
1764 4615
4680 1560
4431 813
2817 4470
4496 755
1116 2766
2852 3232
3993 388
1343 1215
24 944
2811 3797
217 3465
168 783
3312 1499
2190 4236
1455 2669
701 3276
850 1877
385 2051
2800 1262
4026 235
1520 3638
4606 4874
4426 2661
1616 1548
3361 3624
1990 2553
121 2474
1287 409
3772 3346
3729 576
144 1303
2943 440
3331 4310
2429 528
1573 820
2158 562
4360 4851
924 1293
1444 3078
878 4947
1141 3114
580 938
4884 2890
317 1112
1620 1944
1581 1708
3990 4376
1580 1260
4912 156
4116 4303
2736 2131
2827 659
2415 2153
3965 710
4291 3797
3256 2816
2125 3132
2627 3317
44 710
1747 3767
3623 3393
4536 763
2518 4676
2123 2305
3865 279
1965 4002
647 4297
1298 4455
1152 2777
694 2369
2680 2365
1419 4557
425 806
4423 9
2610 4257
2648 4231
2587 4661
1215 4920
2985 955
4371 1819
4923 1239
997 3567
3081 542
1638 4897
117 379
4551 3153
741 3203
663 4698
4335 4986
909 131
3765 3737
656 61
1091 4568
2511 2146
299 977
4287 923
701 705
2935 1022
3664 200
4733 948
2455 219
3257 2756
3798 1479
2935 1844
689 4112
813 4253
2054 340
1499 2146
4516 679
4627 3707
2144 2692
4215 2204
612 1825
2663 4389
1422 19
178 4172
406 914
2433 1874
3196 647
4009 4333
1669 2574
4103 3633
3784 383
3301 262
50 1444
506 2439
133 1668
4354 4092
1519 4182
3698 258
2428 299
30 1872
4796 4018
2381 1451
3213 4999
635 3862
1983 3126
1339 1568
4170 350
3916 1011
4176 780
592 1939
246 3416
1175 929
200 3086
797 2396
721 3724
3881 4485
1975 2530
4159 1930
4691 1095
2230 3473
3048 280
4816 1158
3939 392
594 1894
3365 3743
1984 2928
4114 3606
721 2958
799 4213
3074 1019
1421 4619
2439 2562
693 53
1129 2741
282 2386
4383 1136
626 4540
137 4038
812 310
2917 2183
4206 857
1202 241
3952 1269
2855 3523
4289 2872
2685 1545
1110 767
1643 2535
2723 4046
604 1228
3676 125
1417 3388
3248 62
4660 2160
2382 2040
1462 2148
3820 3461
4635 2762
4485 62
493 143
2326 3164
3347 2074
4876 3757
344 2152
2913 1947
1041 4744
1010 2175
4924 114
550 4171
4418 4083
1806 499
1381 460
4119 731
4029 1177
2793 511
1541 4155
3078 780
1820 2134
166 4234
3035 4537
2743 4772
627 1195
2936 3103
4776 3663
990 2764
2396 4364
672 175
507 3543
4060 4632
2457 267
30 3304
2570 3200
4705 301
341 2564
258 1585
1905 955
41 3518
3219 3065
2374 606
3073 700
4685 724
928 2863
1322 1649
2019 4871
3372 2433
2974 4468
4985 212
4495 2171
1916 4243
717 4429
315 4603
647 2719
1678 1273
1294 353
197 2569
1691 1595
37 408
3313 1608
564 568
3960 1988
365 1555
3155 4230
4264 2524
3417 1061
3514 1307
633 638
2615 4473
2337 4576
3600 4118
3538 4879
2823 461
2872 2823
4708 20
1608 4526
2544 13
185 4055
2842 447
1110 1481
4910 4593
2324 480
558 4486
4078 919
1589 1884
3641 2156
2905 2186
254 2001
3504 4698
1647 1354
32 3375
3828 4884
936 302
4158 4084
1442 31
3875 108
1359 1833
3557 852
3311 1728
4308 1573
3141 1016
717 4329
1101 3039
1001 4619
836 977
1765 955
374 4903
1419 4166
2875 1647
1285 2251
3964 4124
4697 4029
4908 937
4660 3914
2707 3782
1636 2921
2301 3784
3359 2871
189 4902
3923 1826
1395 4345
2840 2068
554 1032
1757 1478
424 3391
1309 699
4586 1425
4603 916
650 4180
3128 4463
4563 1641
2925 4848
3119 2313
823 719
141 2654
2994 3253
3683 3151
3233 1724
1479 361
1181 3256
4253 2191
4132 4562
4885 4256
4378 458
4829 1814
4993 3035
3791 3857
3073 56
822 2452
1713 268
3968 1775
363 319
3218 2376
2569 4910
2962 3061
2004 4473
1971 3111
3529 7
1640 2308
3353 1798
3912 2577
3320 916
1847 1315
4261 2910
471 4779
2611 1791
3187 2601
3995 4825
364 392
1529 2135
4388 3011
608 2692
2089 1440
1611 1329
2171 2268
1586 2705
3696 1442
1245 480
2223 3038
1490 968
3602 4562
4424 3837
3618 4441
4409 2798
2640 4550
