140 2196 30
3569 183 3
2182 3072 24
1470 4475 2
862 4426 11
2608 562 20
1929 2497 19
3005 1902 22
3619 506 30
476 2792 27
4010 431 21
2312 4488 14
3594 4101 4
2122 785 5
3910 4881 30
1235 200 28
2346 2561 1
4456 4002 23
3883 1436 27
882 1835 21
3754 2641 5
4528 3659 22
146 3865 23
995 781 21
268 1128 11
3817 146 24
1070 2323 23
1299 1328 10
726 1507 12
1792 2536 17
4737 839 25
3438 3062 5
2378 2251 7
887 2675 18
763 2895 9
13 2373 18
2515 4125 13
573 4335 22
4248 1516 21
4873 3354 21
3633 4867 25
677 1927 8
4252 4905 4
3524 2731 21
3136 3419 6
3863 2720 6
376 2500 7
3935 977 20
3423 18 29
223 2734 1
3216 3989 1
3113 2458 9
4944 3010 7
491 2150 22
4389 947 16
2715 4172 15
1150 352 15
899 3101 7
1301 900 14
920 1619 27
2287 4541 26
4678 2841 11
607 1471 7
3399 1349 5
4113 4722 2
2270 2940 10
296 1411 15
66 3689 15
2778 4360 16
512 4955 16
2022 4818 5
4939 1842 22
741 3958 27
4596 508 21
4270 1284 4
3974 1052 22
3522 307 30
4129 3035 29
3563 2648 15
2193 3676 28
348 2665 5
1684 134 27
2987 211 5
2244 2521 19
214 1561 10
2399 3664 2
4911 4319 15
238 4580 22
1834 1475 28
366 2886 10
699 740 15
3371 719 23
4362 16 29
4725 3165 23
746 1074 24
1311 2607 21
2409 558 4
4954 3464 25
3584 3247 19
435 1466 27
4051 4567 27
2437 4815 29
3388 4199 14
378 3138 10
470 359 2
266 2961 24
2540 1141 8
4811 3533 6
1663 2804 19
2141 2688 8
3513 2679 8
3031 2362 2
3273 717 25
3480 3449 7
391 558 29
2142 1431 4
531 1820 29
3395 161 20
125 4686 15
3783 2193 18
3071 4703 14
3104 28 4
4448 1565 24
4329 3082 17
2840 4181 20
2384 658 5
163 2922 4
2748 4481 14
2457 3119 13
4565 2795 3
248 3011 9
1445 247 22
4136 2129 8
2808 2810 29
1245 436 5
2045 1315 7
497 1547 14
2255 1528 5
2241 2500 26
3701 1673 23
4263 2774 26
2503 433
781 3198
3079 2698
570 4350
4796 4883
176 3532
4181 4766
3193 189
1962 4946
4331 1950
3164 2302
4186 2346
640 756
3109 1311
1523 2104
1916 3575
1018 2861
4404 568
1120 4623
1460 978
3115 355
114 531
1637 3506
3982 4962
35 189
2067 3541
2998 762
1468 3318
2204 4962
2709 1949
2395 517
3889 3568
2432 4977
1326 2995
4778 993
1375 3010
4719 3709
1456 4948
1061 410
1749 389
3578 941
678 239
1997 4654
2587 859
1823 2833
2831 2478
4600 3374
4913 1410
4554 2976
3449 240
616 2806
4464 4876
3215 2294
4157 1920
2876 573
4998 316
733 4682
1532 1049
1195 4715
3982 4155
1504 4446
1925 2247
4975 4093
1019 2845
647 780
2975 2634
1330 1212
4276 3172
654 643
430 3912
4600 953
4260 3947
218 4958
1751 1927
1691 4830
1247 2989
4100 392
1661 1602
3157 1276
40 2283
4418 2770
1698 3557
866 217
4970 2437
3186 1832
3381 3696
432 4654
2167 4188
2860 3549
4644 4919
1696 1161
3155 3671
426 1420
533 2552
2107 815
3186 3749
2700 2499
4757 913
4004 4996
4758 1934
3736 3532
4297 1992
379 41
729 2982
3384 358
796 4531
2925 3334
286 1142
1346 1997
291 1969
2507 573
4011 664
685 3020
1630 2042
1943 251
1118 4690
3015 2405
2233 3140
3804 2621
2433 762
426 3268
4048 4377
1002 23
800 798
2618 350
4796 1568
907 2984
4862 3452
533 1578
488 4806
3907 1024
1809 1741
3041 3898
4377 453
1872 3467
4284 940
4240 834
2033 983
3491 4295
3112 3452
3584 4882
441 3716
3608 1152
2134 4791
1835 4994
912 1420
254 3442
1256 3321
3856 1453
3227 1824
4707 3511
3554 4305
3200 216
4522 3798
3262 806
2739 316
4045 4190
735 738
3957 3198
3168 1176
1693 1542
1084 4983
399 2830
3221 661
3640 1189
2716 942
4523 1249
2500 3999
2530 1270
3267 2008
4724 4929
3344 4292
4414 2405
4507 1143
3255 2508
2552 777
649 2235
3708 2980
2711 4144
4340 4211
3608 538
3703 2311
3817 896
3516 1322
4741 4511
1097 4798
2426 4986
942 102
3017 3327
4584 964
4430 3341
3475 4372
3885 1297
505 1089
4488 4367
4154 3246
2116 3638
3752 4042
644 876
585 489
1707 3774
3812 1965
361 3723
184 4909
1543 2434
2627 2483
897 4090
3091 680
4254 531
2075 1525
2125 3222
624 4779
849 104
4096 3004
1271 4286
4848 3971
3981 432
4713 3237
2266 2573
1301 86
2440 3580
1873 399
4924 1114
1493 4233
4527 4924
4762 4929
2146 4363
1091 4430
2477 2248
1743 1899
4736 4205
2241 356
1107 3115
2837 779
1007 887
443 690
4715 823
3338 2730
2732 4129
616 4327
1372 4535
4370 588
4392 4828
683 4446
4813 1027
1536 1381
3359 2774
2311 1687
3306 3547
2394 1439
3419 4728
4477 4355
4169 1765
234 1016
4991 3319
735 1461
4145 790
3579 781
2754 1416
1810 4573
1581 3091
4586 416
4250 378
2226 3362
1923 1899
2888 3840
3011 744
1289 2750
1909 3339
4871 2363
1019 3773
4963 910
4848 1076
2958 4438
2268 4584
397 1375
3863 4018
852 144
2995 3411
3447 4063
101 3813
349 1390
2582 3311
2650 2397
807 1878
1678 1615
2272 1394
112 3674
3901 2814
680 3838
1621 3367
3939 3724
2629 4517
1841 728
3957 2629
3552 619
2759 642
4980 2776
1896 4648
666 304
4409 3385
2929 2344
4559 3417
4627 2348
1230 3950
1952 2663
376 486
2040 1899
4699 1694
4558 4122
565 4926
604 4769
271 1315
3065 1979
773 3947
3496 4098
5 81
4347 3137
1348 1993
4961 488
4169 3389
4434 1907
2404 4419
4173 2665
2095 517
4294 2530
4261 1753
1230 3454
3774 67
3563 3187
1707 1349
1134 3179
235 4758
4610 1418
4636 4859
2272 2137
3815 1489
1446 3485
1434 1837
1076 4105
538 1340
3137 2353
2462 2738
3413 4649
2679 3429
4673 325
3800 2146
3988 1660
3152 1981
2785 4538
1024 4063
2235 1009
1032 2182
1852 667
3859 4215
650 4481
4423 2126
2185 1243
2036 2707
4869 79
521 2677
2981 2750
494 2856
2709 3425
4117 2197
823 1313
2069 157
4037 584
2972 621
4569 785
4943 4163
3834 2832
3358 216
3904 1784
625 156
2032 2702
3285 450
3097 3574
3964 2088
645 523
562 2267
176 2827
4152 1130
1422 3165
4503 924
4434 235
968 4737
298 2391
2903 4540
1910 2631
1626 509
473 1897
4922 3386
2502 1200
555 135
3147 391
3397 1597
3633 1203
4675 1573
4118 3275
2315 915
3547 3115
2978 1652
1849 4108
3732 4331
3591 1869
4754 4819
2859 3979
989 3863
847 1047
501 4732
918 1525
3626 955
1646 3661
3590 3523
1632 1513
4919 4861
3260 4760
1880 3416
663 287
250 4572
262 1586
2324 3150
3061 4247
3940 4694
1864 876
2807 1279
2271 139
4460 669
3095 2801
1538 2171
2157 1180
1881 1660
961 3190
2345 816
777 1670
1503 489
3410 2723
1899 4992
2253 3299
1817 136
1458 3261
865 30
2735 4
1936 4132
1245 4877
2531 2869
1293 1705
3163 4709
3072 1650
2002 4051
3380 2823
2921 1865
4176 53
3452 1237
3132 2925
4194 475
1365 1544
1357 3228
4540 2705
1022 1274
1091 48
1855 4218
4619 4433
527 2498
4141 3916
792 504
2680 1346
270 1276
2211 4335
2294 1643
4684 4421
4045 4687
3193 1265
1942 3522
2549 3750
22 4303
1823 1182
838 4814
4811 2168
1435 439
3897 3225
1945 1960
3408 761
2709 3314
4533 2628
2427 4008
3619 887
229 4040
859 4965
2679 4778
449 2331
4793 4942
4196 338
2106 1178
4722 4704
4094 3431
4788 4270
137 2909
4746 2291
431 1476
1815 2496
4798 139
51 2287
3099 11
3436 3523
4230 282
2526 1839
241 4390
315 3321
4515 1921
3977 66
4414 3593
2615 2406
4236 3947
1897 4556
2103 3263
4596 4834
1147 4841
4940 3507
1204 4477
4221 247
4019 545
2297 4743
4832 2405
1812 4792
1417 4582
4924 2671
771 3222
13 65
4221 1839
3606 3301
871 2451
4190 630
3701 477
2581 4173
1502 512
4171 1770
3657 2771
337 4859
3416 656
624 88
1600 1315
4835 846
1702 4048
1369 2184
1511 115
4437 3721
4452 3211
677 1814
534 2722
2086 454
4685 2459
1265 1564
2481 4935
1796 2699
3722 1956
1966 2022
914 2150
1818 741
4934 4340
2979 416
482 3313
3818 1174
1631 682
326 2708
865 759
2445 3052
4769 3989
1445 4351
2348 801
2099 3654
1263 307
3376 583
1436 2153
4778 4261
781 3717
2156 2066
982 3811
4969 1449
3683 2545
355 4448
2889 2020
3444 4840
3918 4661
285 2120
1158 1154
2878 3062
2021 4443
4054 2976
4290 3701
3132 581
851 4184
290 661
2195 4104
2127 4953
4751 2635
3457 3735
4383 2322
1750 712
709 645
983 3259
3930 4569
4531 462
1943 4035
4048 4445
2031 4731
325 408
2363 1977
1724 996
4697 2397
1766 4839
1095 3939
4160 1432
2444 2471
3464 3797
4537 1701
1115 877
2046 3173
2179 1526
2555 1610
790 890
2048 577
1487 2416
2757 4681
939 1579
4275 2890
1555 1573
2071 4184
4014 2476
2615 3529
3051 2627
1729 3674
675 4807
1414 4996
4731 2216
1926 1721
3679 4865
3776 1352
1995 190
4179 3082
870 1614
1633 442
4329 91
917 2590
3871 2481
1288 4306
4871 4578
700 3193
442 4005
865 4126
1748 2172
4117 1620
342 812
3076 2916
3626 710
4294 4638
4500 4362
4382 1464
2806 2952
2743 3582
3813 3997
84 492
70 4346
1615 3891
916 4736
2907 4068
4863 3990
1124 2291
1744 448
168 1859
3235 3499
474 4838
2342 3844
1611 3575
2900 3594
936 1715
1044 164
2826 1435
4932 879
4836 3397
4183 1525
3663 3649
3047 394
4759 3279
3738 2999
908 1399
3223 2298
4194 4709
4401 4277
1221 1614
1364 2825
1867 4395
4084 3211
1433 4171
1163 2948
2426 350
333 52
2781 1078
2350 1584
1016 1660
1021 1395
2085 204
967 83
18 2734
1682 2247
3797 1581
3377 4054
2716 2549
4747 377
1172 4464
2220 2912
118 3224
900 1375
4759 1028
604 1823
2321 871
401 2427
2150 1084
331 2476
4337 4132
1333 542
1641 1507
100 1837
3764 2882
4733 393
1156 1013
4025 1411
340 4819
2755 2191
3301 4224
4919 275
408 1734
2103 4607
4746 3529
3402 452
4911 3673
1793 2184
2295 1120
1774 4188
4192 1212
4728 3886
721 1212
4543 2706
3962 294
2982 3198
29 2428
4454 4048
4395 4403
2376 4998
4631 1421
467 1973
3229 477
4733 2591
2870 2009
2767 561
344 2484
4157 1794
239 1550
4439 3509
471 3722
4343 2872
1430 3116
702 151
4874 1417
4 2535
4819 131
3149 830
616 2268
2121 2430
4353 4834
4546 3317
1366 2264
2815 674
3314 4888
428 1286
83 3840
3794 1408
2032 964
1720 839
3337 3486
3636 3786
3556 2829
2625 3757
182 2385
4854 1137
4212 4149
394 3536
3178 498
1567 4959
3296 4348
1606 388
1720 3582
1084 4510
1541 3708
3505 2425
3093 1372
1940 4997
3423 2685
4595 80
3046 673
4156 58
1898 4182
54 2638
2683 1014
2943 982
2663 86
3204 3322
4527 4324
1075 4899
3615 4331
4987 3186
2424 3382
450 3750
1499 2685
3757 2020
945 3661
1967 949
3302 4655
4967 4342
423 1648
1786 2621
228 2940
4819 1632
4089 4670
3715 1950
3760 3266
714 3734
4784 1654
1939 2298
2658 2732
3688 4594
2795 1571
4142 1755
4469 675
3640 882
176 4974
3628 163
647 4667
1348 1336
1129 683
1372 522
266 1664
2634 2261
416 779
2291 3821
1381 2190
76 215
2661 2356
380 4326
3774 2190
519 2067
520 821
1947 1588
912 4785
1272 4867
34 2391
3235 1883
1479 2771
2143 951
357 2791
909 2591
265 1088
3643 4003
815 882
2917 1964
185 4844
4456 4278
3170 1446
1826 4675
998 1864
2360 3672
1587 3699
4737 2785
1705 610
3254 1543
539 1903
3421 3928
654 393
437 158
3399 2074
1761 2824
3475 850
3231 4372
3525 4811
4889 2328
1508 390
2112 2585
4245 3904
1691 4241
1813 845
4899 1412
1587 4257
2903 438
1326 3600
301 375
4581 191
4142 3290
1656 1942
495 44
1214 939
2332 3998
93 4452
1597 3208
1600 4824
1545 2567
2610 4254
2521 450
4253 4855
2551 4396
2580 2792
4405 4882
3650 3005
1108 3176
3918 391
3469 3481
2029 3370
859 3114
2149 14
4301 162
4004 1813
3436 4427
1336 4886
1646 3256
2905 3845
1299 377
4504 3992
198 3746
240 102
2893 788
1135 3470
3084 3184
3439 2989
1348 4223
611 1023
101 2928
1273 2217
2229 1251
217 2951
768 1149
4441 3521
4069 4561
4995 1530
2046 3481
865 4467
845 194
1427 2191
15 3505
611 203
3960 2158
4680 1198
2901 3013
4699 4731
4159 1885
710 4977
1145 1608
2864 3644
2740 1802
4920 852
1920 2081
442 4331
2679 2966
4799 1941
2712 3792
2021 3149
1314 1398
522 282
555 4734
4688 1810
2196 739
673 1575
1804 3652
3305 2569
3102 748
2103 2286
4918 3980
635 1063
3605 1192
4039 4284
4385 3389
3319 894
1342 3837
1235 82
155 1504
2579 985
4835 3046
510 2215
1170 4322
2421 4823
2745 42
2353 4622
1930 1809
628 204
2912 945
4960 886
992 2114
323 3519
1991 4230
3857 3263
1240 2878
3818 3517
4650 3549
3999 4269
4495 3132
672 3527
820 3622
2451 1386
11 4459
4060 4400
1270 469
2469 2006
26 2929
2438 4068
807 1352
4569 1366
3420 1914
760 2256
1173 3103
3760 2750
4109 1304
4553 173
749 993
3904 3173
486 1835
3193 4640
4525 1429
1029 2723
1722 4348
2528 1958
406 318
1726 3810
739 288
1971 2330
4648 3228
493 4351
2801 1746
4668 4167
1534 1776
1092 455
1268 4763
4927 2238
263 3353
4623 4725
1520 2245
64 4849
2683 4853
2482 1419
3178 2278
1634 2820
2387 3967
1863 472
1872 4178
4275 4508
2863 2522
4058 1305
4627 4100
269 4133
3070 3545
1013 3568
1407 3792
661 850
3191 4299
4755 1708
257 1446
244 1453
2836 1289
3321 3746
3329 671
1982 4883
29 3906
1622 4035
255 159
946 2364
2367 2327
3973 3265
4587 4352
4877 4191
1197 3117
4244 4858
2170 4013
4199 3008
4147 3386
4988 1676
2813 341
3566 273
1371 2589
4222 2845
3232 4210
1672 2929
2249 4857
3925 2513
1514 3826
4156 3021
68 3770
3039 1709
780 520
221 1045
3250 3658
986 2267
3707 3771
4564 285
148 4573
782 3776
684 3855
1223 352
4658 2590
1961 3739
1998 162
1244 2049
3379 565
3858 920
2933 1197
1487 653
4833 4348
3370 2592
3631 970
1743 1496
485 1931
1475 4074
828 3395
2465 3759
1507 1714
2182 3586
1799 908
626 3519
1840 4537
4819 1534
3690 3013
713 3844
1200 1427
2445 898
173 795
4967 3883
4297 1083
45 2799
740 127
1304 827
3133 3846
1343 3141
1246 4225
2809 4523
3855 1052
4304 135
750 3960
353 173
3292 2349
1983 4208
3129 3534
370 3025
1555 1523
2172 712
272 1683
5000 589
3795 105
4555 4576
3888 2293
1012 3041
2814 604
4929 1902
4057 455
3307 773
4796 256
2990 41
4611 2395
2342 42
3116 2669
1457 1842
2400 2798
740 1477
3961 2205
3084 3529
441 345
4661 4565
2720 3647
2208 663
2125 2274
1014 4240
2696 4910
2538 2663
3805 546
2190 4864
1829 4270
2364 1344
1807 1973
775 898
44 2887
318 1582
904 902
3324 2017
3502 4855
960 1835
1161 473
313 4221
2147 4491
2913 4672
2292 743
4428 3379
3256 4924
3335 3021
2922 1210
1251 1430
476 3193
2006 2307
1126 796
3287 1697
4866 2405
4182 1376
2982 416
3337 1317
748 3730
2474 2778
4561 4006
1161 937
3678 441
4771 2164
2630 4889
1204 1964
330 436
397 3989
4874 4741
588 2240
3517 184
4891 4259
200 4202
3156 2319
2695 4041
4490 4395
12 491
1560 2967
134 479
2541 2278
2423 1632
1356 4899
3635 320
4389 946
1621 2416
4424 3642
85 3991
4851 2078
203 1687
2025 1584
3902 3256
4722 2027
154 2502
1550 2142
542 2182
3502 2685
2365 4102
1828 592
908 492
4872 2261
1622 3589
2158 1867
382 4741
1879 2234
1523 1342
2291 2671
4184 3530
1288 4872
4287 3081
1757 2431
494 3046
1199 1705
1136 1533
3074 2539
2109 1206
4120 1553
3498 4038
3661 731
4412 1730
1126 4997
4777 4527
2094 1947
1086 2898
3046 4525
3686 3025
4588 3533
641 2366
535 972
4561 2950
3708 2134
600 2864
2756 678
3763 2877
4595 1431
73 1365
4217 2081
4322 2783
1222 4223
4794 2736
342 4373
3351 638
64 2290
2420 3037
2161 4872
1724 2881
3251 133
594 2037
2431 2831
3559 2916
674 4428
373 765
2910 1134
3886 855
960 2604
4535 835
1557 2461
810 1009
2019 3792
391 2121
3743 910
1638 4836
1753 1230
3123 564
2704 1620
681 2926
3893 1456
2462 4193
4866 349
681 2599
2581 3154
1855 3256
4460 4712
451 2022
3008 1984
677 1275
2647 4267
2407 3597
552 4264
795 1649
1592 4124
4388 2126
2118 3540
1149 709
2655 823
4211 2727
3120 4650
2861 2854
2947 1543
4881 4009
3629 1799
3347 725
4008 949
4429 2494
4753 1478
511 3476
3651 540
2941 4364
3232 3016
2341 1183
2985 616
260 2872
397 426
2376 3167
1300 747
1663 318
3203 4794
647 1904
2684 356
2015 323
1793 2238
2700 367
4305 2261
4085 585
3253 3753
3618 2395
4175 3416
4441 2838
421 3891
4849 1659
3809 1523
1177 3933
4549 1892
2522 2243
4958 719
3425 1847
449 3836
3415 992
2716 2220
4965 1021
2921 4202
2581 3015
1134 684
4671 2554
3107 4184
76 3020
1715 4391
2744 2372
1440 2812
3879 1163
2574 4656
4506 1733
2401 4123
888 2717
75 2919
2778 1724
3874 3139
3100 1537
4642 2539
2691 1344
3658 4022
4734 400
2233 274
2192 4702
422 4440
990 215
2453 116
481 2903
2664 4324
2852 4308
2597 3728
2976 3031
2202 4375
4953 2388
3369 3957
4482 4891
893 1970
3842 4410
772 3273
1304 674
1274 238
345 1876
3624 4126
836 3361
1317 2311
3410 4930
899 2425
2517 3777
4431 454
519 983
1985 3938
529 957
3085 2536
2959 2340
760 4478
3556 3961
558 223
3057 4737
834 3023
4478 1533
2628 4698
4395 2934
2185 588
1523 3290
2344 1987
4868 721
3272 3699
3283 1655
2896 2018
309 1183
4399 3064
2052 1563
4902 3017
282 984
3652 449
1422 4716
1164 3138
4915 239
4827 2378
3514 4530
728 784
1846 324
2725 4628
3702 3866
1234 4593
3242 1011
3952 89
775 3872
2154 4560
1760 3466
1831 1716
3325 4612
4968 2062
3380 4552
1429 2353
1974 3811
1884 1405
2958 1721
4189 4933
4330 2141
2044 2229
3322 1480
1378 2405
4267 4878
1895 3540
2425 1550
611 2543
4563 424
114 4233
535 2242
1283 1753
567 2936
1068 4325
3498 4592
3979 4273
1611 2500
3061 3371
4621 2257
1798 41
2546 1917
4341 1889
935 2093
4663 1179
2232 3730
2584 3153
3418 1448
1718 4206
813 4909
527 3848
553 1380
1171 3206
1715 2760
3407 4150
3276 2139
619 1819
2502 2876
4474 3025
85 4728
2551 642
1527 984
155 4268
2115 2304
2562 1512
3691 4513
2086 3825
3814 1231
4539 238
4338 430
3795 4562
4168 4743
4001 766
2889 4297
3718 4161
644 3429
704 188
1316 4480
764 2545
646 4250
2163 1491
1902 1034
2448 399
1773 4421
3758 2531
3136 3338
1424 1662
455 1569
2855 3832
496 4255
4713 1309
306 4648
3458 4606
2675 1015
2544 2407
588 1724
1015 1573
949 3347
4128 663
3343 1618
3268 3568
3457 4512
121 1126
1989 1472
2823 1735
4148 2710
4048 3667
822 3131
4709 312
3683 3187
825 292
4753 1682
3637 3120
3376 3217
194 234
1716 4302
1489 3846
791 3415
3156 1241
1229 2018
3219 1470
1068 3895
4621 1310
2677 588
2157 2968
4223 4688
45 348
2880 4393
1478 3604
356 247
3566 331
1714 2293
2619 1926
1232 913
4120 3135
1115 2356
4444 4788
1650 4605
3263 1933
4393 107
165 1250
141 3541
4768 3567
2201 699
3723 4552
3298 2181
272 4221
4611 3585
2085 4364
2903 2851
3732 730
2215 168
3136 4820
2999 2008
821 3803
4137 3746
1107 1217
1895 20
3774 3880
4113 1841
2255 993
4121 3560
891 4158
4948 1386
3346 3087
3496 836
508 849
34 3224
4533 731
2248 969
226 4517
3227 1286
4763 3271
1906 4336
3747 111
3315 2239
4521 2688
4521 2402
3295 793
554 2676
2604 2778
4117 4890
4677 4018
3363 3480
1880 1040
876 1926
4998 4693
4833 3400
2846 1349
4622 2091
2628 499
3844 403
688 4689
2187 2059
4497 3866
2138 1937
1487 3683
2795 3755
4261 10
2721 3405
264 3458
3626 2338
4749 4346
3902 4504
4041 1074
2751 1741
1655 1673
4884 946
4888 2213
4290 4425
2873 1205
3224 3109
2597 1805
1150 192
181 397
3989 3189
4998 233
2200 1674
2694 2465
692 1017
1454 2912
19 3198
1465 2979
4175 4929
541 482
1451 3395
3101 1373
1815 1132
1626 2272
173 4889
3423 3472
3604 2339
3046 1961
4519 1508
1094 4289
4569 1268
4158 1732
549 4053
2386 2844
2400 2552
3543 3085
3990 628
3747 3065
4931 1615
686 2939
1276 100
3877 2808
235 1359
3773 3845
3526 2564
124 2241
3033 3326
614 3502
1516 673
3512 4933
1542 1897
1224 252
891 4611
2926 78
3722 4595
636 951
4731 572
4448 3374
2704 2643
1110 657
4453 27
1802 1748
2133 1782
4997 4825
4201 1317
2714 245
475 953
4256 1316
2518 1384
2725 1026
1068 2340
1940 2746
545 2087
1947 240
1100 3920
2461 2039
1380 4518
1501 1610
322 482
4802 4320
4163 3164
2525 4701
4584 1816
842 2372
1530 3133
2621 2758
3204 1886
225 3930
972 712
1715 467
1257 2796
2496 863
3795 1512
3110 65
3408 4756
1801 4888
3817 833
694 2022
3675 754
3977 4992
1025 574
663 91
2751 1231
2044 1471
3376 916
951 898
4803 1664
2970 1210
2709 630
2634 1797
292 3717
880 4303
1175 2529
248 244
3877 2646
1786 1840
2078 4500
382 1733
4527 1754
1817 1075
3137 466
2621 3323
2993 1258
3594 690
2485 176
330 12
1427 2069
2371 1215
2618 1203
1240 1333
1092 1618
1936 3872
897 4329
1212 4051
3202 4439
3043 1057
345 3223
2343 4181
2333 2617
3042 1914
2050 132
2040 3084
682 4513
4580 3387
3124 997
4260 2837
2342 852
4652 2573
4124 4134
2122 1928
577 759
1362 207
3746 2324
37 190
2949 2626
3708 2591
1173 1263
1476 1952
1271 4691
4380 537
3311 2802
3017 107
273 1839
3164 3549
4095 3673
3044 4358
239 4747
4501 2732
3505 728
1451 433
1259 943
3732 2089
2249 4546
1539 1890
3322 4947
2148 3150
3833 568
4001 1890
1807 930
898 4429
1421 3821
1964 4409
874 1992
2018 4144
3479 1922
949 2006
2569 2031
3923 186
394 4053
1444 3362
3694 3252
3033 2691
1400 1761
3057 1783
3961 183
4382 3850
660 3820
4847 2777
486 4415
318 4083
2858 2023
3103 3817
1964 10
3510 1743
711 1611
4772 2762
1957 4087
3208 4620
1752 4568
116 1949
2771 3770
2566 4316
1804 2438
1335 4551
2064 2934
4542 3499
1332 608
2934 2848
3650 2741
1884 2367
4453 3272
767 4802
4141 1592
4043 3459
2804 995
4183 2862
1934 2341
615 1547
4388 3342
4405 3843
981 224
3774 684
2360 4622
3250 2129
1180 1541
3983 2899
704 2311
2815 3008
3002 1998
3357 3478
3929 3771
2676 3197
3925 2844
603 2667
3320 4901
3072 2270
2043 3033
4030 209
1856 4473
2809 1828
2870 297
3729 3761
2131 3828
3645 3337
3368 382
3685 1571
1053 1295
4352 5000
3568 3367
4557 3815
529 2613
82 497
3196 3789
4112 4744
3571 2737
2088 489
1889 2956
802 481
4568 25
518 49
10 1404
3835 1687
1737 1047
3748 4749
2303 243
2232 2312
4264 3150
4940 4762
2362 121
1422 3353
3464 1834
4303 2126
269 2851
3495 3695
3515 4926
1532 2454
4707 4553
784 4309
1623 3174
3153 94
4527 3650
1014 3270
152 4517
2410 4082
3783 3493
3217 1691
3048 751
2697 4581
3369 3793
460 4743
362 2088
1832 3637
78 217
1139 2515
4899 3590
21 4731
2099 2272
3428 3003
4877 4470
1572 3579
3022 2304
630 1116
1334 2954
11 4876
1536 3576
3169 797
3795 482
4851 2760
4389 2241
2139 900
861 2026
1434 4245
181 1737
2496 3281
4320 3661
1120 180
2105 189
351 812
3602 1783
478 4004
2522 142
1653 3036
1660 2800
1194 212
3835 4365
2795 4115
1810 2355
3547 4483
2074 126
2706 4958
2123 4142
2962 2437
3418 2087
4185 1661
4783 4767
1342 3438
4210 2552
3521 1853
3402 2506
4654 4119
1837 2003
1466 1550
823 1534
2798 208
4132 793
4072 901
370 3415
4296 719
3762 3462
1796 1075
3020 3687
1050 2862
4906 3329
3271 4053
3355 3781
55 4798
982 752
472 2222
1918 2794
3193 4740
3921 3825
3182 2000
1147 808
269 4073
3729 216
1826 1572
2205 2406
124 3829
4441 114
756 2047
1903 1012
2394 382
4619 2825
2015 4949
4791 2247
1020 222
4060 2175
3390 4334
3780 3495
164 4805
4058 582
649 1196
3089 4492
91 3496
3422 616
3150 723
1562 3047
840 3039
289 1154
1249 4316
1365 2502
827 3456
3975 3921
3310 547
1461 326
4199 274
810 4191
4045 1731
1113 3879
1714 1556
1202 2676
2682 1142
2813 4271
1095 2386
2730 1554
3027 4550
4117 992
2275 3321
3705 4124
4875 968
3984 1823
1629 2792
2025 615
364 4160
3337 2079
2645 4518
1612 3427
4255 444
4578 1330
1833 4915
2212 2488
390 1432
1226 4501
3440 4173
714 2537
434 2213
1122 3976
266 4483
4182 4212
2203 3460
1367 1063
1848 209
3418 3063
1982 3143
2690 1658
140 2227
1914 1602
1736 4753
1113 1914
341 1147
2922 4773
3674 372
3340 3431
2230 1510
707 4836
675 3737
3777 1561
4089 2514
486 4681
851 3040
2964 370
3329 3307
1057 249
761 2001
888 238
2100 3678
549 2705
4697 4485
2390 276
1191 3337
4596 2245
178 2893
993 4071
3257 2349
3966 2151
1956 3380
1502 2296
2712 4463
4666 177
185 2686
3456 1242
1200 3876
2278 3934
4999 3633
70 3340
3534 4756
2323 4311
90 4411
2996 2391
312 1314
1123 2485
1063 1190
4622 1383
4579 304
2034 2968
3882 2202
2020 1314
2838 623
674 1358
2394 4044
3608 3980
1333 2729
3150 2160
4101 2352
3421 1609
3305 3921
1459 17
1697 4178
2030 3132
2681 3431
3134 961
4821 803
3913 1720
1616 540
3789 509
249 4723
2550 842
3 1279
2672 887
2448 4025
4525 3661
1683 3389
575 3702
1078 4398
1365 3824
3499 2529
4647 4862
4367 223
3728 898
2893 4881
1410 4850
808 1479
758 3677
