10 52 30
458 254 7
938 427 6
871 546 9
783 240 9
300 386 9
64 384 6
266 498 10
560 880 2
653 64 10
35 991 7
440 689
684 887
517 815
943 837
175 177
901 161
574 810
901 203
510 748
434 958
514 580
284 84
936 921
890 773
6 880
967 190
854 164
211 897
361 220
695 602
849 729
653 515
446 902
243 276
137 256
959 577
969 205
575 398
684 499
923 688
536 618
50 843
335 557
567 868
948 402
677 61
736 878
455 567
198 283
487 863
484 342
631 615
199 618
322 239
518 246
132 490
934 418
506 790
850 22
922 761
488 403
989 703
