120 436 30
457 271 7
622 380 6
938 359 7
258 86 4
935 486 7
325 437 2
912 794 3
960 295 10
870 835 8
942 975 2
972 950 3
812 513 3
454 509 9
34 962 3
448 141 7
80 214 8
787 132 3
185 582 10
72 381 2
948 572 3
477 389 4
886 636 2
345 241 3
195 719 2
143 612 1
831 543 7
894 921 5
759 175 9
341 221 5
1000 751 7
841 983 5
354 848 3
851 21 9
82 177 1
31 604 1
622 525 8
835 275 9
688 39 10
102 548 3
218 814 4
717 887 2
346 727 6
1000 174 4
949 185 9
840 34 9
285 244 2
248 138 4
921 325 4
598 758 7
522 916 10
428 195 3
209 929 9
817 697 1
88 168 7
377 683 5
62 865 6
771 293 5
222 846 4
845 392 6
230 717 9
599 343 4
132 144 3
478 188 1
525 268 6
818 334 4
535 47 4
376 568 8
517 483 6
128 118 4
336 337 10
107 95 9
512 482 8
475 33 8
699 667 4
885 95 5
364 586 3
990 625 10
879 648 4
697 312 4
41 298 2
837 899 3
21 804 5
438 132 5
464 834 4
312 582 6
658 418 9
916 7 6
831 546 9
264 676 3
144 939 8
843 1000 4
439 689 7
260 328 10
366 210 4
750 133 9
396 737 9
944 393 10
851 493 2
765 646 4
744 611 2
772 630 9
917 203 9
487 690 2
173 275 3
67 383 2
379 182 3
814 911 5
469 133 9
214 539 10
105 993 4
853 282 8
531 855 3
857 101 1
857 133 1
680 872 6
425 531 5
126 548 10
323 644 6
200 547 10
81 541 3
517 386
766 236
367 412
183 550
962 544
794 645
826 165
946 647
643 725
691 261
608 815
467 434
167 444
301 37
288 257
355 230
926 961
870 455
212 603
615 621
954 962
728 315
348 169
875 227
530 676
477 493
731 236
600 539
314 225
413 102
833 208
694 909
412 874
49 312
562 852
847 651
306 732
137 583
894 741
788 346
764 878
981 171
156 361
347 479
823 472
367 433
723 554
79 110
171 256
322 530
327 488
540 137
670 330
414 184
940 261
608 211
459 661
441 19
41 169
411 765
577 75
977 965
443 14
327 43
663 929
130 369
160 164
802 556
673 69
996 493
560 880
496 938
787 174
555 813
652 945
969 583
865 336
823 30
893 713
537 739
178 121
420 138
155 703
161 590
57 952
677 593
895 427
15 275
781 477
743 226
53 80
960 653
48 663
724 566
436 981
213 448
819 487
361 479
882 323
73 203
727 230
535 317
225 807
74 322
236 717
109 656
21 721
251 507
659 399
527 469
960 612
711 304
817 263
326 767
211 882
35 34
659 814
392 671
628 401
519 542
738 582
994 760
312 513
251 312
598 48
750 825
877 206
328 54
579 975
547 445
57 798
560 487
701 544
796 643
804 308
214 849
326 814
859 145
647 295
853 652
822 540
460 576
768 84
905 54
329 376
362 473
255 804
325 505
561 742
351 808
434 837
709 506
41 953
794 711
654 155
654 146
434 360
628 849
237 698
404 395
781 326
992 75
737 526
391 932
600 704
130 559
105 750
204 79
270 277
3 510
740 14
122 997
11 645
381 566
78 569
706 484
627 158
19 858
964 966
558 489
95 596
64 560
322 299
208 848
779 240
781 556
545 235
988 843
743 187
545 255
955 452
920 576
648 957
127 235
500 500
182 204
567 788
431 235
295 897
298 847
207 691
91 956
179 73
125 198
175 172
135 875
171 310
157 105
420 46
256 425
775 529
63 311
723 495
831 911
171 955
809 347
51 756
832 214
87 619
351 327
956 7
690 829
166 957
524 795
191 306
616 359
681 148
481 86
932 775
278 530
223 922
829 851
895 471
227 944
22 966
41 447
565 930
212 532
273 866
522 71
390 332
869 999
238 357
831 313
232 701
427 634
831 44
719 280
449 305
867 245
308 891
186 768
721 646
142 673
251 77
16 952
554 799
172 159
802 18
386 3
89 574
824 493
377 660
304 231
289 942
192 167
278 492
489 204
877 605
389 973
700 70
561 785
237 983
275 807
758 124
702 371
683 825
90 31
526 996
523 338
368 966
114 537
757 187
539 357
924 768
448 713
261 501
717 268
412 800
284 661
768 369
731 428
534 774
94 830
478 495
725 908
821 538
739 686
393 859
199 194
587 694
590 939
998 728
810 417
972 475
845 782
24 115
391 254
436 899
565 219
606 266
990 269
793 228
148 645
841 738
54 730
56 84
655 951
767 736
758 84
384 699
558 571
302 127
348 589
57 913
646 471
246 390
566 858
968 305
634 681
581 930
359 650
24 456
111 503
155 386
825 905
245 689
660 392
335 323
861 201
105 586
846 463
194 963
35 609
670 164
35 9
95 602
431 855
603 202
396 197
342 574
688 60
222 661
120 574
371 391
916 391
76 491
40 41
667 53
314 579
494 701
818 565
870 6
982 739
543 253
13 642
336 577
768 411
555 512
730 972
805 68
375 830
589 777
157 151
300 954
393 489
228 625
194 552
260 517
952 611
496 571
556 804
714 702
366 472
381 172
565 746
701 387
84 678
752 340
832 801
625 372
775 521
26 728
55 787
1 82
869 617
677 367
888 469
496 149
586 247
223 806
751 181
654 738
444 99
668 135
209 509
629 483
909 878
72 232
70 580
510 358
909 918
216 212
434 881
186 767
409 445
619 278
629 296
391 569
826 654
86 641
607 269
48 708
358 514
833 872
62 545
891 356
109 510
655 718
164 731
139 971
283 332
442 997
851 160
132 169
324 389
