70 1059 30
745 1803 5
1184 4311 9
3709 1613 13
3584 1110 30
2333 1865 3
3832 3267 11
3889 4259 17
2445 3111 19
3025 4935 30
1701 4730 12
1971 1584 13
697 1062 15
3734 4192 1
402 1113 10
4187 3976 15
3800 1852 15
1071 1636 19
1692 956 22
3270 2390 18
598 3444 23
3187 2699 3
4848 2290 19
2554 4666 15
4706 4944 10
320 3140 23
1727 1717 25
874 448 19
2306 26 14
364 1236 5
4337 111 12
2598 3596 12
506 480 24
3386 360 5
2566 1862 30
3964 2759 19
3705 2283 26
4164 4759 1
2384 322 7
1493 287 12
1394 3772 19
3298 926 20
407 3912 2
1318 3300 1
3822 1391 13
474 4043 23
1868 3612 28
756 2614 23
3241 4048 10
1568 1865 26
2134 3445 21
2714 379 14
1618 2599 18
1831 2417 22
3179 4187 16
463 4414 16
905 2370 15
4597 3424 20
809 3225 13
2206 4856 13
1787 4780 10
3475 1602 9
2769 2154 26
1761 792 5
142 3819 8
3043 482 28
1913 2477 13
1396 4294 8
4572 241 1
2837 4698 13
4318 351 22
3536 1454
400 902
1890 3506
3915 1325
2747 2917
3680 627
2839 4514
1389 3826
4573 2642
1866 2166
3954 2759
1639 3395
3091 2132
2613 3573
2959 2126
2040 632
1272 2617
3159 1220
316 1300
831 3562
553 1004
2718 2641
1970 2154
3057 1787
1775 1601
3455 4856
3128 669
4166 3690
401 1908
2450 816
3637 4329
817 993
202 1528
3164 1459
1361 3769
3371 200
4465 1160
1409 4039
3210 1115
4151 3978
1386 2691
1255 419
307 4983
2840 1687
2041 1480
4622 1175
3566 4616
3693 2429
4067 488
4159 1675
1927 55
3088 1822
588 3262
305 2521
2420 2354
3530 3725
76 3617
1336 4303
4022 4502
3039 740
3359 1543
4609 4250
966 749
4175 2670
3484 3263
1785 4736
581 4840
4741 325
1525 247
3745 4442
3613 3064
121 1198
4512 2405
1778 468
2374 4733
1557 4764
2163 4812
2156 2543
601 2531
2183 613
1279 3619
1270 3985
2484 4709
164 802
2673 2785
1235 395
238 3148
1400 403
4995 4693
1446 2412
1564 3872
2694 1504
2375 2382
4142 3681
326 4406
4279 3451
3664 1524
4076 192
4913 958
2209 862
4245 1757
1171 4715
1358 4399
217 2626
1823 2131
989 2482
4214 3525
4089 1013
2257 4140
1950 1433
4778 4017
2268 3910
463 3421
310 377
1855 1502
4426 2774
1204 1248
1031 744
798 3953
63 692
2776 851
4544 1942
1825 2957
2104 4055
740 4125
4113 4606
2170 659
2303 4500
2686 2365
3375 3718
496 4643
509 3700
2681 3208
1905 1260
433 3266
1335 1846
776 4134
3688 2104
424 2779
2167 1648
991 1594
1266 4584
3424 4851
2326 3891
4059 1497
566 2993
695 1943
3288 3064
3316 3654
630 1740
3363 3039
1241 114
1924 2041
1839 4448
1537 3423
234 4813
3848 3658
4081 2871
2294 3805
1830 2302
3231 183
1041 1140
1597 745
4769 1391
21 1254
864 1994
82 3603
4353 2746
4748 1842
4763 1020
1100 4500
3509 2150
3137 977
3709 3708
1553 4376
174 2755
1213 1962
1583 2511
1038 1879
3734 251
2600 422
4876 4427
706 732
1598 834
65 2155
2961 685
4189 1783
2740 125
1793 3783
2020 2740
4091 3213
4062 1286
3709 513
1021 1762
2282 1291
39 2575
2214 3318
4592 3171
2615 1049
836 2508
3411 3574
3452 3827
3198 2733
3814 2309
440 823
900 317
3347 2767
3827 2472
769 691
2086 2955
4788 4642
2335 4657
2502 3855
3207 433
1321 3972
1059 2113
3508 2882
3023 1506
1093 3240
2050 4212
4212 2445
3797 1098
4253 4401
2931 3740
687 831
2929 3231
3552 1099
3074 3641
90 1115
1664 4058
2302 1193
3543 486
3232 2563
2383 1178
1474 4091
4304 410
3220 3735
4481 2848
4316 874
3193 3706
4828 62
1225 3496
1480 2318
2301 2674
741 3762
13 1077
4553 1666
4853 3962
4801 1631
643 2169
1183 1708
972 1081
2632 142
1684 2691
160 1588
165 1894
4809 3545
2772 2378
1485 3310
1215 4528
3314 3483
1842 349
4849 1881
2735 726
3667 1581
2116 1377
4839 3293
2118 1655
1808 944
1528 4760
1604 2288
4618 4630
139 1216
3930 3266
2398 1578
3358 1246
4544 2945
368 105
2546 351
1164 1825
1782 1311
2602 2724
1081 4100
2539 3904
2624 2169
3954 3325
2942 3170
3722 1428
4192 4461
3760 3419
3727 3340
3424 3429
1009 105
4656 3178
822 3539
156 2868
2991 972
4754 2942
885 183
3424 2201
117 4539
4124 3121
221 1116
2356 1501
1837 4839
1476 1042
3489 4986
196 3358
1413 1039
2917 4072
4711 170
3741 1581
1871 3385
1746 3070
2311 3383
2705 4444
2972 36
202 120
1740 2501
3595 2576
195 4511
2689 4111
2195 1131
4258 2925
1934 3134
4128 3206
320 1178
4601 3703
1182 844
2543 3085
3807 2275
2798 1797
168 1892
1247 21
3633 687
4867 1738
876 4831
2021 731
2271 3918
2644 124
2233 1766
4306 680
294 2189
2983 2751
3996 971
687 917
3660 1543
142 1918
4672 3292
3936 2024
3552 2175
4115 3646
3492 2967
760 4017
2662 3146
3770 2433
1633 3366
1705 3720
1729 2399
229 2494
2314 3890
1433 3215
1953 3429
3204 3284
632 1027
247 4433
640 1098
3391 4592
4716 4462
117 4976
4164 2290
3823 3762
948 3460
671 2864
2183 3671
4447 802
1494 1964
1589 2575
1871 750
3983 1578
975 2806
174 3955
1625 3118
4000 1262
3736 3210
1266 3844
3016 3115
1594 1120
3524 4980
2080 4962
3241 412
4449 3312
1880 1857
1139 1232
4835 2654
4759 3491
4431 500
3192 4711
2948 4453
2042 4009
797 1965
4306 3830
3990 2660
2640 4290
4710 1105
2383 2440
3870 548
2523 3732
3433 3114
3590 3645
3049 945
3477 1937
2929 4632
570 4712
1799 4672
1728 800
958 3883
656 4835
2995 67
4087 2964
4132 3931
4585 882
2267 120
3002 154
3516 4726
949 4937
248 3539
2487 3235
3172 3245
4658 4959
2341 3869
217 3135
798 522
3111 2606
4324 2104
746 1450
3032 144
2210 1751
829 3831
449 2774
766 1323
440 2531
145 3625
4344 4850
4686 1795
3984 1514
1557 2584
3613 4061
2052 191
2735 4661
1421 1696
4874 1962
2413 1446
4214 887
1421 4978
177 1878
2634 1282
2143 1250
2197 1477
2107 4259
72 2789
4746 3560
4741 2162
4709 4587
981 1939
284 2128
754 1258
39 3141
4157 3516
1356 3113
216 4638
2377 448
658 1506
3352 3098
2598 3367
2967 2696
4186 1461
1562 4930
2228 1205
4848 990
4828 1214
3464 4921
3641 3226
3361 6
522 503
3334 431
3144 3863
289 4546
2588 742
4865 2773
2132 557
4758 2789
4213 4795
2966 4205
636 1109
4031 3376
3560 1770
1333 1462
4121 766
1124 1349
3910 606
4354 1326
3461 4413
3488 2549
1711 1648
3748 2932
275 4620
2293 334
1777 4764
1344 991
54 1346
1431 3183
462 1734
61 502
2039 401
4009 1434
4442 2273
1516 1406
3307 4163
1863 1423
1918 3005
3179 3211
1601 2307
1566 177
741 2973
2903 1374
2474 4188
3170 63
3575 4498
3822 4567
4012 203
1775 2394
3944 2415
3989 2191
4062 1476
3226 3882
4875 2230
4127 3219
1570 3449
1224 3401
3054 737
3133 3633
4374 1112
4796 361
4588 4225
2437 75
4573 4585
4662 1124
912 4748
2735 1334
4957 2461
3436 4010
2595 1099
3463 4812
1768 2739
1367 2003
444 1132
3009 2503
310 3200
4384 636
4420 1458
1319 3941
1411 3037
1121 4442
207 2729
1401 1125
193 4414
440 3334
1269 325
839 80
2361 1121
4647 66
2253 4573
3020 397
1255 52
1338 4640
3489 4216
2233 4205
227 1071
3043 257
3910 1188
4383 539
3863 3180
4223 3202
4268 711
2100 1842
747 2229
577 3838
548 3646
1999 2492
3088 277
500 3683
2246 2710
4030 1549
4136 1707
4049 3332
2386 2850
4595 1848
608 3867
4822 3034
1576 651
566 4881
4010 1024
3099 167
3829 1971
4482 3175
4921 410
416 2219
2705 2720
1704 1736
2632 957
1521 2093
4136 379
3612 2992
1198 456
646 1701
3117 3424
1775 3193
4487 2061
1624 239
1476 59
2513 4664
1330 1876
481 2199
2629 2435
465 2760
2501 4091
720 98
681 3774
3153 489
4817 3128
1146 2523
326 3192
1190 3661
4972 1158
2048 4662
4798 483
833 1571
1938 1050
3115 2224
2415 3487
1340 1882
3613 4541
2824 3542
2126 4372
4291 3934
1774 4245
2435 4833
3438 1193
2731 4239
126 2533
1469 1276
1715 1905
4854 38
2403 3694
1759 231
3859 2303
1482 3934
3065 2976
1824 4929
2859 236
4735 1556
3904 870
177 3525
4286 833
2152 746
658 1051
3591 2736
155 1358
3879 2814
3084 3884
3921 327
599 1023
1298 2225
4551 659
684 435
3414 2413
1874 1124
1367 1268
2586 1211
3811 685
2762 1028
1628 1622
719 1541
4018 93
1102 4751
1656 2639
2808 4798
1923 4268
2043 2765
3676 1192
4328 1938
3792 3728
4472 3637
4068 2655
546 984
3485 768
862 1499
1555 1379
127 416
3142 4194
521 1400
2952 2665
2524 1341
269 1198
4993 2348
4088 3964
1288 1024
2900 3089
4975 277
3345 2280
4426 706
1186 4607
1493 35
3587 4887
1800 3998
4364 290
1817 233
527 1341
4334 3267
4254 4939
4327 4832
732 2689
2473 1803
4461 1928
369 826
573 2429
3265 311
430 3864
4705 2612
3439 2969
4314 4148
3629 2432
246 4165
4695 3064
947 3986
2663 4852
4795 3911
2108 2563
2787 1870
938 4385
1708 2799
3413 2773
2896 3632
1019 555
4028 2396
1082 3610
4417 4205
1862 1995
4825 765
3665 3865
4623 1385
3272 3298
668 326
2575 2576
944 281
2358 4922
2526 2879
3948 3058
3263 2586
4920 1802
1259 3231
4742 1851
76 3773
2700 3678
64 3631
3962 2146
3083 697
3276 2621
2148 3284
117 2347
2682 4390
990 282
339 3368
4331 744
3487 4154
3278 775
4016 299
1805 1165
3501 3860
3499 532
877 4806
3963 4439
4231 4421
3539 143
4470 755
2877 4420
4676 1354
2394 3252
4191 1
3082 4194
4745 4389
3218 1836
2930 1752
810 1980
4356 1158
1561 1847
3902 1285
1043 1003
1167 1211
1994 397
1805 3144
1489 4060
3981 3696
719 2505
1217 3595
2176 3160
4950 1165
121 3670
2201 1937
4753 1854
100 3983
4548 658
4080 3245
3025 3656
3731 1786
3416 7
1814 1742
518 1028
4931 4797
1062 4008
2984 3835
633 1929
869 2813
1440 137
2087 101
2115 2539
2009 3163
1724 3047
4221 4613
3554 2990
2297 3407
2581 4897
3368 1708
4976 3794
4587 3105
1160 4262
4637 3923
322 807
779 4281
4486 3696
3714 4427
4871 4688
3969 2714
3934 1911
2801 617
3345 2684
117 3637
3488 3914
4545 1519
4008 766
4118 1701
3693 1733
1747 948
4842 2078
3889 4258
4882 2681
3713 4790
4849 928
4918 1132
702 534
1580 2862
4140 890
949 3146
4371 491
2510 4999
3527 2487
4432 2469
1523 3100
3414 1525
3419 3326
4241 4420
2448 858
1123 2327
920 4901
2166 579
907 718
1625 2176
1422 4704
3861 3365
2368 2876
1379 1432
4515 1061
345 791
772 445
3036 1610
666 3717
1035 434
1395 1746
3820 603
261 1143
4551 3184
3912 2615
3335 2518
3321 2430
4687 242
2213 1659
2460 2140
1224 3023
3697 1333
3542 1900
2652 26
4389 1223
2758 3959
1979 4995
3452 712
341 2360
4716 212
1468 180
1308 3022
1316 2030
4233 3855
3714 3799
1090 3381
1386 2824
1868 2514
4614 1913
2568 985
3803 4561
189 1332
4366 1070
441 263
1303 2603
2781 4972
3314 1099
1833 4994
3885 1835
3800 992
114 3057
3082 535
4363 1347
1344 246
3085 659
3695 3957
3048 4147
1942 3227
4511 579
3538 484
4334 3940
366 1847
2628 3564
3120 2197
3806 3477
2348 4547
2875 4898
395 308
4676 4225
2582 189
1579 311
762 879
3591 3603
1600 684
1129 4299
3016 3632
1417 1285
2207 838
175 80
3310 2004
2187 2818
4765 4848
4439 3367
2241 3333
2504 4024
1586 3737
2472 2920
3055 2283
3332 4101
2601 197
4161 399
1520 1390
3742 3448
142 4480
4293 2916
429 4569
1705 4033
1886 3789
1129 3717
1120 2491
4506 4948
4693 1531
3333 4733
4569 1761
2996 2576
2680 411
3032 2123
3310 1440
2392 193
780 3564
3936 582
1267 2570
1656 1715
152 88
1481 4969
2788 3680
4978 1409
3551 3495
1024 616
3648 2717
598 4496
3524 2344
3005 4596
2509 3670
1536 2109
35 3338
1536 891
3858 496
1342 1480
2827 1515
3473 304
3967 4677
293 4796
4710 3629
892 1040
1181 2666
1126 3670
4811 1983
1283 2536
3703 451
3289 335
4112 4801
1631 3993
299 2169
2332 1110
909 55
3756 3422
424 4031
1771 3765
1426 1736
4754 3395
182 2535
451 2495
4613 2398
3468 4552
2180 2491
411 3969
1362 2958
1498 3931
1159 2085
840 2994
3837 2031
2752 1201
1619 2082
654 1093
1779 4151
3139 3242
2460 2274
2086 910
335 2683
819 2286
140 4959
3011 128
4978 531
2763 781
1403 616
3976 2594
1482 71
1938 4146
2302 3096
260 1934
