140 1426 30
985 778 13
922 97 1
302 126 14
424 785 14
463 395 30
387 453 15
211 571 5
438 110 1
164 264 7
15 519 11
949 885 16
768 43 2
290 789 10
863 658 9
363 469 28
89 793 17
985 34 5
259 495 25
942 693 17
774 981 27
454 156 13
992 205 13
375 896 22
156 167 25
5 300 8
802 725 26
325 575 15
499 438 5
410 321 12
859 567 1
27 585 3
385 535 4
995 76 23
138 725 14
884 115 14
839 352 17
608 900 9
96 810 5
962 347 26
501 882 23
580 237 28
458 748 24
382 175 27
654 395 10
673 297 6
408 580 8
64 696 16
669 768 20
280 151 5
276 284 26
231 311 27
878 402 11
837 498 4
811 888 23
915 56 8
327 272 3
512 262 30
393 821 18
703 397 4
377 434 25
637 979 28
971 546 10
917 164 21
906 559 1
137 607 5
739 892 25
366 89 6
546 420 17
750 994 2
871 583 11
251 931 3
642 631 18
726 837 9
346 502 6
833 128 29
629 90 19
907 665 9
114 268 11
38 33 9
422 180 21
905 40 8
911 1 23
654 469 28
861 810 26
622 160 30
34 985 15
880 423 8
191 505 15
311 735 29
124 363 17
288 477 3
685 894 24
577 916 27
435 807 19
212 439 16
933 340 25
535 288 16
172 870 29
734 844 3
299 680 8
33 710 17
248 38 24
201 740 15
82 273 5
886 966 18
192 968 2
935 668 17
8 302 23
505 737 22
72 720 3
837 766 12
168 249 12
942 117 6
473 108 16
703 746 7
807 999 26
823 744 22
140 949 2
681 477 16
272 201 20
229 241 6
622 434 26
293 897 13
863 735 25
484 499 13
579 663 19
172 173 5
276 824 8
966 268 27
725 240 6
359 399 22
65 549 1
214 863 29
104 189 10
585 295 22
254 973 29
392 678 24
100 744 26
571 70 23
961 207 21
644 2
346 243
89 172
110 976
671 796
653 459
508 517
653 279
291 34
7 355
197 647
35 936
976 325
414 405
502 589
653 261
654 150
989 277
182 199
162 265
321 594
61 168
668 606
820 40
313 201
189 223
51 828
727 689
497 63
583 69
397 709
638 957
564 748
974 395
124 247
978 121
95 83
353 912
762 159
926 111
877 36
194 403
660 110
683 198
720 313
565 972
82 556
503 276
748 188
801 229
32 495
866 484
753 81
572 951
566 433
729 488
172 801
563 363
150 505
860 170
427 430
431 74
535 328
264 910
784 348
941 693
62 654
591 188
694 224
795 948
743 342
394 9
967 466
229 119
12 274
462 955
643 532
739 191
629 779
896 85
942 4
831 982
380 634
89 452
66 312
812 585
255 710
312 999
758 393
786 305
414 530
171 54
810 119
850 803
138 480
131 653
486 837
4 514
303 208
593 112
902 800
357 812
339 837
563 770
557 452
896 829
556 136
860 284
877 603
943 14
831 454
951 583
782 542
941 295
297 318
291 738
307 883
91 288
295 99
113 662
296 20
574 319
551 454
370 662
439 573
878 21
342 807
444 182
787 145
303 956
972 837
519 57
704 23
502 195
210 774
115 631
707 383
898 84
347 61
890 793
321 246
458 494
99 75
382 733
208 94
813 642
428 722
500 968
95 33
357 134
469 98
535 633
332 432
97 737
285 700
506 57
583 65
624 272
77 477
689 470
871 251
479 153
158 79
594 437
164 566
493 242
205 578
348 592
142 885
338 851
462 936
338 562
688 232
889 469
902 476
178 124
324 483
570 171
257 679
461 652
519 890
74 888
438 91
506 622
875 620
699 973
45 438
327 576
357 466
712 52
134 941
591 570
714 245
311 77
293 808
152 591
705 303
241 308
421 650
681 227
883 373
154 914
47 23
914 687
144 880
293 861
744 756
552 294
455 189
877 645
483 292
207 417
650 758
57 451
204 924
468 607
308 375
518 609
425 714
472 389
725 769
821 458
46 766
209 153
652 913
504 637
510 748
756 839
759 337
56 720
541 820
23 271
825 861
253 648
847 359
268 395
757 710
4 934
983 177
529 611
998 510
78 3
193 959
889 345
480 115
397 106
598 735
633 165
594 700
327 165
68 434
229 570
365 699
730 800
638 940
832 706
772 776
133 918
703 404
103 670
60 395
187 180
957 122
564 483
60 726
906 552
257 239
716 169
326 434
135 471
871 428
830 395
927 872
843 647
764 104
520 428
957 926
63 470
804 452
79 13
748 359
991 150
182 714
476 747
13 990
390 121
587 132
253 500
128 990
223 885
798 777
34 899
697 356
669 117
959 53
734 215
593 954
302 863
200 584
766 437
150 95
829 968
916 401
823 801
235 471
822 104
548 395
621 238
948 377
231 498
947 561
908 99
996 817
472 226
259 215
943 508
541 5
838 804
918 38
414 558
329 218
777 956
471 756
117 667
413 423
57 114
238 931
97 245
325 670
303 330
611 651
512 754
795 985
286 684
629 645
201 906
211 56
218 478
579 904
560 689
437 943
341 523
748 393
74 424
468 650
637 249
803 367
469 910
505 588
566 225
602 663
812 623
47 553
754 902
772 657
478 376
670 336
105 82
477 274
168 734
267 725
741 692
14 289
693 60
718 124
695 945
601 946
751 235
989 580
26 640
589 405
807 127
560 880
122 362
337 343
597 45
166 896
541 187
910 986
995 520
826 497
460 26
333 460
579 965
213 608
150 764
636 140
374 861
521 270
710 88
654 595
162 535
281 642
215 565
187 514
998 190
409 190
946 846
94 999
943 850
438 669
467 553
387 43
929 775
968 855
360 467
130 623
303 870
511 76
872 927
849 26
64 370
836 76
802 92
560 29
248 640
844 563
816 878
25 482
208 405
408 456
215 251
371 52
606 754
176 661
866 213
825 155
143 129
221 285
344 146
234 976
963 253
561 342
231 749
715 659
87 978
8 605
288 763
713 341
117 305
229 630
128 216
733 704
192 572
768 222
837 679
629 144
807 276
875 320
736 556
754 466
699 814
2 592
930 271
864 108
169 632
658 115
130 617
313 713
371 616
901 88
219 244
497 716
526 123
710 824
238 727
177 244
121 442
257 714
792 205
583 511
71 694
627 724
668 391
744 141
160 567
369 570
103 567
48 199
529 628
607 34
576 358
78 366
140 484
561 886
470 234
703 956
275 83
408 222
824 166
342 924
663 262
158 521
605 46
884 497
578 69
541 278
420 750
792 164
616 645
775 872
683 624
125 523
627 802
819 451
87 304
153 970
279 993
897 564
48 414
188 644
859 692
133 586
612 361
232 866
139 277
565 437
591 753
597 456
920 408
148 906
448 575
264 833
610 495
285 435
276 636
445 89
326 254
64 500
728 544
193 828
406 111
435 627
535 8
617 243
767 396
77 619
892 192
358 568
87 700
488 684
429 929
170 761
566 171
502 480
28 700
604 688
718 288
457 408
607 719
485 289
233 597
585 36
699 488
137 955
569 884
930 663
263 369
267 907
267 17
328 825
948 85
313 823
227 987
865 472
121 17
236 147
437 526
476 955
769 870
827 34
468 786
201 403
702 386
546 916
224 944
720 123
954 158
734 588
671 591
997 705
603 591
357 114
238 356
797 779
651 560
58 876
368 559
296 789
471 644
705 546
634 662
842 557
149 212
430 999
116 463
696 46
639 59
885 681
98 708
133 208
776 573
937 496
492 472
988 124
740 337
894 141
467 1
624 62
173 126
436 83
196 730
35 701
161 900
835 639
364 466
565 154
340 326
93 761
942 525
338 676
169 204
930 529
666 386
740 680
163 488
217 796
19 2
81 66
182 342
302 734
425 381
110 441
773 614
660 694
811 503
683 881
501 55
496 626
893 860
553 173
655 157
987 544
935 995
63 125
988 11
759 904
14 200
417 836
591 171
113 245
105 865
317 407
407 780
165 571
461 291
704 215
276 26
163 651
371 335
70 128
928 126
906 896
458 120
931 828
107 970
415 815
67 190
62 678
14 296
145 660
664 369
537 392
334 826
561 618
724 640
504 979
39 980
109 49
59 983
916 540
717 848
5 252
658 580
277 838
995 60
456 691
397 280
51 780
822 785
932 958
491 738
76 869
613 601
550 168
710 207
818 430
775 260
939 590
795 125
391 809
418 129
381 649
744 284
485 492
900 52
872 129
90 62
129 469
389 753
300 78
503 458
729 101
948 946
476 352
391 757
706 469
766 464
10 19
80 758
978 959
846 748
428 206
306 315
367 718
558 281
149 59
951 58
823 729
310 132
566 876
625 229
870 742
780 31
278 353
492 18
298 779
381 445
157 551
739 692
920 566
843 181
345 507
288 186
173 879
968 798
341 161
615 741
75 338
376 929
906 96
71 327
197 299
903 198
42 737
827 365
550 643
158 85
611 626
559 563
857 769
772 674
516 707
288 85
633 845
375 250
211 915
956 640
535 251
302 483
287 122
390 563
159 795
942 365
333 773
205 245
203 648
51 80
271 255
204 247
56 209
796 207
735 259
58 764
59 904
806 597
21 559
557 38
742 702
202 398
268 242
680 217
96 180
254 217
686 816
772 345
517 985
866 571
827 36
553 282
858 215
644 580
771 468
299 327
577 702
155 648
690 584
271 604
885 922
916 408
33 419
852 311
694 669
564 771
842 775
475 133
114 667
540 375
540 860
893 148
166 100
982 100
830 982
562 50
921 257
395 113
712 261
36 126
493 110
296 951
601 880
849 176
736 49
745 65
466 582
10 436
111 824
632 308
617 650
194 436
838 853
363 837
250 885
63 406
644 405
847 684
666 319
227 111
164 627
182 538
502 484
970 567
83 923
504 986
887 880
958 626
726 600
264 720
385 972
949 763
622 7
767 633
538 552
660 219
245 677
705 30
356 335
388 598
712 734
31 391
930 473
52 265
729 204
292 870
993 481
990 132
907 345
812 188
434 460
892 71
147 1
396 721
814 949
493 125
725 615
476 596
228 503
92 709
770 236
357 332
937 967
586 534
696 531
771 203
584 691
180 519
70 360
236 81
696 108
622 197
188 413
757 860
560 688
325 971
618 356
858 110
4 605
287 482
266 23
959 754
309 363
158 32
918 982
391 33
840 285
158 152
237 835
941 43
727 864
318 684
307 314
908 948
741 173
978 179
947 808
363 963
643 242
999 643
253 734
883 785
578 558
879 102
933 337
125 263
330 129
544 166
472 925
418 650
234 77
876 15
682 459
546 137
153 179
232 971
742 719
573 312
921 290
710 27
227 748
485 576
201 735
58 33
94 435
829 558
842 845
128 890
685 714
882 917
71 54
139 851
242 523
934 606
178 904
561 264
205 555
874 793
923 435
864 696
168 300
192 249
411 253
594 357
5 965
263 684
822 324
150 9
237 511
749 595
827 130
682 325
751 28
304 151
706 157
574 416
861 26
248 941
185 780
356 366
970 176
537 797
526 90
606 815
440 534
783 476
76 209
718 598
487 616
620 53
999 413
400 768
67 513
875 789
12 414
731 944
198 165
481 577
792 42
667 606
612 240
596 561
491 784
437 217
199 286
248 369
738 800
617 906
604 155
487 197
357 489
97 946
844 374
726 165
965 53
445 450
542 157
168 614
603 381
854 974
798 257
888 136
266 802
303 978
530 62
892 380
621 987
266 883
460 698
981 194
753 951
763 579
879 302
787 752
577 377
358 146
202 579
669 129
33 206
524 868
170 584
868 70
314 875
425 787
12 968
213 677
290 608
218 14
746 942
849 575
534 351
804 181
111 295
179 620
963 260
251 545
415 194
932 569
333 865
367 782
708 789
737 332
159 230
462 799
747 519
738 387
141 748
194 195
568 118
647 251
318 290
770 756
735 896
55 122
372 703
147 475
290 738
233 676
954 816
351 918
441 262
875 818
141 376
960 70
228 116
191 936
850 597
790 493
95 795
175 909
36 786
411 26
478 613
174 265
114 739
335 204
702 270
501 357
649 736
451 527
914 530
383 832
759 272
862 551
658 446
660 803
406 138
11 359
203 884
280 341
586 334
790 810
117 739
488 345
752 20
900 68
289 768
332 781
72 409
199 148
306 863
171 636
464 612
813 719
402 106
343 195
266 514
326 346
820 179
882 125
190 758
910 212
277 948
146 271
453 687
605 610
597 236
738 618
280 440
370 434
151 695
246 920
759 64
639 121
99 99
646 950
32 184
645 158
20 413
668 613
390 261
317 871
799 667
847 775
414 340
516 62
809 372
617 955
408 413
74 334
610 650
944 141
189 579
219 633
830 852
411 389
981 276
903 885
606 90
413 196
953 590
46 407
421 864
870 963
904 534
1 985
350 842
654 432
122 899
352 303
501 351
889 11
987 962
763 183
782 878
256 647
752 844
440 95
65 170
818 981
135 754
749 115
256 515
210 816
190 770
409 750
24 409
530 386
122 557
623 195
348 619
857 867
219 578
687 178
438 252
72 439
197 906
261 596
181 496
427 573
647 724
619 829
480 139
434 88
593 183
747 781
214 731
20 63
52 178
528 975
954 802
43 190
504 540
963 416
22 626
377 145
964 276
854 876
214 521
559 406
947 974
818 663
805 7
976 858
793 365
213 836
63 242
349 513
893 863
501 28
499 239
401 526
875 538
760 613
425 988
212 216
943 802
987 567
42 861
942 654
109 161
242 209
25 506
845 997
113 762
879 909
742 809
732 305
131 204
139 172
329 909
657 136
693 478
58 867
604 559
299 323
958 898
333 672
106 864
509 56
160 860
393 156
825 734
153 353
717 618
705 838
402 410
503 259
379 635
270 178
841 448
122 142
317 333
174 767
330 116
557 46
910 640
940 788
749 895
781 564
601 357
165 511
495 682
250 70
898 667
618 151
193 383
574 244
694 578
185 694
608 846
459 915
53 935
360 276
818 624
512 855
244 430
76 344
384 876
734 254
475 689
491 879
6 287
121 441
162 870
483 160
55 545
423 532
143 498
488 706
50 193
242 95
722 309
698 240
22 937
21 445
206 914
299 350
512 536
408 377
421 394
85 578
98 39
897 241
748 725
106 468
407 59
870 42
680 712
897 473
160 667
274 693
516 814
1 686
895 69
793 778
846 874
679 800
382 975
242 459
167 327
339 774
848 666
913 967
980 796
476 933
411 841
774 709
43 606
865 144
672 130
282 347
775 395
473 317
346 424
499 11
128 80
519 329
699 229
275 324
634 132
887 326
873 709
330 328
561 349
549 802
746 868
147 25
609 79
805 221
755 338
106 98
496 14
159 389
967 255
607 685
785 567
809 678
763 94
952 292
70 459
32 411
543 27
141 482
627 590
143 793
174 722
510 876
714 557
725 425
555 475
94 653
952 725
176 906
844 357
791 973
509 996
442 386
105 257
573 57
370 863
973 259
819 461
794 573
168 168
942 496
557 824
901 346
