130 250 5
87 917 1
668 24 1
310 912 5
720 688 2
690 325 4
539 400 2
514 992 4
56 814 2
98 396 2
789 476 1
648 647 5
607 64 3
685 923 1
573 758 5
763 385 4
601 502 5
72 29 5
134 715 5
841 776 1
181 218 3
50 214 5
283 143 2
747 785 1
636 424 2
118 728 5
564 218 2
148 841 2
102 138 5
405 892 3
658 111 4
174 584 1
325 237 1
352 179 1
103 211 2
599 772 3
845 871 2
239 520 2
129 739 3
20 196 5
835 879 2
941 842 2
127 983 3
175 640 2
413 852 1
809 600 4
530 679 4
347 56 3
69 395 3
455 919 3
635 832 2
381 726 4
273 26 5
710 571 4
844 4 1
902 337 4
115 432 5
716 414 1
922 340 1
276 141 5
776 497 2
192 993 3
294 201 5
651 431 2
506 54 1
30 453 3
421 185 2
606 370 4
306 520 4
589 646 3
897 77 4
233 212 4
357 949 3
611 555 4
655 704 5
261 53 5
406 426 1
384 661 4
872 405 3
120 739 1
511 552 3
277 616 4
977 123 2
48 441 3
669 794 4
742 257 3
129 221 2
60 742 3
703 180 5
231 514 3
604 740 3
731 608 2
951 335 2
290 398 4
44 51 2
611 280 5
808 646 2
26 951 5
403 680 1
408 453 4
845 947 5
428 794 4
978 968 1
847 577 1
876 229 2
847 932 2
558 901 3
13 352 2
449 401 3
603 63 4
191 374 1
335 501 1
11 901 3
542 972 3
206 513 4
221 310 1
850 4 2
513 504 3
763 722 1
477 109 3
674 448 4
662 272 1
580 374 1
885 471 1
642 250 3
268 521 1
549 775 5
560 145 5
324 22 3
962 587 1
778 583 3
35 454
963 154
726 753
530 10
850 341
719 863
965 297
192 104
114 529
16 630
330 413
579 566
800 214
132 57
198 440
558 607
807 890
292 216
47 377
401 478
970 331
521 349
54 243
485 970
590 481
200 646
434 998
935 744
571 30
249 877
882 256
273 929
145 435
635 155
358 624
79 771
206 141
819 880
276 194
83 218
181 391
132 89
500 446
562 625
213 230
970 646
486 46
98 381
919 202
319 686
835 300
140 137
6 645
413 639
819 410
965 969
746 741
781 859
696 805
217 725
72 711
474 604
759 53
415 628
499 581
848 149
557 696
815 117
147 270
907 93
301 48
617 319
16 744
152 800
784 738
581 57
978 512
312 330
909 442
220 545
718 97
14 632
263 715
856 596
694 159
98 864
704 455
375 134
550 163
799 908
495 508
390 696
242 943
132 245
12 329
32 79
628 422
495 349
732 452
266 137
130 727
887 952
864 426
473 868
265 573
380 991
953 227
40 511
13 462
202 882
209 34
762 688
220 586
73 808
184 691
478 752
390 186
522 523
110 182
76 695
707 353
750 435
336 886
538 179
787 81
82 911
996 18
924 26
22 920
631 651
594 265
504 24
15 532
689 308
541 489
295 250
887 435
607 884
504 654
782 241
183 186
899 246
363 875
703 665
506 586
760 755
134 522
562 891
467 987
495 995
475 451
59 186
399 453
389 417
370 627
835 234
954 623
230 25
880 391
526 518
341 755
604 927
285 288
389 826
70 774
737 743
582 532
59 575
779 680
198 22
855 351
127 343
127 904
235 963
796 377
655 758
146 888
692 350
476 928
179 497
872 286
502 882
586 893
23 70
562 266
207 748
308 443
529 946
236 102
475 262
830 568
590 464
950 249
264 971
5 874
390 731
141 520
49 940
621 215
22 872
390 602
950 896
298 610
14 244
564 26
642 488
974 274
700 676
459 424
805 181
40 215
835 385
184 547
253 940
845 281
255 69
925 75
337 5
94 707
665 565
18 864
206 560
419 814
926 258
134 327
983 193
258 938
587 823
86 577
523 367
793 663
972 627
503 501
534 484
980 360
259 373
587 327
931 607
366 381
864 808
621 376
610 413
165 742
379 274
563 272
544 586
461 32
207 490
293 829
707 404
