30 64 5
351 494 4
318 206 2
492 119 2
803 214 2
954 603 2
570 408 5
840 557 5
295 898 1
745 787 3
502 248 4
813 938 5
732 476 1
103 63 5
164 106 3
544 549 3
429 968 1
171 480 1
671 848 1
776 432 5
241 246 5
215 774 3
836 751 1
262 789 4
440 648 2
49 572 5
726 309 5
40 668 5
472 946 3
116 942 3
911 519 4
267 738
400 164
257 243
924 530
488 131
338 455
849 204
313 130
961 645
302 656
957 333
801 4
950 419
28 153
60 623
49 517
740 683
670 332
866 964
870 942
810 130
402 55
271 415
847 174
255 335
789 943
793 786
943 939
945 512
516 605
959 784
31 784
586 36
720 148
192 29
864 579
171 200
414 71
459 122
263 722
12 831
504 698
352 467
619 26
532 500
64 164
630 537
402 940
194 772
617 873
376 415
866 766
927 23
931 464
601 954
383 144
312 828
900 584
202 488
200 988
805 130
356 922
347 30
60 457
