50 693 30
2254 860 16
512 3750 4
4284 4375 17
2131 1625 14
4054 2319 19
1822 839 4
2204 3950 20
4071 3423 2
3862 4688 10
2263 3004 20
2474 1316 8
3873 3002 4
3830 3078 5
317 1483 8
3901 4078 6
4762 3064 19
4490 877 6
3585 4693 28
2821 314 25
814 3318 11
1565 2570 25
124 3288 12
794 2009 22
4224 2952 2
2653 2735 27
1027 2662 14
4819 221 14
3378 1849 4
760 877 23
1908 4659 5
95 4938 12
1569 1880 3
4313 1096 12
3576 2878 28
3229 4289 22
1227 2452 5
4871 2536 8
2851 4166 16
3414 3530 10
2148 3011 7
3565 4273 8
4538 777 18
1613 351 17
904 1909 21
702 3790 27
430 1459 26
3562 4018 29
2849 2983 3
2971 1477 20
3836 4031 5
960 4869
1936 3412
2285 3195
721 3713
783 11
529 3290
3129 2345
3349 2800
4745 57
1250 4717
1329 804
4153 2423
3881 3421
4574 2014
2798 4931
705 4663
2723 4526
1119 1115
4136 1051
427 2446
4829 4203
2664 3057
2923 2853
2695 2766
2451 435
1832 2560
3018 3267
2958 691
599 4418
2948 2683
4876 4460
1557 1642
48 3586
4528 247
4677 4792
2089 1872
786 2073
3241 4001
387 515
1932 4017
2382 4243
946 3897
1158 2286
263 1260
3685 3011
3317 2599
4039 1509
3875 1635
939 3190
2770 2435
3581 1710
3684 503
4095 2352
3241 107
4166 2536
831 1898
658 1976
2559 4967
3640 1822
3516 3966
2280 268
3099 253
2693 4708
3210 2777
2446 1407
4977 491
557 2210
4798 203
3780 2505
1413 1185
4786 3308
2477 81
437 3739
3732 1677
3899 4309
1756 3733
1199 4034
3493 2186
198 1371
2774 3295
2382 855
1376 1863
3862 3627
1958 1219
1888 4489
2353 4673
2170 522
270 926
2381 3117
165 2331
1643 1429
2443 2533
1194 2031
814 4837
2824 1540
3368 2069
3048 3565
3820 2995
3407 4973
2878 3183
1026 4405
3647 2694
3321 265
1313 1451
4426 2067
2708 438
4830 1276
238 2736
4478 1445
2989 2791
953 2162
3663 1980
1224 1212
1356 1594
4137 2539
997 3379
165 3011
2344 2400
1637 701
3040 2416
105 3988
3537 3716
4201 1769
3649 783
4745 1885
1377 3581
250 3324
2575 3353
2251 4583
3512 51
1795 1781
1076 2051
1601 4159
4874 1847
4558 107
2464 3910
1048 1031
3139 3027
1071 494
553 2070
3438 2192
2250 281
558 2859
4990 3655
1930 1059
2446 1065
1783 3256
3927 2888
350 359
3310 1225
2982 1840
3743 2997
2871 3729
3388 4997
3442 4431
592 3537
4281 529
3739 731
51 3957
3287 4887
1457 1451
985 2048
762 3781
1767 1234
4808 4540
4875 3555
3811 2704
4928 4117
2030 2092
4450 4938
4846 368
1729 2899
4354 4580
1691 4625
1514 607
4199 1573
2053 161
3647 3635
3193 4363
3717 1443
2603 3914
1619 4740
2445 4722
2646 4342
968 319
2781 1439
3572 2597
885 4587
4164 4580
1451 1179
3186 1265
2872 736
708 491
186 3230
785 899
240 281
4916 2994
343 1583
3603 4907
902 2498
4046 2986
556 2316
1825 1554
2167 3830
3796 4434
1091 3636
1352 2878
1496 4118
1013 3683
1586 2411
4554 4063
2092 1081
4989 3237
3097 4853
4474 3353
3882 4360
3916 3998
527 3174
2120 4271
4482 4528
3657 3026
1818 1585
3431 4134
1261 4639
4271 2227
3875 1280
2499 261
1915 1568
4652 1477
4952 2398
1780 3968
1934 2258
1311 3147
3757 4756
3263 3311
3849 4555
4882 3319
3145 3228
3572 2036
1748 4488
4873 1279
2713 3700
1371 1595
1577 1555
4324 3578
1877 564
3743 443
3107 1549
3248 4462
2292 4437
1855 794
2714 2295
3888 1303
2240 838
2485 2745
2672 238
2959 4736
219 234
4092 3
554 1307
4355 48
3351 3541
818 3586
4300 4271
437 2534
1741 4633
2091 841
952 892
3839 4102
601 4145
2288 141
1116 2969
1259 4296
1108 3725
2105 717
213 772
3672 4903
3675 2962
3061 4202
4611 843
1271 1461
2442 4734
4623 3106
2820 2523
824 1505
3886 1761
2795 2819
2508 4578
1413 2382
876 2415
1702 1595
2754 4989
3989 2531
4211 1310
3366 115
2343 389
4324 4827
2377 810
2370 1491
3977 367
1518 2048
232 4555
746 1670
1166 2007
135 2622
1077 3224
3912 3372
592 3792
1128 4691
1105 463
1528 3254
3263 2658
3488 3408
789 1358
3789 2310
624 437
4017 1530
3654 3350
2474 3670
1139 2729
1130 2494
4800 2916
3709 4757
2877 1338
654 3938
3087 3277
333 4826
2618 4114
714 3598
1534 3606
3442 1818
4392 843
2077 988
1307 2117
2125 2290
4191 3877
3264 3853
640 2809
74 4851
2545 3311
2315 4598
900 2922
3811 1539
1104 3335
4269 1397
3005 2968
606 633
3998 1871
2645 4872
3302 1953
3165 133
4234 817
1321 3303
3400 2807
2421 2705
1141 2839
4849 2943
4819 3957
1234 1879
2544 1735
1136 3717
1618 1556
2771 4462
2512 3267
1478 4088
2332 199
3099 910
3192 3200
3519 1980
2798 656
440 2034
3127 3927
4436 3938
2085 921
1450 4854
2508 1460
2037 4942
3603 1223
2969 3689
4872 1736
1246 3220
1753 1605
2628 2941
1632 4241
3826 4402
1703 1315
3746 2069
3647 1380
3511 2913
333 2475
1461 4886
1686 2634
388 468
4839 2155
2556 3864
4569 298
3445 274
4406 2429
2257 521
2137 4386
3732 4572
3072 2898
4837 1776
3964 2706
3409 3616
4654 1038
1638 3519
4050 4581
2911 555
4540 1627
2923 4198
4304 3354
4371 3578
1866 4389
4006 1551
1333 2011
184 700
1075 4991
4914 1658
1213 1748
3319 1131
43 1104
1453 367
3800 843
2295 3605
350 2251
61 4738
1509 4185
3440 4674
3696 4895
3698 3521
3440 2820
4597 2418
4661 413
4544 3901
2139 4012
4471 2982
1058 4007
4049 2962
3273 1909
3412 3964
814 1293
553 1768
536 1791
4452 3184
445 3076
861 887
4533 3844
1711 2441
3084 2379
1486 3729
78 4121
3194 3637
2639 2554
4429 830
1946 3496
3268 191
4074 1765
1076 1045
3372 532
770 106
802 1542
3617 4239
2838 2950
2806 528
1999 3037
20 1786
255 1932
1315 2190
3498 3688
498 4553
4795 2401
4269 3305
221 4052
261 3897
4792 1252
2360 1744
1531 2922
4966 2970
4789 1020
1155 3911
4053 3424
1196 2030
2151 4915
4525 4767
4491 4483
3684 3994
4473 4296
1135 2216
1057 4446
3907 4848
675 3694
2772 2278
2510 507
4010 1509
2026 177
4546 1264
1674 141
736 3882
2477 3316
4394 1259
2594 4149
3982 103
3181 2448
1937 4892
4848 4089
4068 1121
1211 16
2731 3376
889 1895
508 2718
3579 855
2169 285
2605 1276
1029 2800
3666 3084
2085 2839
3455 3408
933 822
4694 4719
3092 1175
3544 2505
1627 2086
600 966
1374 2737
747 2811
1485 882
1818 3140
3310 2836
3618 4947
2413 3743
92 3010
4836 945
2026 4690
4167 2794
4900 2290
4102 930
2239 3021
1176 3104
986 2954
4141 2003
3059 2375
1354 1072
4866 1302
1117 4690
3469 1767
2892 3110
236 4547
3548 571
3007 818
2093 2817
4099 4344
1041 1327
3659 1227
2837 4044
1126 4652
4220 2973
3703 3467
3282 3418
4809 3861
1903 3084
1069 1926
1574 3301
1737 1631
4771 537
1489 805
4970 1061
2363 1459
95 4091
3480 2260
2764 1858
25 1629
1966 1873
3131 691
4316 1717
1165 3008
3719 632
2256 949
142 712
2907 4098
1465 2417
1822 161
135 3998
4482 874
4911 1095
4269 4557
2663 377
701 1492
881 1552
2952 3390
4969 2772
1879 577
2426 945
3720 4448
3489 4588
3055 2070
1398 1298
1139 644
1568 2419
4951 3947
4932 673
3169 480
2949 4599
3310 2277
385 3687
2968 216
2726 4254
3280 4875
1750 3812
220 1460
3757 1456
344 1418
4848 352
1532 4071
893 1972
2600 2741
2482 4363
3615 3305
2160 557
3762 4989
773 4241
2969 4687
168 1423
4087 3072
3550 2786
3453 2739
956 2127
4873 740
3564 3161
4975 4856
1059 89
460 3198
1591 4516
1249 3213
1155 1841
4817 2867
3806 3331
4748 3325
3399 1929
2709 1014
469 3398
1972 2610
4472 4512
1066 3538
2224 1873
3076 3551
4889 211
3122 2275
1707 3930
4039 3512
2259 1596
2334 4735
3005 303
2249 1861
4317 2755
2674 1636
3782 1421
378 876
962 4009
879 1990
1308 2634
2648 4091
4857 275
22 3400
4619 2523
4827 3364
205 3954
4222 94
4161 3943
2546 3601
2002 3098
3675 2718
2390 4016
2776 982
3669 3937
4845 716
1857 2090
2504 2753
2104 4084
3081 857
4474 1252
156 2084
2203 2340
3135 1396
2095 4614
1707 3265
2401 4795
815 3013
1140 4864
285 1171
4596 4024
3255 2410
4059 4334
