110 234 5
631 572 4
992 819 4
958 770 3
224 109 5
283 989 3
103 19 5
735 743 1
586 377 5
147 520 5
800 889 3
401 921 3
118 466 5
88 613 5
946 316 5
501 579 1
288 913 1
814 761 4
498 345 4
438 150 5
789 507 4
803 474 1
32 911 1
225 168 3
819 628 5
332 153 3
993 243 1
630 18 4
997 106 2
151 567 5
308 679 4
964 894 2
857 809 5
212 12 1
892 791 4
925 795 1
216 337 1
475 876 1
163 367 4
175 341 1
937 17 3
508 680 5
4 823 1
447 694 1
11 845 3
800 666 4
903 707 2
567 377 1
950 79 4
703 540 5
791 446 2
546 118 1
368 335 1
45 726 4
365 314 1
339 824 2
539 260 5
317 83 2
299 436 4
171 362 4
151 395 4
406 198 1
158 460 4
918 880 2
675 490 5
738 15 5
737 25 4
762 683 4
181 152 5
582 67 3
221 372 1
44 365 5
912 182 2
676 421 3
655 553 4
889 492 1
482 669 3
583 782 2
568 241 3
668 603 4
332 302 1
366 917 5
811 360 5
816 224 1
609 42 5
160 163 1
278 832 1
459 512 3
385 108 5
681 965 5
818 844 4
724 584 5
197 705 5
988 648 5
138 890 1
826 80 2
289 309 5
590 6 2
18 432 1
126 244 4
504 742 4
239 884 4
285 768 4
181 591 5
339 871 1
979 559 4
665 692 4
577 322 4
141 219 4
490 555 1
203 714 3
917 458
478 520
978 879
804 939
844 924
908 716
816 824
37 475
945 958
527 236
182 86
919 736
821 59
469 935
851 209
687 456
79 671
610 181
203 495
765 747
701 152
813 441
491 759
409 693
203 971
987 382
140 760
9 739
134 154
677 19
653 272
880 746
714 869
290 566
135 43
268 762
208 11
300 13
132 710
578 787
130 292
335 904
126 822
292 736
872 742
253 531
827 310
368 383
204 898
763 689
797 864
528 885
945 51
822 666
971 869
339 264
12 297
871 991
155 117
134 24
597 575
228 714
662 444
131 513
428 749
152 172
220 423
309 805
849 133
418 512
700 490
348 1000
568 242
2 523
394 471
705 743
46 261
662 751
120 648
181 688
239 446
615 444
248 709
891 421
470 437
712 982
912 667
192 138
290 92
904 687
455 263
46 39
600 549
898 246
271 965
76 489
903 215
355 173
343 403
719 687
124 103
694 360
297 918
119 719
132 601
921 944
179 101
333 8
503 853
749 355
264 387
147 440
243 328
708 377
210 525
65 741
604 797
878 684
607 151
545 278
245 278
84 940
665 299
507 311
680 297
653 146
736 405
640 76
173 965
401 364
234 621
221 860
73 772
675 186
851 416
804 271
56 124
655 787
357 748
296 570
427 5
950 270
742 791
599 798
781 928
519 360
226 218
134 866
120 521
325 109
705 469
779 104
640 726
915 788
368 920
970 546
32 499
582 971
873 43
246 156
691 439
376 462
270 259
309 323
281 418
906 476
513 189
375 362
3 748
117 168
736 504
808 298
529 491
842 315
76 922
771 28
222 94
422 805
540 254
737 143
111 658
467 925
349 272
415 100
689 631
854 621
982 434
306 301
135 851
728 797
997 327
210 175
379 655
993 62
465 465
778 177
234 592
349 42
255 308
98 776
587 981
91 868
729 28
356 345
9 140
849 55
820 289
960 468
211 337
401 228
344 799
364 139
231 109
123 69
830 732
939 739
358 18
341 224
481 904
864 3
814 628
490 351
205 529
721 911
826 187
300 266
436 823
437 73
790 588
115 746
724 914
376 345
403 346
512 795
