120 615 30
3820 4620 26
4756 4670 6
1520 3505 7
888 1692 16
3549 1785 3
2969 3037 20
824 1605 27
253 3950 16
3776 3528 10
3064 4735 1
2046 304 27
4683 3653 30
4087 1793 7
4327 3184 30
3218 152 13
1865 83 1
1246 1101 1
2374 3311 24
623 402 26
2507 4444 10
2740 1482 22
4184 352 6
110 3641 12
1071 2633 20
2867 4962 10
4693 3965 3
1222 4637 3
454 1639 12
1175 3542 24
3990 4011 10
4306 1119 6
2183 3141 25
3597 142 3
3724 3843 18
2552 3762 18
2834 4595 14
4423 798 17
141 3438 27
4152 4441 30
1842 2384 21
2973 4923 27
3965 816 24
1169 3252 24
208 2209 1
2451 379 10
1322 2126 25
3398 943 7
3877 4089 12
505 1726 19
694 2963 9
2230 1237 27
4478 38 4
1354 1230 14
869 3358 23
2117 1896 12
4511 3569 8
814 3685 22
3680 4575 21
3046 953 13
3001 1207 7
1359 4155 23
3176 2042 4
2350 4167 3
3981 3329 11
2673 4432 29
3232 1441 6
958 363 11
2318 2275 25
935 2333 24
3117 2139 5
2687 4956 2
1199 1473 10
2702 168 20
4277 1423 25
1030 1760 16
1799 1624 26
4551 3435 20
2274 2839 18
2694 2141 21
4382 2173 8
2614 1794 30
3101 3034 6
2341 3421 17
3880 3453 14
2329 2866 1
3084 2868 21
4982 1561 25
3247 475 30
4561 3296 24
1934 3656 30
1976 1821 3
471 3032 29
422 1964 13
1985 3262 8
406 322 28
4839 1096 10
1956 1809 7
4037 1164 1
790 174 5
2715 4743 13
1624 4504 14
3544 3398 17
3431 4402 23
76 172 5
4257 589 15
2630 3010 21
4668 2843 13
4041 3842 21
3275 3568 19
1141 1035 6
321 3462 30
4231 273 18
144 257 23
3128 4480 28
2183 4090 9
3095 4694 13
56 3289 12
468 3216 7
499 629 11
2411 302 6
3248 1302
2160 3506
2628 4309
54 2305
1554 3392
2781 1169
1145 4992
2002 4649
4679 2692
4593 1414
4291 4794
4382 77
1559 525
3987 4102
3061 3868
4094 4204
4509 2898
3292 2053
288 4006
1755 1729
4886 332
296 664
3582 2933
163 1202
492 2032
2789 1848
4717 4076
3675 1879
1260 2319
4176 2085
4947 1789
2336 3021
70 1540
920 1425
27 2981
242 619
4245 247
3916 3071
3880 978
4496 1972
999 2790
1493 182
301 3492
4094 4972
4500 1510
2075 1699
1138 4381
803 1392
500 2589
1558 4024
2969 1640
1269 2882
2802 1803
1892 3341
1229 4722
2278 4518
3456 2206
2811 704
3411 2968
574 1551
4608 4392
1077 3893
105 4646
2053 1522
4620 4665
2327 76
2961 3320
2500 2896
287 3133
2394 182
3884 587
1784 826
4548 2654
4176 1747
41 4494
2558 331
2514 2501
1796 451
2950 4979
2604 703
1543 309
4109 2404
2365 2289
3657 1760
89 3162
4138 2492
1982 4666
777 1910
3812 989
4961 4147
3963 4757
14 475
4530 3551
2160 2868
668 3996
3985 2396
2838 1779
3786 2527
3687 1583
770 2553
1305 4857
2298 4122
4896 3881
175 3819
3857 3762
646 2737
585 4912
3240 926
656 955
1410 3452
692 4186
3763 4955
995 2189
2461 2703
829 2242
4562 4053
3447 263
1100 2876
171 3214
3094 3644
878 1067
4813 4963
1116 4592
3375 741
693 561
185 2017
4444 1936
113 2346
396 267
3755 3336
4192 3085
556 4190
1070 3595
1973 3727
1683 207
2396 1298
706 3874
3989 532
3880 4294
2588 99
3562 2110
3746 2989
2628 1484
46 94
1418 4107
1709 3891
1389 4491
4563 2495
2530 772
1822 2773
2478 2773
1446 1195
3753 3257
1463 80
1482 3416
4568 2610
4753 4125
4094 4892
763 4073
4208 978
1793 1073
2577 2281
1911 2236
3832 2376
1321 4477
1323 2905
2846 3922
4430 2355
3725 1622
1685 1362
909 1725
3795 920
4942 2546
4603 2914
4065 1717
4063 76
3258 1179
731 1802
3294 4413
1893 4959
1919 1533
1236 4196
3360 577
4224 1611
2719 4315
3748 1580
691 2493
4617 1518
261 4659
4400 3986
696 468
3325 2490
3683 2866
3941 2003
71 3998
2623 3289
3918 4722
3283 2480
1588 2489
1428 3546
4698 4356
4211 1336
3730 4248
4550 4824
110 2452
1459 3762
1400 309
560 2049
3153 3349
3721 1356
1222 4943
4194 247
4288 1588
4288 385
3493 2104
2700 1064
4677 341
3500 3186
245 1912
4426 4962
4171 3614
1705 4341
3887 634
4064 2261
4914 1302
3694 662
3281 1570
4292 4910
1519 157
111 2479
741 2266
4042 4661
1914 1563
1107 1456
4302 928
863 337
1766 365
1245 1458
228 4186
4771 2091
331 153
3352 1340
4642 3925
2866 1544
3451 515
3995 514
1281 1457
4466 946
4397 2976
1615 2348
2719 2913
3696 483
3358 2162
3331 4308
98 590
3295 1535
2140 4885
1964 1068
2559 4438
4151 4084
3052 3368
1897 1733
2194 3159
1870 460
870 3549
3254 1182
1275 734
1991 983
1552 3944
609 2
4466 3341
1187 798
2902 894
3217 1156
4166 3579
1296 41
575 1770
3632 2748
1445 3552
2557 1724
878 1955
2571 762
4881 4596
1520 2567
914 1029
4672 4226
7 621
1707 1987
4795 1225
2165 864
2154 2940
4203 4825
998 4152
3644 68
3196 965
2433 3881
529 4082
2637 593
3530 3747
1765 910
3739 3415
1070 1777
209 2707
636 3282
2096 416
699 1999
2843 2636
2189 3600
4238 3794
2008 2604
3978 4603
792 4173
927 4707
3118 2902
2522 4991
4524 1572
2507 3311
2395 641
914 1442
2064 106
1057 3024
1876 2246
3060 2924
4713 463
4094 1896
807 2935
4507 1238
2591 4564
2315 357
3566 930
334 2363
2679 68
2017 3586
306 2866
1500 3989
4736 1523
402 3346
3835 2093
3443 3442
1197 2051
3890 1390
4241 2140
4832 3035
3237 3191
1798 1996
2502 1689
3430 4852
3561 4450
2310 262
1363 1352
560 3957
4142 1575
294 1343
2612 4724
364 3835
1335 2801
118 4048
1797 1770
4711 4172
809 1227
4903 1713
4479 4422
3293 4507
2255 2601
658 3095
1951 3885
3004 2451
2959 4793
1539 4118
1601 3491
4719 2813
2358 4150
2819 1695
536 3231
2538 743
2419 1408
773 4373
3514 289
3012 4719
4159 2384
2828 549
4646 2380
3459 2110
1776 2087
1977 3527
4270 3620
371 920
3773 1258
4083 3822
666 4521
1821 4138
1919 118
662 4118
2492 4910
4033 4389
163 2001
2226 1543
3276 4854
1002 1982
932 4668
1125 3100
178 1639
2631 2270
1112 1117
3167 4356
4312 377
4960 1932
9 3447
4631 4998
2143 1673
2950 3548
503 2858
474 1428
678 2914
2470 703
1395 543
1964 12
3387 1846
3722 253
1550 783
4372 2862
3947 2456
2606 4645
856 2496
633 30
4568 757
464 4497
4597 2183
1973 4604
3945 2212
4140 2668
647 1326
1182 2138
2259 1916
3857 733
75 4217
308 620
2997 2603
4198 806
4101 2180
3003 2772
1355 874
4747 1795
2074 391
4764 2716
1199 680
2423 2640
3583 2151
4882 4976
2994 2841
4910 255
2518 1115
3898 3876
2141 4190
832 4130
4100 1677
2664 4250
4606 1601
1061 1449
2056 490
567 1005
1948 1496
2458 3069
4879 138
2526 2807
1955 690
2676 3933
458 852
1181 2528
875 3714
1054 4711
1168 3689
4888 204
4334 4715
4342 2564
1857 761
3724 4069
3538 2334
968 2912
4183 949
868 4252
3154 4903
168 1021
4004 2230
2322 179
1816 1412
3943 1205
3104 3566
1398 891
1987 2439
1805 192
1435 883
1182 2127
1232 318
476 275
123 61
3526 2475
949 472
1127 194
3521 3399
1104 96
3909 1921
1643 138
3363 3878
3598 4669
3606 2862
4965 2549
3944 4402
497 1472
1403 4160
3409 4511
4309 2896
1580 1685
1843 2700
1140 3421
1045 2448
1100 3401
3732 4051
476 2607
1509 1306
2387 499
1249 1891
3064 4169
4419 805
54 3857
3779 2971
1097 967
3074 1436
1607 4208
4191 2868
1135 4303
1284 3186
3411 1715
1838 3761
2615 2983
265 2716
2101 581
4231 400
3791 3099
2707 19
2983 4636
370 3212
3030 1864
3291 734
1642 3182
4198 4931
3147 437
3908 3180
3248 4171
3789 1114
2017 1666
328 3651
4489 3003
3150 1700
728 4979
371 3646
440 1483
1178 4857
1129 4226
4015 983
1065 1367
3354 3003
3455 2422
800 2466
1645 1570
2687 937
1077 4200
3873 3652
4022 2629
3861 3659
2024 2183
3394 4754
2175 869
4376 3190
2583 281
3650 3720
522 1446
2553 2420
1544 2417
2833 3341
130 2072
2098 1864
1969 424
1602 2855
2038 2809
4336 2928
2626 4396
2544 1097
2018 1672
1760 431
2125 112
4034 1907
511 4434
4935 1533
2863 1930
2738 2244
3305 3469
2395 1820
142 4441
4451 295
917 4742
3498 1123
3480 4270
3192 4484
116 4555
4804 3527
1817 3776
899 2038
1718 4307
4654 4251
4214 3073
1287 4900
3772 638
4403 514
2761 2146
