90 956 30
294 346 26
212 474 10
212 231 24
389 386 12
38 237 28
368 174 5
112 444 25
307 195 15
349 155 20
479 220 26
129 189 30
332 361 12
247 94 17
117 3 20
8 496 4
80 466 4
120 43 24
408 460 30
485 116 30
120 232 17
362 277 9
72 9 16
384 262 27
50 225 3
307 472 16
464 188 13
442 267 21
82 155 11
395 223 8
261 215 17
252 184 11
245 261 18
349 460 19
275 432 4
312 491 12
440 228 24
206 127 8
341 386 7
144 138 13
442 405 22
170 353 23
463 54 20
195 254 16
93 149 6
406 340 26
103 277 11
443 348 25
495 135 28
489 143 17
457 192 20
39 113 20
65 392 9
385 349 16
450 105 6
14 427 5
199 468 3
383 182 17
71 272 30
7 401 17
115 118 8
365 455 19
146 13 13
188 153 8
205 225 6
78 236 15
41 22 6
342 231 30
471 450 25
166 250 16
168 103 29
317 173 28
113 231 12
299 496 4
162 347 2
189 469 5
107 353 15
313 440 9
181 260 1
220 340 16
77 163 30
265 328 27
110 209 15
377 264 18
248 438 29
254 53 9
153 12 1
258 306 21
287 105 18
123 473 15
272 405 10
343 381
301 167
128 67
142 300
236 189
253 200
344 195
220 404
21 485
317 241
390 241
198 483
45 370
312 497
328 270
157 393
369 327
220 78
213 327
450 166
400 439
206 80
23 394
479 372
306 45
114 488
121 472
350 451
478 13
390 312
190 144
29 166
233 290
444 460
455 225
40 245
314 102
270 142
143 270
160 47
349 283
55 348
496 242
247 400
291 188
281 9
492 47
54 33
292 170
404 236
252 83
484 288
422 472
45 232
262 252
180 103
20 380
409 165
269 109
186 360
66 240
176 324
401 272
103 3
281 270
473 441
473 79
169 131
65 463
338 124
421 141
393 88
448 165
449 434
73 447
454 186
342 146
354 391
387 78
417 12
209 385
225 294
386 464
66 306
21 115
396 16
163 182
160 233
472 457
341 136
326 208
85 17
27 397
372 263
386 45
154 155
347 210
494 252
260 134
442 104
20 416
374 122
128 183
35 380
397 91
448 277
114 303
207 180
298 283
152 356
236 220
407 294
308 29
308 227
460 176
24 102
186 402
274 433
338 259
42 71
269 12
169 296
301 451
475 13
382 160
47 165
209 352
425 56
451 124
102 88
471 169
142 115
333 431
96 155
268 367
200 334
13 151
346 316
103 201
212 451
35 69
242 38
146 457
390 108
165 434
483 244
489 288
197 7
64 214
366 323
144 133
181 119
398 58
109 358
361 30
332 281
232 337
479 94
429 205
127 320
60 43
421 6
88 121
82 421
482 455
285 470
361 416
262 260
158 365
194 293
490 184
318 43
201 314
439 236
437 209
393 344
460 352
101 381
491 88
273 336
309 357
355 306
382 436
342 14
3 225
249 313
195 215
356 192
234 496
491 208
235 439
359 25
90 160
295 91
43 71
383 176
159 499
90 140
21 195
311 380
255 410
336 188
429 199
147 10
156 275
282 31
461 137
425 168
202 143
202 210
378 62
404 182
346 153
244 61
124 33
288 43
280 163
341 143
94 407
54 109
189 339
2 63
166 49
17 50
488 218
261 331
465 10
223 322
152 12
255 424
132 485
162 268
407 413
271 189
168 277
464 387
360 494
208 415
461 361
388 75
160 473
35 245
371 158
128 143
102 338
96 184
125 412
180 364
181 334
441 465
106 346
441 4
47 185
396 236
65 353
241 454
131 6
279 499
224 405
34 238
159 409
128 302
251 105
97 278
170 292
25 41
75 93
220 190
173 499
247 231
251 43
498 461
195 220
450 403
58 7
435 244
74 104
343 348
298 148
404 473
233 208
364 227
481 4
277 440
21 2
294 245
399 23
483 390
195 81
372 97
15 468
95 394
312 310
417 152
121 257
263 373
313 128
34 96
267 215
181 22
481 72
441 400
4 88
445 109
322 260
239 101
120 55
492 130
291 490
396 345
135 202
425 466
207 338
340 254
369 433
252 4
398 460
64 60
328 99
374 347
391 375
422 191
467 161
429 25
255 329
436 78
381 425
379 461
59 327
74 284
406 6
322 479
16 438
200 61
162 36
22 292
293 377
420 69
151 487
98 9
13 196
367 240
385 373
287 196
86 305
136 34
376 251
461 33
442 199
445 46
480 64
103 62
482 378
318 128
127 262
213 64
361 339
252 400
90 41
411 340
242 441
293 28
417 148
496 172
285 11
254 57
275 165
97 223
260 486
33 53
283 220
260 333
411 38
421 250
414 148
332 155
275 297
390 278
318 278
396 98
400 269
355 381
45 47
202 299
240 442
41 105
454 143
76 495
6 375
421 286
108 218
376 78
265 334
290 250
135 141
484 188
451 105
413 336
312 331
357 392
155 484
9 39
191 373
230 169
472 149
258 355
93 88
306 350
221 216
123 264
43 335
100 175
122 294
35 51
56 381
146 394
339 199
35 300
279 132
322 381
488 469
103 48
286 215
430 87
187 36
19 381
131 122
393 385
226 165
394 158
492 427
476 10
153 11
168 488
422 168
239 29
478 484
183 187
319 350
152 160
57 67
354 5
273 397
410 75
441 344
89 346
392 488
170 87
417 378
494 472
338 274
333 96
144 313
196 360
169 181
497 361
323 166
486 247
53 407
107 435
203 72
45 151
493 363
315 249
283 298
224 335
447 228
146 87
206 470
334 266
275 168
417 233
210 27
33 168
83 22
171 308
194 125
60 1
22 312
96 160
107 291
109 129
50 163
85 270
256 256
470 391
453 471
124 75
116 385
307 60
346 144
481 106
204 475
372 491
11 436
179 402
469 226
11 265
353 201
434 264
43 138
100 17
126 326
284 268
222 434
22 393
368 277
51 498
387 318
137 449
23 7
207 301
341 269
57 427
289 301
299 468
354 349
222 411
284 155
3 198
445 335
446 493
107 215
361 20
54 352
282 164
243 179
447 141
133 428
249 6
493 472
116 347
274 220
248 270
458 153
357 60
250 360
252 293
496 431
297 179
423 177
40 304
284 442
126 178
361 132
299 210
81 459
438 145
334 364
310 435
466 417
39 466
441 424
347 479
310 71
222 457
379 34
216 165
116 190
370 432
110 57
334 312
355 412
424 12
133 27
417 349
242 455
398 281
3 280
223 391
215 356
219 391
158 341
485 134
194 15
409 263
208 394
153 173
225 320
428 399
213 13
109 242
433 409
253 50
120 25
270 211
370 311
292 43
226 424
330 375
99 452
432 11
273 98
291 303
217 253
408 328
126 491
370 170
238 40
426 419
62 464
78 105
378 274
323 30
166 332
299 396
435 92
117 422
419 309
452 72
100 422
450 354
440 341
251 13
309 471
100 217
422 419
91 432
65 117
472 239
374 495
476 499
16 151
53 468
450 139
92 340
279 154
210 467
127 340
339 9
172 306
167 245
386 461
56 255
335 13
131 51
379 480
457 122
143 21
476 383
11 372
68 171
207 488
208 204
375 454
462 10
108 411
379 163
69 248
107 187
28 272
59 462
457 432
127 379
298 73
245 234
63 21
242 295
433 439
404 93
98 147
298 150
261 238
429 237
298 402
451 492
70 383
469 219
254 424
166 211
178 165
498 14
126 479
63 316
65 5
384 36
69 33
115 403
136 381
480 269
37 163
274 483
4 48
226 197
331 424
236 102
388 379
413 165
193 450
424 324
397 102
458 26
349 175
322 200
249 367
138 499
277 404
73 194
391 212
392 402
421 367
47 381
460 124
482 104
265 412
371 148
207 276
243 449
319 488
176 381
314 149
207 287
212 407
261 274
86 429
183 494
294 389
148 463
238 458
117 424
396 363
476 213
271 188
226 20
142 11
406 234
171 204
271 498
386 290
82 182
7 412
92 194
53 279
63 362
16 73
309 75
454 17
316 78
440 385
214 475
490 384
293 405
27 97
278 117
130 472
395 340
346 303
412 316
132 483
126 217
42 477
49 396
144 132
127 79
107 238
63 319
459 293
183 86
444 5
116 232
215 448
438 191
321 487
257 159
258 151
240 222
159 269
130 236
280 74
433 241
103 96
482 64
182 287
337 210
145 87
368 336
454 230
3 129
135 185
228 429
238 372
339 22
326 4
286 14
467 125
333 321
71 193
294 92
76 439
69 63
253 193
361 5
343 16
384 342
417 493
407 456
323 28
72 167
172 235
242 378
191 123
497 230
328 190
199 366
291 55
68 297
368 152
443 59
319 446
103 102
255 381
342 166
298 235
8 383
260 123
158 43
418 52
285 132
103 317
306 109
240 35
209 250
158 257
154 22
69 423
268 226
452 90
219 456
443 129
193 117
148 373
370 106
357 67
170 154
197 91
293 171
58 5
246 234
16 210
368 319
10 375
499 79
136 29
138 126
281 352
71 205
127 113
407 333
147 301
201 244
285 143
347 406
435 179
406 216
61 7
290 138
364 116
380 387
220 431
212 164
73 258
252 462
98 155
28 302
79 443
68 220
29 270
368 194
270 25
432 379
333 15
119 290
144 474
80 320
321 340
439 27
303 210
44 171
78 326
29 163
98 351
39 362
261 160
369 213
397 181
294 349
173 109
237 326
159 363
43 113
485 324
460 484
270 224
236 255
90 467
302 409
223 46
227 117
205 104
435 35
4 172
85 354
210 88
19 164
56 433
66 397
358 341
357 439
5 250
429 451
99 297
97 16
142 309
42 496
7 286
168 121
81 318
492 272
307 69
151 245
419 1
120 5
252 76
140 112
406 261
123 407
288 378
61 63
70 268
9 478
457 443
78 3
68 192
357 306
39 498
44 35
162 378
241 189
457 357
438 70
195 329
33 294
112 139
247 21
303 460
411 3
236 361
184 418
72 373
63 369
434 191
177 230
331 143
142 236
296 82
321 46
