50 464 30
284 306 5
921 988 8
204 782 15
817 864 20
952 883 30
639 155 8
443 549 2
934 798 30
376 26 8
177 77 16
11 718 7
581 917 1
309 733 14
265 194 7
168 725 9
995 458 30
407 976 3
267 521 20
923 152 2
579 424 29
641 105 27
18 936 28
481 940 8
978 940 4
464 974 27
740 896 22
401 159 5
339 38 15
118 405 11
544 995 3
413 707 13
693 374 8
853 877 3
592 63 13
842 687 15
620 386 10
847 262 9
867 303 16
126 825 29
167 315 2
988 50 23
760 410 7
403 855 25
699 475 1
29 424 27
104 282 4
386 245 28
463 562 18
613 180 27
607 996 2
375 624
717 337
938 431
292 934
498 38
716 635
308 769
571 518
458 533
301 946
634 37
800 883
352 379
831 422
643 794
787 941
507 674
41 488
999 342
969 785
954 731
354 907
794 717
613 231
462 845
94 918
420 436
286 713
590 686
404 656
1000 349
791 316
104 302
627 36
740 118
683 123
988 54
195 339
624 589
175 602
982 620
107 441
866 927
781 70
939 778
251 768
233 798
944 170
407 354
900 97
518 319
229 346
525 173
666 415
870 113
508 511
706 426
715 615
610 767
613 601
184 782
332 794
52 564
64 995
973 749
15 40
566 989
1 195
58 66
103 407
494 154
265 147
983 331
217 922
975 5
164 429
560 979
132 484
761 543
867 703
312 957
463 373
602 811
499 378
768 205
65 845
287 608
780 852
54 776
268 62
274 579
303 389
442 321
784 778
683 869
231 789
872 325
263 100
939 888
729 833
967 1
449 874
633 32
328 822
735 299
665 502
889 442
298 168
289 504
55 773
806 736
965 591
718 252
615 275
915 201
647 757
17 489
645 335
224 937
69 852
791 9
976 644
874 213
615 947
552 245
934 913
641 199
783 221
349 41
82 1000
774 582
131 910
316 154
814 787
896 40
446 748
358 324
630 621
807 975
661 342
723 74
987 251
560 497
676 922
599 867
856 682
914 786
279 910
656 196
803 85
805 505
552 178
562 274
76 410
950 775
765 764
48 919
721 438
584 315
746 149
861 520
734 151
4 453
950 434
475 188
355 561
170 598
919 972
363 204
757 618
951 369
898 505
117 278
449 605
440 484
473 900
704 20
472 786
964 792
854 109
6 373
708 975
163 714
381 326
127 962
140 543
211 237
788 110
780 813
688 714
123 85
880 80
654 835
561 99
179 860
78 705
710 159
986 472
273 134
995 540
52 943
593 203
645 902
494 804
282 805
301 894
908 781
281 415
712 525
794 586
405 763
285 410
476 884
637 516
163 310
839 739
919 589
843 321
614 496
843 466
915 265
131 414
112 35
285 330
840 917
487 79
901 508
204 301
633 83
386 641
347 644
673 127
251 182
101 44
537 518
593 171
733 778
599 247
830 151
344 405
150 298
675 70
119 777
852 97
66 575
229 448
674 330
363 173
508 346
654 216
739 372
788 987
594 181
326 224
730 251
301 7
902 666
76 619
802 667
953 460
637 745
897 351
432 765
431 249
36 453
318 466
676 367
900 612
784 189
202 18
460 295
378 142
63 604
781 732
465 807
607 554
535 993
397 66
907 382
7 785
258 187
141 452
167 573
658 147
164 407
976 563
113 132
391 89
266 414
924 444
536 2
301 218
404 784
36 920
775 630
649 612
124 485
69 103
471 400
269 723
530 661
272 805
21 709
606 137
889 775
279 248
967 513
560 79
434 743
743 84
908 836
963 346
301 882
559 158
43 114
984 817
123 296
928 100
407 965
88 193
575 591
239 741
656 194
269 104
120 571
503 719
505 60
753 393
44 400
865 39
571 16
804 44
294 242
716 466
584 212
705 257
799 922
226 845
639 29
244 684
336 150
709 436
874 256
811 88
729 456
448 980
829 505
310 138
779 185
814 981
767 886
355 769
912 825
872 654
784 902
519 908
236 468
645 484
951 952
782 986
945 624
978 322
126 901
518 282
195 698
70 277
720 935
33 720
838 844
646 286
473 10
88 595
682 253
85 522
990 708
596 356
782 540
324 841
808 355
24 633
231 730
283 699
549 328
899 269
132 161
308 374
639 298
508 769
579 265
774 927
463 652
170 542
970 866
826 552
544 701
727 849
447 477
527 189
910 452
556 892
821 675
429 811
892 522
440 599
955 565
913 625
777 905
954 901
636 432
267 868
701 702
283 902
155 435
35 976
800 797
205 658
49 275
972 803
42 501
299 454
562 635
244 417
818 472
957 287
93 112
522 793
412 519
483 295
776 753
439 332
850 941
181 396
889 402
731 864
656 631
922 281
360 847
568 736
191 470
182 688
923 755
726 740
685 973
668 403
382 522
780 388
198 515
28 512
207 6
32 565
55 609
416 506
918 419
102 361
90 341
844 515
255 660
191 654
623 485
96 653
372 735
870 413
272 250
173 387
