130 1392 30
2344 489 22
3792 3140 7
446 4818 13
1248 1775 13
3970 94 8
3075 618 1
354 3566 8
1684 2072 19
2232 41 4
1118 3862 17
210 4989 16
1045 4167 5
614 4761 8
3643 2477 14
629 2804 11
735 2478 4
562 3699 26
4809 710 23
3743 1848 16
2033 4764 20
3051 3045 14
178 974 7
1429 2733 13
4404 1267 12
1395 1391 30
2674 4406 26
622 2951 20
4510 2373 17
661 4581 5
2206 139 7
65 4828 7
1258 4939 3
3171 4809 27
1794 3038 28
3585 530 22
4565 2377 3
3294 3424 16
1580 3547 18
1271 960 27
3747 1342 16
3529 4508 15
436 4015 2
1857 3155 18
4018 3854 29
2982 2613 7
4697 3164 29
2151 3058 1
2047 3274 16
4707 2068 6
444 832 16
3420 3004 5
1764 2792 22
150 4908 10
2919 4890 14
3436 2067 20
926 377 13
2251 2235 28
2636 727 30
1984 1777 15
3343 155 24
4770 1626 18
743 4004 11
592 1347 18
2663 2223 28
1580 4336 19
2253 4463 30
2060 904 22
4734 3494 25
2815 3327 19
4477 3389 11
1511 4108 16
2160 1099 17
3776 1761 6
4483 2944 28
3903 4016 12
1692 4056 8
4474 3880 26
848 2663 23
3181 179 29
836 3122 30
4322 1328 16
3664 94 14
2169 2090 24
1165 3861 20
3344 2358 19
2567 1434 3
3605 3239 15
24 3252 13
2842 31 26
138 2823 26
3298 4246 29
4618 2603 27
2317 3251 11
1846 4272 18
4712 416 2
2255 2186 29
1739 4196 5
4478 2403 9
1737 2240 18
2518 2479 10
3096 2019 28
4155 669 22
2861 3848 21
1260 3285 1
1550 2802 13
4571 4841 6
1156 3133 25
94 4992 9
3669 4862 8
4679 4131 3
4071 2995 20
3186 768 21
2733 1507 10
3781 1904 5
3247 4050 21
636 2227 27
1502 593 15
3227 1201 17
4117 3865 19
4516 4946 3
3394 4472 15
387 4705 26
13 997 10
4571 2693 25
3005 2871 1
2066 4100 6
542 2785 10
1866 4847 27
2725 1017 25
781 2627 25
2809 4207
2379 4483
2873 4698
72 450
3935 4381
2357 2175
2875 2265
2565 4022
1043 3539
2895 1941
942 2962
4302 4058
1737 818
2797 2704
1496 1220
2626 484
741 150
1345 4520
3270 387
1583 205
1391 4883
4776 1697
1508 2239
437 906
4033 1217
4411 4387
279 4689
1122 4740
1399 2537
2662 1555
1395 2259
3027 3135
3743 4155
1757 3888
1403 4256
2264 3259
2685 582
1746 4394
1819 289
4172 753
4185 3178
745 1469
4278 1393
4034 974
1264 3633
804 4704
3749 2051
446 4247
1737 1163
1339 2838
161 2167
418 2402
7 105
341 4671
2005 3472
529 196
633 2341
4002 2992
1022 100
4999 3885
415 3605
4870 4647
4008 3826
4892 2870
3513 3338
2310 1758
4459 4693
2984 806
1511 3271
367 4008
3265 3026
2535 3990
3700 2539
709 3502
4778 996
3059 2739
4609 1080
3478 2247
3094 3792
1763 4984
4859 1493
1026 1270
58 1383
1747 1403
3520 3661
3908 681
36 4744
214 2894
3881 3076
4165 4952
1271 1414
2487 4091
1466 3287
1734 984
3035 333
1327 1522
2951 736
162 1370
4978 92
1396 114
2023 4391
3554 4987
4710 3050
1779 4350
2396 2411
4000 212
349 1044
4321 4597
3669 2110
1524 4945
4117 202
4989 4686
4735 3640
3599 4226
1905 1838
633 994
2938 2074
4031 376
4308 4545
2427 759
723 2649
3375 71
2767 760
277 3716
3001 991
1410 1015
4740 4700
3947 2391
3445 4917
3359 2628
3814 4284
3766 2500
3473 1264
4506 2759
4936 4062
631 3014
3911 4636
1140 4399
3171 2118
807 150
4885 4951
1431 4503
3972 3287
3470 1554
891 1964
1523 1863
4448 3666
1074 4038
4069 4088
4269 2594
1476 4578
555 934
814 429
2825 3294
1686 3914
3566 3134
2980 391
2424 2021
2131 1677
2526 701
1210 1697
4436 4499
1827 864
4180 3137
1640 2028
4743 431
3184 1500
2986 225
1634 4043
3310 2109
582 4597
3227 1918
2566 384
1265 2150
4827 3161
1907 509
527 4226
1320 2360
696 2490
4408 4672
4188 1825
3254 1099
2228 798
291 4829
623 239
3796 1122
2592 2113
2008 3897
3301 4444
103 2784
3047 802
4344 3880
4323 2017
583 486
3145 1838
971 204
2473 1483
1621 3923
3529 2525
4400 2594
160 1740
3972 3315
709 453
87 3762
2209 1046
1985 1543
1047 3778
729 1363
2651 4513
3987 4950
4810 1490
1248 1298
225 2943
1229 2748
3123 1800
3635 462
73 4817
3727 554
2508 2030
3296 2583
2943 3878
3314 1744
1329 2550
2919 2455
3849 2890
2887 3208
3299 2427
4252 3028
342 2641
2666 3429
571 1882
1978 2465
4463 23
3055 2568
114 1650
3153 2816
1492 1946
117 1497
2283 3170
1201 1470
2249 3549
3877 911
3389 3280
4221 1139
340 804
3335 2515
741 3053
431 4243
4646 3541
4338 1505
3451 1067
4984 2221
327 1016
2693 2209
2343 4213
718 1361
807 285
2389 4802
4586 1306
585 1562
1833 3670
3133 254
753 799
4528 4187
878 4256
1445 135
1229 4099
773 3392
4978 2524
844 1344
2519 2140
3275 1412
4738 858
4836 2218
2208 2234
3201 3419
4201 269
909 4975
2255 1523
984 4015
2118 922
2856 199
4551 348
4600 302
4728 360
2253 2869
3490 1775
542 1406
1017 4429
110 3882
2815 824
1016 1815
890 4531
3232 2541
4941 4549
3768 34
2276 3844
1826 2877
167 3850
2131 2843
3687 4674
4218 3495
3536 467
822 600
2307 1762
2201 4027
1773 2942
1561 690
2007 4590
2942 2402
4061 3140
3427 3661
1079 1763
4871 819
61 3214
2934 4320
893 969
4114 2169
1974 618
515 78
1218 95
1478 265
3146 2187
4784 2581
453 1422
3144 1248
1244 1339
4244 699
3342 3475
1172 3823
555 4944
3655 4217
994 1101
4421 4789
4500 4988
4622 4498
2527 4946
1709 3830
1469 927
4571 1791
472 2476
182 3318
4101 1938
3343 4625
3155 3415
470 3495
3135 2265
4352 3330
1587 2662
753 1475
1994 4147
4698 160
1333 1870
756 660
70 3564
4225 4573
390 2403
3946 2473
459 760
329 3786
3907 3238
4078 1691
3202 3282
1109 3842
153 775
3572 1474
3772 173
3185 4756
4691 4606
557 1316
4022 967
2671 446
1200 4379
4167 648
3476 444
4975 2432
701 1324
730 1082
2350 3895
981 3993
4292 175
2882 1688
457 2014
530 2713
327 3260
835 3019
2476 4603
2172 1288
4643 1851
1828 2298
955 3287
4729 3842
3390 2228
3692 2623
2452 1182
3339 3673
4613 3011
644 1087
736 2975
4749 2826
4457 178
51 3312
767 1878
3705 4517
636 1723
613 4984
3853 2002
3962 4096
3435 2595
1264 2809
2031 4701
590 3909
4527 324
112 4747
4668 4666
2773 870
2372 1853
2640 2185
4637 563
3759 4878
4599 3573
280 2942
2039 4040
2504 3773
4603 1639
2540 1038
3745 3362
142 133
2840 4651
388 1533
2490 4996
4240 2027
1794 2880
2295 3609
562 4342
4709 138
1151 4470
4445 1154
3587 3559
3326 448
2166 953
362 1305
580 4867
570 2384
2273 2088
4648 3153
920 2606
1605 741
1286 1452
3334 438
3099 362
3533 1589
1533 2718
128 2109
2949 284
2092 1514
2473 4632
3196 3375
3795 352
2333 3503
1545 1977
1094 3436
123 4753
3848 24
2165 67
1524 4156
3912 4180
327 970
3885 1425
3220 3636
2753 500
3420 4643
3929 25
4298 3979
2662 2237
1477 2461
3860 2432
1247 3744
4558 3359
542 852
4289 4311
2977 1914
4909 1624
798 2842
4391 2743
621 4623
1978 2752
1985 2516
3333 693
1461 4843
2639 1842
2248 4796
1051 719
4622 1820
4437 2288
1776 3084
3891 2997
348 1622
3692 4667
3157 488
4388 4293
4012 3374
2094 3965
69 2478
1337 1282
2493 1280
303 309
2653 1542
4065 2983
1505 4429
2771 2175
3988 2721
1048 1730
2749 3673
1709 4188
2638 4258
4538 3070
2244 3444
2633 2666
1406 1088
4780 514
2952 1015
3656 4077
1018 4410
4778 3337
4553 286
3138 4022
3357 389
3378 738
71 3007
2795 4143
1485 33
1520 1867
341 775
3491 3661
705 1337
2004 1074
1134 538
2419 2712
4492 3765
1218 3635
4433 1241
3402 3399
4283 3496
3912 3467
4911 2678
2393 3664
1347 3030
38 991
2680 2371
2460 561
3495 4725
160 3354
414 2559
40 2293
3091 3007
2687 952
1841 4247
234 2582
4287 3802
2542 3442
673 3282
1259 2514
1474 388
4956 3814
1599 4546
1468 2950
1027 2450
4596 1979
1660 356
4260 3257
4396 421
1138 2621
2492 2912
4756 3544
505 2621
630 3442
4260 3939
4170 2649
1193 1312
817 2290
596 3582
4620 1741
151 3335
2499 4745
384 237
2853 1801
1055 1694
1516 945
2431 4404
1565 984
4800 2824
783 4443
4222 3384
3224 3234
1412 4782
2810 2090
3834 2223
3942 1050
4054 2989
269 1681
948 936
2858 3377
241 1653
4853 4329
1260 3449
4138 896
4764 4210
3629 3823
2200 2141
4229 4155
1203 258
1484 4273
3415 2946
2513 1230
661 2938
2276 4844
1138 2245
1641 1674
789 2191
4334 1822
2443 2337
2120 4452
3653 1601
4291 4797
4435 4112
1461 2173
358 2672
1329 4142
4008 2589
926 11
2521 4050
2138 73
1280 1429
1984 4410
1146 4304
4015 211
183 1955
2596 4375
844 969
4828 528
4834 3788
3811 2984
1267 720
4343 3153
3111 2846
1907 4238
4726 913
278 2864
3406 3715
1111 2300
4892 2743
991 1540
787 591
2461 3620
140 2564
2044 94
3970 1905
4854 112
2149 773
4917 3877
813 793
4371 2633
2970 4185
1592 589
1253 1196
3819 3847
620 1860
4461 14
2038 3992
3063 3441
4441 4278
3068 2154
1738 3676
4925 2018
2980 3166
3979 4448
86 2422
1919 539
1903 4283
2236 3024
4160 4691
3721 3256
1035 3418
1410 791
4966 1761
1303 1218
1925 4576
1784 1478
3285 2893
3242 1959
720 2360
1364 3929
1995 2638
62 1277
2998 3421
2995 2344
4179 100
3351 169
2774 2786
4213 729
1035 1052
19 2847
3401 3742
1735 3730
3610 3964
1741 3745
4481 4534
2698 2204
280 1184
1007 3102
199 1389
265 3820
985 1443
3629 935
4630 268
1525 3132
4356 3419
2359 580
1780 427
4552 392
2364 2044
3608 2971
1677 1484
3087 1833
4889 4668
1507 1698
746 3735
2175 1459
1001 2980
3401 4800
3329 2823
4247 4492
3229 89
4655 3076
4913 2231
1751 4336
3499 1736
4450 4993
3778 444
1026 904
2530 3230
571 54
4469 3212
1826 1972
797 621
3204 4031
1324 4466
3352 438
3384 351
3900 1358
4740 1916
3622 3558
3308 3488
1739 3710
1598 4447
1290 147
1859 2404
2904 2044
1926 940
4907 2058
1049 864
717 3057
1921 3389
3704 1507
4849 1833
3740 2446
4771 562
873 2160
3136 3018
4610 860
2458 2656
3292 990
265 1620
3716 874
2541 1305
1419 2498
1759 1495
2486 1749
704 2642
3040 1791
1965 2037
3503 3496
1225 1550
1505 1526
2970 2103
2761 4019
641 713
4195 417
129 4535
4510 4215
1312 1085
281 4047
4126 277
1133 2324
3358 2333
2383 2234
3944 2417
880 4947
1557 1349
111 2859
1476 1265
3508 1352
5000 931
4556 2441
622 3840
1887 1383
4947 1573
348 4650
714 2242
3972 2519
220 1375
1699 1812
4150 1095
4583 3571
4325 1517
2497 2535
934 1710
2182 4113
1042 3580
1161 2340
1179 1887
4291 4916
4424 4393
3774 2566
3881 3363
3335 2662
3682 4516
807 2141
4186 2067
3141 1255
2538 3863
2424 4520
3824 556
2747 3901
4101 1542
1886 4591
2277 1079
4721 949
477 2432
4448 483
3724 2675
2298 1655
2119 197
4079 814
1700 3369
3143 3797
4625 643
3729 958
4621 3349
2260 711
1743 3890
3618 2722
4225 4634
1978 2540
795 2610
1685 1771
3985 3809
2269 4257
2367 3339
2952 3092
834 13
3807 2018
4003 4656
373 1089
561 921
1682 3991
1660 660
1491 493
3994 2376
1312 4515
3519 3526
4107 4840
4612 2892
1931 2364
2722 3022
2263 2926
4812 2184
3371 1391
154 3333
991 927
812 1721
2344 4530
4866 1854
109 3267
2882 702
4628 898
759 817
913 3204
2224 4360
833 3957
2047 3632
4025 777
4344 2166
1395 2678
655 1934
4074 4261
4380 3402
4342 186
3695 4675
3964 4961
1607 3744
1025 650
4516 4767
119 261
4474 2563
1340 147
4007 2826
3375 1961
3339 3680
4934 593
1239 3031
2815 3344
2317 374
1912 3722
1392 3781
1508 860
4651 2881
4783 4279
1719 4149
4244 2731
2804 2904
513 2682
760 3610
3859 4207
1507 4500
4929 3920
2144 387
879 1196
3058 1339
2616 3211
2511 4210
4793 2140
3546 648
4975 3501
1549 1189
2336 2112
4205 4200
4571 1746
1199 3668
178 3357
1723 2510
2452 4946
1197 2257
2645 1706
3391 2102
3938 964
3575 3047
4577 3908
2299 3960
663 3263
4347 3863
327 1536
3557 506
1569 3562
3681 1306
4103 2828
1869 1523
1586 2705
4393 735
4606 3677
569 1565
2604 3858
957 2127
3323 1195
1836 623
2403 4757
3910 3422
1250 3138
3582 4216
3229 2535
879 4993
414 2186
451 3305
4721 4670
4711 589
272 958
3141 4179
245 702
599 4919
2688 2997
2582 4516
27 1221
1678 4088
4423 2395
3119 615
2905 252
294 1695
3454 867
4120 3646
2038 79
3995 983
4616 1634
1895 1295
2697 1585
6 2949
1192 1828
3698 2631
3773 3209
1847 190
3972 3420
989 3863
4254 2106
1421 1554
2027 826
1423 4459
179 2382
3612 1252
1900 478
27 1814
2751 3069
1704 2227
128 199
4007 4106
2598 300
702 1310
623 3539
487 3624
1872 1295
1617 3483
2038 4880
2780 1970
4637 2361
4591 4425
2820 3852
2517 676
2528 866
4139 2916
3740 621
4532 1718
2845 718
177 622
4412 3901
485 1983
2295 1789
164 4127
1989 800
1247 4689
2958 2691
1584 4301
4602 2662
1790 1665
345 2692
2942 2114
3870 2713
3900 4393
234 3435
3204 3225
3373 2725
1551 4154
1769 3551
2986 2415
3308 3877
3847 4975
2016 525
119 3868
115 1256
96 2966
1440 2570
3668 2221
1302 1532
2380 1811
1232 1990
1273 3773
2210 2786
1033 4460
1210 4907
3021 1567
1882 4536
2166 567
4390 1501
3841 3729
693 3699
533 4336
979 3071
1558 3098
1407 4107
3606 1177
1650 4826
328 3814
4637 4709
4943 4049
4179 3172
2217 2559
3424 4107
1816 2803
988 2097
4568 3422
269 1598
2414 1395
1028 1696
1754 2893
3708 4197
4956 3201
3326 3589
204 4507
3918 358
3203 365
306 3112
2983 4918
1495 649
1424 2802
115 4934
3159 1292
3684 1018
11 455
1711 462
4674 1053
3064 4857
2762 912
1878 268
4727 304
3212 3557
906 1189
4280 2485
295 485
841 4388
2482 1139
2004 4690
3330 2329
987 1095
4898 2673
3177 832
3121 4335
1460 4181
2807 4767
4645 2161
2821 1230
1271 2312
3843 3848
4796 4431
4224 4824
60 1874
4750 1796
1114 1360
3930 2059
3276 2837
3622 4727
1611 428
4204 4642
3806 4251
3493 2195
707 910
372 2721
197 2874
1386 697
4792 992
1075 1609
65 435
2344 125
2705 4335
959 2993
517 3925
846 960
4386 1311
4267 1989
4423 4369
259 560
4353 4463
3020 20
1873 2572
4399 4730
3566 2013
2008 571
3204 4006
3408 4149
340 327
2416 1311
2255 109
4690 3221
2422 3280
360 1354
1759 2280
4494 747
1797 4844
4260 4930
2604 1856
551 960
4947 4496
3262 4516
1494 143
2699 2991
4623 3996
1992 29
1091 3875
4713 1543
877 1204
872 3914
2009 2555
1387 3391
3554 4512
2314 1829
2415 3746
4881 2804
759 4630
4318 2883
1275 3417
2743 1955
4653 3640
227 4555
3118 4322
2699 57
3501 1917
1104 4117
2155 2940
3550 1461
2981 1045
954 850
2106 440
801 1535
304 3087
1244 3954
3032 442
2755 1086
2482 4941
1196 4889
4487 925
1516 3539
1316 4250
4397 2627
3868 4043
4073 4768
323 3686
3211 1035
2140 380
698 4604
2183 4886
3865 1283
1727 4102
321 4947
4247 4472
4311 4916
1313 1308
3310 3686
2772 2253
1277 3280
3119 686
3659 3312
3278 597
3196 2995
3573 395
2737 1285
3195 2554
3313 1199
4373 115
4838 3572
4025 606
824 871
1901 772
2802 3366
675 3263
4286 3155
4554 4900
891 2840
311 4202
1801 1324
4587 2265
951 3055
3207 4979
4778 2698
715 3128
4972 460
1883 4609
4341 384
3704 1443
698 489
1133 1917
947 3914
3564 3148
3905 3960
1313 969
4838 2276
34 342
4341 1872
2108 1355
778 3604
3760 1785
2082 1603
1096 4955
1690 3180
1310 4126
3654 3576
2164 4998
4341 3186
525 3948
322 636
2076 4268
4493 2516
4294 986
996 3437
556 4882
3966 3253
1933 4886
687 2328
2317 1384
2001 1010
2277 4546
1879 4567
1384 2433
2182 1151
1602 4236
3506 2669
1739 4724
4026 1745
477 3195
937 3942
4665 1933
2982 1102
3944 4883
4852 2108
2252 3699
1981 3893
4859 2888
4310 4342
3005 2771
1207 3097
1443 1216
4243 1316
1566 4183
1539 735
2439 4530
674 3695
4389 430
2709 2229
548 1532
1689 979
3311 1487
2628 3873
4841 4155
2343 3105
1970 3435
2622 3253
4383 2257
335 4390
3295 2721
3813 2211
1739 4556
137 3359
2945 4935
3334 728
4119 1996
2835 729
767 459
2241 2878
2138 171
4351 1746
4343 1302
1062 2534
2405 3402
2339 392
2158 3346
4868 2402
2913 4702
984 3222
3570 37
1936 3052
2374 3170
4550 2501
38 3831
338 2733
845 3646
3116 979
3047 906
1406 3202
1391 984
2890 3534
4578 441
1811 4138
3640 89
3899 3853
2476 3032
143 3919
803 3290
746 588
3422 2284
290 671
4879 2358
4483 2408
186 3993
2439 2020
190 1462
2861 1124
911 3693
3678 869
1224 2292
4549 3831
4136 4716
4470 522
2041 1728
378 3896
1536 4146
436 3232
