20 106 30
3470 2699 12
737 1639 13
1614 3603 25
3200 3985 8
2123 3332 24
1288 2038 7
1764 1946 24
801 4263 5
3950 347 8
4515 1875 16
4958 2590 18
2274 4445 29
1841 4282 20
3923 3598 3
4860 3291 24
4203 387 19
3957 3485 24
2252 1675 5
2869 78 21
1822 706 11
755 4357
4744 1336
2652 401
3671 2829
3398 4009
3908 1900
2175 2074
2062 2874
2224 2547
3558 4773
1947 1283
3836 1827
793 1849
2773 82
3811 3095
3670 4674
2365 2905
4951 809
4384 1466
1284 3111
2262 2846
3707 185
1664 697
1625 2881
3192 1773
1576 3530
4657 152
459 2715
576 3362
276 2553
3208 4484
1047 152
3360 2729
1928 516
2357 460
4224 3612
2527 1777
2293 4565
3551 3894
4258 2714
977 2383
4305 4841
3408 166
458 2507
3624 2277
2511 1393
1529 4998
690 3431
2433 3581
4941 4096
4619 2174
4407 4866
1916 3926
4156 3197
3923 4925
344 3095
4660 2164
1787 2099
4087 580
2290 4341
4108 2186
550 3988
1396 4991
1548 2679
517 4802
10 2766
333 4562
1615 413
750 793
2242 2290
4809 213
78 1521
3156 2641
103 2642
1924 1282
800 3074
3796 1991
3841 4682
3182 3963
4349 1674
141 2164
161 2548
3218 2377
1922 1054
3221 1147
4008 4742
1608 1357
3825 41
628 2513
875 1250
4082 4278
2741 3681
4177 4713
891 3550
2541 387
1253 3654
515 4308
4683 2221
1716 199
4902 4035
1090 2671
4613 638
1697 203
3141 4051
1394 3213
2535 1980
