80 414 30
2259 4834 6
739 3044 25
1655 1663 10
168 2395 15
3173 1819 19
4164 4221 3
327 3823 28
718 4054 19
3189 4480 27
22 790 25
4402 2305 23
189 4375 17
1275 3365 14
620 1178 18
3178 2423 3
4024 4544 5
3666 1360 24
972 909 4
4435 720 1
3586 1841 25
1721 4281 19
161 4810 24
4521 551 22
4906 4543 30
4791 2250 19
4088 2103 22
93 1896 1
4233 2172 11
4224 3115 8
1697 519 13
2217 819 7
2661 3903 17
599 1684 11
2882 3084 14
4048 4306 15
11 2170 23
425 2770 7
3827 3067 9
1605 3880 2
2253 1119 26
4287 4994 15
2604 2378 22
1804 944 21
3611 1130 11
4153 3488 2
1262 4905 20
23 1160 5
2998 2526 12
2218 4379 30
2488 1140 18
344 1217 3
376 4772 23
4648 455 17
4264 4411 5
1241 4421 25
3289 1979 7
1630 4226 15
1205 520 25
1281 4559 8
285 3524 26
680 3281 20
2366 4066 24
1647 3399 16
1261 1134 1
1826 2033 20
3420 4062 1
4811 4160 21
2885 4695 1
1959 1117 25
2475 3046 4
4026 315 17
368 2187 29
764 849 26
3549 658 22
3615 206 17
819 2874 15
1351 99 14
2334 4441 7
2799 875 15
154 1910 25
4914 3799
415 1109
3708 2385
2674 2878
3265 1325
3041 4880
744 4934
437 4380
1551 4290
3004 1532
3110 1715
1562 4557
2840 4225
717 189
999 4811
3919 333
916 4465
412 4970
3164 418
1983 417
2402 4012
3252 1225
1448 1369
2833 4738
2320 4320
913 658
4679 2304
3744 1507
4541 14
4080 3371
3757 3998
3226 4831
1492 4283
1803 2023
3967 2716
3253 5000
3857 399
950 864
4740 1346
3591 1661
42 4501
3782 317
3656 806
1559 1021
1086 3332
3656 4206
962 2709
156 1201
184 1471
3631 4229
1792 2890
1982 1531
960 4855
1164 3459
3427 1695
3577 2551
4047 1025
2238 2956
1145 2132
3299 1195
1592 4603
2951 422
4755 2655
3755 1352
4351 363
3254 1917
1587 2784
1456 3444
3693 3772
4699 377
793 2277
2633 4916
297 212
4064 1727
2949 1495
1481 2269
4910 3350
2500 335
642 553
2442 762
1082 1924
4921 3930
863 4598
1847 4715
1924 4932
2486 4456
4214 2408
3752 2296
2264 2624
3327 4762
3982 1872
1798 1052
3068 248
1048 4445
4759 1823
3921 1725
824 2288
3066 4769
4893 126
959 4514
2134 3780
1074 4255
1764 3783
1876 3075
4765 3815
2263 3322
3119 976
2260 690
3654 3405
1171 398
4201 1984
221 4928
3130 4999
4841 3945
648 582
476 3038
452 4428
4624 4772
2470 4741
2337 2891
3052 3384
1062 1820
3403 3945
4822 3216
3451 3531
1790 3459
3106 1004
1806 2602
2073 1771
4751 2164
1289 2595
1526 4628
4509 3809
2972 653
1928 2326
218 3146
1210 509
3030 2502
3346 3719
1647 4329
728 4860
4942 1183
3697 325
875 1113
1975 958
4004 2628
3674 1372
3548 2447
776 4315
4910 1356
3764 4491
4761 2764
105 59
1184 4182
4733 810
4437 1921
4713 2955
3596 2385
710 4740
3761 4995
3769 2746
3562 4892
3276 602
1339 4255
921 1855
3067 414
4139 621
890 2729
2756 527
1654 2110
2154 783
3728 3634
4772 235
1854 2141
4945 2152
1758 1704
3341 3050
848 2400
3840 4562
3889 3472
3891 1269
462 292
796 4584
2092 3453
1853 1208
4503 2610
3161 1771
702 178
526 3275
736 679
604 583
3136 3429
1153 1471
362 2084
171 331
655 4330
4429 4665
1988 4425
1236 2089
1082 3592
4240 2840
379 710
4211 3723
1103 455
267 2125
385 1884
43 4206
2252 4394
2511 1977
795 4363
2073 3342
4709 304
711 2374
3824 4556
2482 4662
1974 2539
359 2245
167 435
589 2405
4663 988
2082 1549
1661 1455
3310 3246
608 2526
4708 3851
2078 4728
644 2157
2220 3298
741 115
3786 3219
1471 4742
449 3009
1256 1994
814 2413
3859 1181
3721 544
4809 1289
2163 666
2788 4437
2036 2328
353 1266
1184 2192
2988 3596
2350 3865
3608 174
1801 2303
205 1304
1539 2220
1447 1294
2777 1415
2989 3263
4432 4290
4277 2742
3157 120
4621 2004
4480 955
2330 4630
814 2057
1449 4067
3456 3452
3332 3014
568 4173
3719 3753
4453 4593
1449 531
2435 4530
3289 3984
4977 354
1636 4478
1927 4153
4706 4209
3476 1721
955 3441
2443 972
4503 3286
3594 608
4659 1198
4743 2611
2265 2349
3097 4401
4895 1695
1473 309
2927 2445
861 665
3629 2747
2717 2323
375 2965
3449 2136
16 3722
3055 2657
825 784
558 1575
152 1922
2358 3680
205 120
1280 1601
4527 172
2881 450
703 3976
3027 2704
735 3967
1433 3885
3177 317
4259 938
3910 2001
3408 551
209 2706
4250 1015
1974 1093
3024 4331
208 3146
3736 2212
56 4806
1613 931
2240 2930
4877 2394
4627 1798
705 3900
1969 3466
3094 4893
3558 3161
1278 909
44 1758
897 4900
2337 4644
3127 1448
913 1429
3645 4471
4203 3937
1281 623
2095 1985
1673 3694
2704 58
2937 424
3089 2893
3370 279
3111 4064
2479 2236
128 342
3621 109
4031 4072
332 3042
792 3628
442 4300
3813 914
4294 323
975 4489
4178 1780
4475 757
2379 1
2140 2570
944 1806
2649 1497
2316 1548
159 627
4352 1914
2870 2481
2857 4039
1528 1481
640 1238
2440 3991
266 3415
2192 1152
2476 1100
1086 2272
3960 1136
1607 2894
717 2346
3010 4720
644 4877
626 2265
492 389
3511 1533
4351 1174
2255 1101
1947 7
2318 2287
4083 1403
1631 4713
1896 4698
1261 1536
4873 4278
3200 102
4959 4940
2043 11
211 783
459 261
2407 249
506 1199
3752 2094
1762 4375
1041 768
1140 2430
2957 4321
722 1904
1894 86
2686 2718
1939 311
876 3170
2565 2518
1077 1634
1273 4948
3094 3508
4626 4916
1191 56
1540 4137
1266 4845
88 3333
4247 3852
295 251
1514 213
1648 4362
2043 3878
2501 2628
