90 926 30
424 992 30
258 118 20
84 284 17
351 488 13
440 76 23
229 637 28
714 142 6
903 214 27
577 569 24
326 221 28
305 533 12
274 412 19
478 8 24
156 299 27
323 740 18
601 254 21
405 293 21
857 93 5
754 11 22
853 378 5
435 955 10
616 16 8
786 806 2
991 430 5
929 588 17
197 510 15
196 187 13
278 618 4
459 541 26
566 75 27
585 285 4
863 650 19
350 618 1
296 966 10
380 659 4
663 927 3
610 872 6
782 86 17
62 786 28
559 617 28
894 955 23
97 310 22
370 220 17
57 669 20
728 53 28
348 712 3
42 266 14
143 205 27
993 804 16
70 461 12
992 291 3
129 489 7
131 723 14
206 941 12
39 581 14
752 35 9
328 450 23
271 766 22
585 650 6
661 751 21
958 458 18
808 570 30
861 396 4
186 364 14
290 208 19
574 160 27
219 886 16
760 487 23
127 778 3
876 490 10
943 290 18
811 345 14
435 518 22
618 384 26
65 927 7
649 693 1
707 329 3
174 517 30
143 767 3
547 917 8
205 45 3
919 28 2
987 573 9
306 398 29
684 228 23
977 668 17
902 41 23
659 592 29
590 664 2
379 59 5
231 989
156 679
274 622
319 370
150 867
947 633
705 989
846 463
77 190
899 799
322 793
385 572
688 177
89 598
17 173
166 204
749 888
485 600
926 714
129 369
707 500
486 129
633 73
698 657
858 839
446 468
242 546
886 622
832 952
771 999
172 863
314 646
132 145
982 331
454 574
773 978
502 540
345 567
116 115
547 503
757 223
133 310
420 451
410 993
198 129
573 895
994 538
561 862
994 591
720 834
208 326
573 644
937 374
677 699
278 136
167 759
75 184
704 955
354 703
481 606
746 464
213 517
110 423
921 410
16 137
385 342
210 561
866 566
657 265
824 578
774 708
594 918
648 487
120 619
711 638
679 85
455 274
87 880
885 643
403 638
685 212
440 558
450 977
657 535
823 897
979 637
616 9
439 616
196 508
767 894
841 884
635 745
93 575
983 15
775 992
906 938
13 214
643 155
769 644
732 61
740 743
694 50
540 757
556 836
346 56
841 701
623 884
509 47
390 89
308 113
441 504
240 767
12 971
901 797
283 93
282 44
936 205
621 618
479 751
607 498
872 140
778 564
737 327
497 928
197 855
864 46
346 910
732 470
437 304
805 229
595 624
511 507
334 900
467 478
809 732
228 811
531 10
110 483
288 577
849 515
393 865
937 830
401 46
717 381
786 37
207 878
658 426
347 187
40 908
76 367
530 985
550 594
389 994
82 704
493 390
404 601
796 308
510 680
482 890
182 222
8 236
149 144
60 876
427 388
581 486
780 732
820 383
490 111
567 515
298 127
449 246
850 672
593 346
433 569
574 455
314 298
290 51
422 360
305 127
45 576
802 861
279 574
859 177
233 751
437 154
509 537
231 657
365 781
351 9
146 983
967 731
961 598
780 187
276 657
86 252
244 589
837 428
156 571
731 138
439 819
931 950
948 927
164 78
613 124
758 966
261 313
250 584
750 33
278 345
597 148
870 807
858 618
41 674
363 201
991 650
883 263
465 936
60 523
946 232
2 558
471 110
979 185
932 479
589 410
500 503
903 831
483 982
960 451
870 344
174 206
559 780
97 523
546 974
263 112
419 546
164 46
233 953
752 955
810 554
714 572
350 908
617 486
526 816
356 816
366 757
743 594
342 399
677 737
792 238
241 555
801 892
213 158
987 829
740 808
314 802
356 156
709 715
105 591
661 562
885 802
593 517
27 295
570 648
24 903
736 491
211 22
359 538
754 409
108 128
8 606
175 252
799 698
45 534
271 568
625 405
967 891
670 828
285 382
165 911
47 72
710 125
505 210
188 933
577 332
133 258
887 106
288 962
832 503
450 845
310 410
881 997
589 977
949 678
2 831
881 372
214 355
214 187
744 57
138 776
794 253
86 496
997 14
497 24
522 718
999 882
694 613
404 94
322 460
280 88
314 807
141 14
748 405
658 422
634 170
201 232
627 154
564 899
642 770
609 613
403 429
471 344
487 29
480 653
277 490
38 550
221 904
343 850
923 731
652 533
537 472
807 803
740 644
251 711
736 583
317 454
399 25
928 161
608 467
589 963
670 388
472 232
598 285
936 615
677 815
10 799
572 651
26 386
557 670
36 465
754 960
781 565
721 184
591 863
576 378
715 286
396 668
338 366
766 187
356 666
746 453
166 556
751 108
941 615
845 614
702 477
649 289
31 284
484 887
915 241
555 521
491 710
545 977
471 548
391 73
305 248
578 754
191 668
39 245
474 256
457 386
980 667
832 414
725 809
381 105
599 965
134 805
940 907
258 937
214 951
299 275
981 956
377 998
718 687
855 628
346 457
283 474
283 390
220 644
6 571
450 215
350 479
74 814
917 156
308 256
486 967
674 685
174 727
766 355
811 672
399 606
944 150
640 998
270 654
461 474
333 150
491 217
540 417
897 138
673 490
102 905
171 91
97 845
723 622
579 719
854 78
791 394
733 299
658 657
513 214
851 196
978 693
472 374
273 794
867 594
993 308
729 676
201 956
323 117
265 789
285 275
562 822
451 521
736 712
786 421
852 130
279 494
924 910
464 634
763 194
319 641
239 95
745 286
1000 38
767 337
254 774
789 227
505 789
880 691
31 740
725 698
34 898
99 262
482 326
774 544
355 86
776 84
423 611
854 579
943 345
61 495
96 464
27 907
804 190
978 81
985 131
354 411
84 848
391 263
368 820
588 61
713 376
499 17
207 477
537 686
363 823
681 321
652 154
404 891
812 212
679 470
630 683
621 287
789 841
814 222
663 69
427 242
553 305
753 631
264 359
696 430
465 369
870 870
873 502
377 344
517 815
473 772
389 868
793 753
472 369
367 414
49 278
663 521
82 322
93 29
310 818
250 724
332 254
793 426
617 92
561 619
505 755
864 556
70 129
723 837
523 756
748 505
177 71
534 34
723 930
896 347
172 278
246 290
152 418
875 330
707 534
144 968
989 360
684 88
598 606
596 928
841 310
639 352
99 936
399 823
13 781
951 64
997 440
968 475
720 417
107 559
550 652
395 736
538 731
106 465
499 316
392 353
709 405
376 975
259 951
911 82
777 831
750 954
51 987
355 654
751 885
369 427
228 10
591 538
767 634
838 535
247 939
634 857
552 996
261 173
229 415
784 481
932 724
106 154
882 36
855 246
147 763
978 586
688 916
103 254
8 921
795 451
546 374
23 179
395 170
930 892
375 19
470 273
102 513
440 763
463 757
468 216
4 643
505 861
261 861
126 249
570 133
116 940
12 66
821 174
307 416
440 346
737 433
915 136
477 36
262 824
258 925
104 89
502 702
160 238
292 668
889 597
603 415
283 909
527 141
714 768
164 506
833 561
984 560
393 245
967 39
393 607
296 119
156 859
524 593
378 537
72 156
954 984
53 837
831 432
835 221
481 751
403 433
588 116
846 838
955 622
482 513
598 478
454 632
904 621
643 948
620 532
358 769
17 27
76 803
902 68
472 359
903 91
148 144
738 223
561 155
118 434
687 311
819 857
608 989
192 363
660 382
864 684
36 34
815 945
777 360
900 288
419 221
644 425
641 434
508 260
397 388
505 344
697 209
865 406
881 447
486 103
232 30
562 687
55 794
432 763
27 439
768 748
187 394
370 896
626 680
817 458
771 863
883 802
116 557
892 270
941 682
17 57
947 621
990 598
187 779
298 300
13 744
858 97
443 26
221 737
618 408
473 748
938 215
181 45
791 476
662 454
477 585
117 422
143 639
145 688
752 505
655 415
944 976
40 932
39 615
643 634
528 406
556 824
399 869
791 21
748 980
31 810
918 541
633 961
727 881
8 270
514 507
451 652
30 784
77 582
869 938
370 803
268 201
796 454
111 423
400 597
48 75
795 911
255 904
702 59
178 900
575 835
366 69
540 851
833 86
707 793
160 924
46 205
62 553
140 685
456 373
127 368
876 174
663 436
703 318
743 687
453 960
18 472
946 500
843 151
86 849
269 318
511 891
12 344
81 384
768 724
594 627
318 16
10 832
425 285
151 640
129 65
922 490
546 843
233 469
109 255
171 41
102 564
772 228
407 500
815 946
485 565
200 963
420 245
791 619
847 973
256 484
301 784
8 590
607 504
86 958
506 695
657 527
615 179
651 336
609 411
829 130
891 422
192 238
269 293
172 574
618 787
812 922
481 61
81 240
130 750
324 488
507 694
283 956
980 456
341 368
48 14
619 719
351 671
47 412
889 892
974 534
705 386
322 580
456 15
858 107
144 462
625 158
885 397
608 367
972 738
520 334
43 853
36 534
639 1000
567 454
249 240
609 222
647 968
262 131
124 492
827 923
409 821
584 734
295 601
131 484
529 904
22 423
927 47
538 180
557 470
552 228
336 456
483 745
785 375
763 636
379 375
231 132
643 81
223 780
404 879
268 674
230 385
185 712
433 68
821 70
807 700
490 876
524 334
95 981
766 311
210 57
661 241
44 185
618 984
828 271
724 58
595 386
860 27
261 765
91 653
709 196
245 530
137 257
85 171
469 131
778 850
906 991
740 485
623 696
156 920
810 863
621 130
303 898
178 922
422 498
601 789
151 766
978 564
613 170
764 277
259 127
265 330
695 54
813 660
653 334
799 265
946 756
736 655
389 802
147 960
174 759
316 446
361 448
210 42
790 349
841 578
703 405
733 84
218 44
20 679
144 982
365 698
415 385
128 681
627 167
623 766
118 471
261 410
852 128
350 696
