50 444 30
3257 3515 16
3107 3597 18
3436 936 16
2412 3087 15
3796 4019 25
686 3680 9
2619 2415 4
2518 3531 15
2917 3375 16
3189 1405 5
819 2180 11
3392 1014 3
297 2709 9
1687 3300 2
2926 3085 25
131 2952 12
2725 3708 9
476 2152 3
1060 1287 12
1936 3973 18
1388 3326 2
3605 660 4
1489 3593 28
3092 636 16
2477 1444 19
4593 56 4
2254 1226 3
3891 231 29
1109 2408 20
52 2175 1
1827 1196 27
683 635 22
4814 3637 16
4889 1731 21
4991 758 27
4768 2471 20
4474 947 7
519 4236 15
2058 1740 14
211 417 29
2457 2435 21
4107 467 7
457 248 18
1987 3171 3
4502 797 12
1388 1256 9
4168 1115 9
1209 4250 1
4331 4030 8
1486 1567 10
861 3866
1925 2861
3589 291
4536 1217
4610 2104
317 3171
3455 2320
886 3011
2356 1261
2478 2340
1564 2774
4432 341
1321 3292
4992 3706
3316 3460
1690 1375
3144 2230
3346 3219
4372 4648
715 4735
2612 1317
2620 3172
511 1652
3974 3761
867 4670
454 2755
1483 3659
88 2676
4662 4711
3548 1086
2366 2973
4007 1960
2602 1086
2999 4067
715 3858
3501 674
401 2494
18 3280
2691 1613
4501 4125
26 2827
4043 161
4872 4710
4605 2867
2620 448
2734 319
3594 1269
316 4085
2980 191
1067 1769
2257 612
1920 1891
359 757
227 3158
10 3663
469 1247
471 2254
4457 710
345 4301
2547 473
534 4307
601 239
595 1324
1453 4091
980 813
2432 2686
3174 1619
4788 2632
753 2386
4769 4066
274 4718
1257 2956
4880 1588
1488 4138
1737 205
1686 3892
227 3971
1563 1903
4161 4574
4678 4677
634 342
2594 714
3303 1428
86 2107
2451 604
3884 3758
949 1399
3031 854
76 3130
3447 3661
1392 1554
3825 4368
1383 2533
436 88
767 3424
693 3291
1679 2074
2104 2111
1520 4794
2478 2102
286 2022
4887 4422
1130 609
4671 4589
938 3085
3309 2937
4432 1493
2407 2958
3856 848
2265 3146
63 15
1688 1733
822 1010
3217 4442
286 430
4604 259
2187 4154
1304 1546
1552 2046
3256 1134
660 686
902 2414
1451 3638
2386 645
2175 1670
200 775
135 4417
4089 3100
4738 3121
1371 2709
4939 4386
3500 2724
621 853
2308 2772
4090 4900
1916 3146
4498 2773
4014 1089
1516 594
4806 3110
3269 2453
1665 2944
4604 2005
2473 1267
2618 4132
800 694
1087 1126
4088 4425
3995 4718
2183 2779
633 188
3098 1055
775 4635
3277 583
350 1470
3028 1417
2845 2439
4103 1833
4925 3138
2786 3304
139 3215
124 1476
4891 2105
730 1797
3596 1280
240 4723
3891 3903
1013 555
2164 4037
4580 1635
1283 952
2014 3762
3284 205
4732 2995
2915 1000
3453 3645
925 3300
2976 10
2331 3137
4373 2514
172 3265
4456 119
1796 4390
4066 4780
646 4725
1008 1221
2394 3478
3384 2571
1920 4041
36 3317
1218 1271
2812 3847
2412 1394
4540 4881
3260 1632
625 807
4823 2856
1659 4398
2881 472
930 2297
2010 4347
4862 1970
2970 782
834 4376
2775 3500
4886 4102
2678 1357
4564 1279
4938 4838
1187 1348
203 3603
4132 2805
3259 3391
163 528
3782 66
3304 4402
262 3509
1074 3140
4231 1993
1301 3373
1247 4421
2273 464
1693 4823
3079 781
3230 3974
4967 544
2818 9
2973 4460
4116 1392
2822 2684
2955 612
4129 2507
4675 4448
3089 3138
1288 2273
4902 713
2105 4385
3138 2362
4646 1606
1343 2182
1801 4839
3472 3279
4200 2293
1643 4146
2920 2857
2836 659
3454 1415
2040 2124
4961 599
1077 238
4973 448
4382 171
1177 1887
4132 3792
2471 1257
1042 2371
1009 2618
3326 2518
743 3276
2899 1320
197 4272
1097 34
3698 966
2344 2422
4702 1877
2028 1512
1833 3480
2555 4575
2171 3427
3524 51
3162 3705
374 1670
1918 2156
2076 1559
4843 2677
4509 1154
4550 2849
4953 3193
1254 858
1701 587
741 452
4321 4667
3147 642
342 1942
4010 540
2225 2464
2099 1984
4796 1530
2434 813
1974 2341
32 208
2954 1778
2519 615
1282 571
1095 2895
460 2384
577 4046
517 3781
3654 4939
634 161
107 1851
32 1600
4975 3361
1877 2243
1857 3120
2430 98
3635 1582
3927 2498
3123 3091
4582 4692
531 4749
8 1183
4652 2305
1756 230
2860 4957
885 1512
3963 374
4764 3134
373 1863
1428 2875
879 633
986 4344
4600 2387
2698 1674
4661 1757
2713 2516
3017 4657
2074 2842
261 4297
1791 2820
7 121
4523 1575
359 4865
4803 4080
2683 3969
4442 1480
2911 3945
3806 4465
3715 3419
141 314
1694 4341
4888 3272
2253 2615
3781 449
1065 993
3643 485
4914 396
776 1668
2884 2241
3208 3523
1852 2925
1819 2221
996 4389
815 1508
1324 4410
4040 1835
640 1775
1420 1737
3379 4769
1444 452
110 2382
2694 2513
2802 2666
998 2657
177 2571
797 2788
2277 4180
762 876
3134 1732
4792 1590
3511 2953
4528 4887
1232 2799
1897 4460
2078 3233
3072 2775
3901 2005
1793 2524
1491 4730
1261 2889
3791 2726
2109 3351
4268 2518
3459 631
1703 638
2641 4781
1427 4841
4934 3270
399 2204
3421 4809
4702 3607
530 3747
2662 4067
3350 2775
991 1005
2841 1473
3215 1005
3893 2411
3563 3596
409 1860
4104 3436
2139 2836
3649 4675
2773 2971
477 2648
4055 4998
2356 3186
3394 4606
650 2882
3197 1014
3004 902
4874 78
3908 380
2823 2317
530 3276
3097 2434
2910 3784
2266 4375
2035 2097
1297 2901
3037 186
2408 2002
4031 4718
3228 4165
785 4802
4626 4822
4760 4462
253 2547
2622 2563
1163 694
4147 4337
1922 1014
4283 2199
3168 614
1610 1358
1101 418
4413 4383
4566 2602
1935 695
1013 2906
3960 3096
396 148
4114 4435
2740 3889
