20 204 30
361 364 30
997 945 6
56 605 3
760 97 9
733 710 19
653 756 26
485 444 13
127 552 11
800 935 2
418 868 22
896 288 27
27 144 8
365 219 18
487 419 8
591 187 5
179 717 24
744 663 10
79 627 27
952 243 29
282 75 7
187 644
319 133
497 544
518 201
371 564
247 195
798 817
300 848
856 462
561 155
45 851
754 286
382 446
621 824
614 438
42 939
768 268
570 204
767 181
707 693
798 183
819 660
364 266
721 309
886 740
733 46
149 21
22 134
536 252
965 754
506 355
668 147
275 162
713 452
888 352
144 38
740 321
348 859
857 545
423 781
799 106
825 365
644 888
453 672
496 454
942 568
782 308
105 765
360 684
792 183
497 755
972 411
545 736
27 47
488 328
873 625
586 901
548 774
506 987
804 175
92 757
859 632
917 120
334 911
775 640
839 936
693 221
655 296
873 91
352 92
595 798
576 700
42 823
701 665
22 372
518 250
371 596
991 391
60 891
678 4
716 866
485 510
722 707
247 420
261 716
735 89
808 514
527 728
969 546
491 116
830 385
673 910
399 600
328 211
654 764
933 861
240 617
525 44
839 555
785 172
862 334
860 555
664 682
38 482
935 90
477 60
289 940
482 87
751 770
164 982
945 127
394 416
380 545
536 358
773 533
685 129
980 128
602 460
267 879
205 342
50 113
830 125
597 28
698 610
800 315
477 527
160 152
172 310
503 220
314 201
739 648
105 156
288 784
963 763
383 454
399 678
384 319
314 902
156 414
288 914
537 760
142 13
152 492
473 893
254 146
198 250
471 611
192 143
314 420
260 658
793 467
589 889
912 406
955 782
494 758
712 593
600 789
234 81
104 85
459 3
7 111
350 720
654 892
422 54
19 247
733 881
220 694
947 514
330 544
7 600
882 611
456 1
405 437
837 30
876 87
843 390
216 561
885 771
370 718
473 812
707 855
495 172
343 837
988 268
166 193
328 659
999 865
591 934
602 327
946 405
687 201
805 443
939 521
673 664
779 869
298 305
266 661
264 600
505 465
163 909
899 652
732 907
658 477
431 152
