100 200 5
596 974 2
996 463 1
238 321 4
267 203 4
411 779 3
529 972 5
829 683 5
682 773 5
935 796 2
351 103 4
504 379 2
783 4 4
134 456 5
488 128 5
477 487 2
563 714 4
138 270 2
674 452 1
392 700 1
397 92 4
781 85 2
559 141 2
634 128 3
154 432 4
804 323 4
864 163 1
93 614 2
174 961 5
801 533 3
876 659 2
671 573 1
388 990 5
926 915 3
466 227 3
864 302 1
720 40 3
946 650 4
949 583 2
941 439 3
589 765 3
208 189 5
258 848 2
470 691 3
495 723 4
37 347 3
92 526 2
153 460 2
30 330 1
858 884 5
337 418 1
627 863 3
420 359 2
600 867 5
323 346 5
568 621 2
657 454 2
722 707 2
564 268 1
951 706 1
3 868 3
775 407 4
51 813 1
26 43 4
163 64 4
4 28 3
361 403 5
661 511 5
294 297 5
710 639 4
997 674 5
220 218 1
450 107 5
224 477 1
530 466 3
208 612 4
581 240 1
450 512 5
356 712 5
187 893 1
551 631 5
201 583 1
869 839 2
671 331 2
542 822 5
708 119 3
327 758 2
98 677 4
98 710 2
624 791 2
165 806 3
374 194 2
564 826 2
336 716 1
682 657 1
703 330 4
972 216 4
641 158 5
20 902 5
538 209 1
835 805 2
562 352
825 396
768 925
978 460
626 496
684 927
135 620
113 923
554 309
481 487
97 397
495 268
537 686
433 159
500 252
266 387
387 294
129 173
828 139
563 836
96 7
335 682
443 520
886 563
646 245
911 104
248 877
286 969
625 304
500 428
460 593
788 44
456 934
762 385
84 820
924 931
661 516
848 52
320 337
24 899
710 308
302 748
906 584
675 786
824 7
576 570
806 366
905 493
390 112
269 820
817 993
904 744
691 265
805 154
319 819
880 84
484 902
43 974
142 278
580 416
33 35
641 396
342 230
861 731
4 115
630 153
503 720
149 681
812 601
665 685
220 290
13 6
478 888
770 789
143 410
88 892
119 984
191 207
566 450
60 283
205 702
317 11
255 464
641 139
995 34
142 846
608 437
934 666
424 599
588 504
510 708
521 616
338 394
525 162
955 976
43 74
956 805
936 374
778 373
921 873
598 549
104 959
493 430
573 514
304 428
665 586
205 230
280 734
869 169
930 830
395 128
281 635
619 833
17 692
528 970
256 130
448 915
127 490
569 286
548 383
310 344
812 903
302 167
411 154
712 376
17 583
61 798
304 645
314 718
584 864
15 745
490 371
935 741
525 967
651 68
802 796
606 997
525 448
631 264
421 527
600 107
355 637
635 398
706 940
728 925
696 540
643 604
586 47
66 745
254 509
216 696
238 170
10 261
50 890
318 772
578 428
891 119
333 1000
16 255
7 179
427 990
925 738
840 926
913 527
738 228
792 990
128 478
205 626
555 301
790 687
900 362
231 579
8 69
177 142
873 876
884 614
421 221
650 434
998 53
692 756
685 257
941 425
105 477
859 542
672 843
236 41
707 654
949 251
620 758
822 29
197 978
652 628
386 935
990 215
903 434
582 530
597 659
178 431
843 468
734 582
