150 2322 30
3025 3528 25
1858 4924 3
3175 3264 24
3358 4005 23
1662 4898 19
2365 2878 21
2784 2798 18
736 3943 20
1427 2021 2
2999 4018 6
4559 1567 16
4083 2699 14
1719 2095 21
3537 3323 20
4144 3006 3
2659 1150 13
3714 3917 9
3519 2806 15
3932 1461 5
793 3352 12
775 1399 6
3397 2097 9
1517 1398 26
1085 3924 28
603 3721 26
3641 651 11
4817 4151 28
2831 1539 8
3399 2861 5
4734 2271 30
3648 1105 24
2846 1679 23
3674 4842 8
4974 315 24
3687 350 27
4144 2659 12
690 2979 25
2214 4888 2
718 3209 10
3178 1729 4
4110 3089 20
3728 1065 16
899 1677 15
3538 1426 21
1872 4654 11
3 3472 26
68 4656 25
2895 3334 28
3975 113 4
413 375 11
2301 2066 2
202 3348 6
156 2995 7
2868 2637 16
4631 1038 9
3373 524 23
651 1432 28
277 3157 24
25 2398 23
1265 1643 4
2817 4636 8
743 2212 23
3132 4900 5
2944 286 8
4915 1731 28
3980 571 1
1557 23 22
4256 728 25
1519 2181 26
2698 2523 10
1775 689 11
3539 725 3
4531 4289 17
4270 4435 10
1993 3260 16
3446 1064 6
4930 4267 6
3867 3812 10
2645 2812 10
3527 1915 29
1595 1833 29
1153 1974 17
1476 3738 26
627 4313 14
1981 1758 29
4115 2708 8
192 1810 2
505 3900 28
3269 1435 5
4485 989 24
2731 1743 12
1116 646 14
1027 2915 12
4652 3235 10
2449 807 29
3928 4895 13
1743 1409 25
2322 2495 19
1717 4675 17
3392 2125 3
4626 725 7
3081 3752 21
1044 4477 13
3007 3717 28
134 2334 7
1786 1350 9
3247 2916 29
2971 986 26
3254 3196 8
4854 1339 14
449 405 17
764 993 4
4218 129 6
4673 1163 7
2194 917 18
1259 879 11
2734 4429 26
2802 489 20
1439 2243 19
2810 1300 6
79 3844 16
4357 2329 11
4011 1058 3
3735 3083 23
839 738 2
953 4288 16
1752 3655 12
1046 1001 21
3871 4643 25
1872 564 10
4827 3429 5
3544 1494 5
4401 3607 24
4543 2887 26
3802 248 9
235 2529 13
340 2371 15
2362 3744 18
3375 4065 16
584 2100 17
3455 1509 8
2778 4650 1
1060 3829 24
2672 3349 19
3174 4877 29
4381 3625 30
4950 4562 15
4684 4255 14
2704 4509 25
1224 4285 17
4201 4256
710 2076
2887 1559
3271 2265
390 1206
1042 3954
2100 602
794 3934
3056 376
1700 895
1548 89
782 1851
2753 1522
3764 2711
4528 4355
2660 1773
682 353
868 1607
3478 549
3269 2991
3971 864
1597 755
2214 2237
3583 3628
1745 2715
1831 2928
2159 2313
2586 4375
3993 4925
3136 1518
1448 2573
2028 2939
425 914
3071 5
2677 4209
35 4466
3471 3357
3675 1238
4961 1787
64 2979
4528 2614
656 4994
604 4875
2228 1796
4634 3292
517 2559
2724 658
1954 3415
425 2081
2118 1970
3782 344
4197 4051
3649 1559
802 3862
3561 2546
2633 1076
360 2958
2715 3408
1694 3292
945 3813
2497 219
2759 2795
885 1246
135 3210
372 2315
4444 1703
4590 927
1074 1490
529 277
4051 1605
1277 4155
98 1746
4958 2842
3658 4231
2058 2076
625 3881
3052 3421
3811 3144
1836 3266
2660 4480
4615 2778
2512 917
4235 1708
3478 1006
161 50
695 924
1461 313
2120 345
719 1290
3135 4944
3445 415
4896 2665
982 3302
4969 2388
4357 1130
1619 291
1975 3183
2027 4075
1426 4919
328 746
1021 1163
2143 4320
2978 4413
1184 3253
4693 4833
4462 3042
422 3270
587 3545
301 1057
930 4423
2243 3250
3998 4285
3343 836
4394 2928
918 1470
2896 1751
3721 1816
181 2337
1657 3186
630 4319
1648 1733
2832 2095
3083 2811
4465 612
2793 1448
3565 1848
4413 4905
4885 3523
1232 4331
3280 362
609 201
2001 2547
2162 1954
3252 4217
1832 3133
4019 1077
2902 3245
910 4102
46 170
362 3052
1007 1686
2434 3665
4133 2614
4836 3816
3955 1413
2499 2598
2410 3582
2131 4712
4486 252
418 2458
4244 2429
1661 1992
1502 2430
3430 3271
646 1542
1992 4938
4294 3717
3602 4127
909 1341
2866 414
4568 70
1749 3701
3453 1347
254 4204
3519 1545
345 2003
2408 3008
429 763
3347 302
4648 3637
1116 4486
4000 2537
3190 1013
3519 1776
3701 3732
4925 3121
2346 1575
2756 4974
1660 639
2357 4335
2325 2011
4114 3429
3723 1700
1466 4705
272 2578
3353 1957
4231 1445
2667 1079
1465 1450
523 201
2106 1473
2686 3129
2146 4092
3631 4558
766 2987
3230 2343
3890 1303
1246 2497
3435 3468
1940 2787
4423 86
1804 527
2269 3190
518 4985
1481 3074
4518 3100
3276 3616
4093 4555
1909 3492
1273 1972
4089 19
4483 3181
2910 4491
4608 540
594 4702
3115 1410
3597 149
3952 1211
1155 3406
4686 3813
569 421
1979 4947
1599 2527
1081 47
4771 2666
2455 4866
224 1261
4778 1129
1274 4161
4694 3616
1032 1756
3170 1306
1001 2617
4516 4106
4827 1924
596 1787
2688 1764
3535 2291
4522 1582
1755 1937
1355 4839
3573 1772
2162 119
3318 4699
178 4886
2591 2079
1249 819
3553 1148
4780 484
3051 3968
3819 2404
2808 4416
1036 646
4145 1296
4293 786
2765 4854
4345 2573
3501 4113
2318 4110
1604 3409
3429 3179
697 1872
2144 1327
3082 3713
1213 188
2648 3570
594 4944
2829 1594
505 2663
3327 3607
4802 901
816 341
4773 3790
3915 3886
4406 384
4013 4483
1316 2030
900 3895
2579 135
2274 1034
2079 856
2034 2345
801 305
2960 4061
4655 339
4342 2033
532 1543
3818 1750
4352 333
3140 3688
3163 2416
3689 2285
4656 304
2996 4116
586 911
2436 281
2442 667
1763 3038
3656 4957
621 2031
3337 1978
3860 219
4867 3656
1508 4041
3734 1252
2474 502
3657 3999
4545 2215
1585 3770
2366 3730
1944 4357
272 4584
88 1687
3028 344
1108 2546
2859 1662
1336 526
4506 3348
3967 3550
2271 1292
722 2914
2497 4302
1433 4700
1383 2672
3247 359
353 4370
4679 707
4336 2172
4665 2690
1415 4371
2986 894
355 2192
3470 2287
960 2828
4273 781
324 4374
1797 3779
1666 3665
854 4891
4297 4204
1471 1051
254 4944
1546 4425
353 2340
2091 864
3992 1226
1376 1873
4696 1770
3597 3064
4572 3321
3813 1967
4492 2246
2720 2280
2774 2840
297 3213
1790 3618
1246 910
1307 964
2970 2267
1731 1771
1333 4324
2902 2744
4211 2411
3203 2035
3514 3028
4869 2829
4434 68
1706 2776
1807 1609
3839 4550
4436 2081
697 224
2731 3040
3902 4859
302 2335
3760 4454
3216 2267
2981 14
612 632
3251 1758
1471 1352
2246 3253
1176 2224
1457 79
1308 167
1045 749
3115 2974
414 2555
1970 3944
3079 2666
2990 2338
820 2728
3120 2952
2471 615
446 4385
2227 4880
2537 3838
4830 3004
2819 1609
610 298
4737 1140
2751 847
2763 2535
135 2064
3717 189
1072 1048
3459 2759
1539 3010
2359 1346
3396 1314
3827 4456
3065 662
2191 820
2416 4715
1265 397
3616 155
4551 4094
4496 2182
3647 1537
2287 1758
1693 315
1669 953
1919 2214
263 3988
81 2494
2912 2313
341 1680
151 4183
3426 3818
251 508
317 2981
1393 1672
291 1283
1735 4345
898 363
3646 2063
4114 1084
1649 2279
2069 2678
4469 1049
310 4777
1501 1432
2030 2759
3916 2351
285 3846
692 973
1992 2133
2547 4439
3530 1710
449 2426
4586 2350
3240 4937
3125 4054
259 1834
4950 1994
33 3732
321 384
1998 4234
758 637
2005 2750
3797 1214
1770 2744
63 2506
227 3967
1535 2297
254 1103
1508 2224
3537 4564
2873 4128
4710 343
3306 4804
3247 1
1124 2593
2117 2501
378 3853
2910 2066
2700 613
4269 2642
3843 4691
2677 4464
1185 2982
1123 4892
1806 655
2470 1668
4740 2371
433 4566
465 2341
1467 2119
3814 1267
4933 3668
2387 3591
3319 1991
197 3454
310 416
1109 2449
2644 1873
1692 3550
309 2443
1000 4654
2492 4874
3017 1592
3824 3251
2339 1250
3240 2325
856 25
1727 4671
3401 1786
2682 4745
201 2250
2987 2884
3899 1458
1823 1685
1647 1629
4078 274
2185 130
4529 2045
808 2079
2704 3921
1003 4275
2024 4702
799 2521
866 1993
3634 1989
4777 4740
125 2819
1609 1763
3410 4387
3553 4862
4846 4171
4283 4912
1915 1185
4595 2663
3191 1675
2528 2416
4672 94
566 3683
3128 1477
824 605
2065 2461
1057 1863
2442 2300
1307 806
4658 3560
3260 1571
1201 4468
1203 3312
721 4919
3793 3119
2572 4878
3569 149
3960 4914
2601 2117
3480 721
4725 4430
3742 1421
264 1569
2682 3729
772 1691
4893 4397
2972 4315
2858 1508
3124 301
2288 4677
3886 3805
1795 1685
1490 1317
1515 2062
71 2002
3589 4983
4622 3885
1599 4852
2292 2208
3326 3572
4820 1468
3477 1571
1373 292
4529 2696
613 767
2812 2305
1462 26
1638 1731
132 782
3245 2179
1436 3479
1782 2414
888 1234
4295 921
2664 1367
174 3217
1185 4401
3209 898
3594 4149
448 4123
3257 1889
3523 3435
3833 1085
4190 3138
1488 1689
3480 4293
3795 2272
1340 438
2766 3080
2799 424
1601 4089
1035 852
2528 4306
4256 3917
4582 3717
1516 907
2270 3610
1461 4305
2677 3252
4110 4770
939 4424
1682 1079
1679 1253
3148 4909
389 1453
3155 4118
1409 2704
4194 4512
2657 878
3172 4138
3996 4532
3489 334
4452 3827
817 4865
2187 4163
2784 3365
4940 2708
4599 988
3866 3551
3109 3751
3208 1748
1497 4024
4257 4749
4772 808
4853 967
3867 3427
191 3572
126 1687
1538 4078
3866 1475
3635 3622
4656 947
3751 158
2761 1048
1496 2029
1092 792
467 4381
101 3745
125 3414
493 4917
4835 3507
3362 2874
2750 3447
2886 2930
2765 3811
3388 4852
4315 4989
1162 1183
39 3104
1226 7
4063 1262
3795 2210
3001 3484
83 463
2395 2061
1622 253
2401 2275
1402 3612
4037 2475
2989 487
760 2610
3137 3263
99 1831
300 3746
1123 3349
4506 13
3323 1161
4470 1424
2346 2725
44 1550
3731 1100
4346 1692
1201 2088
1644 42
1604 4052
502 1348
2884 1345
576 757
1883 1657
349 2403
3625 4875
3354 4219
1547 4457
4421 4550
4694 521
319 550
4716 1571
1063 262
1920 130
2843 1978
3382 990
2892 899
473 4228
564 381
1549 3593
3444 4608
3885 861
366 1332
3709 3591
636 2466
2083 3435
1185 202
1156 2342
4947 190
2189 275
3460 1807
3576 841
631 2141
3622 1558
1700 4058
3803 1398
4984 669
4878 449
309 4863
872 3341
3792 3551
4728 3973
4652 2556
1742 2845
1806 1215
1410 605
1083 2081
4140 2300
1628 546
1858 4737
2101 845
3711 4493
548 906
1285 1816
2573 2020
738 4
706 2337
3373 1138
797 233
2503 3616
732 1002
2636 1287
2562 4602
537 1897
4236 4573
4004 4518
4686 1474
3988 3736
794 3055
3463 4786
1678 240
1589 607
1193 1462
1009 692
202 3083
1542 669
3207 2761
1927 2808
3702 3465
1348 4913
3609 3348
2346 3507
4414 3062
1289 302
1338 3531
3374 2493
4305 2856
110 2301
3616 3482
4035 2016
4799 117
1002 4537
84 2218
2865 2385
313 2867
854 1793
249 3513
1121 2825
4095 56
4370 4498
1627 179
2115 1659
3688 1970
1594 4482
2400 4791
48 4898
3159 2006
1787 1947
3595 4416
2388 2393
4950 1959
2400 2685
90 1581
3571 84
2133 1212
4344 3561
1292 388
4394 3988
3526 3494
688 2177
4407 4114
4679 939
3656 3689
4364 2771
4886 988
968 843
4500 3424
4087 4873
644 936
2271 4681
2741 3944
1980 382
3893 2035
587 433
1657 3761
4310 3447
731 4769
1989 2365
3149 1758
937 1018
4486 3322
2153 3151
1966 2052
4841 4390
2651 2944
4837 787
4106 998
3254 3881
605 1652
2999 187
4387 4354
4037 681
245 3992
394 2729
4903 333
2364 4353
1149 797
2859 4168
3715 2890
4681 1649
440 2507
977 3255
1799 2843
1681 4935
1085 2692
3517 2827
4121 1659
3173 2868
2903 1499
2042 1501
133 3259
2208 1968
1646 2672
105 3865
3189 4266
1971 962
4450 2505
1833 2909
1265 1320
3237 4495
3393 996
4766 33
4212 893
1847 1039
1358 739
1874 3960
1781 3596
805 2109
1103 1611
3910 3392
4391 1247
3953 2561
978 805
1246 2836
367 2100
2973 446
4323 4494
4303 2638
653 2804
86 3701
1128 1434
4523 2596
3108 1098
4585 425
193 2229
2418 3917
1422 4004
4184 2759
3259 3645
2622 4320
901 2401
796 2465
2105 853
1888 4582
4579 2262
3709 342
2849 1847
3649 1935
2367 3916
740 1350
2119 2883
1424 3599
2761 1671
4815 2567
57 471
4652 2343
2940 1581
843 2348
407 262
259 4465
2828 545
4231 874
1600 3595
3113 3736
2961 4364
4150 2651
2440 4714
3348 1671
3653 4459
4910 3977
2588 1618
4458 491
4627 784
201 106
578 4186
413 4188
2809 799
2406 3068
877 465
2563 375
1619 3461
3858 1841
3316 2971
4106 1462
10 3170
2290 3637
1840 2286
2950 4969
1387 601
2702 2956
616 2698
484 3784
4146 2302
4927 4195
4566 4663
3355 2603
3513 2903
1342 2313
1432 3120
2887 4131
4256 3597
4596 4323
4290 717
115 4786
3227 3599
2938 2020
4323 1775
1491 3316
4527 4913
3312 672
2833 1453
2034 4702
1663 1001
3556 904
1507 4303
3865 2997
3958 4148
535 1655
1325 2169
1141 3828
2089 40
3690 1929
4119 3635
1076 171
2337 4257
4635 1088
3428 855
4546 1915
3585 931
250 359
2348 461
4770 1972
3285 2823
4203 2723
3340 325
267 2935
1937 2072
4569 4008
312 943
494 1722
281 4576
1088 1320
890 3571
1192 4967
3434 3967
3261 1741
2277 823
1763 2687
2057 866
4815 1535
1812 4091
4202 3717
2226 300
2133 1049
4435 616
1940 1767
1850 2785
3913 3541
4352 4126
3395 400
792 2211
2409 1842
868 3487
600 356
225 44
3803 3445
3178 2789
3253 3303
3660 262
3838 2319
3001 3894
1468 4551
1251 2187
4567 1588
2318 2668
3310 1124
625 3820
2069 3128
1754 2989
4651 344
1248 276
2245 4208
1503 245
2938 1539
3775 4621
4556 3067
4195 1834
4096 2041
2729 2815
3664 4901
35 2357
4540 2257
3395 1373
385 3236
433 4598
3062 3876
294 1234
2192 2975
4759 4465
685 1959
3112 4279
2336 4174
1423 348
2252 1691
3537 3592
4721 1646
4861 62
3222 1241
866 1871
441 3545
3934 212
4998 2375
3887 3718
3841 2491
1917 4344
1 1943
2054 1936
3478 3841
4223 3685
332 1918
4290 3724
3974 777
4516 148
1453 851
1763 4712
830 4283
2341 3412
2303 2933
1437 2405
753 1829
3227 2321
4327 4830
2887 2176
4980 1301
370 1244
2335 4406
1819 594
900 2331
3803 4999
2825 3869
1777 1151
4222 465
2445 196
1481 2041
217 4777
4369 3160
226 4325
756 2551
452 2980
4775 4555
3734 3893
252 2148
573 460
1203 409
2862 3054
499 536
4221 3178
1407 2249
3581 2793
4753 3867
3475 4955
591 3934
3309 4178
2108 1771
4544 3233
2041 201
2205 4576
2384 2618
264 3699
820 1966
911 3777
2702 4382
3810 1962
166 3087
1827 4379
115 4797
4603 3110
172 1772
1087 4549
2462 1674
2662 1003
332 806
549 418
3223 4585
321 4762
3601 338
4320 3413
3332 2869
911 2519
921 1319
2800 4742
1505 3060
3973 4644
372 4491
1135 1679
4552 999
309 2927
2022 1849
4733 1177
2289 2145
3291 3626
3179 4585
1978 726
926 3124
2407 4534
928 387
4997 4444
1331 2009
3573 2469
3065 1944
4093 4124
3918 2827
4447 3929
832 2208
4594 3859
4686 2121
4975 3919
2976 1080
3266 2306
1162 2922
3447 334
389 3084
1521 1413
3783 788
279 1021
3180 4980
1927 227
3672 1207
4539 4976
2262 4488
756 4748
3564 515
1680 2518
2472 265
2839 764
3935 2459
2520 1147
3887 4546
1781 3912
4149 2139
3388 2715
2998 4265
64 859
2390 3068
4157 3420
724 3820
2916 1403
2416 3458
3033 4632
2068 1549
301 3955
413 4158
510 1726
3347 2001
1846 2035
2135 3470
2588 3300
2517 1117
4777 256
2022 1586
759 1340
1794 1190
2475 4744
4634 3548
3036 3819
3353 909
2791 725
3806 4806
1990 186
3811 4062
1762 1816
3471 4842
3527 1607
4297 3217
2259 4538
4375 3101
4319 3226
1684 4224
2963 1097
2167 3046
410 3241
4900 1462
2499 1519
4501 1363
804 1266
543 1515
470 2774
186 3809
2297 1148
1239 3027
3553 4950
108 625
360 4370
3784 2719
2518 4742
1482 4728
949 1835
3152 4555
718 202
2659 4604
3339 1222
2375 1644
461 806
1969 887
4626 3834
3762 553
2199 3913
1942 341
1322 2937
3826 4237
3145 1305
1104 4827
3066 465
1351 1358
1553 344
918 4661
3070 4435
3335 3669
3663 4199
3737 3106
3751 3046
3281 2275
839 1208
2299 4104
3478 184
734 52
4187 3247
572 4629
4156 4774
200 4763
2824 2516
3346 519
1329 1656
4228 3091
2442 3339
295 894
3643 4838
3527 84
2894 1175
4597 1366
3834 4337
901 2900
4853 3058
19 2954
2313 3341
694 3735
4537 1703
2567 4337
3103 1731
1621 2512
1978 4786
1947 2948
1967 3233
1791 4456
2882 608
4862 3691
1456 1164
564 1907
1943 3121
1935 4427
2301 2278
2250 4719
1280 3054
149 1659
4227 349
4627 2077
3587 4007
4742 2775
1649 4704
718 2391
385 1250
3059 1103
1604 3038
3662 724
3638 2672
4217 4827
4250 941
2028 2126
869 804
4012 3655
2255 261
1281 4801
1607 3324
437 4113
2656 2166
141 3823
509 1631
2210 3474
4833 4919
2315 1337
718 3081
2908 2167
886 2959
4631 4865
2078 2846
4854 4049
3845 823
2876 2923
2955 1512
2799 2679
2785 2917
2922 2880
3946 951
1139 2984
3856 1781
740 2022
4409 3745
826 1069
4893 2045
265 3925
2235 4247
1947 2418
3033 3549
1146 3910
1190 1366
2744 1280
4915 413
3970 1092
1817 4197
1444 4443
4740 3674
772 4735
275 3974
4854 3210
4712 3609
262 4650
4371 2839
2713 3598
1383 2394
209 1735
469 4380
227 2602
603 2227
4197 3797
3719 1115
1271 1630
1507 2052
4046 725
1369 3580
870 4294
3208 1330
1535 632
4961 3905
1868 2070
2382 4174
656 3847
3590 1452
1466 2508
2343 2408
1947 4621
2060 4946
556 2716
69 2036
4386 2835
498 230
1762 4350
212 3611
3052 3611
1405 1776
3136 1268
3013 4887
3566 1574
4836 3172
3682 212
4703 2452
4085 2882
3748 270
1184 2854
215 354
553 845
989 2197
4042 4440
2468 2179
139 4420
3672 4468
1902 1785
4892 1413
2584 1431
3180 2716
1809 2451
3130 2874
3538 2174
839 2548
296 2681
1144 2373
3344 2972
996 301
1020 1953
3708 1383
261 2419
3359 3664
4416 1730
361 2113
3553 213
3624 2224
3582 3562
2161 3711
3535 1849
1070 3643
4249 924
1875 1325
4152 4416
3751 937
3506 1157
4223 4485
4696 1077
2832 3584
3660 3432
2422 2357
151 3987
2976 1003
1505 2288
3457 2668
1965 2117
3011 1325
885 920
1489 1668
800 640
2404 1842
2122 4487
3368 2156
4029 555
733 1331
3244 4421
1067 3480
788 1623
2232 1951
2419 1237
3789 1796
4519 4010
3079 2377
2589 2992
2406 2887
38 1819
1425 524
3481 925
165 3234
587 4754
509 822
725 3246
3778 654
927 4712
1602 1118
2977 3470
3463 3413
4535 1193
1187 4547
711 4780
1092 2822
4300 1785
17 319
3477 3668
3843 4984
1717 2657
526 2533
2410 3804
4189 1807
1122 3586
4575 4580
2306 3306
1319 2595
4461 855
1948 1370
1966 1668
817 3918
3341 2877
2816 1905
694 3524
761 2920
3118 2172
2801 2026
3809 632
3622 4677
1821 928
3882 1318
1818 4230
2576 4743
1800 4492
2556 2458
3552 1421
2514 4598
3498 4290
1865 2434
457 1012
3556 1550
3212 1914
1006 2860
4271 2641
3512 3196
3874 4611
1787 2681
2449 1106
3827 3125
3659 186
2414 3666
4582 423
2186 3249
2056 230
2929 870
482 4009
3483 224
2795 3453
2330 536
2066 2544
2326 1510
2693 2248
2276 4750
807 3600
2629 1277
1048 3856
1773 3008
1503 2841
1187 2446
4748 4080
1607 3715
2879 833
366 552
3850 4746
3738 652
2382 4871
2769 360
3949 2194
3288 3921
981 4543
808 3202
367 4609
3721 2282
4743 206
3288 31
3818 363
1713 3267
3190 3566
2667 4195
1167 3202
3349 2219
4435 3071
4811 3937
732 1519
3538 4818
2463 4715
2097 2707
870 24
2820 323
3830 4103
3219 3267
4103 1713
4794 1618
1931 4766
4667 4231
2144 4749
3497 3404
2696 2075
2779 4735
4454 1355
1015 220
3861 2301
1212 1274
4590 61
592 419
2469 663
1336 2600
3737 4585
2157 808
105 1038
2498 2334
2043 75
1686 3054
209 2026
4759 4732
2364 2889
4260 3771
2699 633
948 4934
1489 2058
2918 289
2712 906
299 2306
3764 3900
2628 2946
2041 2494
69 3393
1376 1345
403 3661
4442 4313
4883 822
3590 3802
4754 561
1772 995
706 3917
1243 2789
1237 1907
3243 4835
701 4406
3541 924
434 809
2420 4281
3004 1081
522 3581
4523 1606
2999 4179
1115 76
3568 1631
819 3661
419 676
1833 1689
1055 627
912 1505
532 14
312 4861
4547 3241
1072 662
2139 1575
3939 2969
3654 2752
1084 885
2537 4415
2400 3318
2264 4541
4679 4688
3170 4368
4306 612
2964 4877
1944 4412
1201 2790
371 316
1342 3822
2411 1589
1199 2000
1481 2461
1850 1987
451 155
1025 4199
1407 4050
4558 824
1445 1303
1388 1697
4571 4458
3927 1822
2928 2895
4177 3804
2316 797
4986 4377
3309 3567
3768 3726
2336 3328
2776 1703
169 2531
2125 1058
137 513
2798 1593
2390 3628
2383 4894
208 4726
3308 3129
2996 774
4165 768
2751 1547
516 4637
2801 3880
1077 4174
27 3534
824 3764
3983 4717
3038 302
3666 604
362 2298
4406 2638
3793 4988
238 1031
3984 1682
3741 4177
4078 4793
1711 2722
4673 1307
2769 954
1978 3179
4598 1895
3510 4669
3478 2271
2810 2430
4166 775
934 4263
3089 1021
942 4895
3721 882
4184 3486
581 179
3596 2341
112 372
1490 1724
1398 2253
1544 3640
1742 183
718 4966
1993 1
1074 3334
2715 3539
3878 2260
4024 2197
4531 2646
395 3603
4788 839
2471 1007
3082 4740
3318 4976
145 3794
645 4059
2536 3766
872 3036
2612 1594
1321 936
4289 1066
4760 4016
3109 479
2711 2472
3544 2246
4513 910
1886 4035
2173 3997
88 302
1732 2766
3795 3513
1178 1508
4898 902
4736 3288
1354 2910
3043 856
4745 4566
3166 3801
2549 4416
2972 1894
2663 930
1061 399
3029 4254
2489 1112
2932 1437
1648 2541
1265 136
2687 2719
546 3522
2013 4985
1728 3819
2322 3188
370 1674
736 3866
4814 607
3041 4886
4918 4010
645 2082
1862 334
1523 2197
113 4797
3347 3917
4158 4324
584 1119
4939 182
4852 2996
724 4667
3958 1348
1319 4369
3761 4346
1751 109
4374 1362
247 1000
3062 4867
2375 4088
197 2623
2536 1671
3351 2893
4986 4034
4884 3830
3547 4599
3860 1483
1775 666
3379 1495
4222 3968
310 751
1310 3442
2028 465
352 281
4443 4467
3078 4230
957 513
4866 531
485 2603
4387 4303
2167 2807
3607 1997
4611 1890
4550 1022
1432 4181
4517 2736
1297 1519
4780 1756
969 1534
1693 4281
2410 1642
4314 3690
351 3106
2047 1135
2156 838
3406 35
3427 802
576 1341
2393 2050
4665 4845
1627 3679
785 2427
4779 4159
2172 742
4642 2279
3477 4085
257 317
4543 2984
4709 92
1080 69
613 1245
4900 2071
2575 452
4490 3292
3283 4282
3549 2358
3367 4791
266 96
1593 1861
4744 4489
4222 4592
3384 2862
3115 1721
3237 2366
2061 4499
2161 3579
957 124
3363 4110
3506 2860
4599 2318
1155 4774
1054 2171
3730 1236
595 4147
2554 1946
4550 3242
917 3363
1447 3487
2946 2863
4336 263
3974 4054
4377 651
1427 2226
359 1498
3687 2081
840 4438
4958 126
206 2358
3679 3967
2345 316
3594 2791
59 2226
385 4648
1045 4910
4605 307
2729 2968
1733 3197
4264 3586
244 828
2150 4173
2201 4169
3593 1755
4819 1987
4527 3143
4445 4743
2732 3580
3948 4549
1629 2264
4325 2800
289 2234
2539 1632
4625 1496
3341 3021
3285 77
2242 3442
2671 1185
3521 1115
3916 2899
2508 3031
3901 4649
2081 2861
1790 363
3662 3021
30 1723
494 3364
1525 2407
4199 4922
2662 471
4636 4388
2541 4956
21 2478
1123 3110
1915 207
2743 980
4560 2965
1557 4471
2152 4339
4319 403
786 2137
1604 1783
1350 435
3795 2703
3324 2183
2219 4274
642 1476
1366 4456
1563 1982
4551 3254
314 1064
4052 1431
4043 4351
4473 2634
1082 3184
3024 2898
4806 2322
238 907
2416 4160
3390 420
2449 2592
3524 2863
3876 4032
1696 4287
1473 4084
4307 3282
160 2354
2769 3231
4725 805
1970 4959
1380 3189
2429 1589
2837 1989
1848 2230
1410 2538
3945 1604
1384 3756
1054 1246
3683 639
4539 3075
4452 3749
3789 2999
4308 2138
3094 2870
103 4915
538 3830
1095 2699
489 918
4705 2732
2102 4804
3662 4487
2822 1055
3861 3576
1327 1730
1327 4224
1384 639
4986 2924
2447 3139
1989 2002
4521 4528
1366 3904
4695 2444
1931 4321
2864 3757
3133 4587
1379 4188
4011 1218
4867 2973
2677 4653
3089 2107
2670 3671
2140 3212
1283 1328
2500 450
2892 2048
753 1404
3767 2782
1068 1962
4140 4290
1157 2919
2230 929
2321 1
679 3078
4577 1756
839 1083
2605 4649
4597 3912
1505 2182
1261 3426
2955 723
66 2076
4424 400
1539 1055
96 3817
662 1369
3995 392
3985 4194
3687 3143
505 3413
3599 445
4375 2378
3491 1564
140 326
880 3522
2054 1809
3668 4109
4434 3248
339 3287
178 434
3296 3602
449 2572
1381 1840
2574 337
2528 4258
3630 3590
3404 3328
4622 2961
1802 1580
206 2300
3463 1525
3402 613
4742 3094
1145 2832
2188 3239
410 4578
4747 925
2002 243
1699 4644
558 607
1532 408
941 1209
4092 4443
1906 3707
1931 4787
485 4952
4823 2057
1848 3271
4948 4932
1137 4559
3686 2283
1683 2664
4630 1643
1090 33
4966 2529
121 1021
4346 1615
4422 1014
1096 4731
816 4645
1391 407
1878 4288
2872 23
4652 3129
2561 4823
4243 1239
3138 4125
4969 498
4773 2307
2603 3904
3587 106
581 4717
2030 3075
61 710
4353 3693
2511 702
954 1894
2765 2218
4099 3039
276 4901
1635 4071
2971 3960
3679 1423
3195 47
4384 2673
2603 1870
4687 1223
4667 3531
3843 4379
4620 4157
3619 2180
4660 1320
598 2948
4736 83
44 4490
4101 648
3874 3464
4094 4668
4816 2325
202 2198
2061 3540
3412 1953
3342 2627
1364 169
3342 2225
658 4780
832 4579
4321 527
2548 3656
3896 693
1339 149
4703 488
1404 3730
1699 1017
2152 4853
2731 4587
4016 1919
4875 3848
2851 897
622 21
3317 4651
480 1090
3498 2286
1564 108
1227 3320
2545 4879
3155 4343
3686 1676
4086 3161
2077 3962
1862 249
1336 3541
2987 2022
2624 211
2919 3668
3755 2818
3115 4861
403 2815
2901 3651
1750 2960
2158 559
3041 4672
1746 3432
4572 3169
2533 2241
2946 4689
1601 444
3257 465
2386 1122
5000 1675
4992 3783
1614 82
592 353
530 382
2523 2767
1793 4432
2188 1619
3915 1133
2987 3362
3111 263
4729 2113
138 3671
3186 3200
4896 2779
215 483
3170 690
2363 1944
1366 2078
3052 1630
938 3499
218 2503
3567 2603
1936 4210
4775 2768
3913 4307
4906 4817
3597 4463
2997 1265
1190 3831
1080 2983
1224 2857
2013 4390
2370 2143
3118 3442
2490 4706
2158 197
3419 3739
4565 4951
2294 2713
4993 1516
1338 3175
1989 4696
4891 2055
2259 957
4925 389
608 1093
1742 1806
1004 362
1938 4330
3598 3613
3206 2232
4815 3697
3701 3508
810 4075
4861 4701
1469 130
4637 767
1903 578
814 4954
3192 3649
2256 861
669 3000
1466 3346
4541 1201
236 3043
1915 4979
3873 3842
3061 2063
3730 2170
329 4381
2568 4268
3568 4593
4089 1723
3573 4621
2840 3725
3149 4051
3178 288
2196 3363
3945 1540
1611 3045
157 3775
4496 1127
3223 1598
31 1031
3154 1263
2890 3156
2035 449
1354 2402
489 2605
4086 4429
2712 208
3376 4297
3865 53
4347 2083
4855 719
3671 2139
160 2743
1230 4496
1496 530
799 2327
4636 2041
4621 1158
2351 3619
4256 2393
310 3206
608 4005
4342 2357
3623 3512
1044 2945
1832 89
891 3094
937 2406
3054 2303
4297 2577
2035 3760
1087 1569
170 4778
3659 733
3143 3145
888 404
3310 2099
