80 820 30
1748 4458 5
3779 4158 23
2861 4527 12
218 2572 8
2075 3565 16
2696 4755 9
4304 2724 8
892 4572 25
2080 3622 6
3980 3131 20
316 2448 16
216 4074 14
3848 176 5
3125 2930 4
4565 2983 27
2816 1740 1
659 3114 22
3583 4768 27
1509 3363 12
1720 2746 30
3010 3455 10
3329 4662 11
4602 2603 28
3574 3981 24
144 1849 15
293 4111 15
3309 1453 1
2819 4761 9
713 4120 2
2481 2627 8
4330 1207 27
4620 4235 13
240 2901 9
3879 715 23
4373 581 24
893 3655 4
3767 3170 23
3699 392 13
137 3497 9
4457 1178 11
2190 4088 3
4976 4955 28
162 3197 2
4905 2653 2
4274 1050 8
2826 4762 11
2715 4711 10
248 315 8
1575 3065 14
4784 981 26
2615 729 26
1067 3903 14
1999 1274 29
272 328 7
789 4389 3
2469 1334 9
825 2400 18
4132 3504 11
4646 4727 14
3479 3945 19
4460 3314 3
473 734 23
1997 4389 3
1078 1602 29
2999 597 23
712 3756 28
3459 3529 23
4767 3706 26
4967 1683 6
4611 4598 12
1026 4967 20
4867 3091 19
2386 145 28
1983 3739 29
3807 3582 26
4458 1877 3
788 2274 28
1343 4736 29
1805 4556 25
180 1894 13
1457 3352
827 2377
3247 3670
2357 3301
4128 2896
4229 4906
954 382
3234 1912
43 4838
2619 2728
3093 4205
2941 947
1064 786
2106 740
1481 2323
1891 3368
1966 979
3104 4497
1407 2773
4895 1822
826 1042
2082 4216
1399 1468
183 996
1154 1859
521 4101
35 3294
4750 4185
596 501
4879 2376
4552 1334
1241 906
3116 3499
3030 3691
1063 1704
179 4542
4306 2026
1382 1063
3433 2056
2983 3469
1414 4163
3855 4494
4097 4231
1717 3162
1321 3423
3108 1668
991 2438
1155 4898
150 2921
1427 3794
4110 958
565 3349
1672 4441
4638 68
3345 3361
4226 681
2714 2926
2321 2749
1489 4959
3886 751
3511 2263
1765 29
4325 2765
3626 1934
2812 968
389 1472
2942 3738
2082 4507
2025 2297
2469 676
4842 2275
907 644
1713 4549
1263 1038
1662 4777
2119 570
3706 1555
4625 4251
1526 3543
2756 4191
3102 1998
2196 3970
590 4939
2400 4496
68 3520
3742 715
3595 388
378 4740
2651 3551
1355 1924
4088 1718
2664 267
4964 4075
2702 4240
1203 2473
3256 4278
1683 1573
4509 2567
2793 2989
2543 4575
1427 2403
508 4118
2545 2281
796 3312
3936 2246
4074 552
3899 5000
4729 3863
3346 3288
2648 1164
1549 1133
734 2569
2667 602
2560 1546
1521 3488
2825 1407
4648 3128
457 2885
868 1823
4221 6
3053 1661
856 333
3420 3542
558 4724
2297 3345
1075 2178
1551 447
2354 476
367 908
1813 1890
4820 1418
4567 82
1264 4439
1101 2428
1286 1458
4579 2390
2725 1846
1275 1709
4612 4886
1215 2829
3461 4595
2670 4539
227 855
50 3266
415 4440
1263 1542
981 4251
3301 1648
4123 3042
2496 3340
4896 2520
4989 3465
2022 561
4026 3760
4791 4466
4064 861
2815 1804
2929 205
2376 4254
532 3442
322 3221
2539 4088
4651 4672
3610 1681
3335 4188
1896 1315
1916 2504
3976 886
3664 1509
4373 221
3736 727
535 1294
3287 91
3904 1505
3839 1585
1681 961
4517 3812
618 1202
2839 4257
2594 1685
4778 1839
2533 3066
2003 4710
2079 964
3706 2794
4586 218
647 2723
2915 2681
1793 691
2112 4785
1953 122
570 3833
3820 2959
1843 261
328 2002
1716 3202
4447 4236
331 3200
3273 3024
4917 3251
2018 3561
3219 3854
1956 2081
2806 4377
835 1366
3683 2099
465 327
1542 4985
1176 1694
673 2990
2652 4011
1602 2628
4828 925
388 4388
4009 2718
3144 417
1289 626
1112 3590
427 2976
739 3434
3238 2289
2962 21
1084 1531
2648 199
1116 3259
702 3626
483 3550
786 178
3269 508
3479 2075
4309 1459
4078 3259
1131 2840
4347 3287
2733 560
653 4346
2851 1014
1156 1325
4206 2110
4699 623
3504 2597
466 2710
60 4330
3859 1741
960 3101
1644 3449
2042 3491
2026 4965
4806 4987
43 4361
233 3372
1092 1159
258 4626
3092 4392
3185 4554
3840 2091
4418 1675
4368 2907
3288 3502
4120 723
1064 1767
4267 4802
56 164
4541 3751
4641 2407
785 2806
4347 2602
892 4350
4859 2776
1695 3463
4215 4400
2888 2014
4832 1212
3444 1301
2696 2212
3476 126
4610 1210
1900 4088
4477 2161
4829 5
4782 3460
675 4450
2857 3023
432 882
3681 2768
1682 2842
4255 206
4856 1346
852 3464
1042 1518
1727 4998
1783 78
4715 1367
3701 4607
513 2428
4090 4913
1376 1931
313 4461
776 1537
4107 2979
4696 1961
927 3446
1980 4917
1979 4870
3501 2793
2529 2303
274 515
3223 2217
1673 2979
837 1192
3380 2202
1111 10
1202 1483
4680 3734
1443 3155
4134 940
3874 1401
199 96
3380 4411
2332 4170
3332 2974
3701 3101
944 3407
1886 3670
4638 1058
1657 2685
2060 1640
737 1050
2795 2643
4624 703
1251 879
524 2253
4685 3219
3194 4333
325 3177
1097 1681
4471 4039
132 2544
3940 407
4186 4382
3355 899
4314 1138
2992 4257
3617 1690
3317 3475
555 3964
277 4328
4227 2028
1715 3904
4067 3168
3519 4255
410 1829
2878 4574
1022 2537
4742 3803
4536 4801
2890 53
3407 6
4480 3129
4251 4056
201 4762
859 1631
2286 1247
4610 1724
2640 4612
1056 4510
744 679
1162 3567
4957 4190
260 4935
3030 4267
4389 1199
2785 1857
645 419
3517 1115
2959 4467
3167 4210
4458 1208
567 4554
3325 3851
4035 1062
2777 3871
3289 1720
2130 2342
4509 4808
1246 2781
2788 2024
3676 1088
1147 844
423 3562
2698 199
3812 1949
1031 974
4966 2200
1330 4642
4950 1430
4412 4439
1490 946
4127 1810
1855 2190
919 476
17 2049
2875 551
1744 552
4410 3029
1788 3717
839 2587
321 2667
1155 1474
3118 755
4878 1426
2276 3771
3539 2691
3027 2736
1593 1016
4844 2905
967 4086
598 3799
954 479
4718 3835
2585 3076
2634 2227
286 2118
4308 2494
2207 783
2213 4398
3164 785
1849 1941
464 914
2942 3028
1902 2615
934 1811
4887 3513
2224 4646
4753 2989
488 4217
4106 2677
1368 1558
4928 3848
3386 2307
1022 2415
305 4331
2113 2742
3390 2528
4024 2031
3178 3913
1586 789
2760 4389
3028 4168
4552 3373
4650 4334
1995 3717
4876 2177
1742 629
2771 4118
1327 2680
78 3700
2096 3784
4664 3123
1220 2056
1606 1956
1534 1124
3674 3876
3853 3337
1604 2116
225 110
4040 813
4491 1975
2032 4838
3087 4238
3941 3265
2210 1991
1911 2826
3918 2274
3426 1488
3303 1423
3029 2284
4075 283
2238 3871
2411 1406
2938 500
135 4560
79 4339
2756 3230
4328 1658
603 4720
2795 1966
1303 2221
2316 3829
3356 3985
3571 2804
1384 317
4320 1995
3949 1137
368 1382
85 2608
4990 3437
449 1958
4817 1288
3771 3809
558 2814
2402 943
2281 4785
1911 4127
3318 2144
1152 4478
2769 2223
1710 3638
432 3341
2167 3332
2773 1325
1785 835
575 2997
4897 536
2936 1131
4619 923
1959 288
860 1807
4077 4576
2325 708
1228 3856
1188 1260
1982 2561
738 2708
2184 994
4687 4428
1599 4965
1075 176
854 3123
1698 131
3936 718
706 4489
4136 4722
494 2003
1613 40
4793 1113
2577 802
2277 83
2287 4945
2274 42
3064 1114
1343 943
2279 3168
2142 4061
2837 1794
130 1312
3522 1764
3631 302
4665 4078
4378 3508
338 338
2736 3517
3825 3647
3840 3566
815 4751
908 3233
4409 1869
4028 4852
2866 4742
4128 1613
1711 1841
1778 4852
2326 1131
4826 185
3064 3692
771 4365
4983 4576
4711 3379
3378 461
4756 1366
2527 966
2723 2177
2276 2302
4888 2412
1624 210
4153 1677
4995 1722
2650 1641
2314 3541
1197 4968
2155 2125
4042 4969
840 4798
3477 1865
3830 2928
4680 4761
1004 3078
3779 1206
54 4840
3289 3908
337 3649
616 1583
1873 161
3992 89
2281 1465
275 482
2964 1857
3425 2748
100 4672
2205 36
4072 3895
2959 1622
1842 1914
3766 370
4087 1586
1581 3164
2285 3928
1449 2117
45 3228
1638 848
2051 3364
1021 11
343 2191
2255 3467
2567 3912
3443 304
3012 3410
342 899
3179 4961
1310 1416
1539 3104
3333 235
402 2885
4369 2557
3079 554
1403 2696
1868 3865
10 1911
2641 3638
576 4433
1239 4809
2730 1582
2976 3862
872 2768
3430 1925
2925 3968
1026 3217
1767 822
2061 2494
3003 2334
2840 1859
115 2340
2717 4145
649 3163
3938 2461
3146 1271
3525 4446
4422 4738
2928 3321
3739 1176
387 4866
1033 4505
848 3265
2384 4685
4410 1
1745 4569
4520 3829
3968 4223
4158 2468
2430 3441
178 255
136 4921
3450 3203
2089 4890
3202 4543
2138 2855
2276 3427
321 981
411 1111
4333 849
3411 3874
2191 2941
4844 3639
1817 3726
1384 705
1817 2119
832 2247
3996 2945
4768 2536
1402 129
587 851
866 2817
3303 2993
3655 4216
2942 3914
4323 432
4193 1273
3373 1072
4406 3220
3548 2567
1858 406
4537 3027
4216 3452
4861 2
3442 3616
3888 3560
3796 521
1219 979
730 2115
1377 584
1106 3704
1624 1097
1953 2841
3709 2305
1103 109
2007 4944
749 1047
97 982
4661 517
3694 622
770 2368
1884 3940
3814 759
877 4392
3225 4041
3942 781
427 2727
339 4765
2729 4674
1358 4866
4828 812
891 2604
3269 716
2951 2099
1600 1943
3873 617
3216 2723
2295 3408
3664 1961
3585 2910
802 1780
4053 3039
2031 1852
938 1153
4892 4007
3722 1338
2937 4318
538 263
4192 2419
3576 993
3028 1986
941 915
3044 4616
2800 2891
2606 343
1460 1845
3881 91
493 3876
3882 917
2097 3565
1952 2650
2455 2946
1291 4072
1989 3184
1862 2774
1706 816
2544 833
2663 3188
3929 2603
4806 3653
929 3703
1848 3886
936 3847
1770 450
174 238
2972 2015
2036 4322
3227 3802
3342 2567
2424 736
2391 2646
2139 4708
911 4511
162 1133
2174 2653
4889 1554
4613 933
3544 2156
420 1559
12 3426
3684 1587
2759 2551
4791 2048
2368 897
2312 4219
2815 936
2038 1047
600 1077
2660 1572
2996 4410
3100 3770
1168 3544
157 3804
4457 476
396 2112
2070 1754
1563 631
4412 3073
2819 843
2492 3386
1959 2663
4480 4612
3583 2725
3532 23
475 4050
2265 3234
4262 4740
700 3093
2564 4271
2721 419
4584 748
1472 576
4968 1935
2746 3265
2472 4341
4487 3294
3124 4413
4256 891
2692 4409
2115 1904
