60 586 30
126 800 18
575 627 13
468 462 5
836 563 29
669 135 5
716 529 2
189 221 6
360 464 7
501 36 25
257 32 18
358 439 12
183 189 5
595 392 26
897 702 7
291 153 11
818 238 1
277 177 4
244 122 7
637 445 5
520 369 10
91 160 23
868 860 25
49 741 21
576 787 26
980 817 6
683 39 21
716 938 30
256 812 23
985 987 6
380 819 16
894 151 29
44 298 9
208 664 7
162 481 4
774 8 27
827 213 15
670 745 21
665 832 11
348 378 4
914 535 14
901 98 17
867 780 20
199 388 24
177 245 3
874 948 25
736 511 9
471 416 30
567 49 23
427 626 20
740 359 17
266 330 10
604 368 11
379 906 20
559 160 20
892 742 9
200 837 7
615 209 3
519 331 24
416 625 17
729 146 15
803 302
904 673
935 151
387 770
413 70
877 598
176 162
956 980
983 356
595 522
970 453
93 577
203 956
595 943
418 744
377 396
800 341
841 980
240 710
718 868
458 390
17 710
562 32
280 987
864 526
979 745
730 698
102 779
576 219
803 451
96 557
422 599
781 535
581 355
806 495
582 147
489 740
137 973
296 213
409 962
787 926
760 506
701 365
287 680
35 930
204 697
591 683
201 852
717 631
332 355
224 865
243 889
731 246
899 515
430 307
513 281
701 398
18 973
208 913
217 826
894 538
752 587
532 560
334 959
375 91
654 167
864 241
376 819
994 997
95 7
744 326
850 860
100 483
558 17
513 649
514 876
271 272
649 580
14 538
879 904
523 581
661 13
317 646
998 562
645 34
704 97
713 446
875 893
882 38
168 448
808 114
97 359
871 735
124 236
131 356
409 413
218 901
19 418
463 561
918 405
603 140
105 774
698 721
163 155
822 737
401 969
53 53
986 876
648 280
603 42
934 577
547 237
702 848
659 920
87 691
674 761
564 583
145 301
547 866
964 490
910 202
593 9
720 334
101 246
713 772
441 586
217 849
127 141
335 400
225 76
987 145
54 547
327 210
718 719
404 563
4 854
71 854
586 429
954 215
721 946
372 728
214 884
927 259
316 449
583 252
60 34
822 556
306 3
973 84
501 419
142 3
1000 525
496 871
477 46
287 543
398 333
983 613
9 480
914 592
687 302
751 655
403 752
252 165
695 415
574 961
954 856
529 487
194 92
4 936
548 924
616 788
275 333
530 318
30 125
976 92
447 382
234 814
458 278
174 748
668 51
823 378
221 879
235 140
254 561
863 256
819 402
155 597
160 957
355 983
292 104
914 148
233 598
389 76
81 534
808 485
19 259
941 624
644 117
547 643
662 834
432 527
588 440
896 864
445 773
580 134
337 21
307 733
367 952
957 518
827 123
169 369
412 747
331 344
272 442
889 375
507 254
532 14
683 543
530 978
854 605
974 215
106 107
140 328
749 485
319 521
975 461
315 833
641 897
731 552
42 784
313 810
647 234
193 126
355 239
31 352
578 315
134 335
491 371
111 301
778 716
578 411
859 924
1000 834
516 773
40 603
237 183
877 665
881 53
415 188
682 701
795 526
7 938
755 103
891 224
697 657
483 978
822 426
527 225
585 808
211 407
931 102
14 870
90 256
54 37
782 664
516 758
363 766
773 386
102 220
206 477
960 914
124 87
997 327
159 693
999 202
737 706
328 633
276 941
210 207
27 646
680 801
692 596
868 588
8 858
279 13
176 188
52 274
949 694
31 976
938 999
377 240
503 420
701 47
912 215
363 690
523 894
38 19
95 319
878 953
89 438
625 254
740 157
534 412
295 950
533 611
751 710
346 566
989 142
72 279
546 147
286 304
673 874
318 386
322 489
502 662
611 575
979 299
184 559
906 426
261 764
13 659
25 635
279 112
85 523
479 171
460 319
889 627
680 565
329 373
762 979
115 159
102 795
196 624
945 783
904 445
360 884
737 502
329 275
811 360
419 643
151 548
847 219
110 50
13 58
415 419
852 515
319 759
902 932
278 354
995 712
516 19
884 618
755 42
900 476
317 407
744 470
786 938
363 939
685 887
518 477
570 766
246 383
790 655
413 950
773 60
603 673
803 98
993 349
483 600
545 613
176 433
62 693
209 487
295 616
97 714
825 862
741 602
172 943
999 426
570 921
58 943
356 441
416 943
149 470
49 282
681 495
115 712
364 444
617 405
95 147
546 774
887 314
429 767
156 789
19 325
725 55
585 116
227 734
762 26
51 979
880 961
71 367
922 677
948 274
939 589
802 276
902 789
549 309
394 91
211 198
566 130
533 572
848 402
653 470
15 724
407 707
549 835
93 387
29 762
986 422
460 17
974 158
674 324
970 47
541 168
846 158
946 1
397 865
729 543
153 349
698 66
650 115
397 363
62 666
65 378
774 19
469 183
558 470
722 647
655 17
411 438
481 979
635 251
432 152
961 651
536 517
143 198
342 263
290 830
91 677
408 299
247 708
733 749
348 588
126 260
877 452
873 134
381 513
315 601
269 382
153 238
812 621
691 305
879 433
314 830
785 757
611 338
806 260
665 722
147 697
16 41
122 150
686 675
408 877
556 666
753 369
406 299
621 354
531 949
243 774
701 329
396 488
961 156
180 14
256 251
549 27
379 97
353 626
475 528
988 786
453 494
715 428
368 437
707 50
374 683
77 595
727 735
437 768
248 302
590 523
627 279
837 384
122 66
740 676
810 844
588 748
136 852
864 721
566 251
615 842
564 890
589 377
780 986
593 596
235 150
953 259
692 962
933 622
829 614
400 525
590 227
731 668
24 607
569 813
956 717
854 88
412 936
517 620
447 908
190 209
657 268
650 717
524 303
644 452
461 924
209 385
747 220
59 588
789 64
459 12
370 811
965 229
772 24
501 95
868 354
345 185
13 972
454 940
543 125
263 947
523 695
305 663
698 997
792 692
990 164
696 209
353 404
956 36
361 918
672 679
272 359
763 423
643 741
701 564
129 323
782 239
647 794
766 474
401 67
665 984
716 629
863 633
175 748
381 426
184 684
650 527
503 233
235 56
65 993
251 583
427 226
473 363
739 386
409 554
474 271
2 653
