100 380 30
580 826 10
619 32 8
954 877 10
576 834 1
346 24 7
27 369 3
260 709 5
277 378 3
180 454 6
413 234 3
375 40 2
875 779 1
214 46 7
591 266 1
301 621 1
885 235 7
594 440 5
384 735 7
665 285 10
262 212 7
5 945 10
563 942 4
539 400 5
579 676 9
99 939 8
112 320 1
42 738 3
19 256 7
477 605 6
732 907 9
67 218 8
887 458 10
210 137 2
733 548 9
391 790 8
213 401 1
483 566 10
323 726 8
646 740 5
770 342 6
504 701 8
493 29 4
227 638 2
955 293 3
232 191 10
842 834 7
749 697 6
250 89 1
939 656 1
935 172 9
618 587 5
994 523 5
932 866 8
525 756 6
669 507 7
498 33 9
215 7 3
711 500 10
561 490 7
775 687 7
952 191 5
673 956 9
198 923 9
375 919 10
615 92 2
896 55 2
495 719 10
448 602 10
339 94 5
208 625 1
553 901 2
378 23 3
410 62 3
824 452 8
175 206 7
770 501 8
168 784 1
542 496 7
627 750 8
111 763 8
180 129 3
278 799 7
119 238 5
352 550 6
600 791 6
554 714 4
16 676 3
129 94 6
221 752 3
578 479 1
826 695 2
564 661 1
955 407 5
657 768 2
950 483 9
28 156 9
668 998 4
726 527 10
789 616 5
731 432 9
365 342
558 420
803 497
358 496
332 942
393 985
822 576
212 629
549 446
38 980
609 244
846 376
941 392
198 467
887 94
668 267
209 422
799 571
4 188
394 381
29 587
410 42
435 277
766 776
682 356
729 598
356 488
423 243
382 234
404 870
147 264
620 692
640 245
907 708
911 681
767 747
774 930
2 774
706 730
509 985
22 711
541 490
11 903
256 451
682 7
315 568
128 525
949 63
632 816
698 601
503 882
518 10
820 88
885 145
266 311
327 459
94 914
688 897
431 688
53 326
796 905
273 663
943 361
412 521
398 848
962 428
698 969
421 569
225 198
856 306
514 441
489 119
715 605
253 628
584 380
659 401
95 148
584 365
81 35
830 893
773 407
824 760
410 168
474 56
33 680
204 406
631 693
505 540
793 242
579 567
595 598
622 393
895 758
971 68
907 292
487 680
416 417
598 666
742 681
200 111
168 692
989 498
955 440
107 612
332 834
878 70
850 15
472 837
241 26
422 289
668 162
381 109
324 155
232 920
225 857
838 323
295 601
394 51
618 395
670 817
344 807
82 382
768 154
357 87
531 933
199 185
171 451
554 741
627 838
437 243
64 980
449 74
174 850
623 129
328 608
405 678
887 211
590 423
579 578
122 175
961 432
14 332
406 395
28 465
801 128
75 197
905 239
650 382
994 772
935 782
468 364
665 214
540 591
952 95
764 516
388 638
312 168
134 255
214 498
809 962
231 384
886 31
866 876
670 315
242 311
123 207
682 778
902 925
761 1000
946 210
668 994
686 105
11 229
9 907
579 313
716 352
601 215
808 137
112 395
714 681
583 214
533 131
847 500
936 399
122 334
907 598
353 402
246 321
384 555
151 607
377 569
91 38
493 518
734 858
271 709
931 748
791 200
922 264
894 569
949 214
597 127
734 546
64 826
886 22
69 85
233 94
622 896
663 995
699 489
785 645
144 678
34 819
162 794
414 660
818 615
236 334
466 229
654 212
277 102
132 363
957 625
163 598
193 156
770 915
717 86
331 277
539 987
465 135
359 153
71 201
743 333
873 254
97 867
984 264
754 110
635 53
857 684
515 990
894 765
554 929
541 669
579 507
955 972
409 115
365 973
702 423
247 616
94 829
360 406
521 271
246 258
88 72
336 460
230 24
533 703
72 138
772 53
418 946
515 966
576 165
923 538
797 838
239 11
723 156
748 132
353 696
686 119
107 142
137 873
138 24
128 798
143 830
545 721
909 550
518 468
379 20
817 759
631 602
904 187
546 710
414 404
154 999
996 422
195 508
12 989
412 593
723 939
818 406
438 837
282 193
487 498
239 682
671 903
455 935
98 279
254 706
665 873
211 64
728 681
470 426
630 887
975 14
265 422
558 971
826 998
520 848
612 917
825 914
24 448
60 627
610 201
368 254
717 302
893 439
469 580
500 877
724 842
886 568
438 727
550 238
416 834
937 43
610 627
597 346
427 231
364 934
181 739
256 329
745 852
354 980
554 215
6 748
284 905
690 243
113 245
801 625
39 154
63 598
662 925
350 503
898 534
734 669
924 155
840 816
501 765
663 94
183 804
805 740
358 262
826 495
323 885
444 62
172 872
348 500
452 812
517 851
287 291
143 513
755 590
833 74
732 61
949 972
359 829
320 406
742 908
476 274
322 583
188 41
537 684
124 675
775 539
782 765
194 491
840 654
482 850
511 924
390 949
591 487
780 364
164 95
