50 178 30
10 460 6
662 514 6
864 516 9
194 236 6
942 4 1
233 810 9
424 81 3
75 927 8
838 525 8
776 639 2
693 835 7
249 579 8
630 27 2
293 894 10
107 657 5
394 725 9
808 221 2
209 289 1
687 26 6
772 256 8
359 365 1
7 575 4
63 410 8
448 392 1
949 26 7
605 768 7
654 956 8
862 157 8
119 223 1
417 242 5
711 506 9
854 246 4
838 658 9
760 364 1
622 809 6
184 78 8
356 480 7
428 423 4
879 338 3
398 506 1
326 960 6
262 40 3
975 868 3
792 856 5
667 50 6
312 134 2
532 206 4
41 403 7
74 477 6
837 547 5
805 725
800 247
989 91
736 416
892 183
64 356
722 507
564 512
626 308
521 125
808 501
480 420
809 610
709 453
930 216
846 335
881 876
411 168
571 577
842 698
259 124
250 391
795 93
285 933
164 274
68 628
773 943
4 234
50 955
58 210
801 197
205 831
743 633
481 295
770 379
532 354
509 295
856 839
777 502
506 294
957 127
525 755
224 722
171 710
548 558
61 629
717 570
199 820
531 320
809 493
841 327
14 361
788 46
25 437
855 388
560 877
276 815
932 655
769 655
94 611
167 853
748 438
842 972
52 463
73 738
130 11
625 466
614 977
772 872
831 779
266 738
322 862
84 62
384 545
105 692
186 799
652 452
397 548
994 311
677 954
327 517
471 596
124 937
355 550
519 617
590 219
801 999
681 530
100 907
12 629
875 848
229 506
879 361
640 134
399 896
309 635
886 600
666 629
532 493
205 204
48 813
681 543
141 422
578 221
775 822
852 181
714 802
257 293
890 136
612 997
435 373
954 484
193 59
711 654
639 45
289 97
335 925
657 862
194 475
672 358
229 452
300 426
362 464
790 109
890 971
784 817
964 163
634 296
836 526
921 207
393 540
231 905
460 217
980 771
23 386
415 620
426 981
850 110
880 290
511 126
950 325
434 896
929 852
263 218
245 992
183 800
86 321
348 724
412 382
284 211
540 967
548 283
841 673
696 365
337 432
166 757
808 72
16 425
334 426
166 774
627 296
648 103
458 808
236 239
309 784
804 838
527 326
881 153
254 660
732 484
176 511
900 210
29 687
323 625
467 577
597 865
749 205
378 259
