130 2040 30
2727 2336 20
2528 4080 26
1206 3795 12
2843 80 2
3891 2310 8
1499 3123 25
2259 4877 18
4193 193 23
1351 3135 3
1930 1829 19
965 2120 16
2992 829 30
836 4126 23
3278 1726 30
1112 2419 26
1876 781 30
586 1801 22
2906 3482 17
2815 1542 18
3813 3696 17
78 1604 19
4296 294 26
2427 1333 15
670 281 26
4301 3950 22
3127 1180 24
2984 902 15
3809 2733 4
925 3307 22
548 1015 19
2604 3618 19
2027 1327 6
2885 3888 14
4193 4830 18
4081 1052 13
2308 3298 1
2750 2852 10
1450 2634 26
2651 3801 16
3533 1647 20
2764 2879 14
3498 1535 14
728 4198 22
4658 4002 4
18 3196 15
4744 4271 2
2850 4806 18
1319 1178 24
2409 4935 8
83 3626 16
1222 2752 16
1677 4580 17
1757 1178 20
868 1503 1
131 2199 4
4821 326 21
3585 2191 8
2172 2722 3
3856 1373 4
1333 1038 5
2662 480 4
608 577 14
2011 3921 1
2828 1799 5
2448 3038 15
33 3394 30
2933 2012 26
3596 4687 22
2595 1359 1
2765 2451 14
2209 1795 13
3069 2868 19
4983 4834 13
520 509 7
1945 3043 8
4829 651 22
3087 3464 22
3438 3025 28
604 1824 23
3199 3801 2
839 345 18
1186 374 30
4070 2520 23
816 4497 22
786 3270 10
3111 1336 7
4699 4731 26
4419 4421 5
2380 2489 30
4786 318 6
2704 3804 7
1120 220 24
3072 176 14
2140 2865 12
3634 2707 11
358 717 25
4627 917 6
1457 3811 8
47 3824 16
3060 3325 26
1707 4706 27
780 1799 11
1805 3722 9
2082 1017 12
1512 4446 20
2532 646 9
3484 3084 17
1829 3594 20
3468 1057 4
919 2434 4
3144 418 4
390 1863 9
3603 3336 21
4003 2266 27
3353 3743 27
4985 2761 28
479 1960 23
4029 4422 13
541 1685 4
4855 3270 5
1961 3416 6
4178 992 24
1494 3350 1
1257 1931 23
131 4348 24
3997 74 25
3392 1924 8
4427 4031 18
4512 1409 24
2677 3258 21
4482 2287
4655 2080
2370 2255
128 4477
2841 4448
83 3191
4139 2924
2078 2517
3884 2355
4603 2484
4145 3062
4067 43
872 3526
903 4184
2706 4826
1686 979
546 3513
4636 1985
3276 79
4744 3806
2458 4020
951 1168
273 4545
2303 2468
1705 3741
2033 4839
46 2232
1592 103
3047 4788
1275 4626
2364 1579
1146 1185
3380 1413
2242 4465
1689 2160
3861 391
2948 919
4431 2038
1603 2828
2198 4086
2221 1027
910 3357
166 4768
2181 1312
1683 718
608 2075
1059 1994
4855 3078
2212 4153
1248 68
1928 4046
3987 1601
211 1746
3596 2423
502 1924
3300 3539
1626 507
1217 3275
2209 2236
3103 981
3530 2642
2779 862
882 3032
2931 1013
4028 3278
3787 208
4400 780
473 3086
3554 3608
2588 3195
1027 3019
1026 3301
4728 1253
3935 419
2140 1964
759 1773
414 2527
3726 1425
3391 2065
4779 3064
208 2528
4415 1818
761 3470
1793 3464
2067 613
3340 2346
935 3777
3110 2944
3382 1918
1677 931
986 4493
1797 3825
2140 722
3600 4149
4894 4759
2472 1982
3382 3706
813 2674
2492 2807
2096 4164
4959 4940
1256 4335
2912 3271
4188 2361
4657 1713
1014 1518
1644 4432
2652 1377
3541 193
1251 4081
3026 2786
2841 612
3325 1905
2575 2415
3441 2200
1355 488
3924 3016
3838 2313
3810 1648
1409 1242
4618 15
2932 1571
4764 2022
1467 4542
315 4760
4423 1564
3038 2760
2855 67
1783 2149
1566 115
1632 747
2316 57
1336 597
2019 897
4385 4297
1149 2864
2444 1119
1078 1808
733 4692
2531 3207
3196 3483
2574 3023
4413 4164
3549 4992
842 2205
3077 1964
478 3170
186 407
270 3065
4730 2828
1261 1257
4149 903
569 3362
4687 4219
4366 1205
4613 334
4962 3839
4915 4609
987 136
4060 3468
4654 849
4385 128
3 1508
4412 4380
1538 1754
4076 2160
1543 1350
1947 2978
2982 1519
4187 1048
1538 3612
18 3775
3863 4228
4783 911
1563 3160
1662 3353
4516 3872
1600 3345
684 2556
2983 4899
4070 62
4743 4780
2572 1661
3105 4431
571 1784
626 937
808 4385
2626 4084
4029 318
2635 902
937 4719
3574 562
4914 3190
2392 349
294 534
1967 4101
4439 1450
3858 2584
3981 4690
1296 2093
3921 3679
4319 2161
609 3507
3214 4152
2511 1388
647 4756
4660 1911
1320 3304
1227 2000
851 744
2114 1334
1294 4030
2862 2725
3101 2563
3555 4937
2399 1725
2586 2252
4308 809
1385 3415
955 1947
856 1314
1717 2546
1638 4371
4383 246
3395 2355
4811 2396
2704 1136
3963 1618
4930 1406
534 3822
2902 973
952 2052
1649 1787
2327 4514
3666 345
2808 3940
4909 2648
2812 4548
3784 127
3894 2138
1855 3038
3805 926
1315 399
2364 2176
1590 3885
4937 4816
77 2673
2385 793
4775 4147
2336 1766
2172 4877
1664 1480
4304 44
1132 2764
4088 911
2045 2125
1906 4745
926 1014
3078 2498
2064 2600
3164 85
3839 1375
3867 1666
1722 2216
3981 1987
1551 4669
1054 960
2821 2047
3165 3665
2315 1179
373 3251
4574 730
3730 4351
4934 542
431 353
250 4997
3677 4099
1361 1624
987 991
2430 3862
28 20
325 1843
464 475
4085 886
3378 134
1739 2624
4853 2501
3020 2210
3438 3434
2869 127
726 22
561 2451
4780 845
3268 1361
4549 2881
4779 2510
2327 4298
2632 1084
744 271
167 2743
4438 3974
4614 22
1381 4837
4464 3363
3562 2105
4930 3677
1818 4318
2911 4410
1964 4011
3734 2237
4995 3853
1038 2203
2776 1791
3598 4750
2336 513
4224 649
1315 2033
4100 1829
848 1124
2871 3470
29 1260
156 1872
2681 4007
1991 554
3787 1295
647 4895
1152 3522
2902 464
2857 1672
3387 4134
2130 688
4952 4404
2707 4439
2375 1707
3043 4812
2602 1466
2855 1588
2960 4822
1011 3998
877 1519
4130 1395
1341 4968
160 4441
10 3271
3713 256
3240 4629
409 507
2473 2742
3504 3466
2998 946
4008 1216
1730 2791
4191 2912
1237 2799
2183 2591
1015 3391
4951 2911
4130 1339
1224 4633
3627 4649
600 4560
2869 4038
2553 3925
4693 2831
1566 4047
1549 1668
1887 858
2483 158
2027 1352
2854 3885
1049 24
1535 1939
2326 1930
4107 2747
2629 4152
3153 4677
4523 1246
1769 494
3293 1431
467 2707
507 1396
590 752
363 665
2341 3045
3920 2611
1499 4910
775 4847
4558 3405
3928 510
472 4180
4821 912
3234 4406
2938 4108
4873 2466
4508 4556
2670 125
3909 4558
1663 1822
898 582
3854 3881
3859 2027
2186 4710
4385 2919
1345 2036
1866 2853
599 2212
1357 3546
1716 812
2096 273
4783 506
3257 685
1525 1605
2064 4996
1412 3267
3152 3003
1444 2863
2621 4706
3754 4960
273 1731
707 3418
1880 3679
4528 4799
2325 4411
1804 1196
3883 470
3736 768
1189 3305
4076 2830
531 1347
928 1280
1568 2028
2692 945
2721 2914
1027 783
196 2184
1457 4818
1276 1618
751 3255
514 1658
3201 979
3230 4441
3187 1977
2331 4290
3493 3311
1291 4707
3053 2330
4685 921
4008 3092
873 3518
1712 2036
4987 4848
702 2641
543 943
3126 1995
3779 4241
1334 1915
2634 4785
4474 4180
2452 2820
2391 4453
1941 2549
311 355
3868 3948
4131 4982
2776 4674
1916 542
1006 1289
2625 878
521 1496
3601 128
3322 183
1552 669
4381 2221
2276 1724
3643 2658
799 4235
1430 1999
1336 3714
671 1137
4909 52
2219 664
3956 591
4508 3168
3793 284
2995 1429
3078 4841
2721 1434
1492 2865
2181 2883
983 2851
2863 652
2461 134
1893 189
958 111
2371 1836
3806 44
924 4314
4501 1257
971 4824
767 204
1365 996
562 1675
1402 3931
2563 1209
308 4549
1594 1812
246 2943
4039 1770
1049 1632
4516 3037
3963 422
2131 3247
3848 393
1799 4075
4177 2231
1106 1085
3504 2274
4458 3654
1317 4302
1047 4533
3311 1075
3325 2412
758 3466
2351 547
4146 2622
3080 4354
2279 4850
2728 29
2341 617
3147 2340
4910 4279
4224 875
1627 1375
592 2875
4253 442
2400 8
3586 4431
4110 1248
119 3304
2701 1134
1835 469
1789 2093
2617 379
3526 4183
3384 3428
2843 2258
1278 3541
408 4525
2492 2558
1547 4470
4594 4265
4376 1563
1059 591
1567 956
393 3889
3183 2664
1608 2202
2297 346
3812 1764
2031 4650
2783 95
4095 1954
3445 3329
998 969
3019 1854
510 516
3128 3672
4169 776
1915 553
3549 1092
4385 1307
4048 2142
1300 295
4831 3599
3869 784
3644 111
246 2274
4587 282
4179 3396
4501 2670
1924 377
4563 2917
654 1962
1052 820
4384 3269
161 1578
4500 289
3793 1769
2003 4546
1534 1208
4968 4267
1862 4926
4557 446
3804 1992
4173 1169
4313 2216
4382 664
3076 2710
1850 3821
3287 243
4873 71
4734 4687
1395 856
1407 2586
1075 1971
4213 2846
1746 4333
4206 835
2825 678
4333 1589
4185 3046
1627 613
4866 4902
2608 3616
4123 3759
3310 4968
1102 3189
4203 1294
4284 4881
4335 4437
486 4267
4947 741
4321 3063
3619 2146
4566 652
1492 881
1095 2600
462 4950
4670 4051
1666 1032
57 1081
1880 3402
2455 1555
2615 2486
1890 3958
2340 3338
2514 105
4574 4472
2480 2739
284 146
3518 108
4797 4545
4874 1337
1670 1401
4513 112
714 1589
2640 4092
337 3178
3815 4412
3006 465
575 2994
466 868
1324 72
3611 217
2698 2479
4783 3435
4998 2014
1894 2313
826 3209
4488 4325
4678 1542
2428 4637
1869 3713
1319 865
4989 4226
1968 2644
3333 4342
1065 4845
1213 4189
1828 3571
1 889
1258 1308
1902 3689
2207 2919
3242 1044
737 2400
4499 2797
275 1501
1127 1438
1123 450
2336 2641
4317 1485
4964 2383
1282 3776
3707 452
2555 4418
2482 1764
1594 1623
3381 4338
4583 1838
2380 64
697 4085
3981 3120
413 3050
1123 2616
3374 2420
3508 4145
761 1090
3204 3235
3454 2885
4240 4701
826 1739
1575 818
3593 4695
1599 3111
3989 2466
3309 3149
1278 2106
4341 36
4339 2002
1521 4194
2589 2554
888 2002
1392 2988
853 2753
1789 1339
4642 2748
181 3568
4051 1296
2192 2864
4335 3938
806 2774
751 4954
4196 2731
4880 4319
82 278
2731 3507
436 16
2821 4832
4453 2106
2995 4479
563 4265
393 602
1226 581
572 2747
4632 2810
4748 3501
460 3016
2592 1244
3232 4633
2773 27
1506 1006
3155 4708
4371 2210
4506 168
3998 2562
2398 3074
2587 4990
3247 457
1300 4295
245 2597
3613 4921
3451 102
1164 338
2440 2739
1854 2696
2601 418
2196 1674
915 4131
2711 4020
2406 606
4553 4174
3940 4011
3325 4178
1081 3877
3308 1100
3111 205
1419 3532
1604 827
4504 249
446 3817
1800 4338
1492 2198
1453 4739
2474 3138
3868 4307
1429 2116
287 2844
2503 2351
773 1985
3659 3926
1104 3233
69 758
1928 3757
3712 4397
3715 1334
1110 1690
3205 3549
1506 323
4946 4687
2016 2301
3712 1201
2841 4240
4326 847
840 1221
2571 1024
2910 1762
212 4913
740 1902
3456 970
2684 708
4816 4196
3333 1481
428 3090
2690 2551
9 1898
4422 4891
2719 1580
4886 540
357 248
159 2242
2014 2877
3969 2271
3291 854
928 917
4828 309
687 633
147 2592
4889 497
1859 2589
3296 241
1200 539
2454 735
2548 3320
1909 3657
1133 1119
4884 4087
2451 712
2075 4755
1735 2685
2316 3261
2049 4079
3666 2340
3094 2299
2385 381
180 4996
4334 2981
4986 3174
1378 1697
1823 4527
3524 4734
3307 799
2688 2617
2543 3277
2283 4630
1248 891
3471 1764
688 4915
428 3525
1571 2483
4465 2179
103 71
2268 641
4488 3082
899 3423
3087 98
1054 3345
3851 1472
1245 4877
3775 3897
2873 4236
3889 1790
4733 1580
2382 1371
4409 4219
4164 1363
4778 4540
2749 3120
1367 1337
1980 1613
4307 1538
4661 3961
1881 3619
2977 2158
3565 1743
2907 170
628 2705
1953 2932
3310 3978
3870 3764
1932 4040
2710 3864
396 2291
1895 3822
546 1937
3352 1008
2188 4390
4084 3421
1940 709
1666 268
3210 4211
188 3608
3595 1748
1725 878
2089 1236
1397 4286
883 202
4227 278
2536 2007
1109 3968
3338 3066
342 2065
2104 2043
4538 3862
2300 4960
2672 3750
143 2851
1433 1494
537 743
2194 1438
4558 3126
4141 1722
1635 1109
4080 4417
3874 3633
4809 2503
3253 4320
3613 4780
1037 1362
996 142
3211 257
217 1317
1870 704
188 3735
3736 1043
2524 3258
4588 3648
4318 3607
925 4772
3186 762
3345 1702
2576 2461
569 3650
4729 2268
390 1060
182 2398
4679 4472
4386 2641
953 21
3104 2206
4629 4980
4609 399
642 967
578 3186
1946 4958
207 1135
1680 4802
3324 632
4091 3908
2999 4076
565 163
1246 63
1783 2328
3076 1926
4617 740
3099 1835
3131 2711
2794 3680
963 3290
2832 1096
3582 2825
4170 343
4931 3906
83 1876
838 4089
4562 4222
1816 4821
154 395
4711 806
1996 4726
4958 2071
6 3457
4111 4629
3716 925
730 2839
4708 3279
4898 78
2960 1415
4181 4039
2262 408
543 3117
1880 2009
4032 3302
2173 877
870 4219
2333 4095
833 1448
4192 4574
1663 2023
2395 420
389 2339
3525 1109
1962 872
1350 4835
108 2673
4793 2151
1115 1677
1942 3963
73 1307
3326 4109
4714 4918
152 1610
1829 1601
4985 3119
3997 1286
3143 4009
1472 2789
3655 1133
4441 4565
1486 4295
2735 1782
3170 1030
3555 798
3847 3306
2099 1557
772 4042
684 1189
4649 4025
4517 3547
775 1752
1133 1486
2387 1398
2176 736
3493 3337
2461 2105
3394 2431
1738 1345
2543 2651
1878 3934
2518 3327
2244 2833
1583 561
1639 1205
1399 1242
586 2003
866 1361
4768 4500
4706 181
3918 143
4598 3744
3411 3761
3848 802
1746 2147
1719 3116
3073 1306
4174 4350
1441 3086
903 601
1290 3079
4056 2718
2089 102
3969 437
1501 4325
4294 2536
1659 1817
506 3704
3627 4186
1697 2103
3924 1920
4114 3249
3757 4926
580 1057
3720 1412
1627 4092
4385 1342
3532 3480
2534 2805
346 3984
4986 2383
3256 716
3117 2903
532 2902
4806 238
47 3032
669 3334
2276 1442
4111 4162
1485 1475
3497 3498
2022 2100
2652 1329
3023 952
501 3064
2422 403
2095 4763
3224 2227
1980 1253
4083 3006
323 863
2936 3495
710 4752
4581 3566
3192 4349
2298 1017
490 1741
4020 2848
1843 537
2957 1186
4237 3276
2389 4476
631 3904
2243 1184
2630 3536
87 1845
4557 2283
3819 3914
1747 4270
877 1010
3725 731
2573 4805
1625 4549
1797 1867
1527 2191
2353 4505
408 55
4098 4549
3843 2449
2289 1251
262 4329
145 2567
4398 974
2535 1244
4469 27
3264 2443
2049 1455
503 1347
1707 4022
4807 2094
2125 3334
1481 1349
197 4727
2616 3352
583 1723
1231 1686
3103 3374
2732 3415
3210 2691
2502 3771
686 2184
230 459
3702 4183
1384 2716
3061 1394
3947 3825
2449 4202
47 120
1367 3517
804 3998
1840 1929
4062 4786
4725 3677
1951 3869
4810 997
246 243
2115 4197
863 2540
2460 1802
3167 1600
291 2509
753 1678
1080 1154
2331 1637
3429 1415
326 2843
622 671
2525 1167
2396 3857
1227 2040
4880 2608
4884 4227
4907 3464
2192 1883
4919 3162
4778 575
4198 1310
1700 4098
4298 2647
2380 1009
1881 2223
3308 4705
2135 4129
109 870
3687 4549
1631 1262
2950 3590
4557 3436
2222 4721
1440 1380
1380 1501
671 3295
1897 2185
4830 77
2001 3942
1819 723
1558 4446
2393 1667
1771 4709
2853 2247
1916 4448
3653 4216
4580 4032
4359 1686
3710 2199
2979 689
4559 4307
595 4563
494 1260
4338 4857
2319 1697
3453 3466
4929 3417
1500 1234
1974 13
1863 3037
2080 4109
1597 3759
3914 3444
564 436
830 1582
1594 3260
1579 4482
4788 1974
2751 155
2212 2387
669 4079
3679 2805
4146 2253
1523 1962
719 662
4042 250
231 3588
888 2283
2798 3198
1637 704
769 4171
4217 4400
1380 3098
2920 4365
3639 196
4875 4925
4672 1792
1362 1764
3063 1833
3967 2825
4073 525
3809 2237
3731 61
3930 3972
2145 4555
1100 4513
4157 1920
3590 4389
3210 4120
4048 690
762 585
454 4844
1586 3735
3714 3236
2698 1193
2374 1470
1715 3525
744 3639
4371 1275
256 2122
4938 4015
2263 4774
2778 2855
4416 3718
1714 763
1775 313
4541 3268
60 2402
1719 3978
832 3875
3738 1723
3950 3324
730 3793
4919 2640
338 1132
2122 3401
9 1333
1975 2502
4336 4760
1207 2395
1671 3916
283 2152
3836 506
185 866
1558 302
3211 4524
1340 1851
3611 1194
1167 3765
953 845
3156 3816
4356 4964
3235 3721
3777 4494
3550 2806
4478 134
2593 3290
4440 3638
384 3024
2700 4571
1087 2947
4112 3651
514 232
721 4178
407 2589
3821 908
1373 3224
2715 1346
2078 3765
2689 827
4338 506
177 3939
2771 2523
1869 3074
4109 1874
3597 3153
1366 1234
4995 2665
2086 3688
3209 289
4305 2245
2758 4706
2049 420
3267 1128
4075 3749
1218 3160
1302 3974
1122 3406
1662 2332
2995 3383
2892 2021
1915 3958
2169 4635
3854 112
3394 52
4039 3864
4033 1733
686 140
1139 3677
4143 3679
1314 3601
2260 3625
2810 2968
667 1963
2785 444
900 2901
2424 320
2510 305
2410 3718
437 569
4028 3334
1103 3567
2797 1829
799 4294
2462 4677
2847 274
706 1981
231 505
830 633
4758 4496
3174 4438
291 3910
1965 2026
3024 1519
4055 3523
976 4633
1705 4887
2204 643
52 3531
3106 491
3718 1842
1245 1311
2012 3203
2621 3057
1272 1316
2497 4266
4520 722
4980 844
2125 4185
611 699
1955 1036
994 2870
1667 2337
2788 1640
163 3664
1485 113
4049 2622
505 4578
3996 165
4198 1795
279 2728
4154 4390
2097 3066
2124 3018
2748 843
227 4832
1270 2285
4980 2590
3233 1200
4212 108
4455 3549
2777 4932
508 4885
2104 2736
1749 2911
4317 307
1920 1757
3139 924
744 3733
2927 3794
1328 1811
2205 1840
762 728
3751 193
1896 3120
230 3892
3442 1206
2395 767
4979 1744
2694 3168
2949 1000
1172 4495
1343 3428
4554 3627
1497 3858
2921 4186
4461 4954
500 4292
2540 3234
2212 3416
1516 1914
2380 1609
4523 1580
2617 343
2418 1937
2123 4169
3651 174
2372 3941
4840 1099
3021 1179
411 262
4126 3845
2372 1931
2032 4737
4742 768
1626 2906
2596 3641
1862 1143
4896 2936
3734 864
599 4745
3711 4831
2633 3516
909 2660
2497 698
4144 3662
3021 304
3357 2923
2756 3060
362 1281
4710 1584
525 3377
1103 1610
2560 4118
1793 3890
1811 3817
3918 3945
565 69
2508 1712
1851 109
3579 2937
4259 2069
2273 2265
2176 2976
4974 841
3171 255
3138 4508
2663 2393
4550 2505
2230 2235
1121 1797
4303 2631
4781 3074
1419 4739
4847 1737
3372 1041
2803 290
4991 2841
1671 2148
1750 1678
1027 2647
1979 1562
2850 381
1960 542
4897 4946
1511 1876
4151 2638
1522 2186
727 2013
3624 3409
1746 3349
2557 4176
2704 580
4704 1027
522 3919
4721 1591
1696 4965
4512 1907
2860 2928
4482 1928
855 2568
1356 1025
618 51
4771 1791
1832 1333
2139 3612
530 3207
4125 3158
354 2286
1488 3305
844 4313
359 795
1943 2493
992 975
4723 4841
4138 1811
1927 4665
3332 1206
625 2979
2416 4214
1782 3547
3488 2531
1294 1342
1832 3469
770 3232
3881 428
954 578
2126 3659
3344 544
2569 4660
167 4445
4675 3754
2404 4423
4880 1861
2873 2128
3798 3673
2092 4886
4289 1041
2209 3249
4456 2172
1893 4469
587 320
2635 2032
4341 3815
4299 469
2944 4258
815 2988
3057 1113
2280 2943
4046 1177
2927 3665
2775 265
3676 168
1891 2573
3467 245
741 550
159 620
3940 63
345 419
810 4235
3707 4398
2582 225
2538 179
3520 3431
3860 3070
4909 3323
4480 3915
1070 1083
2473 1813
1522 4282
90 3242
2661 2214
4623 2242
1228 3991
3126 1787
2436 3229
3622 3883
3297 2999
1421 1046
2937 210
265 3695
3158 3916
2610 880
827 2405
2884 4595
775 4493
1988 1868
3452 3350
903 1293
2390 3028
1372 2584
3181 3458
29 4050
4747 4230
2948 1353
3227 2307
4745 3868
548 1799
1170 1771
587 2819
59 2897
1272 73
474 2450
1387 1885
2428 3190
4907 4374
2319 2451
950 2162
642 2075
2293 3636
268 753
1189 1281
2933 1827
163 3119
1917 2937
1520 1200
966 2631
4982 3948
357 1345
4619 1703
4528 3193
3964 4952
4247 3914
2424 2517
3260 1513
3970 4253
240 2429
1857 2660
2261 3016
2941 3679
4503 1295
3981 105
965 2509
2882 1050
3314 2983
3962 2177
44 421
1364 4124
1699 2256
2113 820
1852 3767
4175 409
3566 3894
2767 3065
1985 204
134 3988
585 4176
2952 1832
3297 369
2565 1782
4341 564
2131 619
1518 1629
4986 1145
4131 2095
3732 4863
2089 3149
2537 2121
1776 3651
2093 3200
1427 156
3467 271
152 2106
3066 2523
3210 1043
2964 1228
2580 3351
3060 2268
4682 2240
948 3795
889 2027
65 2870
782 2308
2391 1987
571 3362
394 3611
1177 3125
4062 4145
1998 513
1415 4861
2761 4806
3753 1791
484 3627
610 3751
2647 3180
3249 648
3972 3166
105 4309
1078 2892
2161 4353
2007 4443
3059 1379
752 2770
3184 818
3178 1657
3230 2785
988 475
1216 3561
3010 376
4282 4694
3689 3422
4408 1599
695 1657
3563 2300
4733 500
2266 750
1856 4576
4199 1346
1675 3745
1676 3796
2453 2477
1644 4659
2957 4580
1425 4971
4035 2722
1579 570
2254 4041
368 3592
4085 1560
2781 2990
2579 4441
2102 1361
541 4917
1094 3705
3162 3341
1131 2565
2665 721
249 3494
1590 136
4361 3941
2415 4831
811 987
3997 2012
108 3665
4687 3371
4027 3806
4687 791
217 3267
2352 157
1300 4683
4684 928
1135 2150
4135 2335
3592 622
53 4669
2272 4735
3224 1813
3204 4759
2086 4326
368 957
2732 291
26 3611
4666 4778
1129 4333
2487 3400
4241 3313
1148 395
3486 3266
4085 4588
352 366
1244 2000
341 768
2362 1820
3107 4943
510 4550
1017 841
3743 4414
1215 3041
3972 4911
1094 321
1369 1846
1039 4849
1958 3543
873 2072
4303 4376
2949 4401
1556 1847
2446 1872
2605 2825
855 948
2241 1316
693 3620
3180 2513
2706 2274
646 790
3767 1501
3153 2366
546 4363
4139 3557
993 3910
936 100
470 247
3290 4681
4604 4268
3112 2110
4630 1303
4201 4180
2771 3104
2728 1214
3398 3182
248 3410
1115 2304
17 4126
2397 4464
3388 3237
3264 4023
633 1922
2802 472
762 1249
4006 34
936 1747
1957 2136
4290 2254
804 3806
853 4516
411 2498
3564 323
802 4077
3594 1799
952 1682
1125 1384
4571 982
3564 3236
3195 1601
2255 1094
3842 2266
4791 854
4242 3306
3890 15
3211 3740
3941 4575
1422 2766
2827 2660
1653 1231
4956 4876
4306 2324
317 3287
1155 4381
3517 2404
4816 4270
2913 3012
1585 1716
3046 2296
2832 1990
1559 4726
3718 1090
4208 212
1862 4929
2304 1904
4406 1108
2675 1741
1118 3994
4742 2994
2263 1011
2897 179
1411 3125
1291 94
1362 325
318 868
1540 4422
1015 4918
777 4715
907 1647
4541 4114
3251 3581
3866 1216
2126 2290
4381 3998
3591 4507
2993 4358
1382 3656
1702 2141
3141 1341
2756 3133
497 2219
686 262
925 1062
4066 1385
332 1097
2185 1813
3846 1143
3634 4752
3715 2354
3021 2571
1370 3002
4411 1825
804 3563
4918 4727
2390 2584
3775 295
3263 3163
3313 4904
2336 1083
2753 168
1078 1607
1781 2605
1840 4157
1738 139
4385 1404
4324 2383
1139 1615
4653 1294
1329 3691
4697 2959
330 828
2724 3484
3548 1134
1033 1923
3754 4270
1118 2234
2606 2742
3865 4414
2377 3386
2543 2824
1960 75
378 1209
2365 3265
3470 2548
3008 683
932 2552
2274 1961
3892 3600
1659 3311
4529 788
3837 1865
2587 4806
2448 3698
2718 4607
2240 1241
307 854
4022 2168
2271 84
4867 4293
2961 3565
549 1212
2738 491
1637 111
2111 386
4656 3216
2867 4431
2973 2724
3215 326
3828 1898
3755 334
3743 564
2643 2962
4201 1004
3071 783
1084 4594
876 1369
3730 935
2668 2904
4658 3524
1804 2945
432 1306
3183 1319
4890 2642
1957 4734
3151 663
2704 1296
3435 4742
539 3421
2914 1872
209 3258
4013 4984
1827 1383
399 3953
335 195
3508 2315
3028 4121
4231 294
495 3261
1422 1079
4782 2793
1192 3867
3920 3938
147 327
2927 2216
3922 3170
2181 1881
4614 1532
540 4288
1673 1711
932 4046
584 3115
235 572
2218 3715
3793 566
1648 3447
171 3227
3725 244
2833 3872
2992 2894
495 2907
3412 2360
4876 1221
4843 4280
694 2659
2948 4783
4307 3701
4584 862
2097 4630
260 4084
2417 3715
860 1836
3342 1165
2776 2475
611 4761
2100 1627
4615 3913
4328 136
3864 1335
2396 4982
524 667
2515 1703
4275 1881
31 1867
2507 4543
1392 1076
1446 4798
2990 2108
4727 4444
2418 2137
916 1847
949 3178
559 4217
