40 126 30
791 44 9
617 980 6
560 817 5
608 71 4
296 537 5
151 186 7
697 479 1
360 587 9
941 321 7
553 319 1
284 325 7
313 849 3
780 610 3
247 686 6
630 489 2
64 78 8
885 565 8
664 501 5
99 290 3
498 430 3
39 21 5
738 784 1
689 325 1
682 688 2
483 763 1
545 794 3
507 262 9
422 920 3
46 339 1
117 199 1
520 73 6
131 506 9
995 919 5
962 79 1
50 669 7
252 209 9
603 569 9
673 316 1
500 928 9
232 499 3
425 191
220 394
364 771
351 857
95 157
387 574
606 480
321 792
127 331
984 604
998 635
868 990
129 443
509 307
656 358
138 763
901 616
441 193
70 992
142 357
964 685
188 599
668 135
857 719
155 706
402 601
993 69
67 30
559 423
453 679
380 96
925 295
933 139
452 203
717 916
442 855
122 621
747 242
743 581
926 496
448 776
985 320
536 265
743 375
503 579
327 660
1 648
677 29
828 176
76 949
935 500
74 548
78 975
549 377
391 832
765 950
663 767
6 916
654 470
728 803
348 608
532 850
268 285
336 910
641 767
762 110
371 812
572 748
526 603
914 179
243 85
792 430
725 730
477 440
874 766
89 342
652 181
726 98
46 986
702 136
298 358
227 786
730 975
548 104
814 360
255 831
418 108
602 168
56 36
490 374
227 881
194 537
297 861
250 624
193 637
148 452
488 729
229 740
498 837
743 930
730 50
195 595
89 523
930 500
108 982
294 166
647 978
544 641
322 562
159 694
715 523
683 593
839 673
177 949
560 981
736 166
815 767
334 545
389 262
426 523
827 510
390 977
32 311
267 267
775 734
642 377
