120 1914 30
4113 1838 11
3859 4867 22
1118 686 3
4719 4847 29
2201 1226 14
140 763 17
3226 4653 19
149 2069 3
4525 4916 15
21 1844 13
65 3762 19
4458 1856 1
2525 4475 19
4283 1439 10
1973 2394 23
3386 2619 12
198 2734 7
4247 66 16
1479 3562 7
1715 1930 21
1928 919 15
3248 1986 7
4120 164 23
804 3332 1
2031 218 29
2146 348 12
2781 4858 29
3621 1475 9
185 2211 29
3387 4407 20
3228 1372 16
1910 1470 28
3100 1861 28
1552 475 1
4986 3043 9
2239 4238 7
1809 691 26
1282 1791 10
4028 3499 2
2735 3005 16
2244 765 26
1129 3745 15
4796 3785 20
1381 412 21
854 2139 1
749 1528 25
2802 3651 15
304 349 30
1471 355 28
1019 2603 21
3925 2850 16
1039 1319 8
826 1305 7
2263 4257 16
2152 3659 28
3927 1533 30
1147 4770 23
3678 3643 27
3168 840 1
4662 1086 11
1539 4693 7
1824 730 14
3666 2798 5
282 4158 26
4625 502 22
2965 3604 22
2222 1002 15
2653 4345 14
4505 2729 6
1346 2113 30
1750 2995 10
2943 2191 21
1014 374 25
2917 3133 28
4602 2491 28
3598 3197 17
1975 3156 22
4612 1484 20
3094 4540 16
816 2062 11
1773 2082 25
4821 3448 23
3012 4951 12
4801 3809 6
2817 1923 28
2060 4577 29
284 997 12
3163 403 5
3816 4337 22
3266 1844 6
364 1048 4
1255 739 7
2070 2062 11
1840 2560 8
1526 4407 13
2243 1221 25
4518 519 2
1199 3999 19
4153 4610 7
4710 3362 21
3895 3905 14
3695 999 30
1065 3152 14
2933 2001 13
4045 4941 4
4647 932 14
1375 4150 6
4002 4622 5
4675 2180 15
2172 4019 25
613 4319 17
4429 1794 16
2742 416 8
1109 4953 14
2090 3298 20
1156 1408 10
409 893 14
2448 3883 10
2480 3496 24
4685 4459 29
1129 1212
2289 4539
801 3517
4647 106
4781 1945
279 1974
282 4225
3688 726
2909 5
2391 307
2059 2515
237 3935
1612 947
4751 2271
458 658
3063 3418
4296 4728
4117 3034
2568 3366
2824 2947
2985 2754
288 1029
3105 4406
4212 2415
2817 2038
1845 2120
1256 3054
4027 2928
1443 2942
3448 4578
198 710
3801 3618
155 3865
80 1224
3511 3447
650 2065
1541 3302
3084 997
299 289
3712 4338
303 4920
2764 2645
3576 2003
1046 45
2408 4251
4631 2894
4973 2293
921 4577
2616 1981
2530 2103
1541 403
3128 1813
1127 4431
4908 901
3370 4483
3939 640
214 4673
183 1467
4291 860
890 3190
2130 4261
3449 3136
3996 3347
527 441
1287 3995
3779 156
4194 3016
698 4012
4892 3545
400 4416
325 3954
2844 3165
55 3580
1181 3146
1863 4148
4214 1030
2172 3809
754 1906
2390 4594
4221 2624
4844 4793
1810 2748
4108 3350
3353 2053
2041 3167
468 4371
810 723
2460 2223
1515 2634
1977 18
3844 1333
1126 3836
1643 3418
2966 2256
4176 4590
2168 1277
3463 2020
4903 1138
506 1071
2299 278
2920 4477
3160 1289
4074 1508
3161 1915
3790 2200
4997 759
1794 2989
1084 3311
1179 2989
1061 2251
3039 3837
159 2540
2011 3944
764 950
968 2059
4132 4590
4413 2562
4376 4181
2062 1514
877 2762
4120 2088
3258 3921
3394 4696
4230 1838
201 2150
404 3367
2888 4081
279 118
4530 3986
4355 171
1777 1140
3486 24
4991 4737
739 3321
4986 4419
1794 2294
954 4003
4590 3982
4076 1606
4872 2808
3395 2208
1047 1792
4343 3318
1834 518
3558 3403
2568 1864
2534 1843
1488 1867
1424 1989
3820 1691
1390 4847
2674 4131
2770 2854
4946 1892
2953 1277
996 4886
2816 3036
28 4715
319 228
1411 1789
4918 297
1250 313
901 1812
3450 2720
4467 2615
1920 3794
2001 926
4630 4155
2517 2978
3431 456
4956 4269
1469 2527
2331 2428
4389 251
4037 4626
2568 3992
4860 690
350 4688
813 3689
975 515
1748 945
4206 365
1843 2683
351 2426
1162 4913
4471 3946
656 1068
3690 2509
1725 2580
2381 939
887 1839
1111 2737
3667 948
1956 1070
1862 4920
1188 3102
2385 506
2145 4215
1630 4269
888 2474
3809 4920
2394 4867
1579 4330
3105 945
3644 3249
4183 1484
4549 769
3963 3260
168 4084
161 524
518 4073
1351 261
3558 1029
3685 3695
3481 1738
2431 3757
4499 2435
47 4191
2515 4878
1820 3196
288 3561
4604 3522
1367 2620
4350 186
2972 752
983 4481
118 3847
134 2737
4822 694
898 3400
61 591
3393 1132
4408 2720
3903 2015
1210 1020
3148 3493
4108 3698
4036 2268
4877 151
3384 1416
1020 4101
3711 3255
4099 1358
4757 2540
602 4432
273 2856
1158 1690
3510 4637
4014 161
1121 2098
362 413
1823 829
755 2673
2430 4974
2781 2876
435 4839
4809 1898
625 722
3993 2603
1539 4096
1357 2000
2238 563
1909 19
4519 3152
2328 1608
3964 959
1098 1699
77 2933
4383 3211
1461 988
289 557
4869 4915
2653 2174
1445 1084
3579 4791
2040 4653
3548 4242
2268 757
743 4341
4961 954
2595 1316
1266 1946
4803 2592
4593 450
1874 4701
1468 1730
4717 4808
1349 1443
3543 3133
2089 4260
1924 2750
4276 3660
4947 3255
1025 4887
2148 1183
1957 1629
3214 3425
189 3501
1026 1735
449 3940
626 2692
1934 600
1195 3039
3598 4766
4285 4406
3718 4571
676 1164
3207 314
2908 4462
2034 2938
2554 409
104 1483
2335 3675
3442 2131
3287 149
4907 976
3728 3800
1804 3558
2534 3095
3307 2292
582 898
1562 418
4358 1492
2456 1321
1993 4224
25 4029
3484 3939
2806 247
832 235
1677 3916
829 4737
326 3145
300 3731
4902 716
4320 4212
4388 1557
3416 2334
777 3494
2755 625
3530 3686
3694 3218
119 224
3779 945
1121 4001
925 863
3655 1218
1150 4943
3827 3971
4835 4945
1188 3371
864 1276
1564 4815
263 1623
408 1560
1824 2304
291 703
3250 275
2372 221
4520 3437
4665 3828
4202 1036
2285 2185
2317 1168
253 2933
2001 3426
2469 7
133 2323
106 2270
2838 2355
2552 2851
2076 1957
242 2646
588 4657
2161 2961
3943 2487
1360 4756
2245 2100
4506 4680
3991 4781
4944 4648
1724 105
1320 3239
398 699
2850 2796
3421 4226
1182 1558
3592 661
2824 3061
2366 4427
2647 4294
2050 2775
939 3627
1292 2589
1821 2433
15 2426
2833 4306
4646 3068
354 241
1817 4755
2488 2004
4449 4708
1422 3401
409 821
3485 1301
4519 2188
2731 1080
3668 3156
1983 4737
1078 3494
2776 3018
1255 3058
918 586
1598 4484
2390 4721
1520 2298
785 4742
2592 4250
1512 1742
3257 2868
2165 1574
3139 1564
4083 1527
1863 405
745 415
2859 4865
1176 783
4548 4941
1090 3829
1540 3067
3281 30
4938 1081
3979 1903
1895 4396
3081 4272
4385 996
545 1400
2335 1910
1245 6
4507 758
4895 4062
128 3231
4299 4212
3775 3906
473 4360
2923 1748
4880 1886
734 2522
3757 632
3625 1121
1256 385
3075 4449
2065 4060
4462 3290
116 795
837 3074
4901 2296
2549 543
2351 4458
1504 2976
3572 1558
4460 2834
3410 4619
619 1138
4628 4843
2403 1227
3508 3025
4984 25
4901 3232
3535 996
3072 457
722 2959
2575 4842
226 2230
691 1190
4974 4109
2173 1773
22 4066
942 3480
3238 73
246 1584
4005 1039
2646 4562
4193 1451
2636 2428
2435 1425
954 4720
1887 3165
2053 329
3798 458
3795 211
2705 1575
1543 4316
1163 3997
708 2156
605 1217
3696 4129
3344 4718
2235 4991
1634 718
4472 1676
4555 4554
4047 3458
1092 1493
4275 540
1879 4294
2654 4933
3274 862
3583 3505
96 661
4440 3392
1263 1128
4933 4226
353 3003
3943 3747
4355 4932
4407 452
1607 3015
1114 4181
3341 1932
2693 4724
2448 2490
1845 4049
1670 3595
4549 4632
1535 2892
4612 2779
712 1970
1417 1532
1451 2797
1105 2211
1782 4739
4518 1298
3129 3159
2641 3307
4912 1354
4485 4808
141 3573
3502 224
3819 4717
874 2840
33 616
1262 229
2166 4743
583 3805
2333 3020
2130 2520
4029 4628
3206 4771
407 1004
4024 1989
681 636
41 3708
356 2698
4393 3589
324 1926
4725 3126
1011 3832
1848 3713
2464 1170
2841 5000
266 1633
1404 3170
2685 981
2377 1985
1731 4899
716 2178
785 2678
3355 1551
2537 802
4196 1899
3870 902
1485 2142
4647 4121
4824 1168
4121 3184
4470 3183
2074 2567
4330 767
2729 2653
3035 3534
502 3114
4691 3078
4899 666
465 667
3905 4360
1150 1745
2490 3106
627 484
3568 4082
2435 2014
2312 4015
237 913
2171 2154
64 2470
4693 1215
339 502
4129 4401
57 383
1166 3548
2795 928
4432 1386
1516 4932
1754 3923
3212 416
4900 1344
1698 3367
4791 780
2024 4455
3078 170
3143 4860
876 2420
2842 1834
707 3391
4652 4697
1861 437
3971 4388
1377 100
3783 3905
4222 1065
984 734
854 2110
382 3466
2442 2601
2768 4017
2928 3182
3969 3175
3017 841
3669 1644
3683 1165
365 2657
530 1409
4024 597
3843 2771
2535 2707
2701 22
3534 2992
468 313
1555 3046
2822 3418
1278 2204
4208 3709
2989 187
4349 1189
4840 3571
4740 2670
4235 3509
2661 322
784 1330
1138 904
4676 2200
3935 3914
2324 1510
4514 1084
2811 278
3244 4399
4064 2500
4520 2528
2647 3376
3203 2591
1346 3873
2198 2158
2954 345
4422 895
3195 496
1419 3641
1621 4920
2548 3917
539 592
3556 3172
501 3693
2553 984
923 3363
1079 1721
874 1817
1894 2472
4496 327
3710 1414
2986 1758
3192 4638
4387 2633
1120 3503
77 2183
3381 2273
3170 4550
961 907
2126 4733
697 198
1487 896
1482 2953
4603 1310
1735 3359
3512 1946
3672 3955
2695 4253
1410 3401
378 727
689 1075
4233 3063
3766 4722
1479 3022
2586 271
3584 4068
4536 865
1296 4189
3907 808
4638 4652
1833 3973
862 321
1589 255
2422 3195
318 4663
3283 2587
3578 237
4472 4182
2117 636
1074 2386
4132 3970
4810 4109
2628 1808
665 291
2343 2750
1075 3257
3964 1794
3662 1409
3190 2181
4209 825
3859 1622
622 3554
1831 2409
1707 1476
4478 1232
398 2748
1213 1356
79 3818
799 4123
2788 2384
711 1505
2758 705
1807 223
2493 1535
2150 3118
19 4921
542 2280
128 2200
4802 4132
3792 2031
4075 1612
2959 2876
918 1178
2770 4053
1848 4036
3455 703
1733 4421
1756 2713
2290 4903
4100 807
4956 4788
2414 1709
3597 2556
2972 4180
1799 2459
4891 360
4980 3193
746 2407
916 1217
1173 3763
1200 4435
3239 310
787 2195
3564 2707
3506 1975
2794 4262
570 2730
3941 508
3196 262
2665 3840
1963 658
2102 1881
3733 4554
2316 4268
3769 542
659 3400
4600 1217
1012 4337
3382 878
1339 1569
4403 4505
4388 1568
1093 4449
3172 4681
2569 4953
2889 1864
357 3969
4319 4300
759 194
2446 1821
2748 3365
709 2087
3581 1371
909 3386
4718 932
3298 3579
4269 4742
305 4755
39 4169
4663 4757
4157 1988
3739 1086
3875 1259
233 2564
1100 517
2217 2754
764 4392
2994 4166
1665 2616
294 565
2135 1643
3097 4894
1629 3503
182 3415
1482 2748
4596 2294
4405 148
2369 2550
2080 1526
1926 1279
3321 1712
2214 3480
2345 4930
3941 1647
1324 3521
2864 60
779 2513
4834 1450
3251 4016
2198 4994
2379 690
2655 1853
4006 3750
2638 2792
4090 1715
2732 1956
2460 4371
950 541
4245 2685
1071 1106
3319 885
1801 2039
2260 4396
3642 1943
99 661
1399 3101
1121 3703
231 4150
3499 2048
127 1564
3156 3761
2895 127
2247 3818
4378 2525
1229 1944
1732 3252
3319 3461
4190 3213
605 968
3387 3376
3412 868
4246 2918
1984 887
3318 1550
1622 4001
948 4286
4595 957
782 4847
2326 2054
2616 1943
4274 3637
2501 2486
1838 3925
301 1301
4294 1852
433 2482
4394 102
4507 3822
2787 3889
3652 742
3321 700
214 2080
594 4836
3137 1105
4208 1414
3103 3645
849 527
3199 1852
2006 3509
388 1085
2336 4753
2827 4511
2823 3712
884 1338
2470 4507
464 845
2485 897
4341 3664
1202 4252
4862 1767
4620 1294
3653 3590
2984 3471
1424 2811
3612 2592
2257 4328
3713 852
4422 4101
3637 4589
1919 3763
1169 3388
2866 4431
2969 3848
1601 3533
4174 934
2342 1213
617 122
1415 3276
52 3286
977 3592
1563 3899
1564 833
339 4791
1667 594
3125 593
2658 1545
1453 1556
2066 4982
30 699
4982 4036
635 4436
1202 24
4735 2146
33 1141
4623 4178
4198 2472
3325 3043
1315 304
3393 4670
1186 1109
3523 2158
2139 2613
589 4686
753 3477
4359 3044
858 4938
3285 4775
1173 2276
4386 444
4837 2730
4193 1770
1692 3374
4475 4214
4199 4995
2780 4592
2114 2459
1619 1513
1221 4254
3344 2525
3602 908
786 4345
2850 3138
4931 3251
449 3937
534 371
4485 3310
80 2730
151 344
2272 2090
710 3251
2653 4276
4452 2824
809 1218
1464 3517
3307 681
3572 4208
3188 2734
346 1662
1209 1760
327 245
1622 826
470 1787
2550 3067
2000 1876
1581 46
3971 1684
1896 4573
3455 1239
3558 1161
4835 4141
1117 1369
191 4805
1021 1017
879 4928
3651 837
2176 2831
3723 2360
1948 2899
4610 249
546 2243
1155 2340
3983 2432
3787 2901
4447 3
1500 2119
3157 1408
4158 3139
3830 2908
4477 2268
3007 91
2464 2173
833 694
4624 1649
1532 4583
4171 2589
2535 1449
115 227
3735 3203
4877 1196
2865 4240
4570 1867
1645 556
3079 438
4052 4901
3090 3766
4362 2520
4101 3179
1642 803
1574 3729
3355 4421
699 49
329 3593
2853 865
1956 3866
369 4
1093 1268
3029 1414
2686 3128
3050 1412
950 3904
3975 4545
3912 2239
4259 2406
2294 1785
990 1306
4441 4767
1640 1164
513 4579
831 4210
1824 1205
3572 4397
2656 4433
3116 2149
3962 2851
4539 4079
2126 2803
1900 4260
3504 4245
3577 507
4734 5
3736 2978
2843 3508
2028 2465
4358 1737
1601 2526
513 2797
408 2131
1392 596
13 147
2762 2519
397 1250
2685 3241
4958 4516
4149 4114
1657 2816
637 4014
252 25
4478 4768
871 4755
1398 1602
3953 374
3718 2469
3823 4069
4972 4397
3579 4659
2300 783
846 2162
479 4182
948 649
2277 2558
1257 2903
1225 1744
902 2243
1117 2931
2405 3742
2104 4500
2560 2769
2975 375
4257 2356
2751 2003
1149 338
3857 2642
2414 1717
4479 4317
1529 1128
1075 1254
3182 4807
1692 1823
781 4524
2502 107
4603 3199
4547 429
3343 3915
2444 2778
3019 4832
3805 320
4333 2771
4493 3816
751 1288
691 892
3989 2592
4737 1251
1142 251
1426 4130
1825 2637
3859 3094
4458 2076
3141 4036
3119 4521
1429 3004
3942 1177
3626 433
153 4692
4939 536
1816 3156
3416 3748
149 3790
2889 2545
2518 4719
1170 3097
2005 951
4400 438
4934 1341
77 2465
2821 4967
2562 1801
4589 2617
1217 4276
4647 4890
3107 3614
4788 2659
4518 2972
927 2152
4532 4676
3483 3194
1765 2444
181 252
119 2211
4499 1664
3171 1076
500 4883
1722 812
645 4728
287 2521
1881 1428
2446 2052
2788 3304
589 2790
3004 4611
4127 2736
3800 329
4431 2689
1978 4900
4860 4936
525 4652
3104 2464
2538 4504
3575 560
3778 3346
3580 521
3801 1497
3954 1446
2610 3466
3794 2497
3282 2324
3681 2993
59 116
1422 1401
4532 2024
2259 2047
2542 546
3665 2564
1928 1955
2613 2836
499 3856
1149 4513
2033 1985
2149 3668
2590 1741
2272 175
1102 356
4338 1639
2795 1292
1260 1648
1696 1366
85 1071
1663 2097
3168 4822
1279 322
641 3198
4804 4603
861 4298
3315 1913
2029 791
2591 2590
2703 3640
4464 520
4494 3648
4084 2613
1710 73
1426 970
4880 3827
3490 4709
3917 2193
3830 1653
60 1410
1750 126
2849 1844
3010 4232
1699 2292
4539 3840
3125 68
1386 1528
3976 1313
2414 2363
3694 4100
4526 4735
2615 3167
2897 63
1549 272
3665 4507
1503 2452
70 4158
3185 4432
3760 1022
4001 736
2714 616
1452 3096
899 480
4880 1356
1986 436
3178 3947
985 2464
4033 1305
2565 3439
69 1655
690 3212
2864 4300
1984 702
767 88
4214 89
2134 4163
4996 1894
2615 4002
1597 4715
814 1326
4280 3639
3546 3188
4629 795
1204 2757
2707 3506
3824 3666
634 3083
2497 2758
3060 298
281 4728
3502 4335
1707 4888
3858 3006
547 4812
1434 3979
3917 794
680 1876
4457 2035
4681 2406
44 3591
2512 1736
72 1763
4687 4453
3858 3042
809 4034
831 3334
840 1734
2875 1625
4100 4086
189 2499
2882 2937
3833 3221
3717 2406
558 244
854 2532
3009 898
2308 38
570 1987
474 3927
4878 1438
1686 766
3028 4449
4439 3035
3433 2265
730 2804
738 3869
173 3785
1518 4684
3702 77
1686 3430
1391 1474
1089 1675
1041 2469
1256 907
4203 2515
1357 3890
2775 4257
2931 2585
776 2874
1590 3109
620 2505
4948 547
4927 4689
4094 14
239 3184
4178 3679
2390 337
3492 4404
312 3089
1735 4850
2556 1094
1059 3144
4507 340
1509 1441
2767 3605
2611 45
391 1963
3178 3495
1242 3324
607 3428
2299 1912
3924 611
2716 2373
3034 670
2150 431
3285 1586
4889 3484
1487 3487
1267 1341
1833 1131
2301 2653
4997 4140
4413 1927
3495 2400
1091 2641
142 4006
1267 1009
1175 2658
1163 823
1398 3099
945 4507
2120 3738
94 1853
771 3914
3640 1709
2244 1056
2247 1205
1785 1425
3942 459
4651 1293
1782 3550
2497 2426
4966 1693
1719 2312
969 1828
3638 1642
227 536
3521 4015
2729 1002
567 815
1295 4538
1099 4442
2245 339
2703 1831
2366 3320
1804 4183
2341 86
2206 2495
4742 3770
4399 1354
1299 1105
2259 2922
1994 4911
4257 4096
4759 1041
1621 1556
4692 2418
4168 4650
3663 2335
269 3985
2003 3796
2107 4508
620 950
2119 2491
2284 1225
2945 3378
136 2991
4196 1913
1178 4573
2195 4269
3358 156
2036 1760
731 1103
1634 3121
2894 4421
2841 4465
4022 428
4658 4849
4603 4446
4438 2053
4257 3813
3915 24
4264 1278
1377 3203
709 82
2243 4691
4057 665
4197 1564
1148 3084
4583 1129
4887 809
1698 3446
203 929
4003 4524
4918 517
1655 3293
2241 2699
4018 4896
1082 2968
4700 2697
301 3631
4612 3129
725 553
398 2824
2412 2015
3183 971
2100 205
826 3355
2271 4265
4653 138
1681 3804
1552 1146
1601 1029
2276 4750
1081 234
58 669
2583 1811
3855 2796
4072 1542
4928 4161
3817 331
704 4383
646 4534
3621 616
52 4331
2894 195
2537 2251
2079 4600
2567 1050
4571 410
2995 4936
1081 2741
2413 3724
652 3237
679 3595
39 1752
4957 3137
1032 3759
436 4615
4984 2912
1542 3190
398 4068
1699 3809
4770 3556
4351 3612
2926 4167
4373 558
1359 3221
127 1583
580 4228
687 3200
4885 4132
2353 3937
197 1685
262 3006
1693 2604
35 142
828 698
4075 4673
575 4250
1252 823
4205 3753
932 3439
1393 1785
4257 2969
1115 876
4343 3899
934 2816
413 2866
3730 2677
1367 2810
3628 2028
282 4344
3842 3669
2878 2321
3175 1034
4161 3459
2860 1883
4910 1188
1728 1037
4807 1995
1385 1436
1226 3314
783 9
2045 1593
201 647
2573 3124
941 4526
1755 1658
1568 1051
4736 3701
2774 3624
3958 3926
3402 3281
4618 3933
354 1043
1920 3738
1867 1068
4599 2403
3138 3139
824 1239
2365 2354
695 2629
2432 1125
1008 1466
1797 4680
3827 1673
500 2679
3233 4299
2556 367
1483 3663
3616 2910
1947 3168
4331 2590
915 3422
1828 4582
2338 3752
988 163
2849 3627
4138 922
751 2890
2118 3297
2686 2692
2288 3461
3889 3089
757 839
1255 2035
3036 906
3763 3367
2794 4572
2889 3393
3662 3850
4885 3856
3680 4260
1446 314
3130 3039
3324 1575
4555 4811
971 3258
1819 4748
419 212
2862 4092
647 4875
2817 4490
759 1791
1305 1355
3421 161
2320 3762
218 1010
3823 1917
4906 1459
3596 4733
1536 4239
2899 4941
2893 3585
1485 1173
3745 4339
1213 4393
3435 4020
1372 3546
3266 3433
1673 15
3587 4208
4573 2693
4561 4481
2752 426
2900 4829
1709 2681
1388 2753
3726 2527
858 46
4461 2999
3586 1029
3659 3936
545 4323
2978 2012
4963 4244
2914 4800
3440 575
1114 1367
2275 94
1236 1095
2354 4876
2908 1622
3003 1879
2457 3483
3029 3389
4619 1399
540 1768
2460 4198
2826 2891
1177 3432
4991 3763
2323 4717
71 2304
7 4062
407 273
3448 1855
1204 3550
229 3541
4548 2778
4848 4621
4673 3270
3642 1713
965 3754
3481 365
2944 1733
242 1298
1289 2834
3220 3253
1378 912
294 3231
1658 791
1885 3996
2838 1901
4963 3018
3165 1834
1548 1726
2792 4657
1967 3581
2749 2838
1139 81
2297 3753
3718 3219
4203 1993
4973 246
2544 92
2389 3500
2612 1831
1746 1172
600 238
560 481
245 1021
187 2496
4080 707
559 4635
1938 4467
1145 2762
1373 1344
3451 91
1839 3006
2912 1575
67 3511
2714 2486
4882 4855
3146 4394
1973 1776
3444 3784
4672 3676
2777 131
1010 1615
3216 1302
75 3835
4934 1040
3616 4254
4551 345
1853 3844
4126 1244
3751 2297
1685 3644
1535 4076
1830 1128
4063 1171
1044 4295
4598 439
4262 3893
2956 3882
4808 2713
181 734
712 1975
2665 4210
4832 571
1705 3587
2801 47
4924 4251
4429 3435
744 2348
1922 1020
1295 4130
3381 769
4522 2538
3454 1398
1729 64
4063 3668
2988 513
607 2472
3860 1432
142 3547
2301 3829
104 3451
1494 2415
4415 2997
2462 1127
4826 4302
731 1430
108 2215
3496 1552
4293 3613
1771 2043
3918 4773
4422 4721
163 1426
2574 3602
4058 2485
333 168
4053 507
4910 4722
1846 4006
2996 1642
3588 3888
3020 2878
2109 1146
3056 375
754 4457
856 178
4887 2236
913 1780
2001 1398
562 3232
406 1286
620 1958
4585 2151
4619 962
1104 2263
2011 3437
291 3959
4617 3690
457 1877
3293 3191
3466 2800
620 4857
1995 4817
4058 2463
3148 3356
278 3882
1742 4983
4418 1290
2053 1487
1439 350
2238 2489
2817 3260
2005 2542
1135 1542
2407 926
3370 4329
3406 478
4475 3462
1891 4789
2062 160
41 4063
737 948
189 3831
1972 2767
1232 4051
1061 748
3083 316
3427 4886
3511 4941
4581 4700
1829 4119
1022 1909
3600 4996
4600 4227
4873 4853
4079 901
2259 4233
2116 2778
3341 3228
2856 2042
3063 3409
2392 2364
452 1823
77 2878
616 797
1173 3553
3021 590
4732 557
4000 590
3588 2443
147 80
2182 765
2481 4723
2770 238
303 3627
4778 2520
3759 882
588 2884
1683 4163
4392 10
561 4196
3698 3981
494 1533
996 1595
170 107
1057 3706
3809 2739
1249 928
658 2640
4387 3541
544 2300
3251 740
1452 3407
4568 417
846 4761
817 2774
1253 1227
2502 3534
4273 1498
3278 797
3052 3755
2936 1497
2404 1187
2066 4069
3771 4083
1478 1427
3582 3674
1921 2212
3822 3513
4113 756
3910 3967
1810 1177
2958 2459
1734 4219
1535 2501
908 3975
3579 2349
2676 44
4828 3311
183 1930
2407 1288
2536 2796
4298 3390
1635 1152
490 1656
1248 4388
2437 2763
4377 3397
2800 1186
1087 4910
1361 3293
4733 791
4284 1218
1689 4898
2631 3501
2240 3083
453 1688
2851 4890
2857 1532
2102 4197
3153 2383
3185 2763
3386 1702
1726 2244
1534 2721
2094 2761
1735 3818
4419 2153
4684 3890
83 3269
1168 2676
2949 2639
2911 2912
