120 655 30
627 4869 12
3414 4953 1
4064 4383 23
4950 2485 14
3041 1180 30
472 1717 9
4664 4217 30
4775 3012 26
4689 4461 19
3342 2904 26
2496 4483 29
3950 3816 3
66 2295 9
3148 1504 25
4611 841 11
3610 311 25
2793 2458 12
3527 19 21
2644 1892 20
1056 327 23
1815 2501 24
3561 4506 12
1087 1049 23
1004 2931 21
1502 4328 18
4507 4381 9
2000 2659 18
548 2268 6
4045 4090 9
747 4815 21
1494 3595 4
4065 1246 14
313 1832 11
1868 1697 15
1423 4590 5
2192 4125 11
3070 3702 9
2725 4536 5
4140 2092 22
3594 352 23
3233 4833 21
3326 2211 5
1635 2782 10
2523 1504 26
4533 1584 10
143 2821 17
2069 2197 27
61 180 9
3474 2869 9
1373 298 18
1555 3688 12
4797 3492 20
3643 4343 2
1995 4481 12
2930 3666 30
4958 1142 22
4533 4219 18
4074 938 9
890 543 26
3160 1183 27
97 1372 18
68 2642 19
2199 405 16
2754 2826 19
3408 700 14
3119 3836 10
637 868 28
4613 2446 14
4980 4148 25
4503 4808 12
2240 1856 7
3762 2488 24
2863 4898 14
4902 111 3
378 4536 6
4238 1498 10
107 1089 12
4187 4286 22
1449 3283 28
2397 2366 7
4647 249 8
1960 3997 28
370 2882 26
1211 1297 22
4490 4216 22
4286 4424 25
1513 928 17
22 2484 30
3843 4872 28
194 393 8
646 699 16
4727 949 26
3423 1021 26
2135 238 3
3960 4472 12
3220 844 18
2687 4508 9
4166 1070 7
1237 4781 28
3037 4048 12
3030 1728 24
3910 3798 11
3801 4687 9
3974 4680 1
4814 2165 16
2249 367 22
3899 4810 15
4778 3328 25
1995 2330 2
3691 3419 14
910 3335 20
2888 984 18
3751 4217 18
2075 4960 1
3491 3636 9
686 1047 29
91 3146 28
1935 2809 20
206 4047 1
4996 384 24
1164 2404
4430 1502
3400 3629
4154 3927
1949 3048
3607 272
4246 4377
2660 4461
1438 1622
4417 2899
1617 750
2632 4350
509 756
3820 4305
1961 3388
1627 1815
1512 1574
4242 2340
4068 238
4940 4303
4788 1227
1545 3435
4892 165
2499 1172
3885 4755
1439 4819
4299 4394
2774 2178
3490 2940
1305 2209
3191 3747
1385 1145
4134 3100
3871 1529
4967 2484
4793 4773
1450 1680
687 2345
4882 1391
2816 2350
4364 926
2634 4299
4309 42
771 4167
757 2374
4118 365
3548 1327
2709 2310
2813 2684
2961 3376
1629 4134
1179 2435
1954 4930
3416 2481
643 1347
3919 4035
3804 4048
3479 1678
4856 4341
2794 2815
3847 799
2382 822
2358 3835
3572 878
3924 4525
4578 2021
1034 789
4080 1763
4639 1425
2445 1436
4695 3556
3675 4497
2629 4325
2190 3792
3161 4734
1069 1137
3494 4204
1860 1014
3897 3865
4331 3530
1691 1193
2904 3920
3724 2157
1934 4361
2186 3176
1241 1816
3443 955
4411 3925
2522 558
3219 120
1744 2477
2158 1644
2395 731
3049 4596
4146 4380
505 3698
4667 4178
1715 2546
2507 2103
4507 4544
1515 4468
509 4219
4414 952
3462 644
977 3804
1817 751
2410 4183
1268 308
3690 2682
2650 2206
2232 3935
4698 3038
396 4054
825 4308
3893 118
1799 1728
3692 4326
2868 1068
1234 4314
2484 4943
4325 782
1506 4542
3245 1109
3707 4242
1218 850
1496 2403
2597 2025
2783 3916
2595 1305
4651 27
128 2759
3275 686
2317 2383
332 1067
1718 1795
2661 3335
1695 2658
4076 4552
752 1909
986 2428
1576 4288
2918 973
1884 535
1844 2733
422 4963
3741 2656
3780 3598
4487 1860
4651 226
281 1576
534 4958
2478 4689
407 1587
3680 3980
3771 1881
668 1232
4632 4795
1963 3940
3525 1455
4600 3686
2696 83
4691 3033
4730 2210
4742 725
4629 2760
4170 3460
1420 4587
1723 135
957 419
1476 3560
1414 2934
2365 223
3734 1813
402 1033
2253 3638
106 4181
2344 898
4881 212
1917 4082
2851 1255
583 3964
581 4012
3412 3901
1216 2981
3555 559
1605 1413
372 2023
380 4201
1790 3148
1491 773
407 3725
704 3734
4473 3388
3305 246
4955 2164
4064 1769
97 506
2820 3703
4149 70
1946 701
3783 1688
3418 1095
3577 1625
12 187
3929 1955
4836 1056
1589 2029
2859 3161
2912 3305
3111 2508
1270 4957
3238 165
4438 3042
1936 206
577 2958
945 1025
2087 3851
3781 344
3771 4049
4095 4058
3674 1035
1733 4212
3187 3476
4326 668
4530 1298
4936 2265
1369 2338
2009 2404
2482 4268
2116 2571
4410 333
462 2721
4364 1284
4848 4656
4851 715
4717 4924
1247 2289
46 4333
2481 1057
4100 737
4050 4977
3525 3457
2074 1555
3629 977
917 3857
3486 3896
3678 285
4212 4521
1730 3329
2211 3295
89 353
239 3216
2563 2423
1508 3708
2478 2721
1505 4958
1638 1899
4809 2730
1068 1048
1000 3302
3695 4776
2640 288
4932 1046
3145 4134
2021 1128
4858 641
4058 2448
4781 3862
4250 3044
3746 4287
1697 1625
2882 713
215 314
4710 3216
2732 4307
1858 2757
2544 4660
1255 26
111 666
920 1564
2856 2955
4965 269
3890 2500
3306 2351
1811 3121
3448 1810
612 1082
3574 4794
4814 606
3836 3234
3817 2240
4580 4368
4205 160
3625 620
837 481
2145 1253
2261 791
2098 4080
1883 3999
3906 1507
3619 881
706 2051
1798 1616
556 116
1388 100
1703 2901
2109 103
2299 4542
1918 2920
3942 3252
1914 3830
2580 3757
4252 2735
4269 1972
3462 1288
3613 571
2950 2775
4007 3104
3026 1576
4015 4336
731 2590
2004 4196
3013 1883
4467 1808
641 226
792 2847
4637 370
1223 2836
3698 791
719 4905
208 319
2497 2012
3917 3782
779 570
1452 2471
1880 2051
1272 3115
4787 4173
3061 4083
649 1532
3043 405
434 1289
2570 4618
4105 3850
3029 2955
1063 1424
2831 259
3001 2184
1080 3643
2967 3896
1429 1552
2964 638
4819 2266
4737 943
4214 266
3931 647
987 2071
3191 1380
1103 236
333 1941
4422 333
1041 1083
3371 294
3204 1044
4333 4355
2044 3813
4479 185
678 2614
3915 3193
3240 3361
4865 2177
2889 1106
943 36
3244 4067
2380 1824
4539 1310
2438 342
1861 4235
863 3744
4970 3907
917 4507
606 4366
2678 16
3188 1365
1017 2680
4880 1706
19 412
1024 3869
3130 2982
1804 4450
3049 3736
2564 751
224 2394
728 1909
4259 3853
4000 546
2698 385
2604 66
2617 2480
1648 3148
4650 3201
531 1009
382 4915
2010 45
467 2852
2857 3940
4743 2557
4810 3809
2205 4484
3009 2442
1834 3905
1322 3697
2330 1244
4932 4021
3637 4671
2932 4862
4261 3889
4147 611
266 4837
724 3246
602 3186
84 1642
4356 4172
2208 4925
1595 3527
1285 3208
3276 2829
84 943
1909 2204
4557 522
4893 3559
4968 904
1435 2420
3355 2469
4518 1944
2566 3533
3228 1388
4684 482
4670 1025
4742 384
2307 864
4800 2244
4221 3757
4603 708
590 2482
4543 4604
3402 3675
3065 792
1083 2307
4964 1917
4101 4763
2800 2394
3866 2035
2340 2798
661 3759
2588 4573
483 2467
2096 4017
2732 940
2739 3888
1687 753
3262 2147
3476 4046
1178 3799
357 35
2018 2278
4182 241
4426 1531
1653 1204
1905 3106
1360 3042
4374 4337
4512 3679
891 3030
3727 2736
1741 1149
4545 2890
2501 2568
4591 1043
1801 4994
4147 4680
3481 3943
1884 1411
4770 1764
405 207
4353 2320
4452 4957
1768 2012
637 2877
1911 1839
3352 2875
3202 1548
3092 162
4390 2985
128 1516
61 4005
1332 2235
3909 2737
2883 4977
959 2599
4689 4563
746 909
1843 824
3463 726
3150 771
4387 45
235 4685
3099 244
3428 1197
2192 882
4004 1469
1628 2940
3654 812
1710 3915
1846 4704
2024 220
4901 2731
1376 1426
87 4069
993 3042
4460 160
3626 191
4925 2580
169 1805
3368 2106
4131 3616
4983 2282
4966 190
428 4847
2080 2878
797 2476
777 4821
4752 2639
3676 3582
3859 2749
2178 2673
1193 4324
359 4521
4204 3514
4343 4910
1330 4005
202 2346
3311 2007
4170 1640
2049 342
3088 1487
2568 2884
1295 1482
4017 3283
727 4664
2200 205
1424 4689
1366 925
3513 881
3740 4583
3926 494
3329 4937
3386 3190
513 1409
1110 2697
530 4856
3291 1365
4140 1694
1534 3429
1553 4532
3479 3804
2196 466
225 4525
3537 206
136 2154
2357 3064
279 4784
3500 3305
1370 2135
1538 4867
2130 2176
3356 2963
1434 1201
2 1575
4178 2501
134 4626
640 2161
1604 2979
4827 298
4360 1175
4130 2709
3405 3914
1057 2826
3326 754
1124 4816
2791 4307
4715 764
1719 3498
169 4496
2767 834
354 358
3522 227
870 3286
85 3077
4569 4642
4458 4838
2490 625
176 693
764 4049
3433 4487
3939 3977
1029 849
1489 1857
2081 218
2669 582
4109 471
4557 462
3133 4621
502 2576
974 2049
4980 2621
416 1515
1243 1085
2238 2030
243 4366
2128 2624
2563 4873
1956 4972
1986 1233
4997 1602
259 4283
3133 4513
845 3547
562 3316
2305 1521
3421 4882
1579 2217
4089 3663
876 3715
466 4654
1094 3073
981 595
62 340
3301 535
664 4042
774 905
3547 2181
3812 383
4758 3058
238 2083
765 515
1029 807
3570 2454
3949 3782
2791 2028
59 679
4009 1857
3402 2162
482 1946
1929 4749
