60 656 30
512 302 16
906 414 16
380 353 26
712 330 26
979 51 18
357 522 24
156 997 7
316 693 10
675 464 7
348 47 12
811 81 8
649 216 6
284 388 22
902 415 17
799 128 8
328 76 13
889 110 26
585 706 29
948 112 24
775 956 14
941 475 12
467 552 6
742 925 29
710 838 1
357 85 13
702 207 16
160 894 14
68 554 5
245 891 20
866 211 17
518 552 19
927 88 1
423 284 21
874 126 17
679 352 23
758 506 28
729 584 7
850 989 25
372 76 27
116 246 10
28 631 29
498 990 28
267 328 22
900 655 20
357 538 18
741 768 2
776 261 27
199 220 29
489 693 17
29 689 22
969 428 17
613 460 9
801 33 14
601 561 5
913 202 3
306 44 9
177 788 11
25 605 18
728 92 14
411 194 28
33 515
7 889
735 381
42 294
814 524
236 309
1000 626
353 559
193 981
884 512
129 157
751 79
113 326
260 524
80 597
918 596
797 215
811 205
918 603
843 618
82 301
674 158
322 801
826 972
752 218
529 919
189 730
239 495
762 836
64 560
30 294
359 234
502 178
523 139
602 480
894 871
520 393
482 922
537 398
347 228
243 670
742 146
490 566
179 160
561 487
864 941
838 171
367 658
715 870
879 702
919 41
782 589
370 778
403 32
321 556
389 23
889 432
124 759
662 916
254 121
435 384
139 149
732 319
594 36
637 295
991 195
397 383
20 934
280 222
986 73
753 499
878 325
660 606
939 270
98 120
336 777
164 311
580 827
153 618
49 10
210 415
398 568
750 464
645 4
222 967
125 516
527 373
461 57
815 515
357 65
976 910
910 720
680 95
630 992
988 397
757 854
16 131
350 794
298 348
917 788
951 228
958 228
798 259
850 749
22 991
982 100
694 701
733 655
735 169
586 894
483 140
696 342
729 90
340 627
301 245
374 466
753 241
300 703
87 624
59 889
422 286
848 114
239 214
552 38
480 413
986 631
807 983
938 593
331 574
585 673
610 873
125 960
311 110
364 329
537 188
271 522
898 962
480 593
328 731
915 889
405 740
41 778
976 652
621 169
402 2
778 647
126 519
323 702
83 985
708 891
311 189
390 667
637 787
439 981
326 117
249 796
837 28
496 746
857 714
938 794
776 70
621 57
90 823
667 972
334 128
638 244
922 434
66 966
463 164
741 270
673 373
38 301
165 582
182 923
429 417
888 734
665 236
190 248
754 316
505 105
908 938
933 188
152 486
476 752
907 135
779 798
850 799
655 272
68 590
171 122
141 279
458 110
353 287
507 531
921 401
30 878
938 435
588 706
126 483
829 326
352 382
365 921
94 134
717 563
99 29
863 318
817 960
831 215
184 671
400 819
275 939
26 883
73 663
961 440
839 797
885 835
579 836
990 756
838 549
415 576
396 867
315 762
293 752
325 158
896 698
798 740
337 912
467 857
987 969
952 832
285 807
656 266
34 24
406 608
23 640
514 785
352 768
290 641
516 40
213 110
819 394
89 289
692 880
376 620
462 673
37 586
766 325
849 957
538 424
251 285
636 506
779 81
470 155
424 879
81 444
142 868
674 449
588 18
415 567
629 658
274 684
521 911
859 428
103 152
406 822
430 901
838 328
120 213
503 529
643 238
632 346
787 102
893 32
528 600
974 67
670 40
319 279
103 222
152 229
492 425
552 287
934 108
935 544
280 372
158 681
294 581
341 353
522 248
556 814
255 42
913 576
442 902
654 940
635 842
372 37
416 306
13 579
497 389
654 688
956 781
529 873
652 321
881 857
999 955
718 256
908 788
526 193
427 826
20 5
855 955
574 109
617 485
12 55
798 675
623 23
480 722
803 116
456 218
627 204
251 580
675 525
832 515
379 23
603 476
734 891
752 145
927 132
78 462
823 278
751 687
677 864
462 914
685 11
772 917
972 55
731 767
943 140
190 125
498 7
874 396
58 668
761 753
406 528
659 258
655 157
785 669
323 731
859 255
907 781
944 276
936 556
45 508
632 268
997 481
309 249
536 552
220 157
136 828
936 981
891 554
461 845
209 200
517 168
780 536
641 251
479 241
865 965
394 793
504 725
172 580
220 80
921 679
191 32
723 48
656 236
920 694
884 680
438 35
608 17
228 181
379 696
602 2
2 574
834 13
767 250
610 457
4 294
89 470
558 254
166 953
433 842
968 413
604 596
316 121
435 957
717 604
700 829
654 850
402 127
183 683
655 860
848 905
272 268
646 134
59 995
271 631
16 214
972 30
464 823
956 385
218 351
277 672
942 484
792 780
921 711
437 883
995 571
476 843
263 894
327 825
65 105
985 270
521 579
377 639
637 557
205 808
206 816
493 999
493 614
896 740
392 742
617 464
274 197
326 995
603 107
299 549
20 722
678 2
182 885
800 576
673 248
190 206
585 52
829 361
908 436
50 825
52 505
201 690
800 349
43 602
17 59
123 33
577 175
97 55
129 387
691 243
276 19
296 871
916 804
638 995
861 157
750 356
796 623
816 761
630 21
545 953
634 753
112 15
963 672
525 298
191 125
609 112
390 691
862 119
622 218
336 847
810 91
904 77
880 34
549 738
787 225
764 710
919 936
136 158
728 733
935 161
605 343
370 673
829 983
43 921
291 584
100 401
213 491
925 228
754 58
637 851
158 698
772 364
289 796
516 764
175 809
636 307
125 399
614 205
406 446
383 559
641 288
616 28
129 553
218 325
155 194
290 871
736 970
429 128
669 602
154 248
329 595
718 795
61 69
958 641
894 743
948 424
872 104
832 148
894 391
268 438
661 199
332 531
573 182
459 147
935 672
414 528
349 793
819 316
639 920
773 429
251 962
136 938
657 926
202 265
430 643
806 606
676 264
21 161
137 190
539 856
707 751
33 140
465 605
824 329
317 451
248 393
916 356
453 322
483 883
511 988
331 593
64 693
365 37
654 781
60 370
213 416
515 473
882 464
637 220
361 547
140 303
74 326
873 212
871 977
754 128
709 902
431 206
290 327
215 723
816 868
985 23
175 341
757 437
217 546
510 570
187 543
300 646
423 405
752 72
951 89
390 133
209 226
774 60
535 463
473 239
76 514
62 381
237 320
981 750
54 724
252 854
58 730
622 159
404 411
401 731
134 407
192 414
329 217
556 671
878 479
110 968
41 575
932 85
66 756
554 851
373 446
992 491
473 575
343 963
321 736
870 582
163 873
242 302
594 255
486 654
985 681
415 841
709 429
834 932
245 980
800 168
993 686
612 555
773 665
184 841
469 53
527 479
978 674
124 38
488 594
675 297
969 34
607 442
984 721
422 181
644 565
532 814
453 200
463 291
749 801
657 87
213 503
207 717
963 639
177 934
333 524
896 196
851 393
616 374
175 582
