130 260 5
701 415 3
984 237 5
398 21 4
844 921 5
380 409 1
898 407 5
547 216 3
747 585 2
571 615 3
698 461 4
548 652 4
141 37 4
349 927 5
568 692 5
902 763 2
91 664 3
460 96 5
793 484 3
530 756 2
926 984 4
200 899 1
684 451 1
701 601 5
502 373 2
741 460 3
545 50 4
704 532 3
290 396 3
145 635 4
819 719 1
903 183 1
442 447 4
137 206 5
744 919 4
694 781 2
914 931 1
180 681 1
297 582 1
643 145 2
633 168 4
461 956 5
496 773 2
107 700 2
690 442 4
973 657 1
172 422 3
42 211 4
437 577 5
393 852 1
346 855 2
678 628 4
264 934 4
288 797 5
802 250 1
881 230 5
9 225 3
154 835 3
416 419 2
964 321 5
94 449 4
315 780 5
78 48 3
996 907 1
52 695 5
206 989 1
842 975 5
317 380 5
602 862 2
326 276 3
316 415 3
692 12 2
483 626 3
580 662 4
905 80 4
604 605 2
637 880 4
849 969 4
345 946 1
983 23 3
894 291 4
343 879 2
695 402 1
106 10 2
37 482 5
711 957 3
180 333 2
475 476 4
959 551 5
442 666 1
124 567 1
71 11 2
816 816 4
939 512 2
344 356 1
72 580 1
923 142 2
488 349 1
661 492 2
302 667 3
842 263 3
240 595 5
63 121 2
940 500 1
672 245 1
314 437 3
796 615 5
122 286 3
276 373 3
43 940 3
291 789 5
513 600 5
972 970 1
403 892 3
453 179 2
484 755 3
32 357 5
936 571 2
344 261 4
891 945 5
844 259 2
141 476 5
219 565 1
379 715 1
601 902 2
470 291 2
820 293 5
561 762 2
883 169 1
215 49 4
184 383 1
807 323
322 506
979 974
443 121
514 489
170 300
816 192
165 862
786 469
449 76
630 355
390 555
292 812
945 299
103 41
46 876
552 785
773 336
243 232
634 837
425 933
931 215
243 791
136 796
230 531
577 918
363 585
951 844
925 773
116 252
615 588
446 821
604 271
261 639
517 681
46 759
379 247
770 487
618 474
911 468
463 778
828 773
836 747
452 724
6 758
448 460
96 904
957 465
957 914
280 112
984 190
286 75
872 379
470 517
568 565
293 554
881 83
943 554
371 248
457 558
388 323
81 657
887 179
956 47
306 235
791 564
147 728
180 853
348 472
454 768
860 49
186 897
284 127
572 232
947 684
496 850
913 203
395 337
334 251
176 19
758 348
319 430
121 400
143 989
462 141
518 733
126 296
411 923
771 166
686 992
484 889
393 532
298 354
553 405
845 837
112 577
851 941
297 79
107 662
394 242
604 430
730 725
400 516
599 715
45 524
274 774
692 738
298 545
677 817
252 460
478 806
715 866
913 373
765 884
623 720
56 100
181 178
369 99
181 509
499 518
531 74
81 356
510 926
929 115
877 33
110 267
987 986
83 775
971 551
639 363
305 795
286 591
863 262
284 216
106 95
54 267
304 70
915 838
644 807
360 524
383 783
657 233
395 971
933 76
290 355
919 775
9 26
847 839
287 332
758 208
816 914
207 163
985 660
206 658
952 376
492 652
447 582
814 206
831 276
549 360
427 612
129 365
938 108
635 517
633 13
65 311
919 517
810 223
57 420
223 157
922 17
489 697
300 623
293 941
331 598
783 272
551 376
625 394
557 414
947 476
754 246
213 803
660 339
498 585
245 223
24 765
722 961
223 53
160 828
466 915
584 803
615 257
548 179
488 236
138 531
486 112
229 356
702 142
917 210
837 227
233 524
770 622
860 573
66 518
255 218
1 683
677 310
6 7
336 238
684 173
171 68
658 921
912 888
532 162
855 465
593 203
118 195
237 94
576 754
410 845
726 38
815 408
21 917
432 1000
145 266
421 135
898 819
451 83
259 443
102 404
775 427
766 989
642 651
847 837
172 607
352 253
26 793
635 129
720 534
977 70
41 575
606 441
855 772
750 847
614 61
124 49
300 495
683 264
196 824
715 562
53 750
667 712
520 899
920 927
348 842
184 141
264 554
735 680
42 88
419 868
