40 156 30
984 795 3
606 697 4
16 586 9
546 631 6
451 495 8
648 506 8
857 867 8
838 525 9
381 35 8
275 503 6
834 146 5
46 39 7
801 461 1
73 719 1
237 800 4
319 497 4
691 208 4
511 440 1
78 800 9
949 547 10
964 355 3
714 983 8
712 917 10
749 390 8
848 397 6
731 378 7
729 240 4
328 291 2
176 144 3
360 395 10
332 950 8
896 401 10
279 229 4
465 225 4
179 841 10
541 679 2
956 312 7
442 571 3
512 277 7
480 178 1
165 281
626 386
616 450
885 327
89 195
92 209
524 628
201 971
432 266
960 350
55 451
130 933
160 300
869 275
321 999
813 312
453 297
634 970
781 879
884 878
841 179
375 829
430 688
637 875
436 819
176 854
630 331
223 87
656 264
477 732
642 526
300 403
686 401
603 965
94 143
945 534
34 353
769 355
348 570
894 344
851 481
814 571
491 97
752 989
834 829
421 760
823 85
662 465
667 799
962 324
247 632
726 772
311 536
322 693
835 178
540 37
569 783
251 774
894 455
535 681
315 800
324 991
305 783
307 802
39 83
918 472
210 462
921 546
970 519
383 812
471 310
783 250
443 154
423 180
137 868
419 464
99 925
162 501
398 929
799 633
322 946
673 636
226 241
800 686
83 661
693 702
512 625
802 561
283 361
185 845
174 657
211 818
897 64
880 339
177 386
640 966
931 800
51 474
141 126
865 963
911 960
709 4
369 761
297 303
724 394
352 293
770 674
186 88
68 602
244 394
235 440
375 694
379 82
177 670
525 771
623 52
869 407
627 127
679 324
697 155
264 408
120 334
613 991
167 645
380 78
816 274
711 150
166 862
278 454
789 876
247 767
601 317
646 435
874 61
70 622
625 931
808 597
701 616
86 909
519 411
248 352
839 362
845 5
242 455
439 243
127 212
387 244
682 172
285 535
912 30
611 139
196 780
562 916
844 374
371 116
827 823
