20 182 30
758 765 12
900 718 30
59 742 15
54 826 23
801 127 1
55 33 3
852 827 4
303 506 23
1 55 3
937 918 17
617 908 6
422 748 19
804 109 8
16 376 7
505 735 26
232 118 4
503 726 23
689 12 13
428 273 23
403 236 12
997 587
598 468
164 300
130 243
360 478
399 215
269 739
237 264
761 911
809 175
160 941
716 748
164 659
62 683
523 471
617 728
195 640
955 952
494 516
617 176
868 123
399 724
460 646
258 524
25 813
696 767
363 698
813 166
474 573
302 457
602 259
181 145
947 927
368 550
968 265
871 958
494 499
810 855
595 249
425 732
78 504
748 206
524 136
348 855
201 170
55 859
301 183
1 534
384 371
325 828
90 350
203 497
287 178
674 282
712 863
860 297
913 540
454 288
166 854
487 924
739 211
669 971
359 146
835 764
343 930
538 130
241 142
602 281
856 797
416 814
466 372
342 954
182 925
222 915
656 686
163 855
117 947
540 915
141 661
100 515
5 322
254 380
800 260
656 395
755 536
638 892
885 670
452 724
43 976
347 406
363 107
19 748
492 722
885 704
535 256
326 835
743 811
689 67
776 21
900 566
730 266
838 480
51 718
226 675
641 320
477 331
261 421
664 53
458 28
602 284
35 624
182 642
517 42
888 425
416 766
437 773
957 688
525 699
891 890
896 895
621 808
984 155
226 609
689 295
990 833
580 386
907 475
280 787
14 521
787 858
381 49
304 852
761 606
542 347
533 7
260 747
46 93
174 250
447 792
742 58
355 413
505 908
748 815
115 219
981 583
756 713
304 511
907 802
666 174
83 499
236 666
618 632
226 761
78 308
533 24
56 58
206 661
815 401
718 711
200 883
132 667
106 340
486 177
407 930
810 491
255 423
98 476
244 871
222 595
105 501
581 274
923 732
673 281
360 463
126 868
74 398
832 244
476 419
321 903
339 43
701 327
6 269
