120 1908 30
499 1340 9
190 654 25
1030 1224 24
1595 4614 26
511 142 20
3781 4756 9
546 4429 20
2458 298 13
4052 1697 27
3112 1859 30
4165 1757 15
924 1530 2
4214 3471 15
288 2505 20
1481 1016 27
4896 810 17
3457 20 29
588 297 8
3790 582 26
4617 164 25
131 234 4
847 3678 18
2166 348 1
938 1383 29
3408 1486 6
1165 4516 30
1225 167 6
3433 217 21
798 2468 13
4873 2799 28
2499 2773 6
1793 1613 20
3315 3481 19
3911 1120 14
2244 1387 5
817 1531 13
868 3530 12
2467 948 24
405 3197 25
1937 716 12
1724 2298 8
3760 955 23
3864 4725 25
4457 1822 15
337 1082 24
1754 3785 11
4107 1143 12
2936 4520 13
533 4422 25
3308 2933 26
1628 2948 23
4048 3058 6
1248 79 24
2305 658 1
526 3766 22
3033 2740 2
62 2349 1
1537 917 21
1127 1660 21
4344 2487 24
416 3906 17
3040 883 21
3968 322 16
4089 1517 17
1802 2966 6
4544 3814 7
1511 4992 4
357 4003 6
2768 2746 11
4927 1775 23
1291 548 30
4170 161 16
692 2267 30
1667 757 26
2259 1939 11
2367 2096 19
863 2848 15
2139 4943 12
4231 2256 2
3433 323 20
4060 3819 2
2103 169 9
1954 3735 1
3786 3121 20
3495 4223 23
1009 2818 14
2222 2263 21
3260 32 5
1605 2538 21
393 2017 13
3024 3292 1
2743 4905 20
2421 301 1
187 3608 4
3065 1107 22
2775 1725 2
3056 3768 28
941 4187 23
3259 4043 21
2713 2046 23
2436 1751 1
1610 3846 26
3972 1229 19
137 4338 14
1578 4083 25
409 1218 12
619 1569 2
1175 2003 20
2235 3303 26
3425 604 16
4435 4573 30
3468 1725 23
1881 2496 18
1862 1287 1
827 1500 13
974 55 22
3986 4826 5
4514 3344 7
3066 1660 7
3162 648 16
1650 4008
455 4900
610 4877
2800 1862
2638 3986
4980 2415
4080 455
1019 1102
4391 792
1390 2337
2407 1956
90 389
3712 485
1438 1865
1305 3912
291 3196
290 2376
4511 3813
3655 2255
2807 2799
4534 2317
84 2781
4132 2648
893 1122
2384 239
4545 1178
3445 4712
3535 2330
1983 347
543 2977
3710 441
2056 3723
674 4392
531 1016
925 1735
195 1463
2131 436
895 2449
3295 4463
2072 4935
4926 3648
1835 3058
560 3903
2692 1655
3541 3876
1898 562
3800 3401
3462 4094
2990 3144
4724 2046
4221 1768
1955 4060
4176 1824
4566 3974
4542 1233
4304 253
4518 4636
200 3166
1401 1761
1450 662
3652 1447
839 4278
3137 2263
2489 376
1326 1569
630 2619
4401 4431
4832 1278
4835 3314
1651 3261
2350 722
2709 4470
246 238
1506 4056
623 962
4898 4418
1565 403
626 780
496 1822
4414 1970
901 4378
573 4716
2743 3614
3152 1851
1494 4492
1262 723
4241 3145
1545 1840
2742 1202
1814 1719
1929 893
3191 1498
913 1764
1188 2447
2220 2469
481 3673
1158 2222
398 2453
4219 3678
1178 1296
2500 1608
385 2448
3685 72
1587 1912
903 2116
361 3378
3144 800
28 900
111 3182
2228 4743
4959 4339
1936 1374
3209 214
4036 2740
4840 4954
4658 2887
3923 789
2193 91
1289 667
3450 2458
2226 2658
3519 2057
4136 3015
3566 4836
4151 1572
4135 3948
2935 2550
3586 4684
2838 1910
3916 3142
2199 1792
1695 2032
1144 2161
1315 4994
2210 2596
2617 4573
2623 82
4416 942
332 3670
782 4503
2367 4205
4056 2177
2184 216
1885 3887
550 1691
3504 4334
2752 2276
1640 3137
829 3081
3255 4085
1631 477
4257 3496
4462 2547
4159 2739
3375 4347
3796 2642
1705 1696
1996 1619
3442 1817
627 1373
1759 2277
2022 3809
1616 1864
1630 2375
2851 2402
2579 2684
4853 949
44 4948
1700 384
3849 4707
3946 3204
2976 2568
1100 1600
2791 366
2661 784
482 2135
335 1252
2050 2868
3567 2998
4059 4276
4420 3377
1869 4380
3092 1035
2720 3333
3137 2425
2404 2927
2647 4714
2164 790
3667 602
1846 3718
3759 325
2706 249
4381 4904
1875 4584
2094 4941
3306 1142
3674 2585
3071 1769
155 4107
1205 4517
1992 256
333 349
532 3223
828 219
1006 596
2429 3249
524 2329
4365 3330
2944 2819
28 1867
422 2692
3263 425
1905 4474
4742 2700
2019 1383
4588 3835
1032 2709
4485 4875
463 4251
1129 3651
3576 2366
4548 1486
61 3289
2473 4725
93 760
4852 2628
295 2311
1053 1396
190 2472
1888 3216
4076 4457
553 12
4508 4631
1421 1968
1465 3740
1793 4319
1499 1203
1434 165
371 1409
3373 4124
3582 2159
1071 374
588 4745
4584 3674
2023 1395
1291 4739
1364 1328
371 2487
701 808
3576 3851
4269 533
2384 363
51 2151
1076 4821
3021 4967
368 2993
813 1517
3582 1045
622 3030
1488 4307
1424 537
4399 2100
2786 4245
616 2157
3673 1450
2109 688
532 1918
850 822
1281 2305
3834 1065
2180 2636
1479 3732
733 4687
3459 3317
1447 629
916 4221
3257 2109
669 1201
1117 113
4588 3568
3639 2963
125 2932
3138 3137
1021 882
1433 1870
2563 209
4860 239
2615 2182
2152 724
3747 4520
2245 503
3522 4574
4886 1239
4710 2430
1866 2151
3886 3238
1103 7
1267 1527
2967 1231
1167 2746
866 2760
4015 2346
4370 2515
3758 1098
701 38
1710 4120
2144 4877
1634 3430
3901 2563
3166 1642
329 3308
1528 3668
685 1266
2493 2638
1407 2555
376 2978
2842 1225
2227 2279
1957 2827
3052 3832
1234 3119
1306 165
4452 2221
2948 4984
3899 1211
1408 558
4577 675
4189 2350
3066 4367
4665 2319
2434 3825
4337 4257
147 1986
309 308
769 3601
3747 3207
323 4149
3873 2981
3519 4343
3273 4724
388 2894
4086 573
1009 2779
4385 2683
4816 2592
1533 1748
2348 1835
4947 3503
2295 3183
2980 1930
4126 1086
3920 3042
1213 3424
4805 4122
1418 1736
2805 3658
159 4229
3231 1001
383 4956
617 2400
164 3796
2808 2510
3514 947
2002 2400
2357 4553
2283 151
4889 3208
2374 1628
3086 558
4274 4464
1784 1876
4180 3734
693 2975
3098 4936
4259 1678
2120 3599
268 1515
2812 1788
3289 1731
3322 1602
1899 2189
2106 1973
3313 1240
26 4240
2635 4567
4962 1739
4296 3030
1969 2839
625 1107
4018 4436
4594 2226
1002 1008
2168 1037
349 4788
4563 2145
1512 2216
3702 4031
1698 4817
4940 112
1056 1397
3752 859
2069 1955
1260 1884
3042 2092
3566 196
1994 2601
4102 1906
2381 366
930 3169
2397 127
4840 2344
4280 1614
2886 3499
2529 3860
4186 2068
1358 2457
1645 3790
4992 1918
169 3700
3817 1648
679 4563
1809 861
2010 4998
4394 557
935 2871
4095 881
3924 3277
116 2662
1668 2867
2057 2057
2079 4299
337 4100
36 3832
889 1813
1710 3574
2857 4121
142 4021
1518 4248
3563 320
907 1301
2873 694
1056 1472
3474 3629
1768 2373
4918 2216
1839 391
3776 452
1146 4703
2576 1459
3669 2233
4693 4080
2854 2855
1820 3325
4718 1285
3473 169
1572 3798
558 462
2371 4626
868 1288
2206 3409
4514 3338
3488 1964
877 2831
2030 1168
1741 4065
2029 4849
619 2409
612 1874
3944 4997
2365 320
110 2650
2516 4899
978 280
3930 913
2557 3765
2405 997
3380 2777
4369 1659
2345 3811
1363 3494
1094 1536
639 2835
761 671
4751 2007
1269 2722
2233 4257
3575 2014
4725 4790
320 2839
2594 1411
964 2562
1656 1633
990 4280
4392 3175
4948 3735
173 2594
1379 198
4962 1814
4475 2505
949 3276
2385 620
1726 4129
692 3768
2722 3197
4128 737
1092 567
440 1590
273 3174
587 4858
1509 4948
3720 2212
3942 4138
1205 1102
562 1317
2943 1013
3802 4908
2652 3002
4473 3078
4119 1302
3725 1252
3302 4521
3444 3802
4301 420
3049 2632
3554 1394
3908 3783
2940 4340
339 4024
2456 1519
3033 2191
1105 3393
4179 1675
447 2664
2612 2312
130 4528
659 3541
1957 3381
1246 1982
1640 2534
2602 3058
3339 525
245 608
1604 3104
3825 1993
2872 3700
4350 761
187 3381
3432 3167
222 4133
3795 2183
315 1264
1496 2985
2955 4148
3667 3874
2947 2718
2615 2136
1586 4218
1079 3400
49 1804
2298 1572
2689 4655
177 4152
1315 3790
909 1412
562 1681
485 91
2194 146
651 1158
3507 4295
2999 4909
910 2787
2715 729
1997 2896
4483 1925
2564 1718
1157 1271
53 4533
1568 1852
4460 690
1698 214
494 4359
1254 2484
4276 556
4015 781
2908 2628
1562 830
4579 2717
4954 2026
2305 4565
2354 3244
2333 4272
3875 3199
1108 379
2302 1544
3532 1113
107 4274
3695 2238
813 2451
4927 1276
2559 2234
3703 1194
3532 4575
3362 1077
4421 1286
1913 127
3428 3820
1367 1634
4491 3464
2352 1995
2113 3551
1086 3977
1302 3004
1985 2719
2454 573
435 631
1716 3705
1667 4160
1171 1954
684 897
4540 850
2495 1374
371 2599
678 4367
4064 2356
2876 1128
3753 4657
760 4716
2472 2033
3405 2361
1607 2908
1397 2850
1946 4358
4836 2895
786 4180
4714 4254
229 364
989 3532
2436 3029
672 4690
4343 109
1924 1537
4883 4127
4589 1075
10 4444
2814 4308
4766 937
3442 889
4113 1105
1014 675
2462 1795
4177 4490
781 4268
807 4049
3142 4170
1204 5
3257 4892
596 1864
420 415
4736 3781
3179 2634
3682 2727
3268 2951
3507 4965
2575 1580
1185 464
2667 1846
3277 613
4754 1112
3501 1127
1951 4907
323 4886
1848 4712
1617 4776
2275 4072
4300 4266
4314 465
3639 3191
2750 4803
65 4764
138 2393
272 3009
1821 24
697 3348
3774 3558
94 3243
2898 2224
136 4088
4719 4456
757 2987
2317 223
2733 2965
2525 2448
2069 1409
616 2068
1697 2705
3420 2460
708 4312
2149 3743
1250 668
4251 4239
1264 1124
3333 1372
1125 1460
2858 2687
4584 4778
1896 593
4322 214
1390 2522
4118 3813
2368 3774
3615 553
3058 4676
1395 4384
740 1482
2133 3387
2908 3718
1085 1201
3045 1047
310 2568
4731 1118
697 3034
3841 3365
1650 129
1630 4135
3394 1007
544 2456
129 2043
356 3753
917 477
1208 199
3520 1125
1154 4101
2245 4144
1107 1340
759 382
4888 2183
4263 1589
4765 1456
4418 4068
3753 2398
4218 958
2307 2688
648 4544
3788 921
3798 1158
4589 4583
3940 3959
4172 1503
610 3128
4968 1712
4064 262
809 4258
3006 4473
920 4182
1348 3820
1780 234
2053 2217
1673 2357
2823 2902
1438 1839
3247 1003
3737 1293
1020 1396
1892 4357
1885 3139
3454 4929
2434 302
1674 518
410 2699
3335 1322
1511 1254
2987 3106
3944 3786
1967 532
2328 1504
1571 3427
4373 789
264 1104
494 3577
4904 1012
4230 1337
3207 1595
2781 3902
4067 4200
2260 1507
2232 2968
2006 4672
2284 4585
4380 512
2517 4871
4917 599
702 1612
4074 94
1135 2602
4392 2050
4880 1069
745 4850
2702 2063
234 3985
3106 2375
2074 1883
486 1821
3980 2288
2751 540
132 4
2310 2213
3249 2775
4637 1579
2071 318
3273 260
3276 1363
2877 99
1316 3871
248 2783
4874 2909
1551 422
3101 443
2861 3307
2830 269
1321 4279
1602 3598
3417 3344
4738 2363
4852 4560
3803 4157
3693 1669
4628 4194
459 4689
1399 2653
601 1024
1467 1733
41 3134
1411 2434
3426 2403
996 4090
1100 4747
3558 841
2856 4324
4111 533
3367 1927
2047 2311
580 3472
2469 3030
4825 4974
3108 2685
4826 304
3236 2691
3583 385
73 1493
3546 3505
1371 1326
3464 3221
3609 4232
4084 2956
1528 4569
1730 2041
3005 370
3102 2637
1951 4359
2826 4067
1210 2997
4993 1093
950 3360
2952 4254
4639 4453
3662 926
1721 1665
2577 3842
4480 3692
4384 1030
157 4257
842 227
339 442
319 1170
2230 211
2359 3297
4659 1837
1622 3392
1294 1479
2546 3383
4424 3694
4735 424
4686 3437
2647 4954
3594 1165
2997 1299
1981 3792
3547 541
1858 3867
4062 1820
4156 2658
4225 3232
4745 4475
1735 1079
3789 3254
2491 1777
1962 642
258 3084
2398 4955
1222 2092
1588 3006
3740 3653
4533 2020
1742 2972
2091 4589
1514 2970
405 2627
2358 4079
4243 2417
4406 4386
2180 4545
3631 3454
3199 2779
4955 1195
1165 3857
500 3107
1996 1064
4981 466
1400 3834
902 2106
676 3118
4541 4575
3448 3750
2293 2162
1557 3781
2396 4058
2632 1076
2846 557
245 1518
4460 2555
1441 2330
3416 2417
2940 3332
3095 2249
2711 1256
3106 2815
1053 3908
534 2991
2929 557
4977 1239
1722 1451
161 4943
2332 1126
1705 836
2247 2225
4027 516
4470 1855
3709 223
1449 2104
1116 894
3536 2337
3390 4051
2184 1909
1393 884
2021 2329
1398 1833
130 1788
1389 781
3372 3889
99 1385
353 1696
1195 116
4914 2394
3351 4600
3689 2327
1639 1653
326 3627
3917 2595
1786 4576
1281 781
2969 260
839 3909
1013 1780
4339 2398
359 3084
4191 30
4783 3209
3973 1742
182 560
2090 2945
699 787
328 3595
1222 73
981 2518
422 3794
2049 2066
1885 4548
476 3945
31 3856
3270 4560
3454 1813
1691 1937
832 4084
2729 3439
4854 1914
4127 165
354 4376
2703 2661
3516 4804
4535 637
1322 1226
3519 4214
1901 3793
3586 3775
472 78
703 2147
3785 4924
4651 3992
2577 967
3786 980
3207 3440
199 1139
2727 3668
2587 4509
4275 4074
1300 1617
1129 4089
4837 4787
4263 1532
4067 4233
199 1169
3598 109
222 4321
1676 1841
3268 4450
4348 345
4617 2704
3382 3961
958 2570
1005 3245
408 4843
4393 3851
2200 2333
2414 1706
3726 706
577 3709
4011 53
4835 2803
3566 3393
2804 1980
2344 3930
448 4838
3515 3824
2141 2322
3582 850
1009 1328
1367 3529
1185 1920
3472 3570
4002 2920
4761 2604
4114 1387
3574 3500
755 4015
3417 1029
3884 3649
3296 1639
3566 366
4513 2535
4851 4396
4904 3808
2811 1167
1544 1566
718 1764
3098 4649
2379 3555
3503 519
2832 2691
4762 1041
704 304
1343 4995
3752 55
2766 806
3860 2919
912 3398
3120 3759
214 2796
297 3717
3289 4940
266 3239
3429 2152
93 223
158 1066
2617 3506
3486 2441
4679 1654
1021 2846
2630 4700
3952 106
4275 460
4882 1523
1842 2404
3854 4202
1108 1219
4874 4198
549 3787
4491 1207
1949 424
3029 4083
139 1099
2939 257
2228 4100
1037 2532
4274 4887
578 4864
4792 4254
2717 3463
4522 2288
3883 3770
3468 1893
2685 3055
307 1971
3407 3428
500 4017
4173 925
4373 2663
610 3861
111 2322
246 2338
331 1920
866 750
2216 17
2789 885
261 3254
282 2771
4757 2235
1181 1964
2947 1664
4931 997
1091 4558
4552 725
3875 2386
2980 1548
4667 96
1093 2828
3460 34
349 1110
2783 4486
2042 1941
2829 4617
4482 4965
3772 2121
4138 486
3653 3109
3555 3089
790 114
1394 4903
3217 2800
2284 4643
3404 2909
4263 1519
561 4558
3029 110
395 1368
417 4321
2512 4398
3192 2602
975 3197
1554 479
1615 150
566 1268
2163 18
911 1506
4751 2493
1289 3542
1617 3475
4049 897
2281 627
1044 4213
4812 2198
4252 316
2432 2302
2409 8
4534 4424
255 3897
821 671
3916 374
4080 316
3630 1957
4098 4201
3525 3137
3812 2424
3849 3321
2270 3512
1319 1112
2253 2578
1763 1111
2989 1083
442 1357
4743 2331
4864 550
3064 3339
2738 2870
4610 4226
4403 696
2383 4965
4975 3869
3643 1932
2225 4001
2276 729
88 4276
76 4305
2626 2590
4271 835
4509 3834
2647 1812
2374 635
322 2983
3771 1861
962 2497
999 2418
4752 2433
1826 1947
773 196
3905 1428
1702 2364
249 3873
4365 1397
2298 3137
4499 2275
3234 617
1265 1020
4590 1183
1669 599
4715 1760
3491 3082
4999 706
4139 2641
117 1381
754 277
1063 4547
1206 4376
2936 1169
3515 2106
779 3851
3172 3749
643 706
3499 4981
1913 669
2283 2194
1149 1921
1889 2300
2529 3861
864 2025
1752 3523
1514 603
2795 1731
1561 1706
2150 2612
4248 3340
3303 1291
1622 3374
2508 3220
4265 996
1923 4682
88 2273
2610 4108
4646 1061
3003 750
346 3438
1321 4641
54 3249
1097 2452
3583 4045
4221 1891
3730 3256
3485 789
1058 2853
944 3098
4468 2419
1387 3233
42 270
4846 395
4394 1536
3237 120
2046 1989
1023 3373
1924 1057
4659 4044
56 148
3857 4469
2784 1601
2588 1305
1700 4013
941 699
1553 3
2808 556
4762 2610
528 4877
3823 3700
412 135
3005 4742
3752 4479
4806 3747
3605 1858
4060 4751
4643 1919
2326 1908
473 4720
2726 687
4270 2373
1542 4492
579 1361
1108 1140
2870 1641
1129 3637
3097 2517
4851 3031
16 4231
2984 158
239 1537
2874 508
3242 3391
3859 4739
4400 936
4273 1240
3373 3323
1092 1067
3999 4352
1949 2774
3292 1503
2858 1628
2061 3770
418 4408
3261 383
1139 2237
2044 3684
636 368
4214 4040
1524 4664
2728 3162
4056 3695
724 1936
2140 4220
1257 4872
469 147
1836 2350
4917 23
1571 385
2679 210
2866 119
1421 2927
1845 1060
3043 1186
2796 2520
1716 3908
3059 157
3560 2758
1434 4190
3464 4969
1922 4043
4045 3574
2097 3712
4454 1170
1393 882
2035 3254
3614 722
4078 4495
1988 3289
1660 2020
274 4057
856 647
2582 3343
2209 2836
4279 953
3213 833
4672 4977
4227 647
2097 2802
4675 1982
1223 3079
4999 3016
2444 1073
3131 1446
3694 4785
836 2200
2049 2913
3658 1479
1089 4267
396 2059
3946 655
2337 560
540 581
939 4976
309 106
1733 3384
1087 1660
2224 3400
3701 581
1971 1188
4213 693
4122 3427
3616 1019
2279 2568
1993 59
886 2940
4752 796
1483 4181
4071 3120
2457 3954
2137 4670
778 371
1163 570
4355 2180
2503 3356
4465 570
2660 3857
599 1594
186 4394
3057 219
4525 280
3441 3551
3235 3221
1466 3173
4660 2068
1615 1344
4588 3507
2657 4203
1060 874
3937 3924
4579 4214
2529 3653
3259 2576
2323 609
2145 3252
1348 3132
1296 1565
4938 197
1470 2062
2988 4240
2001 2052
1761 3378
4763 3786
934 3281
4651 2311
4312 200
4023 750
860 2638
4067 4515
1798 2128
1124 1673
1470 2477
220 4344
546 4387
3838 4025
4898 447
4336 1742
770 3352
2270 629
2873 1525
4784 2974
3524 3814
1632 3272
1806 2968
680 3290
2145 4121
2452 3736
1526 2196
1179 4231
1241 1448
416 4685
1934 3345
1330 2871
4715 171
223 505
1956 859
300 4325
1573 3402
1432 2758
3464 2200
4433 3253
2223 4806
1725 4355
3911 3068
795 1759
4221 4575
1747 739
4385 977
3359 3221
3095 2616
4609 2370
3039 2857
3430 4401
369 1592
4368 3631
1033 2529
2146 2121
2570 3145
4416 4812
4838 3228
1613 2161
1342 3559
908 4757
4469 942
227 2363
1402 3957
4686 4831
4949 829
1516 3881
244 998
951 1888
2732 1735
3602 308
1276 1527
1334 1833
1238 1727
4180 1818
1715 4413
4673 3606
4276 3749
1171 2784
3300 1766
1897 4751
4866 2560
1706 2
3635 4579
3345 2399
1503 3386
62 4389
3769 3636
4622 1556
1109 4774
1677 4593
1734 137
2196 3450
4635 3726
1244 1382
2137 493
2487 3637
3512 2551
4817 1351
4191 2023
1196 2199
4585 186
313 3016
1036 1811
4965 28
48 2655
11 1590
1038 3386
3151 2521
2546 962
4833 1427
4472 2407
131 4688
4877 544
904 1660
1436 460
1424 3262
3305 3589
710 2275
3629 3583
3463 4009
2607 2829
3862 4830
263 3025
3537 4273
250 3816
85 39
4480 913
438 1197
4061 4958
3086 465
712 3692
3743 2663
2923 3941
1188 803
1447 915
220 3979
1436 2210
1464 1934
641 3459
2161 3318
1290 4772
2428 4773
2408 2581
1074 65
587 88
4817 1540
1792 1794
4751 1469
1912 2623
3887 566
2504 3808
2676 3515
2201 2900
3952 4212
915 4306
838 2562
1756 224
3007 1291
2453 4317
2318 1993
1864 3761
32 2780
4801 1418
4095 2499
3784 897
320 1040
3197 635
2775 1159
1670 1592
3584 280
4066 1326
4283 249
3529 4646
3842 4171
1549 1300
3200 4821
2161 1444
3712 2771
134 4859
705 4461
4109 435
1399 3923
2158 2165
670 612
4601 4559
3410 277
693 2778
3242 2048
2423 1004
616 862
4621 998
298 4751
3926 357
4189 494
4786 900
2986 4316
769 1703
1961 2430
3107 284
4516 4656
1397 2647
3448 4025
2144 793
1409 243
2919 4891
118 3142
3970 2045
4891 3608
1987 2922
489 2663
437 280
3462 4973
3680 3156
3807 2013
3304 3132
1195 3843
2368 517
3444 2148
1211 1815
3025 1686
1436 2729
376 3640
691 997
3720 4848
4701 2714
2947 4787
2334 1301
2244 563
4122 2644
4874 774
3627 3479
4354 3052
3726 1218
2959 4678
3227 2427
570 2848
1244 4685
1409 3905
368 3268
1378 3964
293 4958
4460 3518
1851 2262
454 2154
1649 3770
2523 3402
437 1436
3093 1690
1974 4362
1214 4331
1989 3867
3111 3532
3285 3196
623 4293
695 4266
430 4381
863 368
4279 3770
1750 3076
1965 3489
2614 3460
2170 2147
1495 1621
3057 1089
1610 1548
2998 4757
999 541
2926 4482
3419 1601
982 2596
4508 595
1109 412
3691 308
4523 4363
2104 177
2291 2827
4138 1329
2396 1450
4239 3661
1107 3048
1013 2723
1230 3047
1763 424
4091 1569
3799 4894
104 2058
2609 4630
950 89
672 1180
793 3955
1486 4485
3827 4389
967 4619
3632 4941
2201 1494
3559 2
155 3618
3182 308
2420 1234
481 2776
822 3649
2545 4378
1270 1407
3130 1033
4539 1199
2397 4068
4184 3264
4311 1646
2251 969
2916 4859
4795 3272
4698 1684
1045 4563
1094 4268
4778 1517
4211 114
2360 2785
1440 1372
3648 982
2750 737
3517 864
4017 992
451 4249
417 1842
1516 2231
459 1856
1277 3181
181 3650
3179 764
932 2091
4531 274
2085 1944
468 4476
1495 736
1069 4315
526 3877
4318 1868
4989 2961
324 237
4001 1941
2764 986
3319 2189
3984 2713
4465 3468
2143 3592
2513 70
3182 2110
1560 1418
913 822
3758 4028
2856 2587
2522 1613
1501 4964
2070 851
752 378
4837 3567
2862 2327
3890 4932
3467 4511
2527 1577
3500 534
4900 2243
1071 2438
1878 617
2840 1045
4209 1603
2413 4085
3085 1824
3124 936
4248 3471
2428 3286
995 1133
908 2608
4676 4624
3561 4160
999 2471
4781 2213
2116 780
1831 4372
2985 191
1554 555
433 1953
2946 987
2612 3792
4026 4909
1886 293
4393 1356
3889 3837
4189 784
3827 460
2792 1536
1877 806
3384 2414
4575 355
1961 3613
2419 2932
1399 2770
1061 3935
277 1034
1967 713
2927 1209
3629 100
3620 3979
1754 3215
1756 515
2170 734
3783 1579
1827 1531
1832 1138
1592 509
135 4903
228 692
1776 4891
4959 3335
4024 3679
2899 174
191 249
2850 2453
3877 2717
1954 4879
649 2073
294 4921
1901 2315
2392 3595
4969 3792
440 3328
958 4774
134 2475
3277 4850
4219 1763
1205 2498
3473 814
3578 4879
1801 4826
3647 4944
379 3801
4731 2661
1641 1149
4774 1991
788 364
3004 1545
1103 995
3862 4790
1307 3021
4854 1441
4593 2627
628 4881
4248 4866
72 935
2809 3228
699 248
3212 4179
4689 3218
1134 3451
909 4658
2214 2372
4585 1101
1397 105
3168 3586
4925 2468
3964 2502
3159 4933
3136 4712
99 2168
962 3869
2709 422
4332 3055
1149 2606
4518 2072
3614 1040
2628 1185
2766 4226
790 4380
122 490
4491 1539
