70 1146 30
3938 1554 19
1173 4028 14
1165 735 27
4522 317 25
1488 3823 13
4976 4587 22
49 1647 21
2923 402 9
2112 4002 21
1423 1561 17
1521 2405 11
1430 899 12
1402 43 29
1581 4146 15
2794 3287 17
2055 1624 21
877 3926 15
4186 4248 18
2602 900 1
2049 2561 10
4112 1680 24
1824 3136 13
1577 2258 4
4773 4646 9
1685 3774 15
560 1301 19
1449 2426 11
2212 4397 20
3847 2041 27
3933 4307 1
410 2473 14
2271 2375 5
1670 3670 27
3069 4008 10
3740 1931 2
2994 2753 29
1870 502 9
4800 4224 29
1505 2636 20
995 804 17
3038 2369 26
2399 2517 21
852 2417 15
1507 2096 25
3392 2838 16
1694 2917 6
2085 1360 3
2057 2957 13
3599 722 6
102 1110 5
4742 2928 29
1299 4145 25
4542 4304 27
2053 3064 20
4650 2644 28
458 1150 1
878 1537 24
4062 1862 25
4362 3913 23
1628 4804 20
4737 4385 14
877 2907 11
3265 4554 22
1369 4322 7
955 4214 20
3379 82 2
364 3789 14
924 70 12
3792 1530 19
2932 2682 22
3983 4554
3222 3339
875 1942
3754 1595
4986 2292
4992 2406
3491 1738
3622 1387
4699 3311
1310 4512
3729 846
192 3058
2983 990
1206 558
1413 4357
7 824
3064 3758
2196 2718
2287 3192
1229 1231
2709 3366
557 1291
3319 2305
1501 4703
244 2234
3036 1728
1119 489
4884 3467
4994 3648
4360 4271
4967 451
264 1737
2285 931
163 3755
811 2266
1395 3788
911 2010
3905 4305
3462 4050
4773 1279
1824 2562
1349 4936
4860 376
2067 12
1383 4951
4569 2598
2583 2897
3293 1985
3697 203
4790 1424
2419 2569
2531 246
2410 3643
1595 4457
3189 387
2358 1635
1943 3026
2616 541
1036 1952
655 2152
2770 317
732 1946
1608 3196
1921 3710
2216 4316
4952 653
626 3941
1281 2734
172 3968
3710 4585
2500 1597
528 3485
4805 3987
1421 2883
2292 2365
4994 3662
1246 1816
1384 3223
1501 909
435 957
453 3163
3169 4600
1826 4897
3405 1872
1496 1300
3909 4439
3341 228
2450 172
1515 4490
2546 1539
2678 1261
4338 2828
72 2095
362 2449
3494 1832
730 2556
1062 2400
1413 2960
2577 4635
3816 3139
595 3786
2942 3044
3612 4100
2987 2005
4694 654
2745 524
1518 1754
3672 4453
659 4036
657 577
3874 1216
63 2477
45 4147
661 4964
3535 1124
1061 4638
63 2131
2023 4194
4121 4758
3806 1181
2086 2185
781 4996
4919 3392
4791 3960
4337 3420
1806 2112
2260 1106
3151 1373
2515 3225
3961 2093
3855 126
161 1858
2013 2234
460 3534
3213 2002
2096 439
4471 2205
82 2915
3905 3423
1510 435
3740 4649
3193 2115
491 984
2974 1952
4008 243
4755 1377
2451 3272
207 1393
302 1609
2510 147
1205 2233
261 3411
1860 1478
2245 1915
4810 596
86 3929
53 2142
4075 3003
370 1204
4733 2288
1128 859
4580 4851
2963 3730
1059 3175
1763 281
1730 4274
2938 2434
1488 1919
212 114
1285 4283
4580 3198
3033 4751
208 958
4889 3188
4169 2385
4964 4497
1649 3218
2065 1793
2751 3701
1614 209
1429 2408
3051 1509
2678 1350
2211 4107
2472 3401
1421 936
1901 3700
3339 3260
3429 2178
3956 4864
1854 538
3817 2223
1941 968
4958 2015
2892 3639
1592 2860
521 3739
2463 3007
2283 2548
311 2219
3453 3188
1652 2385
528 2516
1615 1271
897 485
4964 643
4275 1271
1227 3684
1057 3351
698 2720
876 2605
1346 4520
2415 4835
1335 1465
4276 2996
3045 4935
689 4898
3767 2455
2942 601
3046 3356
2180 3680
1406 1991
4329 36
810 4286
2228 2028
1226 1046
2520 2605
1420 1664
1520 2215
4375 4240
1202 2571
2311 4816
1716 3515
3268 3796
1082 1383
3401 1400
1106 2983
1662 2874
3406 2525
4885 1776
3334 4507
2651 2831
4187 891
3716 3877
950 1564
4508 4868
4630 1010
2414 4695
4002 3512
2455 248
140 2603
1886 1362
3482 379
3061 3022
555 1645
1501 3110
1817 3729
2720 4054
846 1940
4026 3284
4104 3650
2161 2172
4086 2845
1206 2237
223 4794
1052 3120
2460 2049
4975 1133
2444 2701
1644 2947
163 3808
3439 2493
4249 4993
1369 685
1880 4423
626 3914
337 1833
521 2728
731 4988
2345 3675
3405 4017
2413 1004
3782 1635
1427 3948
3234 4664
3906 3311
3898 3252
3572 1327
1544 3287
1676 2565
482 3379
1014 4919
728 2947
1130 4688
4800 4443
653 447
4316 1101
4101 1453
4270 1776
3808 2205
3875 4289
2389 3706
3857 3622
40 2390
4832 4747
2807 2975
716 1926
2746 4990
2672 2839
2368 2932
857 1936
4260 4657
3070 4157
4493 1199
2982 1090
3986 4620
4152 2919
2770 2490
977 3068
2482 2881
704 1129
292 3930
3802 2556
3278 3925
1338 2187
1758 766
2424 3445
1749 3442
3005 1444
163 954
1950 3852
3300 4783
2323 3877
1385 2058
431 1469
577 330
3780 1276
636 2844
4643 1597
140 2545
1982 954
1523 2613
2504 4310
285 3651
4506 1686
4809 1280
1965 1628
4182 3851
3179 2585
370 1296
2990 4459
2146 4403
4516 4336
3447 1903
652 3306
1792 80
2886 3859
2696 816
4943 2615
4332 1755
3538 1306
828 2754
86 1975
1832 3903
3961 3657
3584 133
263 1555
184 3584
4735 3910
2476 1813
805 4918
2091 2053
134 4973
2318 3965
42 4427
4567 3336
1858 337
1353 2313
1951 2563
4691 541
4971 3257
908 135
162 2176
1320 3489
1802 3915
1977 970
1228 4884
3269 3092
2373 910
2493 3665
4152 1413
4006 3848
3915 3041
2674 1098
1531 3424
85 278
4303 2197
3239 752
3194 3108
495 4326
812 2053
529 4698
4005 4388
1257 209
1204 3483
2509 4484
2699 4957
4270 2183
2960 410
3638 1516
905 1770
2607 2168
1977 1199
952 4071
994 191
2575 3138
1118 4734
2918 1899
2127 4408
2856 652
571 4196
1537 1828
2827 2386
4232 1773
3265 829
3727 2342
1426 829
2962 959
4694 2026
4455 3528
1098 1023
2995 112
4404 912
366 189
4800 1390
1227 2830
1470 3483
3485 964
3527 1741
3127 1514
673 1395
318 4797
2426 804
1968 2128
3047 1925
3838 2150
1026 4275
1842 720
697 4355
2893 4933
4301 441
4562 993
4066 2500
1363 1862
610 3455
2088 2920
3027 649
4277 3344
785 2199
1714 3753
4462 1056
98 421
2490 4551
2015 427
4843 2010
4056 1177
1462 4272
477 4865
921 1517
1130 2296
1379 1093
1905 1606
1330 1294
3090 3953
1882 4887
4442 2595
186 2091
3811 3638
2683 924
2548 2494
2636 2651
3681 649
3840 4217
787 520
4656 3381
803 74
2325 4377
3433 3377
3334 988
3698 158
595 2591
2461 3912
3453 2383
1422 974
1462 3646
2801 3052
2423 3937
4583 1935
4122 3337
162 4205
3546 3155
1542 2994
4327 653
3552 4949
2452 1985
2995 688
954 1395
2040 52
681 2858
4330 4780
1210 2030
3511 2415
2422 208
4589 283
45 844
4705 1989
4644 903
2042 4444
2131 3846
4684 1657
3574 434
2200 2176
2119 3666
365 2846
3771 250
3712 1866
2192 2909
1849 1904
3376 890
3993 4938
4171 2307
3956 4177
1454 3646
3671 2700
2026 3078
753 2781
4914 1579
1756 2242
1624 4788
3393 1173
2991 502
274 2325
406 433
677 1685
3558 4833
2131 3097
2720 3937
38 2649
708 1433
4703 1162
73 2073
2615 189
3632 865
1193 1681
4150 3694
3088 1575
3764 2092
1293 3466
4544 3666
1301 1961
3236 1903
2163 189
2747 4591
1882 2456
283 3329
1207 3442
2073 3749
2177 299
4464 4011
4834 3839
2423 2177
1841 306
2940 2308
2617 614
170 4499
2753 173
3005 3875
2033 3519
3774 4223
3491 2802
3129 4005
466 3403
4708 3691
2645 2124
3479 3989
1505 4884
2075 2185
3503 1064
2034 3784
4940 1209
2109 2505
1699 4353
4602 335
4419 87
4652 4971
3329 3671
9 903
2734 3437
4858 2867
155 4785
1224 3653
3033 3566
2118 2270
2925 4528
2293 1961
3467 2
428 3775
428 1295
867 2899
1813 3323
719 1000
2429 1997
3008 1258
1846 2577
4562 565
946 2332
3285 2937
1494 3050
3608 1155
1217 3079
2586 3503
3092 864
3943 3574
4712 3087
4338 2532
282 574
52 4406
196 823
318 3240
141 885
1262 2633
3257 4069
3118 1212
1806 1478
2877 4444
3936 1173
3508 3474
148 2299
1204 87
1854 615
2976 4267
221 616
2261 3668
3309 4612
2204 877
311 1700
3536 4215
1110 2397
1444 895
3776 1006
1646 4077
3635 3406
2834 1771
1396 880
2411 4534
1755 4030
317 2006
1847 1379
4840 533
4502 1563
3065 4102
3956 685
1744 4141
222 3090
3569 2801
2839 198
1330 2194
2383 3672
4921 3395
2622 263
468 770
3704 3569
3477 910
1355 3589
4433 1312
2143 1692
4422 2911
1531 4701
3795 1703
4269 1279
4676 235
3550 3955
4685 450
356 630
4650 115
1207 3706
3386 2077
3447 4462
824 2206
3830 2862
725 174
4473 3968
2486 3429
203 1053
846 213
2043 3116
4156 3511
2480 4882
2203 1225
2601 3036
3034 4935
2569 4014
530 2183
2385 4439
3390 647
4750 2392
3049 168
1108 2439
2702 3149
4158 4893
3516 3466
2863 492
4803 1422
1771 3171
796 663
658 2912
2811 907
4437 1529
612 1101
871 1586
2696 1153
2894 792
3073 4400
3558 3512
3354 1049
490 1114
2978 3808
735 3617
4919 4457
3685 4062
3712 4165
4852 3816
692 1628
4189 4760
2435 3121
1689 1094
3967 1155
2514 946
4298 605
2670 3458
3961 2848
249 1147
1197 1680
1045 786
3097 3662
413 4347
4721 4961
833 56
4386 1299
1028 4162
1074 1434
264 4097
2007 4144
2281 2889
2274 1103
520 34
3230 666
1184 1593
1750 3915
1006 1254
1659 4871
4155 2676
2711 3631
390 3790
4057 1311
3063 3434
292 2397
2958 4424
4060 852
4115 2936
4138 1390
868 1685
2448 622
4081 3841
717 2029
4179 257
3829 1927
1634 4920
2586 414
3163 2198
981 326
3945 3603
4227 3716
3672 1200
1012 1109
442 3700
3441 4788
408 251
3028 4402
1699 700
3999 4860
3898 4828
4159 1658
4271 2132
343 3070
3533 3800
2944 1901
245 2276
27 2366
1269 3124
1985 1889
2440 2678
3856 2336
3524 4083
3646 1190
3238 4218
3907 660
2966 59
3135 4931
4681 743
803 1077
1876 2672
1228 357
4709 844
1155 2264
1118 3206
2060 714
1867 2874
4848 2212
1929 3310
3284 2784
4740 1832
4416 566
3215 4935
2539 3290
695 714
792 3640
4469 689
3806 4458
1250 3395
2394 880
1522 3945
1534 221
481 3234
562 1947
2811 4877
3083 1552
4010 2348
3395 4282
587 242
1303 4279
1831 4184
2265 4792
604 1819
643 4395
2480 4580
4118 2106
4304 1665
1 3926
1611 4640
3461 3736
2823 1090
274 3168
1951 3636
1136 4097
943 332
3656 3602
4627 1809
4553 183
1857 2123
2972 4410
4705 3622
3088 3075
4416 1854
867 4439
1184 322
1757 4861
1967 1208
2431 2251
2054 2453
4636 2950
63 839
2768 846
2626 4781
1342 3719
1991 2878
2001 3486
2157 949
2645 1920
4584 606
1868 1604
3425 2502
2464 1984
4443 3497
2292 1793
1624 680
996 4213
3811 1997
22 1731
2248 73
1566 2895
3887 2584
2441 1145
4612 901
3214 2862
1100 667
2300 2184
1950 1424
642 1528
1382 3325
3749 3242
1482 1267
4188 2504
4785 4644
309 2860
1700 4818
2106 1397
2532 4496
3264 4980
4504 1912
4414 2583
1646 754
4491 711
4319 1096
1074 568
170 2812
3538 4024
4396 3491
3917 2454
1444 3832
4420 669
1076 1166
2194 1776
3511 4197
3266 1880
4969 3503
1741 1895
44 580
217 4960
1420 4972
3341 909
4445 1727
1365 3267
3547 3551
2272 4918
3756 3077
4318 2676
530 4757
1215 2637
2383 4266
3442 4839
4098 4419
2295 3939
3596 4126
3408 4638
339 4083
4623 4019
454 4255
2024 2796
714 3134
4139 1780
3616 2284
2513 3399
2744 4909
3216 2326
2272 2906
4826 4051
3456 2995
1257 2237
1992 3486
935 4322
4071 3526
2347 3931
2218 2576
2258 2601
1882 405
246 2071
4549 2171
3429 4336
3088 4439
1617 3794
4955 601
2332 4026
3393 2014
1874 1910
1445 4862
267 121
4644 3729
1383 2102
814 1023
1659 1011
3138 3104
1672 997
133 3531
2023 4734
3741 3093
579 2256
4170 2704
2379 1629
31 4704
4123 3887
4889 3926
1862 1163
2680 1173
2805 3872
4302 2087
1447 4797
3240 4531
1037 3939
4953 768
1891 3682
1220 1582
4677 3118
1341 3525
2256 2548
3016 2041
4221 4416
4247 4903
4664 4614
2131 3132
1855 1009
2419 865
3058 3200
278 2548
3598 72
184 4943
1088 1948
3883 2669
3484 601
4892 1755
3728 3020
1449 3841
617 2415
2486 1264
3261 3954
4336 1854
3037 1498
1552 2803
1011 1346
823 1654
3055 3870
1905 2407
140 2579
4805 505
2214 4664
4472 4010
362 2083
983 1849
4405 3167
4686 4432
2447 2250
3889 1723
511 1498
2030 4137
3555 517
1854 1542
263 533
2625 2208
413 813
4860 456
2928 2841
1043 4321
3200 1387
1766 2787
4289 4808
178 3977
316 3163
1319 3589
2401 2362
4342 3332
2381 3890
4851 1733
3457 1262
1004 1930
4022 103
2964 4898
2854 4582
3802 607
1674 3327
170 3750
4838 2882
697 2957
561 1446
591 4855
4903 820
950 641
3493 589
2713 420
1805 3437
2562 4729
3185 837
2677 3816
1598 4638
2632 79
3626 3510
1220 984
4623 2163
4241 4604
2204 2244
2364 667
4640 4489
835 711
4324 2327
582 4098
2337 2090
139 3280
3058 1993
4306 49
3145 2943
4500 4900
2402 1847
1658 4153
799 4207
4008 3029
288 1289
3418 2081
1896 569
3927 1986
2116 2238
1709 2353
4571 315
746 1040
1242 3100
265 2877
3085 3114
3233 4814
4442 2864
2751 2157
4668 4200
3759 1269
4246 3792
1169 3404
89 4958
4892 2162
2497 619
363 4207
3324 4605
2168 4952
3009 29
2744 2212
3398 1961
4916 4187
2266 4272
3755 415
4398 3252
1337 2927
953 1824
1303 4850
1179 4232
1913 1252
3679 204
1294 5
1088 1472
3909 1430
1801 1266
141 3742
