20 82 30
107 350 3
603 349 3
32 457 5
217 379 6
862 680 8
997 438 9
205 782 10
508 608 2
691 654 6
393 762 7
237 236 4
756 305 5
561 645 9
630 23 6
90 280 8
771 518 6
498 516 6
63 946 8
671 704 7
263 187 4
492 911
756 38
289 927
906 76
762 133
994 655
804 724
913 659
802 381
230 57
882 588
372 477
312 528
184 92
551 892
558 185
291 429
11 637
638 345
367 469
596 752
539 27
767 485
555 62
604 603
865 724
258 958
409 822
669 385
59 483
952 95
92 533
271 331
759 438
317 201
200 370
916 432
352 175
669 81
461 909
447 427
894 953
501 198
476 688
577 168
356 351
55 729
581 46
896 48
458 315
429 495
667 653
812 124
452 885
880 533
984 990
284 507
586 185
900 809
800 550
995 374
131 591
498 460
676 700
182 346
596 768
478 111
70 716
356 978
660 142
343 412
933 685
349 73
733 861
122 50
220 566
983 951
203 673
955 828
767 96
32 966
16 883
