70 374 30
3224 2236 9
4743 4335 22
3935 3214 6
4858 2489 4
301 1609 11
2590 3527 28
3421 763 27
814 1450 22
4977 2109 12
4573 4004 11
2152 2763 20
2501 4913 9
2321 2208 4
3809 3637 13
801 331 29
299 4345 28
1343 1869 27
1148 1016 21
3389 1917 22
2194 2426 20
2699 1892 18
2335 4040 10
1930 3511 27
241 347 9
263 420 25
2312 23 22
3909 3139 21
2410 4027 27
4874 1728 21
618 1499 11
4924 3851 26
4192 1084 5
4313 3234 8
4456 1520 13
3340 3813 20
4162 873 15
4896 544 17
2260 283 22
4371 1978 19
2552 2220 23
1634 856 15
4858 403 20
827 1941 1
1095 1008 4
2390 3816 4
4451 3724 7
2609 1243 16
2078 4777 4
3726 2723 27
34 3112 19
1425 3962 25
2428 1149 19
1850 2596 3
3222 2443 16
4470 4218 25
1054 3173 4
4388 3850 5
3823 2352 2
708 3903 12
3137 4997 25
2402 4490 8
2906 3772 16
3755 2209 18
3749 2708 5
4092 2046 26
1691 2087 27
3710 2988 12
998 3840 26
3087 689 11
3251 3348 13
2202 2168
4123 259
2112 972
1312 3552
3092 424
2218 4496
4581 1326
740 4565
4445 1631
2218 1829
4899 2769
4912 3064
4965 165
3347 2373
4592 2051
4749 2465
2081 3167
1187 3522
2529 985
2961 611
3821 1690
1292 890
4476 1076
1477 1576
3996 4697
603 1075
1517 2304
4136 2698
4094 2536
2314 4380
569 943
2210 479
2180 4279
4512 1486
1527 1961
1169 1952
4129 475
2575 4052
2740 1707
1371 4472
4456 3660
149 3536
156 2119
4323 4345
2143 2079
3080 3819
1017 3942
4492 3004
3600 4245
3475 1873
3419 276
2013 3460
2354 475
1602 2791
1495 3179
535 1757
4058 1009
3703 2937
688 977
3225 2686
4358 2135
3871 3483
660 2495
2561 318
1350 3141
333 181
4501 3389
13 3253
2105 2064
1899 4704
306 1569
3376 166
3703 4513
3948 1501
595 3414
3365 4093
2013 3148
3601 1055
3667 3242
1023 3436
1830 3696
1082 859
1813 737
1251 1416
1520 4305
4163 203
442 4904
4194 4057
2605 712
2096 2130
3404 567
2189 4970
3691 2959
1742 2099
576 1539
631 155
4617 1016
1607 3850
1520 2159
2665 3611
4236 4601
363 406
3669 801
1114 3166
388 2789
2762 3023
4259 4491
3689 1095
352 278
4647 249
2107 14
4799 123
1917 3399
1236 3061
1653 1683
3015 4453
1722 4611
1724 1033
3491 747
774 2201
4754 3639
2010 1246
1789 1100
2089 3342
2803 932
2254 867
4318 4869
3723 1658
2633 4598
3578 1104
918 1394
3712 3865
3990 2196
245 2464
4884 1571
1857 1349
3184 822
3079 2588
2227 83
578 3819
3241 87
4094 1365
3494 3267
3960 723
2202 3600
1822 1809
4365 3567
1810 4101
4255 4075
4975 2067
3075 469
369 4700
2710 4687
1317 1995
306 194
4047 4499
2320 3603
961 2338
2196 1755
3784 2241
2136 4655
428 4927
378 1019
2226 1882
1326 138
800 4538
394 4213
3074 3218
3092 1483
3696 3478
3190 3117
4627 960
1657 1349
4316 4434
4135 2334
2719 2397
4801 3466
4333 659
1257 2424
1674 2998
2624 1285
3661 3325
750 3525
1233 1480
2748 3340
1748 3391
1347 1866
4120 4557
1387 4116
3272 3713
573 623
763 441
3361 1028
1231 3121
3292 2918
1656 2694
1997 1985
151 1058
1785 4595
2875 3410
4301 2033
102 3620
3293 2740
4943 1732
315 1283
512 2213
1835 949
859 2531
4508 4443
4584 1450
4742 1851
1778 3039
1553 4325
3229 2249
4504 2359
4170 4656
2225 2143
637 4821
4407 4554
3894 2845
1578 3059
3088 965
2632 2569
2847 4707
2559 1701
852 3770
4137 540
2441 1136
3680 2350
1037 984
1474 3076
3258 1601
1234 195
1367 1848
4056 2448
3508 1499
1091 4989
1921 4729
1058 3487
4521 1495
549 600
2774 1538
4402 2104
4169 2483
4831 3170
1652 1403
4893 3788
2 4718
1819 4524
625 1576
3506 2725
1673 2694
60 2263
1967 2033
4952 3554
2033 3699
3518 406
434 4682
1449 4309
369 307
3457 432
4506 4066
430 1099
3802 2496
4616 186
4022 1978
3890 4423
1268 3779
1337 258
3848 3880
2275 3555
82 298
423 942
4585 1162
4925 383
1966 1
886 4025
1778 4162
790 4131
1001 2075
550 766
50 4031
2129 3029
1076 639
2271 2981
3113 4139
3256 2131
1146 230
4203 4161
3142 1722
4663 4450
3962 1883
3338 1821
988 311
2046 3921
1968 531
1333 1366
4662 941
1845 4983
3255 4120
566 2014
1288 478
3923 3313
1142 873
3030 2197
3833 1802
752 1275
1549 2376
2300 386
166 773
2010 19
4828 552
229 2016
3085 1915
3676 2180
2140 259
980 2359
2370 814
4503 3773
4286 1232
953 2288
4577 3154
3226 3140
3015 3387
2338 1890
2946 2299
4668 3547
4443 2148
728 4872
3987 3628
180 3926
2137 375
127 2884
1718 1357
1143 2450
4402 3827
4857 1781
2707 2323
4110 589
1170 3102
1460 1447
1998 3800
2401 1017
1654 3025
2890 1492
4999 2859
904 2766
198 4311
1825 536
3906 194
560 1699
560 555
1658 4493
857 1125
2218 1850
4141 1366
656 4154
2100 461
1512 1733
3387 4513
2708 4697
2009 3537
4843 3157
1674 2911
4024 1798
2472 3776
412 1385
2967 104
1058 1082
1954 753
4851 2760
1916 3936
2846 1604
2057 2927
