100 525 30
2557 1026 18
69 2535 2
2271 2485 22
683 2673 29
2297 4407 7
3677 3976 29
852 1744 28
3614 2804 16
3265 3366 26
2444 4332 5
2996 1752 23
4927 1245 24
2158 1334 12
879 2775 15
1210 3010 10
4807 4913 18
1794 3476 11
232 233 2
552 639 25
1919 2850 20
2418 4076 6
2909 2966 7
2258 616 3
321 3186 9
1093 2021 30
955 1574 9
1926 145 14
1902 978 15
1698 2669 28
883 1775 24
1908 1953 12
3480 608 27
2741 1285 5
16 3569 13
3654 3604 29
1847 1531 11
2012 2897 22
944 3968 8
4672 3288 19
1898 1201 10
4280 204 21
1481 3261 24
1975 4776 14
3844 4907 28
1007 3593 28
2874 4106 14
3594 1010 12
3221 4682 16
3784 4557 26
1465 2889 13
70 4178 19
3901 4893 12
3047 2272 4
4911 545 27
4388 3260 30
1841 2177 9
3696 3467 5
4310 955 23
2450 584 27
217 4129 2
835 3790 24
2501 701 3
2768 4378 20
1377 4621 4
2940 726 3
1014 1239 2
3435 3524 17
2192 2089 4
883 1939 20
2408 1765 30
3592 4209 15
2191 3691 13
3959 1657 23
3652 4584 18
3663 423 25
4436 4640 29
1841 902 28
1410 228 19
3487 1863 2
1835 1377 22
670 287 13
1076 3955 2
80 4096 8
4783 2857 2
586 4775 13
4031 2923 24
3497 3611 16
1448 1041 30
3729 3171 2
4888 3023 6
299 3272 24
4461 838 10
1119 3157 11
2929 2772 20
2067 2972 6
3586 2011 16
789 4812 5
170 3363 18
4061 2358 22
1699 1527 8
3029 17
1576 2132
3445 1323
2395 2778
3368 3641
2306 333
2479 3287
854 118
444 4359
3354 2846
2391 643
2527 356
3442 2945
4833 3603
4991 1682
2314 4193
3358 3083
639 4766
2152 3264
559 4899
2042 4640
2176 3705
3988 1129
4282 12
682 4164
4983 1324
1467 2242
3136 3514
3320 87
4976 4876
4710 1384
1201 601
2445 1782
2625 2707
293 2841
4406 2477
942 527
3374 400
2907 1910
3059 755
3357 249
4603 4326
3303 3446
2255 922
1608 1011
1826 4764
1070 4814
1624 1235
4915 3330
1208 857
3886 2689
937 1254
27 2316
1845 1060
4014 3466
3586 3756
3891 1743
1255 2835
4837 4024
4074 1910
751 3755
2660 317
3082 4794
3832 3195
1096 689
4812 1351
3047 2350
3389 4605
1215 908
4204 335
1126 2272
283 1364
4229 3189
354 4511
4128 4146
4100 2352
2683 1867
1767 4483
1036 1205
1225 4444
2735 547
3020 4611
4493 3248
2647 140
150 2391
1156 2100
324 2922
2211 1526
4053 1140
1535 1528
104 1729
4332 179
3063 2474
4735 4612
472 1454
3833 277
4363 158
3809 3093
3413 2976
2347 2955
3467 1984
2059 81
878 4909
4756 1989
608 4216
1783 4430
459 1233
1220 384
4839 2711
296 260
1976 4118
2660 3760
1899 3477
929 4292
804 2095
2505 870
1951 3065
3071 4716
4069 692
1051 2684
2169 3924
2071 895
3333 2049
3218 4198
719 1069
3011 4737
4495 188
2837 474
1072 1491
255 1928
3062 123
2987 2720
2881 4713
3298 629
3836 1090
4578 1140
101 4591
4635 3253
4291 4588
3485 4666
2773 504
4936 4502
1386 4051
4891 3258
547 3240
4429 919
2183 461
2894 3324
4663 1432
1290 3835
3502 2279
3223 4281
1955 2704
387 1526
3262 1607
2445 1249
2832 2076
1612 1334
1429 3219
2456 4882
4944 1019
673 726
3082 4503
2271 3079
544 4033
4482 3377
1393 4406
3206 4352
4738 4935
124 4962
1436 1567
2963 1133
3383 1378
2099 3225
4029 2756
1127 3653
4870 3469
3894 1857
1676 686
1103 4899
1739 2167
2687 3808
3867 4111
2039 921
881 878
1021 2306
1783 3507
4097 2107
1434 341
4739 253
1901 1336
4904 101
3305 176
1995 2647
608 1695
2465 1557
680 3349
4734 2747
4166 1508
2213 4815
1776 4903
4900 4075
1226 2261
1059 1608
3079 4428
4676 3543
2425 2355
675 4759
275 627
3683 3707
296 183
3896 4087
1951 4720
4414 2516
3430 2178
1270 377
3974 1194
1809 606
1500 552
169 3315
3826 2508
973 4000
4808 462
1959 4169
3409 4563
4654 3322
4248 1842
3391 2826
1774 2907
4884 3210
1051 2015
4054 2152
4695 3796
1333 4263
1680 43
1066 3528
1464 2123
3516 4864
4498 1980
152 164
3084 3464
1445 4632
1173 1620
1809 1584
1502 4830
4436 1415
693 1574
2324 117
1217 4973
4287 3098
2820 60
4159 4973
4363 468
1294 4304
3782 1338
4281 1647
4548 1011
2957 4758
3381 864
3419 298
426 1016
2203 768
2158 2192
1085 1715
4773 2021
2530 1760
496 4402
3389 171
3598 1935
398 3336
507 3914
2619 4052
1813 1196
4117 3000
1669 2319
4929 4664
1061 1181
4870 2418
165 1564
4486 2060
1918 953
750 3180
1337 4813
4738 4296
972 2764
2111 3022
305 4053
2300 2992
566 1830
2098 2063
383 1108
4798 3385
1611 2176
924 512
4687 3044
1524 639
1228 3543
940 1954
4152 2573
3317 2378
2505 4726
4991 210
1556 173
1133 2087
719 3909
1238 1950
2442 3995
966 4540
2922 2232
3114 46
3076 2543
1966 3846
1506 2519
446 2217
3253 1672
276 1911
4974 531
1257 1195
2859 4914
2126 4534
4481 4652
3516 3526
4841 1021
1109 1041
780 733
3143 4298
4000 54
2076 4210
2941 1891
202 1890
3466 4868
3405 3487
1320 4408
1356 1776
4821 554
3016 646
1743 962
3081 2828
1471 719
3661 2184
2142 1972
3759 1035
2355 2043
4112 2213
4062 1965
2311 3287
3520 1253
1122 1709
1082 236
1387 2977
344 2342
4371 1990
4836 4587
574 1064
583 3808
2295 2786
1455 403
1785 3763
4868 510
1071 1920
1880 759
258 278
4505 3704
1461 2177
991 2122
28 2595
1219 1778
267 255
1881 1732
4364 2134
2866 3373
2563 2093
1955 4729
1778 4554
2072 1600
4100 4074
174 660
3601 2550
3380 4833
986 1691
1386 2896
2450 1773
4981 1271
1722 2400
3537 1485
2442 1775
1885 4547
1545 3927
2712 1478
2387 2507
2879 2780
2715 4061
297 1483
596 2026
701 4049
2055 1827
4200 1904
1606 757
567 561
1438 3720
1111 2713
3932 3840
4174 273
2929 4354
3960 3720
1986 937
3906 3358
685 4363
2353 4847
507 4618
1792 2633
477 3977
4959 4074
1362 4938
1146 3032
4192 3964
4892 1316
2161 465
1719 1382
953 3807
2122 4638
4232 4009
1898 575
3368 3272
4705 3801
4689 2802
4331 612
265 2946
4585 618
3135 3760
2106 3544
3766 1485
1931 230
1148 1706
3408 4245
2819 3839
4207 4013
4094 4248
2818 565
4761 3399
1112 2629
4073 1131
1064 3613
2392 4716
1967 4462
4856 731
1291 4295
3841 3785
2532 3997
2631 3616
4655 2240
1420 4253
1444 784
2747 635
3328 1263
2233 2345
3803 4509
1567 2402
255 3498
2496 4304
4657 1943
1758 1889
3493 953
1042 174
3849 1187
1832 785
4969 590
4696 751
891 2482
1155 638
3326 3179
4938 2191
4069 1431
4725 773
1918 1175
4750 3482
2259 4266
4598 735
426 350
2970 3863
3544 4271
4039 3663
3362 2210
2644 4836
194 4234
2296 3848
4587 1650
2196 3504
2787 2912
1850 4496
1016 3273
4593 2931
2472 217
2247 1777
4753 3284
3270 1810
3298 2161
1628 682
3698 1209
2017 127
1006 556
432 975
4625 2576
2086 2586
4348 1016
2901 2269
4041 2798
577 2522
3773 145
92 1838
4592 2165
740 3955
4724 217
345 3718
3222 339
3454 3652
2480 1496
128 3905
4600 1135
1318 545
1941 2810
3767 3133
2227 3871
4163 1727
902 2753
