120 607 30
2013 4371 10
4745 740 4
3976 1274 21
1826 2252 11
2704 3743 6
4113 710 1
631 3993 24
731 1241 6
2863 1242 1
1433 2919 13
1596 2478 25
416 4843 27
1755 2644 5
506 1217 5
472 816 15
120 3502 7
1052 3391 27
4868 1603 20
4955 3912 9
3958 3561 4
3665 1816 13
1160 1198 23
4133 1233 1
1138 982 26
4232 596 25
4879 3549 27
444 1615 25
4007 1010 18
3305 2994 16
2233 3207 29
2118 4996 1
3948 36 6
528 3452 25
4227 2342 28
2328 2934 1
2123 1418 17
2129 1541 18
3910 3693 19
517 1790 8
1443 3063 19
2713 1366 3
957 4421 6
703 2369 15
4246 2914 13
4016 527 3
2501 78 3
3374 4689 24
2693 2998 15
2536 1936 29
3662 4275 23
4258 3786 12
4159 231 11
2712 3117 19
3390 2235 27
1304 126 24
4064 2349 24
2095 3151 26
1933 3212 10
202 1363 23
2842 2584 10
3974 585 28
1284 2795 19
3854 2929 20
208 185 10
585 4517 21
4698 4046 25
4926 1211 24
3670 2104 6
1890 518 30
3084 4470 5
1781 3056 4
4989 458 26
3894 438 19
3652 2735 24
3035 3984 26
3007 397 12
3995 781 5
361 1392 14
2586 999 14
14 627 16
581 1986 15
595 718 14
4312 313 15
196 609 6
1521 1516 10
3235 1312 17
3451 2194 26
119 3466 30
279 1720 20
2321 1919 15
3306 2943 13
1215 115 2
2421 2907 23
1835 1286 6
1852 1172 14
105 1348 25
1225 2757 5
3908 1258 18
343 567 12
1040 4085 14
218 927 11
1825 2998 30
1708 2764 14
1178 664 2
2347 2660 7
4364 653 20
1790 876 4
1951 709 10
4555 3453 6
4944 4 28
4732 2236 3
1927 915 25
2890 1297 5
4181 2647 25
2228 3191 2
504 4694 4
3668 2079 19
4001 2270 17
792 2211 21
4826 220 11
1685 200
1243 510
3209 4989
2307 683
1159 3736
1955 713
4397 607
1344 4837
2920 3762
3416 4929
1965 191
2485 804
2609 294
507 3899
4161 2995
208 2946
1153 4222
989 3119
155 4127
4923 2802
1337 790
2694 1540
919 2054
2827 4879
3452 4309
4139 3877
1488 2405
929 1580
4030 1698
2047 1961
1703 3478
4640 1250
4653 4980
4322 1321
3734 2125
4338 2818
2040 3814
3498 3797
2878 565
4823 2947
3987 4654
1705 4712
1293 1942
3770 777
1890 1999
1385 3033
2375 2435
250 474
3187 3847
155 3319
4309 4146
6 3329
3 2323
1721 4201
1815 3097
4284 3648
3108 364
2143 3377
1966 242
3354 287
369 2985
4772 1964
1499 4104
534 2166
3963 3452
1429 3131
4888 851
4567 4029
4582 1194
3696 3928
1720 3971
3540 2155
2820 983
1162 4702
1921 2901
400 4525
2887 798
1732 4888
2003 1093
4524 2876
2748 778
1667 888
2359 2421
1733 4159
1639 4501
2035 3168
1874 3377
2143 3542
3749 2773
1703 3174
4829 2037
2870 4306
312 2724
2624 4787
2190 2259
2465 2447
2362 4380
2210 3861
1220 4710
3386 562
1095 1599
2734 378
378 3163
1888 641
1737 3720
828 3370
2407 1994
212 2897
1269 2875
3817 4698
4152 4437
1475 1872
1594 324
4097 1098
2765 3013
2325 25
3202 2553
685 3331
4108 3467
57 992
1078 1352
3120 4031
3987 4428
3043 2240
168 272
3874 1631
2644 494
1090 2129
4550 4229
4212 2998
1903 3411
1484 2694
3470 4807
2261 1387
295 4972
3484 4261
3364 3737
3902 1512
2008 326
543 4123
548 4932
927 5
3372 2433
1895 1102
2414 3251
1030 126
3998 384
4639 3130
4056 1318
4716 3970
775 588
4061 4054
2099 1280
2893 1180
4193 4951
3468 3988
4874 4808
2578 844
1648 1691
169 3270
4537 2063
463 176
445 2262
2922 4027
3013 2547
4829 2350
4272 3257
784 928
140 2825
1894 2811
404 1869
3872 264
2503 4632
3804 1148
877 4796
3020 2324
4172 1460
1581 3392
3318 3391
935 16
3255 2749
3244 3027
3308 2253
3585 3888
530 4424
4538 1747
2363 4316
207 2482
3732 4817
2309 3552
4632 2211
946 1246
1540 991
4577 3760
187 2185
1182 4809
1386 2585
3746 1257
2674 4908
2263 2744
1966 2024
4 1577
2530 518
4088 4461
1291 4302
3082 1468
2564 3589
3261 4584
2041 2040
4331 3851
1174 4929
150 329
2785 1487
1640 564
2762 2603
3102 1103
2267 478
3219 1028
3072 4775
3404 866
3315 4840
3030 823
3234 2792
2449 207
1651 1306
3805 4059
1546 802
2928 2416
4203 1046
3106 2387
2072 4199
1269 1601
4464 3195
2366 4609
3753 4788
2009 750
2285 3441
2444 3583
2975 962
4089 4798
1612 1682
4532 576
3563 4942
3456 2111
2338 820
4504 779
3884 1276
1073 2371
3417 3976
4666 48
3996 473
2153 2750
506 1901
154 4908
2718 4812
85 3112
2642 2871
4119 3053
2697 1475
949 4866
3762 1960
4801 3178
4456 272
4242 3139
3366 970
1650 370
3492 2667
4201 1751
2501 3491
2472 717
3588 3704
845 883
1942 1474
1724 449
600 1498
734 2325
2253 2527
1009 470
4132 2791
547 531
3900 4602
177 1255
872 1692
4734 2783
1370 290
4543 1642
4402 1513
4840 533
3423 3197
494 3494
491 3640
3826 282
2791 3144
2310 3163
555 2802
4074 2862
3797 3726
3176 2106
3824 4848
4624 313
3859 949
1434 150
4973 2445
716 1448
4157 732
4695 2450
3577 3816
726 4011
1558 4668
74 3309
4689 1729
357 942
2602 326
1967 3832
1582 3694
4082 2573
2064 200
4430 1825
2449 1308
3760 4523
1383 4811
1748 3943
4460 3965
4959 4118
3900 2213
822 4376
730 2106
2606 1292
932 1276
60 3308
1813 4407
2861 3124
3764 2037
4833 162
2901 1860
1239 2348
4532 3577
2883 3660
3825 2801
392 3923
4737 3728
3048 2991
3447 1452
2369 2532
567 4684
3941 1954
4029 798
4121 1716
3540 1881
4759 2455
4691 9
320 3865
2122 4067
4134 3505
161 1051
92 4955
4249 1025
403 2160
1966 1755
1285 513
384 3093
1564 1408
3215 3720
4953 511
3336 482
1858 3957
2882 1070
1593 1972
516 1396
3609 4974
926 2096
1827 2194
1048 3354
4181 2395
2696 4662
299 1506
461 3404
3814 4990
161 2047
3348 4508
1092 1591
39 1747
593 557
364 2809
1584 3021
13 1887
723 2781
169 3647
1389 4662
3175 4592
593 3187
2627 3132
1100 842
4256 2911
3807 3572
1326 4809
1754 2701
2595 4642
740 2837
216 2541
2600 2999
1178 916
4880 978
1567 836
4514 2213
2120 461
177 1307
208 3085
2057 4159
2630 904
419 1838
4684 3372
2265 259
1424 3160
1303 3088
3505 2577
4667 4782
2627 4434
2178 669
2376 3320
3142 1185
4163 4623
4503 3765
857 67
4671 1533
4204 3306
2652 1165
4110 4776
3390 2004
4686 2549
3387 1777
1326 3101
4576 1856
4810 10
3196 4522
1231 4901
1035 3499
4957 4724
3726 587
2107 2623
52 3327
1557 4504
3920 3480
898 3721
2585 2950
2855 3109
1444 252
4101 4863
3681 2645
1024 3765
719 4394
2236 4836
2577 2070
1942 1935
4650 854
4259 2428
4845 2386
2116 4185
743 605
1373 739
3094 1257
1987 845
87 739
3580 124
4695 4226
539 455
4817 2625
137 3820
2062 205
1198 2969
748 2733
4315 4394
264 1729
4130 1400
1310 2392
1973 373
2903 1601
4575 2100
3698 1134
2918 551
1236 177
1474 2216
3452 631
1885 2696
4239 1504
632 1857
4787 3806
4440 120
2159 258
2063 3039
1611 3862
3315 3865
2919 4092
3074 4004
824 4034
1538 2470
720 2715
1636 4560
4371 411
2436 4199
1166 4276
2072 1580
1443 3099
1910 3383
4046 2214
2825 679
1048 413
4789 4913
3919 394
4261 2438
1461 2553
1990 2852
4506 3911
3329 1485
434 785
1419 4676
946 4071
1088 1676
2218 4792
2025 4570
314 838
225 4944
2556 4405
3669 3452
1740 608
4780 973
2211 1005
2535 2682
1433 3569
2655 2858
1473 1130
438 198
2070 2144
5000 2587
2724 4570
3352 1406
3009 485
4456 2632
2025 2684
1071 128
4636 267
538 2725
2749 1721
2412 4828
2588 1022
308 3375
2373 1637
1521 4878
3832 59
1851 1211
1834 4480
2879 3966
2612 3728
2787 2519
2716 375
1816 3151
2551 1676
2617 2877
3098 3396
567 4269
2953 2878
2064 994
2770 3150
66 2856
384 4961
3248 1717
3605 2934
3874 4132
4507 3699
2586 164
3044 4949
156 3371
850 2080
2382 2892
4981 2048
3817 264
1335 3576
3672 3639
1733 4612
2841 4181
126 871
2203 1567
2334 2869
3377 412
4716 4443
4542 3147
1847 3525
384 3015
2063 1237
1043 1046
1459 4564
3353 3050
4303 1723
1054 3570
2959 4379
122 4130
3088 1711
273 354
3846 805
4333 2301
3729 999
4506 1621
3137 2847
1973 4919
1799 4623
2022 4430
3958 1703
