40 588 30
3219 4615 19
3163 41 1
1564 4573 13
3174 1719 3
1182 756 4
248 145 29
298 890 19
2814 819 12
650 964 25
1814 1218 6
1577 1774 12
2538 4893 3
4876 1921 25
3506 295 3
1524 1986 9
1037 2865 19
814 1386 9
3761 4800 15
3128 1511 9
3069 256 6
1190 1534 24
2298 2518 28
3203 4969 27
4559 2403 11
3125 2258 3
2898 582 14
3635 1464 4
2908 3704 20
2763 843 6
4476 639 10
2802 1617 1
4453 4061 28
3027 3999 16
150 1314 27
1168 3796 4
1731 1155 20
695 310 18
2637 1382 29
1180 1628 27
3800 2759 27
912 135
1758 1792
3802 4859
4283 4995
614 3388
1787 1267
3939 4118
3769 3619
3925 1363
1148 4101
3000 1929
234 4225
3126 4821
1470 1382
4650 1069
3394 2614
108 464
3662 3021
2923 4501
2199 3969
2208 3054
1358 2142
2159 565
939 4484
4008 2988
3846 2069
2338 2380
4661 2765
4118 1219
624 1137
1074 872
951 1419
825 2837
2597 4861
4606 4934
50 1657
4930 3070
4386 2477
720 3652
1350 4263
200 673
2163 4522
4086 3910
1585 1547
4603 2992
3052 1313
4726 1533
1326 2119
76 2950
460 1667
2 3473
1752 1840
3994 4100
605 3448
2799 747
2610 1031
1417 2624
4677 1576
1875 3479
1367 107
3152 2618
705 3567
1354 2772
794 1297
2466 1721
4361 3520
4232 106
3134 401
1814 2393
158 2054
3324 2611
613 4723
2502 4793
2017 4169
3478 3535
3930 878
4393 2620
814 4017
4558 3845
1990 4304
3744 3431
1434 1460
925 2886
3687 4474
464 1337
3329 1310
2947 4960
1849 4351
3514 1008
3315 3017
2432 2201
3990 3145
140 907
1995 2240
3635 2452
1195 1131
4532 4924
266 1885
3820 2664
3439 4654
1493 1929
1093 1214
1670 4410
1510 3073
951 1685
992 4358
352 1954
1698 4678
1838 37
543 452
556 4360
4214 423
4226 40
701 3578
4997 1192
1402 4776
2976 1835
4786 1822
4116 820
1722 4286
4481 4928
3892 4002
4084 1136
4390 3335
3308 864
3176 3941
4511 55
1581 4858
267 4238
958 1467
4367 4952
4327 2999
1241 1245
178 4686
2187 4404
2028 2286
816 3983
392 3040
4749 2329
2879 2662
926 459
4946 4057
1966 2605
1924 2027
4253 83
3545 573
872 49
1518 2664
3724 2389
266 1781
1244 1414
4862 4470
113 3874
1728 1327
1794 496
1624 481
1225 3116
762 1489
1333 1590
3977 1875
3327 3091
3784 4965
2534 138
1965 4384
4319 4611
473 2157
2634 3267
2400 492
1823 4934
74 4965
3645 2420
2025 4117
4332 2390
2843 963
1217 409
3252 4807
4245 1485
128 1205
3189 3957
2355 4573
2327 1520
2286 1706
957 2760
4435 2606
224 226
2650 3349
4070 1907
1042 245
3578 3577
3965 2043
1085 787
4892 453
948 3927
4476 2785
3117 1184
1813 4884
778 3931
3478 1907
617 2618
3274 1184
1100 1078
950 17
3149 247
1838 3869
3260 2462
1318 3292
4626 4291
2538 2710
1636 797
2201 4681
3629 328
549 4443
3312 1095
1864 2208
4865 166
2799 2829
470 321
4886 518
773 3524
4170 3126
3688 4640
1238 2805
2553 4175
931 499
3692 2201
4111 3581
261 3785
4849 4033
221 806
568 4583
3476 3321
1535 2230
3522 2496
1653 1246
2809 1089
2472 1945
2887 3976
944 2762
3652 3198
3674 1673
1640 1352
2681 3307
4917 3042
4345 2619
974 953
2931 3391
3875 460
3902 4356
3174 3213
2842 3915
3757 1185
3581 839
2851 4288
1365 3042
1161 607
3960 3800
62 2074
936 1495
3570 3068
1393 3698
1807 1027
1942 523
3180 2647
199 2208
919 157
1695 616
759 4054
2915 3125
2576 3568
4249 83
98 666
2387 4972
1949 3996
3948 2797
2756 2629
208 585
1250 2897
1885 3346
78 3714
1183 3994
3167 936
1521 4375
4563 2375
4289 63
414 1789
759 1013
3246 2350
3441 4455
4536 2446
1797 2021
394 2433
3116 4329
2421 686
2713 2666
24 1238
1056 3642
4306 1139
2520 1056
1999 119
3740 2731
1919 4194
3776 1033
4954 4311
512 2826
3990 3901
3358 4724
2055 1398
2880 57
1566 2512
205 3886
3376 4104
3782 4960
4368 1847
550 276
3204 2243
4313 1001
1631 3870
1708 555
655 4102
1604 4553
4711 1564
4230 4577
2298 4201
1112 4229
4304 2007
4643 4490
1377 2705
1993 1083
1582 2519
4133 1138
384 4014
3797 587
198 139
4234 1859
4778 1165
3552 2689
4103 3601
2304 3967
1600 653
3250 3458
160 2113
1546 883
706 2610
1698 2916
1160 3626
1291 1509
305 3356
2551 2165
2433 4268
3453 477
2199 3542
3458 2200
2037 1910
1369 1557
3859 2611
3045 4369
1201 4655
1159 4458
3486 1274
4918 873
3057 4260
153 4107
3191 2368
2889 2707
3678 1184
710 517
3602 1265
1650 428
4441 101
382 3911
3879 639
4428 2925
559 2652
349 2173
4291 1080
86 249
4128 133
840 3446
2261 1158
4527 292
4529 865
1678 3135
855 3765
1732 2669
1631 4114
3773 2033
4212 2651
3192 484
4536 9
3059 723
412 3687
1268 367
1097 476
1857 2448
689 4037
3436 993
4202 3096
1807 198
2361 24
2423 1143
1813 3609
4070 3181
4955 4566
4581 346
3554 2427
4875 613
1367 1682
1053 1845
685 4309
4201 661
4901 2857
2913 4853
4724 4683
999 1408
3932 4512
4231 1771
765 4353
4826 4341
4493 4152
4057 1984
3901 3708
1164 1737
3811 977
3311 1385
3080 1854
2903 3747
1621 1960
4762 221
4819 112
689 1017
3947 4935
3950 1839
4450 792
512 4955
1513 3910
168 2489
2828 4196
4334 3993
2828 1526
3481 1102
1980 2127
3068 3635
1744 3037
3317 4302
3667 4186
126 1667
1849 3513
2378 1058
2746 4596
4720 3085
475 4232
2675 4615
3852 3968
4390 3089
1219 3558
4986 1736
1464 3801
793 2309
2446 1292
4486 4838
4680 2060
2602 3789
3549 4576
2371 2793
1929 3525
2328 54
4426 2498
994 1320
3789 649
4115 4051
1248 521
511 2582
4155 4444
1392 3597
3710 2965
3202 3170
104 2780
294 4836
466 2218
3833 1958
3051 3584
857 775
1218 4350
2511 2681
535 1035
2327 3560
2832 1437
4733 553
1047 2736
4360 900
415 4020
1058 611
4970 4864
485 3790
579 1968
555 4401
4787 4932
3108 4594
2896 4790
4117 799
1752 1046
4296 4476
3790 3825
1369 2179
445 4622
3563 3477
2435 1646
1517 576
4981 4707
2908 511
886 3128
380 393
2511 1055
4556 3887
2700 3290
2915 4887
1587 3586
4636 4043
4165 370
3357 198
4929 4937
9 3859
162 850
2300 1030
1683 768
489 4491
3311 4083
1811 1181
1088 1140
4405 2602
3305 1299
1637 409
2822 269
4663 4346
3859 291
4054 933
706 2708
1474 3673
4233 3046
504 422
950 4838
2153 364
362 1446
4256 691
3808 3815
2887 1488
1032 1350
3754 4851
3699 337
3813 2185
4782 129
2497 746
3268 1611
696 2633
4975 3252
1274 3129
753 4476
3860 4383
4800 207
1147 2317
4655 2248
2961 4907
160 3384
3609 4927
4818 3341
4020 3609
4204 2816
4984 3122
4007 4572
4340 17
1524 4406
516 2931
3451 378
934 4437
252 3422
1757 898
621 2194
4124 4868
2441 117
3 841
477 2065
2459 1453
1861 3868
1306 3080
678 708
3390 1624
2083 89
3067 772
