20 228 30
951 516 26
242 788 5
515 511 29
992 33 25
956 732 4
552 353 14
659 215 1
781 444 13
88 769 24
659 749 29
167 82 4
155 585 23
472 960 6
195 409 12
112 46 28
487 890 10
956 369 12
183 304 16
760 430 29
854 353 29
922 921
49 444
10 94
153 835
132 545
748 234
634 373
372 97
345 375
384 506
692 847
87 247
294 464
604 926
719 820
76 252
690 405
203 386
778 826
826 32
14 873
528 896
323 935
728 127
731 909
734 536
618 170
825 515
332 174
981 45
342 702
587 784
552 606
902 20
962 303
576 240
412 647
690 34
547 537
754 478
135 320
10 149
555 346
708 823
866 811
730 408
853 864
194 958
95 258
67 349
614 844
37 727
49 731
454 438
993 976
634 550
550 802
610 698
616 695
511 977
354 641
44 79
759 761
986 526
367 157
41 162
506 227
624 394
461 786
737 309
869 724
171 205
490 110
231 529
987 289
610 955
292 384
525 351
980 284
339 890
317 101
906 604
33 821
429 711
199 882
413 979
438 686
344 582
636 961
154 637
330 299
811 889
529 220
856 243
933 925
482 197
582 461
38 218
220 937
369 199
958 138
829 300
769 142
172 415
904 775
807 453
61 165
747 456
457 324
699 134
59 212
628 492
13 308
140 360
685 67
875 644
51 205
78 92
118 568
591 366
568 231
1 789
826 165
319 10
621 582
72 900
350 546
102 168
657 810
909 891
209 959
818 261
41 844
909 150
149 66
671 521
816 789
463 50
193 832
827 111
875 330
197 9
288 224
762 940
593 726
290 599
358 151
200 31
309 236
1 484
320 564
701 636
807 441
331 686
785 368
230 955
105 276
157 589
312 428
23 398
806 711
209 67
536 946
927 374
910 618
369 812
95 800
941 937
442 363
273 927
679 379
674 961
363 402
24 140
733 145
424 427
250 573
377 120
91 929
210 919
457 369
957 145
237 922
680 58
212 902
665 737
739 24
735 291
344 75
48 215
745 863
353 33
774 401
146 432
802 493
459 145
879 557
937 891
129 547
528 263
637 84
346 177
951 848
570 773
174 862
976 167
122 741
136 123
142 758
824 231
108 181
375 594
935 86
208 28
510 983
359 826
982 712
802 452
996 352
295 776
828 725
363 859
51 978
463 878
221 960
945 59
618 442
300 17
