140 478 30
334 363 7
625 728 4
275 488 1
587 338 4
524 948 4
976 858 1
564 879 8
643 565 7
207 863 10
471 363 1
569 860 4
102 247 8
694 325 1
830 305 8
595 14 3
628 193 9
980 471 8
633 76 3
832 477 1
634 932 9
949 480 1
562 330 3
151 82 4
811 115 5
540 285 4
550 119 6
393 457 7
146 94 4
558 837 4
268 595 2
968 395 2
174 591 6
139 905 6
78 806 3
671 418 4
678 649 5
187 337 1
53 352 5
558 3 1
313 286 9
930 73 6
846 72 8
126 63 6
590 724 5
95 230 8
728 7 10
100 226 5
945 914 7
257 213 10
462 660 4
885 156 4
777 982 3
349 528 7
298 227 8
732 859 3
273 50 6
680 932 4
86 192 5
482 294 5
332 394 1
246 495 3
591 332 4
405 453 3
322 617 9
374 576 3
174 392 3
610 417 3
586 364 5
917 142 3
817 49 2
308 642 9
646 294 3
187 4 3
927 529 10
595 631 6
958 24 5
165 466 2
569 800 4
767 874 7
971 480 9
847 316 6
411 809 3
757 673 5
576 118 2
377 373 9
409 475 1
463 338 9
533 998 2
307 600 6
63 399 8
213 658 9
314 364 3
212 896 5
428 652 6
550 783 2
764 671 6
573 788 6
976 459 1
388 676 6
757 437 5
826 918 3
414 956 4
263 237 9
404 804 4
312 837 2
129 462 10
237 195 1
694 420 9
840 39 2
390 452 7
391 297 10
640 558 8
710 661 1
333 884 2
303 702 7
926 296 1
923 740 8
401 579 7
977 851 1
575 678 3
887 861 2
780 94 9
459 39 6
54 821 3
231 753 10
520 933 10
226 537 4
272 393 8
323 985 6
623 894 7
42 245 4
397 438 4
145 390 9
641 758 5
938 267 6
897 865 9
441 688 7
880 15 1
865 181 7
409 773 5
870 511
115 508
881 740
686 750
726 503
379 521
561 495
853 597
210 637
720 739
14 315
120 576
244 764
794 330
62 211
428 112
351 607
574 502
614 124
814 167
881 569
609 161
283 492
354 665
847 842
365 16
287 629
24 498
289 743
243 963
559 199
685 184
344 917
683 18
419 213
126 705
551 264
6 93
251 104
792 228
952 68
356 25
266 261
650 14
325 56
60 449
527 657
174 223
898 400
299 836
688 727
106 167
986 251
90 613
889 47
516 863
848 253
989 499
944 206
816 635
762 353
838 924
328 172
444 692
988 382
227 358
467 876
168 217
137 808
62 163
390 833
621 560
276 411
172 162
497 473
166 634
155 231
912 591
92 573
285 763
606 439
761 923
875 131
624 69
268 989
642 871
413 742
134 960
262 677
103 302
655 447
970 953
84 82
550 882
79 580
112 12
795 244
522 853
591 99
285 928
530 859
234 943
536 212
569 618
366 952
952 491
617 203
816 12
533 237
407 741
976 86
234 400
172 939
801 554
726 792
8 241
556 40
842 873
657 736
635 288
285 813
885 881
235 406
652 23
833 623
401 47
868 965
10 377
443 841
657 536
832 83
893 112
628 887
48 359
929 52
682 370
419 653
486 894
293 632
57 806
883 254
157 801
311 464
523 757
87 700
532 874
985 67
728 721
229 443
684 333
46 161
94 301
482 451
649 683
740 865
326 778
624 594
322 121
209 625
311 500
600 926
30 554
456 405
837 555
283 914
33 131
595 942
397 335
584 994
878 493
24 696
662 658
261 632
266 132
243 234
635 344
132 936
152 220
299 680
958 274
9 389
900 762
138 371
606 707
624 937
563 918
855 896
570 599
167 832
828 383
313 756
645 586
643 807
818 566
202 262
160 227
590 890
897 226
349 937
627 895
523 953
861 864
198 284
731 732
296 800
82 845
444 741
670 275
762 859
553 118
5 866
595 168
931 346
753 76
946 287
475 248
492 976
807 958
347 70
188 427
202 378
571 184
446 870
89 485
137 518
620 311
385 659
879 559
166 846
490 813
691 297
762 304
436 417
153 174
127 605
130 628
891 111
120 344
26 882
308 520
770 606
794 556
856 191
992 996
690 603
884 894
754 380
2 795
381 544
339 49
479 731
860 820
150 719
185 922
26 956
749 196
151 513
901 321
386 520
665 84
767 904
172 166
105 921
591 314
176 406
86 882
461 984
575 396
41 219
691 55
973 173
527 130
65 198
930 591
831 705
889 939
9 76
72 910
210 873
780 935
314 998
599 222
15 301
456 474
828 358
798 13
576 717
505 162
176 857
43 673
445 160
319 80
432 382
348 678
309 14
128 444
558 489
989 203
181 667
788 288
430 446
769 681
336 83
549 247
568 864
174 536
168 795
132 390
133 315
951 727
435 633
557 808
194 435
583 917
211 831
912 741
153 902
271 870
73 393
628 299
607 825
24 635
585 579
260 689
251 956
648 109
47 38
433 104
803 228
784 727
203 874
706 248
669 604
892 200
497 466
448 556
737 239
559 89
926 866
524 483
705 896
510 405
129 234
180 700
562 786
66 117
72 578
717 370
974 792
226 423
357 403
292 473
299 197
604 177
998 326
510 221
476 622
198 693
210 100
174 373
780 421
46 896
267 176
651 776
781 951
17 906
516 982
908 448
790 156
815 762
292 211
516 428
503 715
851 719
380 238
792 526
595 299
779 448
680 990
831 392
763 638
977 617
338 12
228 940
23 238
22 895
239 455
342 181
669 993
93 100
910 558
55 138
710 623
818 586
415 633
478 859
529 8
760 811
245 24
837 259
128 478
814 572
990 746
907 361
815 137
902 453
278 450
522 509
546 568
877 874
963 50
799 549
498 305
520 485
945 755
880 504
480 604
389 935
178 840
938 771
844 756
622 455
11 944
959 218
179 843
202 500
930 491
867 936
544 944
15 264
961 424
439 323
198 118
281 8
513 236
714 127
155 561
515 477
96 611
677 251
323 218
578 254
853 647
964 452
135 214
425 195
945 634
82 727
357 40
269 784
140 906
928 621
261 556
719 57
628 101
388 550
58 224
649 338
297 799
534 885
722 577
527 226
576 988
608 666
358 23
484 25
478 918
786 911
911 258
7 372
298 657
745 295
263 481
137 536
866 176
668 266
491 358
335 717
