30 302 30
391 66 23
41 209 24
83 209 7
297 390 2
445 166 2
133 484 24
369 490 29
199 133 11
284 303 20
63 320 11
138 469 21
383 458 25
2 7 19
278 489 8
198 486 22
269 147 7
170 454 16
29 457 30
83 141 2
258 184 14
246 21 3
346 43 7
80 371 24
287 288 21
68 64 23
416 477 3
351 100 24
297 61 2
77 361 20
132 399 7
182 440
406 372
452 102
349 215
373 363
255 52
229 214
274 57
476 308
32 469
186 376
133 254
375 171
383 253
420 55
71 376
67 495
246 45
387 413
187 165
153 184
116 72
387 411
327 341
483 394
344 12
85 353
388 497
125 118
6 64
409 387
223 196
49 468
445 102
17 177
67 450
54 479
450 295
352 182
238 460
171 320
186 173
325 261
56 92
432 156
170 73
339 484
143 107
244 457
467 200
460 249
262 229
444 113
273 403
62 351
434 356
344 197
273 291
272 416
143 380
132 485
437 110
355 350
248 3
279 37
454 335
245 259
52 434
447 169
71 33
296 116
239 83
236 222
222 53
389 144
220 44
350 317
399 59
36 367
363 295
462 157
56 227
280 296
418 395
241 428
317 340
285 282
416 152
351 114
326 232
119 125
118 419
212 77
231 265
197 15
184 399
13 345
133 383
417 364
1 205
357 235
424 152
111 208
424 305
423 47
60 131
392 6
414 201
365 385
73 65
139 434
405 375
184 120
214 341
402 414
244 467
351 156
58 58
444 299
196 24
138 444
213 261
409 107
254 414
37 291
413 368
324 355
107 356
201 385
468 105
277 270
122 54
493 355
187 405
2 458
482 51
75 193
255 312
305 485
478 477
475 154
320 270
428 101
211 173
365 158
226 56
183 287
94 113
407 16
321 102
490 345
500 220
350 391
277 364
270 6
169 369
45 160
384 316
439 303
471 480
71 423
457 247
196 288
73 13
156 27
25 462
69 492
409 386
221 327
244 424
23 126
74 237
116 18
420 476
358 448
47 396
251 494
75 371
192 37
358 463
315 335
47 289
460 40
148 274
228 101
132 388
486 144
263 480
477 104
24 361
19 275
282 439
492 348
71 3
134 200
458 327
416 303
75 433
453 488
453 150
399 286
320 370
222 33
482 378
70 340
151 208
229 472
455 209
256 189
209 51
275 344
44 292
151 124
248 143
4 324
403 471
272 182
162 384
213 18
200 153
366 8
127 87
300 25
300 479
375 238
256 395
102 367
25 303
499 441
262 49
220 135
202 173
441 113
199 439
146 224
187 26
281 388
116 67
359 494
63 17
451 314
432 114
380 128
152 156
106 164
348 237
28 165
203 97
138 366
6 62
481 85
139 121
81 81
79 228
290 77
469 382
499 359
315 209
236 218
351 353
295 167
176 138
211 138
287 163
101 465
424 151
20 115
290 176
167 464
286 491
243 373
85 334
212 209
319 354
168 156
343 34
355 385
109 478
444 464
463 237
72 342
167 392
235 16
491 72
321 196
201 341
465 350
124 189
168 65
224 483
61 401
462 494
200 307
489 403
112 37
94 300
361 240
116 187
18 405
94 445
110 202
111 486
