40 490 30
119 62 4
379 135 25
259 280 18
45 356 8
325 334 20
204 498 10
82 438 27
81 175 21
436 241 19
381 290 30
85 332 22
451 257 30
124 162 27
415 210 18
329 389 28
249 118 13
152 88 9
347 142 2
108 454 24
454 216 29
193 391 25
148 159 22
341 356 15
372 186 18
461 28 9
378 141 27
110 335 3
173 77 22
204 200 29
307 115 21
287 285 9
106 166 25
66 122 18
292 465 13
66 26 5
48 243 16
414 291 21
359 319 26
474 275 1
202 351 23
111 457
443 233
326 476
251 386
64 219
333 350
444 39
161 48
313 42
373 410
410 248
243 81
264 363
185 40
199 294
3 191
456 325
218 66
101 348
196 240
412 180
12 412
402 83
438 411
261 449
428 455
491 478
201 474
109 228
336 150
63 147
339 52
190 500
287 409
312 439
242 327
408 448
3 455
353 153
484 371
469 95
28 193
453 404
442 254
319 321
50 232
90 9
415 253
39 70
382 37
353 13
431 363
326 396
2 199
148 296
343 415
321 372
462 290
203 319
14 426
499 70
476 400
457 67
152 152
65 178
338 209
347 274
90 398
436 25
218 43
52 499
174 2
191 250
67 154
274 265
299 137
271 296
27 318
382 140
103 468
88 47
229 445
2 466
409 330
72 354
252 104
48 437
252 136
369 299
202 310
331 86
118 29
14 183
198 378
196 157
318 172
192 385
249 390
142 185
120 282
79 121
442 373
291 312
329 293
26 82
347 289
74 183
47 113
476 254
403 432
392 494
350 98
241 220
407 1
461 239
435 285
200 53
321 380
174 98
124 224
293 459
96 471
137 239
146 473
411 248
426 272
371 310
60 143
394 99
367 245
30 174
124 26
247 37
33 328
274 94
181 436
218 424
209 333
397 86
451 155
218 96
100 303
330 185
430 36
337 225
171 307
79 78
33 484
346 497
319 376
1 500
59 282
371 479
466 243
63 495
433 183
394 469
494 114
75 128
491 254
301 87
462 168
107 424
400 317
239 66
281 499
393 220
25 359
47 95
193 215
419 364
479 3
18 194
14 311
33 214
436 49
174 160
458 450
351 54
367 403
414 455
136 372
293 248
29 265
375 149
197 213
259 393
101 1
243 487
68 3
454 25
293 9
426 246
459 222
189 70
260 215
405 398
407 376
330 334
118 132
289 301
99 99
392 356
115 275
294 356
131 157
412 243
336 438
493 196
54 130
86 275
325 249
191 464
202 59
174 144
447 490
312 269
451 130
126 225
35 41
27 264
478 217
41 292
154 500
190 185
76 429
85 139
492 450
141 123
272 180
361 380
474 350
307 410
94 286
115 125
282 491
325 167
300 408
478 69
497 332
257 242
124 234
184 71
64 75
304 9
186 358
82 347
97 212
24 168
479 23
227 347
102 99
337 328
162 118
485 137
244 315
247 176
60 436
454 226
54 413
399 40
484 468
280 182
342 226
479 161
200 402
231 173
284 329
181 388
451 408
219 375
152 473
240 450
95 18
380 196
461 242
331 468
117 499
243 78
327 369
265 487
464 454
186 230
158 448
120 371
292 275
407 440
50 36
90 313
290 141
193 142
294 293
424 410
207 168
325 231
408 450
28 235
298 93
412 383
421 348
14 349
76 374
100 46
147 26
119 148
118 189
167 372
303 396
399 346
10 132
129 168
209 306
369 247
302 345
317 102
135 179
89 232
475 436
367 206
447 434
413 325
68 231
122 115
160 377
289 391
328 379
305 239
13 413
8 247
138 493
129 192
178 144
293 444
230 350
376 65
210 31
290 286
432 214
65 441
3 392
390 427
287 172
454 170
93 89
230 184
496 351
416 467
418 458
168 99
492 1
181 128
397 398
181 118
67 472
62 238
442 151
16 186
15 40
393 135
266 176
260 264
487 187
154 22
415 109
399 46
299 241
82 134
457 229
181 416
338 346
159 79
414 391
175 365
342 185
63 100
143 232
432 285
55 96
337 417
67 133
312 431
162 268
366 455
415 82
208 282
300 50
350 380
134 215
242 194
267 131
125 80
494 173
240 237
415 100
312 499
488 181
20 352
215 93
280 87
446 181
133 195
1 191
272 185
56 345
32 338
123 82
433 425
400 470
489 184
34 80
182 175
280 419
157 45
361 10
279 139
361 338
244 221
330 492
79 426
32 439
224 325
153 488
266 160
442 349
351 181
380 250
482 33
437 240
83 155
248 239
136 125
485 240
186 464
21 320
264 356
487 378
218 76
28 484
283 28
9 143
110 437
16 297
331 483
498 273
388 155
70 244
305 92
110 179
346 224
441 362
365 402
1 256
213 377
376 325
67 402
417 129
399 215
98 252
399 98
351 300
275 25
453 153
215 449
12 282
499 75
24 196
263 463
265 102
187 78
212 99
200 254
313 266
465 25
98 297
488 469
109 304
254 376
223 64
76 421
107 358
430 149
278 386
121 146
348 171
396 352
247 223
432 2
442 328
165 324
198 455
