150 1488 30
20 376 17
271 453 4
22 575 18
734 691 25
688 605 15
608 147 20
117 984 6
695 714 21
729 988 15
817 305 25
199 427 19
103 152 10
244 593 20
674 846 14
387 561 25
167 992 24
661 525 2
730 388 1
988 496 3
166 396 2
829 545 14
465 975 4
966 289 17
821 716 16
533 130 2
578 805 19
862 332 25
969 583 12
407 355 29
938 587 26
320 906 14
854 354 16
281 173 26
564 289 15
592 608 2
688 649 2
137 126 29
663 594 22
196 249 16
849 781 26
880 375 28
204 723 3
712 178 10
170 870 17
436 616 27
219 114 21
478 966 5
589 517 5
125 807 8
730 312 2
797 566 5
826 378 15
282 710 18
853 856 12
686 259 8
209 431 13
107 638 3
128 989 11
923 700 7
525 961 26
268 123 10
78 840 18
456 354 19
418 985 20
871 594 22
115 867 29
467 261 15
80 275 29
975 422 16
95 281 2
75 431 14
751 353 12
178 134 23
471 589 2
514 361 23
530 872 6
40 582 1
679 797 24
519 743 7
556 498 2
717 374 2
853 522 6
799 362 22
575 30 6
74 557 8
985 59 12
888 905 12
478 550 8
15 909 12
777 401 18
638 867 29
671 126 2
229 848 23
891 40 29
335 189 19
250 433 26
484 136 26
170 400 27
322 232 14
968 264 17
357 242 16
137 38 3
404 518 14
572 460 29
730 905 14
581 106 7
31 503 4
399 379 11
458 253 13
116 581 29
135 837 13
747 745 28
565 917 27
561 920 15
537 888 21
409 705 11
704 735 26
769 620 21
216 567 10
550 905 4
809 751 4
896 588 6
381 654 21
790 512 26
636 424 23
286 105 8
998 245 15
703 15 7
69 423 26
93 93 21
436 748 3
445 358 7
114 317 25
327 640 9
889 209 1
2 300 5
651 646 4
955 948 15
654 565 16
419 499 7
864 851 22
157 115 25
453 143 23
370 820 30
533 682 12
649 301 22
313 539 16
974 387 10
16 75 9
733 140 23
162 591
763 880
107 514
747 262
530 731
268 711
964 580
722 300
381 387
383 679
747 867
791 391
361 265
722 987
389 36
945 744
516 602
535 105
216 528
350 959
527 493
107 722
665 600
228 207
475 675
991 822
355 464
359 818
400 423
320 925
708 2
276 365
470 91
777 912
142 717
713 856
488 64
489 421
898 309
757 797
597 461
418 893
733 791
53 585
444 388
391 30
798 625
566 816
356 609
821 680
188 497
148 296
530 224
88 530
421 256
793 338
155 435
910 409
311 303
259 131
905 437
474 828
879 42
152 826
155 855
995 43
212 397
385 312
556 477
739 751
350 666
833 966
152 371
720 834
383 859
649 105
989 361
455 645
510 661
116 925
980 230
192 635
413 305
886 104
14 508
994 170
658 292
280 777
770 764
144 333
809 308
560 762
295 384
237 443
521 894
901 991
752 503
356 444
990 549
670 245
98 563
262 771
711 113
606 369
349 324
870 592
146 83
821 692
514 868
237 251
25 484
443 451
24 422
656 702
910 496
546 887
736 876
93 540
52 234
397 483
644 759
577 2
716 925
566 340
845 842
493 938
367 68
353 351
730 622
442 699
381 108
564 670
603 18
916 437
441 908
789 312
201 772
886 346
998 293
171 214
497 928
282 303
86 393
722 275
850 699
838 536
668 20
814 42
414 299
937 690
698 642
453 910
386 354
6 143
869 273
828 949
667 710
982 823
552 931
703 932
63 888
563 436
418 496
817 518
764 824
112 960
294 831
894 302
746 786
236 537
630 778
742 400
732 13
634 504
116 532
61 752
731 866
979 749
327 759
667 788
303 900
792 790
767 131
295 852
706 687
875 708
960 567
650 569
619 334
183 227
563 443
443 23
204 375
720 250
228 169
78 1000
660 943
104 614
813 616
828 693
570 223
293 927
189 837
384 773
158 830
987 969
242 123
659 71
94 859
905 568
201 105
1000 171
334 208
363 446
360 516
344 154
444 46
809 296
40 959
14 254
935 396
672 986
248 388
532 89
920 742
94 636
847 931
346 353
1 586
663 814
207 686
149 891
101 261
865 917
730 424
958 140
905 458
704 513
660 367
417 988
771 332
91 728
115 541
857 250
458 520
728 189
719 601
639 515
822 949
265 600
407 353
211 784
727 957
797 988
487 103
271 758
657 177
166 829
443 817
871 877
540 879
640 673
672 827
851 376
43 900
134 435
225 11
454 560
878 450
713 828
541 763
802 393
19 874
100 660
37 388
815 901
674 355
109 504
439 489
988 762
306 69
184 614
521 576
115 48
590 253
814 875
625 688
122 440
482 321
642 469
601 332
898 887
381 697
38 876
197 197
359 577
167 197
627 85
812 874
61 716
101 183
193 628
38 121
768 943
728 337
27 546
534 212
390 430
801 115
75 637
978 50
289 693
420 648
344 402
276 547
206 104
675 765
832 567
90 193
945 298
372 899
174 373
754 230
753 867
814 686
814 175
643 9
956 98
908 604
678 702
590 112
69 859
557 346
760 713
621 546
988 100
200 141
730 24
167 292
384 481
822 747
910 384
713 784
359 427
270 732
407 774
907 563
177 22
873 702
495 150
527 670
608 509
97 942
5 658
606 334
861 557
866 389
962 46
553 355
543 823
616 272
81 668
899 291
427 769
619 365
187 635
908 456
966 952
849 441
48 36
188 653
121 290
527 921
888 190
580 403
804 568
494 53
737 336
269 710
997 646
524 445
822 850
28 940
774 352
650 459
72 384
358 453
409 246
979 557
227 341
436 522
797 559
224 171
842 300
663 545
995 573
265 239
741 736
396 859
968 201
739 91
873 730
30 137
705 432
363 55
919 940
976 788
954 735
86 747
659 399
273 887
593 562
870 799
465 195
246 69
474 861
63 580
20 760
517 858
461 212
950 145
187 864
14 15
561 971
406 520
99 397
500 432
918 441
281 82
257 619
381 190
269 799
284 916
414 134
208 547
746 661
582 189
466 294
279 542
795 466
144 169
450 494
508 584
991 263
283 444
113 628
106 185
963 752
676 29
222 388
207 397
980 708
331 276
923 911
214 199
550 340
627 860
227 925
151 710
65 482
13 603
878 71
997 824
180 238
641 471
877 225
448 942
710 206
444 713
659 94
414 959
495 311
463 591
891 199
707 229
489 350
404 282
355 399
160 36
985 353
618 500
821 520
956 6
649 695
85 90
501 211
124 84
523 613
980 516
652 148
966 97
566 245
21 992
228 869
923 842
372 421
538 654
7 891
267 313
236 998
23 731
173 263
736 310
316 570
769 189
634 706
296 208
425 106
51 102
698 464
537 124
72 566
925 356
262 467
459 920
444 862
213 634
499 470
863 288
315 790
378 302
299 498
933 806
756 175
741 442
560 785
148 294
242 955
571 645
781 980
480 979
476 899
453 492
920 519
152 294
296 82
466 164
824 56
747 432
186 142
825 959
769 720
395 376
499 589
952 506
1000 370
1000 790
985 802
91 933
554 234
321 584
106 150
897 488
712 252
826 514
428 649
975 518
503 858
131 929
899 841
780 488
963 606
549 496
99 540
119 989
953 813
809 441
86 313
862 294
112 944
627 373
898 113
641 709
228 560
926 886
691 653
105 642
262 41
766 840
303 111
515 682
808 410
874 485
493 110
289 282
971 847
484 480
188 113
779 338
473 701
415 564
88 867
293 382
540 246
146 513
961 586
288 633
736 394
150 397
213 396
789 60
341 712
609 157
477 214
27 589
497 15
227 293
162 362
193 665
504 155
880 809
410 81
72 91
776 763
592 488
493 219
221 972
823 404
951 460
343 188
684 435
640 108
810 562
915 678
981 771
166 108
495 524
315 828
48 787
943 519
907 638
398 264
411 727
743 477
233 480
745 439
27 543
338 907
156 231
472 181
930 990
843 479
299 213
292 876
75 113
572 224
237 261
185 259
390 921
355 108
191 693
424 490
646 313
437 224
744 851
615 256
35 581
76 228
251 340
373 964
811 406
366 301
963 860
341 859
703 462
956 596
639 61
135 536
90 284
410 24
44 790
986 582
993 174
157 688
694 748
576 821
8 502
340 492
393 897
696 453
643 407
587 233
871 714
866 994
639 753
528 629
301 179
321 332
438 815
297 584
639 625
396 861
278 533
386 419
777 331
283 570
464 794
4 673
133 787
222 524
573 425
204 926
280 997
585 640
938 541
108 890
422 223
896 966
575 749
711 184
377 957
127 85
258 864
792 308
93 310
716 720
64 911
709 656
532 548
466 456
713 641
117 278
923 438
782 272
937 45
390 424
57 720
76 420
490 274
350 360
169 804
710 213
702 251
612 422
283 138
201 16
921 910
383 570
347 488
771 985
219 549
418 513
864 145
20 882
134 154
269 804
194 718
395 36
374 205
937 483
748 232
3 347
79 216
133 687
750 274
920 311
852 283
474 932
424 215
764 605
620 357
306 818
428 78
251 213
763 447
852 727
855 738
923 251
213 142
281 131
753 912
500 976
416 140
325 238
615 117
598 239
587 466
870 692
555 268
325 223
426 74
283 225
339 552
197 957
324 685
525 42
691 342
613 621
597 664
900 589
566 383
445 103
93 641
417 394
817 929
879 168
495 845
700 659
861 275
617 491
292 152
732 157
478 441
427 890
192 614
643 800
316 336
106 888
878 131
564 244
913 209
342 498
233 434
529 390
825 924
520 750
482 978
340 992
381 193
352 414
515 655
834 645
24 461
176 89
177 566
628 161
890 496
544 275
237 189
813 446
527 319
954 199
171 889
599 333
177 732
362 65
1000 262
154 303
46 690
772 910
576 576
108 891
519 424
666 5
546 397
609 489
798 682
614 534
758 491
918 947
644 436
487 695
598 156
833 6
135 49
362 598
756 367
966 453
153 668
360 742
474 983
20 436
463 448
231 957
580 89
461 53
452 308
631 890
258 592
494 30
484 666
481 92
369 771
575 723
182 7
765 276
442 108
576 341
792 924
456 501
868 741
884 624
225 173
963 265
751 394
715 827
813 748
723 774
386 140
754 986
106 778
457 35
428 672
246 509
738 210
780 325
77 598
416 56
999 868
732 958
840 416
516 812
77 819
87 318
41 552
284 283
170 838
928 365
742 566
637 735
830 844
580 449
187 664
280 310
969 592
500 636
872 811
947 751
791 477
128 627
122 367
74 978
273 88
443 699
418 413
661 610
644 554
262 336
495 234
400 394
243 281
878 585
765 893
920 506
15 264
521 242
656 911
418 418
486 260
176 161
498 262
14 22
839 552
464 935
236 282
428 297
338 156
729 764
965 849
144 586
7 388
143 556
901 450
846 800
410 751
60 76
207 353
21 847
961 428
81 102
662 757
226 695
58 965
658 353
807 255
552 1000
960 864
711 737
13 805
192 332
52 343
846 310
49 145
376 378
603 140
772 518
790 299
901 528
422 927
893 806
987 347
248 511
272 436
341 761
272 203
180 991
235 382
95 657
171 899
779 857
512 385
755 787
859 920
182 982
377 822
226 86
337 408
934 884
408 558
146 199
624 195
981 112
501 79
327 638
887 335
867 468
130 566
134 360
430 286
665 4
793 423
579 465
129 145
989 597
177 303
267 362
567 944
357 465
495 838
477 302
219 22
332 60
918 158
192 132
171 600
366 901
182 513
688 809
778 481
774 676
167 341
788 972
19 24
105 934
531 35
491 941
747 689
836 685
576 893
692 737
370 409
922 821
741 729
870 847
324 782
677 244
737 13
149 835
100 145
899 320
248 458
57 729
508 689
35 59
177 119
152 505
25 435
608 754
162 272
415 244
148 629
308 842
822 334
621 316
992 196
122 153
986 327
980 137
310 412
732 639
407 308
235 862
654 734
834 963
994 581
109 151
588 184
418 194
905 566
125 312
615 159
3 406
240 921
719 809
837 893
134 682
368 853
667 407
267 32
100 988
955 227
382 365
15 937
658 806
947 73
766 589
509 206
750 246
137 566
608 640
554 357
914 583
5 873
2 406
218 359
461 923
652 258
455 191
217 867
496 174
562 22
733 203
709 722
640 951
227 927
318 784
930 618
116 637
644 819
211 172
124 144
308 911
663 222
627 902
232 375
34 146
577 574
213 878
146 521
797 457
137 210
218 543
521 876
651 81
759 675
869 427
351 233
732 923
650 416
139 192
321 878
404 550
310 210
827 80
844 955
713 57
40 102
340 970
455 545
660 807
149 723
629 767
544 888
110 379
687 29
225 153
24 516
959 795
507 867
642 616
426 216
100 836
160 344
291 255
693 87
585 705
673 56
518 697
285 77
825 870
980 77
298 879
514 291
67 301
997 571
711 86
320 897
995 593
498 300
517 749
603 330
53 946
597 574
333 758
350 633
845 901
725 839
891 95
278 685
377 714
68 892
541 589
560 296
913 282
58 183
523 884
754 143
479 1000
383 403
319 739
62 289
488 938
947 736
432 853
299 437
558 993
608 526
538 884
154 873
647 947
492 998
711 190
556 234
937 34
114 182
971 931
975 173
403 606
48 627
123 956
860 624
396 975
724 964
862 297
477 6
906 851
731 534
593 172
43 253
97 933
456 19
898 227
407 13
827 198
206 434
532 607
710 269
553 80
912 393
119 60
107 595
153 614
489 482
474 223
374 654
266 149
513 375
897 302
800 826
933 709
546 521
78 237
923 91
1000 481
352 708
685 852
288 702
193 840
288 866
28 872
257 900
596 554
5 552
383 356
16 31
974 438
657 54
676 981
903 145
801 514
885 536
776 60
368 623
695 268
244 125
655 876
58 684
860 561
409 610
676 796
760 575
386 929
6 137
468 962
85 605
991 766
491 145
721 749
607 88
731 457
955 687
832 373
315 194
315 7
292 407
272 209
552 544
698 480
735 353
301 702
185 148
191 592
423 694
512 519
173 782
20 870
805 586
686 949
244 866
983 947
829 757
832 357
486 233
381 19
464 156
668 70
492 697
62 380
705 861
876 510
329 816
333 924
524 731
288 438
625 717
179 32
897 396
459 138
421 844
171 532
998 478
645 24
809 229
470 497
154 470
253 432
790 488
112 775
811 341
237 220
270 727
410 170
836 71
629 370
137 636
434 588
883 981
106 280
277 392
309 519
522 111
540 706
868 806
118 597
798 823
166 978
753 279
403 16
108 895
237 995
107 928
540 237
588 533
585 934
943 441
456 383
487 716
949 360
800 206
387 467
829 987
495 337
726 281
427 819
808 54
230 486
573 809
72 695
853 363
598 465
344 264
538 707
745 511
684 396
353 38
376 226
756 624
352 181
513 406
578 559
201 513
200 506
935 212
154 857
852 2
667 98
371 181
880 439
801 218
544 500
141 786
824 879
762 614
218 891
553 345
790 1000
683 541
584 683
13 52
861 401
228 15
588 519
938 844
347 840
57 28
341 410
183 642
526 844
261 931
958 641
860 104
586 54
345 162
331 180
969 57
189 977
224 294
270 952
483 216
275 372
118 369
78 261
146 1000
185 521
414 521
895 848
962 789
511 588
121 447
827 899
911 769
78 276
797 653
963 43
216 257
693 93
933 92
881 637
231 855
271 163
387 208
848 883
919 189
452 887
483 379
19 958
488 226
993 548
716 288
900 869
782 112
814 502
211 221
925 205
754 442
167 791
64 282
988 298
285 146
582 788
193 967
101 153
901 520
676 139
195 489
294 857
636 753
86 761
576 381
615 171
578 421
34 501
69 160
497 337
344 803
206 453
45 982
957 757
