30 100 30
528 450 1
283 845 2
664 797 10
403 52 4
44 806 9
212 125 6
78 971 2
721 88 9
430 159 3
933 563 8
587 420 3
557 441 7
204 151 5
446 277 1
975 994 9
6 908 5
433 940 8
875 423 3
28 527 5
910 836 3
364 615 9
463 751 2
837 653 5
932 594 1
709 822 1
807 50 9
211 770 3
223 259 6
922 819 5
10 963 5
122 907
512 428
620 41
139 62
34 254
805 796
505 864
531 265
792 253
192 668
751 476
846 542
667 422
95 935
669 72
732 119
874 910
456 941
157 381
688 440
85 171
162 694
6 344
460 217
180 671
570 979
461 124
408 921
396 431
935 539
978 704
340 39
296 421
116 34
879 752
151 719
459 316
526 465
465 770
37 488
15 231
373 74
118 308
550 639
375 744
503 378
6 267
945 968
870 414
404 312
734 378
389 562
651 24
541 717
403 657
781 3
446 579
484 871
59 313
129 594
585 913
164 287
895 12
85 665
756 971
96 923
707 564
57 612
565 280
681 299
93 86
405 558
799 638
285 923
932 117
404 101
72 825
542 61
75 232
282 670
166 368
628 721
654 695
581 906
429 582
354 639
358 457
893 605
285 394
888 449
412 793
440 171
532 19
743 179
340 727
161 650
535 436
488 722
463 107
294 716
