120 438 30
650 22 1
964 97 4
394 128 1
196 293 6
90 444 10
822 110 3
719 182 7
438 233 10
957 549 9
311 806 4
875 771 1
545 703 10
475 7 7
213 642 8
702 805 9
335 633 4
593 422 9
679 874 6
404 891 5
399 689 10
402 370 5
862 482 9
368 833 2
262 421 1
508 246 6
664 127 1
116 252 7
312 546 8
471 26 7
596 947 6
653 507 10
472 96 4
782 331 1
585 676 1
160 776 4
911 995 1
541 371 7
104 294 2
114 897 1
819 846 2
457 330 8
985 979 5
534 644 8
987 890 1
405 182 2
111 549 10
577 884 4
737 587 7
629 968 4
843 228 4
103 97 8
890 475 6
528 584 6
609 692 1
211 913 7
615 645 2
52 759 9
475 483 3
1 449 6
71 741 9
861 773 9
240 897 5
629 950 8
752 771 5
83 66 6
1 652 10
697 63 1
869 312 7
83 950 10
303 668 3
201 548 4
949 467 7
314 303 4
74 979 6
890 319 8
572 712 9
434 971 5
319 554 10
942 170 7
26 105 3
157 91 8
162 841 3
409 671 3
780 990 6
151 232 5
456 862 5
32 640 4
703 537 9
982 100 9
884 202 3
526 122 4
183 772 10
259 271 10
216 881 2
196 983 5
662 989 1
566 694 8
722 587 6
965 39 1
69 953 3
366 53 6
198 803 5
764 405 3
275 767 10
510 454 4
760 825 2
583 944 6
732 647 8
494 777 7
555 962 6
264 409 1
227 144 3
603 141 6
910 300 8
725 326 6
834 178 6
91 691 4
209 698 6
493 129 3
143 459 5
601 284
849 240
595 92
83 928
567 888
968 189
78 780
288 835
237 795
867 776
282 859
570 161
217 213
468 834
388 384
469 972
570 285
567 168
432 724
430 47
405 420
126 191
685 937
539 257
137 600
827 522
149 565
854 240
84 604
284 625
589 250
645 138
995 314
451 208
269 996
943 850
101 299
366 309
892 328
115 321
399 742
840 54
148 458
670 284
566 608
677 767
960 608
526 192
858 161
919 178
20 994
630 584
871 850
243 397
526 636
967 694
111 819
773 692
596 443
191 501
338 668
672 683
190 472
808 687
359 716
232 424
87 695
869 689
968 777
945 592
396 264
605 267
706 503
541 768
532 352
811 130
885 633
759 467
299 827
457 559
30 237
625 622
149 835
884 989
607 938
574 269
787 138
381 260
71 261
485 253
919 360
816 484
830 836
188 485
958 244
693 146
343 441
432 460
62 803
689 212
517 972
324 573
707 736
787 144
469 675
291 289
843 803
223 478
625 672
287 715
67 863
776 868
416 398
962 162
794 6
445 359
414 104
624 126
565 301
129 890
291 867
948 828
183 996
919 811
720 759
439 439
77 117
305 837
380 584
651 107
768 124
488 991
454 756
84 303
416 720
302 812
984 30
772 125
775 327
455 676
808 362
288 945
512 386
107 415
972 520
330 355
864 344
401 140
87 935
892 5
731 652
324 12
387 976
224 811
12 690
554 524
555 690
112 801
122 316
12 687
525 316
878 970
918 905
481 936
292 774
636 4
531 438
911 299
685 480
212 959
235 158
199 694
572 731
229 447
890 648
663 379
541 439
869 448
341 297
953 193
431 812
72 744
270 975
216 125
590 996
924 723
864 58
225 807
214 698
454 821
891 195
894 332
858 435
763 992
616 687
741 724
388 4
541 12
734 316
133 692
475 359
884 197
979 696
663 835
3 22
758 581
982 590
858 640
308 90
513 273
727 515
19 393
220 394
183 90
87 101
211 386
641 893
551 409
561 129
329 231
100 233
662 311
513 468
262 388
928 310
727 756
593 380
117 592
616 17
273 438
907 855
409 791
92 103
486 744
473 826
540 860
84 6
411 657
20 642
840 425
671 861
49 882
806 727
421 880
119 359
936 252
434 863
973 705
469 952
271 945
585 451
643 682
869 385
965 920
518 946
806 529
56 785
327 144
940 55
184 785
799 166
81 938
639 773
676 557
785 363
588 708
495 425
52 972
826 505
252 688
469 786
866 870
924 563
782 100
192 396
140 655
714 582
114 400
213 882
513 145
390 966
367 30
748 283
753 573
27 676
672 129
9 393
203 814
393 419
260 291
752 69
354 885
327 766
113 925
837 979
366 889
442 829
278 199
687 607
58 597
707 228
307 312
762 466
890 583
680 791
841 880
405 295
281 312
756 773
631 571
670 39
555 38
468 200
997 575
901 441
965 731
613 973
43 488
302 602
807 854
710 133
430 621
349 168
594 244
510 230
14 559
469 258
581 586
585 871
481 706
60 974
188 59
771 907
638 799
203 257
681 377
22 920
708 959
717 35
409 720
952 924
653 961
809 27
167 950
439 205
474 274
47 548
991 121
833 821
792 653
473 979
866 997
697 385
642 355
521 960
673 192
854 468
646 431
922 636
790 865
975 81
256 551
792 219
680 649
868 640
920 714
214 843
402 590
179 790
91 455
659 351
844 874
818 436
802 315
458 873
273 587
563 656
847 253
409 845
141 88
760 966
949 171
495 796
601 194
341 666
308 13
53 895
833 67
705 180
341 872
397 421
130 888
464 452
819 141
775 618
385 72
205 172
560 257
881 4
870 767
51 705
398 458
256 93
546 171
368 639
17 593
846 858
108 516
498 746
204 811
979 1
737 432
360 43
180 774
19 799
872 126
322 401
516 884
847 985
652 191
856 317
470 436
945 828
6 85
224 375
345 94
79 24
622 103
719 765
552 68
386 727
962 754
189 715
755 254
118 311
480 426
826 410
454 373
