90 198 5
140 629 5
320 611 4
533 532 5
771 624 4
357 90 4
93 591 3
50 434 2
212 689 5
984 920 5
9 516 1
904 653 5
647 406 4
537 146 4
861 686 5
215 681 2
250 125 5
880 355 1
391 82 3
989 74 2
358 381 2
181 345 3
308 909 1
112 511 3
337 636 2
18 748 2
293 835 3
575 791 1
69 929 2
194 208 3
526 227 2
461 883 2
920 209 4
139 748 5
902 807 5
190 325 4
91 153 2
182 6 3
983 211 1
96 584 4
691 256 4
775 27 3
782 335 5
742 745 2
93 716 4
28 413 3
465 554 5
20 781 2
558 14 2
106 505 4
140 32 1
792 608 5
162 21 3
582 22 5
197 656 5
5 755 3
434 635 2
970 376 1
941 11 4
846 927 5
378 766 5
636 259 5
915 72 3
293 139 4
332 500 3
359 237 5
677 243 2
170 177 5
816 929 3
703 413 4
321 969 5
384 371 2
652 340 2
642 343 5
530 315 4
836 51 3
657 130 3
296 633 3
405 548 5
735 757 2
19 381 1
290 884 2
350 76 3
439 114 5
482 70 1
773 25 1
123 16 4
497 447 4
427 285 2
74 242 4
379 910 4
14 523
525 810
196 567
681 966
437 776
143 795
565 130
836 453
879 885
852 860
682 635
654 320
256 1000
239 494
600 211
373 442
667 703
215 961
312 121
380 959
326 451
914 247
983 677
345 915
45 104
427 89
313 834
424 178
310 818
840 136
848 344
312 450
853 514
90 106
184 554
491 49
283 549
469 792
827 684
307 977
242 427
445 232
630 272
4 565
903 896
485 777
746 135
692 374
80 762
218 925
375 695
559 436
231 615
954 485
20 725
102 366
67 270
953 736
423 162
271 376
194 388
723 958
540 256
797 668
201 522
366 892
794 811
799 527
470 335
881 976
680 316
887 240
369 582
949 957
607 718
728 959
661 816
771 397
371 252
366 679
457 39
863 256
40 489
502 944
46 73
712 908
944 305
414 135
707 523
381 557
803 211
427 416
61 216
415 455
130 55
278 103
331 293
745 36
567 725
330 328
661 298
824 995
649 815
511 497
769 98
245 452
728 831
902 764
726 608
464 978
447 220
78 759
178 85
256 155
925 547
345 562
623 885
904 709
167 801
344 743
48 138
777 665
121 230
352 140
702 861
623 115
627 154
512 889
213 178
340 564
726 185
525 956
55 664
536 205
896 246
650 231
13 492
970 845
358 918
241 186
210 873
194 606
931 258
166 499
453 583
982 269
743 713
438 644
935 955
750 85
552 919
300 241
948 804
6 977
89 495
574 821
816 267
427 125
500 100
510 152
800 81
624 512
148 393
268 710
487 352
640 976
341 67
625 537
394 529
765 107
796 399
79 701
855 205
895 245
604 416
468 598
761 417
452 622
923 219
987 642
790 106
804 794
509 466
285 910
371 526
788 997
267 60
19 367
28 265
488 381
334 788
940 306
905 161
265 421
79 685
649 836
920 179
873 955
