120 1938 30
3692 1091 16
179 1724 23
3486 346 8
2533 174 28
1019 2100 23
1278 1076 20
353 1817 17
2936 2589 3
3139 764 25
1481 43 12
3715 2578 13
1657 1367 29
1882 2969 13
1467 538 25
88 327 22
1798 582 23
3263 2310 18
4435 3589 4
3122 2739 2
1068 4281 19
1056 568 25
2823 4524 12
1189 2940 20
1005 1085 5
4773 3473 21
1351 4100 24
447 2145 28
3339 4588 20
2928 1920 28
4469 1995 17
311 1650 8
4911 3508 1
1599 1791 11
767 3266 24
3373 559 25
1459 2001 16
2221 4273 20
4883 4850 16
417 1899 3
185 1395 10
1464 3741 14
752 4560 12
3398 195 9
2142 2527 20
3255 4877 17
2933 3090 19
436 4889 29
1752 4782 16
2564 3279 5
2629 4245 10
3656 497 8
3729 4604 13
3959 3319 6
4826 4535 12
3360 1996 4
2586 167 18
1343 462 5
4790 4554 3
3283 717 8
4185 2511 4
3031 1689 22
1148 283 6
4119 4084 3
316 3373 9
4714 1698 28
4657 1419 26
1832 4487 17
3062 3832 17
3723 931 17
4894 4106 23
385 3648 2
1607 4146 2
531 2537 6
1042 2069 18
2911 4163 21
4928 869 28
3954 194 30
226 3496 15
4123 1114 25
418 130 28
2027 364 17
3244 4206 17
3925 627 29
102 277 12
1334 2873 2
1160 1262 10
691 2896 29
132 3023 5
2323 962 17
2133 280 28
4354 4414 11
3487 3341 23
4420 1244 18
37 1632 2
4511 1957 8
3041 1977 24
3678 1069 26
812 4281 17
1459 4436 28
1038 2741 24
1030 4527 28
4891 3446 2
3602 944 10
1239 4830 11
1021 2507 17
790 3861 11
1388 4602 30
438 2517 9
3515 3188 13
875 3220 15
3846 3347 3
1164 1014 23
4627 3536 30
2915 807 28
4519 601 13
3383 3702 13
3951 4969 19
4400 3751 24
3359 3242 17
577 566 21
3734 2906
4538 1904
4838 557
53 240
2243 4330
4154 3312
979 1070
361 1290
2632 509
213 852
81 1000
3193 1116
4762 254
2958 1662
2405 3039
1405 585
1934 3700
3561 4879
4875 1023
975 3872
4632 1422
3835 10
1469 416
3557 1152
3991 2516
895 3207
3863 3041
789 2031
4753 4726
3414 2853
466 2130
4360 599
1610 2832
3933 912
985 2232
4291 2309
4926 4003
477 3175
2293 4050
2399 4557
2914 1865
694 3941
1552 2353
1015 2460
2284 3012
4855 1896
1390 1455
2909 3176
677 4402
3321 1341
1914 4274
2045 4507
24 3697
3042 4834
3775 4608
2663 736
2817 2794
4532 2192
4956 4035
2877 4398
4413 40
4534 996
4531 1721
970 1020
2022 356
3379 674
1328 1962
3252 2411
483 1375
2953 2007
186 2753
818 799
2165 3567
3492 2011
2503 722
1387 3612
1938 53
562 217
902 4289
2687 4143
2106 4847
1778 3200
1384 3746
1228 2897
4397 4478
4159 46
2780 1856
2911 4825
4032 2986
4909 746
4148 3173
1047 3976
1695 4584
299 4366
3742 732
3961 2371
4329 4823
3822 2434
399 3158
2441 2952
2290 3350
2174 3704
4167 3001
3300 87
3783 2074
543 4011
1319 2882
2000 1518
2077 102
4635 989
3419 943
1001 1938
3808 1996
2025 1135
1776 725
2421 212
2325 1726
425 1899
226 920
4060 1159
3779 2943
1826 2478
2007 1498
3234 1335
2273 1283
2824 3562
4782 2461
4563 3114
1992 872
3020 1451
1263 2118
2623 536
4897 3373
2956 2654
822 2361
3705 3889
281 4945
4329 1922
3460 4702
2384 3527
4353 2027
1237 4193
2928 1165
3734 4895
193 835
1472 569
361 3169
1716 3772
2355 3627
4796 282
3575 4645
1872 2
2808 570
589 2486
1086 4529
2696 4020
1826 2379
480 2571
4327 4435
1588 3665
4503 3267
4908 1704
3797 1890
720 4026
4543 4119
4732 2129
1279 284
2751 2168
3115 2940
4058 1156
4794 1995
3053 3265
3661 2333
1992 2247
826 2510
4439 4383
1249 1533
1547 4458
3591 1976
4454 2980
756 4593
2524 4564
3040 4064
2081 1963
2301 2534
3194 3094
4319 184
1401 3107
2138 760
3402 1931
2695 2068
327 4005
3591 4382
2511 1341
2210 1775
1865 2662
2495 448
3534 546
2594 173
2040 2362
4260 2924
1126 590
685 846
366 4856
834 2446
4052 2308
1688 609
2066 865
3185 2863
638 4362
374 2678
4219 507
402 4373
2094 2879
4935 529
1343 3874
3622 2846
4204 2717
1937 2114
107 4555
2720 3592
873 1615
4408 1800
2211 1318
1830 764
3610 2378
2207 1543
4689 3902
4227 4714
4883 3124
407 2743
2780 1952
705 1263
2680 3768
2269 2600
2939 1085
2018 4279
2633 2290
3118 3185
4044 1831
4863 3688
2251 4610
3156 2115
174 4241
4557 1700
1800 1357
3967 2500
625 3912
4721 1808
2980 2904
546 3093
841 2630
2199 1890
2899 421
4288 2836
2158 4570
1315 4503
737 3030
2113 67
4639 89
781 482
3656 3545
48 1358
2988 4836
1169 224
505 1229
2749 204
3060 1590
3583 1852
697 1780
4949 4352
1137 3817
4773 267
1966 2610
2881 4901
354 1505
1288 4219
3046 2570
2451 2999
2578 3728
1661 610
2731 2072
4129 233
4235 1098
536 1131
3787 2625
4255 4778
748 728
780 2696
2076 2150
582 2556
3145 3678
1679 231
4729 1878
4225 3988
527 866
4371 3298
453 3040
3261 2332
4026 3502
986 294
4379 719
4134 3606
3838 4264
1409 354
706 3218
2878 1057
171 2488
1221 3437
1232 2347
2393 434
1093 437
2360 3238
1342 3568
467 1258
1287 332
2399 3114
615 3463
3492 2693
4748 4602
1560 3553
4825 3215
4499 3262
1841 3639
3705 1528
1423 646
4447 2896
4204 4078
1683 286
2512 4697
2560 869
4519 2313
1894 437
1189 2604
817 1472
1603 4032
4453 4380
2921 4548
3901 3702
3821 1596
1235 3879
2893 1424
3271 4843
3517 671
3585 1633
2972 2013
2947 2781
507 2122
3525 4802
2729 4386
3257 3491
98 332
3041 1148
2680 2903
1215 3952
1562 4459
4290 1206
1837 1391
2638 3892
4740 1686
645 176
1246 4496
3436 160
4700 3957
3682 3293
2190 223
4767 474
4655 3807
2063 2836
1282 4594
1638 1159
3649 1778
3922 3281
390 4100
4417 597
5000 3697
3603 546
4465 1489
438 4059
1158 79
163 4584
2499 1340
447 4687
3614 4962
3595 4061
705 6
4648 4891
4718 228
1578 1947
1527 4507
3366 2628
1710 375
2606 1408
2113 2789
690 2681
2675 24
3230 189
1017 4605
4678 4614
340 4270
227 758
3069 2585
3509 4239
3497 3164
1266 3053
4802 2685
2966 2634
2580 4
3356 3683
2884 4358
2309 1987
2108 2128
1030 2330
3275 4106
3019 4453
4821 3138
4348 3560
4232 4506
4978 4116
4643 4185
802 4239
2025 3028
260 4118
3042 3128
4973 4374
3731 3430
1112 4945
982 3902
1732 3914
2798 2394
1326 2055
1016 875
4783 3550
4793 1260
1049 2363
366 4805
2222 1900
3478 2722
1738 101
3913 3097
3569 2602
1258 102
4000 1667
592 2056
2739 2450
3495 2820
2797 3064
1664 1062
1375 4128
1699 3157
502 3219
2572 1576
499 1519
3166 2677
2291 1893
3084 902
2739 2245
4881 2210
4197 1797
170 11
3394 3590
2174 1313
3506 1854
731 2507
263 1837
613 4614
2760 1101
1644 4842
4825 2674
2688 928
4804 672
663 604
1354 452
3726 2598
4525 3593
2521 609
2559 309
406 1425
3722 2033
98 3096
1462 2461
3959 3795
4045 281
2632 2473
3186 2694
1049 3349
3066 3262
1061 1344
1081 2206
2670 2011
4417 4879
3536 4615
4080 1245
1234 508
296 2494
235 3
3573 438
649 902
2719 2722
4864 2723
2447 1153
1242 3788
492 3082
1269 1349
4576 3282
311 3384
170 4454
1118 3685
2656 133
4367 3226
3125 254
1623 4094
4131 3328
2048 102
2237 3377
2823 2136
3851 3672
1829 703
4508 4840
4241 4516
1229 4860
2420 1855
2440 656
2299 279
240 4498
3556 3138
407 3025
3447 270
2282 880
144 2181
1443 220
4686 3687
459 3093
774 2491
3886 1115
3746 2231
2865 4638
118 4214
4874 2119
4613 3167
4992 1156
413 1474
1323 2961
2946 1087
2465 1540
460 4205
766 4581
1045 4865
4453 21
1857 3633
3779 4078
400 3300
1078 4873
3304 4693
4935 4467
413 288
3697 4411
3871 67
665 974
3850 4858
4577 2519
240 2143
630 4518
1528 449
654 72
1046 871
1075 3880
4299 285
2639 1718
1724 1414
1930 1906
4477 4346
4319 460
1136 1627
4962 3485
2677 2815
2219 1663
1334 3071
1002 1532
1706 1054
490 3158
2712 2187
3288 3001
790 3338
586 4262
1768 1049
3800 3199
2794 297
2350 4130
1637 3859
1667 77
3194 4342
4900 1315
3421 3581
3628 2209
2491 1160
3478 480
2338 2338
3631 2640
2441 2887
162 1098
4540 73
3019 4654
1849 3074
3596 195
4293 3370
2155 4561
2548 3645
1989 1084
2745 2220
1191 2932
3032 2442
2624 2383
1355 3511
2222 728
3765 2687
1812 1190
4865 302
1415 3313
1318 2055
2639 3506
4689 342
943 2750
4712 849
3997 3748
4998 398
1455 2330
3697 1551
4619 1812
4728 2357
2507 2894
907 562
4656 2957
588 4240
3897 223
1753 2903
4426 3318
1053 1197
950 2826
199 885
782 451
3330 4744
2209 1018
95 557
4351 2627
3208 2151
656 496
101 4169
2099 3737
1355 916
651 4778
3186 4294
3277 3708
2631 4763
184 2808
3530 2441
1134 1532
2483 3258
2326 4376
2272 2691
3071 4835
4572 4254
4873 647
4765 4622
4715 699
2043 309
1818 314
1185 1372
1650 3281
4029 3014
355 1837
487 1063
3033 1980
4799 3376
503 2663
1723 3034
4280 903
132 2002
1678 974
4837 920
4848 2762
2693 2121
4355 709
2929 3062
2837 1911
4637 1646
1679 3533
2688 1236
4718 3004
2321 2856
732 2768
3855 1346
591 136
1400 299
3664 2357
1088 1503
3894 1607
3607 4083
1345 1141
637 524
603 874
2531 2524
96 2434
4992 1936
4246 3116
4378 387
2390 4011
1654 1799
3559 4239
4841 3387
4587 3498
2269 1397
2127 4634
1374 1279
3288 4086
3825 737
238 2993
3986 4516
1651 4301
4264 2208
1227 676
224 3419
2993 2473
614 498
2143 4273
1888 2595
764 1577
2723 2029
460 864
2782 237
4188 395
1532 1601
261 3038
474 1248
3239 4188
938 1406
2392 278
1445 1155
47 314
1883 1006
1605 2378
951 3395
701 676
1765 2105
2149 4671
3164 3359
696 3309
2955 140
2956 250
1067 4865
2672 875
4486 359
466 1999
3002 593
2024 2602
620 3124
1278 4108
1979 2681
4936 3075
2024 4992
1471 2775
4307 3583
393 4821
1318 2832
1693 4100
3918 4159
551 59
4068 4269
3398 1804
1397 3806
4837 217
2407 2528
3131 461
2127 1897
747 4625
2377 44
1725 1531
1845 2539
698 1265
4845 3031
1284 1058
1981 2516
3695 921
3771 3455
4199 2498
4502 1844
131 432
1232 1770
4200 4220
4013 3819
3591 922
3932 3986
1609 2480
2043 400
3032 2978
1097 4340
1567 4916
3022 2051
1737 1439
3528 1193
1899 4182
1580 942
4512 4708
3974 2756
855 2245
457 941
1648 3845
2586 2502
1169 3024
4793 255
3217 1786
1854 595
2739 434
3875 1415
3302 3732
2856 2174
2437 4843
2743 3190
4107 2299
2567 4711
1662 4023
3504 3869
4228 1647
4270 3065
1488 4796
253 4364
2105 1788
3905 4617
4779 3338
284 3889
4715 839
1806 2171
4227 3071
1575 2203
4192 2980
551 300
2324 4093
3633 1236
2340 3248
4408 4671
349 2609
4504 4230
4297 536
4939 2867
4363 3832
3527 4903
3871 3594
4474 4558
2156 718
4851 4286
3154 4835
2673 3281
3500 3820
2834 4859
4866 2653
708 1603
1106 1851
1382 245
1803 3953
2050 4838
3024 2847
3447 1837
1589 2633
4833 1598
1656 1872
3123 2201
2699 240
1066 657
2081 1918
4917 770
3748 4385
789 21
3211 861
764 3655
2182 1113
2907 1474
1675 3437
3006 3845
1022 2756
2992 4424
4489 762
739 4395
4832 4428
1717 3020
821 4803
4493 2254
3811 3985
2037 448
3843 2706
3848 1501
2983 780
4786 1202
1693 1449
2356 16
357 4950
1719 2123
1775 1763
3297 4194
4009 2400
2744 4969
1147 4079
2878 3704
3057 3258
3619 126
1859 4081
4840 4248
2621 3970
2387 2500
1696 1890
4750 3350
2611 1198
1818 517
1589 566
3398 2242
4929 2344
2967 1632
3086 4902
362 1660
1292 1327
3729 3216
1427 1710
4964 109
1687 564
2732 1605
2986 2205
1282 3144
1343 3988
987 1566
1551 1705
1533 4212
599 3875
1295 1706
4360 1720
4286 1559
2228 3358
3315 381
3762 4791
2700 151
2026 4086
2449 1288
3448 4411
4966 4355
1159 3344
1900 1102
3027 4179
4771 4543
620 3527
1994 2881
4379 3313
621 1426
2448 160
3303 1784
957 2976
4003 3835
2662 1448
4002 3208
2422 1797
4414 3808
4644 1903
549 2080
4816 4101
1412 3268
4738 2158
3269 3420
4538 3375
1334 2702
2596 3268
3774 3000
2037 4562
1697 3056
2363 4528
4016 4885
4656 1305
286 925
79 2228
2755 2743
848 3352
4410 2348
545 2731
2403 3806
4395 3340
3706 2612
239 566
3122 2946
4352 2311
1557 1153
193 2556
2979 2524
1948 2427
1405 4755
3714 4520
4404 2740
2800 3163
2366 4539
1855 4114
1273 677
1796 4056
106 4089
4087 2374
216 1668
1981 4597
2367 1729
990 186
552 2860
2256 4316
1458 4599
100 4863
2485 4772
3119 5000
4132 4645
4737 924
1220 2828
2688 3256
1289 986
4174 1330
4770 3527
2285 47
4339 3657
2259 797
2158 4058
2066 1606
2306 4439
952 1368
1323 2513
3140 2224
1913 1574
317 1299
4927 1340
574 3636
158 3564
1567 4705
3732 1340
4426 3057
4153 2834
4802 1018
4188 853
667 55
2088 4908
3246 1010
1875 4684
1508 3393
1949 476
3758 3882
2545 4419
3848 569
362 2540
2563 1874
4145 4937
1255 1652
2356 311
4823 4400
3274 2197
4541 4668
876 1233
4710 1262
1267 2371
658 2760
2668 2656
3388 228
4619 845
3263 1849
2477 349
3866 2719
1825 2347
2182 2867
1878 1683
210 1113
3503 459
1129 329
3877 264
1214 4406
4695 37
1445 3320
2594 2257
3185 4347
3299 732
4446 3569
456 308
1778 2652
148 3478
4315 4320
3468 4004
2611 2263
2363 375
2970 3784
643 4180
908 435
2086 3992
840 1301
4603 1668
3710 4955
260 3891
1711 2722
4599 1561
690 2796
4685 1225
1108 359
4811 4764
2269 2503
2150 2683
3206 1691
2290 2547
3452 3090
3100 3496
1915 4971
1489 4703
1001 702
4178 758
1441 2973
2286 3181
763 2195
2423 4153
343 4562
2404 2614
3369 4802
3485 3941
437 1692
1746 2592
1874 3373
3598 1491
2966 3709
4598 4189
4517 4942
4498 4120
1871 2836
4290 4730
2277 503
2052 3694
2502 1370
4100 2272
4092 2269
3883 2032
3388 137
2930 1773
2580 3805
3799 4696
4229 1753
538 2189
1163 2389
1774 3481
3315 1546
2803 1984
4309 1334
4035 4538
4750 2274
1953 1799
4265 1879
1949 2834
3459 3794
1891 1778
3631 4795
237 4113
2249 4533
2484 2414
3302 3360
1538 3437
4894 750
3527 3986
2544 3966
1980 4240
2284 2805
4862 3805
1276 2133
2067 1487
4684 4481
840 2851
2647 3904
4384 1211
4420 779
1398 3860
2261 4760
4925 1280
4043 3360
4683 241
3204 1040
1668 3962
1474 2220
4581 2306
1956 3662
1217 4510
2525 4203
4166 3551
1328 906
4794 3635
3266 4995
3413 430
1891 3418
1830 225
1858 979
2041 4748
655 2163
3432 1012
4754 4247
57 1315
3662 1179
1092 277
4368 1207
1132 4116
1697 3671
1431 352
3059 1986
3863 4201
2246 4716
1479 95
1145 3057
2158 4454
3010 2598
3314 3655
612 322
3313 3598
2474 444
1409 1967
3731 4372
1399 383
2718 1981
409 1947
1148 3508
4764 4270
4966 3749
734 3017
4232 3954
546 4710
800 838
4580 4751
4354 657
1205 1410
4962 1721
3092 2048
2754 2217
3496 1819
1503 994
4279 3359
1029 2367
2701 2237
340 4337
732 154
4842 1639
4833 3114
4000 2063
3260 3311
4840 4200
310 3900
854 3424
4312 1454
1856 4106
2173 1445
1007 2843
2737 3833
690 692
2956 2794
2398 2102
3609 3546
4905 2022
2495 1093
3582 1783
2692 908
2922 2297
2880 4618
4012 2393
2826 1328
3199 242
723 1546
1977 2072
2119 741
1016 1809
4535 4840
1297 2286
3020 3551
3918 3700
4718 951
135 3845
4656 3389
129 2420
2318 3210
41 459
4967 4105
3828 1483
2327 429
2348 1348
4512 2696
4932 878
3359 3214
2131 3437
1020 2899
3806 2722
2056 775
995 668
4508 1018
452 4554
3506 1356
3954 2176
2662 4641
1872 4027
4673 4739
3064 2384
2808 1282
1560 185
2397 3695
4613 2566
3328 218
1855 3340
2895 3665
3751 573
1569 1923
623 582
738 4657
1042 3186
772 2274
2517 3151
4191 2420
798 342
3019 43
1520 4027
3598 1237
1204 563
2193 51
4018 1759
3769 4666
3412 3959
2841 466
3087 4716
3444 3227
2396 2418
3259 3951
1871 2987
4257 402
2788 2445
3452 4754
4257 4608
144 3880
1204 3306
289 3988
776 975
1883 2880
3069 1787
4333 2037
1958 4433
963 695
4338 1762
4096 1966
4143 3634
3764 2642
2166 4896
4035 4060
3764 1110
3643 1965
3205 933
2211 3438
1279 3480
3607 3206
3409 3726
764 2294
1996 2112
1072 3273
55 4460
2212 3399
1846 2691
151 1626
2361 2515
1070 4463
2954 2915
1044 4052
899 2541
4668 4684
2859 2966
1925 4373
3286 1145
593 791
3865 3022
3925 1644
1253 1707
3623 4798
2517 503
4313 1653
4141 1251
2692 3843
1930 1015
512 4867
3010 1945
1525 4876
95 2106
3680 2017
2419 3420
160 3751
2304 3636
1740 1420
2293 1576
1517 1779
2938 3780
49 4098
4955 3715
2723 880
453 1083
369 4131
1867 4919
4301 4171
3445 2034
646 1680
4936 2137
759 4007
158 2620
4644 556
1095 979
403 456
4581 755
2069 3807
4787 3912
2588 466
2933 2882
4325 2327
2456 2429
27 3334
4998 3610
1822 1829
4180 1274
216 3947
740 2148
13 292
1522 1639
3131 606
3103 858
196 4492
1386 1286
1790 4357
2852 3650
1205 1314
4350 137
2810 563
1341 379
4653 759
4553 855
3599 4717
2516 4449
3767 1733
3021 3504
103 1875
680 1084
4492 4788
1572 87
4922 4910
1112 291
3090 4504
4710 435
4970 1681
2479 1720
2169 2732
398 531
3504 2705
2961 947
4124 516
4135 4330
1789 49
1621 4916
2903 3564
2481 3982
1195 2946
2472 2773
21 2132
42 1244
772 1171
165 2395
1251 3125
4331 1728
3120 2860
2034 243
4296 4590
4233 694
4154 445
1533 3908
92 1902
2790 2285
2694 1952
679 3867
1191 587
1546 4695
4521 4731
3271 3943
3307 2721
3770 1206
1103 2977
3130 530
4773 4757
1824 2310
13 1694
4669 408
4400 2175
3556 1384
3159 665
4822 3826
1741 4786
4025 3434
2021 2059
3091 4864
4681 4379
1991 4140
2218 981
530 4764
4137 1660
764 3719
363 3063
1363 3864
1308 2312
736 1362
3795 901
4001 3281
4935 4248
1139 1224
4226 994
1992 2838
1000 4598
4719 2516
3986 524
4043 4215
4520 3787
740 2607
2256 2329
389 967
4197 3494
1098 2134
863 1546
3550 901
2975 1499
685 1161
2140 2368
3153 503
3208 578
4280 1589
1618 2046
3003 3726
191 2885
1594 4609
2246 3869
3714 2301
3685 4561
4180 2867
4339 212
1425 3569
4295 3659
4877 2176
4263 4169
3849 2276
535 4094
4205 290
321 4975
1394 3922
4938 4852
4047 3700
624 4492
3676 524
2671 526
3089 4711
4551 3805
2959 2894
4081 4890
4769 4107
1002 122
478 3853
3800 4737
714 1722
323 2530
4717 793
1637 430
711 2513
407 436
994 587
2219 293
4501 170
4433 905
2808 4769
4160 57
95 411
3216 1551
366 3532
3376 1186
2299 1490
2468 994
3990 2406
3002 1536
4098 1969
2523 4738
4098 520
1471 972
4386 976
1925 2434
4748 1521
3285 3573
3852 3661
1631 1763
4595 1232
4680 2254
1525 984
3917 4778
3944 3560
2718 4272
2901 3556
4646 2382
4616 353
700 668
3093 4656
1812 3395
2230 557
3770 3253
2923 1514
1801 2799
1333 3254
4991 2675
1140 1964
228 2040
3604 62
135 1793
2027 2823
4515 3692
2601 4975
327 645
3952 604
4127 754
3048 501
4849 3449
2312 1854
4038 1003
1669 1019
2448 919
495 1270
4701 3174
1154 1612
3383 4244
3511 4256
690 2844
2674 4352
1520 4478
545 181
927 1566
2460 3084
801 3423
1495 1776
4262 1055
4259 1925
650 3095
2986 4842
2969 3515
1390 675
2427 4784
2497 2549
2567 1204
874 3078
1182 1699
675 1191
629 1314
4089 3128
1828 995
2064 1447
1702 952
4087 4993
4730 1783
3904 2472
2392 3139
3274 2895
311 4565
1125 1314
880 4479
3398 3751
926 4163
2769 3205
970 3603
702 4859
1470 2329
3696 4243
2359 308
3596 2002
1092 4341
2541 1029
1392 4935
16 2027
2370 1720
2365 2724
4094 1107
1756 1558
2487 4385
1836 57
1961 404
4010 4796
4588 3457
4021 701
3380 3060
691 1611
2334 1046
3218 2439
3263 4758
1029 1838
722 1671
732 2483
1576 1392
2028 1907
4965 1226
3898 2612
4062 4365
1468 4206
842 125
1687 3071
453 743
3406 3532
2593 3689
4615 2410
4007 2065
2773 524
3746 3589
4300 94
204 2593
2510 4142
497 2048
4895 2850
3016 493
893 34
2428 344
4137 1485
1446 312
3161 2134
391 1071
4825 3646
3333 3765
2011 443
652 106
3710 651
4813 1442
1241 4790
1197 758
1839 1433
3587 4847
4290 1329
3595 2417
3449 897
1263 790
284 395
4506 4098
1600 1535
4197 2100
701 4940
4005 1239
3489 2886
1205 4946
2816 1231
4001 4728
1127 2434
1338 2733
1963 1286
2331 1517
4452 3187
3466 2521
245 4395
3217 3724
598 360
1013 3410
4414 3745
194 3083
415 834
1824 2631
2959 179
2071 3093
2557 1570
2816 3445
1950 2154
1151 1702
2388 4874
4595 4838
3423 3405
2825 1309
2491 3515
3013 4678
2156 602
3653 4603
4026 3502
4136 1536
15 109
30 4727
2669 4626
2924 1585
692 2807
3069 2732
314 2113
2721 2903
17 2355
313 2333
2827 1790
2610 119
4254 3688
2501 4621
2966 1159
2757 2399
1870 1529
1443 3894
4439 4723
2258 3022
4882 1412
1071 2030
2459 1917
2903 694
1132 1261
1204 3152
2723 1350
174 4880
4273 3803
2842 1196
1680 2909
371 2337
4830 2816
746 1210
4660 1562
4947 2229
3638 4440
2916 849
4060 3820
1832 3822
3290 4332
3031 2658
173 3316
3806 4054
2555 2061
3086 2747
4271 2227
4919 420
3729 1558
3399 2648
2721 4508
1462 4569
3924 4770
4768 3899
129 2403
284 3301
586 2296
3275 3860
474 4681
3989 4011
1183 3187
3150 3099
3382 3884
4602 508
1389 1739
78 1008
2961 3306
980 2787
1221 1615
644 756
3039 2420
3132 1588
1197 3417
2579 4783
3263 2473
2308 1649
4871 4797
634 3377
2758 556
4867 2249
1982 1272
3424 2553
3157 2173
3105 1092
3856 829
4327 4398
4409 725
3624 1412
3562 3314
1566 4721
1684 4396
2429 3830
2353 4863
4158 2777
3786 849
4356 3079
3255 2772
862 2235
2905 669
206 4650
2777 1781
3027 3588
111 4383
3202 1611
3330 2544
1168 4840
3728 4595
4881 3166
1957 1334
2081 3935
1122 3444
723 1177
2177 3869
1112 3999
2224 4806
1292 4929
2956 36
4801 1735
1552 3379
2248 1909
2521 1483
2657 1997
1394 1774
212 2141
852 1034
1893 636
2638 688
4393 640
1349 3634
2024 2593
4505 855
2249 1603
786 217
418 886
1636 1178
3369 4723
3917 3810
4794 3481
2933 1721
4377 1806
2841 4094
4546 2777
4879 2001
3180 2029
804 2068
4545 2016
4582 1195
2096 3848
2679 4525
2675 4426
4641 733
551 34
3679 4294
4740 1044
2978 4314
3046 4329
216 1051
4227 3535
3165 2297
3876 4945
4147 3654
2174 4748
3215 4782
1028 4709
558 3352
1998 3450
