40 172 30
984 474 16
2804 3346 8
1600 1456 9
727 3069 29
4296 2894 1
957 2580 5
3057 710 1
865 1000 19
1144 4862 22
4105 4703 13
1184 1532 3
118 2506 4
1724 2469 11
2298 1804 10
4511 1586 21
4423 1190 7
2543 4517 13
3764 3126 13
4652 848 8
3099 2453 1
1159 4244 8
2330 1274 5
263 475 1
1387 3601 16
187 2323 15
4233 2870 1
69 3567 21
1225 4158 12
2463 1135 28
2770 1770 28
967 1665 16
2080 2692 12
408 184 15
2273 2712 6
3847 2429 13
3252 4544 11
4283 4134 30
806 202 11
1930 66 28
886 2472 24
55 3308
2428 4223
3841 3728
883 2203
993 2584
873 3621
3010 2105
3870 1434
697 885
642 3874
2056 3201
4455 3410
4309 2421
2644 2686
774 138
1589 3167
645 3293
4219 1499
736 2775
4436 3067
813 410
2282 582
2985 3969
4653 347
4610 324
4736 3382
1502 1484
1556 4273
1566 4381
3898 2362
1523 1327
78 4175
2151 4555
3387 1884
238 2700
2182 3214
737 4102
4022 114
3500 3451
4958 3807
1655 4679
4666 433
3875 4467
225 3963
3454 3669
153 2589
1371 4617
2977 1725
1795 2811
1020 452
975 1714
1379 3325
4940 1128
2260 3082
1139 3701
4117 2314
640 1274
1532 1931
162 3397
2035 3318
1500 2455
401 1908
4648 954
3862 2489
2396 3428
3296 3843
2917 3834
1325 663
2909 3170
4379 1287
4967 3637
2317 2749
3922 3063
614 1792
2502 3348
4932 3580
3842 3763
316 1835
482 4473
1866 2500
3262 4830
2706 1943
4064 2947
3598 1484
244 1574
1567 970
4132 2719
825 2927
1728 965
1035 3088
299 744
174 1080
4960 3126
680 2436
250 2257
3602 4607
2634 916
2910 2657
307 3953
112 4480
4382 789
1708 1969
3011 92
373 2196
2997 1326
471 4858
4284 2491
1597 808
2883 4734
6 3107
3825 4592
298 4691
2571 728
4165 914
4124 4911
1910 682
4730 2221
386 364
2161 1357
1960 389
1428 2874
1582 3179
1316 712
4230 4235
1171 782
2694 3711
3171 3171
2050 4099
852 2136
2201 3999
2833 2663
1504 1342
1140 4145
4833 1848
2820 4794
3170 2197
2968 199
2303 695
4395 2241
4608 456
802 336
3609 2881
4567 789
2323 1290
1886 1860
4928 2500
3299 3275
1790 2098
2132 4794
4680 3792
4845 1185
2590 646
4155 2496
4872 1129
4511 2025
2923 2691
4007 3073
4212 567
3349 3989
2297 380
773 3007
2646 1581
497 1232
4315 2778
1912 1259
1925 1034
2210 1374
1082 1801
4151 3354
693 4436
1527 4574
3597 390
