60 351 30
996 1240 28
2405 909 21
2406 643 25
3610 3376 28
3274 3088 23
4872 160 12
355 315 22
4079 2908 12
1325 671 13
755 4034 22
352 2400 19
433 614 11
4346 1553 26
819 4416 3
2523 3928 30
3319 4374 15
4214 3735 4
3830 2831 19
4364 957 30
2998 247 28
1399 522 26
3886 2424 2
1669 2526 6
4156 1449 19
4370 4309 9
350 3359 28
2150 2404 12
681 1511 14
4747 2242 12
4943 3283 27
4819 1653 13
3958 1370 12
4743 2827 20
4174 2810 9
150 4148 19
2671 4106 27
3014 1222 19
3277 3597 20
772 1374 21
956 1289 15
594 275 9
120 4823 22
3963 2468 4
894 3828 8
4062 349 20
2814 3238 9
219 2580 10
2342 3119 16
1850 857 7
3259 2419 29
3184 4158 25
1152 4627 8
1341 1497 14
4659 1598 16
4865 785 13
619 1940 15
4512 4008 28
1835 1900 27
4332 2837 29
2501 1446 21
156 2916
741 338
2725 3333
2065 3610
2143 3657
2426 367
2093 1974
4807 1202
2507 3874
2288 2321
437 2759
3156 1650
3260 2076
2471 413
2672 1252
1284 4568
4470 1360
4405 1069
2021 985
2989 2924
3819 4318
1248 222
613 2103
890 248
3641 2566
352 1470
1830 2128
2239 597
1366 2607
2467 3269
2970 2292
1955 4084
982 3161
413 3553
906 2228
2445 1138
4001 1843
3519 327
1606 4593
1519 3582
1221 4916
2128 1584
2008 4100
1525 3143
366 494
2242 431
4057 2102
3218 538
3861 1611
2974 8
1912 1304
3560 3875
1206 116
3748 2094
1153 2323
2561 3144
525 251
2015 3691
4878 3998
864 2316
162 864
3438 3419
2892 3522
767 399
2352 1281
1740 3038
2079 4450
3289 3352
2174 4594
2277 1664
847 1103
2467 939
3823 183
2803 3483
42 628
649 1290
2010 1561
522 4989
2192 4478
337 1000
4354 202
1975 1146
2526 2889
4399 1948
4053 2570
3148 3407
3651 2020
4875 4488
4814 4808
2973 295
3054 4685
1992 2517
3219 128
1326 1754
3090 1165
4879 4578
31 3319
4181 4195
568 2990
4518 4718
4859 2732
1501 4165
2041 3133
979 4900
1496 4991
4213 1476
1471 266
2185 4517
269 4877
1895 4890
82 2928
562 873
3661 3981
3529 926
446 1366
4636 1364
3388 75
1332 4605
841 682
3225 4587
3433 3838
2122 4701
1080 4855
2607 1215
828 3178
4844 2457
979 4391
2539 1303
3581 1409
667 2877
2261 3262
4864 437
692 3480
1783 2614
4393 1451
4288 3975
4664 3462
3224 3781
2837 2021
838 818
3967 891
3325 3010
3468 1444
596 744
4569 3251
4354 620
2320 144
4024 594
4465 4266
3298 2868
3548 721
2964 3106
1361 1773
1151 1306
656 320
1943 3660
4508 2842
3115 2799
199 1614
4704 4937
872 2639
448 2530
839 1064
3552 4542
2495 2048
3090 2245
4155 4241
2454 2435
235 2804
692 2533
1161 3669
3493 1186
3231 2866
1794 3645
2690 3538
2371 1006
2290 1124
842 1606
1033 2665
1000 1246
1970 3658
3171 1831
3908 3557
889 1865
4784 2883
2110 4262
1370 2717
2647 332
1742 4648
3246 4370
526 3012
4251 2137
1261 1434
3109 2418
900 4183
1999 170
8 300
2285 3703
2744 513
82 3324
4235 2101
4901 3181
1516 744
4284 2696
4663 3150
272 3570
3430 1895
2642 4201
3332 2780
2085 16
2868 2481
3872 4610
282 2696
457 4238
4422 2254
1763 1842
196 1911
3554 4166
206 1227
4437 2225
1356 4870
3253 4965
3165 1026
2013 1436
4032 4157
2741 1409
116 197
1205 3245
741 2730
3618 3455
2114 3650
3243 207
4966 4970
4509 4939
1525 4421
4803 1646
3524 3184
1583 3756
1657 1891
76 1489
1334 2736
950 2917
825 1875
753 397
528 771
2074 2235
2389 1627
3817 4003
2613 3673
3841 1616
2190 459
2635 4275
3351 1186
3771 2797
2642 1069
1867 3380
4831 1584
3877 3690
1182 1
4314 1672
985 2920
2907 2517
1187 356
2270 4754
4226 3892
4334 4011
3976 2465
2107 3623
1122 651
3826 1076
2377 4916
3844 3436
1579 2739
1187 1123
4319 3037
4323 4747
3488 3652
3731 2661
4039 2187
4899 4391
1119 3950
727 800
402 338
2528 2286
2959 2569
1511 4635
4013 1750
922 1050
1635 4485
559 3116
3332 673
411 4989
4684 3301
1236 4032
3019 3122
2042 4296
3353 798
2933 3169
2981 3109
2005 4314
2921 2730
2080 1106
4193 2120
4964 2171
2512 1012
330 4606
675 3784
2214 4542
3237 410
4311 2537
4897 3141
2574 4588
3403 2279
3091 1355
2497 4136
4657 1955
289 2406
2114 1984
3231 782
1363 476
510 4534
2366 2682
1749 1198
2336 3939
676 1213
2947 3024
4610 4209
25 2810
4073 3078
7 3949
911 1375
700 1597
348 3941
510 1041
775 3805
4342 1054
1342 3783
3301 2487
1389 4681
2248 396
4407 2539
790 1262
3035 1104
3020 919
3114 104
3693 3881
2792 2319
1041 2177
4976 2211
1041 2872
4536 901
