100 1002 30
1625 3550 22
782 4153 24
845 9 6
3547 1824 21
3664 2027 6
3347 1176 8
1956 2809 6
1575 2489 22
770 2003 8
1509 3519 6
3913 4358 17
2153 1808 19
4088 1639 4
568 3626 9
712 1503 3
3364 3719 2
1852 4806 20
4384 1262 20
4269 2459 24
4406 1106 16
1482 1546 14
2005 356 22
3055 444 29
4190 4024 7
4188 3522 18
12 3687 21
2808 1989 13
206 1680 24
930 4736 21
2749 1471 16
2457 2619 24
3440 1625 26
4528 138 16
3875 344 15
2366 2395 17
1949 779 1
2119 1879 2
3064 705 18
4593 4952 4
1552 4650 26
1403 2274 27
4829 300 20
288 733 14
899 3545 11
4882 246 20
1622 4172 6
1214 799 1
3272 551 28
4234 1167 10
1724 725 17
2072 1337 4
2282 956 8
3531 105 15
4835 387 18
1497 1565 21
1033 166 6
381 3686 27
643 4850 15
2283 629 3
1581 4622 11
1107 4466 22
4932 1922 24
4924 1654 5
1228 2951 15
555 1839 5
1351 101 10
1693 1378 28
4483 587 2
3109 707 5
3092 310 1
580 4514 17
4001 2903 21
1451 3116 13
3858 2954 15
3517 471 27
3052 1315 5
4610 115 27
1033 3888 6
4875 2118 21
110 3076 20
2467 1769 27
2120 4252 28
676 195 8
3008 513 4
666 1173 27
663 3100 20
3519 3059 26
907 1393 20
460 2710 16
4306 1941 30
2261 4673 8
1854 4779 23
359 4694 20
3884 268 14
3882 4866 2
836 3764 3
3783 4254 10
3226 4001 26
3726 1215 15
3514 3058 6
959 1622
2995 4403
2516 2854
1159 885
63 2288
2061 123
3551 2480
399 2813
2066 3583
1406 2400
1600 388
4142 1407
2723 3731
92 800
780 4656
3646 683
403 4547
858 3510
4003 2834
904 1270
3861 1812
1835 4179
673 2942
1403 4137
4142 3553
4587 1406
3649 2357
4098 3053
4887 2453
3023 3681
2881 4385
911 2573
1052 3932
2902 4776
4863 4478
416 3370
4347 1973
2026 2027
962 2292
4 2952
428 2379
833 3588
2869 2090
1308 4624
2268 3027
2159 232
2504 1991
3193 643
4459 330
3320 211
3906 78
406 3922
3118 3667
390 4578
1979 3885
3892 4749
2232 1063
4643 4382
3534 3088
715 2347
1125 1374
4085 2866
1433 3941
4339 2678
1367 124
4141 4148
938 2336
2225 4581
1109 2532
4475 1968
1677 2840
2647 2523
1633 684
2890 2163
3175 1338
1135 2231
3527 1406
4871 1255
2436 3509
2140 801
4103 2214
3803 3593
2927 1764
3500 1674
1428 4069
3582 4212
3476 1096
2393 4011
3116 2750
4053 1204
1035 2138
1564 2905
1321 445
2267 1699
53 2629
4071 4514
4942 2194
1911 3013
945 1296
609 272
3212 4606
4427 4522
4743 526
196 2629
606 4922
1023 4903
387 3814
626 2902
3264 3573
3330 3926
1971 2554
356 2568
2058 3050
2979 2289
247 535
2102 459
2581 3430
3275 2872
1286 1124
1569 396
3605 3793
2220 1736
3949 70
4746 886
343 867
3078 1124
3463 1840
4736 943
2631 1739
3521 4402
2632 824
4625 684
702 276
2061 4874
1243 3297
3953 3940
1050 14
3637 970
4744 2683
4778 1515
3382 2554
2585 4266
345 1959
3202 2807
249 1339
2641 798
2624 1740
2360 3491
473 533
3178 445
4048 57
3862 612
1775 4632
731 3534
2187 2326
3595 405
3565 2761
3109 1833
3805 1168
3850 268
779 1536
2244 1642
655 4627
4616 4236
2890 3646
3807 3844
738 1272
1288 2420
1159 3966
1471 340
172 2107
993 325
3360 3936
702 1524
2585 4429
3329 1220
3119 4563
3412 4353
1272 2041
1957 2117
4503 3987
3778 2003
3022 378
599 2700
541 3539
3891 4318
370 2584
494 4471
280 1472
4639 4575
2642 46
4863 58
328 3539
1305 273
3445 2607
3901 2437
4797 4100
68 3993
3645 1863
3886 4371
3099 4346
1466 3710
2431 1659
4489 4478
3742 3044
2126 2736
3209 4276
865 188
4471 1587
4825 3114
3808 162
143 3804
220 482
1300 4929
3274 2726
4836 671
3121 2497
1360 2596
1625 2425
4809 2253
4231 2846
3202 2137
713 3074
2449 3712
968 3968
4691 4018
1446 2476
3334 1360
4577 3246
347 369
2881 125
1485 4857
138 370
3682 3685
2062 1116
4285 1275
3308 4228
2534 1465
4385 4057
397 3312
2449 907
2372 3818
3247 2735
1219 1097
2502 1194
3230 1050
2061 3350
3638 1473
557 3374
4306 1414
1492 3209
4630 2207
3687 2520
3726 653
2692 1371
873 63
517 948
3919 1486
2269 4626
1744 3883
3027 1029
2815 91
3018 3827
1205 4395
4787 2262
131 1311
255 389
4418 2851
1912 2530
2138 2673
1958 1495
653 3615
4673 2906
901 3633
215 379
577 4917
288 4800
2311 2895
571 3744
4158 3374
274 2689
3496 1426
3927 707
4627 3899
329 243
1738 1299
4705 1261
1906 1496
3744 239
3083 980
934 3050
3639 3559
650 164
1735 966
4476 1721
242 2146
2673 2259
2368 2190
1944 4920
4543 3250
1321 2415
3757 4024
4304 2780
1911 2522
2257 656
2279 204
1542 3947
3044 308
3442 955
4002 2093
1466 3664
1060 3421
3032 2142
3263 255
1419 2016
3856 1447
3814 340
2058 728
3689 2624
2448 591
4518 4790
1851 3567
449 1074
3519 4021
2440 1714
1897 2775
1530 2499
4243 4716
3128 489
3743 2917
234 3241
2796 1822
3000 3717
3730 1898
3499 195
2100 2667
1729 3640
490 2576
1731 517
2475 1651
738 3999
4998 2152
3007 1930
1953 4248
2504 3088
4703 750
1687 2490
3955 1419
976 1028
4257 4440
4096 876
1891 4380
66 4328
2130 4431
1114 909
3375 2754
4747 1123
3099 3433
1360 206
3577 4169
4547 2715
869 1980
2343 3954
3404 3297
1743 2120
299 61
335 545
1962 3297
4925 3449
3945 1069
249 170
2728 394
4875 2023
4939 1860
1598 343
2312 4449
1544 4887
4161 35
3978 3665
350 3210
2143 1324
1612 1699
2902 962
3167 2498
2473 1228
2576 4623
938 986
4991 862
2090 1654
2188 336
2294 4249
2522 910
3438 1716
4218 3602
3161 2349
3648 1312
2212 1800
3640 1619
4835 1268
2736 2539
802 2796
4069 3739
3427 2970
247 195
3015 821
161 845
2950 630
891 1729
1289 1770
3660 3119
3236 3247
41 4000
2698 237
1628 3233
4288 832
4476 3388
1361 3024
227 4051
3486 4928
2894 3945
1805 4383
4619 1092
4117 2272
2338 1265
2551 3634
4475 3969
2564 3668
3763 4763
2958 4130
449 3571
1322 361
2299 1371
3523 3500
4260 1957
963 4219
3808 127
4359 3629
1361 4192
2640 4596
848 4050
2194 4898
278 4043
33 1626
712 1333
4910 2959
2916 3520
4649 3461
3788 3168
1516 2942
3325 3499
3762 1770
4936 4782
1094 3607
3569 4949
4910 2419
1372 1681
80 3618
307 4522
3906 135
1029 4866
913 311
3915 2557
3868 97
1005 338
3051 3350
4663 4672
2522 3
3477 3215
4068 50
705 1759
2490 4944
709 2366
3260 2720
4318 732
522 3217
4289 3171
4891 2667
4659 2336
937 3982
1131 462
1168 2678
4475 845
1047 4628
4792 2106
938 3932
3399 4544
2027 4322
3250 1089
4340 4801
3897 4851
4372 2437
4818 1127
357 2367
968 4744
4266 1326
3498 1484
3989 4353
4194 3057
4281 1794
1263 2502
4596 3829
1501 3499
2294 2947
4503 4409
4024 1932
3517 381
2549 3362
3164 363
375 2621
3895 2243
2251 4057
2117 3618
1155 4752
3686 1641
3103 3984
2213 4535
4650 2624
288 502
4941 100
1248 4202
1943 380
291 3950
2953 1620
2225 2491
1046 3402
4814 2146
275 1935
1059 1649
417 3296
1475 3225
1558 978
220 485
879 4089
397 3748
1783 3932
4362 3378
4835 778
416 876
1560 3789
200 1661
837 1151
4997 1308
90 934
1248 3071
2096 3794
863 2169
3571 705
4440 1825
1682 4094
4168 417
3605 3396
2071 445
3193 2731
374 1924
696 4608
846 1327
4691 3484
120 3853
2909 516
1538 4018
4325 1258
2745 392
2565 3560
3269 4885
141 361
4965 1774
682 2501
833 1726
4114 1943
2907 3837
3595 4660
1523 214
4933 1193
3435 336
858 3993
3018 3515
2269 2610
5000 3439
1739 1695
4721 722
4476 116
1195 1958
3284 4216
1248 4870
2464 1850
4842 4808
732 3581
42 3503
3285 2209
1120 1623
2536 3777
1699 2746
643 818
678 2738
1126 959
2938 998
2295 4144
3529 2043
3659 4691
2836 2878
2725 4912
2524 2324
257 1070
3218 634
170 3841
264 3337
318 1669
3517 1472
1864 2820
3327 3094
1531 1423
3136 4254
4114 4956
4771 2742
833 4487
1821 1568
3447 3203
3594 2816
1492 1341
273 1705
2301 4129
4465 579
1430 263
2781 2278
2413 3474
4580 1117
1907 4108
4075 4937
296 3817
1434 4905
1011 4958
1342 3502
1694 3856
3616 2399
4689 1501
2623 3746
902 1230
4929 4402
4404 3838
1557 78
903 3487
4514 4947
109 3276
3906 3702
3080 4638
3337 1552
178 858
2009 2058
374 3666
4138 1050
885 1046
4309 3056
3211 4427
586 4028
1140 4270
2805 1340
1136 2931
3133 3256
523 3730
4217 922
60 3157
4613 724
2137 3711
3804 1224
1488 3781
4830 102
1401 1934
1844 190
2143 1266
4255 4342
3668 650
3707 1192
839 762
2774 4533
2843 1306
2263 2943
4630 899
1111 2690
3255 1306
4518 1232
2674 4200
4488 4183
2585 2628
4733 2045
798 914
4998 4919
2215 4085
4411 4433
1121 4482
3100 4651
4372 859
3017 2330
125 2390
3861 2284
3299 1240
2914 2524
3324 483
4789 3254
2143 32
1551 86
3273 1672
4436 3590
4278 314
1821 2868
306 3934
870 785
4945 2721
277 4192
4567 4638
534 4078
4045 3350
4996 2319
2806 527
1566 641
4198 4995
449 909
143 1196
2305 2002
3546 3024
1229 3661
3963 4817
1060 597
784 4428
659 2231
4813 4308
181 4049
1557 3294
3919 1742
61 3753
2266 2224
4141 4688
2552 3508
2667 2604
4120 3711
3892 697
2847 222
582 2026
1264 3520
3962 3410
1162 1875
1287 2545
4053 4836
1094 3526
1835 3895
3645 1846
4802 169
283 4339
2781 4938
2963 3320
149 495
31 2525
3899 3310
3665 3970
838 4963
249 4117
2090 2642
3700 1173
3210 4100
3628 3139
2564 757
4928 3682
657 4691
628 4617
4950 2958
2175 658
2814 2595
2968 1934
2697 972
488 4431
356 2757
1526 4749
749 2776
1647 1626
1314 4293
3085 4054
4705 345
2240 2302
3146 380
1758 3752
1985 4383
4896 4005
3319 2112
1143 1443
4844 4509
2859 3268
3600 1916
3002 1318
2655 4621
3096 2506
2846 4103
4664 1157
71 1491
782 2162
3711 4513
1885 1688
4906 3563
435 4550
1202 4914
3280 2037
2028 3232
4905 1289
3195 3968
744 4821
3213 4013
1107 350
2373 1312
4975 3066
2594 1511
801 3673
1231 2066
2885 1149
2898 1221
3427 4061
4488 1260
1099 394
4024 4046
3701 1105
4055 2723
440 4773
2678 4460
411 443
1741 1503
795 4234
1981 4198
2467 2477
4141 3634
4998 4924
296 2351
2305 857
4503 2256
4878 2951
1359 3664
1979 4442
4045 2148
2949 338
2480 1238
1506 2098
1767 1620
4204 2220
4679 3475
1119 1818
1228 3372
4783 3459
3892 750
657 1281
2296 2114
305 3359
149 1245
4532 3971
1679 4785
2054 4712
1601 720
1160 2636
2336 588
4477 4870
2374 4275
4506 3296
2046 2353
2668 4917
1605 3217
1423 4966
3031 223
159 362
2185 184
374 3474
4122 4564
730 1347
323 3890
258 2313
4294 2449
4486 3429
2749 960
582 4000
1921 2263
2286 3214
4176 379
2921 567
4336 4520
3823 4263
49 1237
1589 1724
3968 4258
307 2193
648 2888
3988 1625
4897 2920
4264 146
3587 2049
3250 2766
3181 686
2009 1643
4038 3210
2665 3696
706 2571
263 1354
1215 1974
546 2900
4696 2341
4500 1653
1451 4061
4019 4374
784 4093
515 4167
4010 3267
2492 3144
4150 1160
3636 860
1394 660
732 4071
2014 2433
3019 2313
1161 3792
3201 1566
681 3027
1324 4222
1215 867
3276 3043
2908 141
3474 3567
58 3706
1545 3390
2212 1651
2928 3036
398 1026
2751 1636
2455 4515
4927 2660
3478 2459
783 1537
2041 823
385 3414
1327 1648
4726 1451
1998 763
986 2489
2375 2977
131 1051
3165 3522
4163 4148
2360 1948
4218 1917
1900 4332
4599 3899
2461 4338
1330 12
4138 3
666 4931
2914 536
503 2148
1413 1308
3594 4980
3002 3930
3953 1370
4485 3433
4514 1476
172 2466
3914 3359
2153 4439
4636 1259
4976 1479
4372 1928
1392 2537
1085 4124
1912 2137
1743 4354
2680 4588
1563 4151
41 2637
821 368
1295 1393
3672 232
673 2159
3027 4975
2841 4365
82 498
3794 2494
3943 3458
638 3796
2003 2554
2384 663
1171 121
3446 4514
523 3692
1235 443
4802 4632
4858 791
4746 1722
759 2229
2292 2142
4354 815
4791 1751
862 2666
3406 1212
2888 2790
2261 3012
1007 272
4290 4113
73 4362
4589 1092
4994 3707
3908 627
4465 1302
