20 111 30
3049 1952 17
2057 3496 7
2629 3263 30
1014 4312 30
941 4206 3
2426 2351 10
3891 2757 22
2235 3430 5
1211 1195 18
975 3721 22
3608 1406 19
4473 3956 27
1198 2776 14
1107 1344 18
1622 2577 23
3968 1997 7
2022 3061 5
1087 198 30
4512 4255 16
1175 4410 9
3530 2653
2744 911
190 3489
4387 4252
1008 4210
308 3604
4917 329
2761 726
2329 3939
2577 707
1896 1001
1949 4618
3536 1558
4752 1164
1399 2495
2106 4952
2497 906
3342 2052
2883 1396
1617 2326
1406 1802
741 2701
3253 4917
4388 690
4957 355
2690 2131
2716 4921
1848 1115
4797 812
3666 4964
2428 2460
1265 4775
4175 2119
530 573
2986 2574
2692 4811
1281 4515
3639 396
3760 3405
1892 305
3854 3831
2385 4317
4501 4443
3538 4117
266 3553
2242 4040
2891 2688
3975 56
566 595
520 3012
1250 950
615 3203
1202 3938
4143 3312
2766 617
3313 4207
571 950
3255 1976
3084 103
3715 1794
600 4182
2028 3312
949 2836
3354 318
2295 3483
2872 4156
422 758
4034 3458
3565 54
1852 2128
18 4269
4565 1274
2374 843
3424 4837
3917 1738
4435 3727
3615 655
2149 1343
4052 4773
3360 4799
4077 207
4823 4220
2211 2354
4594 355
1553 3185
4686 4003
3620 4405
1207 1615
54 2115
3943 237
2983 2560
823 3457
4935 4207
1804 2873
88 688
2721 740
4032 1611
2377 1321
3401 300
3956 934
2127 4640
2233 98
3851 1828
979 2918
1183 2225
1525 346
33 961
79 4883
2605 1826
4247 3740
4 1652
