150 1504 30
425 328 10
74 18 20
370 471 29
229 142 28
305 476 5
468 231 2
68 346 3
3 299 6
213 298 26
419 90 23
420 272 3
496 416 11
467 336 30
446 238 5
449 409 22
224 50 14
199 119 2
105 148 9
265 51 20
178 312 12
278 256 7
394 238 3
302 285 14
398 207 5
439 491 2
121 210 24
292 22 27
449 412 10
193 218 5
65 247 18
280 273 9
352 284 20
66 465 10
116 319 3
85 433 28
461 100 8
409 460 21
436 178 22
12 356 7
80 468 23
309 411 5
169 442 3
367 68 22
369 472 24
377 222 23
285 360 12
293 465 12
361 196 14
113 302 12
71 71 16
410 290 7
210 257 21
334 342 4
286 488 9
432 455 22
391 170 17
404 393 30
310 310 19
65 107 14
274 355 14
453 411 16
376 77 9
322 448 21
449 125 1
393 462 5
458 204 12
191 131 1
325 93 6
386 175 13
258 239 19
273 461 28
15 461 4
494 409 19
140 139 20
172 283 8
242 461 7
279 463 22
251 216 8
430 26 18
367 62 28
442 285 27
339 224 2
334 93 18
84 290 23
96 426 2
112 330 23
252 152 7
393 461 27
105 245 8
323 285 24
100 2 30
292 359 5
351 210 8
169 432 16
244 292 26
8 117 9
351 426 28
263 243 6
267 460 22
36 12 6
25 110 15
465 273 30
247 262 27
212 340 29
294 295 10
291 25 13
428 44 22
163 335 15
375 98 27
221 414 21
304 189 19
493 195 19
356 199 16
153 499 14
330 92 3
439 438 21
198 123 29
311 213 28
474 301 27
88 202 17
391 228 20
179 235 27
120 343 3
119 480 7
199 346 4
238 415 14
161 433 18
121 298 25
377 288 10
367 151 10
333 79 17
132 311 5
49 364 26
183 326 10
456 494 23
315 35 2
277 13 14
243 451 7
37 385 28
192 153 9
212 448 25
90 261 6
151 245 26
318 11 1
196 230 1
6 367 28
317 88 9
180 433 27
277 295 20
10 58 2
156 98
322 382
12 426
348 426
362 103
316 398
201 135
480 238
227 371
16 200
232 331
358 26
83 267
426 308
393 38
247 355
32 166
204 95
219 355
420 61
18 81
286 388
273 493
248 38
201 175
347 19
60 369
64 341
476 9
208 404
395 404
8 406
354 383
137 74
21 157
224 189
120 86
65 347
238 340
98 373
341 479
442 446
402 250
85 195
134 94
474 153
500 464
333 137
263 432
74 448
430 5
186 499
214 171
155 63
279 461
472 200
100 370
203 25
64 293
443 297
462 214
230 2
381 310
55 380
429 412
329 115
29 47
359 51
470 317
4 288
87 201
36 437
314 488
484 455
234 235
242 418
495 201
225 173
408 222
490 389
223 245
366 304
283 211
475 314
298 11
165 86
129 73
253 238
163 219
459 474
229 430
434 267
253 243
353 46
18 198
211 451
370 128
274 257
422 290
241 250
173 449
115 439
494 264
289 426
248 305
83 398
187 271
25 499
448 278
54 490
496 407
79 356
222 136
412 292
62 198
141 155
164 395
451 192
173 218
336 401
328 142
493 185
192 245
19 479
286 421
217 57
238 369
388 247
226 333
81 355
461 156
223 496
440 491
165 481
13 250
467 232
202 86
56 484
328 370
138 299
267 151
46 286
56 453
22 150
260 306
105 162
337 428
132 112
238 321
384 170
213 107
119 1
122 311
142 228
489 423
47 52
132 18
73 41
457 489
351 298
253 106
177 382
473 30
180 432
171 400
90 181
289 212
24 68
196 440
246 184
274 328
40 222
318 260
484 417
454 313
302 435
87 364
357 34
408 312
427 393
30 353
225 393
90 493
201 389
311 249
482 43
170 143
458 434
310 365
79 475
3 255
1 160
2 27
38 419
114 290
433 494
224 383
209 151
314 17
14 149
159 310
284 396
223 491
405 300
84 9
298 187
409 82
209 268
255 357
45 492
146 149
287 333
125 141
184 446
134 43
398 476
81 135
463 401
485 172
263 334
96 85
117 323
41 258
287 85
479 74
315 259
450 67
421 37
185 460
317 78
437 297
488 62
409 12
435 22
497 462
416 373
119 274
352 410
497 81
233 201
103 308
139 15
9 391
122 74
11 452
372 397
116 238
486 10
142 439
45 95
96 471
287 284
40 297
231 70
415 241
88 471
481 324
456 296
449 74
22 89
259 182
411 92
319 199
493 403
272 410
484 260
129 492
212 266
14 28
225 53
121 290
206 74
467 281
223 388
434 425
290 146
264 192
134 341
260 106
495 3
23 433
137 277
33 426
60 42
376 469
232 56
5 184
326 12
485 216
488 385
447 162
124 199
461 247
449 422
304 373
31 246
293 31
429 411
297 446
338 81
33 120
197 331
285 85
406 117
331 300
426 88
459 36
355 296
291 470
144 234
351 491
275 180
17 415
138 47
235 446
238 227
257 137
56 144
304 393
485 109
142 224
97 14
289 475
1 260
438 61
346 84
97 277
155 171
495 426
108 230
360 500
341 201
208 375
219 206
9 472
455 24
339 482
148 223
293 280
39 267
180 352
301 68
348 203
189 121
448 237
351 176
350 462
53 178
460 111
139 61
1 287
18 56
480 187
292 243
275 242
443 414
40 229
217 165
138 238
71 134
87 178
437 250
401 170
373 281
158 470
109 407
27 116
352 500
141 84
412 201
42 69
405 476
338 371
149 315
378 283
196 292
350 41
485 38
439 333
80 49
229 404
272 336
16 224
156 292
102 459
344 35
287 345
498 101
43 62
498 358
488 130
352 33
487 287
338 350
205 459
266 281
374 93
208 233
131 200
213 426
257 223
200 291
492 69
387 61
403 473
217 108
39 403
486 158
38 205
234 167
383 207
98 119
296 466
73 90
438 10
307 430
111 378
176 416
77 73
89 445
309 175
436 465
198 412
279 234
131 120
132 7
92 173
49 292
311 226
89 21
117 139
362 320
415 408
331 48
123 308
196 140
359 410
75 40
265 315
47 135
242 494
147 280
392 173
223 42
215 176
25 39
268 12
430 359
4 353
490 485
141 63
491 2
24 480
279 340
255 468
193 180
260 152
450 166
253 406
114 302
386 162
95 366
56 415
40 169
495 103
152 12
201 221
158 414
490 20
286 37
181 180
62 467
19 464
234 318
340 21
120 456
182 383
457 286
488 398
174 284
213 407
427 256
475 488
197 162
147 345
20 90
95 115
23 17
262 61
214 87
430 389
410 174
451 490
148 363
226 281
486 300
62 440
212 86
86 175
349 243
410 5
443 263
426 358
79 204
466 228
330 84
442 185
46 392
217 43
117 439
112 476
238 118
184 86
435 274
302 453
437 62
33 419
340 74
405 205
299 434
205 328
378 250
350 443
99 319
442 306
205 173
157 145
81 203
103 68
398 281
97 249
352 208
266 248
462 299
69 419
371 32
195 249
401 47
52 371
318 234
50 50
433 163
108 342
248 315
84 453
226 340
28 349
56 410
40 300
485 302
369 310
229 361
175 130
475 251
387 493
167 472
432 154
111 269
150 128
274 61
130 151
143 224
281 195
253 413
117 407
221 73
32 245
184 206
406 73
139 392
158 240
483 336
153 371
247 127
6 18
198 77
46 306
193 21
341 213
260 426
124 36
327 135
53 31
61 199
425 70
343 289
215 453
38 163
91 216
421 376
159 248
58 255
296 469
96 354
7 30
370 409
191 181
46 289
108 496
413 335
192 468
393 11
353 3
337 336
147 177
167 216
450 81
90 364
141 153
463 331
119 463
344 441
57 326
342 48
61 459
338 347
455 120
275 357
473 151
416 379
299 249
491 223
189 472
296 326
159 302
352 164
185 147
94 422
91 255
480 386
267 471
420 72
340 147
190 492
394 422
487 456
277 240
457 231
216 395
456 452
49 168
146 374
234 425
398 453
312 3
196 221
477 175
80 85
326 425
440 340
139 321
29 267
208 273
70 47
158 36
472 74
301 59
186 221
168 99
433 360
45 485
180 89
366 344
151 367
47 496
1 435
305 56
214 338
202 78
4 84
355 371
225 166
2 331
244 64
315 219
446 465
160 146
281 388
187 81
91 121
111 153
89 268
459 280
439 135
41 104
70 29
482 71
73 375
482 428
472 176
254 246
306 281
341 219
333 209
378 127
374 383
493 19
322 43
346 255
406 304
36 249
334 379
346 366
131 165
176 381
206 58
448 358
495 346
366 193
186 369
81 244
178 338
488 420
187 128
392 110
281 402
404 20
266 38
151 384
331 233
202 128
335 17
223 58
489 389
286 176
472 402
268 323
335 246
327 59
454 118
327 71
446 20
389 130
102 24
394 423
404 365
79 97
54 258
46 364
309 368
488 121
287 88
439 325
180 116
389 224
131 138
379 182
21 413
17 134
483 321
236 404
266 167
380 210
126 16
417 484
143 308
116 36
336 428
77 87
377 83
261 73
443 481
177 183
24 146
334 262
274 313
77 211
109 95
483 413
154 243
500 406
398 323
352 353
164 252
381 399
275 124
374 71
299 428
310 176
76 408
188 209
444 120
371 136
282 15
366 393
20 342
489 188
169 43
334 329
110 428
58 415
115 330
252 326
469 35
370 397
342 200
243 11
201 500
123 122
214 216
380 111
354 319
233 157
61 182
437 217
44 465
200 135
407 259
329 289
374 302
162 76
319 211
287 321
447 191
39 44
458 88
436 315
123 155
431 57
91 12
480 494
324 352
77 240
193 203
482 341
150 386
417 271
40 374
102 384
9 214
450 286
184 407
183 468
22 23
304 112
408 45
463 423
352 204
251 267
490 67
346 376
420 455
466 455
329 387
95 156
367 384
207 408
378 295
455 356
184 300
238 240
425 425
304 46
389 218
52 286
356 109
151 54
32 184
38 101
316 460
11 254
335 490
73 161
499 152
203 307
101 63
150 114
47 440
432 3
433 336
217 240
485 101
132 316
451 470
251 105
282 386
75 191
172 181
38 495
79 257
87 454
449 28
368 246
320 245
342 491
445 129
282 65
42 169
368 211
228 6
254 366
185 104
439 374
220 292
416 311
353 167
80 244
167 401
325 457
416 226
59 303
94 386
127 290
132 128
357 359
422 146
466 151
42 203
110 33
390 111
33 404
321 305
456 383
31 208
469 278
61 293
233 77
149 161
189 443
348 378
131 264
451 108
139 371
127 71
406 459
412 333
3 238
194 307
459 302
194 500
475 287
286 364
60 104
319 166
500 94
327 395
219 24
258 151
244 440
242 260
265 387
417 90
165 351
27 95
44 114
295 462
236 254
403 322
281 381
466 282
79 305
342 406
292 17
463 227
309 20
20 59
126 110
429 488
39 160
283 345
231 340
323 466
278 35
449 318
2 396
101 420
142 492
412 250
223 297
56 38
225 272
133 321
412 348
113 384
353 260
303 303
310 382
454 144
452 250
7 64
104 243
307 401
160 16
167 292
493 268
319 234
267 220
142 95
130 97
184 126
213 172
112 152
248 96
397 31
197 176
195 489
80 393
214 276
48 113
476 71
19 45
24 145
259 314
35 403
67 469
87 23
384 404
391 243
393 181
452 139
445 62
106 206
178 167
448 25
43 345
320 304
55 156
452 403
461 165
390 267
81 308
71 220
378 198
457 466
413 211
258 427
368 25
313 303
368 265
136 289
183 428
447 233
263 44
282 452
401 109
193 206
311 79
157 196
420 490
134 299
115 117
417 374
428 155
42 143
379 326
387 107
226 124
471 317
308 301
283 82
340 259
327 453
202 477
205 376
283 271
187 474
328 422
347 426
393 99
246 264
53 412
247 1
283 351
448 384
123 272
394 331
77 307
290 30
205 395
367 474
264 209
442 196
4 475
31 116
287 331
429 333
27 234
206 43
294 152
18 419
128 147
398 104
449 126
483 381
29 133
137 151
492 415
346 426
103 78
64 203
253 263
437 119
151 107
336 101
339 250
74 90
425 198
367 126
239 55
136 158
117 81
195 499
352 180
251 10
332 97
322 124
462 336
323 478
61 404
144 12
332 32
240 90
373 479
432 484
380 415
248 237
63 387
159 458
136 189
427 386
213 167
4 187
232 290
262 498
262 242
440 83
142 87
254 440
117 488
450 3
37 337
25 416
178 403
377 52
18 402
185 161
358 235
350 178
300 379
469 267
421 180
376 107
99 232
196 1
50 498
457 266
420 151
385 45
194 470
464 129
165 406
137 283
258 333
74 261
299 166
50 346
54 452
183 350
226 277
486 250
303 221
435 115
67 221
393 208
489 473
247 299
23 63
302 23
271 130
276 80
393 351
234 311
306 165
150 365
95 147
86 221
197 364
168 136
385 248
280 374
382 364
185 193
405 445
46 245
168 133
424 313
374 171
460 435
478 197
163 79
494 421
103 464
137 491
413 222
252 324
264 232
207 258
398 190
480 102
56 485
157 233
377 267
111 121
53 106
421 373
176 77
149 133
497 135
76 66
159 500
394 329
410 419
180 127
244 3
276 352
362 109
49 239
120 189
461 243
114 432
49 214
309 340
438 195
348 52
390 352
491 456
486 402
500 213
234 469
149 308
179 227
294 296
438 333
461 496
497 268
247 433
138 392
233 228
433 473
413 88
29 319
177 367
206 491
433 271
478 307
33 33
137 155
281 18
344 191
204 426
60 233
228 439
433 192
472 499
425 283
63 259
462 267
178 236
424 229
390 432
189 467
485 458
286 211
164 116
120 293
430 303
44 200
480 71
401 362
322 127
9 93
5 20
436 275
453 162
247 279
4 463
231 283
34 450
29 153
218 294
326 201
221 113
361 98
57 230
444 306
451 174
399 34
455 190
306 394
289 208
498 39
419 401
271 298
113 323
431 331
421 424
209 112
124 337
371 127
107 417
49 339
381 487
494 279
111 370
213 432
341 170
52 70
497 226
3 37
244 246
103 63
90 332
148 349
24 131
355 100
395 279
428 144
362 466
440 27
314 37
420 90
43 318
49 455
444 27
276 253
281 277
95 351
54 320
210 132
253 216
482 87
344 358
279 259
439 161
193 335
424 150
200 108
486 316
439 296
25 318
227 247
346 61
371 293
107 472
385 101
14 87
496 201
96 131
173 438
6 476
477 137
406 229
289 105
473 300
216 302
330 452
266 26
171 192
388 216
76 451
425 156
253 56
127 154
208 168
470 166
131 100
325 139
265 423
454 485
293 150
180 462
82 160
241 332
461 231
80 243
450 174
55 433
164 388
417 362
188 151
406 263
28 372
151 310
240 320
250 455
11 213
334 290
449 306
358 241
457 95
316 264
408 40
294 290
190 17
131 91
251 180
29 146
498 170
363 230
465 412
104 259
5 182
369 171
199 181
408 205
384 246
114 198
380 267
372 1
219 164
260 285
434 405
120 91
354 460
426 477
480 298
138 88
2 146
467 400
217 409
398 151
206 106
105 296
146 297
35 64
462 291
289 462
436 124
259 89
166 101
104 285
49 432
164 340
254 483
146 204
380 332
453 12
359 252
126 356
143 34
444 482
389 59
183 445
168 225
153 325
176 221
221 180
229 319
227 111
145 92
441 403
137 29
17 69
328 218
2 187
85 210
246 163
278 156
61 317
467 27
32 401
254 236
141 382
134 121
126 74
465 187
72 318
457 87
443 149
18 169
430 86
342 385
6 372
98 22
437 476
220 4
354 59
464 340
10 184
468 293
379 213
227 179
177 476
418 200
357 166
361 141
280 102
391 25
233 8
261 485
37 232
130 334
371 273
74 456
37 102
258 385
450 101
432 445
49 329
159 460
226 111
161 459
440 437
290 26
