40 420 30
608 419 10
3442 675 11
628 4378 10
331 2948 8
4234 1372 23
2753 626 26
1680 4131 4
4923 4156 28
2879 1432 20
4478 4634 15
4022 4280 11
3523 2579 3
3032 1901 25
2234 1825 7
1410 968 18
1563 944 17
3661 150 27
3346 3843 19
2325 4504 15
3446 2792 17
4216 1605 27
4731 1582 24
1944 1737 11
3561 4491 30
4326 2235 25
1836 2144 22
4514 2778 30
1880 828 20
2372 2631 10
459 1547 7
158 629 6
3450 2959 2
3743 4513 4
175 812 3
188 3609 5
3850 3467 11
3004 1560 26
3784 609 12
1201 4536 17
4712 2876 22
637 1183
4643 3992
702 976
3548 832
4633 2547
4459 233
3575 1421
427 1935
2332 2362
3059 3690
3924 2921
672 1539
3548 1441
1925 1321
2516 4026
4645 3062
1907 4275
352 1965
2160 3485
1863 1104
1103 1217
58 3577
4220 1235
4757 5000
2798 896
3629 1898
4891 2822
60 3456
2789 1240
4837 4772
2289 1797
4475 3986
3205 3818
3135 2335
3648 4677
1545 2129
2063 649
1018 2855
2209 4919
4055 3841
1981 4925
286 2769
3126 2265
3313 421
3512 1248
83 1026
4173 1725
1850 2844
4578 3663
4623 3130
2685 3539
377 1709
3884 2148
1808 4531
4256 1900
4804 789
2973 920
4528 1716
3403 2703
3563 653
4856 2075
1550 609
4516 3218
1777 2082
2912 40
2349 2146
3146 147
2096 2755
2041 1276
1587 4447
771 704
55 4641
2189 3737
614 128
4035 599
4844 2161
2142 4094
2882 4439
1799 3398
3071 2057
894 1449
590 2569
4554 847
1164 3872
2358 2467
4693 2462
1915 1869
398 4339
3371 1472
4837 2208
4550 1559
1052 997
2410 3383
218 3520
1801 1038
1784 1999
3283 4270
3351 1801
2234 3777
1893 3188
3386 4540
900 4556
638 4108
939 4339
2171 4486
4563 4737
2627 4181
465 74
1952 1015
3656 3089
568 3769
1582 3487
590 3974
2461 2194
4527 2691
3436 812
3677 4490
3181 330
407 3788
776 568
4250 223
307 4580
1062 2718
1921 847
3147 1907
1987 2235
1334 1038
4863 1385
3610 2873
1106 2741
3322 1273
1202 596
2301 4929
3133 625
4603 23
4811 115
2822 1682
4389 2041
4573 1080
292 2299
2651 3569
4627 3255
4507 4241
1092 625
326 942
4389 3589
485 3733
46 2407
1698 2072
1893 1326
2855 381
1567 1317
1507 3816
2624 1219
3461 1177
4647 3787
1230 2913
1266 2087
1812 3376
319 545
1304 1448
806 1895
1032 3575
2256 4000
4325 790
4038 3173
816 2433
2845 4562
2086 1683
2823 1947
3761 3959
769 3274
2745 885
1022 3217
535 4223
2299 1184
2688 2229
2921 1228
4262 421
350 3785
4214 4874
4756 4047
4830 3114
2884 839
1746 4497
4585 43
3209 4185
459 1783
1562 1716
2970 1281
1011 3274
1335 1250
4115 1960
2586 2469
2533 4069
3713 2623
1655 2257
1348 449
1496 284
3145 4936
384 445
2182 2866
4283 3495
4393 3128
1298 925
3791 4650
4350 1177
1974 4583
2217 1016
4513 3468
746 414
2521 614
2545 903
4364 2964
2937 1491
2723 2939
2471 177
173 2414
3153 1677
2028 1857
3416 2237
1142 2443
1585 4900
3282 1651
4053 2407
3771 740
3651 3320
2063 3129
1219 321
1043 3788
4818 218
4658 575
1620 3732
2036 758
2147 2829
588 2990
1499 1082
670 714
3344 4846
206 4469
4485 1186
4614 1191
3070 2900
3145 532
2794 4308
1484 616
2470 4178
4220 3870
4461 3166
428 848
232 2995
4013 3913
350 846
4368 4285
2980 2831
3064 4639
2490 2732
4944 4153
4892 1370
4546 4672
1738 4472
4662 527
4954 120
1963 1714
1696 599
2102 2740
2645 3716
356 4979
3873 2614
2317 989
62 4782
2020 866
395 973
3459 1917
1876 712
2497 2565
2885 4403
380 2630
1245 2101
4664 2921
3942 4795
2035 4157
3234 1110
801 4043
3074 1129
2292 3467
356 1074
3161 3108
4687 2686
1306 3232
3680 397
4148 2316
2468 3736
4308 4437
738 2140
3440 776
3013 1634
1391 419
922 3847
1363 4174
2930 3682
743 2860
3491 968
3902 811
2063 1339
4621 3671
4246 1833
4884 1422
1932 3442
2399 4445
4365 4585
1630 1691
4575 2421
1753 2238
3740 705
20 3844
4073 2994
510 4800
3538 2823
3643 741
4247 2421
539 1916
939 3153
2183 3256
143 4936
1892 2750
4097 2790
2206 50
325 126
4424 3775
2843 3708
655 4595
4655 3368
3190 4057
2252 4603
458 4553
469 1656
2633 3634
722 362
1566 3085
3074 1510
4174 2325
3856 2007
4368 3154
3538 4201
1725 2959
4260 2552
3105 1054
1297 3009
1 3325
1465 1364
3912 2525
303 1830
1175 3725
357 40
1069 3585
1227 1157
1999 3431
3010 3293
1703 3177
1257 1188
1821 4636
1458 1905
2955 1210
3652 3364
415 192
1393 2307
3186 4364
3543 4449
1740 3722
685 4755
2133 1291
1456 3557
2493 4910
2078 535
3993 2068
4855 709
181 620
1023 975
3175 339
1708 638
3017 2942
4302 667
2444 1426
3617 4890
4989 2681
47 3830
761 881
1246 3995
2413 532
2867 2081
4742 1247
2367 4290
2393 2075
4946 2381
4857 3714
4267 2709
3201 3866
4562 2186
1280 4993
2442 2369
1963 1939
4577 648
2897 1422
1201 1930
4211 2813
354 3226
946 1183
4158 3873
4294 4415
4847 432
1929 145
2797 1296
2343 2026
3275 4307
1532 2244
4074 2226
3363 3913
243 3913
3196 4822
