130 1320 30
1923 4742 27
1465 4997 1
2814 4478 18
4062 2102 12
2788 968 17
2860 931 4
2481 730 6
3118 1239 19
4493 889 7
2578 2061 16
3860 3805 17
3244 3678 3
4971 4608 2
827 223 29
3744 2090 10
4147 4088 22
3627 1922 7
3644 586 18
386 2378 11
1386 2115 18
2179 1341 24
4753 3512 5
2145 509 10
4605 2667 16
490 3293 29
1879 3158 8
4641 3885 26
4228 486 28
3404 4290 4
3288 2727 27
2148 106 29
4259 1977 6
1670 4739 10
1009 2182 21
1972 1693 1
3785 140 12
3706 2006 10
181 2959 17
2660 4360 21
1197 4732 10
2749 2484 3
59 4830 22
459 4565 7
4779 969 28
1736 351 23
1881 3373 30
4785 649 15
3495 2707 2
800 1345 6
701 2474 12
1798 651 20
807 1077 27
3283 1922 2
482 1521 3
4644 404 3
938 364 8
1094 4280 17
3748 1638 13
3452 1654 22
1513 227 17
1262 3622 3
67 3557 3
2398 2633 16
1344 1438 18
1669 1885 25
298 2278 11
317 742 24
143 2981 28
2033 1529 30
3025 382 27
146 3408 8
4471 4407 5
4646 3924 17
2608 1880 18
3565 688 5
1669 1728 19
1453 918 11
109 4675 18
563 1753 8
438 1190 17
3223 4610 8
2087 852 15
3082 1413 11
1466 329 26
1861 4661 23
1667 3119 14
2659 1491 2
1993 2225 13
4996 1656 21
4005 2612 18
2288 3965 6
1850 205 13
3314 2433 18
1396 1991 12
2697 2966 27
3053 2942 21
899 4746 29
2738 2685 30
4043 2066 16
3846 505 6
231 2641 12
351 4469 24
398 1640 17
3213 4761 6
2173 1721 26
2067 2770 3
1169 2232 19
1530 2887 13
1156 870 6
3382 4685 16
951 670 6
4921 1341 28
971 4627 2
1940 2758 19
676 2706 21
2863 874 30
44 4669 20
179 1069 1
4996 3611 12
408 1053 25
4646 1166 1
2752 3742 19
1772 1131 25
1956 1568 30
55 4716 14
3983 176 20
3364 4683 22
351 2803 18
875 324 9
3819 4574 16
2504 2727
3664 3455
2317 190
3732 3107
2086 306
357 843
1422 1246
929 1385
4035 2276
4069 2419
4992 2696
1909 398
2146 4921
1107 4488
109 4495
2894 1904
4947 2131
1447 3487
2123 1428
2704 3990
32 127
3161 2398
2548 4417
2431 3314
2720 1436
2022 1332
3209 4632
4098 90
1368 3599
2538 1669
2972 1261
3091 2297
4378 1401
4818 1309
2194 4847
2637 777
1602 3276
643 3660
4953 4222
930 878
2909 1921
3348 943
3627 765
4699 4149
3251 1194
3087 483
4834 1264
2334 3974
2180 1742
2074 552
1114 2685
2552 1348
2561 3504
932 2501
3205 1063
390 3995
4960 4975
1112 1626
3333 3965
639 459
3941 1187
4636 891
169 2137
4757 2565
1979 4857
3219 459
4427 145
260 1202
4386 4115
2723 319
603 54
858 123
2798 1494
4579 2501
2710 3077
2010 4579
3177 1220
2177 3413
1780 902
1329 4773
1652 3940
1892 4073
3977 4032
1640 3490
3662 1335
3278 4554
4050 3512
1660 4387
373 1248
4158 1179
464 4666
2012 3984
2382 1494
2632 1744
1609 4071
354 3628
3793 134
1959 775
1239 277
851 3780
312 13
1466 4151
4406 4415
4943 3756
579 808
2306 1067
270 3248
1581 1399
4026 1607
3596 2725
1537 397
3236 3066
2666 1636
4708 4759
570 4471
119 1972
3428 2586
2584 2659
1525 3878
4616 3701
2634 2891
2702 2366
2506 3700
4661 1812
513 3063
2368 834
4930 748
2532 1591
1698 4294
1347 60
2718 1636
1593 3826
3701 3169
1790 4397
2265 2653
2816 2812
3109 507
1178 2115
3814 4065
3940 4755
2938 4085
441 3846
4424 1143
2478 4408
4715 3840
1108 4833
3106 3704
323 4116
2692 394
698 4098
4288 2913
4833 292
2582 4795
3423 3256
2313 4614
3404 4507
4564 4776
2401 573
3381 3673
2962 4938
3081 735
825 342
3024 634
1958 2777
119 4493
3751 4079
1502 4346
4183 1606
3364 2227
3096 4730
658 3745
537 2387
1630 4629
1678 330
848 506
68 2091
4743 1847
2597 4441
1251 2761
4756 1527
4865 1385
3364 4688
2264 2129
4902 2086
1775 127
4247 4126
1324 2836
1114 413
562 4708
2293 1981
2916 273
1483 2367
2426 4622
2247 2912
3622 4323
827 162
341 376
4818 914
585 1709
4501 1385
4072 1857
3095 3726
4866 332
862 2351
496 3758
4417 1574
2316 1871
123 543
512 4292
2845 4962
2437 4387
3337 347
4780 4108
4281 1768
2108 1524
2628 2614
4460 637
1377 4097
1285 2430
4355 4163
1381 1470
1224 972
4926 2572
1160 489
4509 3305
1730 1442
1839 3782
3309 3785
759 4342
1621 697
2098 4030
1140 3275
2931 4298
3762 4215
1973 1103
1984 496
510 3747
1561 714
2752 3617
4061 77
3972 3280
383 3516
3501 588
988 3603
2087 1797
4112 4644
2159 1035
3570 582
3115 225
1826 121
4992 1337
1635 726
3310 4673
1893 2203
1579 5
378 156
2075 540
3156 2895
107 2832
4887 1672
147 1875
873 3878
1531 2612
1236 2845
3495 2030
511 782
2694 4225
99 1033
3267 4525
859 2774
3485 4388
2813 1382
490 143
3426 1781
2195 124
1859 1872
3070 287
1288 598
2312 3514
3061 1820
688 1512
4013 72
3462 4887
3188 899
3305 3569
1260 4118
935 1894
2128 1973
1257 3927
2234 3477
4803 824
1865 1708
4207 1705
192 1516
4139 3958
3607 3706
3265 2798
1851 2440
1714 1640
664 2599
3714 4030
2889 2809
2347 1725
427 1551
3748 2719
4532 1682
36 2092
3055 2460
1392 555
4654 4706
459 4757
743 1265
2477 1947
722 870
896 3995
4665 4099
86 1490
2061 3875
1908 2506
659 2338
3433 1217
3868 958
290 3241
4577 2011
4391 685
685 1909
4018 2539
3736 4597
738 1498
2479 3240
4872 739
452 702
2674 4252
3111 4646
1041 4650
2015 360
1061 4110
4487 3355
3741 2270
3962 4792
390 2585
4869 4249
4919 3108
1461 3727
4583 2626
1913 1282
3449 929
471 2322
1034 3686
2434 2695
362 4363
2979 3311
882 3407
4981 1141
3800 307
140 3775
3797 182
3633 2450
3688 3252
803 1896
2547 3532
436 137
1808 91
2556 1767
2720 4853
658 4600
4951 1921
3234 3744
455 1772
731 1151
4898 4415
3727 1029
3094 1546
3379 3168
2356 657
2644 932
1472 3072
2044 4901
2642 2898
1656 2895
2781 893
2819 162
1120 1378
3391 3925
1826 4173
1613 4069
2770 2434
272 1059
4655 3714
3575 1810
1673 4892
4027 3320
2634 2495
970 2812
1207 2522
4393 2602
2156 4553
76 2580
1621 1007
1248 4981
3493 3574
3160 3975
2134 4642
4073 2118
3114 4334
3276 4012
1795 3503
2359 2809
732 308
3378 3671
4586 2348
2154 3913
4419 397
304 594
4185 2030
514 1844
4409 825
4175 2692
1349 2551
423 2598
4420 3331
167 2932
4272 1756
4735 3116
3621 674
981 4056
2057 4252
367 2894
1606 994
204 2235
2458 930
1303 2569
3348 1957
45 1616
4652 3467
2136 3908
1658 1986
1835 4383
1637 441
1133 4267
349 912
552 1654
3110 2619
3263 1205
3871 541
3582 3909
1037 4300
4492 1457
3742 2763
4841 1048
204 1951
1309 2665
1923 2975
65 3787
1212 755
1174 4227
561 394
4324 2950
477 1760
1884 2987
1893 813
3631 3326
4587 2698
4332 1984
2017 2932
3981 578
225 3413
179 1153
3881 2823
3971 1258
2848 4129
4599 4740
2937 1040
1581 727
2890 390
3189 2118
853 2731
2811 992
84 3064
233 2129
828 185
4559 1281
3323 2535
1883 4846
4783 3790
3513 1222
2820 3082
1385 4105
327 1502
2805 3831
296 293
4144 2035
3586 4546
829 2645
717 2122
2285 2210
581 4218
4126 594
3150 2375
1039 3933
2804 977
1256 384
4162 487
1236 386
4238 1074
1274 2297
878 3115
4776 3603
3168 3630
210 1035
1715 2534
3683 129
3078 468
3580 3109
2101 4158
3652 4739
4706 459
4574 2025
766 1850
380 4496
4041 4290
676 2080
272 1714
2073 1812
3517 3664
3159 2179
936 3914
2514 3607
741 3020
203 1527
1125 2181
3222 1339
4359 3314
740 1145
1324 305
3803 4779
1010 4313
1856 2713
1330 3816
4103 4953
1906 2150
2119 3173
4072 4753
3837 3300
1274 3325
2869 3564
1229 1284
4292 1567
4189 4455
1603 1191
2790 4254
3785 927
1104 3441
1869 3475
2568 1808
1151 4011
679 4509
1513 586
2899 3041
3775 4103
749 3074
818 2378
3263 4818
3394 4267
3627 1334
1587 4590
4489 2059
769 3432
4921 3297
3341 258
4878 2561
706 514
3305 1081
1274 2960
2605 389
4860 3683
4940 1871
636 1747
2527 3760
1481 2306
2969 4301
4945 4661
1901 3696
3969 2427
792 3057
1114 1302
877 3295
3673 2425
153 3603
2480 3255
4160 987
3517 1605
2660 3633
3133 651
2826 594
1727 3941
3000 2698
2104 2568
645 1217
4415 3280
63 1333
2736 3379
3940 4774
3787 2548
187 650
4398 4845
3445 2772
3265 4359
4220 655
3269 2707
258 25
4641 1747
1512 533
4351 3593
1876 930
2638 4423
4159 4809
598 3784
4694 3207
1985 2392
2553 1733
1401 342
1618 2603
1781 1009
3212 2125
1009 854
1802 1730
1865 2501
1584 4775
4972 1193
4899 2300
516 4224
2808 2912
2241 2909
16 3126
2862 168
1230 2995
3946 3226
3769 213
2784 4378
2941 469
95 2792
3647 2866
1743 2505
3916 1971
337 1876
3525 3147
177 665
1848 1990
1702 2126
1533 2689
4162 493
1637 2320
2528 4347
989 2941
2942 3417
1608 2794
924 3517
3779 1671
758 2317
2144 231
1383 282
1517 2877
103 4168
2042 2523
4981 455
2788 3785
1594 296
4220 4879
2561 4996
1927 1707
423 2613
4269 1141
4974 80
3996 3564
1977 2575
675 3848
2005 3603
624 1585
4157 3239
2946 153
2365 223
4448 629
3614 3484
568 4646
4336 3717
1603 4674
2485 4792
4127 4225
2271 3848
2982 2694
4924 1045
3509 407
2612 1622
3834 2822
2267 2256
1981 1154
2728 4497
253 913
3945 2589
1964 4080
3494 75
2842 4607
3777 1235
334 647
2494 1890
890 3907
3510 213
1003 4940
586 1923
39 4872
2104 1344
2366 2295
967 4898
1057 4696
693 784
2659 632
3404 101
1401 4363
2867 4139
4055 3061
4045 4464
2295 3421
4917 1575
3830 1304
2991 2575
2439 172
905 2131
3812 11
3348 3519
2773 1128
3597 4520
4243 1756
267 4161
2952 2535
737 4070
4135 3992
2232 667
696 1520
3512 4496
2546 3221
205 3903
136 2379
808 3731
4525 4137
1822 937
2620 3607
1737 2447
3924 863
4161 3234
1645 3107
4091 2540
4451 3870
919 3097
4572 1162
2929 2689
903 3413
4420 135
1090 3433
3124 303
4619 3262
2164 1737
460 3715
3886 100
1233 270
2364 996
62 1562
3866 266
4985 1278
3953 4638
2773 1135
3186 3583
136 2545
4725 38
910 12
4916 2274
2462 4620
3011 1359
210 2849
4330 1779
3044 4310
784 3588
4463 4813
4381 1618
477 686
151 353
1043 29
2237 2032
4217 2065
945 1258
1657 399
2450 1589
4128 463
1420 3395
693 1368
475 3602
2020 3722
2272 3459
1761 843
4547 3818
4026 4468
1778 4465
3154 4648
2478 4727
3294 3737
2155 115
795 4311
1123 3072
2249 165
122 512
2299 4251
357 1451
3390 2949
1584 856
926 813
2716 3835
1439 999
4382 915
3923 4866
630 2544
3161 1293
1124 290
269 2946
2758 3891
4191 4445
140 4257
1460 1289
519 681
4796 4467
2951 4567
597 3699
3090 1572
1450 2039
73 1878
3956 2597
803 716
3160 4771
4656 1196
3677 305
1844 3037
3676 1875
321 2118
4432 1773
322 332
1751 4480
4848 4272
1211 2382
4248 4815
4372 4343
672 4253
1996 3183
2383 3262
438 461
4322 665
4930 1760
2921 1641
1526 2506
2601 3713
898 3065
2223 2398
3243 2623
4588 4813
4312 2024
3187 3487
3064 4212
756 4831
1988 4551
3451 3633
3701 1044
2028 3290
2153 4674
4009 1811
930 3208
2861 762
2642 2760
1497 2388
3946 483
656 3106
2528 3202
3505 4774
3675 1965
251 3731
2814 4213
1052 542
616 1898
1559 274
3395 3757
2684 3178
191 3313
1528 4189
811 1438
48 1308
2759 4687
3056 4232
4721 3217
4654 540
3635 450
2256 3116
3318 3327
3634 1077
12 2830
3524 3905
3521 2879
1486 2246
2247 4944
1727 3339
3962 4043
1430 3268
4692 290
1273 2599
239 145
1019 3120
2238 430
3529 935
425 3693
2513 2063
145 1021
3911 3045
2003 856
3917 1808
2577 4076
2284 3259
3364 2809
4404 550
2628 4354
332 4733
697 803
1331 688
1464 1994
1339 2201
2554 1645
4608 579
4648 3761
983 4275
4843 1450
4638 3305
1134 3958
1877 2401
2401 3305
3122 4672
4343 2482
4952 3890
174 1733
1366 1299
348 3791
427 1611
4589 1773
1694 45
272 3074
3493 4810
2042 57
2510 2786
2604 1398
663 1817
2817 2681
510 463
3634 4403
1445 98
368 1933
3553 2226
1651 1816
3764 641
2562 3382
693 3640
4262 1484
4277 4635
2537 3161
2314 1254
4026 4422
1725 4767
4459 3443
4450 3076
4276 4276
4849 4018
4126 2549
3197 63
2058 2014
4045 1416
4156 4002
2543 4225
4126 4533
3261 3556
4942 505
1097 1798
3760 2782
1449 4375
3096 4150
3914 874
3411 2181
1766 2713
2950 1082
1587 3506
4471 3974
1227 3394
2382 1227
3243 401
4255 3248
2228 1395
1232 1287
2897 4252
735 1856
810 384
1407 69
2703 702
2653 301
4318 4829
4950 372
802 2393
841 4788
3290 4195
446 1756
3804 1659
3410 983
1502 2304
2351 316
532 896
3640 2359
812 4855
4383 4679
4845 772
1518 4959
2748 1976
1396 2323
3631 3217
2739 4670
3656 2712
3384 74
4868 384
3599 559
330 4522
2257 3001
2412 1598
4645 1599
1128 1229
2357 315
3997 2221
2175 1877
4148 3193
4674 4345
4110 1353
4045 3828
3876 28
1710 915
3214 193
4527 707
2624 2163
585 981
1523 1684
1694 4474
1509 1514
3913 229
4460 550
3968 828
2948 4192
2888 4052
4732 2101
4297 3496
1133 4155
2642 4231
1840 1421
1839 4745
1429 4130
4003 4057
4446 1909
3209 2150
3691 964
4041 4897
380 3805
4767 3790
4265 949
3635 4079
796 2437
4061 222
2550 1568
610 342
1689 3394
4367 862
4471 1737
770 852
3717 961
2045 3376
4794 152
2765 1192
4937 2819
4457 212
2617 4399
1174 144
460 3743
1747 3366
72 4010
3413 4396
1606 3257
4029 2313
3983 3104
1133 2453
4438 1927
266 3257
364 120
1018 256
571 3843
1125 4483
3611 2648
2314 2097
3043 4397
4838 4731
1311 4332
1151 684
4858 1871
3069 161
3882 2460
477 4106
3015 3215
527 4647
913 2308
1954 4274
2562 117
865 3326
1412 4200
1793 2427
2791 1613
3357 2787
185 4602
3736 2588
2778 2032
3295 2126
2953 3157
4032 397
1981 3774
2417 4305
1075 50
579 3133
1484 752
3962 4270
4628 602
2928 673
4740 1887
951 149
4929 2996
4231 2213
1506 4465
3590 4074
4952 286
4716 3277
1989 4535
2645 1085
187 308
2889 2353
817 3490
660 3358
1176 2942
4021 4757
3106 2014
3179 4324
4621 2011
497 1297
3294 321
1902 2244
1514 1969
4800 561
3220 1449
767 3798
3426 268
69 1630
1986 4333
4561 2227
408 3700
1402 1414
1206 1360
3474 3184
4178 4870
2255 4542
3450 1922
988 4706
3742 3260
3691 2095
1633 4769
2355 4875
246 91
3582 4410
3745 3671
1680 3373
4525 3652
2090 4195
1761 3098
4909 1391
3626 4673
3591 892
2438 1645
1339 3982
4942 1060
3440 144
4222 424
2744 762
1345 1834
2812 1580
96 1961
1246 2960
4811 4230
1531 554
1666 1214
2886 3071
396 2609
2404 1889
2755 953
4507 3813
1544 4178
824 762
3643 1168
3545 1543
1071 932
4799 3071
4780 1058
1244 3663
2019 3594
2061 4567
3869 2877
59 2874
795 4427
1168 4643
374 2732
1548 1905
729 1214
3384 1732
4472 1570
1424 3731
3124 1441
152 3333
1546 3619
2071 1036
4280 3990
4871 645
1653 1899
2547 2689
283 220
2543 1968
4915 4360
2727 2143
850 3365
674 3594
879 4298
1385 4947
3673 1793
1544 3225
1340 1128
3166 138
472 1728
4679 497
3464 1084
1156 3566
481 4473
4443 3015
2722 1705
440 4288
1166 4646
3767 1151
339 454
3429 4328
447 1836
1979 3648
190 1009
4478 4476
1093 3437
386 1372
1055 2
719 1381
2570 2422
564 4050
4576 3016
2877 1159
3853 2323
2822 1932
3046 3965
625 566
4113 4550
2510 676
3698 3374
1378 1482
1442 247
697 2931
3714 1111
260 2366
4405 3374
83 359
3114 4018
978 2541
1724 4890
3429 434
362 3799
2030 4688
2902 260
4383 648
4154 260
4696 4909
896 441
938 1817
2325 2425
418 3151
1713 1475
1954 574
300 3679
362 2022
441 1624
1123 521
2265 1919
447 3977
322 3581
70 1730
2634 2046
4761 3512
682 2626
253 4547
566 3823
601 3752
4439 3340
1571 4066
282 2176
142 2095
4399 4786
4854 1516
1034 4186
