140 1402 30
83 481 20
67 379 22
253 291 9
357 296 19
88 224 23
391 357 8
322 174 29
77 486 29
88 141 9
339 135 28
73 51 5
394 291 7
181 30 18
314 83 5
326 128 20
401 123 13
182 418 1
128 194 22
51 258 17
384 367 24
328 201 4
44 314 6
87 484 1
447 360 20
423 295 23
178 214 18
477 243 2
32 138 2
473 489 3
376 423 5
299 329 23
1 213 19
64 178 6
46 401 12
153 112 23
401 273 26
86 477 9
138 296 4
290 450 2
333 248 18
396 363 11
62 72 13
424 182 23
391 55 22
32 198 25
300 131 7
208 294 3
257 356 9
299 356 19
438 208 1
19 437 14
443 327 1
100 370 2
265 397 24
348 482 4
209 144 30
443 483 1
181 279 8
1 361 28
467 352 16
437 50 9
24 36 16
434 20 17
164 202 4
71 207 10
195 334 4
58 454 12
143 67 5
469 79 28
1 372 21
396 414 19
343 224 26
381 235 11
390 11 23
143 127 24
49 305 29
90 392 15
126 93 21
341 174 20
218 198 25
97 349 18
38 240 4
160 92 22
186 226 5
483 179 10
312 200 15
360 303 11
478 407 4
119 495 28
410 10 8
80 234 14
50 63 7
198 221 29
63 370 4
67 392 9
457 129 30
171 379 9
136 307 25
232 318 11
192 270 5
295 1 13
210 373 27
321 346 26
324 498 2
40 280 6
283 30 14
101 242 3
182 272 23
202 467 23
127 169 24
64 245 21
110 488 3
126 86 30
265 207 12
41 404 19
393 379 20
282 275 2
215 449 26
232 440 13
372 416 15
248 116 22
409 309 27
432 111 17
36 230 10
446 183 23
72 67 28
305 376 12
91 210 23
324 402 1
149 398 15
370 119 20
76 199 2
16 178 28
386 326 26
50 456 14
335 225 23
125 469 14
417 18 17
208 91 5
466 85 29
248 141
370 405
318 423
357 474
151 241
293 189
113 132
114 362
208 310
191 379
15 217
293 136
229 142
398 487
457 434
457 102
450 206
488 271
470 268
238 285
209 287
388 170
274 270
348 237
179 97
386 170
270 121
281 364
256 158
367 307
313 266
202 92
127 196
105 366
390 489
71 264
54 280
28 291
283 198
454 357
422 264
361 137
284 462
245 386
488 52
94 421
187 247
470 5
161 111
100 195
248 444
203 490
323 139
488 28
457 495
17 182
88 212
98 307
472 46
145 403
229 333
489 244
437 469
135 5
59 379
163 46
124 105
199 469
294 237
416 309
359 446
275 200
242 11
48 284
429 398
201 218
427 435
360 430
145 253
430 388
383 327
360 343
453 361
139 187
267 120
165 445
360 118
59 71
459 267
247 29
60 128
484 462
451 130
416 10
134 302
63 282
7 417
498 203
46 380
334 424
284 42
109 97
212 10
97 385
484 358
404 267
441 357
231 123
474 91
42 489
127 89
397 77
444 304
75 44
364 114
334 6
269 91
97 74
4 349
200 340
306 494
230 13
101 284
234 172
320 347
396 322
99 395
273 348
75 353
416 97
311 95
333 324
96 201
213 183
194 262
305 459
49 254
81 124
215 403
187 174
393 9
112 139
342 57
79 178
159 329
203 85
1 329
187 178
368 408
324 180
483 381
191 484
450 246
288 91
416 41
66 300
19 371
184 296
348 363
8 143
74 120
416 317
480 127
201 216
374 380
67 80
339 32
194 326
217 389
440 199
96 207
96 464
285 73
479 164
231 192
491 48
102 209
179 240
125 223
449 244
25 204
65 256
308 308
154 266
98 62
433 44
132 312
181 242
381 237
19 350
419 50
292 41
277 223
290 417
490 441
403 285
200 176
11 429
134 197
174 494
91 283
405 167
364 371
344 488
232 439
321 116
196 218
167 487
434 120
266 168
451 240
323 18
148 419
424 185
66 312
255 163
159 41
466 241
449 268
313 47
298 331
193 398
59 206
239 258
446 43
349 110
424 227
481 176
452 87
64 452
241 79
423 187
92 213
178 125
419 333
7 72
40 220
451 158
341 349
486 77
308 223
227 12
68 151
65 1
468 310
465 491
351 191
437 10
48 167
49 379
4 192
281 230
410 61
241 451
68 455
160 314
449 200
132 232
41 156
207 421
97 109
403 421
52 58
236 298
101 30
215 375
54 117
422 12
455 175
371 415
481 430
429 70
123 279
235 329
109 378
100 400
266 353
374 228
162 457
107 400
115 39
461 255
85 418
381 149
401 202
236 444
286 84
316 192
99 456
143 286
269 381
383 389
419 111
466 167
269 485
329 441
262 144
46 178
47 320
391 373
220 424
206 492
129 405
24 259
404 438
249 355
241 282
33 193
466 215
488 284
60 207
89 139
305 268
314 210
291 154
145 34
286 184
413 477
359 165
380 217
411 199
482 303
279 236
40 356
355 395
300 255
374 251
385 15
271 154
32 465
294 275
198 294
347 196
378 303
12 316
387 402
304 222
45 47
323 135
264 335
323 272
306 410
56 97
287 235
410 93
273 493
260 56
143 481
480 129
491 331
246 346
468 465
34 290
226 248
266 381
489 390
113 161
336 176
392 105
475 316
44 117
136 71
332 370
39 151
306 268
14 167
479 421
146 161
481 244
417 207
162 464
65 158
23 35
386 353
242 204
282 159
21 3
364 412
407 347
363 192
117 1
263 158
467 361
123 449
425 46
238 311
334 5
169 495
381 337
279 317
33 406
308 420
486 345
400 197
447 370
393 486
283 187
120 483
361 436
274 409
467 185
473 445
130 440
126 13
453 219
300 36
94 382
148 170
498 20
158 108
163 239
198 183
193 91
473 375
453 223
34 75
436 370
424 354
53 435
413 116
491 469
142 452
249 272
331 317
356 470
106 232
134 63
322 442
139 119
303 348
489 48
456 165
19 206
135 117
478 132
6 237
10 62
149 286
268 197
158 89
28 42
191 489
313 311
142 306
490 151
299 321
180 185
110 131
485 376
279 53
110 258
49 173
432 105
5 474
408 350
142 38
318 482
449 353
107 110
411 355
56 410
372 39
219 311
155 89
352 302
302 495
186 62
124 378
297 18
397 344
241 24
155 131
200 64
34 197
126 422
160 466
202 271
23 117
228 310
214 358
53 83
197 427
13 48
50 134
155 8
68 487
289 105
182 343
479 348
350 114
341 45
231 143
454 125
317 72
35 111
6 181
78 285
195 199
284 393
183 32
28 76
162 109
452 88
5 304
36 117
258 20
57 435
51 233
364 224
26 375
312 386
260 283
70 228
64 22
457 399
171 91
279 163
26 115
307 16
137 242
39 251
486 168
135 300
110 129
377 441
43 235
173 169
206 481
205 159
377 148
207 133
145 427
218 67
105 301
238 264
9 4
351 336
472 181
141 259
278 381
433 486
374 383
11 13
289 47
127 209
155 57
411 459
347 326
237 467
385 364
202 360
386 38
492 11
259 202
89 262
312 264
135 143
436 111
295 60
161 379
401 22
355 290
467 479
427 19
237 40
258 82
326 411
480 396
333 289
141 231
277 91
19 116
320 304
371 286
329 75
75 241
174 127
204 244
59 108
371 43
312 54
361 474
246 191
59 369
317 165
486 270
27 160
121 222
160 205
48 172
23 377
398 411
329 276
203 113
462 198
433 493
298 117
297 112
481 30
311 388
197 135
313 425
450 70
121 265
292 271
352 170
496 39
18 393
373 295
413 300
118 262
488 396
285 252
383 65
340 328
406 149
5 109
99 444
174 149
116 259
134 123
490 296
51 492
366 96
229 90
441 265
60 95
437 54
44 232
30 8
113 256
8 348
290 27
31 17
481 179
131 191
215 91
456 164
460 47
2 293
88 226
198 121
221 179
413 403
338 282
162 164
441 143
443 474
9 410
405 456
234 272
208 107
424 347
110 44
136 252
370 408
248 95
190 39
16 475
271 94
383 17
448 399
412 226
439 184
309 313
228 32
121 393
359 133
401 324
306 153
207 93
405 123
25 455
441 459
303 300
385 482
238 86
39 458
130 176
312 132
6 419
199 190
357 73
290 359
354 351
143 50
13 53
361 317
105 117
192 99
444 406
497 452
469 46
252 472
14 230
403 45
44 273
343 208
103 424
169 239
419 494
146 453
407 437
315 474
362 119
313 391
11 422
431 50
4 114
140 335
120 212
100 235
280 405
223 273
191 41
354 309
270 152
354 89
363 317
314 208
358 453
154 473
121 25
175 331
118 217
218 166
496 440
478 387
236 319
445 294
295 234
32 499
45 273
37 265
381 476
358 107
305 227
134 239
494 355
457 61
52 337
203 197
251 479
470 119
375 93
32 299
452 302
434 44
223 329
244 313
417 100
443 255
167 24
243 89
127 82
394 452
277 353
381 76
112 426
378 288
318 334
235 242
244 442
51 269
300 491
438 5
8 451
152 308
180 409
175 360
121 236
156 382
349 441
72 342
371 15
318 29
454 144
8 498
351 187
265 32
245 58
428 328
330 477
2 370
291 445
414 344
4 491
190 74
298 426
112 206
245 448
342 26
365 272
253 57
150 37
199 230
302 478
20 263
65 306
169 188
286 3
411 174
152 136
355 386
490 31
57 302
360 488
287 412
228 330
248 127
450 216
292 352
458 90
432 48
353 326
355 256
301 460
395 495
165 493
388 354
108 159
471 360
366 244
408 204
206 314
30 376
48 247
219 485
16 499
217 327
193 467
452 438
251 96
217 218
34 118
386 428
108 301
99 94
125 182
213 500
368 332
32 201
339 154
340 333
390 38
333 358
298 218
75 249
81 3
171 16
58 395
381 194
47 25
465 191
327 274
164 448
64 116
426 22
66 139
269 331
239 182
253 316
303 445
97 59
467 447
419 48
210 106
332 272
176 406
94 172
277 118
114 69
337 195
247 334
423 137
208 385
99 275
272 492
152 368
384 285
164 346
313 478
319 276
124 127
244 428
7 324
141 438
319 277
18 418
172 300
447 448
344 205
9 59
361 65
244 220
221 227
40 193
203 387
308 218
402 189
41 196
361 76
34 358
374 254
405 86
213 424
36 433
248 346
484 144
93 328
439 447
253 394
304 275
207 44
221 26
35 444
312 191
163 406
349 321
456 394
220 67
138 311
265 26
147 467
84 378
188 296
157 411
118 367
39 346
77 496
459 113
104 110
5 185
351 346
476 309
64 273
474 483
302 388
111 116
279 284
284 484
218 439
349 265
32 277
197 97
382 118
95 203
174 188
310 219
383 189
202 76
288 64
461 277
337 206
310 415
14 74
397 228
225 69
22 140
342 1
290 32
319 474
277 84
137 354
469 40
49 208
366 115
137 263
331 294
254 57
121 386
180 146
89 86
172 102
476 6
374 260
349 373
330 53
470 421
435 410
145 100
329 291
365 481
290 500
345 283
337 164
483 411
478 159
250 232
304 254
224 469
150 412
26 324
447 293
353 374
417 476
164 10
233 175
497 490
149 331
277 76
181 33
235 167
122 101
407 405
38 329
285 358
144 74
447 490
342 350
490 394
398 159
159 102
233 157
253 30
186 59
323 51
298 138
338 324
117 494
483 358
369 472
115 13
491 32
375 249
487 280
94 254
24 32
178 123
382 78
391 269
80 279
201 20
492 177
122 407
295 403
217 478
65 165
210 362
134 66
489 14
256 316
280 474
70 117
355 333
29 55
280 57
118 401
477 102
378 386
153 67
462 119
451 185
141 418
307 470
456 391
211 222
439 448
452 269
42 465
499 346
142 144
418 380
32 316
59 421
112 64
450 462
209 329
369 17
257 287
242 233
337 10
268 112
444 259
90 482
399 317
214 465
28 245
480 289
285 48
193 22
419 38
192 42
34 232
162 277
395 223
363 151
328 248
216 448
204 469
175 137
316 364
184 312
63 397
185 27
352 37
424 253
25 293
304 440
474 268
408 484
171 1
6 491
484 177
348 415
245 286
306 112
350 312
202 62
490 84
146 291
108 292
379 136
121 475
35 74
142 309
349 259
427 271
276 50
356 194
203 413
327 71
122 254
34 206
74 137
232 499
253 233
323 445
474 386
74 428
243 465
54 142
101 262
169 15
367 492
303 195
36 489
154 445
405 440
151 432
337 218
481 87
392 198
377 154
495 76
412 259
443 238
179 329
319 197
149 109
26 238
225 280
240 87
89 179
199 389
347 381
190 479
351 355
66 430
116 304
452 157
28 68
247 218
47 21
80 395
329 161
214 306
293 482
351 188
302 87
108 106
216 322
173 474
96 11
431 412
236 349
132 38
180 341
307 275
317 184
199 148
389 483
363 264
285 93
428 434
111 357
369 70
208 77
375 422
352 82
453 453
213 209
63 344
392 74
106 31
482 442
78 104
414 145
191 274
269 177
116 160
478 34
58 193
118 396
190 71
273 257
101 479
316 276
81 448
240 304
125 142
470 482
6 51
182 119
284 287
58 183
88 480
216 241
53 464
31 369
445 171
317 277
266 173
12 109
84 134
289 182
206 474
331 256
497 247
280 179
174 490
6 305
497 93
424 312
74 478
336 165
30 240
471 188
407 312
391 262
185 253
222 326
115 209
352 9
153 34
5 137
470 414
482 307
451 399
182 319
395 448
426 322
128 9
399 31
169 18
198 242
235 132
38 17
181 145
346 493
189 148
106 397
487 272
237 347
31 331
16 202
35 163
127 266
31 394
54 397
450 128
455 158
284 333
133 288
68 68
185 285
407 369
313 6
64 125
203 128
463 103
300 122
302 157
422 298
452 16
110 50
234 331
164 499
380 126
498 310
366 381
476 290
105 291
224 477
112 356
163 23
314 472
88 223
230 80
393 394
82 220
332 205
59 163
434 344
182 382
127 221
383 16
435 464
330 160
206 287
71 266
89 451
407 261
215 438
308 158
152 270
156 109
372 50
408 28
389 99
235 117
335 161
122 15
258 333
70 191
426 54
491 335
140 357
288 237
252 474
304 210
67 415
370 86
499 59
235 372
309 436
375 220
437 3
134 432
99 401
279 196
315 342
150 152
337 60
213 254
372 191
100 36
242 177
487 312
197 423
94 453
430 266
298 134
36 129
423 268
72 479
258 100
398 28
401 206
357 285
343 284
83 14
444 76
132 9
212 195
357 223
92 148
101 374
322 415
252 365
370 291
390 158
158 344
269 107
216 105
57 296
328 169
164 431
396 299
314 320
184 72
177 371
496 426
182 114
285 420
249 379
350 119
222 129
215 459
346 482
449 290
407 476
235 116
434 238
46 438
355 228
48 125
55 446
453 364
479 131
332 150
102 433
