150 1490 30
3186 3336 12
4799 2132 5
710 498 3
4267 1121 22
2687 3346 20
2152 4992 25
2453 4238 5
1110 3738 26
1357 4698 21
3198 3817 19
1557 3710 21
1647 2439 9
1900 1420 20
4275 632 14
4399 4232 13
1205 4258 5
4432 4547 4
4433 3664 10
457 2141 19
3327 3709 8
2501 100 17
1028 898 4
4997 3534 19
355 2114 27
911 1234 9
617 549 2
3937 3377 15
1427 1147 25
2881 163 7
42 4963 13
4546 4272 23
2962 863 4
2526 3596 8
4717 1103 26
4517 1851 27
1125 3204 15
1117 4907 5
731 2429 6
2140 513 2
2494 4562 21
1442 2203 9
1190 3738 22
3300 3041 17
2496 3271 1
1827 2137 28
1682 1393 4
4589 4229 10
4151 2114 21
2521 4867 29
4930 1195 1
3958 2710 28
1384 1222 19
237 880 12
87 4334 29
2373 4040 8
3608 1756 7
4565 4498 4
3118 258 11
4048 3376 8
650 2305 22
1786 3987 2
2095 4898 4
1980 2422 22
3948 146 25
49 591 21
2516 3833 8
2840 2581 18
269 4520 26
732 1923 4
3734 4403 2
2888 4155 25
4832 2189 25
3389 2435 7
3233 3719 25
932 2025 19
4032 3712 16
4163 3451 3
973 2286 17
4770 2031 27
2985 1986 3
167 4764 25
465 3578 19
343 2091 20
563 925 8
3604 4105 11
720 3064 11
4144 3088 11
2439 306 6
828 1781 13
1051 3245 12
318 2514 15
2860 2399 2
2617 1240 27
452 2481 30
2389 316 12
4306 2027 15
3419 1743 24
1605 1839 13
772 4882 29
4862 3721 11
3826 2128 30
1763 4422 25
1434 3264 29
4648 2627 28
3951 2670 17
4579 336 5
2483 3582 14
4928 4202 1
2342 1493 12
920 729 7
311 4939 11
1069 975 7
3963 267 26
169 1549 7
2036 1738 5
4829 1286 28
4418 3794 12
4323 1465 19
2359 726 3
2732 1379 12
4537 1084 20
657 278 26
4201 729 26
1154 4943 29
258 4181 12
4585 3301 22
3545 342 16
4896 3935 29
2778 2403 11
1999 2380 20
4772 2167 13
1539 2632 1
4105 3783 3
1178 1357 29
781 656 14
2002 3706 25
547 985 22
788 2735 11
4566 2612 17
2783 1564 10
2090 1291 23
4835 3435 10
564 4658 15
2635 462 15
4359 295 5
2883 96 14
3012 4426 15
1850 4419 10
170 393 11
4060 2910 3
947 608
1546 4811
4767 3310
635 2693
2527 3074
2871 1870
3498 1547
3952 2215
551 2423
2009 3209
4031 4339
2833 3874
580 4943
4057 977
2290 4864
2591 3146
1579 4978
3023 1146
4498 3652
4869 3763
4608 2484
1150 4510
1252 3307
2806 2658
3252 3290
807 3951
4685 720
4782 4371
2753 3723
3719 737
4716 2088
1691 2159
4392 2204
2868 4833
2934 300
2786 3003
876 3789
726 14
2114 1583
2008 2739
2236 323
2242 371
504 2335
2969 2798
1620 3187
3804 412
1120 800
3374 4915
2075 3219
1278 2700
2626 1599
1588 664
4926 1085
608 3582
530 1960
168 2935
3361 4914
3675 3555
2250 3085
4179 204
1532 1263
1143 4305
987 520
2644 1758
3181 2857
3273 2310
1267 587
1568 3913
3809 3369
1133 1429
445 3147
1377 306
2612 3967
451 538
2383 617
4682 4855
1860 3930
2095 4640
661 822
1027 1679
630 4812
4848 2926
1167 2648
28 1807
1869 2925
3014 4038
3311 2403
572 3104
1227 879
4402 4875
548 812
2015 1834
3289 3527
156 1171
2977 3200
4494 24
713 1251
1777 344
4645 1163
3736 2764
4653 1874
4465 4848
4370 3807
1291 4483
2984 527
4908 3418
515 2894
2417 2614
1885 3224
894 2293
1485 4389
3411 4464
4421 2575
454 3140
537 4565
1000 923
779 884
3929 2529
4529 123
1411 3233
4499 4261
1999 865
925 3050
1629 3370
1785 1161
2537 2682
3459 268
2470 2211
3278 1332
3948 2227
2468 2268
1658 2813
4433 2677
4977 1563
4682 745
374 429
195 4455
592 2463
3174 1322
2385 1867
3136 4948
3607 3686
4438 541
4086 4437
79 1177
1938 51
2095 337
1472 1845
3233 595
1418 962
2834 1352
3034 2568
803 3136
4716 1668
4672 463
4247 1467
1481 2020
149 865
3779 269
723 4390
3309 507
1419 553
4470 1807
902 4281
3544 515
2612 1641
3090 991
1580 2235
3064 510
1492 12
2336 1506
2079 1140
2395 3401
4890 2937
635 622
4415 128
4862 2592
4647 709
1929 2249
3977 4926
1850 3402
3423 906
1115 4260
2419 4708
3800 3705
2943 3864
1299 3177
4780 4821
4954 3524
3884 3070
4714 47
2494 1935
2782 3859
2790 2740
3882 2060
1554 4034
2572 1070
1138 161
4508 4239
4756 3893
1164 4880
1360 2198
3880 2826
2994 627
2749 1391
2785 1103
2103 4697
3582 3063
1345 2276
3187 2903
156 1793
2218 4348
3165 2311
2981 1211
4140 171
1781 3257
4258 736
4153 1565
2708 1526
3009 626
1722 527
1682 1564
4361 3702
4293 3574
3871 2629
3692 3771
3271 1128
855 3616
2191 3254
3334 1342
205 4966
4006 1653
4197 2173
4759 518
4291 2355
3313 194
3299 2494
2121 3110
694 4875
3520 2131
2881 350
2846 1472
4587 935
4009 4445
2234 2807
4532 160
110 233
3798 2376
4847 2541
477 3405
4978 1095
542 453
4023 1270
3777 4108
4868 2589
1533 2665
3600 184
2370 272
537 433
862 3339
3839 3530
4318 2029
1962 3830
2959 4591
3839 731
4090 1337
298 936
423 104
2073 976
2771 625
927 2315
523 4867
3620 657
259 1404
4425 3495
245 3717
2541 2348
1279 797
1884 1307
4518 2794
2618 4906
3795 2100
3283 2748
3169 717
2038 3005
3119 2056
3860 1280
3220 3757
2106 1842
2521 558
3141 1498
3051 2526
3858 79
2492 3721
1224 602
1709 4926
696 2586
1613 1550
3550 135
3558 2283
3274 3354
3708 4894
2634 1152
2041 75
65 4311
1189 68
4106 265
1153 3427
4631 4594
4436 789
636 2258
3102 103
171 951
2107 1421
3005 1346
2584 215
3860 4937
3467 346
2693 614
2391 388
3905 68
1783 3858
2235 2443
953 4698
3963 78
3748 2522
2223 1845
2278 3872
2648 2129
4381 3919
2980 4003
3656 1152
4637 1017
3215 2992
1372 1266
3047 2516
4120 324
1734 3133
869 3921
1562 1646
4976 4071
4206 1986
4706 2339
2096 608
2069 1371
2343 432
4159 2828
808 3444
1766 4536
984 3483
4608 92
4361 1093
4131 3286
4808 289
4623 81
632 2272
535 1235
972 1746
4619 3125
3334 1921
4519 77
3427 1239
4902 341
2783 2245
3589 796
2584 2168
2233 1280
4486 395
1260 4205
1751 1222
32 3386
186 3339
1680 2703
1616 2021
680 2854
1640 3281
4322 1706
3521 317
3841 2169
2036 2438
1921 4407
3815 3901
2449 178
3375 3053
634 3585
4997 2569
3298 262
1864 3877
2566 4293
431 791
1310 1763
506 2962
2573 3608
3042 87
1567 2216
658 3649
2121 2935
1045 3258
3955 612
4403 3776
2554 3128
1467 943
2333 3373
3148 1242
4676 2445
3502 4892
137 791
1018 1049
1134 1148
418 4163
800 2388
3629 607
520 716
1537 4742
2724 182
3133 1641
3392 2865
4478 2956
1374 1124
3967 4218
2536 2184
4334 4437
4400 4498
2548 106
70 4342
2575 4735
1297 4461
4587 578
4078 3889
3231 4535
849 4305
3314 950
2548 2510
1527 4751
1108 690
257 2665
2639 4361
4270 1957
2540 4982
3071 4745
1210 1889
1062 4449
2266 4348
3379 483
3559 2284
3053 4500
4874 481
1766 4248
3506 1655
4807 3298
1211 2563
1166 1827
3081 1155
2275 187
3607 649
1190 1425
3941 4386
4538 4338
4345 2722
2420 514
2325 1293
4809 2612
981 1712
4502 1523
3230 2620
3052 3479
1864 3261
2792 2325
1129 604
3746 3598
2556 4572
877 707
4311 4568
2735 309
1888 1698
4931 4246
506 3344
4760 4714
3565 336
4095 2570
3530 1457
951 2905
1988 607
2440 2507
2278 4248
1963 4649
2849 3292
2584 4929
1367 651
3458 1566
4905 4315
3857 3885
4071 2450
3908 3253
947 2683
988 2853
4836 2885
43 2600
3652 2527
2513 4614
4782 773
4364 3774
3136 1679
2249 2741
4178 1726
4509 806
2639 1890
1043 1188
4597 4151
1623 36
1195 4311
4061 3730
4356 691
175 2535
541 104
1289 2259
3368 3424
3163 2309
1736 4063
4834 3378
447 469
4268 3674
1919 4533
3857 4374
3631 3263
3324 999
350 3838
1144 1569
4904 1664
3958 4553
1128 531
3089 1443
2251 1553
4928 2630
2614 3774
1623 1752
426 4732
1543 4133
3946 1637
592 552
318 3296
4070 235
1804 4348
3575 1463
2705 3501
1795 3203
3363 231
155 617
162 427
3323 4324
4219 4621
1898 2777
58 1478
3868 151
4560 827
2571 813
452 1519
3525 232
2889 1982
3686 349
1375 2331
3719 262
4735 1063
1400 1556
2667 3514
4429 111
2430 2227
2294 1533
1889 3422
4685 2407
4328 3730
2372 1050
694 583
855 3510
1479 1687
1337 4304
524 2144
1409 3912
1094 3806
62 1009
3524 1062
4327 2280
75 3106
1543 1652
3787 3183
1707 3615
3510 4914
865 4167
1888 902
2044 3142
1543 2000
4527 4974
3124 1797
2397 2785
2802 3788
1287 4275
2132 3059
991 308
819 1523
4786 2675
686 2727
178 996
2151 4395
711 2116
3626 1978
2714 2576
2291 4643
2657 3060
2956 405
3317 504
896 1999
4312 3486
4139 1867
3021 2150
3844 517
12 1139
965 4126
1118 2762
2138 3259
1814 3246
1620 1522
1352 4949
3346 1333
952 1726
405 1331
3183 2211
2916 4694
62 34
3357 641
3578 4038
4110 4816
4673 462
2373 3498
2351 1513
2045 4015
3797 1325
3587 1677
3672 2282
3590 1637
3286 1984
3041 3262
1124 2608
666 2827
3913 2221
4489 2573
4986 4348
3293 648
4895 1413
862 3447
1042 4077
4463 119
1397 2274
3620 1216
2230 580
4447 787
2579 4202
2056 2953
805 2791
4392 984
313 4630
115 489
959 3637
3427 2326
4408 1023
3871 4540
4460 4398
3670 4724
2081 2659
3194 975
4079 4533
3711 4027
2470 712
1667 4327
4002 3756
4537 4896
2195 3112
4796 3421
1423 1823
2441 379
2374 2000
649 3209
1389 4185
4710 1870
1021 886
126 4766
3857 589
2904 1779
4907 55
2922 4367
3253 297
546 2348
355 4498
2587 718
197 2655
2954 2891
979 2501
996 1103
428 1943
254 3002
1307 1902
1010 2144
1440 4429
2902 1317
4153 592
4414 2805
3265 3553
3336 2730
4680 227
1958 4233
2957 3693
4339 1270
3533 4590
2794 1757
438 2174
3722 2642
100 2283
725 1232
4145 1210
2208 4588
3183 4585
3410 4213
4685 668
1964 640
4439 4270
4720 159
3936 2963
2064 4968
384 589
179 619
1824 2214
1836 1003
1525 2765
1231 3094
4344 3614
4999 3981
4819 2154
2449 4214
1581 2507
4002 3924
2855 1131
1931 2604
1002 2155
4604 586
4051 4784
4328 1245
4144 4367
4333 3254
2902 3120
685 4549
3452 721
4385 400
680 3935
230 3568
1266 61
1267 4559
3608 603
1197 646
3802 781
504 768
3497 4736
2922 1847
1330 3724
2587 1215
1832 394
660 1942
4124 1148
3109 4258
2288 333
4118 1802
3283 4117
3634 3288
4519 1218
4216 3407
2750 3339
4786 4849
3909 1290
4071 1880
2595 3575
1546 3620
1898 702
2318 1349
1299 1223
3317 4538
635 2926
1897 2734
2543 1881
966 1960
2685 1947
2347 1254
513 652
4455 3081
2642 1434
41 2503
1403 1750
1587 161
10 2928
4791 1761
3655 3539
4182 1136
3950 2067
4582 14
1434 3445
725 3129
4032 2912
329 2862
2991 4547
691 4231
3872 4492
3162 884
4096 1222
4639 2699
4177 142
324 2772
3007 3574
88 4835
3110 210
3360 1627
1732 2299
2443 541
2519 2894
2788 4414
1816 146
4978 2244
384 1219
2427 453
3837 4548
2003 3948
400 4001
2305 1641
4008 221
2370 1324
4679 413
4150 653
4282 641
1344 4843
171 3101
1070 165
4431 2008
2071 744
2926 548
3277 4197
2539 1956
4108 1751
3114 3505
1862 2925
172 643
1191 2812
3124 1693
3704 1416
2099 451
3329 2498
3287 2701
1404 1517
4788 4478
1389 1005
528 1558
4800 180
4615 1095
3710 1633
2263 4702
877 1289
2398 1927
3851 2957
1920 1681
4743 1600
1304 4722
4952 1883
2275 3974
37 2551
1111 4165
1868 4223
2773 2069
1033 1192
4223 4809
863 4542
3615 1011
4743 61
4161 589
741 3009
2471 4489
677 2842
326 1500
322 1878
4893 2899
3533 1486
2797 2217
1940 538
1131 2553
343 1125
2323 2478
3931 1394
197 2194
2517 2428
3472 4730
2674 3913
210 387
4746 154
1476 4785
1062 4600
3790 968
4093 4990
3317 119
83 1604
966 3394
3886 1250
371 604
2446 2067
1155 1445
264 3628
1000 307
3201 2401
2971 1103
2008 4078
859 526
3592 3889
672 4437
342 4346
3690 404
3187 4223
1264 907
199 1028
727 1017
2126 459
4345 1531
2720 324
23 4345
41 4678
2717 4373
2669 1543
2426 4106
1869 4693
1473 4766
2688 2104
1485 454
1445 2911
1954 3952
3488 2949
4808 1405
4345 570
943 4467
4416 719
2384 1533
4043 712
1655 3232
911 2559
445 1641
3053 3846
1333 3352
3776 455
358 2660
4812 4925
1224 2789
1550 4006
4193 21
749 3915
1459 1742
3876 1103
4407 1043
1246 4592
3828 4159
1567 367
1105 937
1259 1954
4584 2097
1974 948
3532 339
1419 2635
4344 2397
3855 3406
1100 2066
4093 2901
2700 4468
2242 4827
2504 3258
4422 4582
1986 72
1990 1402
585 323
371 3211
3501 4758
1008 3401
3857 4716
2211 3631
4017 2710
1739 1621
3748 785
3236 899
4837 3868
1850 880
1514 3905
372 2016
4197 3311
2472 2437
158 488
1629 2216
1592 251
816 3803
2681 4333
2669 3039
1583 4757
4021 4799
3001 2317
3946 799
4199 2138
818 2443
2498 2939
4323 2293
4092 4034
879 4383
179 197
716 3977
2618 2233
3968 3540
3751 2309
1203 1725
2805 3853
4532 637
4272 3601
1731 2874
2988 787
3834 195
3685 1145
1988 1328
645 2894
272 2118
3187 2402
1751 423
1669 588
4036 2895
4618 3821
228 1459
2929 2173
4337 2856
1280 2501
1565 1764
3011 1452
548 1280
3303 2091
4759 4675
2968 1156
4547 2698
3578 3607
3957 2006
2852 1225
3070 3529
4943 1153
487 4244
1876 1410
2057 2774
3550 3167
4821 1022
241 1843
2007 779
1777 2039
1358 4603
1567 3258
616 1003
2784 2780
3666 3062
3451 1165
3552 4943
697 3518
1713 4318
3255 2042
6 2214
4030 1020
1222 3207
3881 855
235 177
4160 715
882 4334
2050 4463
717 608
4744 2376
1376 3592
3764 4054
1478 18
4306 3064
4407 2896
3228 1463
1033 4886
3151 4482
4935 3671
4539 3951
2579 1201
2114 1221
2146 1512
975 17
1073 4216
761 114
4894 1358
677 1521
706 967
1101 3941
2790 3291
2515 4340
2224 4336
3148 4789
3979 3326
732 91
3230 674
3351 4321
4962 2082
4994 537
3839 1381
2310 2403
1573 1860
3302 4542
2724 4152
4600 2702
1944 958
3281 1013
1336 2529
785 2740
301 99
3784 1475
3598 1917
238 1494
2522 3236
4680 4491
2367 785
312 4951
2487 3127
3296 2505
3517 1339
1213 3972
818 3619
1396 4095
4812 914
2620 3515
4085 3767
4051 2301
3266 485
2052 4400
4137 4858
4408 3694
3216 1800
1189 4860
1170 2606
4361 2217
1403 3462
4180 2512
4654 4722
998 2074
303 2636
867 1605
3102 4465
1161 4992
2677 4668
2296 1206
2475 36
4047 3963
3336 2245
1101 1597
2102 2490
3240 283
4096 1828
4093 2099
3349 4701
4277 759
2429 4601
3498 992
3110 3361
4247 1097
1653 4377
2762 1080
1333 2978
3607 1052
4544 2518
996 2590
4935 3177
11 4953
695 620
1449 445
1098 3488
3915 3733
1 258
1929 214
1934 3234
3908 4094
1314 413
2819 1099
4314 353
4227 1070
3324 2042
850 1207
1049 674
2958 1763
1612 3464
2443 1064
802 1966
3467 4170
554 3947
2983 4965
2219 31
4493 4577
2598 1639
4856 258
4686 3881
1050 1861
1646 773
4627 3244
3845 3546
2070 1971
1877 2823
2648 4767
1609 2772
630 1853
1192 3250
124 4036
1596 3997
865 3916
144 1212
906 4988
1787 69
3570 4966
1364 2177
3250 1798
4744 1537
2444 4799
4492 3759
120 2408
1429 4771
1694 4228
4752 304
4725 3064
3256 3139
606 1846
663 2641
307 3370
4542 1785
4083 859
4877 2436
913 3854
4674 2920
3307 1623
4977 1298
42 2063
3585 2126
4009 4528
3295 2690
2069 2545
1146 3541
4797 2869
2657 2713
3585 2711
3524 4685
2009 668
1894 356
2642 3671
3410 3999
799 1274
2679 4276
1795 1522
3266 3115
1165 3481
3017 3289
1402 3597
3822 2229
4478 3438
1549 1056
3590 1945
2760 3487
269 1102
3722 1871
5000 3180
4642 3689
4505 751
1597 3857
3652 2448
4082 2311
1930 2465
677 4483
2548 2750
4184 2984
2167 4664
1149 2339
972 4214
4604 331
3192 1072
2603 3356
2517 4033
2022 1160
2699 1346
2226 181
1704 3586
2692 4458
1637 3023
2696 4517
3902 186
608 4131
3589 3491
3113 4104
1519 732
2987 1408
2674 2183
4253 903
4761 3975
3889 970
3829 2918
1349 1034
393 1303
1536 4118
853 1356
1084 3299
4479 1407
1425 1824
743 2959
2 3258
2303 201
763 1538
3443 4856
2035 379
2297 3463
1619 1866
2330 2245
921 460
2513 464
769 2314
4094 3314
3945 753
478 394
3364 2485
3494 4196
776 712
3109 1284
2924 2066
2759 509
2005 1648
2244 3937
650 141
2889 1014
3805 4637
4880 1722
558 2729
584 240
1520 1287
537 3045
3314 4733
4223 1320
2434 2110
1142 3070
1398 1663
1677 453
366 765
838 1598
567 4522
1167 2965
2999 4615
3195 154
641 3135
2056 49
3227 3699
3488 414
471 2915
1011 1131
3646 1312
1231 774
4400 307
3851 4502
2265 4724
380 3843
4907 1001
4665 2043
320 1749
4023 3497
4262 462
4264 4777
2948 774
105 3594
4815 2337
3051 3016
4733 4587
3165 866
2141 4536
4076 4674
3230 4
625 1408
4051 15
2793 593
3728 3302
524 1985
4297 1509
2317 584
3664 4174
1467 376
2355 511
4784 256
4443 2622
2475 1525
1673 2344
3015 2737
1115 3954
2657 1999
574 1231
4862 3939
4284 528
1841 168
1022 2312
1348 3359
3871 2999
1892 1894
237 4777
2429 2890
2255 2915
1064 277
182 4528
712 2140
3111 3378
40 968
3150 58
398 2852
822 82
4872 239
4203 4577
1504 3515
2391 1773
2838 2080
759 1013
4291 3023
2663 2496
357 882
4836 1235
370 3604
612 3170
4015 2866
4411 3024
2705 4174
1075 2409
3790 2057
4098 2436
706 1645
1742 1091
2121 2190
4663 478
2271 4459
4803 191
131 930
2529 1513
935 60
1325 1655
2272 4292
4578 239
2317 683
3707 426
2008 1567
4776 1702
4241 2772
2470 1133
3587 4082
617 10
998 3888
134 1722
590 1297
3046 4857
518 3193
80 1067
1789 4308
3857 2400
2442 1536
648 4921
3957 1843
3492 1728
1568 436
3453 4569
8 2756
497 2467
3879 4176
1561 3833
4648 1613
2080 4352
1927 3704
3496 2023
1312 3728
2478 324
883 4059
1562 4105
4707 3549
1222 1097
2299 111
3093 1078
4960 4763
618 4480
3407 3790
819 596
4715 2603
3644 2999
4264 2476
427 1401
110 4091
