130 476 30
492 516 4
971 736 9
658 808 1
215 992 5
807 696 2
899 484 7
818 854 4
864 899 10
82 206 6
391 761 6
222 492 6
500 975 4
761 666 9
845 150 8
825 233 1
158 413 5
463 623 10
656 475 3
118 184 8
340 987 8
499 425 8
712 406 6
583 281 8
860 268 3
24 89 5
607 623 7
431 678 2
229 320 6
691 255 9
432 771 9
134 951 6
823 667 5
137 118 2
508 741 2
92 97 9
118 822 3
364 854 9
255 823 10
336 450 6
566 66 4
17 25 2
92 702 8
330 177 7
112 307 3
250 706 10
96 778 5
662 55 3
841 74 2
443 414 7
976 944 9
994 450 1
157 552 3
262 556 8
130 136 6
148 886 5
944 671 9
366 669 5
957 14 4
418 695 9
378 244 10
230 134 6
592 438 1
389 37 4
892 552 1
918 264 2
938 830 10
177 51 8
821 1000 6
475 560 5
651 931 5
183 621 7
45 927 10
742 824 4
943 919 5
2 265 8
847 123 2
322 444 7
197 531 2
332 822 6
636 2 10
357 963 5
48 583 2
879 178 4
544 764 6
507 609 2
273 924 9
850 118 1
229 321 10
976 150 7
849 193 10
900 425 8
5 912 7
706 822 3
74 873 3
285 713 10
900 893 1
597 849 3
760 353 4
825 413 5
944 96 2
168 806 6
778 690 1
471 16 9
937 911 2
178 121 10
881 910 3
302 213 10
950 167 8
738 796 7
973 504 3
359 757 1
889 480 1
152 298 2
150 514 4
383 380 7
887 7 2
361 305 5
425 735 10
977 359 5
934 744 6
704 510 1
12 271 10
643 471 8
866 331 3
589 1 5
81 870 3
238 242 5
446 270 9
407 52 1
622 79 2
647 341
679 831
465 57
481 844
405 84
32 229
957 917
202 783
789 644
727 701
582 238
683 34
464 330
352 75
53 704
880 823
438 27
392 479
321 426
661 362
331 897
286 953
551 806
94 530
883 205
980 815
196 111
732 807
814 86
876 763
832 931
550 347
736 319
690 996
274 958
796 549
77 671
622 531
363 739
166 855
199 224
75 595
266 93
217 732
125 110
502 610
767 371
922 176
889 641
679 388
819 156
114 891
786 117
545 410
674 666
304 646
486 882
919 391
605 204
112 613
706 145
790 845
922 437
878 874
859 482
42 718
891 43
487 301
248 669
545 566
141 872
185 56
684 557
974 444
664 680
327 204
79 504
816 265
473 313
460 252
905 482
300 515
276 982
699 511
777 226
296 390
168 750
156 153
483 574
552 785
499 17
391 711
535 446
786 239
13 651
445 719
469 941
793 792
531 321
220 115
237 423
879 43
237 489
116 96
973 157
459 714
957 39
911 170
576 846
599 49
936 357
90 845
162 518
968 841
149 168
861 967
995 484
3 637
391 836
127 975
977 440
294 245
654 782
431 885
892 724
261 496
342 986
954 308
349 656
169 298
210 692
298 683
872 12
587 470
8 56
928 623
311 191
938 917
99 480
154 609
535 651
561 89
459 255
658 288
355 376
562 541
773 396
588 971
434 413
659 687
975 369
375 920
489 556
311 559
559 706
678 571
265 921
376 102
665 174
274 950
763 753
475 908
785 370
642 263
415 810
83 699
876 213
109 404
665 754
125 74
244 826
97 964
388 338
706 484
922 384
462 443
657 920
300 450
273 624
387 604
168 473
469 350
159 155
829 916
926 351
773 104
120 664
141 660
623 628
20 639
57 263
5 430
980 885
912 597
368 952
636 254
179 706
71 722
532 519
387 152
748 718
884 4
364 657
755 807
883 818
830 772
78 461
540 477
565 286
767 315
768 635
7 909
159 977
950 990
215 904
635 151
145 17
285 238
61 313
311 29
264 197
217 966
891 927
520 595
338 687
322 525
692 860
587 478
856 823
882 250
463 596
390 508
408 11
553 686
570 91
607 433
981 951
27 379
504 732
713 420
397 222
103 175
53 127
337 799
245 908
598 621
361 95
91 542
456 484
859 168
193 768
86 658
426 517
780 104
796 196
330 713
390 377
387 48
941 823
512 598
234 981
558 774
797 213
926 597
611 672
790 425
449 1
469 924
350 816
34 986
580 453
52 891
213 293
639 511
436 163
263 849
216 167
352 296
330 369
226 709
128 83
750 121
864 413
198 826
340 24
417 721
237 332
410 587
432 248
865 586
707 862
1000 611
483 823
529 753
992 695
577 130
418 74
550 701
188 223
205 372
271 345
774 325
739 53
925 587
754 823
198 674
714 275
471 961
86 622
571 678
837 697
785 571
883 769
811 497
245 710
155 370
877 495
770 23
562 384
251 133
595 181
420 851
425 175
180 900
517 602
105 561
178 231
375 610
825 18
193 684
100 225
631 172
453 107
710 976
40 902
445 316
141 982
451 22
386 958
484 327
127 253
363 444
686 432
287 796
89 154
981 223
554 588
786 248
506 553
184 635
299 541
657 516
729 828
984 969
182 947
677 316
150 835
991 331
510 6
346 352
494 117
282 988
868 642
7 579
882 8
297 322
397 173
779 509
993 996
909 117
941 435
692 380
634 140
934 799
412 421
588 392
189 814
235 782
778 108
701 989
684 577
234 529
159 580
166 941
495 958
457 443
703 904
522 445
874 615
228 736
897 902
620 982
589 368
694 425
871 496
357 701
849 704
704 357
21 195
447 687
457 428
429 709
758 489
696 969
883 614
939 787
504 402
412 659
643 4
588 800
304 16
191 957
982 71
518 340
257 779
888 163
413 407
331 984
143 224
191 263
52 430
988 941
361 254
913 944
845 439
423 329
948 180
405 524
283 512
816 372
253 688
850 442
325 854
471 668
51 2
636 487
438 49
412 629
87 128
568 65
663 189
927 87
930 233
211 170
829 936
967 64
325 903
193 336
233 456
924 305
354 713
648 697
676 614
556 546
840 350
401 778
462 797
34 915
237 182
121 867
372 120
657 970
325 960
326 161
407 44
201 87
965 569
64 500
130 992
578 161
416 418
665 15
216 295
637 838
146 538
513 177
