150 582 30
948 214 6
294 941 1
363 950 3
711 571 7
214 32 8
335 865 9
597 103 7
334 336 7
33 82 8
733 348 4
469 218 1
636 573 4
358 976 5
472 592 8
734 39 6
118 2 4
721 538 6
292 845 1
521 457 2
379 698 5
99 165 2
610 638 9
105 898 6
677 64 10
810 17 7
531 951 8
949 148 3
334 352 9
298 580 7
782 203 4
344 994 5
291 448 4
924 285 2
719 161 10
766 427 8
747 356 9
128 498 2
221 195 1
181 305 5
111 928 3
450 540 4
215 862 7
58 123 8
867 314 8
259 287 5
723 750 4
795 734 8
313 743 1
195 146 10
173 330 9
182 58 4
415 243 2
927 401 10
256 826 3
711 752 9
167 843 4
765 353 6
580 918 4
170 474 5
3 346 8
16 282 10
375 532 7
103 576 9
868 258 8
197 759 9
595 182 1
321 74 7
529 706 3
7 772 8
236 740 9
767 442 2
419 324 1
509 111 8
177 905 9
938 183 6
189 125 3
277 774 9
395 341 2
630 158 4
354 219 10
913 579 6
129 88 10
815 242 6
591 806 8
346 720 1
460 234 6
525 72 10
789 16 2
871 399 4
583 873 1
553 414 2
179 198 10
214 10 5
728 604 10
11 83 3
232 167 9
682 186 10
234 271 10
635 890 2
754 753 10
638 72 6
499 756 5
356 160 7
553 467 3
779 695 8
14 529 2
346 776 5
521 39 4
280 916 1
137 867 6
922 396 4
601 627 8
571 934 1
580 550 5
566 500 4
108 649 9
993 807 7
982 118 10
391 687 8
98 489 6
719 65 9
419 285 9
953 283 9
366 120 2
433 523 6
791 451 3
227 507 6
831 540 4
223 447 9
29 694 3
814 114 3
749 691 5
705 854 6
142 856 5
789 515 9
655 537 2
227 487 7
822 826 10
357 779 7
4 678 3
358 780 10
403 362 10
235 605 9
862 187 6
971 361 2
145 214 3
713 142 1
234 402 3
260 864 8
73 929 9
161 444
524 499
33 985
240 961
620 224
201 557
782 267
587 99
696 592
28 445
647 403
983 313
7 446
179 195
36 491
390 13
295 395
203 1
721 730
380 639
275 242
697 849
872 827
308 982
541 383
927 653
138 720
75 603
325 104
565 242
729 61
134 710
949 349
439 819
106 490
631 142
696 199
351 987
291 815
83 75
75 511
64 831
257 882
364 638
979 581
677 793
126 615
58 826
222 501
944 503
267 962
772 674
673 549
424 201
183 145
810 702
396 401
665 847
746 165
384 557
802 15
805 420
968 2
513 733
118 271
39 584
984 89
677 214
999 279
749 94
116 574
256 515
317 50
35 524
530 253
902 877
709 817
342 763
214 884
129 158
381 431
748 775
215 640
283 528
724 957
108 207
672 288
383 788
993 945
789 775
129 212
948 124
990 52
277 173
850 46
4 89
225 368
684 41
750 185
87 504
72 124
338 607
43 603
252 644
200 541
44 830
302 516
543 360
792 176
411 906
601 291
626 952
42 473
320 605
88 952
991 103
121 616
913 482
868 704
192 265
23 480
567 630
425 101
463 226
639 555
540 319
650 760
542 645
474 642
110 542
618 731
157 505
28 541
828 487
247 572
374 729
431 286
586 99
280 776
765 1000
393 797
633 948
495 840
267 603
493 721
728 87
435 42
389 802
565 41
51 246
915 91
306 216
471 781
59 156
561 450
841 360
723 176
308 739
543 858
234 534
389 579
157 729
750 150
170 945
91 284
105 417
988 951
791 573
902 702
439 292
406 193
322 269
132 915
866 106
519 575
25 951
348 622
949 138
695 27
81 254
938 80
766 426
978 567
981 159
637 79
861 87
54 984
451 373
213 132
41 80
790 19
53 236
272 378
268 954
564 57
443 808
235 49
442 606
926 942
525 324
457 365
286 338
593 108
660 423
733 674
648 258
657 3
150 392
443 638
250 780
40 510
734 40
922 236
184 419
541 602
624 113
601 414
559 191
56 169
135 763
985 899
457 892
347 455
775 788
935 443
879 527
184 386
776 678
978 410
822 412
8 326
45 513
601 704
359 82
435 84
1 834
815 174
757 490
467 434
654 717
8 435
282 229
777 576
7 824
93 151
573 605
166 290
553 418
458 438
157 273
925 402
850 370
100 370
620 249
733 105
446 384
890 369
770 259
415 73
897 390
541 363
645 794
570 125
295 878
539 99
822 684
665 710
758 967
708 952
329 658
462 292
82 441
753 125
298 133
793 939
575 980
338 653
856 368
403 27
745 915
112 400
959 100
947 182
800 532
178 358
405 569
136 181
142 655
472 475
815 886
908 980
36 903
369 244
208 336
388 310
943 106
317 601
319 588
320 102
34 211
955 363
151 338
966 155
483 93
345 15
668 408
635 778
863 127
657 171
487 154
138 84
221 677
940 709
185 155
241 467
183 570
825 178
143 733
141 339
634 412
981 354
644 731
678 663
155 870
997 330
572 670
24 916
243 372
246 948
659 921
49 163
411 615
676 842
848 469
182 319
859 92
31 656
428 733
431 985
730 40
772 900
53 562
951 420
156 231
236 970
983 515
391 81
123 421
880 879
691 996
107 666
917 872
314 799
247 369
989 413
869 874
5 299
941 928
980 230
529 358
514 549
734 819
828 962
210 930
178 705
615 942
403 350
89 801
4 821
96 180
833 562
215 358
757 808
441 26
370 559
329 157
563 30
522 444
339 274
559 761
153 672
734 978
764 577
708 232
987 613
456 375
849 310
99 820
490 559
237 732
118 339
249 914
843 6
865 282
218 587
42 642
799 229
578 472
950 287
921 646
438 27
1000 217
580 502
878 923
226 125
186 660
300 909
710 728
543 395
531 645
568 925
847 768
533 279
734 413
907 920
361 625
940 425
879 683
175 398
193 950
873 177
157 188
687 610
384 388
935 527
637 197
748 597
725 729
552 558
193 971
234 570
8 195
250 949
152 227
404 409
935 348
693 336
604 125
794 157
756 13
370 728
977 230
775 418
735 332
816 237
414 262
749 705
924 647
662 505
7 207
90 438
59 88
70 824
530 125
821 944
66 271
663 853
690 879
970 733
230 632
678 630
645 48
878 166
886 444
759 279
291 506
144 559
755 918
928 502
767 323
662 927
766 901
948 525
932 861
475 208
282 428
180 911
413 812
936 107
886 143
525 611
173 290
756 638
747 88
640 436
186 608
939 530
677 294
293 998
662 914
829 373
760 593
330 565
726 239
365 101
314 184
350 351
482 174
359 717
619 231
161 222
714 200
533 367
165 304
803 887
327 66
150 749
177 873
890 35
770 122
109 51
236 255
975 91
204 900
933 10
776 94
160 744
715 561
297 272
31 549
522 614
436 404
552 168
471 302
603 421
896 966
949 640
385 886
418 289
56 228
337 750
690 301
323 216
90 512
862 81
666 558
214 885
518 364
1000 84
996 485
724 9
647 361
952 25
831 334
214 260
999 968
337 621
81 954
638 4
561 912
536 591
326 553
913 162
691 398
734 674
713 447
592 451
400 617
217 917
233 816
886 492
385 549
242 300
131 138
316 790
210 501
881 442
147 525
838 206
900 460
251 722
604 625
87 799
609 765
888 981
676 854
187 280
636 178
237 179
475 519
880 181
758 417
