130 1356 30
320 387 12
233 244 18
357 271 24
152 424 9
189 493 27
99 296 17
203 313 30
438 340 22
224 479 18
219 379 25
376 146 1
138 383 24
105 218 23
366 321 20
171 133 17
196 453 30
377 293 11
486 116 7
480 495 9
296 273 4
6 442 11
269 281 7
235 312 22
50 266 2
2 354 13
440 323 24
181 251 6
333 477 5
349 116 7
122 187 19
401 163 29
298 327 14
208 321 15
338 127 7
255 454 27
414 209 23
175 76 14
88 326 15
457 297 28
36 418 7
203 144 5
431 164 13
230 206 6
174 253 19
441 412 20
352 464 26
51 361 8
454 449 13
78 334 26
209 487 5
359 378 6
366 182 16
146 412 22
160 231 28
119 346 22
39 252 1
472 265 14
311 12 3
52 492 12
183 274 11
413 185 17
349 195 15
352 231 4
60 494 27
191 1 14
477 132 30
35 262 18
370 28 14
417 185 24
439 498 16
154 167 2
482 442 29
138 371 21
265 172 16
276 290 10
186 321 2
380 359 23
262 482 22
134 396 24
171 255 9
153 342 1
160 161 23
399 414 13
89 130 23
240 88 22
259 255 18
375 353 2
32 473 11
287 370 29
364 377 21
403 332 12
40 16 18
395 414 27
7 233 16
228 42 17
204 191 6
4 382 7
122 153 19
3 2 28
29 407 30
200 14 25
298 273 3
285 75 14
389 132 10
262 331 15
271 111 19
287 245 1
284 457 28
369 344 10
89 125 10
57 476 16
462 354 1
134 446 6
36 416 24
181 19 5
427 467 29
408 297 10
71 200 1
369 472 29
48 443 28
210 345 3
4 126 20
3 13 16
485 2 11
390 218 25
323 442 26
124 217 18
193 431 12
68 323 6
469 445 11
102 326
54 492
384 114
496 355
228 14
326 433
191 46
279 218
54 394
147 403
121 325
192 254
288 400
295 171
130 297
199 107
194 201
330 30
416 391
73 96
216 421
268 235
87 396
43 93
252 242
142 52
83 318
157 339
158 26
85 217
129 255
495 192
452 362
153 384
405 205
475 194
492 399
465 362
250 36
100 266
264 252
138 190
181 186
398 183
475 284
456 103
457 378
438 24
287 103
242 278
77 318
456 118
337 488
409 41
407 130
5 161
136 392
114 70
178 275
55 127
319 167
279 479
247 85
50 196
145 399
181 400
107 493
357 327
407 60
172 75
237 60
204 111
392 466
82 249
235 440
435 500
46 164
240 467
340 188
110 452
336 387
281 367
397 416
326 292
401 184
469 212
464 298
227 343
318 94
408 373
133 474
443 114
255 404
133 239
5 102
317 145
33 243
197 370
69 242
338 471
179 311
96 463
353 372
451 485
443 220
184 193
41 280
437 242
281 295
56 348
470 367
395 57
350 191
226 332
35 117
36 476
226 133
224 418
395 237
345 184
137 346
128 389
448 443
332 232
78 499
1 399
114 221
199 51
128 28
122 263
252 268
250 69
428 436
3 263
481 466
214 388
324 126
215 285
163 13
366 309
349 18
129 277
276 416
99 121
447 225
419 358
307 497
490 141
376 101
481 127
447 111
236 181
385 16
156 289
68 127
407 187
217 147
126 419
35 372
173 40
463 52
168 358
278 135
202 122
261 75
360 31
498 375
41 389
125 349
127 51
88 244
449 219
23 384
440 403
277 119
204 160
64 474
458 223
72 29
212 445
98 260
22 152
302 319
403 307
396 363
96 366
439 280
250 121
262 103
301 283
245 314
166 23
135 55
206 268
56 384
164 265
276 236
303 288
329 7
163 492
187 60
96 130
456 243
153 303
242 373
21 296
373 182
268 22
360 266
158 306
77 426
317 226
365 24
373 136
442 16
212 244
252 390
2 296
342 130
462 434
399 362
404 153
193 78
37 89
61 365
442 76
218 452
141 142
46 375
289 489
500 315
35 240
210 13
234 476
173 480
365 440
352 381
76 147
100 239
433 27
202 245
111 64
332 387
431 472
428 155
430 474
465 251
158 96
330 239
409 208
448 435
372 142
456 43
140 349
306 34
27 234
290 136
109 2
496 90
268 481
7 410
335 388
299 430
328 18
141 332
393 255
444 110
129 115
207 380
249 204
345 136
35 12
63 22
366 36
93 49
368 368
20 475
87 478
368 41
283 473
446 215
72 149
7 492
465 408
212 492
182 128
206 478
239 131
149 64
495 270
199 123
156 57
345 275
499 278
174 455
179 326
427 262
43 228
102 66
478 392
168 364
414 144
463 12
454 231
139 416
33 274
138 30
45 397
391 137
408 376
454 18
217 3
23 140
315 297
51 168
240 363
470 230
61 42
361 303
120 185
316 478
221 17
181 370
179 219
200 276
442 345
310 237
183 254
277 2
226 372
412 95
388 462
185 134
3 255
36 316
185 457
188 62
245 127
92 479
305 239
294 183
122 394
48 412
375 57
316 442
100 221
268 457
298 251
39 366
390 150
335 98
208 269
181 366
479 165
382 276
215 388
338 172
178 497
346 33
478 427
354 264
43 78
444 67
101 184
491 215
444 213
322 428
246 310
54 463
203 295
148 239
287 424
377 97
249 221
495 96
137 176
205 349
211 273
67 479
308 483
358 318
144 220
295 360
244 303
182 13
127 105
69 443
217 167
345 53
159 47
30 350
486 434
474 358
469 226
286 229
26 346
330 120
453 377
478 303
260 417
428 49
97 232
379 485
195 408
415 485
305 226
354 134
117 456
424 45
150 153
151 286
239 209
417 89
322 380
334 132
137 258
472 499
85 224
103 443
465 399
240 8
287 336
152 367
346 65
148 340
471 77
81 337
480 97
314 121
352 142
244 393
309 354
321 307
431 96
412 392
411 370
427 483
230 97
494 262
357 56
298 443
254 217
446 20
332 342
281 422
124 357
431 54
170 349
4 187
183 142
187 473
110 345
1 109
23 65
152 475
248 131
179 130
248 314
280 413
344 294
357 319
459 35
29 339
104 54
89 74
334 44
71 428
335 249
451 99
449 186
70 492
42 265
79 42
344 282
149 88
85 471
439 360
456 452
487 466
298 17
336 433
401 396
447 182
410 7
362 350
300 322
323 214
244 111
223 304
40 448
171 64
369 120
231 256
487 88
189 420
256 495
445 267
48 127
74 354
137 262
261 453
429 311
153 427
69 211
286 128
378 394
351 266
366 3
444 339
346 108
492 202
402 443
125 472
499 430
401 195
384 436
141 60
173 128
427 275
84 39
441 63
471 352
384 381
423 79
127 416
75 59
464 253
497 29
401 232
450 196
413 136
422 234
180 181
162 495
425 242
320 88
31 292
97 120
272 63
466 85
346 139
315 72
446 3
352 500
53 390
139 286
66 19
6 406
13 25
414 93
61 352
269 201
423 25
374 458
435 381
299 193
117 430
500 398
428 363
191 286
132 56
18 482
139 121
121 194
424 19
311 164
153 147
111 163
177 20
135 244
52 276
395 481
90 495
11 261
35 384
1 91
372 200
495 362
266 355
13 419
364 159
474 403
227 258
359 358
58 494
23 385
258 212
436 424
41 359
166 22
458 460
169 129
107 145
308 189
333 60
149 74
129 79
328 78
68 349
91 347
481 294
70 198
416 356
65 308
235 123
182 263
228 333
404 472
149 226
105 109
63 239
17 80
252 125
94 434
387 364
375 420
130 425
397 5
3 293
254 28
460 303
142 280
286 224
236 247
406 23
240 472
43 113
287 493
383 161
321 414
498 325
221 293
497 345
289 89
395 404
100 183
113 148
52 72
447 431
457 317
96 462
2 402
384 236
163 120
485 49
262 438
104 106
89 264
323 487
396 228
203 194
194 61
272 313
207 312
446 201
68 370
152 147
217 276
157 256
378 400
402 94
123 223
335 308
414 172
85 151
127 104
357 18
327 323
364 14
483 119
310 292
409 49
239 66
431 414
402 233
181 266
398 175
381 137
145 155
63 61
395 260
407 133
137 79
112 436
389 252
116 148
448 45
486 154
442 334
216 341
392 160
259 367
385 381
89 434
201 15
346 316
441 459
312 117
65 357
212 393
110 126
167 222
382 131
418 29
163 304
160 95
199 103
132 489
6 114
209 228
6 62
320 131
170 8
496 410
475 350
326 50
358 277
313 285
45 137
260 148
63 3
358 440
70 322
386 311
387 335
443 124
447 183
117 170
178 221
141 352
43 242
233 11
179 480
468 378
308 382
473 106
162 79
219 148
96 240
62 276
328 476
347 144
460 339
88 223
446 82
200 394
278 194
184 31
11 9
363 148
280 167
443 137
368 206
338 434
304 230
127 465
480 300
493 107
463 151
3 286
34 238
462 91
104 361
74 285
186 91
479 386
336 177
382 72
253 101
394 115
9 55
427 17
159 41
215 206
359 120
153 130
388 292
340 27
196 134
113 447
50 352
155 422
33 236
53 62
218 225
195 205
26 439
110 111
481 386
104 404
84 493
45 60
412 263
259 30
487 70
359 452
115 4
249 11
241 452
192 29
222 157
408 264
229 186
142 232
12 379
87 146
414 5
326 423
315 251
469 258
323 428
70 353
473 468
246 114
228 309
475 432
493 302
262 274
392 447
50 395
117 386
134 139
83 329
198 25
161 439
490 170
456 440
92 472
362 458
304 216
160 390
467 217
10 311
41 292
482 138
113 129
364 182
302 344
50 275
356 474
8 36
363 220
16 205
374 72
193 21
433 309
217 240
179 162
499 129
346 179
13 60
318 212
177 435
119 64
36 235
192 394
122 152
326 394
306 424
83 362
405 500
248 54
149 57
295 384
53 227
236 448
140 135
101 128
301 316
13 137
257 24
17 233
287 295
74 178
297 283
389 361
34 193
98 52
93 117
145 358
246 283
267 122
360 255
231 11
146 88
241 322
74 349
98 342
222 205
42 252
48 71
487 76
155 64
59 188
186 2
449 93
455 59
133 10
165 61
40 405
457 85
217 112
259 314
7 12
391 79
400 266
38 259
287 97
123 434
249 58
53 8
202 179
424 470
380 256
466 81
109 39
261 370
136 136
115 449
349 19
40 231
95 141
381 239
453 74
359 380
482 270
487 82
103 249
386 38
142 208
400 455
44 354
222 79
224 425
178 226
155 145
147 82
385 9
486 145
431 259
362 295
119 245
431 328
154 240
340 280
296 470
51 338
122 8
477 197
306 46
155 142
34 232
130 477
316 485
73 19
198 391
67 208
30 113
163 6
53 404
66 254
9 167
223 43
93 316
161 170
205 301
144 268
327 37
491 71
312 342
245 447
473 390
21 275
8 210
52 343
62 337
166 242
462 292
105 263
207 352
9 256
327 299
211 120
34 361
148 74
459 173
269 255
373 446
302 352
269 348
137 272
103 455
392 19
85 383
227 381
334 215
210 373
380 371
207 434
267 107
77 365
124 83
457 342
28 235
96 347
122 404
158 253
54 87
453 488
267 243
188 87
398 344
70 174
488 153
138 166
378 404
257 334
392 463
197 309
211 42
143 433
53 496
348 315
7 262
492 121
333 62
475 29
372 380
215 378
391 339
183 45
106 131
189 47
180 397
198 474
379 439
105 114
242 218
118 13
82 294
167 322
22 289
372 233
332 356
292 495
163 342
428 446
238 363
57 354
192 112
257 157
157 483
18 269
236 77
464 454
37 23
168 480
259 470
470 167
287 265
321 148
281 170
155 215
69 224
424 360
250 276
348 450
106 416
288 172
415 341
212 130
96 363
404 283
160 462
491 498
34 159
187 88
51 365
424 300
106 95
29 123
95 127
257 259
449 424
17 489
82 457
470 62
288 174
31 266
330 174
230 470
313 26
58 81
65 72
395 351
352 166
487 179
382 435
497 44
292 20
223 438
346 86
290 11
218 412
154 34
228 363
335 443
447 383
25 416
482 245
160 168
267 113
43 221
59 238
11 293
404 341
289 73
144 464
408 439
267 369
482 496
291 105
201 92
11 179
275 347
9 476
78 271
244 91
193 124
51 21
270 15
293 126
389 357
468 428
51 459
413 363
269 263
3 173
186 181
422 19
174 467
436 161
178 366
466 240
437 392
365 426
311 495
391 2
172 249
128 211
368 138
435 162
379 148
228 73
250 364
451 470
421 69
171 136
254 379
87 118
26 399
140 10
415 20
463 420
230 160
181 337
282 259
247 169
349 482
171 277
419 372
360 222
469 113
275 46
355 196
452 299
432 333
95 221
300 173
418 414
94 493
206 107
188 69
407 119
433 58
75 459
174 207
204 87
458 283
9 231
26 19
389 154
314 59
479 324
430 392
197 394
440 27
472 221
350 465
111 169
349 193
261 417
195 491
125 442
414 38
251 291
472 164
480 379
371 415
360 80
313 188
383 263
5 233
153 369
411 244
116 231
466 106
134 283
198 313
437 213
93 92
467 139
116 40
249 260
244 265
463 118
486 134
46 405
306 320
266 459
327 285
183 378
172 196
449 359
402 158
278 342
70 324
471 3
342 414
339 99
251 417
145 242
414 224
399 454
150 115
118 3
221 430
448 3
382 476
185 7
478 223
159 440
391 349
100 20
177 155
346 100
354 327
490 3
254 340
194 336
364 474
160 170
115 455
387 286
39 90
115 300
326 102
478 141
12 239
374 120
242 356
128 472
12 47
23 315
131 468
38 207
110 457
31 12
99 93
93 378
425 393
199 198
296 256
443 476
329 404
243 122
51 88
12 133
265 212
386 403
82 144
353 279
458 386
344 177
393 9
264 86
461 384
491 336
214 434
409 288
164 144
65 150
77 215
373 407
272 382
244 12
154 53
383 464
194 100
445 473
216 284
97 176
302 67
62 140
425 433
472 324
367 76
153 149
197 347
496 62
470 274
77 349
427 38
269 258
251 68
164 117
206 421
85 85
226 65
371 298
459 2
47 394
216 144
279 403
390 370
394 301
95 17
442 215
477 232
333 384
398 107
224 296
113 408
203 454
73 12
445 114
478 474
431 450
190 133
489 393
39 396
111 226
287 238
174 215
98 213
182 34
