40 239 30
1119 795 11
402 4561 13
4422 161 1
281 4124 15
1685 4626 26
4221 92 20
2703 230 24
3396 3638 15
3988 2290 11
1873 3646 13
1755 490 18
3496 2880 29
4106 90 4
3376 73 28
1376 408 24
2771 2395 14
3021 2043 29
4382 1337 26
1604 1861 11
312 1887 12
2927 1078 29
1563 1730 14
1863 4685 5
4893 53 6
326 2636 6
631 136 29
1298 3221 30
3294 3239 29
4530 1626 23
4675 4439 12
1692 241 16
1491 3980 29
455 1943 13
4178 3181 17
3510 2334 26
1615 1982 30
4662 1160 17
3912 1931 8
1316 4919 3
2508 2817 30
1381 2089
2205 267
4478 1270
3837 3579
752 1253
4289 2932
3454 2506
1721 4018
2475 3231
1720 139
1519 671
2883 2593
4191 2755
1291 2672
2675 378
2374 3550
194 3584
2574 404
4809 2666
4041 96
186 2775
4157 3609
4935 2055
1755 4458
3603 1369
3279 324
554 1036
1695 1935
2643 3046
769 3029
3509 1764
572 879
1537 4392
2785 1345
1231 4860
1077 601
890 732
4755 4210
2515 3282
4054 4472
1929 1690
1275 3764
118 3052
1452 1932
1960 1120
3083 1374
3630 2226
4593 2924
2956 4367
1794 1049
4604 652
185 3333
4352 3509
2805 1783
4819 3372
4230 1780
2678 598
4169 3035
3183 2677
4932 1045
1960 2522
4785 4341
4977 1933
2094 1659
696 2116
1161 2120
2936 1052
2946 223
4902 2081
1972 3251
788 3214
3676 3251
3965 2176
4225 4577
4906 3087
1872 4126
2445 1227
190 4912
4909 4690
159 4299
2470 772
1760 3225
4603 748
3814 2614
3524 4928
85 4019
1559 879
3039 1661
2316 985
4038 3203
3755 4223
3037 1275
2139 4167
3991 3205
4705 697
4858 2457
2834 2643
2919 1602
3541 3067
3854 1380
661 4878
827 379
197 683
781 845
1936 4395
111 2275
2598 4452
819 1377
1986 4565
860 3524
4603 701
4352 316
4878 4388
2634 4232
4609 2378
2787 2682
1363 2589
3098 537
63 961
3836 2365
3684 2563
2846 4973
1492 3961
2050 3912
4686 2655
4852 2680
3626 84
4237 322
278 2995
3336 2442
4273 1275
1575 1221
885 4239
934 1314
890 1741
4173 1814
2673 4830
3617 3125
3689 3090
1331 2517
631 3495
2352 4568
1133 3900
539 844
3535 2354
4486 2330
1104 4400
3420 4963
1311 1145
3865 4164
2749 4182
701 2102
4611 4989
970 1424
2017 527
3959 1234
371 3628
4823 4289
3912 513
3735 484
658 2825
1372 2032
1604 77
4689 3763
154 2359
2227 943
36 3409
1729 1389
3747 1800
1346 2534
1413 4810
256 633
3208 282
4656 4263
4662 2670
4950 2815
2139 2176
2088 3115
2217 3339
3466 1670
566 244
3609 534
4813 4870
795 4331
2900 1036
300 1324
4764 1095
4911 262
4621 2579
908 1555
2480 4451
1941 4443
2360 1330
4457 4341
3175 4937
2999 3379
1493 920
3103 4889
1583 4117
3577 1436
2651 710
4454 4510
1400 4318
3865 975
2858 2443
1532 736
690 1945
868 382
223 936
1927 2837
3261 2385
2293 3560
628 4048
1522 4739
2879 2835
3096 3999
4369 1328
840 4594
1487 2163
257 3410
1863 409
2165 1894
210 830
1011 4225
1639 74
4942 1192
874 2790
2624 3619
1664 4339
4677 2030
3236 3921
2851 1562
3105 3876
4986 1394
4606 3396
665 3733
323 3967
900 1912
698 151
