40 430 30
442 459 15
914 349 10
587 102 25
445 518 11
235 631 18
562 781 21
344 524 5
155 485 30
251 369 14
97 475 21
311 350 9
979 645 27
376 427 2
633 39 7
398 944 7
525 678 6
890 775 25
290 567 10
856 859 29
638 126 11
544 697 24
168 12 1
913 492 2
27 93 12
948 778 25
797 400 16
86 733 10
422 264 7
898 823 9
355 171 20
579 263 27
342 803 7
851 90 22
669 998 22
263 366 10
413 912 28
24 779 20
716 774 28
904 272 24
420 95 27
428 2
309 6
40 367
607 969
746 221
58 809
184 547
426 472
53 499
948 74
629 712
75 243
152 381
734 121
280 360
484 918
794 717
861 681
205 962
656 517
625 540
371 796
143 189
432 116
340 36
278 908
622 102
935 133
825 115
140 406
771 580
463 322
147 472
611 267
878 500
384 864
532 652
279 454
243 753
682 168
218 736
394 942
369 117
585 429
37 215
270 949
135 644
14 624
14 362
409 368
555 856
959 45
181 646
968 191
486 31
985 142
131 184
277 75
633 921
75 105
406 332
397 350
460 452
233 353
994 52
454 491
616 599
913 20
36 617
331 264
582 96
299 993
376 865
580 501
838 625
164 514
426 552
256 629
411 6
967 496
806 568
536 442
624 144
570 970
423 860
475 27
829 543
948 336
226 578
733 537
434 673
368 371
379 761
188 127
6 962
617 100
62 858
828 803
4 759
441 756
386 11
77 356
107 221
550 182
23 828
387 635
982 506
588 415
554 665
487 481
939 997
83 637
209 554
880 214
813 985
230 905
185 302
391 171
774 606
949 150
522 890
681 172
725 248
101 772
332 190
556 412
712 281
417 733
767 636
559 644
691 727
282 557
592 949
285 719
316 614
828 696
252 588
115 197
935 614
854 448
581 602
735 161
864 241
686 515
430 956
874 403
698 590
134 360
434 708
828 590
982 941
123 639
187 908
866 704
609 265
5 562
404 653
640 853
664 444
973 658
372 572
774 25
878 257
594 673
555 960
253 156
33 502
538 119
198 252
826 957
158 153
235 954
515 617
205 181
909 46
15 359
646 746
55 550
280 784
449 957
568 472
340 24
342 73
602 715
227 693
504 52
166 397
872 76
631 265
840 666
548 498
652 641
692 407
586 169
781 257
705 537
240 816
779 336
405 363
706 1000
311 298
794 788
693 902
177 501
47 983
152 788
173 699
203 39
301 803
337 22
333 385
199 439
737 804
645 354
480 471
285 837
31 162
777 200
633 625
919 153
41 287
936 611
820 401
343 516
780 687
144 267
629 196
955 4
80 389
664 786
893 951
603 385
437 131
783 866
106 151
140 509
308 95
857 118
260 142
206 711
452 789
390 269
430 905
641 371
883 554
834 681
814 887
819 174
672 463
573 431
212 127
360 802
58 519
264 170
369 289
972 135
682 660
950 10
973 642
90 366
145 86
701 426
533 220
661 100
630 80
900 429
442 639
697 638
188 500
35 786
24 603
298 408
152 404
88 561
219 317
390 660
564 390
983 477
447 663
37 852
488 759
992 796
45 121
324 801
60 379
437 612
934 211
952 983
624 656
366 560
636 6
56 763
351 523
760 727
585 259
1000 616
919 138
914 760
214 721
475 337
345 565
102 530
785 851
726 135
849 686
335 651
921 450
532 627
215 280
170 967
618 70
556 374
270 265
934 295
612 433
884 781
492 336
93 371
181 298
193 551
828 903
78 959
772 111
956 918
123 478
646 131
888 673
154 92
240 363
997 437
343 380
859 435
969 435
872 333
996 775
399 825
132 916
970 599
466 929
47 642
720 134
690 599
188 47
766 311
228 63
178 104
982 789
404 925
173 153
554 307
44 208
573 562
173 931
840 535
656 197
565 981
529 245
421 947
940 156
49 286
134 154
556 862
424 5
260 587
724 517
821 888
326 36
848 375
933 595
502 161
887 621
272 717
533 565
889 493
796 200
38 733
637 885
350 517
405 563
42 684
624 888
203 252
311 398
776 859
622 165
202 550
390 252
648 567
485 157
109 292
269 946
318 697
858 27
203 407
275 853
859 434
763 300
105 954
315 938
719 62
87 668
569 903
160 51
863 914
98 787
748 442
599 129
121 789
6 325
165 128
43 108
538 160
638 788
318 434
710 502
961 502
743 557
67 600
263 146
462 336
280 829
667 496
126 35
116 428
868 411
30 349
981 688
436 136
308 926
902 615
