30 56 5
544 245 3
307 276 5
948 241 4
741 421 2
109 561 5
714 728 1
1000 945 2
773 836 1
832 501 4
871 432 4
363 759 3
465 666 3
771 561 3
990 139 3
151 860 3
684 740 2
977 123 2
165 140 2
755 942 1
45 716 2
140 755 1
459 597 5
285 381 3
507 350 1
414 206 2
912 893 4
262 646 2
378 317 2
246 394 5
154 715 3
79 262
542 282
152 324
208 193
50 987
484 205
978 376
176 419
431 248
655 752
995 102
703 476
962 768
533 401
92 211
436 607
146 675
275 11
400 434
864 980
515 765
320 850
504 594
152 462
231 81
846 759
702 729
974 149
952 833
181 246
987 333
936 465
132 460
431 35
934 903
741 73
358 77
176 977
239 278
544 188
786 437
141 960
508 877
69 514
556 200
326 594
5 645
802 555
698 534
994 100
879 447
778 498
302 136
536 100
569 802
786 849
