50 255 30
1961 3642 1
1409 2200 18
4686 2194 21
4653 3470 24
402 2878 8
3298 4466 7
3449 2255 21
2822 304 22
3113 1947 28
3953 2248 8
4455 2858 23
4098 1152 3
392 396 16
4008 3228 28
146 3189 26
3241 4175 15
538 4244 7
359 2938 6
3318 2154 14
253 832 30
1024 4486 2
1060 1654 11
431 486 11
4491 900 28
4842 2479 15
3574 2632 5
4613 5000 25
211 2013 7
1750 2208 25
2511 4263 25
2526 4685 2
1842 3551 30
3457 730 17
748 1246 8
4442 3655 1
3175 2809 12
2485 2643 29
3063 813 3
3538 4472 8
2608 1037 12
4294 4784 9
2374 2848 20
1633 3465 21
4731 3706 1
2299 2030 29
1003 704 26
2805 1310 21
2775 370 8
2005 4201 4
2158 3038 23
4265 1903
1117 3204
1004 2154
4896 3638
1530 3617
4630 3870
3094 582
1363 3384
1781 2875
917 3632
4635 4453
3732 4817
112 3534
3296 353
2919 1770
1878 4125
3969 2231
2431 55
4173 2420
2675 1145
4000 1468
4359 1987
1270 4473
532 4760
1187 1149
3805 2225
2301 2905
3035 295
3457 1189
2974 1561
4460 1421
2639 4898
683 955
2569 41
3772 4799
379 919
2214 4989
2719 2202
2461 4534
4508 4296
580 1905
2301 855
758 4887
2978 4826
3796 1718
2805 2311
4974 1142
3461 4298
268 1660
602 1514
3225 2948
4549 1446
2558 3376
1532 1879
2511 3100
3714 629
2083 4331
3304 3926
4902 490
328 63
3892 1041
351 4469
4986 1200
209 2679
1165 2905
679 4244
4437 3125
2333 2799
3655 4063
204 2475
1104 1146
995 1483
2074 4303
4660 3329
280 1024
4485 4332
1229 2530
892 2243
2564 2621
3213 438
553 4667
235 2511
4693 1610
4036 4686
3828 1829
1340 3359
1390 1631
3870 2314
3285 3439
2181 4982
4998 4219
4919 2335
1026 2636
3216 4678
3056 4912
2895 2493
3141 4357
2932 4934
1693 1906
2525 579
3524 2425
2980 1161
1340 2398
2617 4177
269 2514
4827 4175
4701 243
2065 3528
4885 3644
4762 4238
2102 1357
879 1394
4538 1488
4479 634
1339 3646
3229 658
663 4153
2291 1978
873 2532
643 626
1136 1127
3750 1886
3376 788
1369 1423
29 667
4631 1159
258 2959
3052 1880
3202 3370
1187 45
1386 1509
4537 3073
1249 3110
4691 1224
3933 2614
2213 4989
4583 1787
1701 702
3264 695
2069 1604
1677 746
4954 2226
1390 4933
3571 4344
2714 3693
3142 288
512 793
652 730
3398 286
402 4837
1779 4292
3555 85
2753 544
1272 1958
2470 1352
2020 4774
2422 1598
414 3103
3388 1397
2499 3773
4796 329
4227 4581
3390 3018
887 1989
4492 2901
2353 3686
1439 3461
2390 416
4909 3173
1430 608
4747 288
496 3203
1156 3464
2086 566
2155 1373
2758 3206
4640 2822
3140 2709
4835 2964
1895 1789
2300 3215
3314 3432
3487 4620
3206 4727
2998 3398
4480 1955
871 3606
495 3526
4468 4287
4499 1174
503 3033
4044 4679
2672 3825
2483 1585
3769 28
4006 3705
3804 3280
1877 1716
4150 4166
3747 1904
863 4105
1284 722
708 4296
1701 4342
3620 1709
4476 4016
4137 2064
2318 1491
3027 4234
1653 3973
203 4688
4530 3004
2145 852
1221 1466
4823 4554
182 4709
2520 1413
4511 1419
3817 1024
4343 4711
4087 2489
4499 639
155 2829
4370 1339
1488 3109
633 3906
4054 1303
4637 2817
3797 380
444 809
1561 2618
3490 113
4792 375
4623 4684
4016 2829
1264 1500
1952 2485
2871 2086
4806 2442
3445 276
1828 3930
2465 3571
770 3145
2734 2890
2040 2222
2044 4113
1442 287
39 1068
1460 2685
152 141
996 1468
1569 4943
1963 1931
1993 4621
487 3827
