100 1635 30
2850 3244 3
525 4085 18
3222 4666 18
3161 4475 19
2302 2495 18
2201 1702 26
4607 4792 20
3510 923 26
4014 4754 1
4401 88 10
2368 3857 15
4702 3095 25
596 2663 1
835 1030 25
4965 3899 20
1328 3802 29
4393 109 17
3458 1988 24
55 2446 29
1127 336 1
1606 2160 22
1973 4600 15
2621 3492 7
54 238 13
257 2277 12
3408 1604 18
3485 366 3
1422 814 12
708 2691 3
280 2171 4
830 2206 22
4560 2584 30
2244 3004 7
2844 201 26
2441 4238 20
4899 1174 4
4398 2790 1
732 2321 21
3195 993 28
1438 3175 5
3551 4693 20
3645 1190 22
1955 309 10
3664 3110 18
4410 353 26
948 4861 14
2998 3718 20
4648 942 11
4750 1833 12
3143 3882 25
1765 2144 15
462 1174 23
3872 2347 27
2658 1444 20
776 23 16
1257 141 1
4029 4552 6
4308 1376 22
1219 471 15
1878 4008 13
1015 4328 15
4796 4389 13
2731 1656 22
4031 450 12
1245 1796 26
4394 2049 18
4699 4163 21
2527 2806 23
806 2335 2
637 1739 25
4008 2248 23
3935 4409 24
2271 1863 28
2292 1294 21
2235 2507 7
1235 1213 20
4265 623 23
3748 3873 21
2534 4262 27
3269 1266 25
4829 575 8
1443 4369 19
751 626 3
2057 3213 24
1074 2479 10
3007 4632 2
3799 3047 3
2717 969 12
4337 565 30
1220 4858 19
2334 1146 2
245 3545 25
2767 3255 2
1431 2070 20
1834 2057 21
990 2136 8
1998 3522 30
3685 4845 6
2424 1794 24
47 146 16
300 4418
1546 2283
1046 1266
3676 1528
4282 1498
4135 2874
2267 2639
23 782
3366 892
61 4153
2051 604
3307 4247
4842 1557
3929 4634
2975 4031
2606 1403
882 3281
807 514
3397 3423
3974 2880
2515 4216
730 2913
1229 2837
996 3079
1035 1768
1132 3304
2134 3775
117 1381
663 2361
4133 782
2591 1294
1330 1634
4265 4637
2218 508
2167 2747
1904 4635
3726 4760
60 124
4784 4223
2210 4648
1125 2970
4105 3184
3356 3868
3019 4091
2652 2801
795 2625
857 1644
2449 2216
2195 2690
924 2075
632 3758
929 1619
4550 3789
894 2273
1339 3472
3995 4028
430 721
1607 237
20 4647
3346 4403
1002 1323
4125 914
3167 2119
1639 1641
4580 4802
1573 2797
343 405
3910 2531
2634 1572
4773 1348
430 4402
1554 3827
2504 1700
953 937
2036 534
303 3547
1518 1132
1885 4021
1799 4244
2197 2523
1307 4310
1232 4895
2818 876
663 2700
2291 3505
2817 3222
729 389
4583 2289
4933 385
1851 3167
2626 1598
1704 4422
1954 1175
1856 3531
3492 784
3932 357
596 4854
2007 4209
3018 3388
353 2189
1261 351
3119 2420
2738 2188
3114 3388
3783 3870
3439 3776
117 2541
1531 486
2926 2326
3266 2181
277 3602
361 2751
3642 4538
625 4585
2756 2100
3835 2749
4426 4122
1107 1382
1772 2337
4420 3555
3403 500
4536 4256
1799 1916
2671 4939
4227 1663
1194 2265
3767 1782
3954 2732
1538 979
431 4653
4677 1096
3849 3534
2059 2340
1284 3725
3769 3175
3929 515
2663 1315
2479 4285
1167 2975
3136 3465
1473 155
1332 2087
2402 806
3194 1505
2039 3057
3999 103
4502 1407
1170 982
1554 4732
4073 2953
3097 4653
315 3239
2880 1455
1242 2623
2770 4549
2664 3952
1276 574
3131 4106
563 1938
3056 364
2529 4074
3603 1560
2003 645
1037 2673
3847 3245
3880 726
1641 4535
3807 2802
3581 2247
3761 1318
1269 3018
264 1289
98 3212
3887 2
1169 2052
1986 1626
1015 821
819 1229
570 550
3101 3817
4298 4241
3915 1744
2884 2355
1875 1380
2352 3739
2449 4582
3493 1065
31 3283
2343 1496
589 2417
26 4207
3577 4486
942 3399
1613 2991
2401 3480
1709 2446
4835 353
1287 4547
4311 2864
312 3909
4470 2447
2574 2035
3615 790
845 2592
3051 984
1828 2459
4027 3219
294 2645
4147 4903
1412 2910
3772 4595
513 1609
434 473
4188 4684
3226 1423
1993 1390
3939 4769
4529 2950
4317 3473
3150 268
4017 3879
3759 2894
4792 3544
4974 3236
200 485
3219 3135
2715 3979
3606 4561
3169 4687
2991 2138
3809 2579
2237 683
2544 3878
4888 384
214 840
3790 1250
4613 3936
1919 1075
1513 4068
1592 685
3733 1241
4955 4646
443 1061
1206 4894
2843 3111
4167 4108
515 21
3871 1122
3487 2939
3034 4979
3937 7
705 4154
1843 2454
2933 2229
3193 788
1570 466
1385 3288
3799 2585
1684 1401
4206 2572
1099 4341
1554 2239
1005 1996
3881 2274
1681 2113
4815 4916
2838 2735
1180 981
3247 4253
364 2661
1196 2862
2978 967
1270 4982
1008 2643
3820 1236
4854 3359
938 2767
2561 1109
4782 3749
345 3163
914 3453
3877 4879
3734 324
3837 4962
3655 50
4251 2679
2974 1066
4608 3999
2000 1348
4486 2075
2335 4740
139 862
1326 4036
4926 1851
2498 1103
2234 416
1051 861
4026 3904
1983 487
2816 3364
1975 1942
3673 2974
1307 1453
4361 662
132 121
1982 1562
1768 1467
4602 2549
2220 1668
4165 4276
3440 1904
4308 3677
1428 515
3519 100
4213 3991
2072 4415
4684 4718
899 651
2960 469
2050 2930
4251 4462
2236 3714
3790 1477
3490 4507
3379 4598
1314 693
1685 3044
981 2118
437 3526
3886 4920
353 4145
4269 2310
2306 4740
4318 3260
2010 897
4682 1865
4576 843
452 3189
1494 1387
2334 1165
2071 2778
3071 3345
3763 1011
4436 1442
1180 2123
2694 2691
1094 1742
1884 4626
4055 1889
2630 1516
3516 3863
4057 3809
1134 3155
1964 1922
2129 1136
2866 3880
4079 3104
2000 4446
3385 388
4182 4906
2375 3133
2905 2002
2788 3849
1057 27
2458 992
4680 2629
4233 766
2209 3009
1193 2562
3050 2416
2670 3848
3441 177
902 3992
4662 364
1199 1820
253 4956
2894 751
3867 2071
905 869
811 3710
1690 1568
3519 13
3597 1551
871 4236
4997 4954
1398 4677
17 4421
2120 2378
3874 2096
1243 3755
3531 2103
521 1824
4321 3144
3594 2358
2044 4380
3926 4302
1329 1776
3753 3234
513 3798
3742 3080
2115 3210
1816 2336
590 1882
3201 4084
365 1817
927 2932
4025 1085
3030 107
3332 4909
1292 3235
688 2189
2151 4836
545 2663
2436 4294
2590 3731
4751 1902
1760 4704
1212 2268
2 1987
4287 3580
2351 4628
3252 2518
2528 4046
2697 795
687 3191
2359 107
1751 784
2343 3333
4047 2038
4691 1096
430 1505
10 4600
4709 3781
3521 1890
4760 2077
1238 895
2915 237
1068 538
4265 4061
394 3391
4417 3492
841 3859
3541 1669
2751 1523
1017 1057
4246 4930
566 3533
3319 3681
2067 2965
4599 4407
4775 2295
1556 3324
701 1544
2636 3554
554 1098
2488 3724
2887 4953
3060 4048
3469 1961
479 3475
455 356
90 2466
4206 3211
3217 3883
3024 1450
3655 2968
1996 3233
2944 3154
2553 3787
1949 2520
451 3638
2882 529
3097 3542
3124 4742
3724 207
3431 3335
570 501
1125 4216
522 142
1232 54
1709 3465
3586 1608
3926 1624
619 1441
199 3178
3097 4467
4472 2943
4941 1361
3230 4439
4719 564
4909 102
1055 1054
633 3286
643 1482
4630 1704
1176 2792
1959 3253
2424 3062
1052 4677
567 1870
4321 2451
486 775
4963 4602
3443 4061
3627 2561
3217 3281
339 2795
2981 3668
4690 2306
4802 2473
2729 2599
232 3614
3749 4294
3977 3916
3335 1585
2592 1960
424 3456
2724 2021
2000 702
1773 3317
2841 4193
2522 1566
3561 741
2286 2212
4678 48
3313 1751
1737 525
3830 1371
1242 1730
648 4817
3231 4351
2926 2154
2939 1260
257 4320
3617 2611
625 286
2609 285
1188 1339
2776 430
574 1541
496 4859
3650 183
1687 1272
964 4165
295 267
1008 504
1986 1339
4612 3747
3195 656
3690 4100
3791 1894
2217 2467
1686 2484
4152 2926
2650 1357
4150 3856
3444 2841
3860 1393
3944 3399
4575 2121
2118 3476
1375 3465
119 255
2040 4506
1834 637
3621 4783
1960 1768
4703 4488
1984 3276
3444 3821
3557 4942
3715 1258
4637 4397
2672 651
23 4933
3473 3928
2887 840
3076 53
2545 4408
1170 568
4975 3256
4765 2484
1169 4223
1126 1901
2804 1843
4083 965
4069 1922
1564 2775
4773 1935
2221 3221
1846 2938
4265 2383
167 1592
4830 2377
3500 4065
3059 963
3949 4931
2540 459
549 4903
3133 444
1697 3914
461 1460
16 3138
1466 3898
3938 2734
4091 2079
4803 3502
1695 4032
1195 4290
4048 1094
466 952
3754 405
2772 1318
1440 2327
1654 4066
710 1010
4126 3385
775 2217
4914 579
2335 3902
377 4495
1814 1200
4005 4637
2429 803
2851 4197
4089 182
2176 1285
1900 1248
4914 4471
380 3158
2975 522
1941 355
549 1116
476 2037
3694 4250
4483 2023
3236 2123
4949 672
4811 4265
3302 1940
3174 2603
2059 2305
4164 3073
3408 2492
1591 1310
3353 638
388 1076
2029 3096
801 1456
3339 1050
2562 2651
3303 2741
4298 4401
894 866
1135 1233
703 2138
3331 308
106 2718
1491 3106
3454 404
108 2217
4673 492
4929 1035
341 12
1289 4272
4544 2725
989 4328
49 2499
2206 1642
1688 541
3930 3935
4012 3858
1576 2029
605 1823
4926 1188
4801 3082
2999 3550
88 4847
4021 1697
4713 3348
4083 1506
4910 4862
803 1250
3624 86
2711 3273
2462 970
1656 3187
802 3022
1925 1593
2771 327
2523 1542
514 4366
3481 151
2905 4227
1307 2521
1534 1087
358 3108
3830 1579
1485 2146
4732 303
2312 2190
4615 1463
3294 3851
1296 2847
4074 4398
1177 742
420 1234
2130 1137
2297 3646
4384 2494
2304 1280
2925 4291
1303 287
2447 1439
236 3919
1012 1825
4996 203
90 4210
2543 4459
4110 948
3726 1586
894 146
782 1145
2457 2391
4525 3916
3861 4408
304 4024
3708 2476
150 2626
2600 1881
4343 3433
3131 789
1216 2866
1031 2430
2218 1379
2505 1857
2151 1381
944 3402
4793 2207
2385 124
3125 2521
1594 4017
578 2075
1531 473
1983 3692
4327 2439
156 3333
2338 3036
2403 4287
2815 1042
2642 1528
2169 2390
1051 184
2224 970
1402 2104
2246 2488
927 3781
3278 332
424 2774
1285 1406
4961 74
153 2954
3357 2755
3558 2461
413 2965
4944 3097
4401 1471
2466 2055
1527 4143
2016 4948
4162 3192
1462 3990
1019 1115
39 562
1843 2102
555 2368
2585 350
4300 3315
679 4747
1308 136
4320 906
2901 3318
4285 4861
494 1353
2845 706
2307 1405
1628 4101
4756 978
3967 4113
3775 4322
2168 1113
1786 2735
1219 4430
2462 3682
3247 4866
761 2657
606 1307
726 3540
2267 1022
2063 2357
2499 3054
1633 2707
4606 2276
4852 3322
4496 4704
448 1099
2602 4630
1331 2502
4628 1040
4903 1910
1314 737
3272 748
1885 3976
1995 1691
833 4385
2181 100
1587 933
4920 3527
414 1056
3401 3448
3341 1507
4665 1877
466 855
3844 2600
284 4899
1105 731
2852 3018
4942 3332
1696 2928
119 3160
1261 682
3144 2962
1351 993
4018 2405
1134 2044
2045 3309
277 1206
280 3981
3463 2907
266 637
2451 2971
2481 3571
4395 3871
637 4560
2929 2317
686 1745
3041 4890
2035 4782
1357 4891
3690 2303
4728 220
1320 4725
1580 4645
3072 4095
304 1336
1907 4181
1026 1940
2287 1891
3294 1507
1617 4726
1497 475
3337 2746
1123 1481
57 62
3368 4555
904 4559
861 4546
2883 2296
361 2244
1595 3429
4220 4397
4401 1484
4324 1513
1564 3872
4599 3832
3439 1144
1328 365
2526 949
1948 3362
2269 325
4264 1830
3868 2288
3258 4054
4393 4924
2600 3863
517 4387
653 4384
2003 4128
915 576
1041 2170
1614 1006
3230 4007
4482 977
1119 3368
3758 3680
3948 3498
2626 3984
4706 4782
4569 333
821 2857
706 2447
471 2844
1796 669
4375 1271
541 4231
3489 1889
4183 3037
2663 210
743 1771
2021 670
4879 4935
4998 1868
2061 1727
1137 2769
3242 1631
2528 2572
4791 555
2036 2184
341 2093
270 2293
533 3159
858 1316
3381 1940
2023 3638
3412 2832
4381 552
4300 783
590 2207
4087 1129
111 2231
3501 4576
2706 4422
554 4333
822 1697
1820 3739
3443 1916
2270 675
2561 1673
4120 1022
1402 4428
1962 3410
4587 4248
3694 4994
2703 3524
1160 1501
63 2370
567 1577
354 2471
232 1285
2985 3935
933 3262
1561 195
1533 2801
366 1910
3854 1396
539 895
2256 519
3480 4385
3975 2827
4912 2801
4194 4086
863 2028
2880 2048
3726 1066
1624 29
4981 3071
1369 1854
2049 405
4314 2966
4987 2935
4745 3524
149 3121
3180 3946
1717 1345
2295 4550
4647 2764
4814 2618
1704 3417
1959 567
1710 2324
3626 745
4546 1829
4007 4378
3310 1953
2861 4809
979 2811
2527 3204
4858 1029
4982 4987
4602 4897
2535 1766
8 4886
4623 4801
4659 3105
573 1428
445 4937
1216 1114
1975 4077
1249 3537
546 1294
4668 2842
3078 3035
2455 3455
4203 734
2046 210
492 374
4944 151
4326 4102
1370 4404
4281 2090
4277 1364
2621 773
4341 2583
27 514
1991 3413
370 1616
3688 2369
4350 3998
744 2500
3862 513
4333 3468
1623 4852
4608 3990
188 4786
2096 1373
4149 2396
4507 783
4936 1304
2925 1441
3890 3795
3641 2117
1396 878
3230 2191
4113 488
2548 3803
1929 2958
1637 4909
2195 805
1783 4198
4855 282
4858 2181
993 2021
2042 2137
1207 789
4921 4454
4649 399
1927 4442
4998 936
4823 4093
4763 302
1503 2346
1848 4066
332 3650
2852 4780
4666 633
3656 2595
4517 2457
1491 2908
564 3679
1017 3596
3521 230
4766 3980
76 4166
4175 3249
4905 596
4501 3717
4250 3714
4253 4832
2679 3594
1713 1320
2433 3818
3661 2539
216 2465
2263 2001
1797 1177
4186 3459
3386 3826
4611 3039
2541 1497
2480 4657
2489 588
2293 704
343 323
4308 4541
1115 1719
153 1056
3477 2192
4045 1808
2579 33
2286 1833
711 2389
3179 3147
2798 2343
3467 2198
745 2587
1166 39
4511 2383
3470 3008
684 3763
621 2318
3146 872
3059 4517
3519 698
3645 1932
882 2747
4373 805
2544 3207
998 3089
1771 3924
793 4500
2337 2328
483 2631
2329 386
4486 3883
2168 3195
4133 1630
4818 4204
2469 685
3521 765
2512 1210
3972 547
1180 3754
3441 2489
2839 3613
2468 3443
854 4912
810 2565
1983 2157
2709 1670
2863 3540
3455 1236
2662 4994
236 3732
1056 2032
878 201
2612 1456
2058 77
1173 1990
4495 4132
606 909
1937 2035
119 4951
4665 4072
2475 549
3545 2652
4098 256
4811 1384
1144 1918
1642 2289
2259 3917
4213 1463
3478 4633
4885 2931
3155 1081
1405 2285
1488 112
3853 4972
329 2227
3869 3608
801 3556
2273 1533
2578 4908
1248 1259
2508 2247
1502 1020
3539 4433
3450 4258
3009 2054
3183 2783
444 724
3607 1973
1577 4809
2629 1422
1327 3524
2861 1031
3519 556
3785 2382
3400 2626
3215 1406
4166 1757
251 4451
1940 90
1216 4718
1371 2337
2906 300
4753 3083
106 1932
2898 2367
778 3947
3229 662
4886 3380
1056 2880
760 2248
3257 2333
2348 1468
4825 1401
3294 1946
2414 2009
1970 4234
2267 3832
315 2777
3530 2030
2906 4825
4224 3790
3604 2545
4456 2767
3175 4649
1234 3834
1912 4833
3931 3658
1525 4658
1290 2078
2555 1004
879 1138
3595 999
4432 1601
3071 2260
3935 1430
354 4652
2182 1956
4048 1841
2934 3403
4144 215
2327 1143
4628 842
1464 384
3020 235
2419 867
2588 3456
420 1737
4532 1893
644 3577
4025 1531
139 2949
3255 689
1930 4365
1826 3435
2619 2687
4893 2029
2419 2498
4030 2247
1351 1053
4220 3922
1508 1505
1949 299
4945 1739
189 3612
3923 567
3268 2421
1791 2469
220 3035
4879 497
4825 1474
1105 1957
1247 4451
195 4084
2034 929
1810 2137
2635 2233
4007 4718
1849 3323
4070 3610
3234 4143
1052 1670
2294 4547
2445 2231
1801 884
4602 2853
2875 3133
3181 3660
1045 4227
1248 794
4863 3096
1353 322
4774 2192
4774 3791
691 3162
205 1595
3283 1054
3851 2224
1027 4262
1472 1460
2934 2128
934 3440
1654 742
4669 2306
4794 4666
4578 4607
1419 3604
1765 2727
4467 201
3384 4975
904 1145
4276 4976
1374 376
718 4344
463 3033
1145 3680
4468 2312
277 4849
2211 2105
987 3868
4121 4982
4862 548
4512 3434
4787 448
1070 1084
4333 2602
776 2878
2189 1219
2323 4744
4515 2480
3036 288
999 3921
3702 801
1427 4054
3764 399
3396 1466
4996 3557
2957 4998
4794 3069
2898 388
592 4962
3875 4338
2112 3246
708 1409
3062 2487
3235 4417
2159 4230
587 1051
4659 495
601 4644
1842 4492
2041 680
788 581
3392 4836
1418 847
4945 3673
2935 4377
2786 1933
1446 3172
654 900
3894 2843
3385 4813
1087 4266
3360 1976
4241 1963
1184 4907
4890 4307
2781 2030
504 2641
607 1468
3053 4306
1246 3503
3531 4023
3906 745
2252 2305
4936 1482
4515 2604
923 1470
4354 2817
2687 746
3382 4268
2106 3899
706 3689
1164 2436
4043 4637
2239 2021
1881 3259
3010 2090
1805 2430
4175 3226
3680 4794
4987 892
2278 2650
4264 4366
1787 2883
1411 1577
761 1514
4465 2628
2743 4530
1078 26
1390 2512
2662 1303
2439 1340
568 3857
1238 3564
3883 353
952 1930
1589 1415
3622 2416
4466 4894
4448 4611
1304 4419
1104 44
3785 1966
2676 1800
142 1655
1355 695
1719 969
80 3475
3073 902
4308 3848
993 3836
2235 47
2887 2348
2157 980
4754 1136
3183 3425
2358 4484
2401 400
385 1171
3693 4513
486 4107
1980 2522
1782 2342
1294 2425
922 4759
2007 3915
1752 617
4407 2788
3388 3716
3769 1879
2556 3509
2464 1785
203 2498
603 3109
3330 1674
126 3945
1512 3384
3696 3967
134 3960
2981 4374
3044 1877
2461 149
1340 3229
1196 4654
1816 3286
4415 2457
992 4034
3689 2617
4543 4738
988 944
4899 1471
1300 3275
1410 3212
4005 347
502 473
4294 288
3707 2992
3306 1134
1198 2644
1089 4899
2651 4551
2094 1038
3994 1347
3615 2922
454 2759
4626 1634
4643 1226
3100 3673
4627 45
4034 3015
3471 151
2829 2956
3908 2866
4269 1735
2637 3629
2955 3931
3666 1602
4687 1058
1457 4901
2062 3334
2867 3151
2031 3302
2148 2795
5 4206
2202 2882
3048 1090
4336 1756
1594 701
967 3400
1967 1133
3132 787
3287 840
2789 3190
3945 4289
3697 4454
3632 3322
2017 450
953 2302
1741 2746
3278 282
4903 1288
4253 3671
3336 2917
1890 2967
993 3644
4433 1749
1213 3761
3873 2418
4579 3887
4403 939
2165 1642
4699 1370
1321 4314
3356 1814
1427 2773
2589 469
1857 3378
2903 2196
3824 4804
3129 3411
1524 4600
2828 129
3249 51
1604 3315
752 3491
1846 1557
453 4546
2556 4719
3801 4000
1189 1859
4600 2707
3928 3449
2114 4478
4241 3421
4265 293
840 1394
4724 41
3835 3426
2764 774
2187 392
262 3086
2297 1969
764 2080
4246 2660
2939 68
3200 4583
4050 104
4654 1849
3514 778
978 3705
150 3855
1709 2296
3982 2064
4947 610
361 3730
4608 4957
2074 1300
4824 3324
3759 4143
2968 2863
2811 1695
2542 1468
3293 3043
4378 125
4857 1364
687 1966
3500 2183
3609 3745
1929 1827
3822 2913
3285 2164
88 3326
98 1971
185 2521
3836 1036
838 280
4554 2102
3037 4865
763 2474
1790 2115
1768 1324
4913 3914
4363 1641
4258 1881
1164 2743
2188 4096
2926 3089
1422 4327
83 2843
2229 4851
1160 3609
1564 710
3142 4469
4418 2274
4159 3498
841 467
4969 2232
391 3781
4799 556
1873 1566
3989 4135
4088 4072
2995 699
3026 3666
4643 4904
101 1803
2798 3492
3234 332
4078 515
4596 4816
4539 4670
3819 4086
4181 2413
2839 3334
4786 224
3431 1837
144 108
3415 1179
2472 1478
2380 1142
1157 955
4474 4145
3848 4493
17 3061
4986 564
2137 1899
4930 3493
3986 83
4466 3485
4641 3903
1077 4632
3762 3212
3304 1813
977 1124
4490 4294
3790 2293
2149 4955
1254 4651
17 2278
310 271
3211 284
2280 2637
