20 405 30
3763 1270 27
4840 3189 29
1212 784 21
678 2140 21
775 1420 5
4812 4764 27
519 4994 16
697 2382 22
4699 3088 20
1472 2631 28
2977 1048 10
2049 1295 23
279 611 9
3879 1853 13
3615 4180 4
724 4276 30
1556 1471 23
478 3430 27
3725 3238 25
1030 3192 22
4943 3794
610 400
4286 4692
2681 4352
2822 3742
4607 2814
1339 3683
1471 327
3607 4106
117 4994
2876 803
3672 4344
1156 518
1828 4479
4207 3095
2592 4927
1425 3985
3280 1352
3887 1832
1486 939
3894 1469
2494 4466
3865 102
1268 3114
578 1666
3272 4671
1657 4728
335 1773
4978 2902
2250 3508
3832 3973
2653 2316
2642 3997
555 1049
1213 1633
3780 1582
930 3537
2221 3992
2953 2314
15 422
3868 3810
565 3416
4374 2442
4997 4185
3264 4609
4206 3006
995 1559
1971 4472
3258 3656
4194 1843
518 1594
795 1629
255 3342
767 379
4256 4657
685 4446
81 1123
556 1986
4012 3594
2169 2502
2935 2724
4304 1283
3731 1051
2864 1310
1916 1103
839 501
2285 4279
3268 3793
1560 3799
3506 2929
1483 548
795 530
3079 1684
2245 4518
1898 3757
4863 2466
2714 3735
4559 2313
1494 4169
254 1667
1851 3117
3733 4632
93 4176
4848 2035
645 868
2163 2080
3900 4399
4225 2440
2913 300
764 2543
3241 4566
1806 4048
4591 3403
1562 80
4709 1308
1609 2416
4650 2012
1220 1197
3425 3427
204 3471
3207 3940
3188 3283
952 1244
1879 383
3229 2116
4570 4854
1734 866
184 1535
3256 4095
2178 4045
230 2135
296 3260
3187 2720
4350 3895
28 3392
4539 3925
3699 3390
567 2495
4624 1667
757 3491
3890 1291
3832 2099
1940 590
1329 2254
1389 1268
2837 1655
4664 551
783 2639
3611 1270
3 271
4823 4268
2911 2427
557 3902
740 3085
2291 2569
3574 1315
277 4463
1422 4666
1100 2004
2164 1170
4951 4402
4162 937
4252 4312
289 4699
2011 1924
2086 2099
2173 4190
2130 3125
4495 1081
1478 4401
2506 4759
3850 4093
1967 2929
4708 1712
2442 4969
627 705
2409 3622
4964 4068
3901 3739
1954 2293
759 1363
1445 1521
1935 4397
3279 1709
4634 2420
3646 4104
733 4575
1027 1156
3156 2885
4164 4364
3475 2358
3189 3771
1074 1514
4589 3208
4815 4240
4345 1805
4628 4387
1844 3919
4531 1068
940 3083
292 338
2882 4890
2189 41
4885 1848
4156 4060
2098 367
2232 1652
653 2297
4670 3286
3358 4263
1819 709
2362 264
470 1385
3549 3118
204 1758
4541 1476
2942 2699
3917 854
3319 2292
1144 1090
718 3821
1392 399
175 1962
3769 1902
4552 4703
3771 3259
1461 396
3843 3001
1629 1208
536 814
2062 264
1846 1274
2521 1130
3636 52
1733 3228
54 495
2192 1214
284 2956
1056 1712
2616 1070
2832 3800
3411 3379
359 4206
3070 72
3157 1146
3196 4789
3350 4366
2966 2403
2100 4236
4046 2215
328 3065
3296 2889
4042 1303
1034 355
2425 56
1788 994
4703 332
3466 3884
603 3716
1549 544
4616 3568
4750 1032
4980 420
2458 1619
3394 3976
1992 1472
2603 1129
513 2131
625 3952
1039 4492
2008 3164
1491 3794
56 725
2341 487
4438 3218
2861 2704
2955 1382
4272 742
4596 3872
236 4551
3450 3035
4996 1213
4667 1223
1094 3406
1944 2669
3223 1486
3221 1884
3153 2755
2854 1163
4907 4516
4064 3632
2784 3557
2885 1318
1689 1905
421 2288
149 4362
4063 2042
4424 3561
3700 2203
2439 799
1798 3793
1417 2518
2463 2631
1375 3381
2763 4668
4958 2916
1738 1390
240 688
4947 2677
2327 3184
2695 2662
3978 3004
3191 2945
403 4331
2534 4662
3145 4143
278 2139
2170 1852
196 2936
636 1012
1062 2245
1013 4726
3717 474
4447 2538
4444 3556
1408 3903
3159 1596
3404 962
1217 2364
753 977
531 3856
962 4300
2423 3936
3362 2330
1656 937
3395 220
4654 1089
2391 1274
4915 4776
3469 2672
413 1820
4144 4493
1144 1962
4968 3126
2226 870
1359 1214
3912 2034
1614 2423
3956 2355
135 1422
2607 1628
4428 2093
3597 1778
1341 1454
1890 1655
90 3354
3666 3276
4482 3181
4334 1894
4418 3649
2570 4401
3809 2714
2636 4965
4285 685
1426 4621
2785 3161
4493 3127
1353 2124
4755 2101
4225 19
2443 1555
3280 152
4463 2479
4710 4031
4693 4101
1274 1550
277 1239
2248 1363
4039 2459
4954 3804
2294 2549
92 4890
3586 272
4403 4232
4871 3392
3533 1648
2529 1050
1409 3056
1098 851
4133 690
1018 2333
2675 3680
1835 3933
543 3366
4644 11
3120 2744
3307 3565
3933 4507
1611 4086
3766 4741
1906 359
3039 1367
1084 907
88 3663
3526 1197
3566 4026
4412 616
2104 1046
4109 2247
1227 4411
1952 1492
3240 2583
2794 3622
3550 2243
3009 1330
1135 4402
779 1170
4094 475
1189 2689
1555 923
1801 2472
4378 4708
1390 4211
4933 2914
2545 4032
