80 268 30
317 232 2
285 897 4
705 857 5
371 462 1
447 293 4
735 308 9
288 848 6
638 879 6
669 292 2
793 831 10
678 135 8
119 371 5
638 234 9
143 857 6
293 126 8
827 65 4
142 815 5
595 657 2
241 169 2
674 618 10
683 539 4
288 556 2
40 375 6
829 229 1
678 645 1
21 929 4
99 246 4
820 595 10
1000 85 10
978 671 3
669 405 4
184 572 2
354 280 4
25 274 4
493 985 2
226 337 5
425 18 2
773 256 9
813 587 4
473 512 5
811 982 2
362 474 4
386 809 2
591 991 10
141 405 5
41 814 3
945 117 8
594 682 5
218 134 8
59 451 3
458 528 7
417 378 3
978 908 5
920 943 10
293 871 2
828 641 7
744 789 6
341 880 2
612 768 1
991 609 2
428 826 6
645 615 8
616 781 6
771 858 6
882 33 9
678 500 5
972 527 6
675 63 9
287 700 1
146 251 6
811 154 5
17 241 6
667 551 3
199 613 4
808 869 3
54 517 1
458 898 9
678 885 8
420 472 9
564 320 2
236 622
746 900
73 733
858 913
6 608
954 594
857 347
408 501
416 997
884 726
374 330
660 23
389 627
861 532
846 47
796 793
723 554
467 609
652 600
73 601
278 774
258 133
567 775
71 745
148 354
959 212
373 214
60 800
382 715
569 484
770 855
770 8
850 383
322 872
70 507
527 23
44 627
551 117
983 694
724 630
767 846
178 351
108 769
442 929
843 390
308 351
904 274
165 712
659 195
100 152
591 899
50 10
354 958
354 618
308 231
947 454
960 130
60 128
51 910
78 970
256 346
661 787
104 718
125 110
297 483
392 408
218 465
727 525
581 301
328 326
88 813
409 739
755 824
171 271
229 503
47 775
689 441
634 892
259 493
151 729
503 886
159 953
265 471
567 356
788 98
477 367
268 581
268 206
361 393
598 504
600 518
244 959
955 615
971 291
820 556
885 160
500 72
894 103
560 481
564 669
288 923
279 301
643 302
160 520
212 663
331 54
640 987
548 809
264 298
497 666
539 314
928 842
101 613
229 855
954 349
82 988
499 762
905 362
435 767
540 544
91 935
877 679
853 939
300 158
112 81
640 234
818 902
907 863
868 524
153 884
104 89
264 753
638 695
40 854
899 556
750 816
795 747
896 417
130 758
467 493
101 618
285 465
858 343
151 452
940 437
205 701
264 1000
688 210
228 98
760 707
903 974
139 802
571 652
62 770
582 6
872 526
475 213
605 335
659 746
569 618
821 246
138 319
159 682
746 939
307 583
984 81
403 537
985 750
567 564
197 389
42 750
187 232
797 904
458 20
519 126
589 63
641 84
91 830
133 990
131 973
445 929
722 532
379 350
964 880
686 562
648 223
347 661
986 243
247 450
510 508
983 318
3 214
231 431
321 667
103 137
209 286
369 310
119 745
266 641
482 73
542 451
903 602
766 476
62 391
837 609
781 114
82 193
139 499
258 309
995 807
844 608
774 744
961 1
865 240
168 796
360 294
383 784
896 536
55 823
682 882
485 479
65 858
534 458
544 776
205 574
73 400
978 627
579 656
688 455
477 667
464 305
192 54
348 188
342 716
83 796
493 561
789 425
254 952
680 703
222 393
168 328
694 710
753 937
604 918
529 478
758 778
749 930
846 300
516 995
901 692
87 665
811 108
318 752
788 81
55 651
362 957
222 107
573 128
545 571
174 865
743 992
716 70
62 415
767 703
324 701
242 819
921 498
471 158
