70 270 30
475 385 2
278 258 6
441 177 5
999 116 2
730 41 9
658 934 5
542 176 2
212 566 6
544 635 8
713 876 8
331 414 10
517 746 1
352 928 7
511 349 6
523 698 6
357 285 3
272 614 7
618 56 5
527 876 9
380 673 9
233 484 1
438 632 5
472 927 3
231 382 6
162 802 2
431 433 8
784 467 9
903 821 2
133 503 8
142 847 7
835 961 8
833 1 1
352 493 10
455 209 3
914 664 7
19 510 3
249 535 10
622 727 1
944 34 9
726 292 10
898 934 8
255 104 4
590 276 3
113 221 8
296 881 7
409 585 8
507 946 9
490 195 10
757 688 5
926 735 8
567 822 4
150 301 3
891 936 3
399 499 5
709 898 4
146 262 3
430 879 7
859 702 1
548 522 8
684 106 1
412 465 9
646 721 5
228 706 2
486 288 9
413 131 4
415 483 7
839 850 10
493 37 5
370 104 6
889 237 8
434 107
666 345
504 738
54 877
32 449
838 34
779 213
459 361
861 173
769 327
112 200
262 281
184 620
244 768
456 149
391 833
557 452
589 15
684 912
100 210
890 766
244 953
796 701
786 199
992 877
448 915
253 943
50 877
184 619
71 718
129 878
464 312
671 674
352 611
67 995
69 302
581 586
837 77
230 296
821 454
940 85
937 963
672 805
391 371
327 663
40 99
578 400
450 660
749 456
562 766
185 166
643 112
777 109
488 75
397 181
88 365
968 99
435 138
938 335
598 803
421 54
936 744
958 453
782 435
904 117
299 107
261 969
947 765
295 944
392 30
210 358
343 911
818 267
497 694
645 821
113 734
453 517
531 798
290 378
574 900
142 731
965 155
426 359
733 662
972 122
132 783
674 454
702 438
232 53
476 618
84 815
965 385
522 229
579 807
100 932
150 222
253 562
346 491
904 830
136 54
577 541
835 908
86 412
628 667
530 54
136 64
362 274
512 902
30 20
768 479
167 648
270 474
327 459
901 3
938 460
157 813
139 540
595 649
98 644
964 538
779 705
768 311
524 654
386 493
373 495
932 703
762 877
542 792
497 721
117 246
883 827
411 357
603 812
765 117
161 313
304 493
694 752
276 40
539 669
582 509
193 917
86 794
662 661
403 537
553 66
826 334
212 374
858 316
309 231
179 704
802 333
974 588
865 39
154 148
46 531
272 373
868 16
116 135
901 140
299 59
234 404
910 266
884 767
615 449
271 516
805 301
628 82
675 984
434 343
67 937
105 420
913 819
737 633
798 920
559 319
208 639
813 149
51 21
377 930
293 684
723 585
100 323
817 517
657 437
51 865
449 962
518 381
391 361
627 390
782 811
167 307
465 765
836 913
461 802
144 767
763 639
564 646
252 307
325 521
830 828
488 613
488 421
201 882
465 869
546 421
602 274
630 238
337 703
402 333
128 21
384 123
376 900
597 978
387 186
859 864
458 89
930 698
936 523
215 498
460 826
295 171
383 845
242 309
473 585
300 342
567 204
817 486
37 786
151 134
434 653
760 856
50 470
447 248
71 884
683 281
655 772
734 640
679 967
437 741
63 935
50 717
534 343
115 35
884 379
731 420
140 757
713 824
302 998
195 61
661 270
235 990
567 111
1 139
236 630
533 323
537 330
683 755
147 699
711 639
454 367
557 427
369 162
621 143
695 355
296 676
56 476
243 997
519 267
604 976
398 361
