140 292 5
122 162 3
664 380 4
383 361 4
677 594 1
562 535 2
113 94 2
420 52 5
960 418 2
310 120 5
238 262 3
898 836 3
942 173 1
639 80 1
384 946 5
140 477 3
326 54 5
395 520 2
605 608 3
887 579 5
573 633 1
425 603 1
109 913 3
985 178 3
301 973 3
999 558 4
693 298 2
685 245 2
925 636 2
755 926 5
737 131 4
467 905 4
441 56 1
638 276 4
529 775 3
307 265 3
694 168 2
768 99 2
696 523 5
254 98 3
183 778 5
241 980 2
873 958 5
152 643 5
929 327 5
572 919 5
341 213 4
761 973 2
989 144 1
300 575 1
89 213 1
300 981 4
221 649 4
508 783 3
886 972 2
673 540 4
997 238 3
311 790 1
304 508 4
496 444 3
924 24 3
823 137 5
754 495 3
190 621 3
18 833 5
764 440 2
797 160 4
707 542 3
193 375 4
461 74 2
768 422 5
57 712 5
819 671 2
63 499 3
780 144 4
942 933 4
307 208 3
517 931 1
84 934 1
601 449 4
645 223 4
89 597 3
919 644 5
193 334 2
736 14 4
194 654 4
80 648 1
68 224 2
343 578 3
288 41 1
257 778 4
81 645 3
937 214 3
942 330 5
147 284 2
734 30 1
125 386 3
975 799 2
401 210 4
996 841 2
514 884 2
105 326 1
867 321 5
50 708 5
366 416 3
691 871 5
300 686 3
462 187 4
193 478 4
203 932 2
235 588 2
633 572 2
590 750 4
165 772 4
294 325 3
702 452 3
805 63 2
394 495 2
392 393 5
659 199 2
952 799 5
889 782 4
854 528 3
973 581 4
569 27 4
420 446 1
903 217 1
739 864 5
398 213 5
65 742 2
146 83 5
112 803 4
534 535 2
783 464 1
564 170 2
269 211 1
852 794 5
275 598 5
268 783 3
883 709 5
515 137 1
778 103
993 804
318 369
390 544
160 52
784 689
546 514
850 613
142 35
896 312
319 973
433 289
975 494
956 358
240 491
391 939
29 659
616 672
200 218
79 90
26 888
462 553
873 574
484 541
153 696
386 682
872 652
134 22
140 549
19 197
518 681
11 691
69 738
514 335
545 398
384 672
152 129
318 980
526 687
15 974
79 755
554 449
833 567
60 383
817 984
215 741
668 413
726 221
444 352
193 69
529 863
179 276
551 457
473 628
98 810
169 21
863 764
186 525
702 880
368 956
545 10
345 63
343 171
648 141
610 877
318 901
100 274
202 751
250 255
320 467
501 860
465 528
965 77
632 347
693 118
938 637
221 639
735 794
8 292
918 99
85 471
9 190
500 27
846 477
939 576
668 808
818 561
351 798
435 309
862 127
615 919
771 181
685 390
320 320
180 680
58 611
468 486
982 377
656 351
605 440
570 769
691 666
816 463
964 176
663 576
620 832
754 61
771 986
545 666
365 314
152 448
797 938
498 928
71 174
4 931
401 90
459 265
988 357
353 578
130 504
516 469
459 199
877 122
1 860
227 919
683 649
647 890
296 115
925 222
113 479
334 805
351 988
951 408
17 26
682 704
651 579
929 805
217 294
608 696
325 676
654 926
863 197
484 301
228 927
760 123
556 221
740 522
741 338
857 230
154 548
57 310
601 318
613 842
680 236
84 536
199 869
826 581
589 378
880 761
957 606
622 43
335 755
701 313
649 143
952 621
77 686
750 214
624 8
534 328
93 688
573 761
990 591
470 537
899 564
276 718
715 332
829 417
445 574
471 457
661 46
630 154
361 463
505 151
508 26
383 436
321 760
647 211
703 47
291 282
968 506
569 299
761 217
612 180
475 106
826 161
191 524
569 872
357 370
480 142
517 741
247 51
731 375
940 551
799 1
351 912
288 446
905 180
424 895
191 319
485 851
931 548
711 464
394 326
842 742
147 136
248 279
957 179
527 376
493 543
666 801
168 573
8 992
191 912
898 87
117 463
318 844
100 836
743 111
983 383
514 68
700 920
882 160
544 925
727 140
874 946
512 480
16 207
537 242
720 933
112 50
171 346
996 652
968 587
168 562
470 758
92 567
446 672
571 266
145 178
709 318
43 498
899 997
493 771
562 777
313 504
288 783
498 118
787 164
749 815
441 282
460 396
898 133
551 418
290 272
902 748
185 245
6 128
301 716
754 385
122 320
776 494
67 856
186 969
504 353
241 809
166 587
472 484
609 449
388 573
117 777
175 299
554 157
432 714
669 473
376 836
629 987
729 925
445 939
588 995
342 53
649 702
954 940
