70 704 30
31 252 11
378 192 6
316 211 9
184 14 2
286 6 25
76 113 14
140 83 26
168 49 15
485 346 6
212 464 23
432 284 26
76 453 6
318 282 29
169 94 5
500 1 1
375 296 21
168 271 4
119 382 8
414 353 22
32 138 20
40 371 16
297 123 24
385 237 11
153 278 22
33 31 6
373 444 26
146 275 2
383 494 21
418 350 12
154 479 1
354 18 17
395 375 13
493 456 28
67 158 29
267 333 23
453 164 21
295 79 13
291 416 18
164 132 2
145 222 11
477 281 17
332 499 27
354 278 29
376 347 3
315 54 21
302 257 30
286 415 30
339 228 2
268 121 24
81 471 24
26 54 12
488 247 24
431 391 6
345 292 17
138 291 23
29 76 11
265 464 30
201 152 2
58 32 1
478 40 3
341 90 20
471 172 12
106 11 2
101 17 29
198 30 19
323 320 2
319 392 6
198 264 4
114 209 5
106 229 24
75 426
114 105
449 12
56 485
294 37
8 78
322 132
334 391
369 378
103 407
237 317
2 322
13 62
127 30
367 54
321 321
127 85
483 11
116 86
79 4
342 417
364 109
271 453
67 104
273 209
139 488
171 235
291 348
343 226
272 456
166 332
442 157
434 135
339 493
374 133
263 492
152 345
478 151
436 488
297 97
185 374
44 430
316 54
149 481
465 215
62 406
81 415
267 317
177 203
335 231
34 477
428 131
362 382
413 120
492 48
272 90
306 94
17 328
222 122
346 108
183 375
77 18
99 431
452 320
161 496
102 57
454 217
189 323
231 112
286 422
67 139
306 490
133 274
416 76
465 141
390 91
180 142
18 6
363 72
143 38
377 391
428 323
147 223
273 450
81 93
246 58
388 482
153 233
37 282
380 356
298 300
237 240
86 454
230 327
234 398
120 298
114 22
467 161
247 174
360 58
71 49
67 255
28 121
379 492
471 125
258 152
166 442
366 145
299 348
486 220
132 117
27 397
359 498
401 89
229 478
170 351
453 217
88 430
379 496
469 272
351 361
130 356
491 341
55 379
53 318
420 62
451 439
185 197
162 433
363 273
398 498
242 191
28 5
177 405
5 421
444 467
369 89
165 8
480 373
357 145
389 421
309 132
117 226
434 70
413 449
107 499
461 157
104 188
418 148
462 293
494 111
261 28
225 384
364 245
74 217
480 121
260 208
459 244
223 156
317 168
338 47
258 14
127 90
206 358
358 257
406 1
423 71
149 314
161 384
116 24
61 57
46 300
197 404
422 16
150 309
93 10
178 386
182 339
187 377
345 298
76 389
197 298
293 385
97 344
436 244
266 99
405 237
223 456
6 113
345 318
427 56
157 351
382 69
221 139
178 146
262 35
418 234
101 372
23 150
263 339
397 269
353 183
53 302
119 188
138 255
145 131
77 388
113 289
142 440
134 162
395 436
42 338
99 256
200 8
39 235
123 270
412 359
111 439
287 480
102 4
153 201
340 3
421 22
294 5
324 197
291 70
400 112
204 141
450 36
357 342
355 106
366 70
79 267
318 278
334 403
390 294
435 457
466 255
12 61
136 75
167 214
238 109
3 45
185 447
152 486
155 221
238 171
125 5
50 248
68 320
449 306
169 92
110 359
351 264
278 466
285 481
272 254
314 465
489 270
466 287
7 282
445 116
246 1
10 82
437 253
94 427
8 151
333 11
332 27
373 140
191 6
365 365
332 151
167 208
205 2
96 343
468 228
145 412
464 273
11 56
213 112
5 318
3 353
94 367
496 14
456 122
235 38
17 178
245 457
43 111
395 260
291 388
75 36
69 339
384 428
174 487
176 372
196 171
403 42
115 120
338 28
412 402
360 421
312 463
366 326
120 494
235 211
87 124
276 407
375 419
400 131
447 264
125 364
147 189
148 247
470 153
166 235
301 161
446 184
237 401
449 471
228 118
363 282
185 387
345 322
315 266
367 178
13 394
174 56
55 343
297 59
106 68
340 365
452 354
122 239
70 341
21 354
409 147
198 189
213 487
405 12
378 275
156 309
440 383
77 309
291 389
349 19
365 339
97 177
427 177
333 284
142 416
301 453
53 205
312 151
134 166
276 9
4 384
132 477
413 427
10 191
289 389
66 146
117 250
123 353
202 4
253 78
263 438
116 460
182 424
223 113
338 212
177 137
198 487
23 285
363 487
211 461
72 234
162 193
317 184
444 358
3 388
227 106
404 53
427 489
230 433
328 201
180 236
84 205
451 314
382 303
306 470
497 216
164 319
108 235
41 22
270 409
373 386
121 87
169 465
124 71
355 498
105 237
474 403
419 285
378 51
354 154
231 396
473 442
387 231
192 488
25 313
477 62
140 89
407 25
17 88
276 96
199 189
47 238
342 390
206 103
473 386
305 434
360 321
258 480
310 480
406 450
247 117
275 7
383 395
262 458
276 38
439 30
84 475
50 76
87 422
329 80
310 473
62 141
166 218
500 277
296 128
416 258
63 494
393 110
185 147
413 389
37 378
319 255
244 358
202 145
383 33
457 289
271 215
35 123
483 465
462 219
40 349
312 163
63 16
414 271
497 53
41 218
304 48
209 454
40 29
291 228
272 144
195 212
324 72
230 368
312 74
262 342
493 211
144 436
70 290
127 187
470 47
453 467
235 361
345 89
80 177
376 114
383 427
287 54
159 295
246 86
76 285
414 209
104 341
164 260
372 434
447 302
125 493
364 131
7 66
420 25
337 79
97 256
176 499
440 256
256 98
180 246
315 62
134 114
188 83
305 188
371 316
158 70
88 114
217 6
270 99
249 164
131 299
310 214
293 298
36 288
446 211
414 120
461 19
250 446
170 232
219 206
416 12
487 105
166 418
490 274
328 99
356 347
149 368
239 162
23 417
69 229
157 231
16 293
324 161
160 212
418 499
255 457
364 279
338 127
182 29
364 99
221 255
431 214
398 313
265 135
312 283
36 26
156 3
489 343
263 222
146 403
313 253
463 241
6 77
182 378
3 484
474 269
149 19
131 212
153 138
445 412
450 14
289 259
493 178
82 110
297 37
427 340
223 157
393 299
286 111
26 322
381 337
37 273
475 7
460 155
285 412
316 144
195 252
437 270
21 389
46 258
174 101
297 73
455 188
449 491
50 287
137 461
310 267
358 109
213 489
206 478
425 89
130 403
113 253
114 373
414 170
106 74
485 356
253 433
451 115
248 349
478 383
164 425
245 500
65 61
143 269
124 19
350 329
349 488
75 437
134 173
418 109
43 6
441 37
323 340
263 50
315 417
20 288
89 360
290 76
496 233
282 207
10 332
202 301
497 267
183 195
471 352
53 336
273 303
136 195
94 336
132 148
46 53
232 201
296 452
246 180
225 54
221 238
443 207
114 107
125 102
116 114
246 16
427 229
398 90
460 449
207 347
289 142
495 38
205 434
28 416
19 105
463 199
56 178
342 481
436 266
455 500
88 215
232 71
303 24
34 194
402 252
235 401
196 31
456 267
438 252
8 354
134 12
408 52
115 55
197 353
309 127
107 184
358 146
33 334
174 356
333 369
401 93
313 281
4 305
235 2
360 474
457 6
43 64
280 492
199 330
42 234
134 466
480 397
162 126
7 429
361 128
6 218
12 33
138 11
178 19
380 126
373 409
412 128
312 481
416 406
371 257
