20 119 30
1663 2450 19
726 2709 11
2717 1372 9
4138 4545 3
1278 290 27
3785 3358 18
2924 4334 21
1279 201 25
3037 4414 29
2884 3706 28
4508 4764 16
3007 4282 26
4509 3780 18
3749 1631 8
2114 2602 19
2458 3806 25
2410 2128 13
4746 4967 8
2201 3588 27
3273 1176 5
1680 3338
1195 3312
3498 3548
1341 421
170 4076
2257 2919
3540 2708
1844 1707
1808 3011
2780 1751
1479 1189
3207 326
2923 1301
1315 3325
3007 3797
1482 3551
1507 1023
3199 2890
2668 4776
493 3614
761 2949
4836 4357
527 1339
3448 484
898 2516
3614 946
3559 4624
471 64
2434 2963
955 788
2948 4574
4453 2144
1965 408
1462 4633
4998 4498
1282 1894
445 1925
1526 4391
1503 4182
587 2813
2387 1199
4567 1784
439 376
4818 1828
1289 3918
4539 3942
1081 4679
883 1855
144 1821
1036 2970
3496 1315
3594 3096
1678 3479
1583 353
204 3038
118 1348
3297 3426
3943 1156
2537 421
2314 3041
1723 4969
278 2096
796 2606
3052 1441
3541 1029
513 4445
3245 3294
3637 1879
3355 3429
1210 1785
3212 1565
4907 4772
4111 4473
2112 1256
4255 1885
4894 2527
1618 4428
2826 4471
4374 4233
1588 1049
1453 296
2166 4772
451 3585
2048 370
2665 3493
3783 2829
161 2373
70 3899
4221 4498
682 2128
2049 4470
4533 4822
3214 1211
2862 442
2939 1703
3409 1016
3354 2958
1032 2372
160 3115
2018 4668
4318 4543
2604 458
2415 3627
4087 791
4657 1668
3865 3102
3433 4473
913 2430
2254 4940
1700 393
3956 4476
1975 25
1865 582
4477 2035
1735 1983
4942 1634
2311 4309
1757 3452
4779 1644
