30 64 5
659 556 2
327 436 3
25 427 5
275 22 3
504 298 5
166 511 2
363 365 3
23 302 3
876 468 4
487 57 2
843 382 4
118 14 5
248 188 1
746 369 5
623 774 2
962 86 4
872 779 2
692 951 5
69 809 3
262 84 2
884 439 1
881 653 2
608 619 5
979 890 2
100 235 4
715 327 4
394 404 1
873 560 5
856 353 1
363 870 4
733 73
603 87
275 364
909 135
251 827
283 859
425 958
988 102
82 867
826 867
201 810
50 707
89 542
230 897
47 228
499 565
984 377
158 244
237 931
678 232
921 325
947 779
204 118
58 219
641 631
236 329
981 869
857 66
119 2
598 9
21 882
818 833
873 64
112 501
639 830
278 310
119 250
230 288
225 569
554 569
743 377
21 292
717 799
265 919
409 904
247 913
903 767
552 569
808 890
909 756
326 959
807 914
288 890
50 422
976 456
541 458
970 186
966 645
46 598
94 695
84 144
39 66
495 228
255 699
