10 82 30
3503 3978 19
4101 901 9
1115 1325 5
754 4583 19
618 742 15
737 2191 11
962 3598 1
2505 1344 21
3243 1613 12
3131 4276 10
3625 2007
399 3165
546 2046
4817 4783
2015 1801
1908 4052
1985 4692
1103 4035
3994 523
339 324
1659 1580
2811 237
540 4448
3561 2917
2253 4159
4444 791
961 2606
625 735
1877 4264
419 3213
4197 2877
4389 3098
2236 155
2257 449
1903 1507
579 2764
1393 1392
2028 2529
2979 4516
4487 2975
1926 2019
3933 4396
4502 2463
4885 1869
2702 3544
2473 1357
358 2130
1321 1303
4576 3536
2770 2176
936 436
3610 395
3146 2477
181 4668
3473 1876
4031 1063
733 754
4777 1573
2911 2470
484 1352
2740 2581
4639 3758
804 1502
1083 2623
817 2586
4250 1514
2425 1625
4013 1473
4619 312
2079 4465
594 1297
4129 431
3130 1443
119 3555
4758 2978
3846 4156
4745 2968
650 2236
3339 4634
2013 3415
2533 3399
1740 4046
1047 1488
4127 1149
4256 1096
4749 4071
4159 1959
970 3984
2165 118
3891 788
4914 3138
3861 688
