50 554 30
1450 3266 30
4449 3314 16
892 58 30
3350 3647 17
2951 977 28
3183 5000 20
2426 4803 1
4349 4469 5
2004 1089 14
1558 4589 10
1722 3001 9
4125 2204 7
4318 2207 7
2866 1333 7
1533 2396 20
2033 1371 18
2531 998 28
4323 444 29
392 4797 18
3387 3090 5
2313 3660 23
581 1506 21
512 1185 17
3159 338 22
3842 2078 4
4779 4640 28
1476 3204 25
3797 4602 28
3239 3213 12
3295 1371 20
4639 73 22
3801 2530 3
3098 3300 15
1745 230 24
4767 4930 10
4057 4294 23
827 3043 15
2935 3138 7
3423 4089 22
4812 1096 27
2197 3878 27
4746 4072 26
4991 4365 2
1025 229 15
2420 945 5
2567 561 17
497 4861 26
25 3159 4
1362 2887 18
4454 2879 1
1536 1415
2830 2542
3782 3715
2247 4457
4352 4625
4194 2312
2642 550
648 3917
1136 3417
3759 1806
1338 1027
3069 1603
3477 3702
3442 3547
3340 2160
4305 2805
2872 338
4099 834
4523 4763
92 962
4468 2996
1885 1904
2533 3118
1579 1397
4835 518
3857 4107
1312 1910
1043 861
318 4678
879 336
1460 1073
1829 4397
1587 875
4191 4337
1601 1880
4813 3806
2406 4718
898 841
1464 929
3945 1471
4801 914
2596 1177
4764 3568
3198 4852
2427 1326
701 511
386 2410
3000 583
4951 2083
1465 3085
4413 2974
4759 1894
1708 908
3671 1074
2126 4296
3697 3119
3462 2074
1528 487
1291 1041
810 2575
1864 429
48 983
2678 727
3452 34
4077 663
456 1274
4620 2469
2284 2898
1005 3968
4038 1367
712 4589
1351 1120
4433 1981
4362 3816
1079 29
1633 315
4244 3605
1163 1459
3791 2936
1662 779
2479 2856
2037 4138
125 3162
2729 396
3220 3637
4065 3021
1463 808
4311 2092
3443 580
2416 73
4450 1681
4948 2064
672 1333
3182 1128
852 4477
3860 561
371 1175
3644 4520
1520 3515
2443 892
4173 555
294 3062
1423 2191
2961 2004
2209 717
393 1835
3515 4850
2988 3638
4756 4226
1870 3490
4237 912
3587 2348
164 2551
2811 4159
4109 298
2278 4303
3937 4881
2354 1315
3072 1843
4356 261
1774 3075
2546 3738
4148 4704
3606 4413
3990 4096
1651 1233
2533 1646
1426 2221
3755 3151
2978 4986
1289 1415
3918 2406
2875 554
78 2151
1961 4776
3672 1188
449 1002
4950 4529
4918 490
3513 3607
2365 3299
4460 1511
2833 2731
1471 854
4298 3754
2435 2558
4946 656
80 2875
2318 523
4573 3268
3590 1522
688 4109
222 3717
964 1841
3947 2118
4368 3923
2935 2886
4951 2353
4754 351
2019 1679
3498 2345
4776 4634
4223 1131
4285 424
1376 16
1001 3316
2586 1974
2407 13
645 3328
276 422
4032 360
294 1293
1704 1338
4027 4703
4217 1099
1289 2029
4034 4629
4895 3339
4317 1092
1253 921
3014 2459
3476 4769
1732 3827
3119 894
2566 1898
2213 1690
3599 1962
2025 2703
3643 1440
2939 3303
2762 1947
2704 2558
3778 4379
830 1665
2 659
1491 3087
4032 334
3794 3571
1992 3744
2452 560
490 3045
3033 4571
41 2116
2014 3856
391 1509
4676 4491
3114 1260
46 561
1651 1660
4067 1306
4032 589
954 4887
231 362
2129 2448
2542 1312
1764 1006
4327 426
1673 1275
867 388
1884 4144
4010 1746
675 1401
4925 1631
2016 1034
193 2675
1520 829
1125 430
844 2943
3784 2891
2297 2395
1644 226
2329 1065
2005 2878
890 2100
392 582
2613 1039
4386 2889
1891 3574
4934 4266
4955 1947
2889 2802
2483 3142
4113 3273
4771 178
4522 1881
4822 4834
635 3431
2784 3073
3163 1607
2073 735
2941 1683
1991 1064
1253 2522
658 4338
365 2454
4339 186
3624 4124
319 541
2173 3023
610 1502
4097 650
4865 4364
829 1918
3229 40
663 4169
4772 2502
4719 1375
1089 4601
1261 78
216 1768
315 3150
1800 2358
3272 729
3491 2762
52 479
4004 4945
4627 2193
1161 3926
455 4092
3513 3666
4698 1347
235 4948
3997 2232
366 920
4405 4244
3561 3680
2754 815
4744 3206
1795 3090
1138 1097
822 375
4626 3601
3109 1579
4753 2082
2651 1108
4396 4127
4551 2802
3374 1906
4290 1696
750 1995
3666 3371
2500 4463
438 2138
2963 4662
2692 2318
4698 2766
4428 1823
4080 121
2661 2728
763 1542
2154 3808
1172 4463
2353 4840
644 3921
3470 2452
4484 145
4919 456
4614 3033
4078 689
4344 2021
1281 672
3576 4481
4319 1582
525 4537
3639 2661
1857 95
2989 4786
1421 1353
4999 890
2175 2824
118 3518
1435 807
3995 2371
2487 1322
678 3877
773 3413
138 885
1356 1097
4974 219
945 527
2840 4754
407 1348
3452 4740
1528 3578
383 2347
4924 2014
4741 3279
3344 4038
2121 2808
742 3828
2361 3190
4422 2040
2603 814
3482 2508
4375 3463
317 4395
4097 4042
3568 1476
202 369
2711 3321
1900 3959
3196 499
4957 4651
1136 4694
3328 3353
1507 1380
181 625
3024 2989
1859 4411
2288 4011
3260 3494
1745 3173
4795 3567
2846 360
3941 3948
841 4491
2206 737
833 3104
4998 4023
2695 2161
3229 10
3787 4108
1645 240
1146 3517
4693 4445
663 2428
4033 334
925 366
3613 3773
3877 2717
4573 1023
4925 3286
795 1260
3331 4747
4320 3635
1178 2173
2838 109
686 50
3582 3044
2768 2344
745 2417
1760 1127
4188 1188
4420 2719
3336 3404
4175 2532
2720 2912
3158 4344
730 1048
3905 1330
2000 1353
608 2611
3798 4438
143 3191
3596 2628
161 3207
1122 4200
3941 1347
884 3027
357 1604
2595 1187
1965 3891
1066 2255
4763 4031
2481 4219
4952 256
3279 2512
300 3588
2868 2571
969 2364
4162 778
3145 1882
651 3927
1785 180
3104 2383
2580 2462
4595 2439
2666 1053
1462 2991
1061 4424
1816 3921
4526 379
3162 1002
3122 3248
56 3927
4130 90
3727 4904
4014 2977
4592 2267
2176 1485
4228 2427
1931 1772
3161 3450
3375 493
2427 4315
6 2390
1474 1360
601 298
2453 2964
1457 3805
2030 1296
683 823
2023 1553
2936 3406
2323 2898
4319 4690
1707 2208
3253 1512
3845 2410
2934 437
499 2700
1044 4274
960 153
3965 1041
1878 260
2564 1636
1206 4015
4681 2680
2430 1589
1965 3267
3102 2883
1620 4523
451 3196
3661 3851
679 1926
3600 1062
1748 1410
1577 2882
4563 3989
2581 1712
2756 2886
2867 2784
4893 541
1782 4575
3737 1661
164 2785
142 3090
1949 4548
85 3996
3666 3504
3021 756
4823 3559
4739 2169
4231 3328
4843 1454
1315 3248
1063 3708
1925 2670
3458 1580
3992 4525
3713 1698
4372 1122
3218 3672
3702 1622
2728 766
1742 1914
332 2834
1868 519
3009 1247
2088 4466
2726 1369
4518 1770
4376 3809
4681 1048
2622 571
4777 3258
3276 839
3814 137
593 2871
860 1759
2389 406
2074 318
2191 1346
2271 2017
200 1821
3970 4918
890 696
4013 4400
3605 3924
4349 2134
328 302
3698 508
4654 3417
2797 3222
855 4894
2067 3702
2407 4057
1527 4611
4623 218
2283 3126
2983 1719
2710 2321
3021 370
1324 2060
