60 318 30
4610 1738 7
1074 122 18
2494 3752 27
1734 3609 1
4964 4172 17
1231 1167 20
4388 539 28
1770 4679 2
3151 3890 1
2664 4019 28
1252 758 23
3967 4587 10
4010 2557 30
4814 4703 23
1662 306 3
1809 2536 10
4602 2802 12
2489 2600 20
700 3937 11
96 2013 24
4549 1207 7
1287 732 21
4976 3695 5
4022 3398 14
1640 3041 2
1331 4191 10
2353 3448 28
2222 2769 9
487 1985 28
2104 4891 19
4195 252 16
4075 1227 20
4528 1207 29
1815 2165 26
4245 2157 23
4093 1813 21
3955 3383 3
3445 4440 6
748 1676 5
1754 3578 19
1114 2389 27
2489 2613 21
4895 2881 6
4171 2418 21
3226 2759 27
456 981 23
3914 3735 13
4710 3948 10
2788 1790 17
2323 2089 24
4128 4060 25
1790 2888 10
2272 1370 20
4617 3844 1
1491 678 19
160 4380 6
1950 1429 20
329 4626 26
20 3370 2
2819 1398 8
1279 3703
3991 4122
3925 4456
410 4733
4742 1203
67 656
1269 4510
4410 3270
2297 2249
2999 3331
2278 55
3498 148
4997 706
4806 1832
3010 46
1743 3368
2473 133
1435 4197
990 445
4864 4174
4842 4407
2238 774
3853 3334
3344 263
4753 1521
802 296
3371 96
1102 2881
4180 4990
2853 160
683 555
2018 449
4261 1518
1471 4769
110 3243
3133 1414
1970 3190
2174 1378
4718 2408
934 2316
3412 1172
1146 1944
572 899
4633 4663
3840 4937
4582 3187
3810 1967
2699 3085
4863 3372
4074 1661
864 4128
2021 2175
2567 4584
3244 2577
1262 2721
332 3402
337 2570
2909 2905
1424 995
2180 4021
1621 1665
404 1857
3692 763
2860 2322
1090 4077
4403 1657
4546 3955
4645 1237
1888 3016
4386 4245
3191 3930
86 3474
1263 4060
2422 2230
3457 4157
1827 2389
1117 2522
591 3742
1700 2398
1520 3894
3020 3368
3238 2944
4446 3071
752 4506
476 3637
1727 4988
4190 1093
4289 2677
1881 1331
1784 3678
3886 1889
3826 3509
3410 3768
1820 4998
3880 477
178 4137
1233 2089
497 2466
4086 2203
519 1335
4511 3291
1648 2711
1294 3595
4292 306
4296 384
632 1698
1830 2618
438 3738
4182 988
1912 38
3533 4718
766 2768
2634 739
3201 866
2232 3165
1936 3659
1199 2064
3177 203
1654 1924
1130 1188
4921 2754
3867 4596
4208 2975
2156 70
3414 3537
299 3059
389 2257
4728 4851
4232 2235
3660 2280
2638 4534
793 24
3708 2933
137 1004
1907 1826
2021 1307
837 2354
683 617
2463 858
4997 875
4934 879
3145 763
1772 4051
938 2671
3397 1501
2636 1007
3016 181
4007 3895
2355 3365
4091 396
2026 3535
574 1964
2220 2857
4189 18
617 2746
92 2550
4301 2780
3981 533
256 1845
3453 2445
3847 2224
583 1225
2001 759
4580 3632
3735 234
3759 3857
4762 1294
2582 3561
776 4223
499 3187
104 4084
4730 4218
4596 2602
1995 200
3237 3566
2930 1007
3859 2349
3110 636
3453 450
1163 3192
3885 4098
2459 522
991 1564
2667 1674
1740 1357
150 513
3675 2515
2152 2664
3029 2041
3014 3352
946 881
2026 978
297 4223
4683 2421
3787 2914
1635 2551
11 2489
3341 1114
165 1673
3915 832
3668 246
3124 4347
318 827
4659 906
2144 255
4746 3920
3920 3668
1178 3291
4105 3627
4512 3967
4762 3264
2258 1474
893 4377
1121 2593
1825 2832
3032 2614
149 3442
247 953
1898 4656
4876 4254
934 2865
44 2957
2012 3602
84 4763
1808 4627
565 4130
3447 4118
1379 1285
4485 666
4061 407
3142 1653
234 1175
2125 1719
4458 1570
886 1133
3867 4176
3306 2751
2784 2486
2252 799
641 4095
1093 753
720 4905
4133 2182
1540 4550
106 4054
4274 4479
3500 1614
1849 2099
4490 2084
4625 2032
349 3479
1863 2132
2636 4781
4238 3142
2905 1282
1208 4490
1979 1561
4816 2897
3352 1242
3896 2421
1995 3985
1400 2476
3771 2537
3868 4639
4249 2734
1420 868
2148 3256
407 443
3368 1342
4389 2315
4705 2484
1181 4421
330 3034
3818 216
2344 4172
1390 766
1497 1359
3904 4380
2097 518
434 2965
1894 464
485 1935
3335 2735
1256 3772
4080 3901
4393 1595
1371 1024
1349 3496
3110 4647
242 1073
149 337
2472 4507
731 3055
3513 3405
2010 4422
3796 2531
1025 591
2531 3099
205 4374
2138 2971
3017 2758
168 942
846 3675
260 3166
327 1367
1820 4528
4142 3510
2776 2505
3936 1037
2 729
256 4336
2630 2977
3356 1610
4968 3169
376 4128
788 161
1465 3942
4842 1972
