130 656 30
2855 2218 23
752 3379 9
4240 1954 11
1198 1598 20
1421 3348 18
4543 84 25
2730 4665 28
157 1554 13
3341 899 18
3513 1521 15
2943 4846 30
1018 3115 1
3041 2950 17
1138 725 5
4242 2244 17
590 282 8
4922 592 28
845 3204 30
1669 4205 12
3899 2506 15
1762 3871 16
2010 1122 20
1348 2034 7
736 1829 11
2395 1792 4
1469 1045 26
3759 3394 20
924 4784 26
4172 3576 18
1422 3031 12
1599 4440 17
4299 960 7
4883 2239 6
2150 407 19
3260 4255 6
3683 892 29
4952 3024 7
1708 1222 14
1386 1343 13
1543 1283 24
4273 414 27
1711 2791 26
3499 2255 7
2724 2331 15
2861 51 1
3133 3307 8
812 860 26
4797 1838 20
350 3382 22
1795 991 8
1149 3492 12
2426 3661 1
2799 4089 28
1911 326 12
3888 2099 12
1746 2375 11
4409 4061 25
1062 1390 21
3619 1609 9
149 4734 1
990 2946 5
2636 2336 12
242 4004 1
1493 3108 7
407 772 16
4961 3416 10
2059 2888 20
2852 3130 7
4807 4114 8
2341 1837 26
3158 4456 13
2661 195 27
2154 1112 27
2402 3510 21
64 640 3
1700 53 20
3684 352 12
1839 2368 1
4175 2851 19
2163 4491 19
1426 1775 24
1043 4202 19
2486 314 11
4594 2673 24
1781 3263 2
35 2942 25
3990 2043 22
2534 1873 23
4618 3470 7
4587 3694 1
326 1211 29
3104 4911 30
4074 896 9
441 4495 11
4529 1072 1
2156 1189 11
2905 1657 24
1035 694 22
4378 4562 23
3384 327 15
948 4683 13
4433 398 26
1634 2180 22
919 1359 29
1101 2528 11
4372 1148 19
3117 2678 23
1785 4919 2
3228 1437 10
1185 249 2
4619 533 1
4810 1122 4
4120 57 14
4216 939 27
1017 879 16
1050 2400 5
1584 280 16
97 3887 26
2681 4072 5
3042 3006 20
2828 1812 1
780 3782 19
1495 415 2
319 4205 20
297 1917 25
2356 768 18
2772 2486 1
3221 1573 29
2662 1680 6
1470 3914 10
2171 906
2230 1278
2101 782
4188 2460
3621 952
337 2101
600 3578
2838 34
490 2405
1104 2000
1039 1703
4921 1078
111 3374
2410 1777
3468 4058
1167 4285
4875 935
3096 4340
1616 592
3786 4555
2056 2330
270 2412
65 4441
2537 3043
2449 1156
118 2117
845 4826
341 2595
2479 2300
3491 3124
4584 29
2247 4111
1274 4629
2065 4005
4926 3490
4916 2757
2172 4294
2209 144
453 1335
4652 4200
483 1162
196 2769
3445 3280
1989 3892
4380 1518
2156 1427
2602 3538
4076 1003
4648 4655
2493 4377
876 3448
620 4312
4459 2231
3400 4181
4943 3746
1998 1373
2592 534
2247 2362
2893 3325
641 4753
4701 4361
4708 3310
763 3266
4979 3056
3945 4838
3224 2023
1731 1337
1454 1629
2336 2471
3280 1879
1006 465
228 4758
3947 3338
2362 3422
3545 365
574 4710
4381 4026
1561 392
252 567
1705 4975
232 2553
2924 2421
725 3563
81 1889
396 3861
2355 3853
1059 548
3839 3824
257 650
1751 3972
2442 1866
1063 2208
3380 3777
2179 2
316 2222
4745 225
1144 1723
1647 1514
2928 4375
2502 681
2100 3781
1025 2872
4940 4248
4133 4655
3691 4198
3113 4642
4631 1917
3114 4471
3682 4599
4671 2006
387 1241
2503 3734
2522 1137
979 1810
4176 4085
4284 1455
1857 1670
11 3888
2827 2721
2270 4088
3309 3777
3357 500
4424 632
3240 2781
519 1332
3632 294
1900 1556
1202 386
3095 995
2791 3387
516 4069
3344 2732
4183 673
841 3042
1411 435
52 992
665 2312
3376 4495
1607 2286
4280 2094
3715 2073
1854 4769
3027 132
3632 4630
4815 4518
367 4770
3147 3747
3300 753
3382 1415
1508 3186
1499 2033
716 4541
2248 3549
3944 2901
1993 58
728 1417
4351 141
1196 1175
4951 803
3652 1322
631 2895
1394 4774
2834 205
4115 464
3977 3733
239 4100
255 982
914 844
125 1167
4605 4182
2092 2098
1390 1084
2079 2639
1553 3457
2561 215
3310 400
3867 2357
339 1829
761 1865
844 3475
4828 689
1166 4054
2321 3595
2099 1747
4959 2968
2417 2369
3893 1484
671 2486
3213 286
1911 908
4697 2526
3286 262
3408 3021
2360 835
3377 2528
2815 1366
4414 1190
2744 4799
1175 2196
4854 21
278 869
374 3303
3552 3976
1522 3950
477 442
2098 3425
1845 4637
799 2138
3080 2943
288 1282
845 971
2368 410
3818 3733
393 3006
3783 2939
1380 2601
3848 4961
517 1109
1165 1103
4341 275
3780 1919
1465 4985
250 3539
2846 1247
4122 3968
279 3861
3805 4219
449 3428
2622 3709
3075 1284
97 130
1913 1009
490 3821
3356 2035
2301 4789
3628 3760
4117 4148
3971 4820
4216 4014
3351 1245
2992 3
983 1308
3895 3437
2810 1547
1102 2880
2208 2702
3318 861
3178 2594
2304 4771
2037 91
4921 1183
190 2010
3235 4437
4101 4856
4000 4133
1562 1114
3309 1726
408 288
4329 2397
3349 1278
4106 3621
3126 3926
4453 491
716 4122
3960 4983
768 4661
2247 4650
3573 1410
450 134
2693 2430
1258 4852
326 1573
4689 1963
2596 4071
1873 4067
1822 1734
4735 246
680 545
3549 534
1401 839
1934 1682
1483 2627
2648 3028
3001 2301
1117 2542
4492 745
1544 3559
448 1311
236 2452
3556 189
719 3803
1879 4030
445 3310
1285 1718
325 4491
11 3032
3379 3034
1199 2553
2520 4605
2222 2829
2675 214
3369 1572
4514 662
1886 759
878 2609
4427 3148
3869 3349
2825 4072
4836 835
4123 2605
4379 1142
1098 545
4810 2277
4230 1174
3390 3099
1998 2143
4475 4788
4223 3625
4965 1386
4907 2340
3162 3751
1105 2191
3595 1552
1533 3941
1163 1750
3302 3759
2500 4238
816 2303
2577 2839
2953 4497
1660 364
4082 1475
761 1767
1160 2167
1677 3131
1258 1932
1899 4184
1566 3664
2296 819
26 49
256 4737
2169 2810
120 1173
730 3551
4782 3444
2498 4813
2289 4080
2330 2089
1059 2110
4974 4395
122 4878
4967 4768
2495 2545
713 434
2502 1488
449 3692
3660 283
4380 4753
1370 2411
1748 4795
4372 2271
1392 2865
1602 2725
3620 4844
4567 1352
567 3986
387 1898
495 2581
189 3477
1236 3351
4614 4991
3611 2968
28 2960
2965 4622
415 4166
2961 1187
1085 4636
4825 3204
3672 4905
3810 4415
2995 4726
4586 2106
2622 914
18 413
4512 4362
2397 2252
4237 3901
3680 2789
1543 2110
1020 1836
4331 2251
228 3704
367 2551
1148 3781
3767 1871
3311 333
951 1641
1107 4567
3301 4390
1952 1484
433 785
4802 4809
2187 259
89 3173
2420 4451
4169 4482
3279 2974
4062 1339
1263 4641
443 1162
4094 3012
877 4804
679 4630
1653 3957
652 2821
4258 3476
2252 157
153 3548
2739 2387
4868 435
1589 3091
1261 3519
491 4292
2911 1901
2718 4553
1817 2291
1286 4077
4823 1605
2013 1035
1600 193
4272 1241
2318 4168
4640 356
4534 1631
1491 1868
4512 501
1222 4804
4150 612
4489 3171
389 4569
4246 3863
3112 335
2056 34
1710 2963
1824 186
226 4745
4459 1104
2960 4307
21 1149
328 3006
4976 924
618 473
4357 1953
835 3202
3319 2027
2584 954
3139 2870
1655 2579
4413 4937
2208 3424
1277 2701
1476 4115
2000 4857
1377 861
3214 2527
1322 3686
3848 2397
3748 1618
1893 4900
4090 2613
442 3246
2429 3612
1424 4443
1240 1762
2960 3086
3187 4548
4329 3267
3438 4596
2022 947
89 1480
2107 722
2556 2628
4808 2738
2201 2756
1652 2105
1735 2431
388 4567
2643 4921
2922 412
5 2885
2511 130
3609 4582
4719 906
3799 97
3054 4123
4090 2948
3610 1763
1950 4614
766 2422
1023 3895
3234 1308
2811 1404
3305 3632
3531 3976
2576 4986
2752 2451
428 4332
3310 3930
1816 2158
4330 3749
4186 255
4174 1189
3475 1559
4771 1050
3224 2918
798 1521
102 420
2410 3629
3734 572
4776 1401
3477 207
3914 3355
4871 1005
4915 1527
2240 4474
1071 2834
2236 1588
4435 3932
2686 1617
3677 2629
3648 5
252 378
4490 4690
4387 2025
1185 4276
638 3949
3514 4782
2521 3025
4965 3958
3494 1646
1793 3827
2179 4165
4924 169
3990 2435
3549 4553
4331 2459
4392 754
3233 2429
1764 4575
2538 968
1235 2978
731 530
633 3958
1597 514
2530 1134
3277 2941
4172 1257
153 4402
2052 1974
4652 2799
2403 1000
2398 1737
4664 2678
1540 1854
499 494
150 4430
1161 3349
2850 4552
2727 1423
3648 4639
1953 3186
2874 3339
1050 1095
4499 4788
3992 2356
2749 3793
1086 4839
198 3401
2046 1348
3736 2391
2171 1461
4390 906
711 1444
2563 3974
1394 2030
916 222
3458 4986
607 32
3346 956
1701 568
479 4424
2877 4141
2908 2486
3533 215
1082 3200
2336 2357
2637 3122
4224 4612
1251 4471
3826 1661
3137 3987
2130 2042
1467 1340
4314 3719
1778 487
3846 4096
2585 254
484 1440
4394 4555
2807 2063
4338 2672
4000 410
3239 1416
3412 4571
4821 2372
1687 2000
735 1048
3456 2062
4374 769
87 4837
1351 623
3586 2804
3300 4021
4895 2991
887 4585
342 249
1112 2007
4685 4258
4418 1312
2737 160
4703 659
4467 4673
1912 1551
550 4240
2219 4191
1869 4527
2095 4047
2169 1232
4820 515
1009 4890
3614 4892
2158 4152
4103 3577
1377 4108
2974 448
1109 3507
1345 3188
4271 4826
4761 3140
2662 4623
3857 4807
3185 1001
3496 206
2765 2557
538 4679
3151 575
