120 1254 30
361 364 30
997 945 6
56 605 3
760 97 9
733 710 19
653 756 26
485 444 13
127 552 11
800 935 2
418 868 22
896 288 27
27 144 8
365 219 18
487 419 8
591 187 5
179 717 24
744 663 10
79 627 27
952 243 29
282 75 7
187 644 29
133 497 24
518 201 21
564 247 25
798 817 30
848 856 12
561 155 15
851 754 16
382 446 21
824 614 18
42 939 28
268 570 14
767 181 17
693 798 3
819 660 24
266 721 9
886 740 3
46 149 21
22 134 16
252 965 14
506 355 28
147 275 12
713 452 8
352 144 28
740 321 8
859 857 15
423 781 9
106 825 5
644 888 23
672 496 24
942 568 2
308 105 25
360 684 12
183 497 25
972 411 5
736 27 27
488 328 23
625 586 21
548 774 16
987 804 5
92 757 19
632 917 10
334 911 25
640 839 16
693 221 25
296 873 1
352 92 15
798 576 10
42 823 11
665 22 22
518 250 1
596 991 21
60 891 28
4 716 16
485 510 12
707 247 20
261 716 25
89 808 4
527 728 9
546 491 6
830 385 23
910 399 10
328 211 24
764 933 1
240 617 5
44 839 5
785 172 2
334 860 15
664 682 8
482 935 30
477 60 9
940 482 7
751 770 24
982 945 27
394 416 10
545 536 18
773 533 15
129 980 28
602 460 27
879 205 22
50 113 20
125 597 8
698 610 30
315 477 17
160 152 12
310 503 10
314 201 29
648 105 26
288 784 23
763 383 14
399 678 14
319 314 2
156 414 18
914 537 20
142 13 2
492 473 3
254 146 8
250 471 1
192 143 14
420 260 18
793 467
589 889
912 406
955 782
494 758
712 593
600 789
234 81
104 85
459 3
7 111
350 720
654 892
422 54
19 247
733 881
220 694
947 514
330 544
7 600
882 611
456 1
405 437
837 30
876 87
843 390
216 561
885 771
370 718
473 812
707 855
495 172
343 837
988 268
166 193
328 659
999 865
591 934
602 327
946 405
687 201
805 443
939 521
673 664
779 869
298 305
266 661
264 600
505 465
163 909
899 652
732 907
658 477
431 152
915 693
140 265
212 856
488 931
121 863
63 289
131 989
39 823
51 65
621 815
898 699
831 249
95 633
204 618
153 699
169 505
508 847
159 802
517 209
422 644
718 186
956 46
913 337
109 43
24 800
554 686
925 867
336 256
115 402
118 691
309 612
436 678
645 948
309 245
132 703
121 948
806 671
384 747
823 78
607 62
531 446
511 971
137 941
752 213
820 533
901 554
975 884
350 325
565 818
786 815
590 116
401 631
669 511
239 462
553 1000
502 448
32 291
986 917
746 165
885 61
216 690
901 478
985 115
234 362
1000 815
64 446
510 740
351 127
548 249
336 946
990 844
462 647
834 385
435 463
532 67
172 192
115 206
229 134
542 405
461 204
21 312
863 43
161 232
640 825
574 951
394 994
319 34
45 568
626 430
795 254
260 502
598 214
142 751
650 637
428 426
183 387
881 927
353 780
166 733
79 375
715 98
86 210
872 187
457 605
654 837
723 280
412 513
239 248
946 479
671 205
385 208
184 525
772 28
538 980
567 817
528 550
73 288
440 741
982 184
838 504
360 961
625 159
294 978
755 236
405 590
455 122
365 592
277 917
28 702
636 964
420 285
990 830
234 190
617 481
609 99
298 317
463 709
505 235
855 964
827 70
923 576
304 956
106 903
354 251
266 658
16 958
362 797
325 212
950 979
677 286
476 334
899 815
705 101
235 332
707 605
234 555
95 143
825 321
882 656
416 605
563 671
294 281
97 29
782 388
979 338
341 72
513 854
468 34
603 923
103 301
869 93
585 647
238 223
719 877
740 516
674 811
71 800
400 277
859 854
75 804
638 684
2 222
658 74
857 166
828 356
797 449
642 119
730 790
213 810
248 189
919 47
773 324
532 571
108 150
438 344
72 511
834 377
788 404
383 215
325 33
810 38
756 492
526 323
990 775
596 776
711 492
995 554
156 373
920 464
989 935
514 816
260 637
326 688
462 743
648 190
722 105
669 641
136 918
579 649
114 177
860 770
175 140
889 974
279 946
616 265
483 252
141 951
921 447
383 733
778 543
168 238
973 239
838 929
880 671
566 516
658 476
687 300
131 651
773 183
530 821
562 94
177 90
319 970
808 862
691 383
254 504
5 913
643 468
833 396
44 519
978 77
874 123
770 719
294 876
767 35
37 123
953 924
362 630
137 701
118 597
460 617
399 478
995 88
566 620
98 111
592 202
668 902
326 103
507 404
151 153
764 594
378 116
539 360
221 870
879 720
913 655
286 370
824 880
656 54
384 569
336 414
990 186
823 285
641 96
381 812
735 148
142 725
801 945
636 590
889 906
411 855
37 357
771 90
839 796
374 283
712 660
859 411
669 533
141 41
234 765
362 387
895 463
775 818
68 665
910 415
691 304
438 570
266 585
268 998
778 725
849 686
5 289
480 122
446 472
466 232
923 415
21 491
981 272
532 531
527 231
744 75
396 499
759 428
451 115
337 738
898 910
158 173
9 709
522 811
235 22
74 201
14 33
105 582
386 192
703 728
517 425
33 204
413 565
927 215
914 820
286 662
865 130
307 487
734 838
142 597
463 560
965 971
154 319
605 396
830 614
107 806
750 435
92 493
55 289
904 850
384 293
293 879
78 975
721 701
423 681
558 195
347 210
973 693
191 866
68 190
244 955
15 778
473 173
884 826
578 696
112 355
200 552
581 920
412 841
129 869
832 901
440 382
797 382
387 542
358 206
404 72
590 225
623 543
765 378
80 518
988 420
906 864
553 319
273 58
853 146
966 826
576 758
322 163
936 7
699 599
584 42
567 179
774 219
202 711
681 599
522 205
249 349
493 620
653 571
742 213
592 986
871 389
215 9
597 40
707 990
330 245
411 942
264 474
375 28
963 163
291 717
113 213
290 793
990 551
598 195
392 17
453 651
300 408
523 966
397 88
990 256
542 333
968 500
462 722
485 947
646 617
842 887
852 82
539 961
244 575
158 75
816 707
591 160
39 940
507 893
298 766
32 977
673 320
890 401
234 353
187 43
795 874
184 26
798 211
455 67
286 471
485 775
705 817
335 341
539 378
619 957
806 993
903 16
815 17
509 169
873 800
425 893
692 241
759 627
730 373
527 242
538 302
957 732
965 50
330 200
410 42
17 196
536 289
83 711
784 183
448 749
154 789
15 362
913 915
804 819
883 997
117 419
464 156
887 153
25 403
152 461
459 996
238 212
522 39
295 817
602 45
459 250
525 353
129 295
754 568
281 164
979 606
576 928
737 760
900 588
714 416
120 815
592 363
670 126
915 862
660 209
891 785
143 550
654 132
802 714
505 499
517 558
950 527
448 389
489 192
495 859
288 435
301 610
539 604
603 966
556 579
497 212
72 474
265 889
290 975
93 502
670 318
469 373
155 688
166 979
581 466
883 466
716 679
481 129
338 346
689 135
290 911
263 506
669 449
80 652
481 39
602 66
398 517
436 652
571 771
460 841
430 535
177 153
132 275
952 320
440 407
101 532
723 884
793 33
650 355
381 773
324 368
745 765
836 440
784 999
382 679
27 496
320 528
680 560
426 882
762 152
637 828
29 432
327 107
104 552
561 156
265 608
298 71
376 452
100 613
295 315
159 134
689 610
69 691
743 881
709 750
324 979
825 464
549 825
170 348
485 508
330 774
465 749
520 101
597 370
680 414
328 1000
366 114
310 68
862 660
585 828
357 324
347 538
5 77
937 512
218 602
436 831
646 319
167 381
782 37
874 812
772 936
33 982
706 85
716 166
957 282
763 536
766 572
244 17
50 573
205 850
812 380
682 67
254 141
960 130
891 359
456 919
417 333
412 195
305 140
753 143
783 795
520 704
212 572
557 195
58 7
97 574
992 633
806 442
374 92
440 737
431 359
727 112
947 439
243 871
949 25
74 889
971 379
23 364
383 870
681 281
72 784
266 81
26 140
689 181
940 325
201 475
424 317
845 783
959 178
773 853
841 523
257 50
994 914
62 667
948 161
827 391
919 58
647 80
810 898
635 7
385 365
344 447
450 626
14 247
207 509
416 303
335 318
668 789
577 459
411 705
364 868
716 968
319 763
421 152
375 143
833 988
304 430
125 833
8 365
840 389
473 535
877 114
262 37
579 687
95 135
29 910
750 514
700 115
828 760
630 167
904 368
124 162
488 120
640 760
343 183
498 953
979 335
353 103
345 583
102 906
67 248
978 271
782 860
695 259
585 998
28 167
827 325
979 929
912 985
799 766
606 188
78 970
538 793
709 879
517 275
261 306
682 748
321 78
174 964
909 156
977 758
943 664
981 184
407 576
47 747
609 421
809 434
806 359
779 876
979 793
628 594
360 968
259 637
412 238
505 352
513 698
932 13
345 673
471 952
411 838
999 391
703 700
468 183
513 348
345 298
340 151
580 48
459 330
379 890
612 703
687 314
990 494
655 46
404 131
431 69
636 617
723 627
466 904
489 275
920 101
571 770
274 384
865 884
960 872
284 984
546 296
472 720
452 257
767 434
355 821
582 322
672 714
726 122
855 897
143 686
431 245
499 862
801 455
96 337
289 572
875 567
596 438
366 839
903 349
279 960
281 349
46 357
968 407
169 653
171 161
65 852
685 875
598 284
352 494
200 378
692 826
899 353
524 798
494 525
175 836
371 299
984 983
220 86
895 867
402 500
792 738
230 649
53 627
784 446
347 277
691 716
45 567
47 579
50 371
198 26
529 367
815 769
406 281
161 694
78 957
796 549
296 93
538 120
850 390
437 460
211 760
198 771
393 177
167 588
142 400
358 644
717 200
707 704
619 769
115 660
556 937
17 490
887 520
801 524
837 980
953 207
413 519
698 764
770 73
502 114
12 488
675 526
778 977
171 652
812 744
648 9
514 802
233 565
95 38
97 639
159 164
27 961
786 44
463 981
63 551
989 364
691 417
421 402
44 652
74 362
755 748
53 688
804 952
7 773
819 472
442 283
283 756
367 576
555 774
492 853
472 579
918 158
319 98
558 573
421 274
270 483
683 552
762 679
922 279
319 553
664 421
611 739
10 96
353 397
410 277
32 817
435 53
713 618
947 719
982 888
652 299
146 55
355 193
233 69
676 665
479 259
319 792
236 8
202 730
405 175
906 392
164 944
443 575
679 130
804 874
715 478
312 577
728 985
486 396
942 560
855 509
423 64
106 950
778 481
133 782
918 798
660 945
293 770
74 211
828 851
542 52
606 468
684 550
553 925
697 549
149 38
184 819
877 521
215 268
451 851
416 288
662 199
787 983
84 165
373 792
641 704
582 853
730 967
833 82
871 286
437 705
201 451
930 348
825 675
547 884
632 116
583 158
522 521
267 730
624 135
613 424
226 316
492 203
933 218
542 160
888 713
470 730
370 497
833 939
967 696
857 911
687 493
444 226
48 508
729 989
5 412
760 896
345 501
773 726
508 537
434 608
278 184
284 442
446 321
384 174
271 430
872 756
130 41
549 447
430 80
695 991
270 264
101 170
470 911
584 583
554 951
36 857
270 968
142 527
918 877
272 290
945 837
406 695
415 66
127 293
737 171
303 146
866 614
61 603
452 808
245 245
914 363
604 360
855 341
883 271
554 861
580 305
609 193
185 46
545 988
278 841
810 596
517 450
295 886
204 475
51 914
137 956
861 734
25 560
661 661
187 247
683 600
741 632
593 701
336 252
881 203
663 965
653 138
621 654
377 624
861 664
65 316
345 620
678 698
645 998
476 530
595 823
679 126
9 28
278 662
653 108
645 331
62 447
458 60
745 34
568 937
41 280
956 425
232 456
644 443
146 786
987 759
302 686
593 399
508 244
515 264
843 136
14 906
570 344
851 768
822 828
584 241
70 745
552 394
791 464
968 274
365 373
139 797
59 945
433 216
948 654
311 764
934 166
834 33
734 532
660 616
867 929
134 824
811 516
234 902
766 278
633 736
610 998
366 831
467 548
847 402
136 872
51 581
71 731
988 184
70 656
674 184
689 193
50 860
871 818
5 321
803 331
461 606
912 768
797 954
747 324
750 892
437 809
24 306
274 785
784 756
586 726
272 835
496 843
437 157
985 238
25 511
674 57
258 949
500 850
415 83
553 407
706 310
224 463
771 30
173 308
415 611
768 379
679 142
225 571
347 425
454 287
196 927
74 622
73 366
989 166
930 330
402 913
473 715
692 161
73 987
173 270
874 854
539 764
521 752
206 430
759 829
699 148
188 952
199 937
797 491
457 855
357 689
553 266
944 493
222 876
993 53
17 305
391 609
936 298
468 731
682 150
100 673
517 564
722 167
174 470
947 79
468 177
933 402
236 30
536 282
640 468
717 845
50 828
483 500
293 626
48 769
784 193
421 93
962 893
468 40
59 761
289 966
676 611
330 955
277 413
376 903
416 510
383 948
775 438
707 872
48 591
729 538
361 175
