140 1378 30
4151 738 8
3803 3423 9
2990 2049 6
310 1215 18
4815 3136 5
578 4298 20
547 1178 4
4853 1134 6
3145 2327 13
1396 2031 5
660 4168 18
312 2977 1
2946 263 10
3817 4444 9
3375 3493 9
2480 4059 28
2109 56 30
962 2418 27
4411 3338 10
582 647 3
2126 2711 16
4555 128 13
2406 141 24
690 1565 6
1383 757 8
3841 4822 2
1400 4620 28
4604 3002 18
3531 129 13
2610 943 18
2253 951 12
4493 3044 29
4887 1499 5
1291 892 25
3809 1358 9
276 1907 30
588 1328 8
4164 4645 26
4906 3611 19
4146 663 18
3789 3065 9
3444 410 13
2323 4038 4
1333 3149 24
1417 3818 7
4871 3859 21
2175 4312 21
3231 4365 13
2676 3211 26
2476 3167 2
1392 455 13
3436 1246 15
2439 3021 28
4045 2366 3
602 3837 8
1373 2950 27
970 4122 24
4383 2090 18
4828 2720 5
3502 3778 21
2155 196 20
2635 4604 26
441 2585 1
83 1720 6
2315 604 4
2140 1858 11
1739 1409 9
3382 3665 14
1860 1495 20
863 1058 11
1064 1008 21
3370 2114 8
3937 1491 30
108 1632 6
3251 1792 2
4131 283 22
30 1534 11
2761 2757 27
3289 1321 6
204 4668 29
1355 4783 24
2523 1057 6
198 198 3
4849 1705 28
4152 3708 3
3769 2990 14
136 2606 7
3152 261 13
2124 1607 30
3398 4560 11
1968 3124 19
227 520 24
3965 2308 1
3349 1248 20
3266 4566 16
1989 1934 14
2470 1895 14
4607 2309 15
2184 1847 11
4193 1784 9
4502 596 1
874 1069 16
3231 4133 30
158 1440 4
2107 731 21
4190 2198 30
387 100 27
2184 4478 13
2389 3624 21
2229 1515 11
4660 2868 10
1843 1479 21
1340 467 5
4081 3737 8
3202 4949 28
3227 2227 6
1537 1803 8
4694 794 30
3824 2283 9
3454 3675 21
1310 574 22
2030 4124 16
4113 2619 18
4227 2166 28
1106 2256 9
1878 859 26
366 4270 6
2822 1744 7
3028 1248 5
984 1527 28
1695 1818 2
3159 3823 2
3852 1682 7
1955 2259 30
4124 1389 5
1254 3379 19
4935 4664 12
933 2531 29
4483 1117 17
3325 2272 24
870 2442
3437 1921
409 1080
4868 491
1523 1061
2295 2684
1981 3130
1926 1513
1439 1319
3706 242
2776 2523
1420 3806
130 2643
3076 1732
272 2419
3438 925
437 81
4296 3720
4070 2630
4159 3608
924 4400
2595 135
898 3874
1990 3076
3586 3731
826 4048
1093 3311
4946 2367
479 3700
3484 4897
1396 1111
54 3980
4052 4789
3256 519
643 4051
2412 4112
2138 4871
2940 3972
4693 1610
703 4726
2693 3165
3877 1012
2083 4663
4036 2145
3119 478
2573 3058
850 1350
4072 4389
839 1756
1593 1165
1105 1289
3254 1209
2990 674
4788 2225
3817 4022
368 3703
3996 279
2334 907
4419 1718
3036 1969
840 459
1753 2249
1343 3074
3983 520
241 368
1379 1442
1502 3669
2987 49
4214 1923
904 652
4118 3939
4600 4841
4732 3612
2168 1254
1285 4994
1089 781
665 2009
847 1316
1121 2711
4275 4087
2867 4918
3886 3819
4563 4588
3342 344
4460 2990
4260 2066
3799 2697
125 2595
2842 4097
1786 63
2447 4927
2042 1976
1450 4761
4001 1964
2049 234
428 588
3142 1128
2405 3857
4445 264
1448 3529
2922 668
2010 3570
278 4164
4020 1885
3815 994
4635 3333
4364 208
2854 4780
796 2684
1399 1967
4424 1840
3912 2684
3203 1442
1596 3909
3716 3484
846 3049
2510 2960
4750 629
2980 2213
3395 2865
2334 199
1296 1777
2794 1376
1741 1018
3096 4968
985 4926
2663 3820
1841 2335
2585 3936
4930 4672
2426 873
1562 4418
3893 4012
4979 1084
1224 4524
2970 133
4129 246
3107 3209
1410 2091
1477 2465
2718 2990
1550 1047
1216 4935
2930 3443
4361 2622
2253 4449
4875 4218
977 4274
4156 4159
2598 1971
3407 2862
2529 1316
1685 3549
2273 413
4146 3353
4792 4430
2908 1448
3329 3067
2794 639
1918 4948
2971 3766
2906 470
3463 2882
60 4380
645 2838
629 305
4433 3236
1765 2021
2852 2410
1141 2394
1528 3454
1799 1872
3208 2627
3763 4807
3922 934
1424 1743
4533 600
1622 4482
1695 442
3888 4343
1019 218
1517 1401
3124 4024
1177 2346
131 3448
4758 1701
1382 3178
990 2611
3613 899
3231 142
1488 3964
1075 2296
1382 4205
2913 1567
3603 4946
4699 3093
4336 2066
1589 437
2192 1859
128 1892
951 3529
2846 2877
1177 275
1249 3877
3845 3723
1797 3465
1442 3668
130 1778
172 679
4531 1536
1606 1679
3472 4544
1684 658
4752 2074
132 1771
62 264
4375 2646
2856 4951
388 2921
710 2597
523 256
3035 4679
2969 1758
460 2570
4934 3601
459 3325
4728 2925
1234 4942
2730 4102
2189 1375
2625 3923
2837 1608
1816 2130
2274 2215
489 4084
55 1879
2767 3935
3117 248
1744 2662
480 3498
1596 4645
2502 1553
3349 4222
1079 2013
4151 3643
2395 1386
1455 3144
4729 3077
1841 4948
2888 4096
3423 2488
3623 3606
4782 1296
1764 2308
1741 2083
1295 1077
2527 1873
1605 2312
1208 1599
3879 4604
4864 1366
4578 4812
4116 983
3589 2075
3625 3531
1830 3294
4588 1908
4012 3835
4306 554
516 957
2133 335
1773 2049
2131 315
937 1263
4402 3566
3819 1726
282 635
2353 473
912 1667
522 197
1704 2908
4064 2075
3798 2258
1318 4273
3071 4140
2776 3673
4661 1606
1501 4283
2934 734
611 992
1875 3593
1901 1245
1514 4649
1761 4582
4489 732
4046 3052
3557 2793
4711 1388
1254 4900
2214 2189
1455 2276
2064 2913
1014 3718
2447 3322
4114 3560
4715 4270
2348 3681
4098 620
4402 3222
4905 903
2297 3910
2437 488
1982 2282
4210 487
2403 4782
4116 4679
3056 3271
434 3835
3191 3170
4751 2532
491 2093
1349 2656
1234 4753
4947 2146
4774 3222
1715 322
1051 1341
1848 2901
1088 2042
4032 4129
4989 2115
1050 279
4430 4117
2536 1105
3075 2735
2087 4075
4820 2894
2699 4691
1779 3382
3062 2081
4371 290
921 712
2070 2167
1814 1596
171 4867
2380 3140
4390 2660
1549 2228
3960 2867
964 2298
308 4079
4732 806
1051 2662
2456 3884
950 1822
4632 4053
2319 4938
3451 637
3214 4808
967 373
1203 3383
4993 1957
1645 4358
586 894
1207 3457
1776 3720
3354 530
4785 2226
2145 1858
1043 387
4360 3120
1476 3973
3570 2580
4188 779
4128 794
4500 3203
4512 4467
3191 1237
1266 2109
1965 1951
2223 4030
1785 2497
3853 903
4990 2729
916 1794
994 3144
2348 3542
1527 4290
249 4101
4810 4186
1843 308
4990 1188
2065 3623
3434 24
2226 1306
2395 2152
3402 2241
14 4084
3695 2347
280 2976
4879 1761
1693 1431
2893 2467
733 2469
4420 1089
3443 2889
3200 63
79 1919
2976 3992
1597 4843
1844 4130
2190 4732
4616 2095
4016 4968
1214 1299
834 3920
219 4415
1276 1521
3496 4587
1179 3418
2547 4646
80 749
766 2960
3786 2167
4508 77
654 202
3181 4522
3070 2283
888 1875
2956 486
2121 2901
2234 3257
3976 1718
2585 113
1165 4019
3162 597
1392 2897
501 3397
4247 785
3979 4676
1045 3492
4326 280
1467 1850
3999 3667
365 3675
1429 2365
562 904
4086 4987
1118 1802
3430 4112
4803 4584
592 1867
690 1360
1004 959
1303 3664
3937 55
2576 2042
2593 3471
3537 4612
3939 1637
1671 144
1980 4450
3157 1779
2716 1026
194 2093
4227 1902
2136 1674
4222 3889
2554 2625
476 3296
559 4090
3815 1740
2185 4555
4786 1188
1013 945
3420 4025
2518 1932
206 208
1200 1545
1579 4010
2371 42
1210 3041
2422 4396
2206 882
216 3124
4014 712
2813 2704
1091 1340
4680 3940
821 3018
4566 941
2680 2256
3161 4953
4815 3983
4819 2678
3123 4173
2874 4036
1587 484
2923 4312
3245 4198
2300 2431
4031 1058
3585 3015
4471 3840
1297 4501
1693 1824
2044 1111
4784 3198
2784 4825
1414 3228
2900 1008
2970 3156
3638 532
4257 1644
478 167
1685 699
2259 3833
2554 169
1110 4887
1782 3564
888 3523
3100 759
3011 4813
2782 1893
2504 2016
4773 483
969 1048
610 1732
2314 4326
2360 181
3023 1167
2330 673
3385 2302
772 1954
2588 3980
1899 3428
967 991
1512 4227
4929 136
4962 788
2071 3888
4572 2335
3166 1683
3581 2880
1889 3388
1022 1898
4860 1152
140 1295
4932 4546
1301 2974
1603 747
10 3247
2015 5
2821 4422
3982 3722
2701 3038
175 4939
3298 4350
2447 3347
473 2929
1171 3169
1311 2299
468 1650
3051 612
2450 3863
4786 404
813 340
1742 1854
1447 1971
2617 4092
2572 333
1845 2656
2751 3117
4088 510
748 4336
700 1434
4012 4897
2726 615
4585 648
1239 4565
1307 827
1080 4005
3195 2559
41 3112
2267 2892
3220 2699
4450 3906
4164 3676
4510 4237
1722 1771
1116 1317
3467 3153
3146 827
2981 330
4726 3168
4337 3414
508 3997
3906 3402
3554 4848
4392 1781
4551 1541
3315 3640
1318 2183
3192 261
1606 2575
2810 636
4006 2551
4856 1284
4728 3465
3435 4021
577 198
3014 203
2738 1376
1244 3029
2471 4270
3837 3797
3954 3090
1150 2009
3842 4720
3091 3936
1025 4016
2963 3832
2713 2296
3107 3782
1864 4519
4555 4332
4296 473
1748 3788
3677 125
250 3096
2369 738
4250 2935
2007 231
3088 4822
3523 3480
3088 3837
2704 4395
3207 1280
2638 3437
1736 513
3755 1966
3405 3743
1201 4701
2330 808
946 2376
2508 1308
172 3081
636 1787
1357 1622
1893 709
1677 1443
2947 3103
1962 3146
306 510
4295 324
2677 4019
2898 4833
1452 374
1424 3659
4921 4385
4981 3363
2649 4197
211 48
1135 2308
3583 4631
3215 334
974 2396
2263 2916
2293 2945
24 859
627 2011
2105 66
4307 3602
4650 2229
3623 908
2113 812
1299 3563
1100 1005
2554 2212
2589 311
2026 4123
2431 1976
3447 4850
2717 4019
266 2087
3296 63
1882 613
2725 4378
2060 2009
2202 2640
4433 1322
358 3691
3138 2190
3714 841
1531 2918
1016 1610
4564 1855
2898 544
1442 2409
2055 2250
2609 998
1147 632
1340 4525
4345 4319
4300 1621
3502 4816
588 2002
3281 1919
1048 238
4957 3225
3855 3248
2863 991
693 2603
4198 275
4003 4467
1179 1024
1573 3473
464 855
883 1614
3556 3570
1305 1618
3074 3235
4686 4210
2368 3582
1749 309
2186 4367
4658 2692
1618 4730
2356 3039
1240 2466
2573 2496
1281 1741
1951 1041
279 1963
3576 4390
2083 775
1623 2159
1228 4807
320 736
3677 1226
3272 484
517 2078
2672 4376
1391 2032
3507 2819
454 441
3697 122
4136 1622
1717 701
3763 3135
2795 2112
1319 1525
3857 3543
1169 2905
1197 2027
2340 1984
4333 3249
4344 3805
1798 4265
867 1926
3867 982
3189 124
4224 4109
1578 2598
711 1714
1823 2167
1143 1971
1830 3508
1075 2743
1083 2708
1792 4804
1667 4898
109 3293
2972 3201
4406 941
1363 487
2913 15
2332 4477
3675 2571
4613 2329
3417 1910
2053 1738
1168 854
2253 1315
3129 1879
159 4754
2140 3218
3626 1469
76 2548
4663 2009
562 3415
1800 858
457 2289
930 1145
1676 250
3765 4824
2743 134
1900 1884
2123 4057
1253 706
1077 2411
2085 3498
3118 2426
4033 2960
2846 1043
1710 3140
3766 4988
4867 3004
1195 1678
2733 1175
4226 3065
4411 1904
501 3363
693 4248
1578 4567
4440 1656
1903 2960
1533 347
3094 1331
2795 3120
965 4386
2677 4531
2386 138
971 4046
2139 4348
470 921
623 1194
4018 400
2267 4250
4855 43
4886 3519
4689 3053
3986 17
1848 3614
2604 2283
2799 4436
765 315
3776 907
2977 55
1445 2800
851 2482
1738 624
4760 4743
1824 419
2415 2437
3757 3562
3818 3413
2423 1565
2922 3379
4927 48
496 2500
2031 20
1514 4669
2421 2427
1767 3738
3463 3560
1689 1980
4264 4933
2627 4053
2145 2683
248 1253
349 4956
2864 210
2750 2454
3586 1637
3116 581
999 600
4305 3420
1902 4409
3587 390
3323 4629
490 4494
2235 4579
389 1050
2456 4868
2507 2679
4831 2289
3996 2356
1891 2693
1051 3714
3871 281
887 2198
4637 4262
899 2786
4931 1188
1497 1436
517 4906
4291 4456
977 2274
2292 2798
3723 3971
4564 966
4415 1012
2936 3871
1910 256
2401 2860
2528 119
4674 2335
2364 187
4839 3418
2234 2236
4982 2924
3231 4493
3592 4969
3555 694
4035 1518
95 668
3347 522
1663 3728
1387 4158
1134 1540
124 861
3317 3169
684 930
2278 4385
1872 2831
1361 1185
1508 835
616 4439
4117 1616
2637 3366
2423 4379
4079 3133
1961 2442
558 4549
2574 629
4431 2501
4427 1919
4925 596
2195 1011
281 1050
74 1459
104 3283
1012 3735
2803 1559
968 3567
2077 4222
4117 1131
1953 4167
1153 2640
4287 2038
926 1852
4579 1998
639 4178
1026 238
1042 4611
3151 2775
3520 1899
594 4956
3010 3981
3140 3070
4025 740
4893 1576
2756 2710
3299 2052
2368 3448
2571 1985
2911 3607
3534 4734
1586 4475
4451 1529
3912 155
1173 100
608 955
4951 1366
542 2485
1140 4836
1271 4793
1107 1518
95 1364
2460 2244
410 2737
1205 1655
135 429
2336 3055
2636 2627
2680 4691
1782 854
1353 2262
2351 2920
3476 4112
1524 3786
90 1690
71 3085
1948 2934
4149 1510
4833 2905
4752 1883
3425 2289
2583 2354
909 2669
2824 3052
2882 4205
2253 1159
1508 4040
3833 3193
1004 4985
3583 2820
4391 3040
3445 3628
4543 1448
1284 1050
3261 1547
133 1520
541 3171
3427 2736
1124 1968
3737 256
4911 3161
2396 4795
4706 1213
1027 1581
3896 4211
3336 3524
2913 1999
3492 4506
3981 3630
1452 884
4055 3901
3941 4398
102 2331
2829 4990
280 3521
2837 473
291 2715
3572 2587
4428 4191
4890 4049
420 4421
2749 2617
1894 1352
568 2900
882 719
2266 2142
2467 936
3623 1776
4926 1821
3990 2462
2480 687
3843 565
248 4457
2819 2627
1417 452
2706 3232
42 1272
1123 912
1795 1038
1073 1752
2784 1061
2328 3900
3794 2292
1482 2479
568 370
2136 2667
2682 4224
2073 3975
3954 1140
1237 760
3645 4494
2004 1863
2730 3313
1636 2620
2102 2657
3159 4484
865 3863
501 918
3326 1250
1317 3832
2977 4139
1413 2523
2902 2722
926 2297
3506 2864
1443 4342
1077 1288
4331 4894
3470 2007
2699 727
2398 3998
3155 3654
773 367
1802 1823
4914 4231
3402 4515
3787 1041
2383 4371
244 4971
3480 4664
2884 3904
417 1447
2911 2496
4329 4937
2946 1996
180 2638
1173 4494
2345 1420
3631 3118
4107 174
3335 816
1271 4771
2108 3941
833 4742
2074 3903
3741 1660
1843 1352
4295 80
2371 3383
422 3129
4000 3887
2515 317
3974 4539
1967 2298
2650 382
889 883
4001 4663
4986 2746
1353 4201
1328 3193
2222 2645
2627 1138
3209 3783
3600 3282
4402 1657
4522 4382
1319 603
4780 212
1791 400
1802 121
4382 2881
4832 137
4668 4160
2093 2205
710 982
2749 2794
3949 4186
3482 4959
1008 4986
2061 3341
2470 3041
2800 4649
1258 2545
1930 1744
2272 2208
4204 3646
3718 2877
1026 2928
1841 2884
4418 1376
3682 219
1085 3697
4408 1730
4986 2847
4937 79
4731 3633
2743 4338
1262 428
232 4047
2918 1785
3078 2478
3146 1074
3469 3317
2236 2830
3535 3230
4500 3760
2650 2680
1432 1184
4659 653
2134 1812
1167 359
1936 4252
1742 3833
737 1308
1252 435
4801 3295
1104 521
2690 1870
1678 4866
4423 3074
3040 696
3408 3529
2843 1210
4618 3883
838 3177
4027 3453
1414 4002
764 4739
3153 422
1749 4044
3436 3505
920 2198
3905 3124
53 2355
4744 1195
4195 2641
4809 2638
1237 3406
1281 1586
4079 1035
118 250
4740 3399
756 3442
1414 1942
3423 3694
3483 4119
1189 2141
4955 2638
4874 3835
2636 1906
4771 4641
4810 4263
654 972
2409 3286
540 1720
3279 4673
217 4364
3588 3630
1099 3804
3784 4181
4770 1959
4064 2799
829 2469
2485 1867
1262 4510
48 4147
184 894
969 3113
2425 4449
4961 3997
951 4556
1893 2225
2960 2971
3356 2309
1297 1251
3365 4076
2360 2095
4870 1679
2827 305
1239 555
2917 2238
61 4317
4406 712
4973 2793
668 1030
283 3305
2974 2359
2794 1012
2167 2350
2833 1590
1652 3080
4248 248
4623 2727
558 304
1404 1782
2891 4262
1040 1937
810 197
1651 811
3935 1934
4417 3548
2425 2346
2236 1563
4103 1886
3962 2055
1229 3963
2231 2654
1209 2595
1737 3957
2093 3211
3848 1693
4923 4417
2737 4669
2076 1448
4968 3304
3833 3850
3243 4496
947 3862
1021 3937
1012 643
1833 3408
1110 475
1442 2205
779 11
2248 3931
1645 2288
378 2877
3682 4072
1508 586
4062 1125
4613 2138
4585 503
1142 729
4079 334
2647 2454
1103 1693
1242 3151
487 534
1237 1485
2043 2149
4267 3774
4385 4908
2731 2953
210 923
544 924
1823 523
3374 2467
3575 1287
552 1612
3343 4758
1295 2205
4131 1129
412 1111
968 1772
3660 1390
3849 1281
1375 4515
3690 4025
2476 2477
2085 224
4137 100
3152 4484
973 1175
20 4483
238 4959
2680 1479
3319 2150
295 3204
4603 2407
1047 3328
515 2299
1375 2728
1671 1535
4155 1544
2745 4689
1299 1554
2406 3379
3446 4806
1254 1234
1547 3205
569 1649
673 375
3259 4424
3750 35
4477 3071
3856 3624
3538 1267
3989 2003
4588 2877
4840 2518
4485 4171
3909 3167
388 3436
3235 2631
4932 4946
4419 1314
1904 323
2469 3643
2584 4003
1510 4911
1509 3742
344 3021
4548 2649
1278 3552
2646 2344
2096 2430
2565 807
1775 231
4168 4886
1748 1194
2813 1852
4275 886
175 881
270 4531
4538 113
4640 2099
3300 1497
285 909
4662 3177
3499 1302
