50 96 5
228 939 1
321 554 3
829 601 4
132 466 5
543 418 2
221 476 4
492 289 3
625 815 1
82 168 5
31 989 3
410 848 1
22 210 1
343 526 2
607 802 3
691 69 4
977 947 2
364 172 1
119 342 4
536 528 4
927 606 1
687 865 5
159 445 4
68 630 2
56 44 3
93 245 5
445 532 4
539 851 2
859 865 3
980 558 2
179 363 2
394 150 2
984 1000 1
212 767 5
480 967 2
489 18 1
186 85 5
654 718 4
51 114 4
406 874 3
248 532 1
262 703 4
536 15 4
639 853 2
936 702 4
657 898 3
858 610 2
754 423 2
967 29 4
602 394 3
99 260 1
416 392
429 999
992 960
252 979
265 592
276 910
526 376
385 635
644 112
819 361
204 695
850 522
989 369
728 128
209 682
358 316
799 996
590 881
474 37
529 670
725 181
69 8
979 662
276 56
835 803
538 213
193 67
689 608
221 969
912 767
6 677
196 56
806 175
125 428
978 177
13 432
445 282
820 809
616 384
341 522
4 503
867 900
184 485
398 308
528 373
468 133
163 665
903 674
975 680
421 656
566 168
609 837
50 421
885 10
942 281
317 438
788 281
621 144
451 160
412 716
647 475
207 949
289 603
77 113
166 611
468 203
642 730
360 768
205 727
274 617
749 512
511 180
692 582
459 812
837 806
642 622
57 964
462 327
333 796
241 885
610 146
178 854
17 538
574 833
173 691
381 120
949 613
198 809
417 489
520 257
12 611
162 115
654 196
614 393
426 990
928 839
