110 545 30
1171 1524 20
3738 1748 29
3712 594 1
3807 2906 2
3987 491 1
36 1336 7
4885 3321 27
1305 4575 6
3738 1585 7
4353 2964 11
3896 3757 27
3461 218 23
469 985 16
3521 3062 5
1702 3035 13
3297 1722 6
2182 2543 26
3891 3649 10
3241 3619 6
2664 4616 16
568 4761 10
310 1274 26
565 1785 25
187 135 4
4716 753 23
1936 2406 21
3482 1189 30
3443 2236 10
2438 3765 14
4397 3383 16
2637 552 15
3597 465 5
2526 4665 21
2657 2924 30
2749 1613 26
1916 591 5
2953 58 6
4759 4811 24
3295 2237 3
2696 4843 14
4800 3671 9
3850 1051 23
2907 3836 16
768 3497 11
1524 1003 5
516 1849 28
2289 3518 15
589 511 10
4722 490 6
529 3912 8
2367 4080 19
892 1801 21
3978 2145 17
4869 2791 12
2367 3153 6
2735 970 7
4781 888 27
1451 3681 29
3138 1117 30
535 4081 19
1958 4577 21
1285 1901 26
2466 501 16
3923 2262 13
763 3262 26
4435 1029 17
4146 4534 28
4488 2431 12
3973 1922 15
3827 2103 7
4051 3009 18
964 721 18
4281 4764 18
4902 1960 27
1006 975 12
667 741 4
4306 4857 5
236 1769 27
2350 4147 16
2865 1763 13
4736 3550 6
3794 2234 9
1138 312 19
2151 3545 18
4908 1122 18
82 4682 9
1559 2345 7
2704 1412 30
2293 1323 10
1408 1497 29
1286 1028 27
2973 319 4
2121 4918 14
3229 3077 24
4175 1272 4
3054 1507 9
898 210 16
1781 3175 7
4955 2925 8
3696 2843 6
4488 818 9
4217 4245 27
3135 3348 6
1437 1322 12
4946 4145 3
3003 158 21
463 427 15
3470 146 18
882 1822 2
2350 3406 1
3492 292
2465 4044
708 3519
3013 1184
389 2793
4355 1453
3439 503
4555 4958
635 2570
752 3878
3562 2905
2006 1315
2550 350
387 257
3787 3259
542 3588
3035 240
2636 422
3119 951
1083 2153
4705 2036
2144 4297
1043 3671
72 1123
413 3725
3009 808
3397 2872
2556 3908
568 2681
4408 2757
3245 3633
1429 2166
1230 456
2475 4441
1225 1005
2337 3126
4788 4502
4000 427
164 2353
4447 265
886 4698
1702 3732
3100 3433
4297 1619
1979 3511
2239 2671
4405 1565
2563 4267
2028 2050
3682 1048
1620 3306
2457 216
578 3153
3219 1734
2197 4738
1503 3544
2565 951
2245 1289
3708 4254
1642 4521
1833 4684
3856 759
4226 1319
662 42
4031 4501
3702 535
4193 3717
2797 855
2989 2067
3978 641
4438 2487
1020 2959
2194 4827
3296 1592
975 4056
3582 4543
1942 4037
3922 2205
2773 3324
433 2527
1982 4167
4156 3743
3322 827
2117 3207
1096 463
1442 1569
841 2423
2040 4604
784 1079
1848 1049
2452 1042
1066 4639
1348 1510
380 483
103 914
919 4533
250 1792
3264 3213
1130 847
4998 770
1711 871
3520 643
339 99
1489 3477
1214 983
4084 717
1359 4586
416 56
3643 360
2675 3190
4698 988
447 4986
2342 4159
2359 3884
1376 2263
3482 2992
762 208
1917 2502
3519 632
1723 4821
567 4874
104 1780
691 664
1712 748
2318 2174
2206 3649
3159 2021
188 2781
1619 1468
3028 345
3903 1269
4026 2234
1430 2414
436 2279
70 2786
396 3062
1609 4792
1213 4385
1051 4881
4312 2185
3714 2021
2785 3607
4658 1768
3121 295
2895 1911
4522 367
2464 3718
1929 2079
342 1406
3320 856
3659 1098
4724 3327
3380 2392
2129 2871
567 1914
2464 923
4954 2101
542 4480
2048 1209
2037 4468
191 1183
4652 3036
3742 1940
2271 4594
1668 2505
1498 184
1104 796
2175 3065
4179 74
459 2808
1868 903
1541 3494
2129 203
4664 105
4170 2022
60 3003
4132 2958
2590 3771
3815 2992
871 1908
1806 2667
2828 3326
673 1954
1336 2749
3148 564
1433 2321
3393 387
2457 3089
2657 1493
4455 3270
1762 400
1950 1793
3975 1579
3874 1318
4246 4946
2624 1398
1233 72
702 15
692 1609
1455 3313
3337 43
1983 2548
1982 2325
4558 2530
704 536
4601 2669
4378 135
2741 1506
2040 655
3177 895
2536 282
2959 1116
3818 272
3249 3069
3214 1167
1515 1679
2468 1670
742 3550
3610 4989
671 2696
2820 1763
489 563
3114 4794
1722 3245
3932 174
4533 3492
4533 4468
2826 3175
2105 2579
4317 185
926 1337
4160 1300
1533 4433
3269 4247
1331 1290
4532 1255
2862 2009
4316 4799
3171 1118
1661 1330
412 3500
4371 2547
2038 1099
1660 4086
2429 482
2764 2150
43 1888
3411 3928
4920 3115
4518 4301
238 4581
4458 3250
991 2274
3104 2030
409 4275
2945 856
259 1933
324 2809
4290 1866
248 356
3911 2781
855 1543
1656 4568
3478 917
2031 307
4364 833
189 4999
3394 335
1092 4449
732 2026
2178 1221
4301 4434
4343 4022
2584 2756
2149 499
316 2571
2637 495
734 2950
1180 154
4695 1849
4732 910
1794 3324
1520 4065
901 2126
4591 948
4261 1294
3381 40
3476 2660
4119 3501
2851 1718
2362 1029
2733 1128
1212 4096
2548 1460
3487 1079
2032 896
1754 2860
4524 1974
4018 1785
3694 3150
4181 3432
4831 100
4991 456
4250 2323
468 4274
4160 1899
2917 3965
4902 4390
1071 2145
1062 3412
1214 2689
2464 3472
2351 1184
1000 1042
4484 3084
3226 4800
1324 1741
3145 3579
1196 444
3405 1275
24 1097
275 3602
4654 4712
1831 2618
1176 2127
4367 426
2335 3850
4005 4452
61 1706
942 4559
1842 4932
4406 3828
699 2988
3012 504
1642 2790
4692 121
4627 890
4742 3858
82 2401
2324 1821
2265 2610
362 3667
402 307
2634 1378
1730 3517
275 1671
1247 2813
4658 449
1054 2585
4542 1380
669 945
2959 1316
2171 768
1117 1661
4621 4743
1172 3697
3596 391
1078 4248
2161 872
4534 4871
1222 3544
3976 121
2481 3018
920 1595
2841 3132
3124 4439
3741 3546
2678 4470
2325 4838
3943 2053
1281 3820
4976 4240
4333 3147
3202 4959
1435 2582
1917 20
839 3736
4100 1704
3847 2559
1698 1569
3594 3036
797 2372
4338 1399
3966 2358
1069 2107
1403 4147
4994 2752
4069 1955
1992 1026
3644 882
1226 741
4530 296
2379 3608
3055 2897
2129 4017
1617 4196
1044 1596
2044 3533
539 3494
579 2691
4059 3783
4188 2594
1663 687
3460 4702
4582 3665
4578 187
4169 1628
2375 3480
4840 2270
157 4082
1010 4892
275 3296
3921 3370
1462 261
920 4367
4156 3746
3119 2931
2433 4167
1591 4562
4361 1237
3556 2318
126 3910
3696 4972
2966 4537
140 4937
2527 4696
2064 1456
4776 4598
900 577
4301 1045
2930 4369
885 4755
1714 4962
4267 3165
2332 3542
2115 4241
3694 1272
1297 2544
451 493
252 1904
2961 2247
4427 1173
2541 4922
127 3698
2367 3630
2516 3725
400 4692
352 1517
3234 2633
171 3609
4520 3064
809 3479
4423 156
3188 2920
143 2046
1934 716
3181 4931
3017 1708
3430 2760
4923 707
2791 4977
4217 2689
3562 3017
2828 12
1910 662
1926 3287
4603 4868
1004 2175
4395 699
2558 2139
625 993
225 3084
2176 3336
4776 3247
4569 2645
962 2769
4515 586
2214 3524
3492 452
415 446
1102 3633
4016 4777
917 2040
3289 2208
2724 3911
265 865
491 4565
3873 4526
3847 4216
412 1360
2669 3045
683 4087
2150 4343
4666 54
3975 4928
2503 1668
2747 682
3156 4644
3230 4139
4388 4042
2175 4115
2145 2647
2456 797
3078 3754
1166 4345
35 1823
3654 816
2400 4941
479 708
206 235
4616 4218
3884 2802
3464 29
2894 4419
3220 4940
1950 2474
109 4946
3890 1277
898 1
3087 1543
3139 2581
3487 1244
4859 2567
2686 2044
468 2106
185 805
4017 3941
2062 1855
2245 548
4845 2675
3251 3044
4081 1738
3871 4720
4552 1961
1474 2801
2876 2872
22 556
449 1233
522 1099
2797 3820
4021 1691
1601 4468
1595 3805
3095 4735
2086 2798
