150 2433 30
2604 2781 30
4531 428 27
543 2924 29
1172 4332 22
480 772 5
2150 3191 24
4911 4962 23
3523 3110 20
3688 1516 5
812 2217 5
4562 4030 17
4929 3563 12
1076 589 15
721 1069 5
2259 2292 2
2424 2760 1
1779 3493 20
3707 1329 10
575 638 30
1499 2056 10
3550 1048 23
2972 4635 14
2233 4174 16
1286 1677 9
3345 623 25
2846 4403 23
3836 85 27
2549 4652 19
1142 3923 11
816 4859 27
731 1383 16
847 3717 19
2173 4772 21
4189 4459 10
721 2866 6
3364 422 21
1102 1561 12
815 2947 1
2107 256 4
1981 119 28
1977 1065 8
1998 1880 6
4501 3087 4
4299 3541 20
626 2392 27
2187 34 27
1349 2247 9
4343 1414 14
68 4390 4
670 2017 30
679 4713 24
2892 1633 11
3289 9 6
431 2915 12
4486 4375 15
3385 4158 18
4494 3477 17
36 4068 7
1493 2275 30
4435 3068 27
4309 1632 23
67 3118 15
4938 1186 3
2978 3148 21
4 4280 27
2025 3386 12
1167 4861 24
4665 215 28
4384 383 30
1246 3163 26
410 1342 3
2203 2680 21
4048 1452 28
2395 3371 30
1655 4932 9
4776 3736 17
3262 1305 14
3128 2177 28
3674 4386 26
3129 4983 16
1849 115 28
929 1379 18
2389 3061 13
928 781 20
1851 4061 3
1862 4393 19
4246 62 26
1121 2873 28
423 4413 23
3352 778 16
1721 109 19
1995 3248 30
2024 744 19
2849 2307 4
434 3357 24
4726 651 5
903 3312 12
582 2777 10
4023 854 15
1073 1504 29
1761 1347 21
4277 1199 23
3581 2269 9
1313 1546 3
2110 4900 20
4282 4279 13
3260 3368 23
4407 3881 30
741 557 6
3557 1893 4
3682 4433 3
2499 1566 11
2456 3249 28
1479 2017 21
4623 4573 18
3486 4526 14
1276 2152 24
4754 357 4
2318 636 12
3702 2407 5
1331 538 2
3075 2719 4
4417 1192 25
4767 1958 21
1536 2583 8
2870 364 30
4574 553 24
4531 3957 12
668 3950 2
1263 3864 1
4522 1949 3
2516 938 7
1708 1264 25
468 887 4
2349 4229 16
1245 1874 20
1514 2849 15
2096 2704 8
3784 3168 16
3721 2066 12
3723 4282 27
4759 1105 1
4913 3517 8
1457 1990 23
1559 1931 19
1559 619 21
3637 4781 23
276 2185 7
680 4859 4
3639 4161 28
4425 3258
774 2591
4875 3805
1332 4686
1181 444
1415 1472
1017 1943
4691 3200
2543 4309
2105 4667
1625 3832
4738 1325
2102 894
4429 886
1515 1916
4943 2552
414 4566
1403 1334
3921 1128
4004 705
3571 1382
3731 4701
4768 636
527 2811
4298 306
1692 1727
1486 4947
4696 4362
1304 2437
3776 3092
3621 155
1794 4183
233 4225
1583 4700
1143 728
2297 3167
2086 3809
951 1634
1483 2631
2420 4290
1866 3289
2626 1127
4702 2477
4745 2148
1213 373
4468 3046
1292 798
2006 934
4111 544
1684 3112
4222 2791
1416 1854
1215 4208
2048 949
56 220
2003 4949
3021 373
4161 4901
1833 111
938 40
3043 3471
931 2688
1801 806
4680 323
299 1053
3471 3809
4079 325
2871 895
437 462
3506 271
4566 4777
3010 910
4654 560
1822 3637
241 473
284 4736
2973 1978
2424 4946
2193 1410
1085 3613
2035 2973
4406 4297
3519 4704
4587 1539
179 2683
3828 1902
598 4472
673 3981
2936 1976
3971 2886
1709 657
576 4960
721 1242
706 484
1869 3202
2577 110
812 584
4259 1922
4679 4296
3316 3178
1278 4868
4970 646
1853 4965
2115 4891
669 3424
3000 2840
4620 4141
625 1261
944 3004
4063 4028
3943 1031
3008 3628
3795 3692
3402 2135
1095 3346
2481 1074
2379 3207
3077 3768
3927 4492
2059 823
4460 3715
2110 1453
4851 2177
63 574
3420 3501
4756 4574
997 4290
4862 3428
2482 1327
69 4599
1127 4239
3390 3390
3359 1724
4677 3857
311 598
3027 1078
1220 1091
2107 483
423 3354
148 673
1083 834
4744 2781
3197 1859
249 1996
1329 2405
660 2827
1626 4850
2055 1793
1394 523
766 666
4921 1989
3124 1934
1538 114
4394 4175
1798 1430
2443 2942
3026 3087
2708 643
4523 1605
56 4611
4437 4541
2535 2188
1556 305
1918 1630
3996 383
3848 1961
276 1901
3626 4107
1756 3133
1102 2428
28 4603
3123 4301
2347 892
4294 365
1988 1444
2357 4505
2262 4668
2150 2801
4521 1771
4862 4347
1305 3555
1203 1125
3278 2865
4518 3725
4257 949
2346 4109
3618 2265
3964 3269
3889 3203
1582 1781
1897 4065
596 2357
743 4114
519 1239
1426 3402
2073 577
1077 1305
303 4607
3852 169
2248 55
950 3587
4613 4984
4384 2465
1225 279
1987 3880
4702 780
2294 4064
537 2419
2378 3939
2780 579
4459 3397
989 786
3022 1799
2728 3004
3694 695
3892 3539
15 4484
2091 2550
3271 90
3527 2429
2110 691
3630 2099
4582 1184
281 41
4007 3458
3468 3661
1492 1516
545 4222
3148 687
2643 3726
4346 3608
910 1283
1779 4430
1224 4117
2444 4698
3309 2434
4153 3243
2861 4932
4164 3583
417 3367
2321 734
4464 1742
2914 4404
1908 4262
165 1423
1249 1885
1471 837
3932 1771
3484 2475
128 1773
2389 2994
3965 4289
1300 185
1380 1893
2870 3995
1772 2456
1790 4045
87 4680
2558 3608
3728 4357
417 3179
1546 412
461 4854
42 2688
1764 4597
2487 2242
1583 3898
2854 1157
2052 4100
507 4716
1182 257
4487 4655
2231 48
4873 3484
847 1341
4991 3491
4579 4827
1041 665
1964 1100
3986 3338
2124 2473
4350 1302
2199 4136
3811 4112
490 1120
1073 3165
4725 711
412 3456
4286 2221
4637 2301
378 3538
1079 2978
1800 1358
2789 3546
877 3821
4977 942
216 1867
1255 1936
2405 1627
1928 1448
2654 2773
657 1704
1547 454
198 3898
275 2267
4867 2717
2191 4516
2323 3093
2504 113
1757 1731
1862 4466
1312 515
4553 2857
1146 4446
2536 404
4302 802
297 4190
4272 2340
3414 927
3952 2512
4090 1777
778 2453
982 1237
608 3153
1977 2102
1268 3572
4439 3486
2670 796
4247 182
1889 2481
273 1188
3066 638
2076 4096
2407 753
1840 4859
3763 2500
1623 527
3068 2653
265 2057
4471 4039
994 4499
1310 4174
3440 2945
4565 4860
971 1077
308 4726
2147 3621
4657 589
3889 2067
3894 2223
3655 2685
3076 4367
3383 1644
635 4052
3149 479
1215 3315
1540 94
760 4382
2982 4130
4831 1283
3404 929
3553 2222
4808 2678
1834 2224
2269 4368
923 405
624 1610
4785 622
2692 4641
338 1705
3472 477
3806 4534
4098 804
4270 1107
2780 4946
1423 3482
4805 2415
1378 80
2909 3345
365 1267
2673 3999
3810 3257
4715 2297
3002 926
825 3884
3786 1723
152 1946
1949 1709
3682 932
4743 4033
1458 743
707 2718
353 668
1055 4958
4464 3420
668 4251
4496 4728
55 765
1585 2952
1779 1000
4705 721
4814 1389
4317 1612
1532 71
4160 4314
4852 1171
3966 275
2576 4886
409 3228
4850 3780
2010 3062
3255 1011
4721 3572
3756 3536
2863 2497
2550 911
3315 788
2383 2898
1103 4201
147 2368
151 1904
4445 2029
3662 3824
200 666
3344 2965
1994 1379
3429 2442
2632 2405
1461 226
4802 4992
665 1817
283 1562
3402 4228
3572 2658
750 3228
2456 3485
427 317
1501 2462
2065 2723
3867 2318
405 4759
2680 1529
1038 2421
1199 4099
513 1999
2404 630
3985 2432
464 1687
409 62
140 3703
1125 3224
4822 4304
1539 3612
1344 3838
342 3041
2925 331
1163 2067
45 823
2752 1446
4702 1738
1454 4665
3666 4983
2598 2686
2787 3439
2815 2131
2116 229
3198 2092
2315 4889
978 1836
2592 3788
1722 1488
4138 2011
1839 468
3284 409
3279 3645
3044 3083
3275 3419
1392 4703
1593 1691
1382 1070
129 3341
818 2300
3836 4393
3301 4751
3779 2341
94 3694
633 4730
3797 2053
1947 4098
3907 3429
1648 2367
1043 3056
1813 2444
1365 2818
4848 2776
2603 3766
843 4795
4466 661
2010 1936
1271 4747
1347 4630
4208 4557
178 1344
2286 1342
2336 1669
4825 1760
3760 1378
2051 1920
4112 3354
2598 425
3234 3620
4509 3617
3670 2983
3632 78
4547 3635
2487 2931
4644 4699
649 2458
154 4092
947 3522
1129 2567
4803 1842
4578 2076
1232 2009
2653 2334
3316 2767
1402 2944
4578 1201
2511 4630
3771 213
122 4464
3387 1759
195 3979
801 1295
3343 2614
554 80
1149 586
566 1587
2390 132
4091 1765
4413 2957
3970 899
1825 2020
3395 1619
403 1313
558 4374
3678 3348
169 927
4576 989
2504 1143
4759 572
1950 3196
761 2676
3543 2169
3388 4733
994 1281
706 3870
2037 2422
3530 2055
3021 3166
453 158
1841 4082
4165 3867
2797 4719
1397 398
1805 1829
1705 2670
3341 2347
292 3797
4983 4176
1393 3151
2727 3298
4408 4969
2013 3716
3811 2892
4511 3041
3836 4572
4114 2269
3403 490
2531 592
1314 3954
3570 2271
4626 2086
3725 4126
1145 2114
2865 2719
1178 886
3477 2906
3227 1103
2381 4602
2781 809
2552 3507
4946 2274
1385 1297
1091 763
407 2827
4531 2695
2995 2871
3735 4926
3406 876
313 4080
761 4607
3469 3263
2562 1922
2714 3215
4244 170
118 1701
3345 1341
1336 392
2857 666
927 4246
2938 903
3946 4652
1415 1209
1255 4897
3905 283
1119 2465
840 1205
4725 4597
4705 4762
4616 4901
1927 2275
3818 4918
2090 4641
664 4655
3607 4680
381 2565
494 775
356 4924
4902 4252
1826 2342
4436 3040
1608 2642
341 3084
1947 2311
2985 4008
2388 746
827 756
3626 1939
2067 4576
3990 3600
2520 2413
67 1815
1871 26
2374 2493
2748 4567
3104 448
4768 1857
4797 1838
4074 1984
2164 874
3330 3946
1220 937
1061 4926
1167 376
767 4050
3186 1386
3325 4027
2084 2599
3301 2297
902 1918
4243 1789
3371 1485
4680 246
1214 3755
2270 2319
422 4273
2297 105
4877 2350
4925 2078
4153 1963
1496 1498
2165 2247
4783 103
1736 180
3983 4757
4449 3908
152 4028
2811 4102
2276 1900
2149 4547
4251 1327
3498 25
2360 4555
1774 4100
2264 1251
4131 2542
652 734
4544 131
3971 1410
79 3426
3564 4077
4036 2853
3218 4966
4097 3690
4649 2364
353 3024
4853 3917
1956 4102
2063 2110
435 1590
2188 1827
2839 2889
420 62
4836 1711
1297 1067
1595 37
1635 1171
4690 2488
4972 4913
1886 3649
1384 2911
201 3438
4775 3954
237 2367
828 4011
3010 4766
2602 1903
4032 2232
4353 3724
3376 3890
2973 2182
2529 3017
61 1007
2817 1768
1209 3691
4922 3129
3433 2425
3331 4940
2279 4689
4364 3760
1504 71
1549 520
2022 2316
3612 844
1655 1463
2950 4662
953 3088
1213 4963
4528 4760
3711 2534
3366 2743
4417 2222
3845 3422
1547 2828
748 2107
1840 2355
108 3480
4809 2102
1262 424
2566 2121
4356 2095
196 4537
807 4586
2305 634
1169 1986
4076 4065
3706 4752
347 3241
2405 3683
1987 2646
3500 1196
4049 4499
189 3787
2767 452
4044 2724
3339 4953
4676 2308
4490 4244
336 4623
3329 4671
1591 2149
984 1827
852 1289
1690 2799
290 3576
3877 1410
3858 3515
1700 632
410 2807
3411 3950
1649 2461
2004 4004
1935 1554
239 2108
4512 143
3037 3520
2818 56
3368 932
1703 623
2041 2276
1539 1532
2025 2821
3382 4396
3576 3885
4399 2841
367 1690
4225 3558
2586 638
2518 185
2546 378
4123 4146
4806 3731
4240 4883
2501 4084
2449 3162
4800 3674
1714 3647
3363 3470
1046 1544
2884 81
2314 861
2020 1106
524 978
2172 2090
882 776
2359 3168
541 2500
3384 2329
3031 1286
4982 860
1227 4805
3477 1500
3054 4478
2330 2636
468 1396
1637 3846
4553 922
3115 2130
2009 3563
904 1583
2242 4190
1803 4303
4021 4618
1797 4121
3449 2791
4558 2212
3437 4513
1597 4905
2071 1595
1086 504
884 1014
3079 3701
613 2223
1860 1193
1634 3534
398 447
525 2571
4597 4318
4328 4696
4483 3881
1120 1945
1555 2375
1056 1515
4628 290
1850 3793
1670 4358
3967 3862
3058 3368
2865 1797
1624 1506
3106 1541
3276 3176
683 4381
2776 3044
832 1515
826 2509
1113 4209
3722 4137
1058 2788
260 3762
3764 2553
3854 2968
3844 1439
262 4632
3058 2885
78 507
1333 3834
708 4576
1887 2833
4930 357
2379 2925
4790 2833
4185 1007
4189 4465
1777 920
4290 2965
4346 2512
3348 3011
1721 255
1441 2443
2712 780
1691 2356
1062 857
3838 4151
1656 1639
4027 528
456 4621
133 3199
430 1974
690 640
3985 2304
4434 3883
2499 3969
2717 4796
1738 4051
4812 2115
4765 4551
4949 3089
4700 4603
1926 2149
3044 2594
2779 905
1174 1385
4290 3666
1526 504
4705 1071
3378 1463
3523 4711
425 1724
4332 389
4923 4012
238 579
1256 315
3688 3833
177 828
3184 1034
4486 3905
2723 2199
2265 1982
1672 3923
4749 4182
4183 63
149 4348
3748 1088
4847 2080
1011 3869
4614 4560
748 4745
2001 2392
4546 3879
2677 3192
3872 3907
1688 2997
1245 165
1436 4443
3173 1657
4959 193
4527 4645
2428 3090
584 3838
606 1882
4481 3947
2774 3960
2850 3290
4672 1073
1623 3371
1507 1957
2860 4911
2242 3390
202 1720
4060 2309
3082 939
2270 4119
4008 1417
3375 2121
2590 1333
489 789
292 3178
1731 3764
4779 4437
3377 3778
13 2266
1500 2145
4584 2270
3430 672
1096 159
1978 4969
1030 2997
1953 2957
1814 2322
1823 4603
619 41
2130 4286
4534 871
3023 2854
1602 4751
575 237
4859 3845
1645 4261
4118 4255
4171 2729
99 287
4307 1727
1856 2890
4355 1044
1168 151
1223 4190
140 867
1886 4124
302 2207
4780 2296
3667 3018
3904 987
2339 4349
596 781
2243 3296
2716 3686
3528 745
3081 769
1669 1466
4219 765
800 3839
859 4846
2507 779
2637 1311
4703 3025
361 212
4113 313
1014 4202
3012 165
3427 3491
885 642
2904 2662
4050 1316
4219 1536
2842 2502
4875 4861
4203 555
993 3751
1788 400
3616 2554
1442 4735
130 4260
1624 1831
1080 4632
4585 2979
2010 1229
486 4530
4344 3237
2101 2823
4893 1600
2143 4791
220 299
3826 4105
4227 2337
689 923
4529 4108
4155 4736
2929 757
803 1393
236 4339
4019 3971
782 2783
1327 986
1640 4571
4945 2512
1577 2280
4590 1047
4994 1789
3808 4401
2104 702
211 1708
3748 1549
4021 2573
2456 3661
3567 4770
2602 3300
4646 1003
2586 1300
3517 1199
4675 984
4116 1507
3532 1401
3208 2002
4778 2718
3663 3907
516 4089
4295 381
3741 2325
3115 3986
4741 3762
4078 2155
837 402
15 201
4570 2565
108 1343
4683 4890
3016 58
3788 4114
257 3868
267 1877
929 3000
3345 2103
3654 3539
1046 721
3190 4588
1985 1413
2923 3144
101 3020
3228 3898
94 2969
4119 2173
4247 1966
2040 3638
1566 2379
4480 292
2435 2824
1 2031
2554 618
4004 283
1309 3500
1871 4068
2116 3703
1669 1389
1561 3213
1678 507
4495 748
423 2878
4423 1751
978 953
608 792
3559 3632
2169 2605
1963 4562
2764 950
2743 1574
2075 2022
5 4875
2902 4458
2704 4541
2840 4978
1977 2643
93 2206
960 2684
2172 2676
3502 636
4899 1723
3881 4078
1173 3808
382 327
1313 1506
4550 3541
2849 2851
1214 2017
705 2708
662 538
616 1803
1435 4656
1988 2215
4159 2874
2198 1505
4955 3231
674 2715
480 443
4582 4979
2447 865
2502 1229
2621 53
1734 901
1864 5
2834 366
2736 1550
3745 4417
2050 1394
2109 4734
3544 2012
133 4219
2324 1038
1710 4486
4215 1325
3529 4760
3497 3831
2690 3957
3680 1145
970 2444
1109 3376
3851 3240
3533 1437
2012 2481
1016 2750
2319 2892
2138 4242
2444 2488
1506 4853
1345 548
3758 1925
1541 376
4255 141
4541 1973
713 1733
2775 3064
900 2457
1549 2994
1804 4498
1313 1383
3397 2359
1830 828
85 4649
1957 3308
688 2032
4732 1404
391 4801
1344 4001
2687 1118
1054 4538
2641 1089
4259 1602
1344 3305
3096 461
3322 4925
2930 3862
195 2706
162 3399
1381 3323
3151 2920
431 147
3309 446
14 4134
4473 2297
1243 4496
1717 745
3922 4560
3628 4068
4894 2674
3697 3936
832 3602
3307 2843
534 485
3883 4506
2290 1602
418 1194
762 4948
1089 1366
1334 3164
2203 1157
1041 4583
796 2148
1076 2605
4848 4825
4008 3835
2709 3052
1395 1490
315 4193
4519 2095
3106 3579
4915 2198
599 318
1801 1573
2132 3556
4310 2610
4535 2517
4084 103
255 560
2755 428
907 2456
2071 1368
3528 887
1075 1277
4281 3467
4288 219
2157 1541
2389 210
3971 3666
2173 4346
2266 1756
4463 1542
13 1145
3715 4446
2869 2355
473 4604
3286 3960
4584 4788
4157 4835
4393 217
2720 3308
421 3996
3389 4050
921 1675
4111 2793
3840 703
4531 4034
4220 1048
863 4050
2753 4542
4647 3708
2855 653
4003 3233
4759 4849
1488 3970
1568 3679
4594 693
580 4002
890 2319
600 2400
2358 1982
4923 3967
4207 3815
1810 253
158 3670
1987 3582
457 3929
1913 1734
1582 252
4966 1414
4734 3386
3260 597
1318 2712
2773 3801
639 35
1145 962
1487 1716
4748 648
981 4075
1039 2140
2251 3481
1154 1042
1886 2962
619 2822
696 758
4710 27
2344 163
4678 781
872 4090
4984 4346
3479 3659
3874 2756
937 3387
2578 518
2106 501
3525 1614
1952 30
3259 1483
4980 567
3990 4392
3181 3773
3545 2881
1002 3525
1271 2939
3619 391
1628 3785
1761 214
535 3656
2852 2067
2037 1714
4436 1187
1989 1337
1473 2882
4988 2770
2530 3100
2484 299
710 3579
920 343
2449 2453
2398 2335
4645 1773
3200 714
1242 2553
929 451
509 77
1758 662
1167 4502
4823 691
3981 1133
4566 1422
4619 1163
4651 1394
3260 92
597 1568
507 2742
1130 1358
955 4833
4611 3280
4130 1281
203 4106
895 3730
4818 773
4472 573
847 1271
2893 929
4846 2167
2663 279
1034 4707
1228 4601
4366 3749
1310 7
1897 58
3468 2371
321 1089
2631 4828
4329 899
4168 3446
968 1212
3786 1052
2232 398
2657 2932
4876 1955
2046 2567
1480 4565
3811 1423
1774 2113
995 731
2878 4939
1376 2095
3696 2072
4519 3870
4432 4760
4620 4553
351 1734
959 1145
866 2158
4446 3593
2336 1391
1057 389
158 1427
946 1741
3003 4763
786 4192
4581 1601
352 788
1856 3012
1834 672
3799 2228
3035 4979
4985 4376
3549 2244
4334 3145
2415 4381
1476 3401
4942 954
3368 1294
3358 4032
2732 1994
4488 2093
3916 4790
3147 911
3382 2063
638 4825
2062 1827
4441 3858
940 1486
3173 470
4264 4933
1856 14
352 2681
4609 4419
745 530
1810 2740
3995 328
1061 708
4162 4538
1085 1365
4835 4717
3620 1723
2518 2200
4771 483
1798 374
651 439
785 1741
800 3760
3489 4853
736 4375
1756 2875
300 3773
4357 3837
4304 1275
833 4984
2942 3732
3291 1037
1313 1456
4320 1859
1744 115
1093 3943
2640 508
1418 4045
3937 28
296 664
1440 2838
1880 1143
547 361
99 1887
3293 42
863 4492
4630 3243
4563 1600
4103 4658
2954 3275
2073 4316
379 502
543 2545
4609 4443
4418 3795
519 4889
2138 4977
3487 2877
2681 372
3123 2512
194 4835
2678 2005
2010 4708
3138 2689
2406 1884
3733 1862
1291 2979
1991 4005
554 2088
2505 4841
1435 3440
1733 1502
1198 146
2413 334
1187 44
3882 1237
4297 2500
4012 1658
3959 3727
3656 4643
1534 3509
3110 121
3508 3274
4836 4073
1905 3416
3422 241
3811 3894
988 446
2940 308
1192 4902
2733 1461
2706 1268
2069 4430
3802 3563
1922 3892
4774 662
3308 517
2063 3575
2135 2998
1233 211
49 4004
2130 3182
3361 602
2823 394
4216 712
2057 274
4483 1571
1131 303
1178 367
610 1873
2399 2959
290 2861
1056 3434
656 4664
2516 2395
1809 2979
4254 4918
1678 1529
4068 4777
4229 2206
3499 4064
3041 3290
2592 2468
3069 4623
313 923
2422 1024
2552 1618
1198 797
752 2403
772 2776
383 398
1780 3638
1868 4237
741 507
3235 1453
57 1738
3644 2858
4048 3874
4131 3012
2460 4044
3372 1095
4362 4182
164 4130
3012 4229
300 4476
3520 4034
3078 4717
3680 1960
495 3459
3101 230
2650 3353
4925 1948
3684 1819
4021 3628
2423 4601
2895 1831
3039 4524
4514 2406
2935 4073
3505 4051
2134 4373
3487 4126
1753 4339
1679 952
4434 1637
3841 1872
2785 4568
1821 758
2791 2663
1140 2995
1683 1964
3379 566
1927 1277
2882 1161
3116 496
4198 4420
2042 1882
1850 4455
1699 978
1945 2682
3860 2956
2012 2972
2781 6
1742 494
963 2027
4894 4624
1121 1596
4877 669
4958 3398
537 2439
4631 2078
491 410
2767 957
1324 2822
4042 1623
432 4428
3357 871
4871 563
162 1865
4117 231
462 4310
2889 972
3175 1935
2550 858
3580 4692
1234 2298
2681 1173
4331 823
1131 781
3831 218
1432 1690
4643 1558
2074 289
3402 4932
127 275
3130 1540
2134 1929
3660 4393
4256 4790
4339 164
1604 4974
1906 4486
1266 3320
4631 1210
1103 1516
2486 3937
1712 2278
2283 2309
1676 1920
290 1710
258 4199
1670 1231
2213 1889
694 3986
2217 4447
860 3063
4406 532
2278 4370
4094 2897
4619 4172
568 809
2934 1483
2500 1080
340 3770
1763 4972
3176 3081
4888 2803
4084 1633
4706 3767
4363 2482
3965 4844
2856 1502
4543 670
1541 2482
2271 251
1196 70
4664 3151
4281 857
4442 577
1825 525
3810 2470
4239 533
4487 4536
814 2135
2489 483
694 3634
4525 4546
4093 1289
952 728
879 4150
2790 617
2421 285
3871 2126
2974 4872
934 3140
2367 3360
3165 2616
74 986
4470 149
364 1694
445 4817
1160 873
2544 1794
2407 1569
4673 4992
1792 4399
1605 1120
1058 843
2257 258
3968 1281
3379 4833
4186 3106
2128 4810
3531 2044
3354 4324
547 4727
2675 1602
1862 2921
234 186
325 1804
17 4363
4781 1077
2483 488
2442 2286
3630 2172
4736 3298
283 3725
3618 2586
243 1714
3779 4552
3555 4876
464 1741
4221 4015
2238 4951
2127 1898
1144 2675
2969 1222
998 3630
1089 2256
1825 4330
474 960
4224 2109
2646 888
1985 1813
1681 554
182 3242
356 3348
1403 4967
2015 2886
875 4092
1233 4017
752 3598
4862 1508
2340 4570
1585 1639
3538 986
2052 1695
2444 3102
4112 4904
2509 3236
1770 2446
2742 4159
2642 4052
330 4610
3854 4752
1999 2352
2208 3296
2318 2773
1631 1804
2008 2732
2903 3191
2288 270
1922 4576
1713 927
993 3473
3808 1238
305 3212
945 1165
1741 3094
2770 632
4887 1961
3298 3687
1929 641
4731 2864
2576 1794
4235 2776
3436 4476
3017 4270
3289 1025
4968 678
593 866
3495 1343
3702 200
606 248
2197 1026
3658 4290
1846 2373
4203 2910
2361 2184
1119 3667
67 2268
2433 1989
2038 903
3408 56
3908 422
3836 4272
3709 4648
2237 1345
1328 1584
4647 3576
953 4638
1306 4959
571 1116
527 593
4197 2882
968 3986
1627 3519
363 606
3084 2846
1702 1759
3938 929
868 3607
2267 1947
1579 2856
2195 2302
2987 1122
2966 4589
521 3356
4072 4113
4145 506
2338 1714
4805 4960
4222 3259
3878 159
3392 4707
2409 482
1480 1432
3946 2103
3561 3127
2869 3316
3367 4227
4666 739
2466 3008
2311 2614
118 4758
4027 4308
4163 1502
384 3270
3635 879
2988 3289
2064 844
1277 3497
299 3273
1765 3126
3157 1118
2002 1563
3376 609
3101 1656
1249 573
4049 4999
1164 3278
1508 3150
1876 2642
3107 1382
2010 1601
2519 3616
3091 4231
2616 391
4303 2005
4102 744
3907 2783
3438 4851
2185 1899
1445 4269
1078 1238
3723 721
4769 2300
2113 1452
295 3597
3314 3869
4315 4645
2099 4335
3551 3319
1034 2405
3183 1269
266 3690
3636 77
1408 4387
500 2451
3649 4698
2845 661
341 1707
269 3416
4584 1904
4509 466
1190 3219
3278 1175
337 2397
1470 1351
3711 3135
2943 4168
3051 4064
2857 4870
1683 2729
4122 3228
4597 491
644 2056
3379 3956
2054 890
4405 4699
3870 2310
2761 1608
1902 3998
2061 2949
3917 808
4933 2634
4961 4868
227 3470
3067 3970
3035 696
1934 2179
2018 4770
3079 886
890 3354
513 3225
2192 4116
4321 128
451 3033
711 2283
2758 1384
3081 304
1643 3459
3346 1280
1183 4290
2260 3164
2117 1927
2221 3504
3587 136
3980 739
3364 335
4348 1734
2498 4423
2055 882
3382 4849
4630 426
1979 1934
1110 2325
2436 2107
4816 3467
4466 1918
939 3347
1180 197
2590 3296
758 471
2023 73
1478 3457
401 1131
2353 1202
714 4164
3277 563
4856 4173
2751 3431
3673 676
4684 4900
3140 967
182 301
4280 2656
263 109
3471 37
3066 2210
2339 837
3852 1201
459 95
4404 999
2683 4009
1862 2766
4742 1150
2896 781
1343 1971
3407 3776
1880 4878
1723 4753
4282 3235
3287 1482
70 919
3082 2067
4976 624
1971 808
2633 1556
4431 3576
2598 4216
736 621
920 4772
4898 5000
2033 265
2466 4509
27 466
4149 1892
1124 4363
4556 2151
408 471
4366 1556
627 1631
1335 1841
3500 2600
4583 1896
325 2742
4872 3772
1160 34
4822 2689
1366 2591
44 854
697 2744
3170 4644
4848 1636
4208 12
470 1804
2442 1528
3172 1333
1975 3620
988 3525
2457 1957
455 2013
3290 329
419 2003
2677 1944
1551 3110
3966 684
1183 2068
1596 3389
2670 4355
2760 1170
964 498
3242 369
2294 1907
2920 1133
2869 1316
1045 981
4871 4623
2537 3222
1669 2027
4309 2088
4391 1025
3819 323
785 2592
4839 194
3317 2397
499 2164
1234 3954
1254 1258
1503 2137
2052 618
4286 3844
2525 671
4748 3473
2782 3468
605 4484
3750 2459
3058 1291
4662 191
2984 1254
255 3291
3199 326
1265 1368
3572 18
3644 1386
3803 3896
3129 136
3629 1779
3126 3529
3168 4258
3808 3624
3799 3150
2829 4653
4436 2566
2391 870
3235 4862
2534 3425
4527 1311
3794 401
2179 1429
2589 2349
2257 3222
4294 4761
4390 574
692 4155
4566 3340
3127 4981
3218 3266
4177 1195
2006 1017
412 721
3301 2322
4149 1798
4618 2490
1845 4306
134 2526
3334 4845
3362 3211
2754 4797
3202 653
910 1609
94 4115
4786 3849
625 778
1968 2843
4789 182
4469 393
1745 1820
2525 336
2423 3441
1605 1227
1306 2272
1365 4656
3573 4245
1089 2426
2257 4092
993 2896
1237 3038
2868 2183
2539 1713
3338 977
2749 514
4334 1580
2729 2153
212 1938
4278 4205
644 949
3305 2584
3610 2451
2069 3733
4875 1285
2429 3153
4381 647
4076 21
1136 1199
3784 1524
2532 1362
3806 575
4246 1662
393 4200
295 1653
1018 3042
2770 909
1612 178
2147 4415
3015 2970
4349 2319
1177 3851
2253 126
303 4922
3207 2072
4288 3133
3847 1519
720 3137
2231 2402
3719 4708
2551 3479
4331 2666
996 3842
270 2280
2156 3153
3820 1567
553 4311
4033 3432
778 1436
2752 3215
1966 342
2585 21
3513 339
3289 2035
497 148
2261 1043
4293 3103
2583 4500
4695 2195
943 3978
4708 1767
3810 2471
2348 649
4519 91
3445 323
465 3799
610 4054
3837 2002
4019 2596
520 1589
1003 32
1885 603
4912 3434
2999 4093
1959 1002
921 3933
1100 3519
2043 728
2395 1934
163 1537
2943 4206
884 2165
4612 335
2515 45
916 4609
425 676
3423 4767
3775 4563
2511 450
1945 3459
2931 1720
4739 3749
3711 3443
4214 1913
2268 1294
1351 254
3495 3444
1366 2280
4599 1905
3799 3240
3881 381
4094 1254
4258 78
1425 968
3933 4239
4939 2942
1226 1517
3517 930
3137 1888
2344 282
3971 4655
1463 736
4498 1572
4341 3178
3306 3824
2271 1198
4785 2892
701 826
3314 4567
2961 503
4202 4414
4082 4702
3561 4359
2397 202
1612 2113
2340 3876
3537 2358
3793 49
398 3536
4409 564
3337 3172
4274 744
1555 3483
2754 3795
3099 1831
2863 2811
4807 3384
3902 138
2179 175
2394 4960
599 1987
2066 1921
2340 932
1216 2586
554 4135
3628 2732
1745 2512
1300 1472
4604 3974
1185 3039
4200 4318
4868 2942
4235 950
1610 3591
172 4174
4076 4898
3573 3441
2831 3303
4079 4521
4684 2638
2477 2168
4711 4902
2583 2365
2193 1378
136 2295
1694 188
3001 2446
574 2308
1940 1945
308 1056
1800 4177
3475 2189
2588 4088
1152 4621
4473 2278
2940 1198
1704 3298
708 3202
1327 696
71 1783
2793 2844
4936 3567
3343 1813
848 4147
3715 2700
4689 991
4918 111
4803 3059
1162 3480
734 1509
2789 1700
4345 4201
3499 3469
3792 586
3161 191
4463 574
3721 2324
647 3189
4400 3934
2331 2
3145 2350
951 87
2614 4485
2419 3405
2838 2636
1851 2192
4565 513
1258 2478
2322 3529
2857 1232
4115 652
4274 120
257 4031
3234 2968
2348 4149
186 3989
522 1783
4828 3534
275 1509
2651 3922
1341 1090
1876 2158
4044 1917
2553 4730
1625 4861
3132 2211
3528 3505
4550 2619
2598 1472
2482 3808
3761 4901
2850 2427
3256 120
816 1659
4650 1268
893 3827
2206 1007
773 3773
4610 3848
633 2846
3844 2658
2420 1785
3932 2871
2632 1421
4538 1933
2252 502
4501 3300
4538 2647
3927 152
1661 4653
3585 268
2096 1986
3832 3576
4352 1777
3016 4222
1045 2945
2039 3380
4716 4355
4612 1436
1125 4107
4005 324
2919 2725
1935 4388
3282 2445
3017 1165
662 4071
2959 393
169 3925
1551 2325
4852 3231
684 3126
964 2503
2622 2205
707 4646
4400 3765
481 2345
2445 3498
1656 2593
2425 657
4754 2422
1414 292
4281 4796
1803 2939
4439 3822
1985 4172
2802 426
4352 2491
458 3851
3792 675
1256 708
806 1
3012 320
4524 2371
3106 3000
619 1790
1315 4436
3108 3242
2194 1011
2676 733
