60 556 30
4099 1362 6
4114 1236 16
3700 1616 6
1784 2433 24
2513 2271 7
4763 3054 26
3365 3087 1
1944 197 15
2042 3032 10
269 1360 30
3519 4548 16
3994 639 7
1583 4368 21
2319 1455 2
3049 866 27
601 4732 6
1595 4556 10
1453 106 13
2774 1580 15
3230 2918 6
838 381 5
4455 584 1
57 4394 4
4043 1483 8
1993 2640 28
2536 2552 10
569 3005 28
808 358 30
1976 2990 22
2888 1999 14
2661 640 13
1034 206 23
4169 3777 27
2812 4796 12
4570 2079 2
4975 3298 25
2297 2430 19
3317 1765 10
4280 1293 19
3958 3637 4
370 1483 15
4861 3837 27
3253 3781 17
465 3941 5
3347 321 3
3373 4485 14
1606 2286 18
3313 1737 6
792 476 1
4619 1930 25
1399 3572 18
1128 666 8
4623 2189 2
625 4761 26
2392 646 27
693 3735 8
4792 4603 23
3256 3963 12
3385 4891 8
1013 466 1
3706 3736
1541 3582
4240 3882
760 2076
806 1020
535 2184
2442 4427
673 1915
3344 239
1647 1347
2330 1937
2509 4153
3005 1272
1667 3968
4562 174
3743 3020
1663 4632
2339 4117
2612 4741
2693 2608
4276 941
2430 4150
2032 1973
2347 3011
543 49
1376 4305
3666 418
1461 1562
753 16
1484 1121
3579 3755
3783 3070
3800 2803
1154 192
973 1167
4321 1440
2180 3638
4971 3910
1857 2956
549 3512
3395 3662
3878 3334
3796 2460
2375 214
2969 2449
2554 1222
3507 3481
391 2612
1753 2080
1986 4419
641 1158
851 1519
2518 4683
594 2482
96 1613
1293 1845
693 2207
268 583
2479 1482
2979 3026
2416 4001
3419 1579
3963 4979
4087 2637
4539 4418
1329 1199
4995 582
77 2789
581 3726
2425 1053
4563 3592
159 2651
1704 2485
2580 4371
3692 4248
1279 4851
4793 2251
237 2439
1666 3848
4316 4812
3985 83
468 4762
158 2657
579 2468
394 3950
1023 3118
1504 2994
4372 2470
2225 2805
3724 3234
4452 4549
2640 1763
2980 2525
1691 580
2341 4729
2313 3692
3941 3043
1123 3529
2418 728
3289 2987
3560 3289
4922 2086
1357 2932
1491 4617
3009 19
2623 4999
626 4470
1210 1301
66 3978
873 4820
553 3439
1688 2808
1008 1080
2401 2000
4023 1753
1839 3565
1933 1397
4803 2647
2041 2851
4158 3350
1380 3953
4733 3811
2457 1802
3810 4865
4858 540
987 1965
4895 1542
1171 2649
2132 98
244 2341
1931 3157
227 4887
4489 78
4057 1241
2431 257
3832 3537
1617 1378
1799 3790
2155 4388
121 1641
3635 28
3658 3404
1309 4654
3657 272
4270 4407
1338 4376
2212 3881
4840 2008
4400 447
975 2511
2027 1812
1721 477
3590 1101
1278 1526
4463 1207
730 1269
2746 870
4529 3407
2197 982
515 818
2378 1047
3624 3032
3756 1389
2709 1760
3093 4366
4473 1748
4924 2631
827 2768
2042 390
67 1687
2837 3819
2458 3927
1126 1779
2523 2353
1677 695
189 3568
1166 1581
4216 4837
1800 4177
3749 3823
1370 3480
1334 2576
2908 2066
509 1252
1798 13
4777 4453
424 11
1485 484
4695 1555
4785 3152
2499 1356
1003 174
1672 1940
3307 4847
1201 247
464 3452
1435 3019
2780 624
4720 2655
281 2590
250 190
4931 3360
2480 683
1709 270
1038 4688
1022 3177
96 783
948 740
3104 1969
3217 2180
649 3834
4329 4248
747 4503
1108 104
3678 771
3115 222
3988 4394
2460 3456
4518 719
1252 3360
2283 3757
2478 3361
4679 90
1565 1587
1965 1298
2979 3002
3465 3689
4722 1413
1522 1601
1543 66
920 1021
4427 2966
4870 77
4808 492
1454 374
812 4391
3728 2519
2074 4430
917 516
519 2722
319 2775
2613 876
3250 733
4457 4382
2986 2110
444 3710
3077 4995
4147 254
4328 4008
701 4478
1505 572
3164 698
410 3066
1278 4462
666 690
1185 3388
465 2954
2029 1130
880 1635
4942 1277
3480 702
29 2726
3646 3383
2401 513
3123 2113
1999 1023
1543 2981
753 1102
4786 4015
2052 4257
4209 3815
4110 4939
2402 3768
327 3092
1049 2099
1233 1912
3334 3546
4391 772
456 2858
1347 4558
491 573
2145 157
4316 3266
1191 3044
2644 98
3753 2731
3459 3069
4903 699
1302 4082
906 3344
2881 443
1171 1489
2068 4466
3601 3916
202 1298
2146 807
2083 2856
3446 2095
2075 4025
3259 3634
2526 2949
3227 1235
4723 1446
1261 3495
3520 293
3055 399
4093 3522
4933 335
2501 849
1734 1333
143 1101
1832 2118
4639 2188
4539 3386
428 2796
3400 680
345 1183
1249 1182
2346 2393
3360 874
3750 4882
4137 3658
4859 3732
2514 4913
729 801
3465 4157
4068 3463
3706 3924
3652 4381
4745 163
2310 2664
2834 4039
2662 154
2050 3839
3945 3987
2445 923
4848 1954
413 2192
754 4567
2606 4151
25 122
2604 4526
4885 3303
2441 228
2077 3238
3017 4273
1035 950
2578 1697
4758 2729
330 1938
4243 2177
4441 1863
4484 3198
1196 3364
3463 4358
1782 2413
2579 4230
266 4132
2144 825
4959 3002
1046 185
1365 1495
259 1338
4096 1678
4010 2669
2163 2669
1629 4750
2712 3892
43 1962
3763 3737
4509 3487
4850 3236
1282 2988
1115 4555
1097 596
64 1817
101 3807
2511 4144
2523 3649
1017 1578
525 3214
4124 969
1782 4812
4802 4614
1255 1250
1964 3609
4825 3090
3121 597
1950 424
617 1230
4688 1147
2466 1595
222 3472
170 3886
3949 471
4028 2255
3176 1645
4980 4679
2550 4367
4428 4458
3419 3737
932 876
863 1602
3941 4223
1937 2036
277 2827
66 3374
2762 4908
2665 4969
2903 1535
1317 3159
528 3868
3618 2654
2499 4280
2739 1086
2704 1103
2290 4453
1487 1831
1466 512
4940 4796
2639 3154
1027 4694
25 4190
714 3272
4372 2033
883 852
1969 2409
4826 974
448 29
1632 1235
3201 2783
4372 1653
2768 1764
668 4586
793 2257
508 572
1385 1503
4241 1235
4765 2807
4596 2535
2442 1908
1875 742
4570 2171
2740 2850
1525 4234
3437 3924
825 631
4487 176
4445 2619
344 1543
952 1383
347 2894
2446 4315
900 2452
1894 610
3856 3549
4604 706
4581 3547
1538 4154
2410 1644
2233 3949
3570 413
4784 3773
2327 3794
859 3128
4295 3550
2863 3600
233 4877
4971 2026
1356 293
4811 2415
350 2194
4345 2812
800 2582
3979 1195
2967 4076
4050 2463
2003 2465
2405 48
3468 2517
2407 383
4245 1580
1589 186
4090 2989
2542 3811
2174 4218
3127 453
2741 2300
124 49
1208 1755
3284 2602
3122 2416
2123 773
4332 3135
2798 3997
4469 3404
4206 2791
3178 2147
367 730
4731 2502
2165 4413
3771 589
1213 996
2787 4937
257 477
1191 3896
597 2027
2402 2046
4136 1783
1840 2812
681 1879
3529 2023
3770 2238
2351 4874
2594 4885
3996 2563
1758 3642
4247 4960
4117 2923
1778 403
1947 3861
1137 3683
3490 1374
1277 1854
3035 4258
883 1455
1844 1296
1875 4511
3807 4755
4813 28
3136 758
4228 5000
1904 4698
3267 2849
3477 135
1391 3775
4563 2272
1689 4504
3378 3377
4730 1153
4789 710
2517 4588
2681 1296
2151 692
1015 4140
1144 239
873 4122
3430 3542
2792 2727
4838 2863
270 620
3755 350
1738 3016
4351 3022
3720 3633
3834 2371
