120 1134 30
4695 2393 23
4127 1571 30
2638 3260 7
2814 1636 6
4408 3800 6
142 2564 18
768 3929 8
2736 2697 9
2194 3098 1
2407 2091 27
2060 3442 16
1176 4379 28
3349 3953 24
4190 1002 19
4113 687 11
2167 470 16
1498 3788 14
1326 2401 9
8 65 19
3543 4936 26
879 4971 2
1304 1896 27
1884 877 26
4873 3769 19
3244 829 13
4917 1494 14
2882 3150 17
2499 2970 15
1924 4804 25
2613 4511 13
2043 4261 23
4025 2263 13
2100 4332 15
2080 2119 17
3782 2028 30
3647 3373 1
1824 2684 12
1198 1273 15
4061 109 30
3248 3801 9
356 1903 27
321 4250 1
3595 92 10
4578 142 9
2055 1884 2
3891 2887 2
1042 633 9
3759 4696 14
3924 4479 23
279 1781 22
2204 847 20
3178 4555 16
2774 823 13
1919 676 3
39 1971 21
4150 2778 12
2571 4438 3
1760 4833 1
723 1941 9
877 1676 13
4016 2048 16
3852 3863 10
4355 2681 1
2605 1156 30
1023 3166 16
3456 2698 18
248 3722 9
1904 2297 12
853 2916 10
187 3353 6
4228 2161 2
572 347 25
355 1357 4
108 3481 30
3879 4584 8
4207 3173 16
2876 302 4
2457 1593 2
2837 3538 17
672 4065 5
1444 3084 22
3004 4294 24
966 3981 26
4436 3953 24
4570 614 6
4565 3248 21
1535 4023 27
4481 2836 13
4221 3058 5
4612 4311 2
2608 3453 30
3473 4890 2
2663 2558 12
3090 2734 4
2128 1366 8
470 2597 5
681 3950 14
2222 3061 22
902 3638 21
4852 579 10
960 4686 23
1181 2869 2
2565 2794 4
2621 3082 8
2239 1358 8
4944 1989 6
1951 717 4
4523 1296 6
1276 3116 21
888 2855 28
2242 4825 25
2999 1203 12
4249 2434 6
4799 3132 30
3150 463 7
2499 3168 24
3551 2535 2
2017 4991 25
1168 3586 8
3715 3431 29
4335 1758
4140 2121
3360 779
4431 4643
2872 3332
4617 1165
2651 2176
1312 2441
4493 3357
1362 96
3688 2880
3862 2259
3722 4400
2873 3007
2621 404
1960 3636
2946 3751
811 1748
3612 885
2052 10
3455 4969
2367 1103
2983 1516
1044 4690
1850 174
392 812
1287 67
4809 3725
2187 2004
4299 2646
3565 2719
1457 2341
3838 894
4378 2365
238 3272
4122 2570
4341 1666
3170 2321
4776 1662
3087 3983
4915 141
4998 458
3066 3890
4660 1819
1157 4566
1153 244
745 4513
813 4082
566 4988
229 4733
2997 801
609 1417
388 3446
2916 4015
3274 3025
1345 1147
1956 2222
3661 516
3919 951
1665 1138
1131 1208
4614 3548
616 3159
1104 2965
3505 2053
4816 1258
1613 2825
2182 3036
2171 3392
707 3753
4440 1178
1043 3938
1494 4942
2630 4432
3159 440
3956 2963
3422 1785
4913 3532
2322 3374
2365 3549
333 4629
600 4081
3883 1730
3984 2358
1629 1616
2191 1405
4073 4967
4615 2081
3386 4637
2384 2832
3180 3699
954 3838
4364 2399
4577 1284
3770 4178
1925 85
3635 830
3614 3015
4066 3704
2773 2018
1085 3816
3500 830
2235 162
2225 4889
3384 1011
4839 3551
2006 4606
270 3025
4143 777
3943 4055
2841 985
2347 1449
4355 3315
4136 3857
2242 3217
11 1607
2780 605
3687 2588
2044 3415
4372 2906
3518 2207
2145 873
3065 3037
2698 1250
143 1569
2646 206
3330 1357
4280 3062
4971 4254
1045 413
963 3276
4846 1602
4890 2507
4030 2224
4064 1408
633 2449
2393 4524
2158 2620
3526 2293
980 2806
312 3475
948 3812
1861 1740
1800 1032
3978 2989
943 223
2029 1045
4005 4356
4247 1581
4782 3794
3298 425
4922 2884
4562 2854
887 759
4784 4542
3538 3244
4572 3872
2007 4951
2371 1233
853 3008
4790 146
4650 2990
1753 573
4052 3351
3819 3672
606 4340
537 338
2057 1381
436 774
3149 3116
2737 2377
2578 4858
4939 2564
185 3903
1563 2254
3909 2021
3128 1466
71 641
1113 1395
3993 2015
4095 296
1828 2376
328 4663
3102 4041
3399 1107
1524 3060
4519 1973
4931 1191
562 21
1131 4711
812 4063
1580 3224
1731 1000
3795 4789
3867 1569
4101 2465
2295 2493
2763 2237
1952 409
2409 2860
613 4798
849 3800
4020 4552
2361 4609
4311 3028
3055 3803
3433 4134
3230 4762
4152 382
4709 656
4282 3753
4165 704
1512 4157
1346 4719
224 675
4739 2013
4808 627
95 1700
3111 2450
4114 2374
2346 4184
2204 1446
2511 528
1758 2017
2087 4978
1528 4328
2338 2275
2971 4132
1370 1677
441 1156
658 346
2427 2044
224 2919
4968 2336
3512 956
2318 4475
4653 3276
1075 3366
795 1652
840 74
501 2558
206 3020
4934 1912
413 1610
4463 3270
487 4149
1552 3904
1653 4998
2136 509
1883 4609
3445 736
2985 1462
3800 3317
44 3311
3188 1553
1132 3235
2391 4107
768 1234
599 4457
3338 3572
4246 1718
1481 1815
3971 4034
3956 4588
3163 4805
3576 2148
503 1164
4856 451
2042 1744
1325 1512
513 4314
1648 4527
2963 1568
488 3651
4270 1054
2899 1011
1644 4612
4686 2147
631 742
455 3611
1246 4076
412 1197
416 770
1123 389
3624 2112
2028 1346
3099 891
3022 2974
644 3316
511 644
3854 2378
2915 4409
4813 213
1035 3600
2497 1462
899 4730
4791 4589
4265 4586
2070 2597
1094 2534
1740 4254
3744 1739
3478 2278
1577 1591
1419 3388
787 4922
3448 2781
4708 4290
825 1365
4109 4072
4157 4504
2466 3521
3551 2622
3463 4007
1904 2411
1005 4387
1117 4012
3193 4167
2920 1015
3238 4446
836 1124
4524 2939
3243 271
2376 1528
1172 2327
1872 1462
2929 1090
3890 3859
190 487
3225 801
2875 2275
4461 3714
1755 4032
2722 337
2204 2469
2151 3164
388 1882
1482 2215
1105 800
230 4114
426 3555
599 4590
490 1912
2266 2509
3908 1698
4275 1799
4201 4486
3561 4669
1678 1122
978 1768
2186 4980
2126 564
2740 1957
2535 1041
3150 9
4065 3495
40 3510
2990 4668
1834 1765
134 4770
2484 1802
848 2932
159 527
3179 2620
440 1302
3637 3298
1138 3728
2712 3476
3183 2547
4538 2180
909 2260
3026 1005
3843 2733
562 4908
1435 3925
4067 2571
2835 2614
2067 1601
4799 2020
3123 2408
2361 121
170 3036
417 1179
3454 4660
512 1833
3811 1130
1488 2120
4090 2455
4897 1528
3745 4588
2732 4834
1598 2834
2443 444
4698 4902
752 3686
3786 1713
931 3441
2455 1883
990 4639
3962 2959
3866 3665
4064 895
621 3185
122 296
3022 2826
199 1581
3542 2173
2077 2400
2027 3515
4096 4446
2916 4821
2527 256
1299 4257
4605 4285
1580 3168
992 2651
2619 3055
4094 3641
4250 3782
1418 4482
4709 1363
3600 818
4006 1995
1677 592
4530 1036
424 2544
906 585
2471 1710
1913 194
3090 4731
1149 1927
2125 219
1810 1564
1965 2633
73 2754
397 2420
781 2154
4818 1593
1494 2240
645 1505
118 3982
571 2419
4765 46
2843 2020
4194 4524
2729 4293
1034 2076
1773 3746
241 2292
3125 3516
1725 4523
1883 4576
2904 4453
4488 68
1405 3457
3691 269
2923 139
3150 1602
4285 4182
4786 4243
43 4917
3487 343
1361 1196
4899 1766
4870 3077
2246 1952
4873 2433
1992 3906
883 1789
4798 481
1303 1315
443 508
2181 4050
3308 4853
3403 2299
2357 4261
3053 2101
88 409
1193 2166
604 399
3159 1572
4858 3606
3315 946
3111 3334
286 3852
1759 3203
269 1085
3281 2256
978 1842
1841 4143
3354 4092
1079 2365
2465 1558
3805 3749
272 2165
3782 2115
3335 888
3777 1181
2565 2067
2737 637
2820 2001
3178 777
585 8
868 1816
950 1717
2172 1561
770 3491
1966 3884
1811 2392
4855 234
3552 4378
3599 4042
830 1792
2741 2515
1862 1095
241 4889
3346 1711
2233 4634
2792 1832
1302 2777
4335 3653
4076 3974
38 3606
168 3277
4248 4392
1660 2248
4492 2575
4569 4099
590 553
4604 4118
3651 694
381 4860
563 1035
708 4860
3110 844
2742 1756
2955 3049
760 1583
1362 3799
620 4100
4771 4703
255 4672
1390 1682
2225 4396
3575 4240
565 2310
4185 3845
1164 106
4017 2403
866 2046
365 4682
3920 4220
4348 613
4878 739
4349 1537
2686 3817
1916 298
3887 2774
4007 2274
188 116
4068 961
128 1895
199 832
3959 3309
618 4755
3681 80
250 4510
696 2655
3809 3167
174 2828
3878 2781
433 3036
1213 4489
3570 4555
661 1171
476 4250
1776 3604
1386 3341
3209 341
2306 4694
1571 4786
3968 2224
876 1859
2021 3525
4053 3147
2055 3437
2590 1089
1959 2812
101 3926
1090 4202
4902 2844
3569 2796
2157 1844
650 1908
4159 4396
4799 3198
4077 3982
707 4185
1491 1530
320 669
4656 918
4909 2581
3242 3086
2571 1696
4212 3527
2620 540
1669 3313
2594 3004
1681 654
4413 2976
3500 2055
3567 1391
4660 2577
1249 2969
1563 3668
1906 4967
4669 2852
69 4519
1711 2212
3652 4529
2680 3373
2070 1038
4737 4244
1812 2333
459 2246
1179 1636
127 850
4118 1311
1501 3691
4360 79
4372 2305
3 978
1231 385
1196 2506
2364 3562
3649 4183
2443 3133
4733 2569
3834 4906
2989 229
1441 1510
590 1904
2345 3626
1924 1521
1120 4469
961 2156
2078 1711
4466 2462
4287 2451
588 963
1052 1320
3144 805
179 4156
3078 291
2351 4237
2680 253
894 111
4193 591
4809 3532
2582 4493
3305 3014
4153 2006
4700 2452
608 511
3528 772
4978 1541
1973 238
67 2007
2418 257
242 4016
2129 4868
3458 492
647 980
3875 2534
1923 2258
1780 4154
2594 3836
3751 3967
3849 3067
838 690
3285 4467
1276 3114
1226 3799
1781 2895
2180 4668
1177 3042
4301 1746
2086 1908
3524 148
1718 1390
3973 1787
2348 2146
3799 3511
113 862
3378 494
2677 4972
3756 3050
1633 1989
4935 376
4759 3433
3045 423
1101 635
2016 4629
3604 1221
919 3141
3851 3223
3549 2174
918 1162
2670 1032
3726 3980
2508 389
1531 1685
3362 2791
4142 4160
2624 3091
632 3097
106 3184
4312 4836
494 4108
4819 3654
555 2458
1422 4123
3882 3236
3292 4039
3288 928
2709 3134
997 4480
3187 4046
492 3740
59 2142
2424 4217
524 1985
468 677
3457 3054
1434 3010
3255 1306
2502 1926
1309 3570
139 2912
1350 4383
3480 3255
662 3000
1117 306
4779 1100
4046 3924
4367 2585
1974 4214
3022 1304
3298 1708
2348 1500
169 1522
3843 3396
4778 2124
4024 811
275 2330
1553 3428
2105 114
7 3675
613 776
2810 4455
4718 4378
2606 473
170 2500
3922 4763
4746 2078
4854 4086
2912 2921
2674 2933
165 458
467 4745
2586 1247
4936 1101
2521 2247
789 4834
2741 2787
3784 1083
631 3352
1784 4455
1055 852
3703 2405
1933 1233
158 2952
228 636
3801 4651
1709 896
4559 1639
3392 3917
928 4932
1299 811
4600 3098
965 2213
1735 2763
1798 3609
195 1747
1596 491
4265 1453
4072 205
743 4765
2687 493
3518 2311
2157 902
419 160
3012 771
4109 2282
1131 222
598 3958
1987 3163
924 2802
518 2866
3126 4054
1180 3941
1987 2059
3376 2417
1269 1724
4612 757
4246 2829
63 712
1329 1474
3527 553
1925 465
3748 1815
4790 2764
3142 3855
2215 538
2215 4421
2186 3678
2971 4121
3527 4014
4692 1302
599 2273
4355 259
793 2147
646 757
3813 1772
3414 4045
965 799
3482 592
671 2888
674 1104
649 4068
1054 449
2156 674
537 4352
2546 1039
677 4567
3107 742
4277 184
1367 84
699 1072
1470 2074
1994 2046
2290 11
3279 901
1383 1564
1549 1726
1882 4182
19 1689
1199 3146
4730 1414
2294 3917
3457 1378
2733 1711
4510 3260
1896 72
3740 2576
2546 1930
4001 1209
747 3662
4314 1275
3415 4367
4991 2153
1314 4388
4089 4036
4972 4358
678 3712
4082 1684
358 4860
4848 3836
2099 4948
4848 3376
1016 2162
1945 435
4035 3950
4981 4661
3642 2842
843 4435
4976 1642
2596 130
1742 2471
3139 2837
2746 4876
2543 1010
3448 4649
2306 303
4777 4264
4234 4702
3150 509
2676 3653
1555 3028
2645 2053
4795 2272
4947 3020
1780 1777
4993 1929
1953 3510
4115 1550
265 327
2875 2018
4221 2124
2038 1367
437 4446
1383 3702
4875 617
737 2515
3690 966
3527 2871
178 4257
1398 1302
3348 2218
2202 2090
4731 2707
3360 767
2092 1877
95 1709
636 4942
3077 2430
4510 2474
3449 3525
1047 3036
1011 2615
4145 537
308 4118
3238 244
4061 1743
632 2922
2472 2987
3120 850
2028 96
2145 1019
3869 4550
4530 2926
4917 2098
2992 3207
2244 3058
1753 3664
3236 459
2855 4973
2788 334
2703 4111
569 4931
2992 4597
3492 4890
1028 1669
1488 2815
2039 1148
1112 4335
4120 3926
4568 194
4160 3355
3501 218
573 2172
2751 734
3284 1807
885 2413
4183 3061
4469 1547
1590 1350
4738 1665
3020 4467
4481 4075
380 3888
2695 1954
4664 3198
97 1041
1080 4214
2260 4021
4377 4860
2957 1218
792 971
514 340
414 1200
1049 1935
3382 932
3943 1134
151 3835
1550 2085
1329 4167
4288 3592
1164 1949
1666 4270
590 2244
3851 3873
3270 2732
2704 2049
1488 731
2710 228
1735 923
2260 1217
2440 725
3778 553
438 1506
782 1916
1623 93
334 2580
4843 1018
3264 890
1847 968
2160 3447
1101 879
2413 4534
1657 1690
1986 2710
3013 1100
3746 3136
2493 4217
2321 3555
1787 4216
4415 3255
1981 4115
2723 1895
2727 636
3429 2692
2369 581
3076 3417
1425 2997
2059 319
251 3333
3237 4146
3613 215
1257 651
168 1697
2349 3668
3363 1810
2280 2838
2796 3373
962 3535
4372 631
4055 743
3704 4626
3082 3192
2606 4211
741 4920
840 1557
3862 3947
1394 2045
1022 1496
2196 919
4191 3667
4554 3557
773 4879
1539 3464
1521 117
3016 1512
1511 3217
2929 3638
871 3716
1971 865
2177 2781
1008 4612
1305 150
4707 1621
1955 4062
811 2649
1122 3159
551 2092
556 35
3994 632
299 4194
4769 2697
1933 2539
569 3392
4422 718
2202 2858
2578 1583
3638 1570
2555 3578
4710 869
580 1362
1108 2757
4090 4047
3588 4636
1600 2315
192 887
3751 4913
4495 1321
197 2830
2638 3734
1885 4684
1455 3642
4216 2468
4295 2122
2098 4104
3193 4464
3381 2220
1569 3059
4942 834
1262 407
4213 4905
1897 1499
2501 1548
2332 2429
1422 2991
3767 3269
2051 2390
2714 379
3848 3898
4742 4507
359 252
1921 2210
464 2605
3103 2134
3730 4691
4461 1009
2281 997
2355 292
4867 3242
625 325
4795 4530
4555 1243
612 3015
3358 1168
2973 78
1770 3099
4605 2684
238 426
3609 1792
2399 3312
594 4120
3491 3800
2637 130
3016 1293
897 1910
750 850
4845 3194
