140 2025 30
2183 681 5
851 2285 28
1558 2584 4
3986 4659 14
2945 1646 14
3288 3504 27
2038 2126 21
1310 2277 20
2302 1011 8
2272 416 4
3212 2846 18
2128 4427 10
433 436 9
2905 168 20
374 225 1
836 4370 19
1197 3069 1
2542 4852 5
2218 1168 2
852 4407 1
2678 4344 3
2547 2173 12
2949 597 13
134 3077 13
1087 2525 17
2051 3155 5
1502 2372 3
914 2765 30
2532 3632 10
1898 2447 24
2814 1661 8
2495 2108 22
672 1055 4
3404 2250 3
2755 4029 22
2584 1832 30
1514 1496 6
4416 2359 7
3496 2303 5
4431 3509 29
1197 4041 26
1621 2695 26
4456 3144 16
60 2009 19
3027 130 13
4371 243 21
2630 3485 23
791 847 23
1161 3667 11
927 12 26
410 2360 9
1935 4918 16
1422 2023 5
4347 3193 1
694 4065 21
2044 4145 6
3337 522 29
4795 3626 13
1608 2152 30
3958 3140 13
4448 2275 1
4391 2671 30
1744 3825 1
1659 2363 11
93 476 3
3717 1201 23
777 3346 26
74 4702 1
3602 3585 11
3441 156 12
398 642 25
867 4635 2
4918 3615 9
520 3660 13
1317 1604 2
4753 1408 28
241 3343 29
2389 4189 23
1056 960 12
1378 3051 26
750 3397 20
705 2137 19
3302 3737 30
1229 2249 26
368 1364 7
962 1078 30
3300 1961 13
3090 1846 28
3930 1038 18
3572 4214 8
711 3475 26
2874 850 16
4374 4926 26
1046 26 28
4772 907 19
1877 54 4
1416 3862 6
195 3059 8
1329 2033 6
2401 883 25
3896 616 5
473 4999 18
2471 61 5
4619 4375 1
2733 2466 3
1778 855 10
1920 2467 10
4490 1776 4
4581 1565 4
2260 1094 17
562 3461 19
4234 786 18
4341 1369 20
3285 2871 5
3405 3229 11
713 1820 17
4818 1228 29
1706 225 18
3197 382 5
4594 3514 27
3936 2232 18
440 1756 4
1176 1326 17
2152 4480 26
3586 4428 21
4787 1440 7
3749 1098 6
3016 3266 26
3818 3257 16
654 811 15
4217 469 1
1488 382 9
368 3921 26
1393 2534 12
896 3210 30
2255 4866 4
2688 3327 15
3183 311 5
546 2271 16
505 2032 7
3991 702
2526 3093
2560 818
119 4558
2382 242
631 487
4944 2632
382 3737
3966 772
2324 1353
3541 2221
115 1933
3656 3856
1463 4701
4037 2479
4649 2260
2191 1753
1863 2404
4393 2107
619 1035
435 3990
4934 4637
3588 1113
677 3242
3863 4792
1702 3928
3694 4446
1451 1619
94 4061
3502 3124
873 3331
1499 3779
3291 4708
4364 1707
4739 2066
4524 1900
865 3647
969 2682
1118 641
498 2897
1553 526
4460 2581
1806 2996
3615 1302
3063 4666
2147 4090
207 427
41 2536
95 4395
3256 2247
4559 3221
2054 4261
4580 2030
4358 3475
3423 601
4204 317
949 2260
3800 1432
3615 2500
4145 1101
3419 4886
1213 938
2058 2100
2797 2654
1250 4254
1015 238
2282 1010
134 1857
1941 1683
1551 4247
1373 3822
2035 2788
607 1394
3325 3283
931 4914
2236 370
4103 2581
2717 4013
578 1083
3873 4791
2498 915
4921 1076
4668 3947
1698 647
4314 3937
2855 399
922 1427
703 1925
4986 3043
2071 3870
4943 591
1541 535
4684 3101
1197 4554
3157 1393
4455 3168
2653 4030
2803 2700
696 3425
197 3963
3314 2880
1088 4984
4226 2617
3800 1309
1160 828
3620 2252
1256 2255
460 4182
90 4933
734 3921
3535 4929
1002 1632
2844 1122
1579 26
1304 1963
182 2220
2797 1972
2081 1870
4399 1529
2998 3368
185 2638
2465 12
4310 330
1587 4951
2196 2280
643 165
665 2971
2894 1548
2410 1342
1272 222
2066 4044
1037 4598
2326 3846
1197 798
3488 3680
3625 2050
1388 2164
1619 190
4308 536
2694 4201
4594 2300
3934 3675
4839 3333
85 4676
1858 3836
2998 3277
4779 2880
909 141
2455 2144
143 3063
2035 4726
891 290
3304 1864
2153 2891
1287 3294
4806 1335
2054 1897
2261 2457
2015 176
3703 3397
3821 3056
842 2471
3332 227
1949 2147
4761 2521
598 1549
3234 523
1574 1445
4005 1432
2950 4965
1541 4593
1758 3810
461 2159
1784 516
2246 3808
4306 4012
4674 675
4659 2910
4935 409
4473 2868
3704 566
3144 2147
470 2451
3812 2317
2556 1219
3940 4720
893 4712
1504 4418
3716 2601
275 4156
1142 4536
3531 2761
191 628
2382 1550
3720 4359
285 99
3292 3821
2833 4030
3923 2745
3242 673
2692 4908
3005 3085
1614 1812
2666 4956
1288 4714
335 1657
3506 1585
693 2783
3760 4273
2086 3817
916 164
4617 2660
4360 364
4269 1870
1203 2323
3830 2088
2422 794
2852 387
579 1926
3846 3333
4886 3460
1312 865
628 1636
2847 4386
4287 4186
1182 1775
1142 4744
3134 460
848 1821
441 1688
3316 668
80 2466
230 3889
1740 1774
1015 4692
2298 4608
281 604
2565 4841
4481 35
3243 2897
4481 2456
2760 418
1312 2315
3669 2213
1945 189
2660 460
3650 4907
2557 2596
2932 2775
1414 2472
2375 1728
4265 3369
2187 2573
3806 584
432 1150
4640 1629
4002 359
2313 3689
4145 3825
152 4313
1260 338
340 855
664 2394
3541 4466
2205 4578
959 2231
122 4162
211 4724
4968 3843
2800 3557
2132 3705
4235 4164
1673 247
2798 3106
852 3952
2405 1826
2395 305
2425 2028
3355 1663
2315 4006
2326 2267
2572 2852
2879 4367
4952 537
2687 4472
1209 3260
3158 3969
1042 4953
4478 3082
2288 3651
969 1146
4195 2624
1182 3788
2702 3418
2051 642
3522 4090
313 3906
3597 4320
4662 4163
1325 1901
4157 4297
3918 1232
3359 162
4220 2756
4781 4561
2593 1013
2116 3671
3944 2412
3935 1623
4815 1731
3871 1603
2990 4420
4394 834
4801 4650
3235 2218
1971 3568
3807 4542
3227 3605
3888 3755
1816 1929
907 3579
2078 3680
101 2618
4776 103
2501 4732
1780 3222
2352 2799
4018 2674
4264 3548
2611 3262
745 3589
611 2854
391 4979
4214 1951
633 2379
2458 1993
4059 604
4178 4127
4833 3634
707 2492
830 1421
2846 1265
1004 773
2476 1321
2363 591
3913 129
777 4084
2035 905
3854 31
4407 3937
849 1979
1449 2275
3117 1641
4676 4223
4645 3874
517 2947
3719 4757
1687 1465
3777 1027
4851 4937
2977 3226
2918 369
971 4408
4181 2423
4569 2478
3497 2050
3013 2841
4046 1008
3496 264
1001 1392
1993 4365
3187 2925
3860 4153
2994 993
1578 795
4122 2534
2851 1700
4052 2945
4112 2413
1024 2061
1977 4334
3167 1799
2864 3468
4930 4026
1837 2507
3861 3873
562 3844
1818 3568
991 3708
258 2557
2733 1157
2747 3916
4775 3793
206 1058
2479 2129
228 1646
4021 3261
4607 2370
3194 1773
342 1248
174 2697
2189 918
4837 2216
4041 1567
54 400
1279 4148
594 2708
2586 3384
3286 4301
4835 3808
4109 2269
2808 618
3927 4879
351 648
1595 3055
3320 1655
1877 1931
2224 2042
4282 3078
4603 2086
2279 4941
4473 2791
4966 3115
4812 3757
1304 2599
193 3021
3445 1360
2251 4971
1449 2357
4461 950
131 1667
2079 3835
1623 3614
3559 1865
3007 2978
2256 3493
868 3105
4052 434
1490 991
2960 3436
1076 4092
1517 3204
3760 1980
4496 1634
4353 4476
1013 653
4173 2805
2866 3526
4056 4618
602 4740
4913 3554
1740 4550
1353 2645
2061 4121
4618 4940
500 3388
3859 1626
46 3436
4835 847
4388 152
4116 287
2331 2731
2028 3935
935 3414
4831 4980
2664 4098
1404 24
4953 4523
3782 842
734 4088
817 577
2005 3750
4445 2412
4746 3608
1046 2079
4111 3116
4209 3575
133 1513
347 4264
2742 1965
2625 4355
4888 1960
1093 3861
436 3191
4121 2233
138 3172
1382 2668
3907 1990
4451 4670
4827 3437
1825 4100
3850 2578
2162 3117
696 2338
87 1323
426 3700
513 4708
866 1778
4132 2834
4171 2311
1108 4175
2154 2119
1127 634
80 3282
2881 1837
2262 4790
2414 4121
4782 81
2420 1573
4940 3103
1209 659
3641 4687
4976 3879
4373 4218
50 3267
4677 1315
945 4510
4370 1438
2685 1712
169 3313
2923 202
2766 970
2773 4095
3023 4458
856 1613
3922 2135
2195 4196
4340 2984
3186 1235
556 3493
1798 3817
4833 3672
2241 995
4305 2556
4870 3695
1459 1260
93 3044
1875 2163
2687 2925
1534 1849
1376 3771
4394 1501
603 2540
3823 89
3259 514
3329 4096
3532 4502
2199 1283
2721 174
2014 134
542 1477
4170 4695
308 3922
2715 1450
2125 1667
1384 2261
1633 992
2639 1833
2177 1667
3252 3158
4913 4083
2988 3130
2898 88
2933 2100
2792 2137
558 2583
1299 4275
3042 4631
1008 1261
1681 1692
3077 993
83 4011
3302 3153
2167 3360
3070 3370
3048 161
4205 2863
4689 3057
1708 1986
999 2758
3473 988
1895 3278
258 2692
642 3964
344 4467
1187 2803
4515 741
490 1366
559 4611
498 4213
2649 4437
3143 1448
3968 2418
3994 2322
3600 2511
2343 4824
2008 3760
4654 3346
4661 4773
508 461
3489 4204
3061 851
2937 3092
1280 3989
3577 4803
1000 720
1510 1512
4444 425
4513 705
12 4444
1981 4569
4872 899
855 2700
3990 559
3017 833
2933 1369
3756 4781
2786 1102
2170 3402
4393 1931
2313 1034
980 3132
2108 2612
1156 4877
4797 4075
393 2834
3199 3554
2429 4534
538 2994
2181 3715
1131 2960
2737 1374
2644 957
1295 3723
3001 3173
3685 290
1197 3672
4464 4345
3831 3397
4192 3976
1409 4180
4945 265
2448 1034
4281 1483
3511 796
4053 3696
6 2529
107 1533
3827 4420
1044 598
1713 4620
4 4331
1801 545
4738 1804
3943 580
1501 1866
4855 748
1268 802
107 77
92 4039
1745 3976
4800 4848
1687 3038
2149 2884
1328 4587
2874 1650
1535 831
1947 3310
3640 1345
325 2878
137 1006
3486 1195
3885 4243
780 346
2287 3252
642 2653
4800 474
4163 2963
297 4230
4986 300
1539 2507
4408 4436
846 4502
1779 4447
1096 528
1904 314
2602 4168
1341 4007
159 2596
335 3450
2867 1330
3598 2717
4181 1060
1116 1838
1229 3992
4828 1317
1156 1282
599 3500
2342 1657
2849 2861
1974 1767
265 1395
4700 2416
3586 2561
58 1475
3229 2448
245 2850
1370 3303
1458 3704
3487 3161
4104 1624
4932 145
12 2313
3593 4007
4410 4002
3454 4271
3809 3524
2835 153
2458 4134
3133 1170
2121 2906
3979 3340
368 102
936 368
4706 3965
2053 966
4059 3584
4766 763
1114 4473
2936 4532
1853 680
2426 4342
3015 3531
4604 2657
130 1607
2474 4286
3677 2806
3358 1976
2672 4263
650 4220
1187 1933
4535 42
2347 156
1517 1329
4830 4052
4076 3611
2619 944
1292 1178
3987 380
1141 4607
4170 1979
2919 3778
48 2792
325 2728
345 1380
1874 4162
4094 2317
1261 2424
1952 1840
3741 1966
1770 3076
2883 3124
1360 1991
2533 3202
4888 3208
2570 4640
1822 3646
1156 4501
3963 1007
4924 3441
3350 3883
2358 1428
302 4718
369 4889
3221 406
2781 3830
4638 3053
2896 915
3836 552
2327 3143
1161 3993
2976 2794
3004 3350
371 1493
1973 2092
2244 2633
1893 349
630 123
1977 85
428 4095
1823 4851
2785 2985
34 1367
3601 2500
4818 1077
1738 2035
1786 2537
3695 141
4369 4962
1582 4350
2903 2461
626 1984
1266 4261
109 3038
1291 4587
4041 1229
1484 4935
3003 851
3069 3894
346 764
658 3735
2139 317
2415 4723
1575 2964
2636 2685
2 2822
4675 1855
3832 2603
489 1205
3710 1427
504 983
4721 2501
4093 3764
966 4179
2413 2149
3465 1473
3911 304
507 4871
80 1113
4844 756
2677 1679
427 1753
164 1672
4027 714
4082 2190
4718 3332
1867 4177
297 4239
3151 1862
282 1856
2594 1780
1478 4581
4522 826
3097 938
512 2622
1195 2467
996 3990
2308 4309
3205 3449
3135 2244
3644 1701
4864 4125
228 2486
3807 456
105 2509
1927 663
1374 4299
4902 2069
3862 93
2571 1589
409 1547
3434 3004
1369 2140
3754 1129
4032 1137
814 4919
559 3955
2025 705
3595 203
1488 3921
1880 3365
4084 2217
4539 1223
2336 4830
2169 273
1602 3987
4754 4217
3363 2086
4395 1447
1102 3583
4831 121
387 3698
3989 3923
2698 2278
2350 543
1308 1631
681 2714
1350 1550
814 3918
2390 4315
311 3661
2700 3050
3756 629
2025 1552
4821 1752
235 3556
2159 3014
2860 4919
397 1568
2702 3083
2898 4202
1574 3126
2253 2676
568 4588
3919 4267
4774 3788
2192 1135
3189 2483
4706 2797
2607 4298
481 1872
3442 2411
4643 4922
718 3997
64 2836
628 4074
1082 3673
4289 4151
1289 2596
3938 2745
4827 2520
2257 3961
2437 2752
2779 4648
1623 1960
1091 1274
4920 3974
501 1339
1343 4074
1993 751
3562 13
4003 1880
144 2108
4218 230
266 2574
2064 2183
1733 2935
1162 441
3362 1626
4936 4305
2006 4985
2715 2609
4062 2480
1505 1427
1425 3473
2364 3415
4297 3258
4141 4587
4885 861
4687 2730
2288 1092
1145 3626
1665 2392
3524 1029
1497 2943
776 4787
1248 1275
2734 4644
2439 3710
650 3044
3569 3917
3606 2713
863 2430
3438 2945
725 2396
2022 374
1285 922
4396 3231
2193 1670
2187 30
3002 4833
461 2269
127 1136
1464 4872
4888 2457
4761 4076
3005 4832
1584 3279
249 1218
46 1059
1612 4573
4300 4106
2666 4553
2751 4903
2781 2826
1542 2873
3198 299
2166 1582
2782 4940
210 392
1325 1042
867 3149
4168 1110
3618 2307
216 3985
862 4656
3923 2682
3901 825
978 1131
4287 4534
1500 2440
4619 3571
900 115
2370 876
3520 1550
3598 4334
4139 2735
505 1602
4700 1872
1775 3708
494 3080
2024 3006
1952 305
1352 2158
4037 3281
3361 4490
3368 3272
3900 2069
4547 1586
2401 1522
4429 3875
1076 4373
1970 2190
244 2399
607 2821
1112 3985
1305 4128
812 3415
1131 2925
4517 3773
1361 2728
54 1924
2327 3671
2434 2062
972 1562
156 1843
4901 1626
192 2593
2005 526
3569 4843
3832 3416
2024 4742
2265 1050
405 3569
4165 1598
2325 2260
2665 4873
4213 1802
3303 2396
2623 4842
3738 1136
2416 2969
4369 3467
3371 3784
1443 3619
1346 4048
1848 308
4158 1314
2237 2531
2104 1376
4358 3986
3649 2678
394 4668
3275 762
1318 2904
4564 60
87 442
2605 1991
3502 3043
1007 738
2441 2520
131 559
2469 2601
1068 2815
2652 4404
2546 2101
3309 1066
532 4824
2775 2805
3181 1437
3043 1081
4915 2669
4763 3055
4005 3147
174 225
4500 33
1862 830
1315 3670
3416 859
4362 715
4725 1595
3103 4129
700 4907
2947 685
3508 226
1714 4177
3029 1673
40 4598
2197 1521
4042 3343
1837 2197
132 281
3613 4304
4158 2795
3249 3398
2627 560
554 3806
2841 1109
4355 1153
489 1484
2545 2758
2577 2824
1145 3957
4069 137
2333 4222
4011 3953
2354 3897
1668 4569
4125 772
2501 4304
1023 2207
2155 3957
95 4740
2621 3816
4856 4088
2435 106
1415 1591
2233 1435
3733 517
4117 953
362 2824
4775 1868
590 2629
1018 801
4608 921
2294 2728
2755 4813
2574 4031
944 3656
3074 901
1791 4282
3869 4449
4683 3431
452 2326
3102 887
1598 767
514 516
3480 907
3718 968
2317 2258
4172 2227
4564 1723
3689 1772
100 3506
661 457
1568 236
4403 3427
3779 2320
2097 4011
4461 4268
1725 2547
413 3557
311 2287
70 4570
2471 2723
2992 4751
4024 3519
2422 3430
443 4431
4298 4312
3495 3109
1514 553
4068 3960
1951 1480
289 2217
1750 637
4742 3961
1712 3566
209 2094
4103 3344
2887 3812
3515 2908
2201 1494
4202 1599
3149 1145
3983 74
4873 2312
2400 3803
4341 793
2385 3371
3964 3808
2599 4446
187 3558
4972 2540
2282 525
511 4087
855 3643
3997 1110
1708 1349
1085 3126
4018 3536
2977 227
820 1264
4107 534
518 2078
3393 4595
3078 863
2608 503
2810 3529
2441 1496
3739 3220
1366 2159
3158 3164
429 2936
916 2351
2665 4558
3427 4740
1625 1182
1964 535
3811 4480
1045 618
896 2546
97 1655
3740 1302
2132 3117
1134 3124
3866 4370
4897 3377
4542 4681
174 3346
3785 1076
1085 38
4596 659
2916 575
2152 4757
11 4248
3800 4295
1161 3948
2550 874
3350 4623
2235 3066
4674 665
4156 1624
4306 507
4295 2817
4700 2950
1539 2818
4265 1711
2803 4631
3349 1749
4075 3090
4119 1716
3072 1250
389 616
4796 4541
517 4798
2270 1094
3339 1714
1440 518
4921 1416
2379 4702
2533 1895
4959 3962
1402 4549
509 1487
3260 4497
286 3668
2003 464
4028 1392
3208 4021
2309 1710
3424 2534
4397 3523
164 4979
2540 1643
3115 4632
2345 3548
152 233
4180 1779
794 4779
2590 4524
2604 3794
4847 4406
4285 1234
4634 3530
4233 2390
1574 1562
2615 585
2396 9
4363 999
752 2947
2179 2440
4394 4994
3091 3951
4941 3311
488 1551
1763 3964
1315 1912
992 3048
4966 837
75 4140
2907 179
4159 1703
1694 3535
983 2421
3160 2055
1313 3295
3718 1018
2838 2391
1204 4962
1189 3880
1952 1759
2464 1264
4786 2522
4415 4440
474 459
2248 4904
1513 1480
3823 3122
395 1125
1901 3788
3417 4463
4662 2912
4921 1463
4331 3475
323 2338
1183 3976
1614 688
3453 4459
622 3116
2585 55
365 3963
484 2850
3937 2013
4142 1797
3140 647
4539 2314
3776 2566
2117 1103
1381 3332
3569 4543
1099 808
2509 4383
3418 3433
1153 3546
446 190
242 4336
1527 3941
4390 1307
83 4196
4334 420
2574 3605
1639 3395
3934 617
957 2334
1649 4246
4438 4962
2061 146
563 311
3565 3150
1662 2547
4145 2755
631 780
2905 2459
3505 2680
435 1286
1789 2293
4762 2840
3691 857
4598 200
1414 623
3445 4916
1038 1074
426 4338
4449 2274
4570 373
2548 2373
4437 954
2222 244
1076 452
2059 1257
4409 2096
1255 1259
312 3889
4067 3066
4227 2814
4411 2109
1679 194
516 4929
4138 2799
4173 15
2819 2349
1147 1703
601 3868
14 2123
3064 360
4119 995
1003 805
3547 905
4361 3306
1260 1416
2411 2722
1727 1654
173 2798
35 2054
3055 3218
4139 4448
3217 4956
2654 474
1604 3744
2621 1492
4736 330
1869 2193
4752 2800
1087 861
4940 3968
1475 745
4727 4351
743 3990
3802 2692
2572 3879
1521 759
2293 838
3642 3522
1362 4574
310 2280
859 4351
4174 2552
352 1428
104 2890
3840 3518
3248 2750
3436 3469
4796 3315
785 2
3876 2852
1339 1132
1542 2004
1985 723
4869 2129
2267 2987
2100 2289
4277 1564
1963 4605
842 1115
4268 1762
224 3644
3145 4520
721 1048
4293 1814
2357 1744
3584 2763
4467 3552
994 780
1697 542
4688 424
4697 4612
3737 3846
368 703
4708 61
4551 3238
4135 4677
3359 4414
4631 639
1353 1039
1610 610
2264 3870
2399 2210
11 1237
1522 689
1007 2764
1173 3458
700 3601
3342 2157
1095 4457
4580 3769
2966 2593
4289 4912
904 1469
4529 4090
4948 4118
597 2611
733 3477
3606 1071
1121 1977
183 2403
2876 1760
4175 2914
4395 3743
2700 1422
2074 3063
4541 4486
758 1189
392 1483
3418 1520
818 3796
4695 4310
4306 4151
3472 4863
541 2602
4434 1726
3472 4754
4627 975
4032 4980
3497 2098
3165 4646
3798 771
966 2901
4442 4029
456 2520
4775 2343
737 4202
3310 1424
1578 3356
4446 4704
1027 4260
3188 298
356 1664
3047 4765
1442 3463
4044 4396
271 1860
4923 95
2096 4038
272 1624
983 4331
657 2431
885 1294
1184 2549
3835 1509
443 221
2737 4706
2115 2359
4901 1294
2555 4340
2724 3129
491 164
1027 2917
634 4911
2807 340
3833 2092
270 1884
2348 2103
3964 510
1682 3228
335 1096
2023 1856
666 6
1151 451
197 3760
1117 151
3557 2964
1546 1587
393 1766
3224 1914
2428 4707
1622 412
558 351
754 2581
1256 4099
3085 1740
2708 1903
4571 4954
146 3041
3310 2115
2485 2556
1373 957
1204 2292
3926 4413
2523 1162
1080 2971
4176 3542
1516 2766
1246 2709
3742 1483
161 2357
3560 4302
2518 1891
3764 988
120 3197
4344 1206
3915 2922
4718 1940
434 4268
2233 633
295 4921
1722 2473
3507 1114
3056 4883
1377 2196
765 2631
2535 2436
3009 2319
955 4357
2732 4713
1383 3184
4619 4409
2585 1219
2142 1178
2286 1638
1247 1712
1561 1782
2835 1343
4490 4276
2825 3719
375 3061
32 1000
1088 1443
2996 977
2864 4522
3785 2980
3472 4637
1805 4031
4877 1898
1283 7
538 2934
38 4171
816 4124
1467 2423
201 1251
3651 560
3966 1759
4869 4179
3261 2728
4805 479
2985 2587
425 4637
1028 3620
223 1463
1135 1283
3808 1895
4651 4945
1604 249
1335 1991
1825 4074
2680 180
3174 4369
2290 1914
1552 1764
4421 1931
1060 4770
4962 3793
3251 4914
1722 2049
2835 4928
1700 710
1595 1188
2946 3567
2649 2189
796 2467
207 4830
1959 3869
3883 4773
709 3551
3621 2525
4697 3055
2718 1424
3938 2421
1772 3544
3908 4732
490 1920
603 2872
268 591
1696 4856
4552 4390
4750 1811
1713 979
826 2271
495 3224
669 1352
2990 999
4155 3722
209 769
2697 249
3964 9
3443 3759
1787 2356
3139 1185
1016 3929
3654 3113
2820 3826
1621 4912
969 1510
2268 1800
2287 850
1096 3
2133 1142
1989 3888
2628 296
803 422
2277 2606
4559 2303
1613 897
2915 2354
2036 2283
3736 4481
3678 3507
981 4493
2081 431
757 3030
1860 1887
2245 1150
4727 2701
3908 4202
4414 2141
3028 2267
4984 4678
4594 2484
2940 4605
3991 3609
4957 4332
4369 1802
2090 2489
4809 1622
341 4695
4672 4350
1210 2240
2699 293
4921 2389
1664 1400
4779 4045
2974 2787
2782 4641
1099 589
359 4358
4387 18
4913 3151
1738 4593
812 4464
1044 425
2071 4308
2927 4508
4813 1813
3646 4565
2911 4824
4478 3421
1308 3329
3565 1841
2848 4942
2710 4048
2074 528
4051 2884
1421 2984
4631 682
3825 3474
351 2719
3388 3694
4678 3500
4725 25
4126 300
3311 703
2172 1337
2224 1296
396 1379
2679 1713
442 4904
1318 3096
4398 714
2735 3964
3008 1346
3243 2440
2446 85
4267 1675
4530 2582
1898 4390
4087 4719
3536 183
3942 349
1217 2757
4281 3721
1947 899
3273 110
2770 2921
4406 4262
1857 937
1499 3972
280 1368
3399 155
4214 4255
808 2228
1494 653
4525 148
4854 2793
183 1260
1788 597
4920 124
61 2799
4365 4500
4207 1144
4022 3941
4985 4420
2845 3828
3452 3237
3752 1905
1489 944
4482 2712
1457 3602
4262 63
1709 3682
2946 1043
3517 2689
2203 1663
1904 1966
2957 4999
2534 3222
2365 2808
2604 1339
127 1364
2678 4987
242 3436
2217 4699
2853 2192
4228 400
936 3742
777 1110
2140 2540
1135 561
1381 1686
2058 3345
1640 7
3013 3040
4291 627
677 1398
4114 489
2291 603
2865 2932
236 4081
379 1108
106 4564
3554 1471
2645 1054
3280 4633
168 167
2458 4632
2325 344
2442 3750
1216 3491
3257 3677
43 1561
2924 1420
1473 1497
943 4259
1920 242
1375 4735
3948 1280
2194 4703
1619 1451
2204 1477
2679 4423
416 461
4858 2250
1376 4406
1171 2930
2293 1394
1456 4664
2201 199
3171 2720
1842 3288
1545 4875
2522 3905
4537 2582
3679 4122
126 1053
1825 739
280 135
1459 3799
651 2658
3849 4430
1267 2230
482 2564
2808 1211
1740 4879
4687 2319
3529 4287
1526 981
2548 779
3307 3175
661 213
2308 3159
494 4214
1485 4331
4844 3772
1956 2299
2912 3362
768 1108
1920 935
418 4252
2942 1681
672 2502
1942 2067
3951 428
523 3193
2838 4617
3380 665
1556 4279
4200 4326
3754 4459
4798 371
85 3973
4657 2543
222 1148
1442 4767
4577 3200
3462 203
2209 219
1933 3414
3793 3366
3940 2229
1292 2282
3071 3130
4536 1376
4251 1502
1682 1496
291 371
1199 2043
1151 2800
1272 2698
2586 3164
2936 1244
195 4720
270 4251
4518 2170
331 3471
642 4980
3345 3747
563 35
2459 2221
2348 2471
564 2034
727 2003
1528 1829
684 269
3488 3426
1497 1468
2985 419
2986 2261
2627 4223
3950 3801
2785 4939
910 3743
515 3672
2638 3764
1860 1477
4724 3473
1072 4416
1527 1349
1205 2999
1894 2468
4633 1149
2915 1661
156 1444
1376 4724
1936 2928
1794 1098
4840 587
3259 593
3463 2198
1876 201
3388 4254
2468 1852
4632 4203
1854 1100
4779 238
4145 4907
1520 153
4520 2305
1858 4504
3245 3113
1901 699
2153 4147
3190 3368
4813 1816
953 3841
4083 881
1200 2293
965 1712
3588 4096
3172 378
616 2867
3522 132
837 584
1961 1653
4659 2420
1718 2565
167 2136
3600 3960
848 539
2642 850
3103 4478
663 3053
1955 694
472 4295
3041 1801
4343 3187
3461 4092
599 640
4243 1514
1562 3010
1389 3802
3003 1186
246 4434
1012 1689
4018 2039
2544 3695
4502 1959
4083 4840
2043 3059
3697 3696
702 2064
1602 4573
2191 1712
404 14
4815 3152
2062 2103
3863 224
1538 972
4248 3763
1712 4032
1163 3249
3281 831
2172 1595
3759 2237
4658 4602
4024 2190
4998 3626
