130 274 5
508 664 4
995 167 2
942 252 5
906 361 3
225 451 3
754 87 4
387 828 4
269 647 2
484 901 2
329 630 2
998 831 4
408 200 5
328 429 2
389 12 5
648 99 2
836 892 2
7 453 4
946 192 2
198 246 4
475 867 5
275 918 5
708 605 4
31 9 1
435 24 3
376 826 1
712 466 5
482 554 1
384 378 4
15 183 4
576 523 2
91 306 4
324 199 3
853 896 3
888 420 1
565 609 4
625 461 3
827 938 3
528 680 4
631 796 4
385 489 1
721 866 4
504 168 3
573 230 3
652 737 2
408 862 3
346 470 5
66 465 4
621 315 2
362 642 1
378 190 1
3 79 4
583 741 5
930 557 5
928 726 2
694 1000 3
103 445 2
873 369 4
163 782 3
808 264 3
606 425 1
700 350 5
970 648 3
845 145 4
825 192 1
941 257 4
376 370 1
996 532 2
897 33 1
371 444 2
349 84 3
245 912 2
46 641 2
741 392 3
530 768 5
599 381 2
76 754 5
405 623 4
258 393 5
738 165 5
262 484 3
23 334 5
554 365 1
135 118 1
368 326 3
872 954 4
382 889 1
6 843 1
87 560 3
724 889 5
384 304 4
741 889 5
72 733 1
940 216 2
847 332 3
626 730 5
657 890 5
866 401 3
143 398 3
749 274 1
517 568 2
293 172 5
782 521 4
310 785 5
570 400 4
224 366 4
62 972 1
353 253 5
366 859 4
763 55 1
488 820 3
455 473 5
629 681 1
657 852 1
400 659 5
439 654 3
623 710 4
971 428 3
811 854 2
245 363 5
782 988 2
57 578 5
215 337 3
479 337 1
257 375 5
218 676 5
632 699 3
738 247 3
839 66 4
165 280 4
740 283 4
340 934
325 182
282 261
223 353
699 63
719 195
418 316
828 94
122 792
842 152
280 326
972 226
391 111
175 273
232 165
290 834
248 909
837 896
194 336
927 340
329 87
136 648
661 65
138 209
903 909
942 54
504 702
959 394
602 968
373 116
658 254
856 767
157 836
574 734
920 386
706 253
289 800
922 967
789 261
325 93
104 295
176 968
151 721
897 450
226 22
40 867
401 833
210 654
476 270
584 972
235 782
6 544
452 246
822 456
266 819
104 170
772 107
671 225
385 293
577 151
899 129
61 360
951 742
903 933
386 415
586 448
942 244
186 721
272 426
551 782
963 373
294 186
918 142
282 448
205 10
630 570
57 372
260 164
223 979
654 756
278 650
795 476
697 66
963 862
199 132
728 991
690 40
929 641
58 344
806 34
302 256
218 803
326 383
587 132
85 591
652 973
786 24
698 944
471 267
458 471
841 105
975 788
815 61
309 462
435 176
721 489
385 670
427 709
656 318
130 102
789 192
515 308
936 590
611 922
166 411
345 774
900 674
969 887
893 849
887 753
443 111
423 140
597 946
801 730
275 362
124 92
806 970
339 826
769 543
643 219
337 560
677 51
787 627
758 670
565 898
757 452
689 564
569 168
861 707
649 989
483 405
889 903
911 19
695 458
329 63
822 785
123 131
666 813
197 328
66 491
310 469
781 828
631 87
791 455
743 927
997 508
370 885
253 120
630 42
737 281
470 364
215 84
88 518
611 539
591 309
729 742
264 333
862 547
49 143
59 401
132 203
817 227
63 659
822 430
775 385
494 529
930 267
768 916
921 657
184 642
195 726
392 940
550 562
59 166
410 378
756 97
576 720
423 783
975 838
285 65
961 97
804 977
847 644
600 192
528 36
534 126
273 627
852 596
212 384
568 728
478 485
180 485
141 731
592 8
277 314
857 104
705 181
659 849
598 292
947 169
60 318
746 689
629 382
848 920
507 557
909 917
538 255
687 462
317 954
606 985
580 272
296 332
822 792
685 224
474 912
493 606
718 583
883 713
669 876
568 99
266 162
163 817
388 226
180 190
121 554
75 693
569 526
487 390
544 287
357 201
251 998
104 455
53 434
612 810
463 632
767 457
43 50
68 151
824 145
219 788
657 209
450 426
310 131
971 380
485 127
62 425
959 469
48 100
182 148
985 596
968 135
508 539
325 357
166 303
689 285
87 145
111 983
475 316
990 209
872 26
383 615
641 196
406 256
358 406
