50 634 30
268 158 3
44 57 2
67 191 24
126 495 15
387 128 22
284 52 23
21 75 27
29 50 8
121 184 22
92 208 20
235 379 22
173 192 30
242 470 11
221 185 20
345 6 28
317 126 8
363 146 14
477 304 23
343 237 21
444 44 30
218 112 30
22 237 25
386 212 2
403 184 4
112 237 26
135 53 2
350 283 6
184 480 24
441 477 9
400 243 15
456 352 30
192 342 15
137 99 30
359 384 24
369 28 27
466 100 25
384 178 25
241 446 29
331 479 21
348 392 30
284 62 11
348 91 27
160 302 19
159 45 30
371 268 9
354 90 19
482 335 12
183 321 13
47 452 8
205 250 28
366 495
474 411
102 39
477 433
443 387
126 281
409 155
421 359
37 172
294 246
363 331
32 497
109 163
165 194
462 338
317 225
8 296
331 401
24 222
379 497
309 15
465 471
143 252
265 495
296 53
89 425
225 436
415 315
291 397
355 159
333 179
277 244
167 495
313 474
474 412
169 1
455 148
460 28
385 281
393 374
418 453
391 113
306 284
258 483
71 368
377 314
20 207
404 287
355 261
220 407
246 175
121 18
353 400
122 407
288 259
250 42
237 262
312 76
151 180
286 139
136 430
230 294
240 203
36 186
12 224
126 431
313 495
236 251
498 491
130 100
333 360
390 24
87 238
486 318
102 307
467 419
293 3
167 56
141 79
73 296
168 15
150 329
201 17
494 15
325 198
430 192
138 216
184 205
466 84
155 257
176 459
272 370
465 219
107 327
367 267
164 369
447 185
255 357
466 101
412 297
285 495
410 485
270 159
85 252
139 241
352 173
221 237
482 479
81 327
29 487
149 52
225 5
372 121
1 168
47 434
312 160
109 231
250 154
452 102
427 352
30 7
298 156
271 283
357 151
334 26
120 302
255 465
412 44
429 385
382 492
221 457
241 422
108 430
456 197
16 450
62 118
490 238
378 252
358 265
408 428
55 349
182 500
332 32
236 372
290 488
297 333
390 399
16 127
286 388
97 55
23 14
175 342
455 432
238 495
220 238
186 469
55 168
376 142
417 232
284 442
423 80
110 407
428 327
319 430
466 398
440 304
124 375
476 336
309 110
209 434
395 475
211 117
426 423
60 413
366 222
43 396
236 412
434 296
351 390
29 15
219 357
206 113
2 317
253 330
119 421
413 430
311 211
493 432
142 188
32 248
205 278
227 266
421 396
463 61
448 294
112 168
480 491
305 312
219 67
167 97
234 398
203 209
395 351
454 424
282 331
350 129
367 131
167 24
457 187
324 126
8 292
66 124
188 212
85 330
364 458
347 417
78 284
114 318
436 168
416 169
441 422
246 49
323 370
213 357
374 337
239 247
328 52
87 131
35 435
332 385
157 354
241 176
52 437
299 140
339 301
397 65
194 71
125 197
440 439
348 488
481 15
229 223
169 76
205 149
75 98
497 80
129 356
366 333
340 111
360 153
218 110
468 481
252 384
440 66
105 176
52 464
141 372
318 142
379 377
256 304
308 302
43 452
82 335
342 46
365 178
498 57
262 277
360 195
175 332
423 440
309 13
72 36
307 437
479 333
180 439
169 399
343 326
409 367
153 442
435 31
62 273
336 121
54 316
332 478
68 361
162 131
432 498
405 108
326 175
30 150
29 226
375 317
438 89
102 475
206 82
224 467
156 161
311 107
203 193
211 205
222 186
48 338
440 497
353 126
161 313
96 2
311 44
110 460
100 212
81 147
467 378
69 132
459 168
439 351
74 175
318 143
486 423
402 210
266 156
52 484
484 258
307 474
399 467
41 253
98 64
176 433
130 4
172 5
486 85
483 156
278 13
326 343
25 269
174 170
174 145
158 244
43 171
184 253
254 166
346 12
67 54
177 301
269 77
17 291
128 492
146 61
80 447
472 285
344 287
455 205
383 474
8 195
267 107
100 475
69 34
14 306
421 375
492 192
81 44
429 17
260 46
271 89
176 142
459 99
69 218
48 81
422 6
326 164
105 388
383 482
175 469
331 437
105 280
393 12
285 185
477 274
153 431
166 118
13 255
127 360
422 193
9 141
135 245
177 32
369 326
479 254
318 93
482 307
58 127
252 217
114 376
109 446
116 354
34 439
231 170
29 216
66 279
253 160
434 433
413 192
80 30
162 331
116 254
109 131
313 265
237 440
46 24
330 435
382 187
42 175
408 152
50 67
119 481
137 478
80 216
247 155
295 63
108 72
225 16
344 288
169 18
319 412
224 137
185 113
431 459
475 340
265 153
149 402
129 335
158 377
112 422
450 163
299 436
27 56
277 275
424 94
433 11
219 14
128 253
25 11
484 60
342 245
262 77
78 26
427 108
493 218
245 402
322 236
235 101
116 347
304 341
217 194
345 34
77 392
381 319
136 272
214 148
81 45
385 183
56 398
16 285
396 184
187 187
85 134
128 3
63 489
65 72
314 449
403 213
209 25
104 72
492 81
63 222
91 437
230 486
77 400
340 226
392 103
359 378
166 188
269 174
163 18
128 363
112 343
383 210
447 196
293 316
40 460
398 14
232 21
483 115
18 449
429 72
440 108
496 240
341 29
104 119
8 101
71 74
496 337
256 316
417 143
251 434
223 347
347 28
51 87
215 386
270 7
489 56
329 250
499 51
180 258
461 268
423 347
52 280
468 229
316 359
166 470
275 11
101 100
125 448
346 217
254 241
82 90
298 111
143 297
393 322
175 71
488 395
371 379
252 197
95 110
150 465
244 456
332 59
205 358
416 251
182 278
294 328
227 68
327 74
431 69
448 312
177 328
364 172
116 205
472 105
268 200
65 2
262 478
301 395
6 211
234 290
313 33
463 127
300 434
11 322
145 80
359 140
11 119
288 333
446 317
159 279
383 194
163 299
273 76
452 147
285 147
270 449
91 256
6 394
157 257
34 429
238 436
73 480
497 158
29 68
49 8
288 397
162 455
33 351
80 98
332 444
118 339
372 130
377 137
268 430
412 180
315 110
49 179
269 452
190 429
469 251
5 258
120 365
129 149
414 360
195 134
358 396
149 488
10 421
32 65
121 55
489 496
360 61
151 451
486 351
132 179
298 424
80 69
408 270
356 312
151 92
354 223
284 222
188 66
166 448
384 56
305 379
250 102
106 14
92 313
204 397
426 166
127 426
309 304
486 144
430 59
209 368
100 321
291 10
36 339
338 357
118 485
