50 110 5
421 690 3
310 271 3
285 370 3
70 26 5
698 376 2
365 796 5
652 677 5
456 106 1
522 882 1
400 820 5
960 22 4
755 400 5
11 377 5
433 835 3
945 733 4
232 366 3
170 462 5
613 634 5
515 685 5
378 76 3
612 199 3
135 291 1
91 222 4
123 393 4
458 879 5
631 116 3
761 829 4
765 236 4
110 10 4
422 559 1
853 27 4
749 895 2
496 77 2
983 113 2
618 837 4
475 555 3
7 461 2
467 16 1
418 576 1
849 211 1
649 793 5
175 620 3
173 323 3
621 407 1
575 46 3
37 562 5
83 522 2
783 938 2
633 604 3
420 925 5
444 941
334 680
185 384
963 219
360 113
153 404
713 606
147 188
424 268
100 827
978 948
487 784
145 779
825 969
233 382
973 746
174 104
990 496
625 799
906 897
228 860
334 740
1 775
881 692
803 651
294 918
22 318
644 793
230 583
243 370
453 777
18 846
144 611
964 698
864 552
325 211
97 506
700 17
389 700
785 868
779 590
420 916
429 343
991 940
982 251
435 325
308 806
587 172
946 572
819 972
722 530
448 840
399 219
682 926
58 914
545 310
779 101
692 568
397 900
675 171
977 950
7 693
725 6
76 56
616 461
492 791
88 580
856 387
457 309
896 918
187 383
605 697
245 975
686 137
179 277
236 45
74 598
62 883
610 511
872 987
102 13
268 925
839 272
217 769
295 724
562 30
463 669
125 47
784 939
136 669
423 385
285 458
943 643
7 433
511 690
448 756
871 678
414 98
3 294
947 584
497 606
893 582
611 107
699 855
333 464
972 43
392 321
39 640
969 188
91 832
