120 1234 30
3309 4244 25
2796 784 4
2726 1369 16
938 1869 9
1098 4884 23
1501 4924 26
3448 4153 7
427 4468 29
4020 1317 19
669 2076 3
2960 447 20
4710 4705 27
1660 3604 28
1832 1289 9
3252 712 7
657 2279 4
3239 2855 29
4985 817 17
2697 3045 30
641 349 22
4029 656 13
3705 204 16
191 693 18
4739 718 21
1867 4561 6
898 2326 26
4438 4194 3
2687 4228 10
2664 4547 18
4774 1119 5
2772 1507 26
4142 2120 28
1885 2712 1
3368 1474 4
2877 37 4
3716 1080 18
2765 4845 26
13 2116 1
4037 4058 14
4046 2443 6
2229 4017 15
2690 2040 30
4527 4152 5
2855 2379 22
2572 4294 16
2886 630 16
4737 3141 12
1127 1878 8
4862 412 3
2990 2804 17
4501 749 20
3816 2816 25
3705 2049 26
1877 2922 18
1665 1864 27
44 1571 10
3656 1859 25
254 3912 7
1411 2474 12
1195 1628 30
139 2835 6
1283 3710 3
4053 157 20
3798 3797 9
3846 4349 2
1877 2488 26
959 4732 20
4200 2639 20
3943 2899 5
1606 3691 20
4687 961 5
698 2377 30
4324 817 22
1358 857 9
1222 136 18
438 627 21
341 610 4
1283 3134 10
1700 822 1
3055 804 26
510 1347 15
722 2573 1
2024 197 30
451 4641 10
3892 3314 11
616 1360 6
4597 2757 18
737 1854 13
2785 4857 13
2485 4138 25
4948 1209 3
1985 724 26
3665 4319 15
4743 3039 8
589 4666 29
4938 3446 28
790 4348 25
2480 2873 11
3149 2852 30
1849 542 8
2419 487 29
3266 3669 13
3305 4717 22
417 2098 7
4706 863 17
4182 1703 1
4060 3298 8
2350 3915 21
3716 1993 10
4635 1270 7
4773 924 19
3960 1272 5
110 1707 19
2693 445 6
4413 908 14
2681 4521 12
4974 3602 11
3598 530 28
582 422 25
238 2242 12
167 3962
974 3113
3551 4419
4925 2887
3662 2644
4916 4371
3853 946
2628 712
3011 1217
2363 1713
3340 4792
4009 805
2975 4862
1186 3413
1774 2150
4732 2505
3305 1103
4064 969
1172 1996
2069 158
1906 406
1218 4351
1956 3274
716 983
2283 620
2692 1754
4098 2056
301 4323
1647 3246
2204 4247
53 1635
3202 2236
3319 367
3927 1220
1471 3631
4577 3172
3751 4532
359 869
1780 2488
4727 3386
292 1413
2280 45
1082 1990
3014 209
3671 4941
3886 3929
1918 3405
3272 4565
192 2472
3035 4790
317 789
1782 523
3692 1053
4611 942
2102 1275
4627 1534
2652 906
3644 3817
1809 50
2458 3666
4609 4022
2224 2406
1475 2890
4142 3030
2113 3126
2965 3795
1406 2763
3048 770
2228 3623
4456 4908
2415 4410
4825 2633
1303 3284
2305 4875
4399 3626
3272 4575
4029 3838
41 1011
2863 1146
2172 4203
4276 44
1837 2113
248 1466
4185 3913
2176 1644
1397 53
642 2545
530 1111
806 1069
2547 4778
95 4139
242 2529
94 406
1355 1093
726 2652
3612 1336
940 4275
3119 347
353 1097
2541 2353
1505 1685
1275 4671
2624 2951
3799 1245
1271 1095
4475 2285
2009 1795
1326 436
211 1937
2776 1563
2274 4130
570 3968
3157 2045
4511 2067
4723 1675
4485 3310
4623 2378
870 1678
2817 2909
1799 1857
412 1637
531 2737
2323 4718
3362 3252
2546 2147
268 978
3283 2888
973 4849
3016 1330
1484 2442
541 2624
1637 4594
3737 83
2101 551
1840 1878
4810 170
724 3445
2332 660
917 229
1423 4758
1340 1478
2939 4780
373 3489
1749 2663
3339 3348
7 4106
1811 612
3853 4439
4842 489
1700 1400
3057 4795
3339 3519
2870 3161
3027 4912
4362 2825
738 488
4330 3859
1392 3047
4248 997
284 3424
2949 1813
3878 847
1038 521
872 3696
4082 3885
4947 450
2685 315
1643 588
1253 2015
2731 3865
3747 3442
1071 4817
1170 4745
1783 3788
2939 1096
995 3878
2653 904
4724 3814
4712 2086
4556 3254
1423 2864
4165 3361
4079 1311
733 3134
71 2242
3591 2726
2528 4680
1457 2910
3620 3352
313 1932
2940 577
1338 4359
4664 3397
2523 1275
3635 1548
1983 4425
1006 1767
1837 4683
3427 1924
2092 2170
2430 4462
2910 3318
67 4306
4638 3982
3302 4328
4809 2038
2458 3927
2828 4692
23 1647
4842 666
4378 3781
2253 540
3165 712
289 714
3039 1030
2582 1935
3275 353
657 1016
3810 1724
4805 566
4058 379
2260 4835
3817 4859
3635 3831
4966 4970
1306 2534
2161 3811
699 4120
1002 3546
3098 1340
1643 1480
267 3164
124 1008
2450 2383
3257 3236
3673 3649
3615 2124
3677 469
1654 1747
4498 2366
2939 4500
4199 901
3445 3525
586 476
3042 1307
3116 2266
1346 2913
4792 2148
449 4862
4428 2856
891 616
1071 1928
4504 192
1398 3464
2948 815
2552 81
1387 4488
1458 911
2617 4030
3389 3361
4179 3181
4320 3925
3094 4808
2859 4230
1818 4963
1784 1066
1069 945
4083 2562
144 1297
3952 82
3622 2235
38 710
4883 408
3474 65
2755 3863
4023 1443
582 1745
1285 3056
257 3617
4475 4644
202 2429
1553 211
2081 1578
4695 4957
418 4943
933 2867
2956 1813
1756 2235
2035 725
3853 384
3533 4625
3669 4848
1227 2229
2350 1057
2779 4141
2617 3121
1902 1654
4540 1560
129 1748
376 3728
1500 4186
3016 3640
303 1449
1417 259
3650 4109
2795 373
3333 4068
1281 1174
1185 4617
1624 4015
1382 1605
1042 4983
201 31
4412 2147
3784 5
536 1032
2003 234
2770 446
4850 1283
3493 2906
184 3903
4780 1839
3149 4542
1884 2865
2913 1693
489 1286
1836 3001
2507 403
2956 2
237 2398
1270 3187
450 2602
1908 2130
2315 2098
2108 3080
2792 2867
2128 1420
3386 2728
341 2082
4134 3076
3732 232
1632 4241
4613 78
4002 3827
1370 4969
2750 1269
3003 2594
3794 3784
571 2884
2833 3209
3924 170
4770 2337
1790 156
3138 4832
3556 4224
2904 540
3131 4556
778 3888
971 246
4182 1198
1522 4042
3972 1254
315 2101
1430 3153
1437 175
3823 3154
2735 4196
1797 2765
1582 4344
4169 567
4848 2341
4088 1270
3738 768
4625 1580
1119 4734
3307 2375
3459 3199
114 846
1854 70
4745 1807
833 3037
4384 4302
1149 638
1278 3216
1298 1492
31 4596
4431 3398
3592 2677
1638 4848
3727 4446
188 383
1535 453
1567 1996
1170 3900
1204 3967
1460 3803
1875 1125
1111 2307
1514 4282
394 3566
916 3867
3417 988
1123 2122
4212 4505
3975 4818
936 60
4461 2070
3032 3124
2175 2487
828 984
4331 535
4165 4228
11 1595
3113 146
3914 3398
419 4936
3566 3515
614 4818
2338 2950
4766 4408
816 2011
4521 1484
2506 2402
3028 450
1454 1677
2505 2446
1530 2249
3445 4230
432 394
2961 4057
2655 62
767 3022
3669 2128
4157 92
2748 176
1732 4699
2974 43
4545 2351
3791 2678
4633 4266
3726 1519
3814 1512
66 3970
2901 4007
2199 2703
770 4435
4345 499
737 4675
2643 1954
2065 315
3754 4892
2447 781
4193 4418
1239 4578
3769 1362
2020 2414
4914 1573
3130 1434
1274 4517
1152 2392
4989 4413
4762 2998
1103 3150
1144 441
532 3886
3725 128
591 49
1281 1617
474 2788
505 618
562 271
502 451
76 1000
69 130
820 2643
2125 37
3342 3390
1661 2230
3439 2075
3134 3489
1070 1075
1865 1686
1747 373
996 2402
2805 2555
480 3666
4934 2236
609 4148
3103 3108
3042 2943
95 3105
966 48
2638 1275
121 2730
929 4647
2305 3650
3947 1761
1050 4358
4724 1633
1260 4037
1343 2288
499 106
985 2733
3774 4159
3701 274
3734 927
4957 2763
276 4215
1320 3195
2786 3678
4742 3294
4590 4130
4978 3693
4769 4945
3274 14
2199 433
2301 371
3874 4384
2014 1109
270 2602
2128 2975
2477 2868
2407 1781
1668 1630
2229 4537
2364 4891
2264 3852
647 1607
4585 1831
2676 4138
2975 2040
720 836
3245 1530
737 855
4245 2670
215 3023
2492 3241
3016 3472
4894 982
245 3882
1465 3441
1272 4293
1952 1968
3983 1208
4389 3560
3345 4069
4380 92
938 1710
4202 4274
1095 499
2084 4054
2465 4943
3102 4163
604 4101
1726 745
4796 4807
1341 3559
3303 3087
1422 287
731 4897
1645 1586
2 2266
2922 3023
4074 3882
434 2973
3912 2167
194 2042
3400 3048
2839 3321
1371 4818
1838 896
556 4449
3863 4361
2558 3798
2218 2637
2436 1162
3797 2991
501 903
125 2304
3643 3014
1579 2188
1052 2818
146 3322
3471 3411
3697 3526
1643 2999
4148 1478
2632 1270
11 3443
2524 1619
4881 2587
3578 4157
4573 4972
3412 2834
320 851
1384 4426
4511 1145
1304 764
2730 3802
556 4363
385 1110
2893 2938
281 4579
1362 4473
846 3391
890 1440
93 2459
127 2642
2407 2476
1796 4285
1937 498
107 3868
3382 3249
3447 2093
2989 3474
2808 650
3026 2439
1328 1470
249 2380
3743 4413
1039 4109
2081 1905
1501 2478
516 3994
1864 653
42 1507
2384 1975
315 922
426 1142
3118 4828
3505 864
2081 2217
1591 3908
2945 1033
351 2977
601 458
1922 3561
3852 2586
4631 2281
4924 3677
3725 3682
3696 4317
2105 3740
1754 648
3046 2831
430 4728
1297 1144
1137 2687
764 2680
2802 1368
4457 744
4687 4400
3886 1191
4100 2752
744 4984
3487 2861
1171 775
1420 3552
3276 3695
749 732
1821 2445
3839 4400
4262 4735
1228 4427
115 3949
2579 4615
1244 2189
852 1487
2473 2302
2439 4155
712 2319
2533 4143
1462 1572
3827 279
3164 464
1962 4016
2665 2059
2634 922
1976 4294
1440 2283
4133 4961
4532 273
3910 2724
1177 3887
3047 2332
4052 4198
4862 1503
3854 3348
4249 114
357 2477
2975 2181
3335 2997
402 1057
2192 4400
4444 1190
988 3239
2384 4813
2364 1309
1098 4430
1987 863
4367 4570
1352 3331
427 387
2042 2723
1595 4171
240 2282
1060 933
390 3961
141 3827
3780 3401
4211 4499
1756 4596
545 3644
1521 3213
2608 340
3798 1765
1800 953
1077 2898
2812 1995
753 2827
848 2174
3656 4015
1196 4901
3971 2666
4437 2102
1374 1503
3374 412
3453 3847
53 4319
558 3419
3382 4324
4768 1985
4436 2889
2429 532
1474 1751
1155 2860
2597 3195
4302 2819
2528 4067
90 3520
1412 415
4727 1586
1011 3042
1119 3732
3697 1898
3570 3680
3462 1867
1809 4030
4959 1111
150 3841
2953 296
1489 1194
3505 2072
4860 4342
2570 3413
226 2648
3655 1332
4395 3027
34 430
2991 1796
3270 834
113 4540
4130 4297
1423 2813
3777 156
3926 2920
1678 3407
2886 2725
542 4954
4343 4777
4581 1968
4743 2257
4147 1191
4116 4810
3609 1545
4878 2849
3221 3221
3622 1585
647 476
2468 2014
2825 1791
2610 4757
2047 2951
4393 4788
2831 267
3666 3887
789 3750
3032 562
3012 1101
255 1555
2264 1567
3922 4368
3081 2484
3379 4798
2963 3635
478 2205
2428 3720
103 4789
1034 4232
1321 3322
1154 4951
3231 3271
1948 3225
1663 2850
1038 740
2951 2855
2895 2376
26 2309
969 2454
3733 2711
2651 3095
2680 1067
2824 2938
4015 4460
1403 4111
1636 4325
2744 3265
1565 3061
2326 140
4433 4601
2275 965
969 361
1456 287
4732 3528
1845 1790
4066 4641
1664 286
282 2805
638 3579
2586 1543
2859 2047
3616 4073
14 836
3868 819
2022 2618
2063 1046
2303 441
470 417
4216 674
4920 4933
3097 4853
4308 2805
528 4340
3671 253
1814 4567
4352 2897
4360 3378
4585 1738
2886 3975
213 4159
2075 1381
225 4891
2144 372
2530 4111
3520 558
279 2352
170 3727
992 4283
26 873
3846 2375
3476 325
4472 223
1879 3361
3134 384
4706 2738
2271 733
692 412
2416 1385
1818 3470
996 4887
1456 1897
1420 3447
3345 4551
435 3035
774 555
2986 3977
4973 1660
2080 2930
2643 2394
3956 1294
886 1673
1290 2493
3743 1968
1841 2176
2835 566
1498 231
1316 3550
4263 1669
478 3440
3567 3475
2798 3632
1421 70
4552 701
2417 1076
1641 4519
778 4010
4877 4620
245 1433
1980 1785
2307 2652
677 3773
1671 212
4732 654
2592 2621
2417 3173
2463 3994
833 3994
2817 1529
4315 3178
2703 4792
1869 2493
9 4576
1742 3690
204 421
1162 1698
3593 3527
4351 1581
4283 267
4917 2232
1548 3517
3229 523
1161 2405
4261 3249
4217 2823
2778 4447
1658 611
3441 297
2167 154
4788 2662
3218 654
829 3800
903 3246
398 3468
3032 4476
2951 2365
4348 4208
2702 1378
2696 776
2598 2608
2572 4452
2431 653
307 4627
338 3771
1854 2526
1546 4756
395 1052
555 276
1218 1371
1843 1693
206 2514
3815 3951
2313 4424
776 4535
1268 560
4404 2910
4551 1585
4536 3908
4871 2787
263 2327
1248 181
3000 68
3670 4430
4989 926
3755 3420
3838 3259
1432 802
2050 2068
3671 2208
1165 3142
3649 878
2945 352
1341 2
2378 4148
4556 3987
2993 3220
3779 3595
2247 4574
3436 2300
1419 1629
4888 912
3022 1094
4293 2548
348 3593
4661 278
938 1801
4828 264
1066 445
4282 1434
3683 1160
396 233
70 477
1131 2267
4334 4574
3430 1202
192 4978
3418 4204
2498 1563
1101 3361
3592 1938
3769 3491
2767 4764
4439 533
2092 2307
3696 1704
3981 2542
3107 986
4217 4737
1492 1887
3664 2813
1721 3557
4950 1722
1297 2979
4444 1924
4989 2888
2695 1058
4028 2029
4475 2300
411 4162
2342 585
188 3598
1699 3409
1013 4032
2262 1487
3782 3426
1681 1096
576 2861
3851 2496
147 4388
734 3083
4304 3660
2850 1973
2318 3690
264 2656
155 1935
644 2749
3740 4247
1060 627
4549 1533
4344 2098
2234 1431
631 1638
2739 4997
354 2794
3054 4753
862 3960
963 425
4804 582
1918 2633
341 2393
4065 97
2768 3519
1848 3497
1082 4176
1269 3781
1696 3172
2458 1272
2247 3623
1267 1848
4611 579
416 2252
2989 1892
1270 698
1167 343
3908 1993
1030 4303
1558 132
4227 3091
3957 11
2035 2768
4234 2619
827 4570
1183 2107
3491 2830
110 2907
2739 3319
2197 985
1246 4323
2968 886
2777 2333
2973 4922
1816 300
3497 1106
286 4846
4259 2528
1880 3635
1916 2778
4217 4909
2973 2453
2679 2605
4913 1405
2992 258
2556 2483
3832 2424
2752 1536
2643 4510
1670 4605
3028 3456
3489 1225
3417 4659
3479 3380
3151 914
1298 4744
290 3506
4399 2878
1393 1518
1807 1647
3174 1382
4694 606
452 157
1475 29
1947 3854
4498 3974
4236 3741
4826 2450
3963 3891
2996 686
4618 4663
2878 3990
1299 2820
2725 3873
4158 250
4562 381
3314 4985
3837 4599
2060 3943
4543 449
207 2587
3737 3707
4702 3054
2972 4702
289 3205
881 2618
3581 25
3319 2134
765 3567
388 4817
1592 4535
4246 2994
1020 4281
1185 1207
619 4966
741 123
970 470
3181 4869
2112 3420
1552 1503
873 4704
2779 1632
1978 257
4902 4764
4829 3439
303 4259
3369 1842
3409 4305
2276 2543
2995 4858
3356 229
1173 3502
2616 2862
4728 2912
2270 3382
3287 1280
1547 4744
3939 3640
2966 1173
2467 3509
1655 3028
91 492
1373 1496
3669 4621
4312 562
535 3847
1135 3673
98 2195
471 735
2461 380
3542 3960
4718 2904
3638 1390
3799 2845
3408 2185
3463 21
1164 177
2169 1136
3072 3989
928 1599
1412 1536
23 4343
1574 1151
3287 3282
1862 2995
1738 221
2925 4198
1770 3588
3616 2343
1804 1291
1958 3328
2068 3563
2058 3791
4572 637
3215 93
2518 684
3031 2250
2108 1149
3214 3153
3815 1781
494 703
3728 2106
2321 2403
2514 2429
3046 3013
913 4322
4974 4080
4136 928
4292 2320
300 884
841 526
908 3988
3091 2177
1977 297
3540 852
3033 3142
3769 1831
720 3494
1702 79
227 1080
3353 4441
4150 2477
3646 266
3898 1298
1102 771
1205 840
1981 470
3187 4905
