130 1384 30
950 533 16
926 388 28
229 324 17
114 879 10
591 832 22
813 759 10
305 511 4
534 859 11
952 540 22
566 733 4
52 343 13
433 581 1
983 632 30
405 470 4
986 377 24
364 594 17
662 543 8
435 602 12
896 890 1
29 566 22
432 120 19
166 435 29
137 856 20
138 971 4
124 470 7
26 645 26
788 818 28
676 940 21
413 287 25
427 547 29
734 617 15
269 69 22
709 979 20
712 514 13
823 622 26
990 55 2
79 321 12
529 26 25
728 445 13
153 630 20
280 746 28
712 773 22
405 172 14
491 273 26
910 625 15
597 399 25
650 779 27
102 19 12
435 495 2
822 903 27
665 56 12
930 779 7
39 639 20
769 920 27
144 853 8
92 466 30
917 886 27
11 6 25
130 741 1
229 907 24
359 188 16
511 899 2
25 327 23
394 780 5
403 620 18
363 917 21
265 564 4
659 565 12
878 213 18
647 238 20
780 784 22
180 909 1
274 893 2
868 62 17
152 248 12
728 661 25
774 395 17
902 739 28
557 323 11
641 509 17
740 59 7
969 480 10
509 576 4
147 590 23
170 763 29
730 558 11
872 941 11
904 107 15
254 561 16
471 678 16
938 440 7
52 15 23
925 984 1
332 574 9
89 689 13
616 600 24
586 440 29
174 340 1
146 809 15
630 743 6
356 178 18
359 38 15
998 609 23
239 439 11
42 27 15
450 830 4
839 186 30
264 225 12
905 868 24
28 506 7
186 48 4
942 400 26
319 317 15
385 649 24
869 957 30
852 940 4
295 753 11
511 278 13
146 34 22
641 497 29
2 731 15
348 633 16
205 787 12
583 311 24
840 872 14
263 993 11
35 202 16
686 216 13
171 710 7
614 282 17
91 685
93 412
314 409
463 881
738 981
928 28
976 153
646 196
133 357
474 892
893 584
488 222
613 503
268 988
424 506
807 682
63 19
414 456
912 222
839 748
483 352
504 909
634 969
54 524
78 320
36 292
936 222
29 77
511 975
144 578
545 420
518 40
617 783
441 799
374 124
158 756
261 265
612 46
890 723
984 579
958 265
93 113
919 786
777 749
202 674
113 959
240 391
379 262
251 535
782 749
436 91
394 577
649 111
377 194
763 250
386 695
961 755
966 620
767 54
422 295
241 747
183 461
719 111
107 94
998 781
244 551
664 741
893 240
375 716
861 868
926 356
393 935
600 72
629 305
816 477
64 523
504 487
172 564
747 369
694 536
976 659
652 152
300 565
169 640
340 346
280 936
377 523
147 935
118 417
19 826
165 236
599 340
106 732
990 315
889 612
97 214
375 956
622 427
393 873
627 504
324 101
825 627
796 952
189 751
826 955
353 747
165 240
190 945
160 682
929 429
427 39
242 723
720 665
172 716
810 430
56 332
45 897
709 776
617 924
630 350
905 510
425 184
870 116
12 781
761 270
150 663
855 640
892 394
277 38
484 560
999 642
118 110
631 829
524 1000
75 801
2 202
281 216
873 456
994 895
378 558
241 163
511 942
565 588
49 416
398 787
949 591
315 506
305 156
376 418
939 856
837 764
80 890
775 429
582 744
502 907
902 920
845 799
34 197
621 489
598 823
645 127
397 565
274 982
273 360
502 531
516 847
425 165
196 181
46 833
162 539
884 474
515 798
432 679
528 241
257 319
290 286
149 116
421 222
391 89
288 842
604 246
957 477
631 980
807 782
743 276
656 767
747 994
873 7
101 373
940 360
438 177
75 199
50 193
805 480
279 467
854 298
629 880
619 811
514 56
768 168
348 123
275 786
80 428
308 572
207 777
804 627
802 741
295 395
919 828
1 282
971 816
715 485
194 801
9 767
244 391
701 614
444 477
209 393
105 533
376 279
45 136
900 860
837 481
526 121
535 937
107 891
843 255
301 286
580 155
13 344
676 823
847 734
819 8
433 595
463 922
753 440
786 461
324 447
399 258
807 169
667 325
825 470
508 228
105 924
385 486
602 143
488 426
819 337
680 817
601 394
842 81
760 480
434 265
138 480
902 737
956 75
687 212
777 457
297 416
587 879
400 226
812 422
676 483
277 906
825 728
906 682
673 532
800 233
859 892
246 433
453 177
798 295
902 558
395 820
392 601
655 759
275 376
306 370
855 852
405 398
303 694
705 734
855 880
783 486
118 745
356 613
688 268
596 477
304 331
500 624
274 179
454 113
757 528
762 479
715 930
404 642
557 515
721 691
666 505
239 479
725 224
134 126
156 673
56 382
428 653
41 796
932 208
546 392
930 344
162 8
2 647
83 150
285 767
942 621
486 962
33 601
710 9
517 281
181 473
396 876
845 550
861 132
858 878
912 799
182 192
296 1
12 196
485 578
104 361
138 186
889 382
638 487
68 133
100 779
631 890
20 347
552 435
433 572
398 209
489 178
187 169
774 195
953 291
330 760
16 551
349 743
758 756
129 175
313 345
383 913
248 92
682 726
758 588
659 45
60 64
39 390
187 335
240 244
258 598
37 386
537 875
381 474
250 816
158 257
863 226
71 105
11 82
341 865
160 833
134 5
430 288
850 380
948 474
419 736
480 323
928 821
851 203
513 65
941 451
216 573
241 383
758 175
973 149
446 946
317 253
101 865
511 714
691 16
484 216
578 171
898 124
183 83
40 850
371 322
818 712
659 243
700 968
956 489
731 180
112 522
798 343
221 448
154 703
487 773
857 975
830 17
825 948
161 420
377 382
472 935
996 883
511 752
767 646
236 241
320 861
862 722
416 986
449 951
957 153
493 593
177 724
809 181
445 981
902 554
35 507
133 520
760 266
863 448
371 552
175 79
596 682
406 673
373 827
711 378
806 210
158 209
119 963
258 773
266 222
720 674
24 70
693 49
925 418
576 450
222 236
805 645
59 104
89 738
913 107
713 744
66 65
389 15
59 20
26 992
699 387
157 35
966 329
113 350
902 362
417 739
230 98
345 753
466 371
705 978
300 32
652 320
422 995
41 248
96 27
896 798
172 708
810 740
471 842
398 969
872 379
325 860
241 247
736 141
97 619
254 66
147 91
262 176
183 152
14 499
952 176
592 48
274 588
756 857
984 572
255 652
78 890
328 63
746 221
878 665
926 244
275 138
708 437
217 762
678 412
281 374
992 953
702 502
353 853
757 486
977 972
837 821
559 407
208 693
608 605
171 785
817 409
19 627
275 969
936 595
112 654
865 390
126 609
84 991
11 33
875 813
693 196
639 388
773 136
515 959
100 799
993 316
728 165
217 831
550 66
689 203
107 496
9 596
458 602
524 246
880 623
909 444
232 811
795 237
519 415
854 455
706 407
580 295
203 291
194 974
927 736
368 713
657 620
218 899
724 845
572 355
423 936
132 886
430 683
418 578
235 573
651 426
192 875
890 387
433 315
922 67
375 44
607 30
461 971
941 919
465 931
817 465
704 908
574 273
527 125
952 626
682 720
757 371
786 438
35 92
351 791
249 153
273 856
469 172
992 11
335 153
151 710
121 549
55 775
826 135
181 554
861 570
427 288
548 914
961 903
549 47
13 758
945 357
919 680
243 642
522 774
900 369
905 140
743 399
379 617
543 529
136 379
191 652
951 516
714 81
131 559
930 671
579 825
36 736
94 511
929 815
877 410
823 708
896 524
703 306
977 487
581 946
390 159
443 831
550 557
7 973
373 365
199 488
602 95
806 359
373 653
78 874
782 769
586 406
520 234
515 536
341 248
986 940
577 12
760 483
649 116
488 393
633 765
817 763
287 342
822 821
554 783
628 923
737 688
941 921
659 333
710 543
999 910
723 177
369 928
279 171
35 327
362 2
535 337
224 395
125 575
497 559
126 211
908 162
431 463
33 503
611 170
277 489
776 298
86 865
640 10
818 291
607 271
123 653
174 911
97 48
125 793
62 573
674 89
803 147
65 143
284 675
222 178
731 628
825 735
859 832
992 937
710 243
125 690
944 368
193 116
66 129
686 556
592 71
871 896
722 963
844 905
712 659
608 885
777 754
482 618
831 747
371 796
828 624
464 39
580 743
221 592
455 331
462 33
487 882
170 168
53 8
791 236
239 63
354 86
77 608
993 100
610 287
360 113
371 609
143 218
661 982
461 119
814 589
179 816
503 520
105 633
784 263
980 52
392 440
823 825
370 346
994 761
892 219
172 917
560 637
839 513
328 2
740 41
222 876
665 24
584 606
787 189
716 664
159 687
758 25
274 161
775 31
741 594
828 603
39 89
534 738
676 573
851 406
671 158
518 580
236 270
645 259
391 17
696 759
256 87
649 291
633 941
500 599
856 484
939 589
513 518
520 269
448 425
140 436
882 701
941 285
473 688
70 179
737 986
883 392
881 384
545 304
5 107
98 597
580 31
275 544
838 696
181 134
892 838
813 17
674 951
556 933
344 933
118 279
471 323
860 815
466 954
410 798
242 978
646 532
139 292
796 989
114 432
157 281
702 324
93 40
615 780
546 277
905 666
331 63
642 206
967 747
68 911
79 558
921 14
409 195
958 247
991 742
817 717
866 820
961 896
802 564
315 520
556 254
745 745
763 118
204 947
338 33
557 740
57 354
814 138
450 105
677 850
62 422
249 909
472 807
540 493
75 883
470 275
686 775
936 182
348 593
249 632
359 53
140 939
321 400
344 628
371 212
964 30
579 335
158 313
730 754
753 139
63 159
24 836
825 249
637 767
150 491
904 971
21 458
60 346
783 324
210 486
212 783
852 140
98 866
963 627
229 537
404 621
881 922
452 319
147 376
804 365
765 743
827 883
578 422
166 231
854 669
728 70
144 342
876 977
773 902
251 520
585 874
345 264
278 777
278 69
706 257
732 863
492 760
421 234
289 501
826 665
229 776
725 544
95 579
349 688
971 287
186 647
620 169
340 707
957 940
52 472
200 185
361 560
331 36
176 590
355 713
545 638
105 162
972 340
350 326
171 701
139 588
692 927
407 439
950 601
966 65
23 458
551 537
272 626
588 538
814 396
928 776
978 432
799 246
660 628
574 815
497 572
962 587
549 432
117 576
457 374
672 352
233 516
536 386
759 366
13 363
328 702
937 993
281 901
366 274
377 909
549 50
573 76
885 260
665 861
675 993
505 50
736 191
103 287
771 484
319 804
486 907
187 171
611 215
347 216
950 775
516 428
313 705
822 130
762 322
842 713
956 331
946 152
431 311
662 804
555 253
989 851
746 230
952 299
189 469
689 250
697 293
34 853
948 824
179 606
240 698
198 430
727 619
872 813
750 812
303 556
814 767
248 764
440 915
18 299
746 411
798 614
957 353
839 482
938 483
82 797
538 698
59 402
775 638
803 577
505 521
683 220
866 269
812 618
272 495
596 295
59 297
695 801
56 302
452 450
790 742
709 894
304 550
318 217
513 422
891 854
698 569
802 687
440 465
737 769
665 424
730 138
896 390
634 532
992 242
373 743
106 775
862 176
923 940
436 446
367 584
225 78
183 297
72 52
579 778
365 913
363 140
605 746
295 995
414 164
915 854
421 42
735 613
231 468
993 282
213 252
220 901
448 766
232 862
153 540
403 540
654 28
24 577
413 339
776 483
467 369
434 28
355 301
339 241
140 180
427 648
100 783
55 464
54 374
630 328
588 744
981 673
587 357
208 603
325 594
28 483
273 677
564 582
899 718
260 411
674 144
631 206
450 715
712 986
277 247
590 669
4 676
744 291
122 475
129 329
327 620
738 515
545 455
328 996
189 507
1000 255
730 890
612 465
418 919
677 482
908 536
792 252
494 341
772 93
116 603
515 667
120 871
973 146
341 254
633 660
461 599
919 843
478 243
635 738
405 726
314 813
917 711
87 713
148 677
114 621
581 790
916 26
288 818
811 989
868 401
964 678
148 628
455 27
575 78
700 412
185 651
103 596
472 333
861 495
213 625
650 648
137 508
902 79
343 598
167 689
813 476
108 858
218 471
605 513
160 686
570 7
322 710
767 431
205 411
999 452
814 442
578 567
16 119
515 767
499 135
698 298
8 669
168 35
582 443
18 740
550 357
702 674
348 650
308 7
874 241
570 400
888 562
88 520
869 214
456 692
717 294
193 522
322 168
611 396
682 800
997 695
695 598
326 779
70 23
522 325
781 161
841 759
112 100
409 168
847 965
560 977
414 952
151 477
719 948
579 29
470 665
160 309
401 732
981 140
788 578
692 801
163 199
574 103
667 750
872 901
29 412
425 903
691 776
860 113
989 541
510 983
808 38
164 154
786 611
726 556
746 189
801 559
502 994
155 868
135 659
131 920
415 607
483 994
264 368
759 374
488 411
711 721
624 353
815 280
244 859
870 701
653 388
716 88
174 657
936 663
26 934
165 825
162 750
575 84
655 701
280 52
770 486
683 58
529 222
705 154
136 295
448 99
733 326
851 825
769 714
665 231
364 762
850 453
653 56
366 208
700 712
806 452
14 488
663 536
225 840
603 678
921 236
393 179
612 711
345 760
352 370
149 346
894 545
955 548
69 79
998 331
880 572
232 796
921 771
722 837
170 337
127 676
486 655
46 512
855 549
833 853
730 231
601 740
977 707
457 182
238 112
975 854
544 289
341 619
787 707
518 352
974 211
502 74
624 480
731 694
729 840
10 842
676 358
777 845
713 149
214 516
331 145
531 254
716 887
553 107
735 80
314 438
265 666
117 26
170 266
957 944
370 603
731 478
537 856
114 565
724 813
781 760
914 759
937 675
460 151
753 269
128 486
103 20
957 756
655 173
906 189
523 661
292 398
751 762
652 356
56 408
960 719
824 966
469 347
802 553
169 138
971 885
522 49
768 535
805 568
745 157
18 17
541 400
657 346
415 348
737 319
603 636
438 216
75 498
364 39
472 166
790 380
770 335
467 403
636 713
406 433
206 64
853 55
716 100
657 870
161 734
71 494
955 198
303 49
500 655
268 382
998 604
63 952
932 324
485 226
552 824
333 510
707 967
75 837
695 256
483 183
318 704
882 718
924 8
968 803
952 701
400 798
393 921
569 905
715 593
502 922
511 458
78 536
231 158
396 587
353 297
474 134
881 407
121 733
494 223
427 395
145 936
49 825
559 696
745 346
77 611
199 586
545 937
886 899
564 101
837 935
476 101
