150 798 30
4118 812 1
4086 514 13
3489 2974 26
1403 1970 30
1320 726 14
2482 4145 16
1349 4526 27
1796 4053 13
3852 1061 9
4133 3277 18
640 4751 27
4421 1876 14
4970 4762 5
4586 1134 20
1250 739 20
2648 4099 21
4374 3217 25
1634 1282 22
1740 3968 13
4487 453 12
3437 1277 9
3285 2155 19
4200 59 23
1486 1276 29
4169 4733 21
1560 4789 20
3055 2886 16
3123 445 23
3649 4449 14
3176 267 28
3997 3606 11
3002 3493 5
4386 1096 27
4505 681 24
2158 4413 2
4670 309 25
2363 925 25
2258 692 3
2219 3849 24
1487 2466 5
2966 133 3
4195 346 26
1340 731 24
441 4633 18
4305 1837 6
1581 1327 19
616 793 21
4100 1245 16
2071 1904 15
4671 4712 4
3309 4198 13
3003 3806 23
4753 3047 1
1516 3139 8
264 735 24
4416 3767 10
1527 4279 12
432 10 19
4215 1978 25
2933 1812 6
1514 3311 4
3311 3677 13
4824 3793 7
4097 1816 14
3787 4478 19
2179 4971 7
4582 4727 7
1625 4669 28
4859 3155 19
4403 2211 1
2253 203 30
1669 2977 24
2250 976 17
3027 349 28
2431 1977 24
416 2037 17
1394 4238 4
2703 4979 30
3382 3129 8
4710 287 5
3370 3282 11
4421 3281 23
4747 992 27
2338 3269 6
3524 1354 20
4088 4240 22
475 3640 1
2980 1307 16
450 3595 29
1633 4327 18
2003 1113 1
467 3458 19
3377 4703 11
4497 4985 29
4221 3422 23
2056 274 28
4072 2301 19
3549 4848 5
1107 2378 6
3047 2190 20
896 4170 1
845 351 27
2670 3804 4
2354 4225 28
1526 3477 2
1884 3714 21
4431 2675 25
183 2587 20
3061 707 23
76 4940 16
3979 3449 6
958 756 13
2112 2050 8
3798 3377 15
1024 1264 30
3016 4165 26
958 4405 15
4241 4283 14
44 1187 26
366 3332 7
1366 1730 20
3685 318 26
3924 13 3
870 3933 19
1853 1382 30
1605 3893 20
2953 1792 25
2766 1352 10
4565 3759 8
3297 367 14
4439 1699 29
4362 2416 20
3208 3136 1
1824 2690 7
4959 2988 3
651 161 7
2582 566 9
4795 4394 21
2531 1065 13
3719 3570 23
1716 2319 1
2286 84 26
3704 175 4
1847 1133 8
1468 3956 2
2907 202 30
2741 2793 1
1282 2055 21
2766 2898 12
2761 3863 21
3912 4376
702 272
310 1538
2882 389
1612 3070
150 203
4068 2565
518 3699
4698 4536
731 1531
1605 2227
3328 700
4045 2458
4994 4367
3419 1541
1660 4090
700 2252
1118 1822
1966 1565
1641 1235
4370 3247
4218 2474
3150 3387
274 4338
4990 973
1062 4976
2317 1279
917 3754
960 3083
3721 31
476 1615
1763 4578
4986 3333
3090 3971
1253 1634
2791 3214
3180 4981
1920 441
64 4939
2565 4299
2639 734
259 1359
300 4179
2105 3719
1102 475
2368 543
2324 3606
2758 1894
4194 2884
1654 2902
2559 212
2620 4012
3027 616
4049 1981
2264 839
598 3587
1723 1950
854 2992
2134 3840
1772 1644
3510 3463
194 3882
1985 2803
2191 16
3241 1008
2664 3907
4971 2176
1256 1005
498 3820
1431 3330
2233 3268
2289 4027
3146 2447
4641 1437
1848 4007
4136 2077
1221 2599
2275 2712
1670 3814
2102 960
3127 2009
4115 2241
1023 2149
1299 3858
475 2539
3532 2168
1740 134
2999 2980
2529 3369
2056 262
2576 1698
2670 4968
3854 459
2382 2140
2983 1469
758 837
2683 3412
1800 4139
4689 2864
1533 1091
2451 4307
1216 3754
4852 1311
1695 3128
2130 3309
2144 2951
4424 4699
3262 4994
4678 1445
4881 4632
3615 2377
4824 1740
4377 1564
1608 3362
4284 243
259 860
820 927
1906 4166
219 2497
2221 2321
1710 3381
1529 114
1944 3157
2150 4368
1465 1605
1214 3239
3246 1986
4912 2813
3495 3462
3285 4964
18 3075
2227 2245
2890 2248
781 4250
2187 1338
1862 450
2595 4738
2323 1701
1288 3909
2541 1319
3217 4654
4460 2383
4887 3551
314 2564
1792 2239
1533 4713
1219 2200
4214 4233
2743 4699
3859 1557
2797 656
4483 1934
2213 4602
1913 1329
2856 3304
2417 4710
4050 4315
4706 4291
1430 847
341 3317
90 2760
4575 3448
452 206
1015 2204
1946 2367
4600 2845
2163 1805
4506 1120
3654 997
1845 3648
3542 1871
4358 717
1081 2045
550 4536
616 3659
2096 1979
744 4005
323 2304
4497 2253
67 4893
258 4986
2454 969
153 3885
3531 2299
475 120
1695 3851
687 3854
3920 1833
1187 844
3870 2829
2113 496
2735 948
1753 1179
4476 2145
2142 2723
103 1453
4538 1507
3278 4804
2724 3606
1210 4480
516 4627
2133 4932
86 2349
2588 3447
3077 77
4429 720
710 1451
992 3522
2809 4026
2477 424
529 3516
2818 2140
3559 160
4803 2802
3155 4901
1230 4962
417 4209
3761 3577
1897 1072
1867 596
1651 373
237 2848
4286 3466
1501 1227
1292 1757
4876 4729
4505 2314
1754 1009
1413 2819
1796 4595
4164 1712
4906 1701
2119 52
4239 442
3403 1661
4923 4073
2852 1566
1948 3487
1524 484
354 1787
654 2167
4006 1663
139 2755
3179 382
1912 397
4495 22
1775 1545
3190 3676
1084 4561
3817 2424
2577 2618
3012 3008
3209 764
3590 510
1327 1562
4765 4292
4209 496
690 4610
3163 311
831 51
4755 1509
2979 704
4553 4082
2699 4793
3672 4911
494 663
412 1172
4771 217
2879 294
4329 855
4888 4852
2356 3630
4434 4594
365 1965
1555 3385
140 183
1374 3605
1049 2409
3975 1587
3987 4340
1538 1291
503 1380
616 3078
1677 1021
885 2109
452 100
1896 4578
382 3507
3810 2075
1769 4207
2870 4032
3935 3759
2163 2037
4448 2004
1643 1667
4326 3129
531 4285
3693 609
4036 2829
4032 3540
62 1626
2338 667
721 3667
1443 2596
2054 2792
432 1640
3591 3986
3232 3736
1833 3143
500 1046
4149 4410
4049 3664
1725 4016
2729 1245
3204 3517
3169 3746
4053 4441
326 113
2718 4038
4931 3441
3665 583
3771 315
201 1581
1685 3991
2665 1259
4057 3792
2086 1946
3025 1175
330 1288
326 1818
4805 4095
3259 3880
4431 3651
4279 4716
3219 2765
1603 1902
4556 301
3995 1970
603 626
2067 2493
1045 4647
4090 3925
1640 3753
329 2062
128 4880
2660 687
3772 745
3589 1747
2796 1543
3138 3650
3469 3925
2481 3037
633 1469
1435 1777
2309 270
1416 1808
649 2702
4380 3476
1507 2874
779 1947
2177 3789
4628 1623
1282 1750
2961 3214
2502 145
149 4899
1028 3368
517 2382
1587 2588
2455 2725
619 597
475 4173
1733 3320
1279 3076
4986 1618
3886 104
2159 2530
3871 3847
3019 2855
4101 4929
2782 71
2538 4792
3709 4411
3371 63
2101 4376
3741 4201
1141 4594
1489 4733
2603 4129
4876 4981
4832 2876
1600 2196
3792 1144
4865 3872
664 4742
1494 1884
1350 2760
501 616
4362 653
799 1734
4368 3439
2482 2542
3625 1772
3990 2610
2868 846
4525 1485
4701 3609
3333 3631
3986 3878
1027 4465
4697 1692
1189 2935
3113 3131
4984 1500
2030 1180
4777 2477
3167 4669
1593 806
2653 3157
3101 2529
3661 1157
3643 2245
3187 2123
3318 4521
824 614
2632 109
228 1937
1918 207
1661 2066
3555 3619
233 1193
4806 386
4961 4669
4925 3628
2305 285
2598 2126
1262 4698
4192 2422
552 3412
1837 1100
3804 1006
3892 3321
753 4104
3038 1518
3629 3627
3051 1930
1997 1017
2393 2852
4091 891
1016 2649
2490 3100
4163 1821
3213 1358
2593 1744
1829 3964
3059 3987
1509 4518
796 154
1940 1632
4620 4568
4540 4777
4274 159
2114 3072
1119 3975
567 4621
4857 570
4893 806
616 1345
3745 2004
83 3560
2986 1256
2432 1727
3454 2713
30 3899
1579 610
56 4400
56 4561
4647 41
2213 2511
3215 3931
1001 4178
89 3965
2385 1698
2278 1801
4754 3008
4109 1431
1892 3253
420 1533
2982 4373
2854 3471
4341 232
2095 160
23 1741
1750 2968
3317 3493
2547 3508
4783 559
611 4278
597 4771
987 716
2305 3597
2747 4166
3267 3055
2249 3621
392 4344
4991 1329
143 2359
1708 1500
3232 646
1014 1729
2435 988
474 4722
208 1107
1681 1670
2816 1332
2751 1154
1531 2894
2104 3171
4311 4183
769 3155
3892 4193
1214 4630
1448 50
3585 1413
3593 1236
450 4929
196 1939
3431 385
4057 597
1188 1896
2782 3457
4669 2155
2299 766
3074 217
4486 2934
186 1592
2098 1022
3624 3900
1752 4763
899 4933
2393 3921
1238 1707
902 4362
1800 3291
4092 4115
4684 3313
4509 3199
4717 2271
4681 3015
578 4409
4774 428
1343 4022
221 579
2462 3051
3809 4800
1020 4733
3033 4563
459 2839
1082 4335
2907 2662
2694 768
4432 2798
3630 1269
1800 1120
923 1120
38 3527
3420 2651
767 4930
1142 1676
4096 788
3755 1384
3119 4713
3221 2149
1382 4681
3070 1524
785 3555
1017 979
3628 4640
1268 2706
4600 4012
2604 3709
2333 943
1802 3989
604 2630
1732 978
756 1192
3733 2506
2370 2445
1568 3464
146 587
341 890
3065 2436
4806 4568
1864 4767
477 1248
620 23
89 4689
3811 3418
3653 4413
3904 1642
490 1086
4129 92
1255 4387
4020 3447
829 3043
1721 1935
3156 695
2233 1066
4007 2060
1542 1016
216 2775
1375 4846
948 3931
2655 3753
1549 3994
784 2770
3785 4167
212 570
51 4409
4127 743
297 3640
375 457
205 4219
1189 4936
1307 1716
3392 722
4208 3627
3769 1270
687 3747
1692 444
4591 1429
1802 2518
96 4582
4830 4793
4075 132
3515 580
3480 642
2264 168
41 2605
4415 51
1673 4942
4165 4200
170 3369
3139 2742
4049 2651
4568 2626
2216 4946
1450 31
550 3211
2600 747
4242 4391
459 3029
4590 3671
1416 4349
4251 3184
1205 4382
4083 3802
2736 3445
4120 4213
166 536
2995 2712
2098 284
400 1377
2676 1263
2995 4497
1402 697
1602 4420
1852 3832
4399 1866
1775 507
2419 3437
1206 3210
1118 4956
2229 4055
688 2701
1674 4367
1405 646
132 2301
2988 2448
2667 2508
3597 3390
12 3578
2160 1151
1296 3869
4600 4651
636 2602
2365 3839
2009 1970
1541 24
1124 944
4983 237
3463 3938
551 632
2725 455
4487 4281
2079 3815
2557 3949
3353 134
465 1878
4944 1985
1248 4839
3009 238
1404 718
3292 3608
4454 1778
3892 1330
4050 902
900 394
126 3841
4375 1430
1557 3745
1197 3896
794 1699
39 4038
4733 2383
995 3013
2056 2608
2628 2207
86 3194
2671 3749
3184 4857
3782 4656
3347 2946
4183 4638
1112 3821
1421 2025
1558 1119
4867 2236
1260 1756
4539 983
1363 4807
2120 3242
4569 3094
230 395
99 1107
3635 4618
2307 656
802 742
3356 2546
4232 3659
1885 639
4387 3333
3744 936
2611 2689
366 3793
2604 2242
443 4512
1123 3282
337 2447
1699 147
471 2774
3727 2180
2499 3728
2282 1010
3010 1465
148 1681
912 2413
416 3043
4628 318
1852 4268
4447 2354
1977 3871
2322 1135
986 3878
4435 2680
3156 2893
321 645
2453 1795
3337 583
64 4638
42 892
296 1111
3760 2485
35 593
4112 3005
1939 3166
2504 4864
4889 3377
4846 3652
2076 4999
2579 4822
4627 1816
2035 3377
4455 3517
4466 934
4822 3319
411 20
4046 2578
3113 3163
4523 1242
2437 1414
211 4855
4385 2175
1092 4412
2726 2238
3461 3115
1250 1343
2860 280
