130 1294 30
371 280 11
253 884 27
861 664 12
300 552 11
126 311 13
28 446 7
178 347 6
747 339 11
691 45 19
106 534 5
49 527 19
234 717 3
626 785 6
221 371 19
871 444 25
599 984 29
597 967 20
600 726 17
253 360 6
676 215 1
304 471 2
591 897 24
421 80 30
290 218 23
382 568 15
821 893 14
769 884 22
958 827 10
670 578 19
345 959 9
298 339 23
268 678 26
210 49 7
497 370 27
789 459 10
770 292 23
667 739 25
281 967 19
339 45 19
703 240 19
60 770 10
89 958 25
450 115 2
730 158 27
509 240 29
413 837 24
369 541 20
654 939 3
342 218 25
565 261 1
934 409 27
240 494 2
906 625 28
853 289 8
289 163 2
433 832 12
74 841 8
252 95 12
662 864 1
59 482 8
867 192 1
187 346 10
219 41 2
360 918 22
314 424 12
318 102 10
655 79 2
250 78 9
13 11 7
452 245 4
792 484 30
516 601 20
404 730 21
743 126 27
490 576 19
398 989 14
795 357 9
288 727 3
175 749 25
39 441 30
839 777 8
193 722 16
596 253 17
846 122 10
300 460 25
983 873 30
818 689 24
288 487 15
747 936 28
604 889 24
948 721 30
173 413 7
928 155 17
135 855 15
751 139 25
818 844 2
73 890 5
561 58 10
840 630 17
302 364 10
221 556 4
163 238 13
108 817 27
933 610 6
419 461 2
954 254 7
826 87 6
181 330 8
65 860 3
325 305 24
306 20 18
207 180 19
434 197 23
226 795 10
440 301 7
625 646 1
753 677 13
206 410 29
267 288 29
749 390 7
750 37 29
983 243 16
799 653 20
551 436 26
282 729 4
308 498 16
818 203 13
717 30 2
66 806 14
319 440 23
940 177
453 713
296 920
654 752
312 956
91 313
381 47
259 143
301 459
959 879
424 805
933 244
79 472
303 719
302 360
156 733
601 348
608 699
561 768
438 437
198 504
98 651
464 731
640 208
367 952
467 375
106 349
960 225
60 15
635 861
920 576
481 258
530 441
556 362
3 561
354 606
888 62
364 999
478 113
485 598
907 836
2 144
744 388
607 964
790 541
919 895
28 99
705 17
936 683
516 821
829 231
302 145
840 178
58 281
177 603
549 804
412 61
851 768
8 755
480 480
249 360
475 503
375 150
207 416
994 575
89 80
276 99
388 345
371 396
19 405
523 840
603 223
295 980
730 73
697 224
512 990
496 383
452 321
839 101
828 227
901 89
757 856
86 503
407 831
674 613
970 473
619 521
931 677
655 116
125 190
473 574
993 696
683 780
561 972
63 577
509 506
608 463
578 904
714 242
938 207
338 882
412 937
129 909
632 546
6 354
520 100
785 190
552 438
186 801
88 902
509 234
533 659
958 727
611 132
154 83
324 452
566 820
492 261
492 443
781 629
719 108
225 215
686 244
486 20
500 709
803 451
960 615
270 440
992 664
289 606
227 855
525 316
890 558
700 191
195 56
537 3
804 684
243 500
230 509
861 643
678 424
231 820
59 86
557 381
872 540
813 817
291 553
419 75
35 497
947 561
774 521
559 406
312 877
177 467
308 44
664 181
965 535
868 894
784 848
832 252
727 785
256 284
847 795
849 342
794 895
494 530
198 648
228 784
466 644
260 212
439 391
574 358
451 553
19 146
507 249
96 737
74 18
225 682
513 951
396 234
611 282
494 304
921 146
667 723
655 894
645 272
924 44
994 478
612 96
911 176
71 889
299 690
972 594
33 414
328 995
423 509
986 52
785 536
563 980
60 265
856 51
225 712
118 260
658 192
21 860
775 746
888 534
761 914
434 263
414 816
21 738
882 767
160 320
789 781
24 43
898 592
314 794
147 934
432 640
399 600
585 687
135 908
950 191
596 447
866 706
692 350
567 536
786 498
237 585
625 887
486 843
867 366
379 459
112 361
927 142
279 242
735 639
342 244
855 353
539 651
437 791
161 720
713 162
741 764
358 931
608 357
184 808
349 87
350 653
839 554
60 124
191 929
777 470
234 271
902 688
242 942
41 173
920 119
903 931
348 953
273 674
660 602
34 609
968 825
307 779
112 81
441 556
347 891
158 585
197 109
280 185
915 207
399 657
665 995
761 930
734 148
433 741
543 753
602 379
778 47
835 161
146 821
794 195
267 283
853 277
758 496
911 141
749 701
356 979
180 736
512 977
72 639
490 586
444 200
211 70
876 258
415 688
532 305
174 254
133 396
212 476
701 910
676 221
198 722
615 72
450 998
425 999
791 438
808 427
218 40
764 391
686 43
685 319
434 716
107 840
755 830
840 433
763 303
230 393
684 860
534 401
808 857
717 725
712 448
974 889
641 884
522 801
873 298
89 555
797 944
821 391
739 544
958 336
378 276
559 117
591 28
133 183
774 557
514 229
7 208
571 69
147 885
956 25
835 189
902 902
573 411
388 79
639 764
682 798
632 125
15 50
614 941
133 836
180 107
282 302
145 862
279 611
853 358
11 752
784 488
397 445
826 429
775 665
803 538
944 179
777 100
245 357
962 94
577 699
339 998
611 910
374 705
603 213
736 954
539 876
811 823
157 73
537 384
221 62
266 196
374 208
657 262
95 811
112 937
594 33
539 203
454 681
411 943
679 153
737 351
860 566
247 999
939 816
762 661
616 629
764 783
469 54
268 475
71 104
232 378
76 126
689 33
854 684
786 455
362 162
547 947
888 869
781 235
864 707
263 520
917 288
785 526
972 679
575 446
72 877
579 534
825 750
528 832
737 316
293 433
672 835
290 734
576 465
214 638
884 519
594 489
821 630
535 152
97 105
555 850
560 145
886 140
852 596
976 820
621 253
379 87
651 693
82 87
855 891
812 756
537 68
834 721
163 297
232 597
978 350
288 480
41 951
172 388
633 74
406 497
608 155
290 989
999 405
122 342
410 521
617 321
69 273
485 754
431 942
351 878
69 903
340 208
881 455
629 411
853 113
843 963
339 87
570 812
45 203
698 405
801 169
993 611
802 725
188 94
170 816
160 75
332 561
324 999
210 789
406 342
715 192
565 371
848 265
98 501
622 452
60 577
750 365
227 999
762 48
640 584
598 201
182 298
793 236
186 749
598 184
64 118
585 270
930 112
759 54
149 967
512 690
748 296
634 980
186 945
856 694
196 602
262 15
789 346
458 46
256 999
227 426
122 1
989 889
444 886
544 625
98 526
697 1
796 675
951 807
37 625
261 37
969 131
23 751
718 381
423 632
141 906
842 71
571 947
854 549
418 546
359 518
723 543
817 149
412 585
691 955
782 534
550 852
510 636
884 780
908 227
166 293
20 828
557 941
649 487
185 116
616 203
532 93
712 83
67 435
801 672
889 309
486 734
188 799
328 414
890 710
528 569
659 869
520 536
225 928
945 14
715 788
583 301
603 726
188 92
270 399
477 534
796 356
962 926
249 602
493 223
334 322
19 627
590 911
4 390
833 247
349 729
939 724
897 695
112 61
57 17
536 142
802 631
193 594
237 683
533 176
98 842
484 429
162 557
911 256
912 52
954 44
296 977
421 167
8 766
641 929
207 262
710 761
988 795
40 232
371 326
749 877
348 936
756 255
758 268
27 760
346 163
623 795
78 676
445 551
25 945
253 592
439 921
442 448
960 877
340 606
1000 649
698 981
930 620
743 945
354 356
788 62
415 360
701 337
474 687
238 678
152 911
737 317
275 587
331 420
909 277
895 894
346 721
669 101
969 179
728 767
933 252
626 609
223 494
997 278
700 933
356 880
293 132
792 41
614 903
368 103
786 303
739 987
195 158
153 51
73 517
857 782
765 930
716 575
441 581
696 74
323 75
933 859
172 599
336 250
469 272
806 796
688 681
778 245
290 962
989 578
912 751
849 706
633 482
11 788
298 907
233 782
790 105
861 233
438 685
732 601
68 734
941 275
303 997
379 582
218 132
149 56
787 405
336 223
546 624
786 866
823 513
766 673
126 987
896 324
885 588
982 228
640 220
920 181
638 254
358 562
213 430
492 937
469 399
926 527
940 589
829 392
762 922
279 571
86 540
888 612
639 242
257 846
762 557
934 327
401 994
398 838
88 498
509 459
378 658
296 848
433 702
174 482
413 437
772 806
92 751
1000 498
777 860
97 813
740 961
649 969
721 565
438 225
835 365
255 314
825 378
188 309
218 816
979 91
702 616
278 64
194 185
553 950
701 611
470 784
72 635
238 708
599 488
210 59
402 75
776 791
367 420
118 162
910 945
279 981
894 275
773 184
885 646
816 300
780 408
510 307
925 845
36 25
719 210
314 210
305 121
227 385
751 645
777 611
483 361
611 320
367 538
619 169
378 984
311 61
920 366
720 117
153 810
54 102
898 689
257 106
205 62
232 422
586 832
457 34
266 54
162 498
855 400
596 616
541 512
146 472
290 73
578 452
223 988
388 150
426 255
852 348
648 435
949 573
467 667
244 590
585 55
456 552
287 738
312 28
268 550
416 454
340 359
321 451
943 115
694 262
388 92
501 267
782 748
90 227
409 447
539 735
824 820
111 427
881 759
213 659
354 427
821 7
403 389
244 280
969 129
704 401
869 88
472 75
343 352
645 543
990 15
700 180
703 328
439 557
352 775
230 331
31 473
675 721
353 310
150 710
85 765
47 220
965 511
415 503
950 425
998 943
561 223
243 989
197 651
744 493
229 933
757 664
367 595
507 106
500 67
285 986
420 621
963 585
113 455
613 563
373 756
257 778
994 723
600 729
548 562
590 38
51 519
995 17
620 534
74 620
632 973
272 509
375 905
644 471
341 156
303 183
386 692
597 534
2 650
874 478
570 251
242 220
434 147
549 93
381 422
161 722
982 224
819 171
640 977
722 145
48 619
328 720
777 327
693 178
882 818
642 335
339 678
870 30
340 53
874 646
362 954
770 847
947 876
379 219
253 236
57 293
55 179
854 744
201 222
11 905
439 151
785 896
527 159
649 736
89 539
246 338
492 184
165 805
602 835
415 158
504 503
515 85
400 464
354 238
299 913
629 242
422 724
619 449
813 434
256 852
408 283
768 503
925 65
781 565
47 840
352 559
184 532
511 6
587 282
681 748
484 960
440 61
993 660
845 434
582 46
571 66
227 260
49 697
797 762
136 175
151 662
313 406
228 218
255 256
675 578
934 911
12 207
485 460
736 49
708 859
470 995
900 736
86 229
773 25
182 713
54 738
404 223
231 945
953 90
111 651
593 841
814 420
128 421
464 414
55 879
497 711
301 83
888 75
552 196
409 535
115 290
7 859
114 62
835 111
854 308
166 817
160 795
23 552
663 87
201 958
729 642
937 740
183 751
901 560
684 153
307 913
867 95
770 155
264 196
374 655
458 349
346 882
922 686
331 17
12 832
541 114
850 343
7 459
609 706
72 447
907 317
669 475
547 628
77 114
467 110
201 703
534 453
710 458
878 545
353 112
385 590
906 120
111 215
856 200
997 142
703 865
104 46
173 816
972 121
91 322
466 710
439 787
685 49
56 563
270 238
323 330
643 139
760 231
570 6
158 728
615 672
399 785
252 389
687 886
128 976
581 411
327 623
411 907
195 643
777 34
631 531
635 342
174 721
106 899
142 776
911 786
227 886
323 377
487 880
109 146
621 124
26 363
935 405
826 822
101 477
27 369
850 399
136 697
501 8
632 195
439 211
881 996
918 362
705 415
905 647
499 713
814 414
761 806
663 388
107 244
414 159
368 241
324 947
880 229
341 743
204 798
567 816
91 462
188 276
759 500
693 745
586 46
224 282
390 899
462 256
235 446
489 243
312 544
434 343
759 332
244 176
287 486
244 971
955 22
329 786
104 232
961 831
915 458
697 685
762 960
988 941
18 767
684 230
312 374
28 80
856 836
287 520
385 969
825 532
429 454
558 701
190 557
636 211
861 911
676 224
532 387
56 22
608 933
803 779
273 913
72 81
218 277
1000 142
424 14
443 508
984 729
945 836
97 56
936 636
117 254
559 291
840 102
192 866
431 160
706 199
737 212
476 352
656 373
933 190
254 463
547 686
211 646
779 360
975 477
703 392
419 745
369 193
794 293
942 243
82 536
295 836
132 521
74 391
903 244
495 169
432 200
396 485
19 61
803 752
484 185
759 549
347 81
410 916
341 902
926 950
318 215
629 27
703 250
222 152
266 705
28 893
230 121
93 94
57 887
680 44
741 226
841 89
52 349
907 343
607 387
131 999
146 425
423 457
180 909
253 722
278 522
878 369
397 540
929 159
748 256
724 916
184 325
67 384
253 359
976 948
715 598
856 49
837 575
359 495
630 989
325 563
908 541
431 598
30 991
221 751
638 553
77 442
762 426
586 199
489 409
356 782
376 813
428 12
793 381
3 196
226 423
997 108
522 760
164 748
954 489
882 378
441 378
321 297
405 719
226 927
311 720
132 827
727 178
682 737
23 408
55 726
387 434
207 681
238 933
228 980
676 203
643 89
972 88
356 323
260 742
948 10
429 866
96 890
201 465
464 44
838 221
483 449
248 178
671 727
948 525
204 449
359 121
61 184
318 920
191 745
856 730
954 419
524 847
960 269
672 709
263 486
511 605
205 341
26 495
993 111
63 438
787 470
957 162
608 874
756 588
159 148
353 858
613 893
307 214
581 14
965 89
987 746
962 248
861 198
510 412
411 860
301 983
221 889
111 780
551 712
349 202
351 189
515 700
807 327
