150 2364 30
4411 3030 16
3189 711 29
3087 155 15
234 3772 20
1325 3814 25
1006 1871 13
104 2574 19
3045 2172 30
4601 2449 14
1090 386 23
12 3209 19
549 3726 8
3408 1091 17
4542 4389 30
5 1628 30
4169 2988 25
3326 1203 24
4860 3037 14
2596 2128 24
48 1586 16
2625 714 25
996 3789 20
3210 1582 27
1219 1975 3
3333 4989 3
2660 4819 29
3261 3107 5
2643 281 20
2659 3118 19
2573 663 8
2919 2506 21
2729 1822 8
242 1462 29
3686 960 7
4592 3694 23
4075 4952 18
3396 818 4
3399 4045 9
2095 2907 26
2380 3087 30
3590 4622 2
1359 3275 24
4967 2617 20
1614 2836 8
2708 3597 4
1008 729 19
1373 2148 22
527 2505 4
3037 4180 24
1349 705 16
4 2164 9
4564 87 4
578 3122 24
2910 4038 1
1652 2498 3
3832 1731 2
3213 4011 13
1783 431 25
4337 1865 13
4594 1691 17
1694 3849 18
1959 2365 23
4787 2424 16
398 2645 29
2092 4195 12
559 781 23
846 366 11
1960 386 17
3429 3551 1
1279 2185 3
1316 3242 1
4766 3695 5
4209 1182 22
3020 2059 1
4650 2708 6
2215 4963 8
3818 3959 29
41 2271 2
3782 528 3
1144 1529 8
3882 3570 6
4788 3695 10
418 2522 15
4612 3625 28
4012 411 24
3064 949 23
777 4429 18
4249 4882 28
4705 4636 27
2965 2515 1
391 3987 9
1251 4812 27
25 4801 9
2999 4283 6
3988 2507 8
4460 399 20
1634 1011 14
711 2683 23
4470 461 8
1395 2162 28
3167 3571 1
996 1599 10
304 2554 18
211 1054 29
2667 2829 28
2548 1636 7
1138 3982 25
144 3367 11
4461 4319 19
4754 2924 5
4271 659 30
4803 924 11
4710 2209 16
426 3850 24
931 472 18
1077 4526 23
1311 3362 17
1221 4950 17
2025 4054 2
1287 2489 23
4247 1640 9
4718 2138 1
3517 2814 10
4423 1431 24
4637 1968 16
1329 770 13
751 685 20
487 2207 15
4618 4181 12
1466 2764 4
3408 4560 19
1192 3241 11
488 1143 27
3042 4436 19
4951 3353 16
2124 4210 30
4907 572 5
67 933 9
1530 3467 16
4342 4195 6
1967 1240 3
2883 1522 21
2864 3621 28
2313 2894 14
3764 2011 10
833 1621 24
3310 159 18
3412 3326 17
4688 1409 21
2834 1771 22
115 1924
4537 4537
428 4723
3645 3428
2584 1149
3722 3966
927 1496
3843 1327
2714 2096
1519 1292
3266 4702
86 3167
2770 3221
874 3612
88 3180
4182 3959
3072 1495
9 1876
440 484
3308 565
822 3327
451 817
1348 4503
4879 4750
2996 207
3856 4696
3377 3618
2777 1033
4318 4482
1896 4685
2132 961
1421 4533
297 4788
2530 3586
2870 3555
1092 4051
881 325
2310 1502
4760 232
4517 4304
3969 2613
4087 2416
3336 845
4808 364
4471 1346
3602 766
3436 1967
4871 1761
5000 2272
162 4849
742 2740
1892 4253
4144 4227
4515 1469
2440 2211
2213 3207
2585 4117
3679 619
120 3289
1705 82
2861 1485
2756 606
4829 3835
2714 3403
1539 4807
11 3558
1367 4761
2272 2760
3801 2067
2923 3147
1803 2452
3255 4973
1422 105
1532 4737
4631 3125
3731 4451
4666 2910
4553 1463
2525 4911
1610 3902
3346 3359
2559 739
1189 1274
433 3930
1075 3021
1117 1576
4670 2321
3273 2769
1295 2963
359 4474
621 2694
2918 3744
808 262
2578 4452
267 4178
591 935
4984 3568
3515 973
1477 3288
2320 4034
1957 3633
2361 4753
1777 683
589 4345
4128 2227
4703 3672
652 2635
2279 3238
4514 1904
1352 2493
43 1006
2887 4298
311 2740
2517 4517
1487 1054
4737 84
4493 3959
896 2389
4837 1488
367 4106
2307 623
684 2118
2144 3604
2295 4371
3211 699
3908 4430
920 3593
3654 2695
3281 4446
3257 1520
3523 1991
2476 3109
3862 134
4653 3526
1269 541
1691 3509
565 2260
806 2454
2415 1077
2337 1917
3940 2020
4425 958
2607 895
1778 485
3420 2839
1724 1084
2652 1094
4198 3668
758 3766
650 2479
1362 469
4303 2718
1075 1337
1955 3109
2316 2232
175 274
2233 2846
2555 4373
4985 615
3875 4114
2814 482
2724 3908
3855 1417
3030 2939
3386 1535
249 1975
4320 3172
3776 4208
4404 4307
1833 1929
3273 4564
533 4164
2628 1697
1467 2502
3010 540
3213 1926
2290 3186
2803 643
4783 178
4478 4343
2547 3805
4291 1893
4642 359
1834 2836
1262 1041
1015 823
38 325
1414 2990
2630 1403
778 2921
751 3652
77 4281
4544 1989
4125 4463
2108 695
792 4048
4897 3422
2735 2237
4615 4602
3361 4750
441 1969
2010 165
4130 1040
2205 632
3936 4827
3425 3220
3837 1797
3389 4033
555 4692
160 2710
2669 1820
487 2800
867 4814
1237 967
543 4913
3182 4947
758 3039
4829 437
899 2411
4678 3655
2361 150
1413 166
2372 416
4332 494
2144 2743
4346 1945
3187 1431
2858 3642
3288 1394
1209 807
4908 1324
2879 4173
755 3061
3537 4878
4454 4538
287 3434
1547 2750
1870 1483
950 3367
1314 459
2450 4671
3716 850
4781 858
1927 2290
1836 3793
2912 4832
495 380
2139 4132
3465 4380
2769 1289
748 4013
697 998
761 3672
1086 2145
11 4592
1652 4922
73 4319
323 4942
2478 442
3020 4041
1421 2728
812 4232
571 4443
2722 461
3698 245
423 1469
3371 3482
1179 4185
3203 4523
1447 1013
271 4256
4930 2766
196 2511
3338 3618
2798 1924
4665 1704
1060 1777
994 4624
1718 2445
533 3021
2109 2385
3127 4081
2184 2408
194 4546
3996 95
947 1121
4543 2655
3665 5
3406 4925
3236 4430
2522 4066
1949 2747
2752 4791
3760 2834
329 1949
4130 3604
1409 1016
2640 3519
3273 3639
3159 3760
1215 2508
58 758
987 3188
3968 2279
1879 4811
736 312
1013 2226
1848 4016
982 1332
1960 4515
3105 2312
2181 3538
947 2467
3891 1863
2060 1118
3821 4422
1859 2204
4350 1774
716 3017
1274 3772
536 3058
900 187
2348 4058
2984 875
4969 619
61 2936
4970 442
4441 4137
602 1018
1731 3562
3746 1090
4731 1607
423 4395
258 4778
2651 1382
499 1458
1230 1160
934 4206
1677 1335
4864 4545
1604 2585
958 2313
691 556
3612 4020
3462 1006
1536 677
1439 4254
4219 218
2125 4066
4120 3040
2492 1230
3548 3209
2711 1856
2250 3197
3865 2606
4740 3416
1893 4464
2158 2027
3880 3058
2131 4779
596 845
3336 2847
4609 3040
4408 1710
3135 137
3454 762
2796 1096
1641 1791
3299 748
1505 4320
9 3443
1103 4764
4858 3216
814 691
1954 2409
2653 3806
942 1601
4481 4607
2908 774
1327 4764
4390 1450
1622 1589
202 1057
2938 3526
1437 2194
4539 2614
4473 171
3555 1991
4778 1485
404 244
302 59
4980 4839
2040 3547
1527 177
1458 2977
3619 2343
4294 1098
4529 4080
4114 4622
2605 766
3049 4645
793 2424
3799 253
2733 2402
1130 3390
4043 679
4248 1554
3897 3045
1961 483
1032 3409
498 2311
1074 4228
2211 988
427 3027
3546 2248
3670 659
3276 1439
4754 228
2402 4215
2978 949
214 2139
2304 3337
2630 4503
672 2989
4374 2357
2300 3357
282 1737
2256 880
1665 3541
2834 164
549 2205
1104 383
2365 815
842 4436
2015 2273
735 2560
2107 4357
3217 2852
4184 3610
1950 2346
1589 4314
1836 281
4702 867
438 4732
437 1399
2598 1960
2105 4450
2374 3369
3567 2729
4792 4944
1063 2168
2628 417
852 877
3100 3621
1427 2241
2863 4798
3000 1055
245 1509
4205 3294
4254 4193
2235 1848
2583 2119
1753 2175
718 3164
3604 3853
2711 2187
1870 2136
4389 2663
4492 3051
3298 1424
2701 4260
4292 1341
836 2843
2895 3224
1410 381
117 2744
652 1719
1900 4467
2343 2691
4696 2966
481 3986
4704 3615
728 3147
3475 390
315 2351
4756 3220
1479 2718
138 1624
3785 272
151 1842
3561 2324
135 3152
2941 1565
3131 4586
1484 2667
950 3135
675 3929
4747 804
4242 2842
1678 554
237 4833
4982 2004
2565 4646
3055 454
627 1572
8 3946
4856 1063
3928 1195
4475 2535
610 29
1789 468
2398 2071
878 4963
1663 2261
1642 1702
1952 1420
934 3061
1334 1730
4535 3702
855 1484
568 434
2275 4461
930 1596
747 4586
3928 829
2296 3648
4640 2974
903 3637
4505 3575
2726 3446
4955 2920
2574 3276
4076 2760
4259 453
3335 1774
558 1281
4691 883
201 4142
615 2575
1413 131
4207 2738
4749 417
3985 102
3350 701
1120 698
1224 3569
4359 2205
1377 4991
4810 3952
3761 47
3728 3686
2167 4954
2883 4142
3486 805
3506 4080
4535 1377
4698 3372
2380 3845
4749 1620
1338 3098
4588 608
1053 1155
4755 3686
3160 630
4412 376
1700 2874
4975 4585
1349 1330
1391 859
3196 4079
4344 4169
2582 1268
714 1621
1282 1300
2033 334
4367 909
4518 1829
2496 2533
2755 644
57 2972
1422 3213
1522 4657
2048 2568
2511 1028
3024 2665
1755 2675
2217 4682
2304 1491
4778 4690
3198 4986
1257 4623
468 3721
1329 4106
1107 3161
235 4987
1549 3913
1084 725
1728 2928
3650 166
1869 2557
1871 2866
2194 3647
1128 1552
124 3860
3821 4094
4123 4882
4066 322
875 1682
1847 3446
230 4216
2007 1697
2400 1235
1883 1809
2472 614
3515 4840
3163 1822
3462 1162
4474 4170
2535 1555
4822 4527
240 1438
3386 3927
1034 4658
3941 2487
4939 1548
2222 2729
3095 1214
2725 3571
2832 620
3699 855
4417 4773
148 328
4226 1796
81 521
895 2431
3409 4255
1516 3649
2169 2042
824 2435
4324 908
2251 4178
977 2968
2098 35
2910 9
1017 4860
4749 4764
1774 197
4893 3130
2660 2254
754 2332
3143 1831
144 1651
4762 597
2319 4453
4781 4091
1428 4300
2635 234
4354 4406
1303 3350
3639 312
4773 2124
1175 2992
1754 2208
1592 3467
3741 2789
1298 4374
4858 3905
212 1208
4243 1200
2417 26
3236 1297
2343 4706
4871 3778
3442 4723
2203 443
4806 2115
3066 3854
3809 3037
3827 2739
2174 4987
805 3055
3616 1793
4778 1749
2817 4168
3847 415
243 1981
3753 42
2636 1840
1530 3870
1491 2604
2676 4203
1788 388
2356 3154
1236 2367
4614 82
3615 2297
1709 964
4800 2785
2626 2918
65 3597
1860 2814
432 2477
4056 4252
3074 1587
3737 2205
2689 454
2918 3936
2822 3645
2608 1077
2943 4778
3046 2112
2159 1020
4895 3114
2662 3781
4651 2861
2604 2239
2440 1123
4582 3478
959 3757
4545 2763
2912 3307
4856 2425
135 2913
3426 1902
4755 637
1530 4728
502 3707
4246 4397
1818 4928
213 1568
4911 790
4152 4329
4968 4085
1818 981
2318 2472
4601 1742
4176 3741
39 2422
1509 4355
2589 122
88 3658
3888 1983
469 37
4025 4714
51 3880
721 1784
3610 4981
2573 4741
3901 2951
2622 4496
1349 2497
3534 2029
4876 4549
657 779
1883 463
4991 3334
2982 1297
4527 979
4124 1025
3035 1442
2487 3918
101 1479
1100 4929
1091 1081
1247 457
4103 2301
3009 4457
1900 4392
863 612
555 153
2024 2919
3608 4102
1102 1944
4575 2906
444 2367
230 3151
3790 4532
4368 584
2282 2127
1372 2168
1851 1255
4172 1220
3558 4076
4908 4516
1909 4243
1264 1037
1272 4483
2 4419
1572 1132
3507 3086
2590 1723
4126 4633
2601 2262
1506 1681
3888 1141
4744 2543
1443 932
2397 2405
3825 2745
1263 2685
3845 779
3488 3243
3915 4558
3510 2011
2549 3303
4313 4653
591 3614
1823 2706
3260 1567
2708 3460
259 519
4213 4380
93 3498
672 31
2948 1319
4068 926
3905 2424
4902 3227
1503 4985
1014 3867
4168 4585
3896 1230
4988 4685
1806 1252
1797 4249
524 2621
1690 2699
1681 1856
4023 4645
2057 1308
1709 3406
226 2590
419 3850
4293 3341
1351 3080
3384 4370
4907 3241
3291 2169
2527 1839
4844 2957
4590 4549
4054 821
3236 147
4981 3384
2074 1512
2807 412
4837 2477
3577 597
329 381
2760 3000
255 3535
1307 824
3516 1265
3092 4070
4459 2413
2291 1367
1179 2954
443 2624
2534 1214
3097 952
3298 228
890 198
3247 4755
3230 4908
3785 4080
4048 4862
2639 446
1370 1422
279 3090
2294 654
2793 1590
2674 3715
3473 3127
305 3946
2435 2169
2307 4293
3302 1326
1741 2020
269 133
458 4409
2397 2624
3668 13
1649 1824
4232 820
2116 2808
2619 728
1411 29
2926 477
2157 3701
2204 3153
1232 4877
3 3544
4525 196
1965 975
1366 4102
1283 3679
4222 1116
1629 2403
1291 2933
4650 1373
4946 260
2835 4279
1149 1225
4569 2760
3212 4264
2826 2581
3546 4382
4639 3484
2339 138
4059 484
4322 774
752 2585
4754 2878
3549 3371
3840 2971
3416 4452
4488 1566
3554 346
4958 4538
4576 4323
990 4340
2653 3018
4028 174
1005 3976
3272 2911
783 1560
7 1411
843 3027
3129 3672
2545 1485
1755 1210
3684 4039
99 3104
4786 3530
3435 3874
4798 4527
2633 4852
597 2714
2254 4317
3071 3875
3685 4792
4369 3831
1369 328
1124 779
3110 1323
4823 383
460 2207
2991 1114
4890 3545
1780 890
3438 3326
2811 2202
2078 2519
850 2743
3522 3612
4013 2702
2775 4503
2418 564
4541 4473
458 2799
4447 4268
2745 1017
248 159
375 86
15 2752
3198 3284
1569 4644
1881 1201
237 3054
1832 2861
4956 2527
2221 2820
511 3396
3504 1527
1493 2445
2916 3882
3741 829
1248 2922
1383 3678
3434 3830
4249 1093
2476 1008
4074 2662
3867 3220
381 4199
1864 2992
2263 2262
3349 3160
4473 2717
569 3949
507 2111
2515 2727
2846 4535
4627 463
1432 186
1544 1581
3314 4513
980 485
1089 3770
1620 758
4596 995
3584 3951
707 1
1121 2905
3985 1958
1887 3985
1730 2486
1749 2518
3407 3527
1788 4183
639 2744
1857 3291
345 1549
3337 2153
2739 4330
4278 3270
37 3843
3039 2706
3006 4730
1930 4631
4866 3390
367 2897
214 4227
1537 2021
877 1356
4348 2125
1899 3873
1196 2347
469 2570
2367 1449
1609 3427
3031 1781
1283 3144
1641 1548
1742 2945
194 2464
1210 551
4557 1385
740 2661
4860 1894
4784 297
1359 4011
2687 1852
3332 457
3498 4250
399 3905
918 4436
1672 588
664 4394
3466 806
1667 2602
3619 187
1157 4631
1542 4363
4316 4402
1373 4490
4883 4065
4162 1722
764 3791
3657 3035
3464 2599
3820 4816
4202 3238
1190 3699
203 2638
4378 4521
98 2588
666 2166
2742 2406
3390 2423
758 1274
4848 3153
3834 4884
1904 366
3588 2431
2678 4759
1281 4735
3788 32
58 3162
2152 2260
3582 1491
3645 1576
4973 125
4619 29
3359 2487
1383 1021
100 1697
2922 2654
4753 3381
2301 3137
4918 2853
2740 2587
4527 1650
4224 1655
4709 3322
3566 4140
512 4725
3167 565
2541 362
259 3835
2065 3566
2223 993
4034 2139
3072 2815
2200 4769
845 4103
4804 737
3215 3401
2912 985
4669 226
3625 4891
4607 352
4319 4632
1126 3863
1304 3652
4843 1676
3979 1720
4130 121
3107 237
2381 812
1755 1577
657 2785
103 3048
3793 4686
377 2900
4755 1506
250 3949
441 3670
4856 4058
4953 2315
504 4897
282 3132
2829 2006
1767 1854
3841 2375
3172 257
1795 3156
2420 4138
1357 3955
4226 3572
4222 2475
4832 4199
4356 4399
1433 3229
3916 4600
4914 1095
294 2865
3600 426
2341 2567
1376 1732
4097 2562
2805 4167
1113 1047
4849 1692
4972 820
1611 2269
3660 969
2882 2750
4060 793
98 1678
2353 2363
2198 3403
4744 878
3257 956
4699 1646
634 3061
1887 3831
3228 1794
1698 851
1544 3933
1861 1742
2630 125
1745 958
22 3345
2445 403
4972 4107
1828 4686
1288 3585
622 2285
1020 2231
3302 4422
2356 524
3185 4835
4807 1652
3764 3311
905 4101
685 2942
3448 531
1422 10
1333 1487
3153 328
3576 2131
3213 677
4462 1600
827 3381
1269 4104
4976 759
2152 1265
1637 220
1853 4078
1382 2543
1520 292
4215 2674
2804 2274
3979 311
1959 3727
654 2270
1862 2800
3114 1855
84 3360
718 2643
2618 2026
3314 4149
4153 1756
2548 4080
1273 2319
4762 1850
2429 826
1478 1085
4031 2379
438 2912
3905 2895
1960 3862
654 2113
4644 4142
4949 3324
1218 4130
4377 4465
2610 164
2079 4167
4369 839
1260 3084
359 1929
3400 4062
1878 616
2481 3395
466 2970
1253 3663
403 2366
1983 4155
3505 3063
4522 2940
1649 3082
391 4516
4836 4439
917 1538
258 946
2479 770
1934 581
4026 3030
4209 1079
2618 4251
4013 3316
1115 4067
2153 897
3322 1489
718 2195
4003 3028
614 4141
2881 4526
4679 2846
4212 2225
1468 967
1470 4746
966 2084
1707 2951
2965 2007
382 509
3976 2948
1065 2728
2553 4440
2641 1877
1907 2542
4744 228
3501 1172
2925 95
4835 2397
3054 402
3080 2132
501 3836
722 2538
3787 273
2757 309
820 4835
2780 326
1171 3564
1622 360
304 4194
3663 1189
3323 702
2704 1789
4472 2257
4534 4683
4476 2295
2830 1997
1081 3467
2580 4252
3886 1332
818 3732
4190 80
60 525
311 4506
4615 1054
1737 2315
4823 3177
3247 3703
1541 524
1419 4312
2508 345
1977 1457
2321 817
3255 4747
3675 4870
608 3496
276 4697
4571 4623
966 1284
3569 117
4513 974
763 3745
2351 1487
3730 3995
3312 637
457 3870
734 4684
4802 31
3897 4621
864 2604
1396 311
1659 4035
1669 4971
3424 1928
52 3095
3059 1536
2861 1575
2032 2322
2202 71
4123 686
2050 4164
1624 1861
1621 749
555 298
1242 277
3615 221
312 3804
3694 3165
3388 2531
989 2818
1898 1207
2656 3240
4069 4068
2017 2341
1757 2844
1584 2083
4096 2282
271 3823
4334 529
2663 2144
4881 822
3431 2678
4154 2425
393 4447
2834 3172
1234 2645
3298 4314
1688 4014
3065 1611
144 4703
1594 2912
987 2183
3882 3755
4803 1192
2255 2191
3668 4163
4656 2424
2371 733
2151 3581
1345 1863
27 2523
2186 531
4989 338
4609 354
1809 4341
1357 1284
2701 2230
111 1204
59 72
715 1708
2488 2637
4261 3635
2185 4224
2511 3112
2336 4062
1281 4127
4108 2616
4022 4314
3256 1281
1203 1476
2056 2271
3817 2375
4503 4828
1286 3295
1497 4233
685 1777
2445 3081
168 2514
1167 3525
3278 2909
4254 1138
4158 453
1816 4686
4426 4556
3841 1455
2194 3376
627 1704
1197 4031
3686 4983
2785 335
1176 3912
3541 1050
4516 634
2901 4303
1218 185
2934 3829
3357 4674
1545 4565
2510 999
3461 4869
549 882
4191 1665
3068 1138
1834 828
163 1603
4077 2755
908 4429
4626 2751
1648 1516
2244 3269
2418 1725
4140 2081
2573 1840
1763 1207
3675 2413
1450 1000
3449 4770
2197 3146
66 2030
4627 2633
3783 538
2944 3931
1993 2514
241 1432
647 3886
725 3238
2399 1488
4359 2154
3222 4797
3517 3032
3266 3720
3133 2312
4792 2332
3777 4969
4245 1294
2981 4541
2633 1635
756 1543
147 1226
4443 4268
3637 4810
926 3851
699 462
1053 1547
3399 188
1604 1410
4324 1135
9 683
4783 3939
3785 2623
2827 265
4590 3308
2879 35
1610 4835
1382 2939
4114 3154
2884 2619
973 1400
4899 2782
4555 4214
1279 1127
1676 2694
2659 1042
2958 254
1272 2532
919 744
262 3447
1983 617
134 4380
822 972
1829 790
2100 1827
3077 4734
4263 1197
4545 2830
4039 717
1272 2068
1822 4652
2936 4619
3292 4555
259 4441
291 2222
1674 1884
599 1817
3979 1669
3668 817
4522 41
4680 4131
4727 4171
3909 108
2062 3377
2610 350
540 4074
3592 4049
436 251
1223 4457
3264 2599
2956 478
2264 457
4528 2600
1973 4854
3551 2713
3742 150
4006 2904
2359 4214
4027 88
1332 631
2788 3947
1674 1862
4550 3594
1356 3203
1289 3949
386 1074
2963 1263
4988 2817
726 2901
3207 3273
2660 674
2793 2765
773 1392
789 2350
3187 2658
2164 3700
3348 4541
4893 3208
1481 1302
4416 3769
4613 4026
2129 4192
4160 1477
306 1817
542 4463
1607 1594
3015 3130
2390 1637
3501 1377
3224 448
2437 3704
1391 3943
3487 4884
4209 3428
2962 2556
3772 3271
857 211
4809 2848
3389 2634
703 649
704 4041
3788 4129
2140 687
4282 3359
661 2269
2202 342
978 2067
2616 2090
4743 4681
1576 2832
1911 708
3928 3948
4706 3572
521 4819
4284 4068
1903 4719
4573 1566
3811 3627
171 2824
4162 4583
83 2006
4418 2189
1479 4487
1357 3202
4341 1234
4177 2409
2566 2459
2869 2337
4891 283
2361 3927
4171 3364
649 3858
4268 3657
85 1512
3399 2445
1181 4019
3562 2449
3588 3922
3864 355
3304 1277
545 2790
1494 4810
4612 525
4669 2848
1433 3199
3998 4383
1579 3815
762 1743
3095 1089
29 1013
3826 1274
3160 4419
993 4015
3414 3648
4862 398
4081 2624
2740 2219
4594 166
2691 4216
3347 1595
4245 112
2856 1136
2655 1587
1498 1779
4242 3856
3501 4361
4632 2899
19 1806
3435 3716
4472 4520
4678 3421
4005 1902
1369 4625
2292 2439
346 3471
835 3541
1716 2158
3898 2963
3445 2262
559 2838
129 4387
1518 3076
1618 160
3760 3016
4602 3208
4576 1576
1326 785
4386 1521
1493 963
2277 1590
4177 520
2866 4878
472 2213
255 2257
4306 3451
4658 4098
3147 3882
4268 1886
4685 2591
201 1588
4386 3896
4639 3893
2651 2760
960 4526
1439 679
3757 3984
4909 2127
1790 3375
4157 1476
644 2834
3086 3178
4167 1573
2809 2225
2819 1053
488 3513
3614 1789
4700 4991
1730 30
3572 4333
2260 4175
937 992
75 413
599 1248
2696 1072
2222 4934
881 3828
484 1564
2006 3983
3491 265
1883 1703
1794 387
3514 369
1126 2609
744 3066
3826 931
1601 1490
3392 4803
1812 2498
4714 1549
2182 2075
2701 1645
2392 756
3989 3387
2449 1309
4853 1686
50 4736
3677 860
4848 2683
4975 4395
1723 3108
3220 4717
1509 4982
1012 1665
3273 3012
2778 1020
4591 1819
2127 4985
4621 587
1227 912
2323 3481
1777 2896
925 293
948 1601
3674 2192
4398 3413
1442 3982
2734 511
2731 1277
3250 763
1390 1019
4694 1923
1341 1041
1200 41
1540 245
1662 2988
406 1695
2873 1254
1427 568
4455 1475
3237 1482
4901 3924
2107 2717
3042 1522
1281 1705
3811 4205
2147 3211
3050 3616
3796 3820
4070 2732
3268 1331
71 4846
874 4642
4575 4876
4275 142
122 145
1480 1503
1642 3370
4478 3148
3314 1114
565 4038
2919 830
1946 2725
2876 3398
4072 2479
595 1441
3946 3125
3300 1351
3676 2664
4041 285
442 1683
2218 1058
3296 4755
2334 4364
2065 2027
2169 2145
4378 751
5 4949
486 745
4514 4287
2395 4957
3700 1657
3958 4661
3440 3697
1654 3355
960 2916
3928 2972
625 1303
951 4806
111 4853
2574 1142
3381 1569
3978 1146
565 3120
720 863
839 2948
755 1471
2086 3792
4300 2331
2877 4976
1537 1272
3933 1345
4183 2443
2602 4635
1209 2010
3158 1854
2828 2158
570 4399
3127 1137
833 2030
1106 1771
64 2064
4215 4564
3964 1868
1283 2916
1563 1375
2540 3772
2174 3359
4654 1940
2492 2904
2463 2321
375 1378
4693 112
625 713
4491 1325
4655 2257
156 2075
4752 4594
2604 4498
2224 1925
3952 2722
3917 2192
1418 2183
4742 2699
2465 1818
987 1418
449 2730
1286 841
1478 3715
1551 4813
3885 3165
3361 2099
363 2795
3829 765
45 321
4446 2017
2683 2461
3604 4070
149 4771
546 3832
2465 73
2234 944
3585 4481
2100 810
1183 3542
2123 1426
2478 974
3168 2191
4571 4406
944 429
605 1519
2917 3190
2793 601
1057 2518
884 194
767 116
1527 87
4762 2766
4328 3031
3642 3415
269 3007
2330 1075
3322 3952
2017 2644
2528 3067
2628 2910
2949 4554
173 3411
2886 532
1379 2306
127 4677
548 2357
1335 4207
3075 4479
133 1872
3433 4960
544 4391
3820 4126
2375 81
85 590
3479 4276
3459 2753
4124 4776
3232 489
2221 4714
1224 2541
3944 3880
506 4881
4902 586
2516 3771
4756 3744
4333 4525
4269 757
4428 180
3118 1596
4932 4236
484 3336
385 465
3597 2270
1597 193
555 3576
3018 2845
4543 4697
4089 1372
4538 3104
963 2643
2690 4698
272 2960
2299 3905
2188 3539
4331 4524
253 4361
2235 1471
4502 3596
4975 994
2492 221
1767 1392
4216 4783
3062 1323
3730 733
2661 407
4855 741
3824 714
2064 1228
1711 545
3190 4538
3404 2834
1943 3482
1290 4865
661 3988
4967 4250
1361 2745
3332 1508
3362 4365
4852 4388
987 3294
2521 4228
742 1183
4150 335
4157 4713
2976 4432
2809 4879
752 2771
4699 2754
4785 2290
2633 1565
1791 3406
1199 2349
639 3875
2069 780
4132 134
1516 4105
4212 4319
461 3748
2985 4277
2077 4851
3477 1320
341 4118
4722 3947
4930 3176
4036 201
3644 4336
2535 1168
2995 1201
4739 2801
1229 2356
413 1699
4112 2208
3819 2907
4422 2963
4092 4968
3178 3724
4408 30
137 1218
1159 2303
3657 2572
2968 1201
4442 4520
1872 510
1698 651
2750 3369
218 1994
106 1140
2676 1656
3738 4196
2894 154
3167 3793
2056 1778
2100 3737
4292 2329
4053 4120
4525 603
1813 3293
2851 76
2455 2914
4116 16
2455 4777
958 1576
2295 4232
566 976
2676 3504
2179 1275
4710 1204
3488 241
3484 3093
2087 4487
1339 4196
3497 891
362 4565
4360 4391
389 3128
2046 3921
614 3998
3341 3269
1678 2232
1875 2447
4789 3767
214 3975
2528 4939
4690 858
4988 1482
3981 2415
3775 3836
4766 4904
39 1633
1909 3177
1366 1388
4632 3179
4400 3565
956 4795
4092 4339
4495 119
2363 173
13 1933
4201 3241
1274 1731
4832 451
1723 3092
1802 922
3375 4237
2046 2316
1567 3810
305 226
558 4912
3748 4377
88 325
4625 141
3813 4418
3671 287
4197 1936
4260 536
4548 1378
3867 1775
2673 4063
946 3181
3949 293
461 12
1869 2187
230 2344
3665 1962
801 4368
2384 1050
103 2663
361 3147
2755 2948
2648 3197
2523 4971
3468 180
1143 983
1854 1389
658 3519
1544 352
3142 1016
4276 2403
2793 4323
4056 3792
2026 3027
822 4928
2689 3207
803 343
1997 1665
2585 4687
2374 686
3237 2883
984 4603
2566 3125
3038 2296
4307 129
2307 3849
3929 25
891 4273
3095 415
4015 3160
1063 3928
2714 23
4536 630
274 534
4181 1005
4839 2252
85 2813
1333 2930
4281 4562
4638 909
3600 4592
776 3224
1786 410
1453 3071
2476 4638
3834 55
2731 4418
1727 3613
1384 34
1113 412
3255 334
3781 2593
1898 3920
1547 2890
1359 1711
4577 1732
169 3335
1557 3229
2669 4435
1656 1399
1004 4859
2046 746
1107 2426
3439 262
71 743
679 3117
2421 1127
476 2631
769 1125
3501 4368
2206 542
1186 62
1528 2031
4812 1288
1070 1835
2548 4008
2027 4890
2250 1885
1953 3283
3628 1162
4874 3019
2861 2213
3809 270
2772 4353
4919 2426
4216 4847
4410 2685
2673 3120
4512 2884
3179 2972
16 1301
3117 1896
1340 4667
159 2979
427 2371
1866 922
399 4484
3401 1965
3461 4570
1476 2832
2780 2526
3348 1037
4141 3128
563 3820
4559 755
2477 2256
4093 3345
3447 4352
4149 4512
116 4878
664 3091
49 2488
2772 338
3740 3261
4222 1831
786 2209
4642 1177
2512 3482
431 3442
1441 2100
1062 4935
3513 4379
4492 1625
3437 767
4154 4974
4074 1611
3602 4209
2692 1299
4759 4173
798 1669
3680 227
164 4530
85 543
1379 1011
3805 994
3314 4501
2393 4925
1879 3285
2797 3033
325 4352
1577 1861
2511 3402
2513 3564
3592 4506
4652 4590
3737 4400
1656 3639
2411 2617
677 738
3558 2549
874 4774
2026 692
1175 1650
364 4850
1575 3345
3970 3275
2291 4971
4165 4638
2166 3189
770 2177
1808 152
1323 2219
3062 3144
605 250
1536 4628
481 4728
2443 3936
4738 3850
2675 2584
1197 4165
575 1606
1258 2817
4400 1353
2520 4455
712 3653
3057 24
3428 3609
1307 3417
3379 3177
1675 1864
2676 2144
4753 3124
2701 4264
4981 834
124 750
3093 4530
2508 4332
2806 2414
2324 4640
1394 305
1870 1369
3219 2211
1616 1570
3367 1474
919 1024
4568 2574
3080 441
4477 4889
2179 3598
1669 3803
4183 1328
566 250
3645 2918
3744 1339
4007 3938
2629 662
3960 2992
218 924
4759 2292
2181 623
3182 2735
3383 1362
1177 302
2267 4524
1928 1768
716 16
1440 3126
952 1151
2420 3430
2830 1178
3431 533
2523 3905
2308 3447
80 4797
1220 3617
1648 364
2732 4074
4961 2755
3518 298
2591 65
171 573
4912 4162
2056 2160
1908 2640
972 3190
4971 2481
4523 2475
182 3149
2563 1315
3274 2710
2155 1906
3925 1067
3025 1267
1555 3869
3120 2222
3407 4890
4362 4698
4333 1428
4466 124
3909 668
4026 2767
2671 1374
900 3882
778 2253
2171 3856
1820 2798
3131 636
4083 1271
2604 3126
3061 3325
3450 907
691 2586
4956 1482
2226 3068
452 4413
1497 572
3228 728
3232 2894
1181 3862
3358 2325
804 4827
2026 3625
4611 1272
3505 4012
4691 1664
1189 1790
3704 4927
