40 576 30
26 4864 5
3174 324 3
4108 1804 6
883 1159 8
2027 3798 1
4104 3825 18
491 3502 15
2336 3528 22
1563 3250 4
2092 4387 24
674 953 7
1805 3703 29
2208 2423 27
2327 2262 28
4270 2675 7
2782 4446 13
2361 4096 20
1267 1508 19
3796 3001 3
1618 4786 19
265 1200 3
1675 1672 4
533 2377 8
4492 4054 5
1760 1624 11
4065 998 20
3060 4486 12
3002 4333 21
633 1391 14
1233 1443 21
4990 2740 29
1335 2166 17
4743 689 17
4647 4168 17
1392 4624 14
1089 4332 17
2989 3214 10
3868 1127 7
4815 4279 19
4199 2080 29
1172 3692
3352 4800
197 827
4749 878
1620 4350
1082 2985
1021 323
4536 2440
973 1075
4819 355
2943 3113
4972 2282
1095 964
2110 2061
3338 3075
1366 65
4203 2136
2116 4597
212 2614
2457 1448
4684 2560
2171 3912
2397 1012
2159 2328
2727 4875
4072 3816
3701 1118
2505 2355
2021 1378
4247 2437
4812 3089
1223 3311
72 222
2446 1099
1582 3707
4547 3625
2018 2985
2364 2364
3115 4663
1029 4768
1797 4321
2334 1271
1778 2078
929 1580
2272 3742
2605 1860
551 4096
2341 3683
237 2680
4574 2292
3690 1694
1100 4616
3114 1539
1832 4132
3355 3401
2835 2944
1511 1608
3432 2718
3282 2847
1560 4229
185 1073
3913 1073
3670 2627
3823 4405
715 405
2205 1158
1393 1456
1785 250
3370 3124
1689 1421
96 4386
2622 4903
1784 1369
1071 2429
215 1433
2600 4756
4946 1876
2378 4614
2559 2902
2540 4454
720 4843
4988 610
3429 2620
4788 1539
1195 4036
2891 2792
2853 1796
2296 3958
4287 1330
2620 4546
3838 778
3620 3511
540 1351
2365 3878
1651 2703
703 3617
1442 1500
3444 1504
1177 4375
2670 1621
2665 2666
579 1805
390 3172
3143 623
3335 273
2934 4231
582 611
1056 878
445 3997
458 4399
2389 2090
522 1322
1333 2631
701 4857
1385 1049
3868 1243
2569 3195
4493 240
826 4758
1804 301
1044 1030
4809 1998
3503 456
2137 4957
56 520
4002 3044
2612 4440
2239 4670
2026 4521
2135 2952
1693 908
1224 2272
191 1476
11 4889
1087 277
914 4897
4172 2659
2695 3327
3529 3561
1064 236
828 1354
2548 3181
4629 3484
4260 3350
1293 2806
2195 4897
454 1720
4264 2963
954 3010
2395 3258
4488 3372
2558 1241
4177 434
3326 78
1734 1352
1175 4635
3430 4549
1180 763
2335 2003
2297 2253
1692 1227
4925 4082
1542 1688
3642 3579
576 475
2516 823
44 213
2953 1410
4136 3676
1477 4317
2305 4914
3288 3670
3484 517
3014 103
631 2034
4893 677
4593 3327
796 2179
4634 1683
4575 837
1566 2927
3591 3635
3210 3302
954 3315
4528 1439
3548 3941
790 4376
3975 4112
2930 1869
2663 1944
3249 2403
3136 4124
4029 1951
2490 4830
1237 1424
3971 690
405 4281
2189 2470
211 151
1354 4011
4895 609
4745 1533
4508 115
3762 2823
1710 2476
3421 2616
4734 580
1172 1078
346 4013
459 654
1410 4401
2693 612
1177 1922
1400 3936
3343 1903
4319 4131
2299 2720
2815 537
4593 4044
1554 117
3898 2898
802 1549
2071 4893
4218 3677
812 2243
3929 2948
3439 1703
2877 3415
4608 3886
1808 3337
1369 1717
2470 313
2923 4361
3664 2851
873 318
4709 4620
3132 3039
2712 2307
3362 2945
1711 4325
87 2420
4374 2886
2046 3206
3324 1120
2852 1242
4242 3777
2028 549
1572 926
4020 4251
3738 4253
1046 859
1300 2335
451 3076
1077 382
2549 842
2872 4484
1051 858
1023 515
442 683
4791 4674
4821 3205
4761 3507
2436 1698
3350 4847
4923 1013
3727 4381
3150 4514
2839 2490
4697 3022
1355 3886
3154 2851
4772 3466
3603 973
2518 1697
1398 1094
4955 4207
1129 3567
4754 2394
4193 1096
222 1702
423 4946
3635 1480
2382 2349
199 2059
3722 3719
3606 2921
1820 1662
734 882
3121 4890
1588 4219
899 3642
1686 4985
4860 3600
3512 4432
3212 3159
2099 2747
4745 858
1670 4466
1975 1141
3345 4027
4230 2978
3121 849
6 2635
1151 4196
4826 145
2568 4557
1736 928
3643 4093
3095 1001
3649 673
4440 2361
1161 1204
1511 2369
4914 3519
3088 4056
754 4481
4163 1007
1245 1778
3216 1683
2122 1708
2443 3896
3437 4336
3498 2931
2927 4592
3123 1510
3020 1784
213 4425
4292 3548
2694 3828
4876 3643
432 4028
2841 505
348 1593
1882 1680
1862 666
1797 2650
1513 3464
2585 1125
126 2790
2919 2554
1016 4534
1574 4401
1359 4099
1960 1323
776 3622
2533 3112
3393 2771
268 4659
3396 2026
458 569
868 1609
1231 260
4487 1631
110 4757
3055 3751
1899 2603
682 1579
4960 3686
739 3145
600 4519
1776 2731
3973 1224
623 4998
2299 2140
1144 4526
201 3899
999 93
43 4003
1774 4101
2331 1211
2602 3079
971 658
3411 2913
3526 1573
1671 3211
3296 3672
3626 3500
38 108
770 4121
1376 863
3819 2273
2421 1690
3593 1652
4360 4990
4135 340
377 1492
1995 4365
982 3363
2234 462
1196 8
2643 1971
1610 282
3410 4896
1997 4508
4255 1118
3998 2356
1171 2339
783 2476
4674 2138
786 2336
3791 4609
1464 2688
3964 2470
1367 130
4451 3166
3651 3197
1972 2143
2920 3299
2057 2337
872 3031
1564 804
3290 4396
2931 691
980 1960
1573 2675
3943 4143
2497 1062
640 2828
2846 3051
1198 2581
3781 1174
800 3364
4047 1239
3231 3219
2372 1538
3907 3296
887 4427
1225 4810
2499 4238
2623 312
3236 2809
738 1423
2775 173
1663 4025
2453 207
4257 1488
3271 2307
2299 2809
1293 1660
1785 332
1654 340
4549 585
1697 3349
3071 647
214 2516
111 1579
626 2645
2363 4330
4129 30
3226 2060
3996 2188
3846 1559
752 4164
4863 793
4818 687
2130 911
2334 3570
1745 742
2064 580
3938 2966
3833 1075
3795 2938
1287 1159
3239 3452
3160 837
889 4789
3827 1552
434 4054
2559 4030
4366 2948
2117 3116
4333 1645
3680 367
4870 4816
3913 749
4445 2369
973 4450
1688 4446
3211 4635
3357 2672
2570 2204
2419 3789
1296 137
4813 4771
2857 2295
2420 3488
2954 4171
2452 3374
3423 1811
2352 770
561 4737
1589 2567
3094 3205
1840 4626
421 3049
2675 4303
99 4548
1455 4893
747 3815
4928 2322
4841 3651
3903 109
1656 378
4134 1457
838 128
4173 210
2083 4785
3768 1834
2675 3867
399 440
2114 4079
4672 1026
3426 684
2792 886
2926 2754
1752 3432
2059 2428
3964 4255
780 4515
4073 3678
2101 38
362 4582
2913 3495
1845 1311
3983 4264
4034 4407
3094 4708
1612 1543
3662 1979
3918 3371
2189 1656
2456 4895
4678 85
3917 4100
26 2906
1944 252
3003 2938
2234 1085
777 2630
4678 2885
2180 162
3290 3197
3465 973
4255 3120
4770 2312
3251 3939
3844 4682
4241 3611
3635 2937
3072 1848
1888 2373
1818 324
3521 1893
1792 3186
636 4463
3765 1092
3673 1597
1900 909
1625 426
3141 521
3959 340
1406 1277
4634 346
4785 1597
1997 3107
2364 1180
183 3851
4466 1763
208 1903
1310 4093
4362 3914
798 4210
4772 3537
1133 1692
1434 3051
245 3794
