20 208 30
731 4974 30
1439 4327 10
1291 3896 16
2002 3696 25
2645 2910 26
3455 4205 27
4028 4046 6
4240 4886 1
542 3051 18
1949 4246 29
425 2370 10
233 4845 21
2792 438 3
4791 1129 2
263 1095 19
1015 3965 16
2468 3458 22
2545 996 26
4565 408 3
760 4432 1
744 2161
2863 2408
2241 853
2138 3896
3743 2945
3095 1507
282 562
402 2117
3921 3593
15 2242
1098 4493
3909 1455
2155 2015
2458 191
2703 579
2031 4217
4659 4630
4216 4139
4455 2276
1807 3826
1183 3651
3548 1795
2222 1441
1343 3124
4652 1498
2784 4419
296 2507
1745 3081
4102 2617
4404 4877
1424 2997
2109 4139
357 4504
3422 1943
861 2906
3567 1747
4320 2225
1578 3139
1569 2824
4560 1249
1316 1250
436 206
889 1986
3532 734
2772 195
188 1101
509 3060
3299 41
628 3301
4437 1541
4691 4886
4350 1401
1602 2671
4572 1010
1889 3257
4790 4034
3545 3998
3776 2554
1680 3138
2807 3590
642 645
4306 4527
2017 4877
208 70
2736 880
196 3716
4507 4407
2319 2216
2217 4327
821 992
3473 3856
3405 3530
1337 3241
2294 1940
2800 1116
1882 1479
3333 2591
2038 4699
513 692
3428 1255
4823 4873
667 4820
2623 3554
3723 2419
434 4059
35 1099
3821 4390
1458 4154
220 2773
2381 2076
3846 2305
3027 866
3511 637
3458 1541
2702 4928
1065 3128
3434 4356
1523 4004
337 3764
2040 4116
338 4002
1603 1308
4146 1813
1961 209
3575 3192
827 856
530 3219
4854 3813
2847 1477
256 1348
1452 917
3790 1919
4304 1479
1230 745
1082 1425
2217 3337
4302 2497
1422 2309
2162 3459
1658 3095
4496 1271
651 2500
3010 4028
2089 1326
4154 1807
1255 1418
4038 3816
2981 1404
4954 2250
3470 2904
3200 1962
613 3996
3365 961
3917 1701
2712 3253
4025 722
4568 2072
762 1462
3099 1102
4179 1966
817 2915
312 2657
1589 1826
696 3125
3730 2499
3075 3734
2742 59
2757 26
2009 4941
1639 1285
4880 3101
1161 2036
4335 1551
2645 3005
4743 2044
3313 337
4929 1450
4919 2512
4673 2878
3571 465
2736 4816
1276 2652
1145 2388
1735 2039
3997 1773
1124 453
4024 1246
4468 649
1640 4293
4728 4926
1847 4136
1417 3303
1979 513
3102 543
2062 1930
4239 3202
1848 3058
2134 4118
815 3888
2533 903
2171 2078
146 3718
38 303
987 2781
4650 3526
3762 3917
622 3503
3550 73
3496 3833
3387 4505
4701 1011
3667 3490
1944 3819
162 149
86 1698
3330 1494
1188 2380
1350 2170
2996 1462
3331 3663
1207 4231
2700 897
1132 4723
1435 1736
4275 3642
2895 3379
3860 4261
2338 3749
