20 50 5
316 249 2
969 497 4
772 670 3
493 308 1
82 393 2
996 361 5
934 144 4
38 294 4
533 63 3
700 462 5
563 396 2
397 367 5
149 906 5
353 918 3
520 457 4
704 769 4
495 989 4
847 955 3
730 629 4
849 184 5
840 385
404 10
981 317
24 396
544 775
452 651
521 95
406 950
229 425
503 911
303 649
801 244
766 908
911 479
499 999
974 417
169 695
438 648
638 433
945 705
774 911
141 711
628 281
664 660
773 430
147 119
17 364
716 517
965 805
161 210
396 26
770 937
695 80
536 961
487 779
335 246
639 383
730 604
666 614
841 418
780 376
44 148
451 283
392 58
488 516
393 529
203 836
963 862
922 289
255 987
