60 124 5
842 437 3
637 767 2
917 710 3
256 699 3
233 502 1
580 483 2
525 513 2
669 586 3
908 387 3
940 974 4
310 206 3
556 536 2
654 530 1
602 736 5
183 447 5
467 756 2
752 239 4
778 111 5
872 508 5
25 372 2
837 550 1
560 753 3
375 446 4
922 993 5
716 977 3
426 364 1
95 895 5
400 123 3
720 301 5
340 971 1
770 749 2
101 857 4
997 794 4
768 322 4
584 674 5
255 792 4
595 879 3
866 957 2
29 176 5
46 174 5
782 817 2
905 805 3
571 913 4
860 939 2
174 308 2
853 353 1
802 931 3
335 858 3
540 327 3
810 283 1
713 294 4
637 900 4
183 205 1
550 522 5
505 916 1
529 437 5
257 782 1
189 576 3
677 902 3
446 161 4
481 103
696 780
437 4
819 513
128 216
366 470
892 544
582 83
66 431
193 813
732 509
535 565
779 591
556 388
250 914
465 477
199 182
836 303
447 535
206 427
36 521
788 834
60 40
717 399
453 830
454 976
408 868
47 769
565 691
914 264
534 396
226 383
829 31
33 896
272 671
254 444
931 537
705 472
997 825
4 15
508 341
806 641
185 943
559 680
239 159
987 231
960 814
123 150
79 227
619 264
420 27
103 30
721 236
701 210
383 368
873 123
970 499
586 149
358 809
800 864
101 776
670 402
262 568
73 719
626 681
273 765
645 359
726 776
641 255
282 272
725 947
921 795
638 686
36 236
935 786
543 357
269 76
723 949
122 313
609 884
594 652
442 22
441 871
356 778
405 861
189 654
25 368
732 361
476 963
226 862
720 349
496 956
2 600
210 54
629 447
223 135
851 46
313 659
740 347
660 994
538 394
97 507
594 502
232 614
965 507
849 893
563 494
416 709
524 538
788 427
915 127
131 487
988 809
825 990
144 442
580 16
210 905
866 43
376 204
860 570
312 76
799 551
404 498
587 502
