90 878 30
783 703 9
1128 1514 26
581 4329 16
4175 2478 12
4947 3775 24
4270 1802 14
4857 784 2
2149 2176 22
1645 2346 21
4429 4917 4
2566 637 12
1551 3536 15
4155 1333 22
4936 4118 9
589 75 1
2894 1939 8
2982 2605 19
3407 4661 10
1202 2166 21
4465 2161 5
3385 4491 11
1155 432 25
840 4643 23
4592 3177 15
4672 3679 9
3422 1191 15
846 210 18
3289 2906 16
3710 4154 19
4913 1647 3
2976 4528 8
3089 701 25
1526 1351 12
2305 2279 24
1434 1074 12
1742 4952 19
2943 396 13
266 3176 23
2371 399 29
2805 1430 21
4843 3226 3
2722 1930 30
2492 2200 15
2421 2775 9
1037 722 29
4637 943 1
129 4628 29
1168 3064 23
1420 4721 17
2238 4009 2
181 2984 4
4015 2526 18
3444 4133 13
1314 2296 3
2560 4592 3
4704 140 19
3067 2776 21
1514 1672 4
3866 383 17
627 2472 20
4091 2105 15
4933 1028 1
3536 579 1
4943 1381 18
733 1937 10
2441 731 2
913 4701 2
301 4561 1
192 3464 20
2482 2943 3
2850 4467 1
1329 1813 13
1838 2442 12
108 2179 18
1488 3815 13
4359 1659 27
4921 544 20
4555 2912 19
3286 266 23
2961 4212 17
1622 3333 18
319 768 23
2502 194 12
3610 3449 16
406 4426 5
3863 117 12
1627 3210 30
3492 4339 27
1121 960 29
3393 166 14
241 2758
672 3612
4983 3835
59 1705
351 278
2059 3102
1205 4966
1625 3785
3923 4027
2103 1707
3331 1099
4565 2062
4691 2220
814 1170
1816 3668
229 2866
4803 1795
116 4778
1233 1469
1555 2547
1366 2913
1150 3965
3625 2805
1571 1964
79 1951
921 554
4932 155
4050 2100
2588 3206
535 4069
2406 3739
3082 1664
651 3604
2773 2721
3708 1235
569 20
3046 1491
2619 2396
2344 1463
1226 352
3850 310
3385 3785
856 1192
2333 4237
1590 3532
1738 2773
2703 2303
479 3012
3714 44
1140 2895
3166 4693
2094 663
1725 861
3114 1006
648 1748
1472 4349
3098 4303
1463 704
1369 3406
2515 4142
196 2272
1427 4935
2081 2980
1779 644
4622 3414
3553 3767
2500 1884
1199 687
2727 2052
4327 4841
1992 570
3799 2390
461 2588
3801 3009
647 3897
1661 567
3850 3181
2990 3228
2045 3407
1315 4047
1423 4636
2708 3738
4305 3937
1450 54
1849 3759
546 377
3507 2409
2585 1384
4181 640
2927 3860
1583 3882
8 4730
3847 2100
4911 4704
2369 630
3496 3603
1637 3981
721 3943
4768 4540
4944 2966
2383 1698
1388 3691
1091 461
3093 4100
3027 4973
601 3696
2381 4978
3744 4899
3153 2857
1523 3057
4624 550
4210 86
666 4811
3480 3309
4362 454
2934 2204
375 4790
3963 4147
4818 4006
1886 3070
1722 1420
3566 2655
242 4524
1641 2963
3909 1964
142 1309
292 2119
4316 3842
2376 3977
3606 1804
3131 3162
4227 696
1471 4429
2673 475
4727 3205
2860 2473
709 2016
4053 2402
2118 106
828 1798
311 1018
2901 3799
4868 1241
2417 4560
158 4750
1372 2217
1300 514
3594 4615
45 4865
1229 3045
2339 444
2394 4800
469 3737
187 556
3279 3991
2789 1766
2916 3062
292 4416
4371 4530
512 24
2866 2042
3448 1421
4458 2574
448 4345
3191 3592
2013 414
2351 1373
2648 4589
3739 4822
2684 592
3435 795
3706 4521
324 1472
2376 2234
3886 4181
2045 3492
1871 2666
4114 1899
4050 4255
915 4530
3982 4328
2098 862
766 3300
1280 1511
1495 4484
2088 1745
20 2421
530 983
855 1631
2208 4293
2490 2277
3773 2215
2515 3163
4487 3964
3909 652
226 3583
2174 3745
3098 2163
1885 1594
1807 1396
2291 4880
2037 1270
45 3830
3296 3533
4993 3327
1812 2339
2179 2840
2473 48
845 4238
1303 1968
2231 2754
3353 4169
4957 1372
4841 1787
3787 771
4128 4798
987 3833
2385 1469
3342 4823
2320 1518
868 2165
987 4609
4612 4728
27 4514
1783 4397
1824 164
3132 849
2614 3244
4760 2650
4199 2968
3635 3967
2741 729
4488 1086
2451 3785
3204 590
4200 3304
281 2379
1914 3589
4912 607
311 2678
1045 3138
3019 1007
3406 4022
152 1407
2651 145
2430 4780
3949 4950
1997 3402
3204 4213
1442 4510
2670 217
1233 2555
3740 1675
4066 1615
1351 4635
808 4470
3108 2957
4641 4423
331 3112
4057 3776
1054 1284
307 4172
1952 4878
754 4199
2233 1838
2709 4624
4462 4746
4769 4527
4448 1564
2702 1395
3833 3151
3342 2693
3029 169
1079 1313
1067 3331
2366 3980
1589 1731
1965 913
3759 2901
4199 1775
2007 1495
1075 198
2965 1542
3394 3598
3458 3503
3291 669
1380 4972
1434 4420
1735 2035
3125 4915
4984 1919
2259 67
2894 1445
632 685
2876 3633
4289 3049
1532 28
462 2788
565 3440
4696 2457
3831 4408
1364 2824
2130 1112
4984 1520
4283 2966
2488 2308
122 876
1928 2842
3673 2981
805 2600
3324 2686
975 2916
3334 4504
344 3555
3015 4834
3347 5
1293 3181
838 3966
4306 574
4508 876
3907 3908
2022 2548
4600 287
1858 4624
589 2641
4598 3605
3990 26
331 2424
2547 4257
3743 4876
2141 3237
4243 280
2209 651
4516 1750
2422 18
3187 3049
942 2250
2560 2320
2280 3003
1594 3677
4037 3955
197 2245
3418 3794
3951 1683
2250 688
954 2092
2686 3413
2525 4851
4210 894
4100 4385
1076 4961
4780 2073
771 3277
2004 3467
3577 469
416 2696
1976 60
4410 4703
1400 2122
1864 3953
1110 3109
382 1118
224 2582
1539 224
2139 1354
2405 1186
4770 1327
1701 2868
2253 2714
4538 517
4818 988
4379 2684
895 3801
3062 308
247 4378
4362 4979
4255 1669
3237 2366
4625 720
4737 2993
3376 3658
3762 3284
1250 405
2217 2309
3174 1889
1684 1492
3276 4147
2506 1172
4731 1553
4212 1883
4593 2392
1491 4210
2521 4984
1358 3379
3432 2534
576 754
33 1380
3458 1365
1358 184
2608 2230
3765 4841
3018 4201
274 3202
3326 4858
3691 2405
180 1176
1797 3238
4323 4700
3112 2003
1523 3436
384 391
127 3102
1385 1046
3285 2230
3843 1025
1279 4847
2236 4297
95 1571
3058 179
3963 2041
2441 80
3372 1169
4456 3994
4183 3973
3794 2628
3761 852
1046 3849
2796 3213
1803 2565
4636 1855
3522 284
3473 2837
368 4738
557 4968
4301 3018
790 1383
1161 4588
392 4910
2922 624
2548 2791
4159 4052
1085 4263
89 4844
3680 1554
1153 1750
2878 1108
4240 3386
4723 3042
4284 683
4457 4596
1597 3337
4308 1232
4849 1079
3549 4974
4711 4436
4302 1403
2658 774
2544 965
188 3750
4261 916
2341 312
4514 3434
2875 3696
3605 1791
3281 3721
2735 3473
4467 78
1535 1033
3163 375
4138 4143
129 1975
3208 3626
2385 4668
643 3182
3710 4594
3689 3612
2989 4148
3291 3405
4429 2961
1379 1084
2952 1482
2296 1336
2943 3647
3530 2383
3741 1182
4372 2333
2333 2793
3710 948
1850 4771
1507 4621
2872 39
4017 3751
4120 1843
84 4996
664 2359
2375 1571
489 877
827 4733
2245 4517
3846 217
4765 3109
3760 20
3310 240
3373 2443
2093 404
887 2596
2346 868
2484 3799
4527 3719
4986 1193
2708 4662
4541 1505
4974 1277
508 3797
4142 3444
4113 1961
2677 3670
903 2097
4220 2225
3126 900
4213 3053
329 4495
739 2606
2696 1541
4952 1620
3518 4195
3390 3437
859 3765
3678 3084
4605 2875
2403 3146
2008 2818
3304 1179
860 3596
351 4155
367 4694
630 4548
2434 1116
4630 4195
428 956
2892 3894
3439 2022
2887 2118
3940 2304
2259 319
2342 4176
3257 2498
4679 2267
4385 1719
824 3261
4676 280
2274 1609
486 4883
1680 4086
1407 1329
3208 756
2024 2397
2646 231
3811 2134
1507 684
2695 537
1706 3372
2223 4869
369 4910
3617 3648
2520 430
1868 1057
1086 4559
874 3218
3106 2820
87 2045
4081 3300
4180 4976
4571 1682
969 3958
5000 867
4434 170
2225 2075
4535 3253
3089 4883
4840 2973
4777 4631
4065 3353
1224 3100
1738 4491
2160 2093
4825 1351
3247 3982
3161 4900
4769 2386
1031 3238
4390 3869
2031 3627
1184 1082
4034 4010
672 647
560 1142
3375 3566
4070 2078
1686 579
4865 485
1104 1092
4088 1211
1040 3170
4491 1339
4805 4196
724 2986
180 2892
333 1019
3972 4952
4951 4737
1522 195
417 2217
1569 2876
4245 1908
2492 1920
3508 4438
954 3748
2195 2905
499 4443
1678 1248
4255 3508
3878 2433
2057 578
669 3134
1507 2864
4178 2472
3598 3273
1774 1731
1901 4291
4410 1529
2420 3389
2928 4736
4056 1437
2324 1748
1011 3547
3085 2437
535 2232
3142 4500
283 462
2531 3786
605 1266
2284 3847
1579 648
4373 176
3824 735
3743 137
4224 318
890 1362
4787 556
2813 3752
1983 3792
977 2782
2226 2019
2114 4798
1533 3158
4894 4810
296 3966
2312 2683
2449 220
2925 4503
3754 744
4173 4852
4760 1809
1159 3692
808 191
2923 1808
1566 4725
1768 2692
1925 402
3510 4433
3012 909
4542 4423
2395 24
2943 322
4014 2480
3379 654
3763 436
3557 643
3880 2830
2621 4924
4317 2944
4487 2845
3399 82
744 351
1816 4134
4389 3953
206 1773
3284 799
2065 4867
3856 227
1973 3953
1098 3368
177 4266
4229 3664
2459 928
1212 4751
111 1523
726 1015
4678 1379
3930 3448
4090 740
2730 4197
720 1699
3599 2287
2471 2566
3959 2442
2380 1894
2001 1889
4891 1709
2405 3302
1864 3277
2434 3461
1978 3897
2254 2375
230 2025
3564 3990
4539 2185
3318 986
2524 669
324 4846
2438 1699
2275 1974
186 957
3728 4299
1501 3221
228 4489
4754 3752
1084 371
1597 2003
1824 1088
3460 2866
4707 1329
1371 4479
3018 1753
1957 3635
3099 4397
975 1790
1716 4323
4321 867
2954 1954
2967 711
4020 135
3866 1591
4229 3581
2881 894
1799 1773
3787 3036
1512 4205
1864 3960
974 1692
343 4396
554 123
196 1378
3706 3612
4825 1568
3378 3809
4545 967
639 3089
2340 1452
304 1871
3848 4679
1133 3458
2362 3306
2347 682
1446 3377
844 3634
3076 1681
1095 435
4508 3301
3801 2535
2510 3377
3765 1050
3592 49
2420 1926
4348 3361
2925 1044
77 2981
4387 524
4349 788
467 4286
4977 3127
71 1872
1968 3260
489 1699
436 1916
1260 4724
3318 2065
4588 2750
2779 1485
2096 3001
4129 696
3138 3555
834 3249
2226 4654
1544 2683
1734 3718
4962 2952
2336 3916
3680 1372
1640 1550
1999 1311
432 2918
774 3544
4597 2080
361 4495
2550 643
2961 1771
4855 363
2086 2454
396 708
4137 798
2860 4185
3502 1255
4047 1783
2567 4126
2421 500
2219 283
938 1791
1209 4076
1797 2367
852 1165
2080 1474
4731 3448
1289 945
1562 828
4189 806
1617 2116
1359 3143
2733 3634
1703 949
1510 1606
2743 4480
1654 1609
2066 4089
161 1028
2474 747
3299 2609
3782 1398
4719 4398
2796 3672
1283 3026
3569 2279
3617 2346
4741 4223
4240 3098
2923 2037
3818 727
4089 1797
4581 137
4068 3606
135 4459
4461 4452
1498 2103
152 3857
353 3003
1855 1348
1439 1896
654 3895
3931 3513
126 332
909 3406
3088 4190
1782 1563
2802 1024
120 2262
770 223
3512 634
1138 1618
4646 1410
4028 4092
3427 3448
428 4627
1183 3086
4291 4054
3205 4602
4562 2151
2055 3772
