40 362 30
635 210 29
903 66 8
43 224 2
383 78 6
390 589 21
706 454 2
504 912 2
986 423 20
338 436 5
819 306 26
214 171 7
359 482 1
44 925 30
459 72 12
652 255 2
780 97 5
696 418 21
137 859 6
188 16 5
89 596 28
469 31 15
144 858 18
936 84 21
94 442 18
313 412 10
983 984 10
661 711 2
328 635 13
381 275 1
951 367 9
391 140 22
460 698 18
782 400 14
525 497 25
39 538 30
702 382 1
377 875 28
485 676 20
269 621 2
21 774 25
815 445
715 645
645 46
141 439
740 259
763 444
102 695
659 298
5 787
277 820
686 528
984 186
183 591
945 1
512 467
699 398
54 105
916 202
751 38
149 34
558 673
905 742
859 272
621 149
52 161
259 364
91 190
275 956
164 106
386 363
838 430
547 87
115 29
902 727
887 896
797 384
301 920
848 389
650 663
621 88
223 193
324 949
241 43
368 818
717 49
957 81
999 60
206 632
295 743
867 635
964 269
61 207
741 507
577 377
760 582
37 200
522 933
226 906
882 983
373 524
189 491
497 950
204 245
745 368
610 853
455 602
262 171
480 533
800 897
810 968
290 813
94 642
526 241
101 80
494 636
226 296
692 679
410 949
64 993
477 156
982 292
120 410
822 905
45 161
913 898
923 60
148 729
100 903
75 8
28 96
385 652
979 964
465 842
990 64
109 967
152 929
650 184
647 695
563 789
567 274
591 765
387 106
917 985
992 887
798 762
105 202
877 215
300 705
219 534
459 914
775 738
749 963
880 935
425 775
764 791
239 942
684 753
417 21
220 782
606 788
764 176
953 928
354 150
584 534
83 956
611 896
759 274
8 706
382 159
365 124
32 284
642 718
805 163
416 741
942 85
896 912
812 263
155 382
22 874
32 707
486 37
201 362
350 545
390 880
224 432
116 919
388 61
204 87
699 466
738 630
427 515
123 348
915 600
316 409
101 408
199 220
222 579
15 31
653 633
360 436
986 555
870 707
917 478
298 96
563 490
270 556
985 201
885 510
423 252
851 659
325 754
363 490
681 41
495 68
374 842
298 551
387 576
835 411
876 693
329 65
35 95
89 884
83 359
923 833
253 107
446 281
292 209
279 326
142 412
384 882
761 970
611 736
572 124
661 664
547 731
260 113
715 773
811 477
626 173
163 767
999 272
687 34
900 900
950 969
49 464
65 410
569 24
591 587
432 696
199 312
55 917
872 977
756 626
2 87
765 888
202 763
201 534
813 105
535 162
478 29
372 867
302 683
56 691
13 645
326 900
804 925
927 622
693 309
424 32
353 555
315 302
36 913
772 261
42 922
903 481
710 32
89 573
550 42
816 412
5 74
697 690
301 741
309 870
358 265
876 648
661 798
796 957
473 425
677 93
923 453
641 306
811 731
552 830
981 54
60 98
693 876
863 990
101 674
45 390
131 261
882 442
277 169
510 461
273 224
868 664
51 179
773 273
67 46
929 983
321 771
913 914
498 427
518 661
930 852
290 38
685 720
467 429
332 281
998 144
232 749
878 44
579 147
414 805
752 96
943 57
713 546
306 203
392 859
575 362
131 797
133 460
912 609
961 608
397 338
957 864
480 419
764 350
238 52
517 394
681 781
757 361
733 527
734 765
13 442
125 818
240 273
769 591
686 791
79 180
554 813
177 130
127 743
570 52
375 267
443 301
313 199
556 148
267 717
675 396
96 571
871 847
572 381
494 555
951 328
269 837
52 600
855 627
128 407
254 932
295 366
815 517
466 334
224 159
265 274
154 864
722 53
689 441
293 792
25 546
864 713
662 728
535 558
151 904
965 67
289 854
894 21
40 78
857 395
549 215
728 141
800 502
723 210
99 688
460 57
711 747
48 321
620 719
687 285
720 993
62 683
736 745
992 375
