50 274 30
3347 3144 22
2740 2987 14
4598 2732 19
1529 3237 21
3712 1794 14
1939 2106 6
769 678 22
131 2180 2
1287 3728 10
2044 2263 2
3555 853 19
564 2179 4
2081 745 12
1366 4294 8
4654 1811 23
4751 2366 27
150 177 22
1700 4522 28
629 4174 3
4508 4066 4
4227 3801 21
12 3346 22
3477 670 19
4625 3951 26
1219 3747 22
2593 1800 23
3057 3956 9
23 755 12
1010 2465 2
350 2655 3
1797 1086 22
1725 3694 22
25 2350 1
3107 1891 21
347 1999 27
1753 3749 18
1544 482 15
2895 4970 17
4915 4170 24
457 3748 8
2421 2670 21
5 58 21
701 3052 19
1454 116 18
3135 973 22
2008 2961 12
4110 155 18
407 4541 21
1067 3268 24
4447 3368 28
1968 2001
2927 1213
2743 355
318 3765
2367 3659
1031 3505
115 2042
887 2490
4341 834
3479 1211
4183 959
1006 988
4424 3001
196 35
4320 523
755 3338
719 3447
2584 285
828 4944
76 3599
1359 1179
1536 804
314 1052
742 1385
476 139
1964 4929
1959 4407
1298 1665
1122 4770
2636 1414
4001 2621
4636 1125
3653 2827
2247 581
1897 3549
3003 830
4871 4437
4479 971
1360 3166
2043 3988
130 4432
760 2887
1895 2603
3811 2443
2057 4827
3739 4048
4911 3424
182 2294
4210 4091
2751 499
2537 2672
227 99
256 2325
3420 2711
4449 4366
1523 4373
3065 3971
4740 2127
1794 2617
1854 620
1552 3285
598 4604
505 3653
560 4565
65 1252
1727 1420
2329 4825
972 4684
4159 3580
3742 2077
1980 888
1183 4164
1180 89
1761 1332
317 2966
3026 2178
616 445
92 3649
1824 698
4475 2642
1537 1048
2768 3006
1984 3725
4322 1264
1719 4248
349 532
2418 4096
1430 3437
3666 3339
3766 1453
3820 3120
812 1374
957 3883
3708 1758
1873 665
582 4327
1878 2559
1012 4752
340 4348
1102 4512
4945 844
2441 2088
1926 4209
550 2654
1458 4131
3995 1971
2867 604
1874 4888
4391 400
2619 4926
1803 1798
4677 2624
1869 3217
961 1421
338 2029
3577 3746
516 1960
3038 1516
2560 2126
2843 3880
3364 905
3391 4534
123 1567
3809 312
12 4166
1180 722
1407 4711
4079 122
3530 2077
4401 4599
4086 567
1726 4731
757 2512
231 4982
1028 1013
725 4720
2838 1892
2220 2582
3715 1840
836 1245
1222 3791
544 4360
4201 1385
2920 3518
4721 4290
2765 4016
4583 1206
2636 2630
1397 1896
1535 3109
4046 1960
2382 1193
294 3708
1646 3121
3311 1295
4700 4786
1249 2492
2110 496
1693 4470
2318 523
1514 3589
3531 897
3407 4717
2997 2890
3699 373
2522 872
3829 4603
1531 685
1871 3108
2822 4535
1598 2751
703 4618
290 730
3382 1688
3406 218
4783 3621
858 480
3331 3014
160 3874
655 4956
2984 1603
2707 1379
3359 3494
2665 3308
3191 2744
537 1540
3281 574
4130 3790
4267 2732
3952 1146
1297 4385
3828 2101
404 4795
63 153
2253 3082
2091 3265
4516 942
4794 62
2372 4357
1791 3430
2823 2854
3979 924
1203 611
4061 1949
2499 2727
4056 1147
1362 3223
3282 55
2806 4231
3766 242
567 2307
4527 815
1089 3441
3800 1659
990 2046
749 1564
4297 247
709 2689
2089 2814
1862 2606
4613 786
2656 3866
1619 3739
3597 1845
2708 4158
3739 4476
668 792
379 1136
4486 3378
4394 3878
292 1846
3537 4935
3099 3588
2931 2608
3577 800
1686 2152
161 3140
4024 4510
382 4115
2022 4806
2651 1209
4134 4650
596 105
3990 1307
1597 270
1016 1110
4451 4319
2880 2966
1511 1054
2144 4782
1932 3938
434 1729
2115 3201
1398 713
4922 1221
4001 147
1961 1165
4247 1683
3469 391
4505 163
727 528
4177 996
1852 667
1514 3352
3803 1307
457 3742
4190 4952
4030 2721
2401 3413
2192 2147
2350 3142
4813 988
120 3289
3793 1128
