30 332 30
198 315 9
52 139 26
127 440 23
359 183 7
290 208 29
489 311 13
209 102 25
368 342 21
197 89 29
341 136 29
88 295 23
150 121 28
481 9 21
99 456 3
444 175 27
14 228 1
217 311 20
182 165 27
251 131 26
307 67 20
468 187 5
223 197 20
57 279 5
220 439 22
203 430 1
83 393 9
276 122 2
391 190 3
447 409 5
36 203 18
370 63
411 107
204 21
65 405
311 7
109 449
100 42
411 268
6 205
179 373
148 460
231 282
363 322
25 152
241 467
331 433
161 356
141 366
353 443
193 480
448 49
198 277
7 232
375 53
154 148
434 196
176 410
357 287
265 150
341 423
234 338
171 15
3 191
234 362
275 303
190 456
367 249
188 242
72 379
457 494
250 214
49 411
169 351
106 251
408 456
55 143
464 376
243 345
93 195
443 473
104 70
497 497
422 500
168 267
241 356
178 4
15 446
318 106
263 449
312 277
185 385
262 173
370 414
409 233
393 162
142 56
93 35
319 373
174 500
127 187
21 29
333 67
344 364
482 68
82 413
253 499
58 323
215 61
65 475
112 479
306 295
217 224
284 498
121 126
272 295
89 115
294 462
198 228
405 374
63 277
289 3
318 175
129 27
232 322
100 18
160 311
67 495
490 117
165 429
232 404
419 364
330 488
58 315
197 127
81 223
466 208
22 225
314 498
235 170
442 463
147 420
315 304
362 386
71 52
133 381
416 204
337 247
278 320
77 496
80 112
227 317
90 65
120 307
361 374
305 238
246 98
132 254
214 447
54 164
3 462
390 237
68 267
200 273
397 490
84 326
45 153
492 189
174 132
405 107
373 133
448 110
421 155
86 60
470 456
189 143
52 159
80 207
44 344
387 219
221 475
376 103
3 396
153 178
57 243
102 80
218 264
147 284
194 195
275 273
11 203
221 394
186 418
442 87
303 134
285 151
269 273
265 263
326 299
319 431
37 280
74 427
279 170
34 292
422 389
178 473
59 32
392 111
83 274
369 232
115 327
5 1
310 382
13 458
461 16
131 306
292 382
396 197
415 460
148 244
438 486
160 145
130 281
160 322
16 229
354 464
197 234
221 232
181 475
472 344
110 363
150 231
393 339
155 400
334 317
121 94
315 324
120 143
36 380
417 234
329 144
433 150
171 495
215 187
195 29
84 151
198 355
67 198
168 252
490 119
150 167
469 332
235 376
434 40
363 195
133 211
37 115
246 389
390 130
35 169
240 286
240 437
31 72
17 279
19 312
30 215
397 284
492 132
134 285
293 172
183 59
269 181
257 32
408 157
186 236
199 418
388 486
316 248
104 462
2 471
70 291
218 113
237 184
349 273
142 475
180 229
416 97
192 291
444 226
68 219
376 142
106 200
476 227
381 355
133 54
497 156
360 325
239 111
390 464
26 451
174 79
155 410
427 471
299 229
338 322
66 485
357 359
174 369
365 29
95 456
467 93
104 107
58 499
159 381
465 26
427 499
257 173
350 491
278 166
238 465
13 448
161 376
341 164
216 355
251 432
4 245
350 310
475 345
435 308
428 254
49 375
104 110
185 298
171 402
188 275
417 194
31 368
378 31
401 315
310 17
114 468
279 488
417 78
495 10
190 23
400 313
375 350
394 73
297 427
24 210
405 269
341 337
477 488
367 494
165 379
384 124
290 397
425 427
293 328
357 116
165 457
312 239
199 321
