60 598 30
75 407 26
55 487 27
111 69 17
188 435 20
379 170 19
140 232 12
361 187 30
51 112 18
34 470 1
370 377 8
185 58 24
440 355 3
221 472 13
42 152 15
91 195 26
62 207 2
410 3 18
483 12 20
11 227 8
493 427 13
440 131 2
46 391 8
363 120 13
336 482 5
247 103 4
302 469 8
128 305 14
278 109 18
311 25 24
304 47 26
144 328 28
74 447 4
206 289 8
356 238 21
240 356 14
324 130 22
178 435 17
325 44 7
319 277 13
100 213 2
44 119 5
356 486 8
126 332 5
121 340 18
306 120 16
175 285 11
6 89 25
367 412 10
16 242 21
237 85 14
191 446 19
230 409 25
266 46 21
366 102 17
75 425 29
306 257 26
13 133 9
78 395 15
453 253 5
353 438 18
202 442
133 335
431 286
20 460
2 270
453 483
53 239
121 139
160 359
475 205
186 220
396 185
460 130
282 430
24 409
386 79
102 307
182 59
474 351
88 37
4 369
303 424
80 467
259 465
449 28
290 366
485 97
61 426
165 498
264 490
410 269
228 66
220 289
384 369
322 91
90 313
429 15
4 249
178 491
319 126
22 170
99 442
241 299
205 440
23 37
306 308
430 50
304 153
184 390
62 227
102 196
367 145
240 485
99 409
361 299
395 489
296 7
34 345
259 140
407 336
20 496
276 222
67 500
11 364
442 194
176 1
60 258
232 136
351 79
56 165
102 429
124 160
404 320
452 134
186 345
265 332
149 174
323 272
214 287
282 214
497 452
402 84
215 448
319 380
300 154
251 462
3 345
477 77
295 337
221 256
268 275
138 233
401 299
328 96
277 143
475 8
326 390
30 433
407 451
224 419
138 116
6 4
200 385
285 305
327 225
416 118
301 332
221 217
137 30
166 100
169 197
357 236
222 423
265 355
275 68
371 428
323 93
354 229
186 318
145 74
306 76
186 362
295 312
456 369
201 431
459 150
387 433
250 306
238 285
110 366
162 469
31 16
24 177
463 83
354 419
66 180
438 288
8 350
51 237
123 90
346 463
465 221
175 122
88 372
198 420
417 450
458 249
243 301
264 156
186 162
179 211
429 304
229 378
328 319
366 147
293 67
284 86
359 290
412 352
417 476
207 12
127 83
15 467
12 435
2 255
377 163
333 463
66 380
347 216
346 248
208 461
106 227
499 300
419 142
482 262
308 102
335 55
55 264
173 277
206 120
246 388
170 139
255 295
145 334
254 200
179 108
324 17
274 297
19 175
60 387
78 375
38 242
244 12
91 168
326 159
391 395
69 241
119 410
104 212
387 313
13 367
15 183
300 273
480 45
178 450
491 259
91 415
276 104
264 489
186 462
21 484
216 295
367 289
357 174
468 387
394 265
75 7
145 178
382 139
186 239
413 67
225 485
152 279
236 223
393 199
218 7
256 96
77 117
120 74
11 405
448 340
122 384
491 103
217 9
250 375
359 88
176 249
61 20
64 126
255 149
26 366
472 119
96 277
45 269
408 424
422 269
98 383
457 428
257 386
401 67
376 382
326 169
85 328
378 223
156 68
146 201
453 217
64 130
471 490
174 255
266 482
348 281
452 208
123 452
105 378
275 340
204 226
455 500
173 157
326 415
424 314
457 79
318 398
366 41
386 59
56 494
201 125
131 464
150 16
288 224
182 405
101 129
67 436
95 371
163 166
227 122
330 220
267 207
326 468
181 334
18 303
457 190
62 75
400 297
344 319
405 352
258 133
51 307
317 180
366 157
30 341
405 311
414 477
136 338
229 219
217 337
180 125
67 390
267 160
32 207
305 22
325 347
248 139
99 152
167 116
414 111
389 263
490 281
179 90
327 311
316 231
134 121
495 366
395 152
421 141
305 225
70 452
270 162
457 138
365 32
253 211
404 415
107 220
68 47
374 356
405 376
160 182
433 475
165 334
237 246
464 461
344 306
258 444
309 148
470 322
269 103
374 157
468 209
418 436
191 136
165 61
64 51
380 62
387 61
279 281
114 151
395 12
91 465
422 470
208 411
348 346
479 38
6 462
193 88
484 409
331 384
258 23
343 146
379 166
457 107
65 100
138 358
344 411
149 456
390 460
361 407
483 308
53 467
402 40
192 163
443 175
460 168
415 485
54 208
292 49
41 40
430 241
462 30
101 362
470 406
182 151
419 197
302 21
334 359
412 54
169 34
82 423
317 104
14 364
183 29
230 294
433 100
376 439
284 85
258 17
262 23
336 100
150 247
382 189
149 406
393 103
102 361
383 180
205 60
97 481
80 295
431 208
410 490
430 250
445 50
251 455
472 63
101 457
477 493
481 235
212 14
214 157
196 167
379 236
146 380
438 51
207 319
103 260
347 159
365 76
118 101
285 268
200 273
485 363
5 367
36 358
106 321
363 402
259 182
259 131
265 207
81 297
330 198
5 217
82 109
480 233
39 236
205 156
31 285
197 500
114 315
429 43
114 159
222 356
223 117
371 35
163 444
214 67
8 416
389 76
328 487
475 309
463 15
194 233
183 154
400 449
406 366
163 292
125 27
93 348
166 88
180 183
134 268
487 169
69 480
396 105
70 230
307 73
369 301
240 361
36 485
79 146
338 492
63 8
76 335
215 256
21 299
34 484
129 246
44 467
463 383
262 277
144 333
418 49
352 86
135 345
22 139
382 265
268 68
162 267
143 447
14 153
126 174
472 74
373 121
30 155
425 98
340 324
333 376
116 148
407 442
137 225
180 56
444 222
311 249
237 329
288 60
390 234
241 279
171 37
351 190
488 338
149 47
358 376
420 297
417 475
242 162
94 319
441 244
145 319
485 246
216 431
433 203
491 442
293 248
113 239
411 395
193 248
276 229
265 34
149 48
54 185
346 197
246 324
266 298
156 124
69 110
69 337
422 482
16 65
355 108
210 259
103 372
303 136
382 216
173 483
492 212
194 127
417 239
401 419
295 178
241 117
137 28
9 65
448 117
128 70
434 144
132 354
453 7
346 328
133 197
391 244
44 265
323 479
181 378
105 316
16 63
301 229
448 12
338 178
81 467
245 279
298 114
236 418
323 339
332 218
251 419
132 24
189 453
126 448
306 81
285 448
73 444
