30 157 30
698 48 23
1722 1418 14
1790 4821 6
3095 4451 14
4150 500 12
359 405 23
4830 2394 22
1183 2805 15
1249 1785 14
3333 492 12
1758 2953 19
4342 3744 27
4816 4937 28
560 2819 13
3138 4694 23
2536 358 2
1086 1619 17
4570 4860 14
3247 1038 13
4665 4238 3
702 727 16
1138 4268 19
3932 2461 2
3741 2806 10
3068 4538 28
4836 3888 11
317 508 29
3012 1352 10
2273 1335 22
757 2027 9
3775 519
1738 3139
1018 1132
3954 1873
389 3393
2325 140
544 4850
2565 835
4745 2469
1427 1095
3424 2513
1343 2264
4058 3319
4497 1311
1207 4201
601 65
2423 4890
293 660
3792 4989
1381 2014
1404 4131
2208 244
3067 1202
4037 4095
3001 2730
4396 2119
963 2069
284 2032
4371 4282
4317 3007
2105 1197
2909 2627
859 3382
2942 4680
4620 4012
464 2904
365 3299
2868 714
1742 4573
3799 3414
1248 83
1465 3469
3163 1812
1640 2569
841 482
1 3760
2050 203
1090 884
4591 2631
4362 3541
292 3344
979 3281
2174 2255
330 2543
3664 2957
3491 2099
762 3517
4336 1254
4773 480
2600 1576
1718 674
4802 890
2901 4585
3826 177
4452 4174
3540 2342
4847 5
3345 3486
477 1084
1798 1763
4908 1041
4690 3646
1551 4609
2609 2279
3000 32
861 804
2867 2764
735 74
3007 982
4596 2417
2629 4206
2806 3355
640 4323
1587 2182
1026 150
1825 183
2649 2711
2472 3801
710 3444
4695 2099
862 2492
2139 3459
2792 1768
906 3872
2156 2496
189 1536
4745 775
2091 2899
4570 66
2684 478
1399 3632
1841 4430
345 2840
4997 2313
3417 4969
890 4845
1441 2471
939 129
1528 997
1598 4003
2687 2705
3457 1562
2032 4098
1470 2934
2514 1832
3498 4961
3722 2253
4037 3044
4529 4548
1137 2278
1991 1303
4614 1187
39 1424
224 2685
4762 330
457 4805
1781 3972
4498 2968
1281 395
3151 101
1742 4634
1231 803
3977 3930
1286 1853
4943 1614
4936 4257
3742 2338
529 1001
2456 4046
3501 3687
3727 4018
676 1929
910 2239
1354 4852
1158 2987
2295 4760
4531 3402
4035 3546
2788 4352
4190 4122
3868 334
311 3802
3061 3617
996 747
3129 4795
2278 2163
899 3549
