80 389 30
4487 830 17
3077 1470 26
1831 4234 21
1416 2861 21
1553 3987 7
1882 2588 19
2040 624 26
2453 2596 29
488 2271 3
193 760 14
4849 2668 24
2257 2321 15
4250 4020 22
2257 399 28
2809 3826 2
2357 4515 11
795 4494 17
1937 4094 13
3460 3033 23
2782 373 17
3021 651 11
3610 1426 2
4782 1536 6
4638 3441 27
2037 4714 5
1050 3767 16
1852 2631 10
4609 4688 24
4351 2601 17
2372 3735 27
2322 1664 13
2895 4970 3
169 2091 6
3164 1794 18
885 3971 16
149 3937 11
2307 2092 12
2810 4753 11
3851 3131 23
3849 2050 27
327 575 21
989 2958 13
3668 417 18
3812 3310 7
3834 602 16
4252 391 11
3766 1176 4
2734 4184 30
4094 1245 13
2910 1833 8
4938 1021 3
3005 4941 11
3804 1554 6
2827 256 12
2199 2854 7
3724 4565 3
1506 2715 22
3193 972 7
2657 4272 21
921 2075 30
2926 4855 7
3581 113 17
3337 1998 1
1353 1416 19
2472 752 29
262 2289 1
4880 1180 6
4771 379 24
3139 1083 15
313 3722 18
1297 2915 30
4267 4894 2
55 2063 9
1049 4057 3
3301 1310 14
3281 1429 18
3575 4362 21
3633 2523 16
4172 443 6
4920 388 7
1693 3972
4188 192
266 2746
4790 1663
320 3355
4417 432
3035 3981
1394 129
1422 1273
481 2647
3845 2874
951 277
3615 2823
3286 4582
4300 2344
3599 4492
422 2842
727 3711
3815 293
1889 2370
306 4660
3821 1472
2817 3952
3178 704
3891 116
4161 2527
4303 589
1885 4935
3986 4008
4006 3134
3028 1953
805 354
4445 3765
4636 4516
3737 3308
1285 2238
3791 762
15 2987
521 4543
2809 4529
3377 155
373 4034
3536 3560
4444 3515
2916 390
2365 1404
4176 4631
294 2354
553 2311
997 1370
2771 2869
4508 3774
3447 219
2517 3575
1273 3829
735 713
125 524
1066 1628
279 3825
921 2961
3256 4011
2972 1053
137 4935
1096 2840
2284 3987
205 1035
2638 324
441 1339
3023 2198
3054 4964
97 4748
1574 655
2450 1136
690 3892
4902 3634
672 1360
628 3054
359 3777
762 2775
2476 1058
2984 2798
3976 4073
162 4467
1191 948
4143 2177
2086 2693
4836 2739
1089 4845
1184 1461
490 1611
1958 2410
288 842
677 2841
3793 3508
3578 2541
1184 4282
997 3020
2444 1865
3901 1778
592 3320
2888 4971
2932 3429
4149 1336
3584 1208
1146 918
4082 2986
465 3760
2178 3009
2906 4726
3136 512
2488 1960
1214 1787
2032 213
1878 2799
4657 3435
2040 3812
1844 3149
943 1374
4603 4292
3923 1594
1361 2659
1282 4536
121 4760
898 1993
3373 2030
3088 4886
2692 4527
2185 4423
834 880
3602 827
2239 412
4090 4312
480 1846
3675 3833
4408 2345
3850 1370
2424 4615
1933 4754
781 2910
1261 637
3614 690
3769 2247
1427 4797
4924 4223
3069 4661
3769 4924
459 1528
3084 1860
616 2179
236 1601
2594 371
3337 3793
4271 4720
3387 153
2292 1405
4164 776
4323 2551
3959 3402
3284 4526
1003 4312
4609 2131
4112 1221
1348 4827
3134 614
1695 2023
3692 1529
4145 4999
3002 1198
1245 2847
4320 2126
4667 2073
174 966
2376 2695
3957 3561
3554 1362
706 3757
674 1596
2920 580
1739 4903
96 2727
4032 129
3587 2667
4312 2946
3420 3810
306 2364
3394 1448
3067 3480
441 3752
263 3780
1614 4737
3407 4279
1718 4413
3847 1623
2857 91
4370 2624
2656 4772
1091 1154
2336 505
2371 1608
615 3849
1296 199
4361 2646
4882 3574
2354 70
1283 4196
3513 3297
4607 1987
3301 1854
3701 1146
3278 4575
1591 4376
2896 2927
2327 1635
1751 2862
1638 3522
21 3380
2581 2219
1231 1627
696 580
4878 3173
4753 1236
3764 2169
1880 1789
4248 4569
234 4277
760 3301
4940 2111
4098 1712
2375 2597
4303 4717
785 3225
2435 4280
3718 1356
363 2183
258 218
2893 4258
2506 165
116 4306
4986 819
4515 1159
3656 49
2211 4162
1843 539
1259 2051
3305 3797
935 2988
2576 365
3238 2011
2563 1603
3847 857
892 4938
1242 2913
143 1183
1966 3092
510 3315
244 3522
3399 1825
315 596
4399 744
1469 719
1966 2342
1043 3209
813 4614
2654 4692
4431 4484
943 1000
1339 2217
4173 214
4731 2008
840 2820
1251 618
1005 2746
4261 198
1682 2962
3780 349
2927 452
2946 650
4514 4890
16 897
832 2138
1966 4085
232 734
4186 2460
3262 2940
4387 2731
4979 1029
1374 4684
258 2112
2927 3813
4722 3025
2795 3052
2591 3815
1305 1747
2322 127
4695 3327
343 3596
1098 1515
1732 4656
4715 2813
3049 935
1964 2851
3066 4647
1552 2190
4605 3670
1068 4428
1372 1785
4797 2077
4175 315
3600 4799
3114 825
3747 2906
1261 4497
1464 850
2968 4884
3113 1454
1364 1086
3972 1207
4791 4607
3711 3965
1843 4471
2071 2440
603 129
3290 3306
3703 1890
1000 3607
3190 1990
2045 991
3452 3693
4054 749
1535 4116
3313 1474
2100 4707
2897 32
3909 4605
3706 3511
618 4790
3693 3330
4324 2701
733 3798
1661 3528
1943 778
2614 1070
475 2538
2586 2083
1048 223
2104 2012
689 4980
293 3949
2257 4222
4063 4481
145 2064
1099 2684
4124 1882
3593 109
723 985
4141 2343
2092 4317
2054 2987
2646 4783
2851 2273
3313 3855
1104 4923
842 847
2156 3436
3254 1008
2976 2038
24 1821
3863 1114
2377 3518
2027 4763
3723 1467
1291 4666
458 4998
2602 3807
1015 2642
1009 4650
4090 1084
3237 3961
4138 249
2406 2971
3604 2094
1738 3431
3012 2291
328 3967
525 2390
151 4078
3273 436
994 4690
1038 1582
