110 400 30
422 673 10
626 671 3
218 557 10
948 180 10
63 276 9
104 743 7
6 381 2
56 691 3
305 111 3
493 189 5
75 408 10
477 404 5
500 352 9
576 421 1
71 402 3
355 662 8
464 288 6
361 689 4
379 578 3
203 510 8
102 1000 3
413 866 1
107 848 1
530 523 1
615 782 10
702 816 7
357 164 8
936 30 5
344 187 8
921 731 2
548 662 4
238 29 1
565 924 6
656 613 10
323 111 3
773 228 3
659 49 9
121 255 3
868 646 10
870 915 1
64 749 2
600 399 7
23 171 1
433 710 5
77 715 8
474 63 2
834 868 5
1 929 6
753 102 4
421 535 4
509 293 8
261 953 5
19 838 7
46 847 1
606 480 5
827 59 6
176 917 2
840 31 1
625 736 3
82 190 5
968 199 2
672 850 5
586 998 3
660 489 7
84 347 7
159 425 7
275 396 6
630 628 4
256 337 10
465 992 9
283 948 8
50 760 4
23 89 1
574 227 8
204 862 1
463 157 6
857 355 8
667 119 4
216 602 6
260 627 1
25 565 2
726 283 2
293 239 8
750 614 4
860 185 8
707 344 2
908 525 9
544 148 9
207 502 10
491 254 10
846 963 1
806 457 6
608 396 4
263 977 4
627 383 6
79 997 8
995 545 3
853 963 1
824 611 6
75 674 10
95 98 10
28 203 10
284 912 10
330 88 2
223 444 6
637 44 5
365 429 8
725 56 8
614 23 9
61 132 8
555 211
177 305
6 477
881 948
943 769
321 379
199 83
489 470
825 450
598 557
466 694
973 707
665 104
936 450
837 19
290 876
828 962
213 165
742 440
634 264
17 424
674 240
303 940
554 369
865 189
978 741
629 422
64 289
842 22
435 245
278 881
205 581
61 726
312 502
749 398
503 193
71 48
739 68
548 671
918 355
227 638
527 234
517 44
164 767
121 776
613 712
155 348
33 721
706 792
803 278
680 940
928 567
988 213
884 676
482 515
645 551
629 880
763 258
315 151
185 858
858 750
614 824
608 520
959 840
954 64
380 371
637 725
616 989
853 190
517 783
403 920
719 98
807 443
463 892
605 798
29 40
452 967
472 657
85 910
437 217
934 997
501 525
490 221
207 668
447 929
446 94
688 230
735 819
838 235
52 686
826 906
671 527
503 215
864 636
843 251
497 407
798 558
419 363
482 879
513 235
809 620
2 982
198 847
231 44
159 8
89 127
593 102
17 822
985 867
46 649
966 291
733 845
422 443
488 17
447 895
324 234
774 244
635 864
992 138
342 507
666 174
190 425
758 656
136 705
621 699
554 220
330 536
812 585
859 742
538 443
497 953
81 558
905 299
666 960
922 988
503 7
176 453
667 634
591 454
620 603
548 248
171 408
566 263
996 432
126 49
612 428
906 7
407 604
589 649
864 427
301 370
675 188
424 45
640 455
922 419
752 356
659 9
841 182
856 153
956 449
555 295
947 563
705 680
897 119
762 146
213 618
137 742
771 715
650 505
856 477
154 683
333 716
695 609
368 141
797 855
207 276
422 609
348 9
841 893
413 348
954 431
235 131
386 885
698 645
48 461
921 675
213 423
110 369
33 677
491 964
491 665
844 563
916 455
143 915
474 715
128 29
398 774
768 32
307 939
540 373
437 38
846 997
526 369
98 389
384 26
988 167
731 709
992 994
307 373
727 376
977 804
319 456
40 120
784 992
767 425
841 678
409 161
238 835
462 736
374 716
250 111
932 357
662 780
213 560
600 253
182 106
843 368
914 637
944 100
810 391
878 542
354 441
427 777
810 581
947 847
29 843
903 533
901 453
508 113
170 679
465 50
594 308
308 263
705 926
253 70
584 587
23 198
292 925
522 650
983 619
124 865
866 310
560 451
8 805
171 547
795 624
416 473
431 854
75 148
608 932
325 18
199 492
48 405
843 246
181 451
46 691
118 750
108 988
257 967
998 775
319 484
711 376
594 790
551 909
435 207
933 240
403 365
393 225
870 920
769 400
525 166
363 863
245 750
328 693
998 842
604 297
439 857
731 236
163 919
575 425
892 791
132 316
269 935
608 779
473 726
478 260
438 649
65 20
609 790
145 367
862 87
295 902
735 645
611 954
576 811
100 575
846 7
499 381
836 364
273 621
224 107
867 993
728 251
922 305
847 209
834 11
116 157
112 771
210 247
865 702
825 978
988 368
782 897
389 975
248 685
220 837
756 761
521 382
393 942
141 900
903 735
841 176
889 930
795 66
944 581
14 575
565 468
890 979
225 217
28 204
74 617
655 83
347 498
53 488
810 512
917 797
563 283
818 417
452 630
748 35
399 677
542 844
900 933
245 824
895 502
340 570
234 365
563 342
48 961
515 663
230 334
443 979
231 538
753 650
729 418
644 599
931 451
303 987
436 479
709 177
348 455
25 729
717 991
295 321
341 362
546 601
655 554
833 777
825 230
227 600
195 649
373 260
232 659
381 549
829 328
428 836
720 697
381 719
323 971
90 902
793 626
962 133
106 763
5 745
544 643
110 134
168 286
678 231
953 82
122 348
