80 828 30
98 270 22
310 310 2
160 85 18
55 225 22
481 479 16
361 195 5
366 436 14
488 406 4
436 273 11
298 112 19
199 383 30
124 383 25
436 407 30
39 10 23
436 45 2
121 47 11
292 38 20
290 49 5
381 127 28
194 481 17
365 385 13
358 464 25
19 176 5
167 300 7
377 23 13
110 465 18
265 163 19
152 240 19
405 73 25
70 378 2
144 273 4
418 37 9
411 177 19
338 24 5
421 2 28
279 157 13
475 192 8
496 179 2
189 481 5
455 135 3
313 283 22
163 220 12
372 476 28
135 342 25
149 35 26
58 190 11
119 348 14
450 418 16
423 366 7
296 275 28
282 362 24
231 460 3
406 226 2
78 184 29
243 128 23
66 135 28
370 110 6
255 466 16
452 52 7
203 226 30
68 392 20
457 76 9
252 122 12
36 131 2
460 162 29
78 318 27
329 253 21
25 37 12
490 282 7
103 148 17
276 3 14
235 209 24
317 380 8
379 230 9
118 26 28
491 263 23
51 183 3
225 197 12
320 450 20
499 195 20
386 378
66 385
173 376
67 386
295 20
337 119
497 173
107 491
394 358
300 75
473 35
426 82
332 57
346 436
449 273
300 158
430 430
435 8
448 463
302 73
455 419
202 66
138 292
98 361
106 389
333 115
326 222
373 144
104 363
342 287
455 126
42 66
144 267
162 486
185 380
111 65
382 203
11 445
437 468
147 204
397 250
437 278
455 161
207 225
339 250
39 262
79 171
180 43
164 421
141 332
99 72
282 481
71 26
208 382
380 168
416 106
222 253
329 28
483 96
434 258
255 49
130 484
376 379
26 184
380 60
484 254
397 324
459 332
332 303
278 197
73 66
71 469
398 313
190 374
66 243
465 88
281 110
132 343
457 368
460 228
382 115
97 91
350 467
19 388
398 374
493 298
390 228
465 80
447 276
371 137
158 321
319 321
355 444
400 185
88 401
251 391
301 321
64 468
437 257
7 268
314 36
95 125
367 218
80 203
407 5
470 105
311 147
375 44
188 228
477 329
165 59
336 136
349 422
333 451
336 362
18 347
80 72
388 253
263 388
171 266
274 326
294 109
362 393
303 52
250 488
484 303
497 471
13 315
279 42
122 278
91 391
434 57
347 464
2 33
138 408
328 145
358 69
386 476
413 32
99 390
358 176
387 259
149 443
390 223
24 45
156 409
114 200
103 51
389 406
211 485
365 338
441 314
126 76
165 392
82 372
184 312
294 350
450 160
352 441
386 429
85 3
39 423
50 150
409 125
69 444
480 34
38 337
134 289
41 486
430 162
466 109
159 464
490 27
315 469
434 188
415 344
74 460
28 163
139 33
260 137
487 305
261 445
34 8
348 231
59 390
222 232
222 378
434 98
212 19
373 385
367 140
346 170
54 313
259 56
235 138
449 122
348 117
357 498
79 92
430 357
193 344
262 212
381 324
348 238
18 151
16 123
123 229
481 352
74 340
464 13
142 321
94 40
280 234
8 216
261 60
39 406
49 69
107 173
178 105
254 55
20 276
213 68
340 419
334 476
319 426
326 324
106 455
342 225
361 203
56 3
87 466
398 249
266 46
294 198
227 319
385 126
461 154
199 193
239 304
245 370
389 242
437 161
119 492
473 222
131 148
12 127
17 391
456 422
201 492
67 146
93 249
153 245
480 60
198 236
261 141
335 489
289 376
315 244
452 76
119 122
362 456
168 28
415 174
460 225
46 425
6 81
416 415
191 147
52 89
165 216
310 164
76 206
120 335
437 304
72 44
30 132
113 262
106 466
451 252
55 355
15 300
69 313
79 257
186 344
237 482
172 132
152 164
384 78
102 223
482 483
109 50
61 384
103 130
53 63
109 130
169 145
388 111
1 379
198 105
277 194
318 27
497 149
384 434
146 292
284 351
207 327
312 148
159 475
353 432
296 76
33 270
195 454
362 366
232 374
184 359
219 479
191 491
326 52
103 21
158 471
326 441
57 25
484 481
43 487
331 458
30 447
279 350
264 214
248 319
430 481
355 26
440 477
380 428
30 255
413 100
117 49
256 199
260 385
93 92
187 74
339 186
316 31
8 156
204 193
7 28
77 424
305 486
283 379
483 352
266 293
14 159
444 352
263 405
348 441
293 362
387 7
290 89
100 126
102 174
191 484
232 366
478 178
444 450
264 13
203 215
338 417
170 398
39 104
500 460
337 350
117 293
329 492
65 37
112 408
500 91
186 193
8 30
146 188
266 258
415 426
102 220
321 347
283 67
159 401
253 6
366 467
134 25
415 69
432 373
271 145
332 266
403 237
144 172
186 233
474 194
282 258
493 217
73 258
319 102
255 231
118 355
123 398
259 137
430 416
332 459
135 95
15 398
379 396
444 207
335 499
185 203
477 231
475 322
344 441
388 390
2 437
42 464
316 322
411 221
269 84
267 137
2 224
272 474
119 150
392 493
109 84
176 75
240 436
494 175
260 144
413 244
408 109
34 256
420 354
166 52
463 175
39 413
122 189
178 13
246 497
122 257
340 306
22 275
174 373
96 206
436 377
126 125
274 399
339 288
157 211
334 57
226 309
163 172
290 329
458 427
38 78
412 56
223 430
372 233
166 152
446 268
242 165
258 356
366 203
348 342
257 397
192 74
140 90
91 270
149 19
102 313
148 248
311 386
284 483
55 454
308 45
447 476
498 305
378 434
325 435
151 156
446 470
75 318
322 482
454 88
12 493
420 285
382 60
411 263
30 346
457 157
408 445
51 357
494 464
43 26
200 440
284 366
464 26
126 47
42 231
229 271
489 136
95 47
151 381
120 285
480 60
158 289
451 91
96 120
60 64
201 195
295 267
19 45
184 245
384 309
445 20
416 20
243 474
115 323
386 345
320 157
360 297
464 188
222 129
57 75
226 209
239 202
398 358
480 344
433 130
212 205
201 226
227 423
350 66
398 469
497 159
117 137
62 154
349 321
399 145
266 393
407 52
18 418
326 435
46 277
480 127
389 20
63 153
446 319
489 181
452 325
70 410
437 37
438 449
371 244
149 99
66 127
132 281
342 365
363 331
471 318
210 222
145 478
437 347
171 141
309 275
40 240
440 175
366 500
106 459
39 224
120 473
149 286
30 87
166 135
173 445
71 418
110 46
84 97
24 265
381 353
329 150
481 439
286 494
172 360
55 273
121 13
173 72
277 432
418 159
490 26
372 29
403 11
203 18
305 427
253 394
283 351
88 417
43 462
222 442
130 322
191 241
346 46
384 163
292 458
302 158
383 65
352 430
245 472
427 243
273 226
447 204
50 285
280 400
194 333
478 154
297 306
386 188
77 127
393 430
471 90
4 263
136 390
108 106
274 312
360 343
114 427
133 150
354 146
79 404
115 447
277 281
261 121
245 343
20 482
118 255
301 409
277 301
256 112
106 62
487 156
32 53
381 340
141 139
183 25
443 231
352 311
129 362
37 343
89 23
355 391
340 146
150 79
445 485
286 21
499 246
445 401
426 370
319 194
192 424
473 24
102 76
427 468
216 88
87 313
386 41
168 227
218 250
383 450
40 206
122 198
462 236
293 475
393 294
465 52
409 246
184 4
279 251
358 420
470 468
198 369
97 207
36 407
83 401
268 354
499 218
112 38
313 379
261 54
384 62
237 442
191 152
155 455
49 39
150 353
334 212
346 332
43 278
201 72
395 345
52 500
488 420
394 441
362 122
366 432
41 426
204 195
467 85
392 453
122 476
358 416
286 37
441 243
250 320
185 476
334 301
282 125
322 27
4 392
299 266
97 320
93 3
265 341
426 397
345 162
176 203
76 116
35 4
479 194
289 460
71 233
374 167
469 124
29 160
71 285
137 334
127 153
56 221
410 148
397 4
467 425
368 312
134 86
334 437
333 19
483 166
291 138
409 109
435 98
94 375
422 86
256 312
410 129
5 9
64 187
57 70
86 328
351 277
267 127
449 140
329 299
166 302
206 141
424 422
398 396
68 180
389 225
280 364
310 277
236 135
148 234
68 480
141 399
121 458
314 364
80 444
296 421
175 360
438 377
432 111
184 143
438 433
390 16
76 308
419 432
453 319
403 477
324 214
170 324
342 282
347 210
471 321
463 309
47 148
489 338
489 201
494 396
333 183
81 138
216 155
485 109
320 183
239 372
137 49
136 252
292 394
260 105
41 201
442 329
168 250
376 238
423 424
40 60
378 47
398 486
205 404
4 148
48 372
215 140
405 48
289 402
373 499
374 97
411 34
416 147
116 208
233 197
466 159
