150 514 30
562 712 8
963 154 5
451 59 2
835 451 10
904 116 2
694 225 7
630 327 6
25 107 7
506 301 9
642 333 7
369 223 5
170 546 3
669 980 9
467 526 8
226 417 2
961 811 2
109 605 1
951 261 2
210 437 3
477 464 1
896 850 3
11 946 8
412 714 5
543 13 5
433 396 10
512 430 10
152 192 6
522 610 7
685 676 3
943 811 6
73 240 5
408 305 2
709 665 1
360 516 7
861 83 2
816 416 3
69 659 6
36 391 7
804 254 9
262 217 10
970 654 2
584 652 9
637 536 3
144 904 4
776 697 2
718 493 8
490 889 1
681 572 5
133 726 3
884 353 4
126 960 4
53 504 4
858 627 6
214 72 8
690 292 5
61 636 2
203 421 1
74 644 10
211 7 8
321 298 2
139 716 10
159 379 7
448 52 8
414 899 7
20 295 2
16 972 6
32 84 8
825 48 1
97 755 3
655 78 6
226 242 5
545 1 6
831 571 6
427 281 8
281 88 3
420 226 8
389 82 9
221 882 10
493 442 8
737 958 1
979 842 9
847 367 4
873 458 7
606 494 4
668 420 6
511 993 4
940 806 4
692 34 2
82 198 5
456 347 1
893 817 2
691 679 4
216 771 8
381 909 4
119 383 1
347 663 2
791 937 1
492 83 6
529 457 1
751 716 8
97 873 9
584 556 6
96 730 2
349 483 2
246 200 7
252 243 7
455 710 9
348 11 9
720 793 10
884 282 5
100 142 1
562 696 1
79 854 4
474 863 1
829 945 4
937 2 7
416 874 9
563 657 3
805 523 8
621 300 9
198 269 3
411 476 9
800 527 9
325 419 1
635 293 2
62 616 6
228 124 8
743 334 7
123 909 2
435 494 9
233 336 9
101 944 6
265 965 10
290 307 2
993 410 2
766 856 5
660 933 7
764 637 2
849 377 7
246 936 4
846 49 2
298 490 10
431 813 2
221 642 1
381 227 1
693 865 9
353 545 1
506 331 3
276 964 2
463 796 4
894 129
697 391
139 821
866 445
779 928
521 545
602 20
538 706
391 519
856 695
929 143
679 350
343 747
69 294
829 666
868 827
905 253
62 732
759 795
988 712
424 132
490 434
385 561
12 213
290 538
902 238
920 62
884 298
353 194
805 75
45 673
741 763
77 475
980 591
913 144
574 557
286 231
716 723
492 370
630 750
281 159
633 409
525 912
784 423
142 527
592 233
414 306
141 833
647 310
900 977
307 213
77 472
178 234
711 594
951 480
230 571
171 889
701 636
320 168
271 641
791 396
808 609
24 413
581 540
951 779
472 82
207 255
479 944
727 489
877 199
590 924
746 288
853 140
161 371
310 204
796 307
95 328
600 797
878 239
532 89
650 850
701 953
261 427
328 604
810 986
333 555
463 280
230 364
64 625
565 598
953 933
279 45
164 92
21 109
940 998
32 92
216 983
843 143
699 816
95 216
783 654
120 174
891 686
847 552
765 147
803 847
72 151
204 667
579 976
342 836
801 535
737 939
74 569
550 369
872 721
150 123
349 473
198 430
335 49
808 478
364 590
715 607
11 308
280 467
574 304
197 384
143 719
773 826
72 527
486 384
704 588
682 943
681 361
427 178
810 811
702 944
768 271
337 394
911 869
790 488
460 463
642 655
668 912
325 934
28 942
503 601
193 177
322 846
293 527
172 225
797 51
664 137
898 227
534 318
891 407
658 24
137 47
2 846
820 231
225 187
143 814
182 169
348 80
394 210
871 941
201 445
76 787
444 128
198 344
254 1000
896 115
142 995
341 231
918 380
210 767
737 146
404 11
255 469
572 841
960 246
69 933
589 962
706 555
260 28
647 263
846 221
894 104
351 462
48 179
786 7
498 840
15 84
874 481
774 696
222 996
881 750
875 930
953 219
99 808
457 714
439 482
80 347
732 258
973 776
278 921
741 138
96 469
854 914
797 791
10 42
460 356
730 68
612 913
555 992
239 391
557 576
440 524
682 965
312 164
790 568
193 170
23 673
574 919
877 341
562 366
988 95
221 216
49 518
964 177
954 221
132 405
336 646
200 613
986 1000
379 115
391 437
789 848
833 982
329 705
908 265
559 238
865 4
16 490
168 985
349 564
772 751
327 44
580 306
515 875
740 117
228 664
36 820
772 344
159 521
902 90
493 37
365 638
715 893
257 927
999 794
552 841
426 3
218 678
577 24
163 174
411 200
45 499
962 119
707 107
588 546
860 656
348 514
659 720
683 393
553 946
141 718
184 233
891 571
717 705
144 40
715 386
19 664
576 644
713 50
459 129
573 270
394 104
289 926
735 416
23 733
456 236
648 518
940 416
958 526
465 945
694 987
976 757
440 120
55 906
782 373
156 681
404 471
31 806
506 917
338 534
83 205
312 181
332 977
466 565
63 386
973 199
229 777
362 897
77 190
233 583
279 707
307 245
628 399
747 266
138 859
173 621
578 822
729 20
77 460
786 610
289 411
281 935
566 598
306 44
930 757
899 78
26 101
458 860
378 539
823 868
7 882
73 358
116 762
605 289
217 644
597 859
68 531
555 784
45 93
785 442
339 519
920 134
868 633
595 419
332 160
12 86
51 350
926 296
191 442
679 976
39 615
222 967
154 236
384 137
933 222
619 837
80 446
336 190
623 287
942 821
593 419
606 914
115 335
597 662
338 51
523 465
780 22
735 182
492 976
789 952
830 207
603 823
416 790
873 302
263 268
640 663
777 336
708 145
636 777
932 558
493 395
98 178
355 874
291 279
812 628
925 11
311 228
329 672
140 444
853 690
826 124
285 382
100 153
283 459
955 819
609 141
396 97
964 499
629 164
818 722
608 494
397 218
942 874
108 591
554 300
860 790
559 6
827 953
522 614
100 562
500 416
636 280
682 732
124 358
837 207
672 773
238 793
446 899
278 609
91 525
547 483
343 140
996 547
486 359
616 902
961 747
876 859
581 16
143 858
682 317
315 912
295 75
125 763
489 193
313 860
477 476
35 879
658 122
253 37
583 132
557 250
301 945
922 422
887 981
319 340
530 742
702 311
685 265
229 37
53 878
344 878
387 600
63 578
596 222
721 290
792 351
865 255
955 379
387 616
817 888
302 842
282 594
292 813
783 348
340 421
725 867
617 940
54 651
170 802
900 333
621 530
683 322
549 733
913 812
917 605
590 139
944 888
604 798
751 916
819 108
964 135
172 584
268 25
353 289
428 824
488 181
366 212
16 835
509 395
998 21
59 839
331 805
912 990
240 986
173 37
399 990
3 469
135 804
718 238
394 110
522 259
872 436
904 299
903 588
267 890
527 112
887 665
5 921
390 104
