140 714 30
1469 2716 2
4421 2592 6
4328 63 13
4322 1831 23
1758 4432 12
902 1091 3
410 4889 27
4201 4678 3
3814 4118 6
422 1506 21
3843 3204 27
4552 3441 7
1352 3954 21
133 4659 25
4734 3622 20
4080 2091 26
310 4659 13
4504 2973 8
4358 2185 23
997 4272 11
4912 4556 27
4411 3077 9
4655 1850 29
602 3778 13
1018 4171 27
2450 1877 8
3962 3085 13
1112 1042 14
4912 4672 4
3583 4639 4
2328 1686 20
4416 817 15
4668 619 15
4791 4762 6
2355 911 10
3752 4952 16
893 185 21
1876 2065 30
1362 1645 27
2341 4925 28
1146 2528 15
4080 581 25
3078 1315 9
1001 921 28
3378 1108 8
2128 1050 22
4507 3368 29
2165 2667 14
1288 4315 2
859 661 3
3446 3394 5
3064 1922 10
2377 315 4
516 2572 27
1867 639 18
2640 1168 9
1847 1482 17
4556 4116 20
4307 2142 19
467 4686 18
2113 3733 2
1420 3536 5
3587 1480 20
4039 749 16
3230 1955 9
3382 3206 18
2770 2545 24
148 3472 15
2897 2744 3
3760 2175 3
4970 1903 16
1434 2225 2
2476 572 15
3652 886 30
2407 1192 20
2931 1154 18
1149 660 12
4312 3909 9
3038 135 3
4546 1230 10
492 38 17
3761 2481 26
3544 2883 22
609 3361 10
1103 4610 14
1086 1054 3
2052 777 13
2437 891 23
1829 1622 15
1107 2168 24
2666 3967 2
2969 745 24
76 2657 12
741 3447 15
2990 4372 22
271 685 4
3014 2055 28
1293 506 18
1625 3776 9
381 1643 13
3760 1837 26
1518 1198 7
2374 4103 10
3715 4022 28
3568 2033 20
2257 862 21
226 259 4
4612 2538 17
668 314 6
4932 3664 11
2150 279 18
771 1191 27
3628 2977 4
3463 4605 3
2280 2677 16
1232 3753 23
3007 1347 25
3031 4426 29
2095 908 15
3212 1817 3
2307 4016 15
419 3973 29
1989 3659 25
4631 857 19
1499 687 11
627 4286 21
3773 4103 23
3780 367 12
562 2142 19
1876 1714 16
3590 4775 9
3630 354 13
1748 3571 8
1100 3788 1
4451 1826 24
1792 162 18
1537 3799 19
3998 2732 7
603 3972 20
3019 1373 19
2655 4554
267 830
2577 3813
4812 800
1372 4914
2511 4285
4680 278
2254 2989
4541 3869
442 559
495 2036
1774 4413
4710 695
833 690
1005 4852
3670 3714
3420 3003
3733 1465
1691 1489
4085 3547
2236 2745
1992 2047
4160 2751
795 4615
3480 2450
3765 1549
892 1453
3428 1581
4879 2991
173 4046
634 4241
212 2396
4935 734
2686 4720
2454 450
4025 985
1766 2897
325 4965
2104 4412
3692 1254
4973 958
1374 4229
3409 704
2568 2415
1881 1586
4017 973
315 363
891 4392
520 4475
3752 492
2167 2438
4321 4369
1466 1365
2537 2673
3827 554
212 4113
1797 2336
1215 3721
4782 4854
3708 2311
2489 150
3669 2717
3644 3399
677 376
3661 3449
3272 3804
229 2219
1583 2248
1368 4282
1517 4196
2775 1722
3834 3036
2875 1613
1831 653
991 2703
2078 600
4713 4397
4436 1188
3247 4809
4149 4730
4178 4723
4367 2889
449 1597
4656 2585
3630 2786
1574 484
2868 4645
2123 1985
4906 502
2471 3149
7 4072
3017 3781
2372 1152
4346 2954
721 3937
1656 2013
2456 265
568 2924
4024 3886
4615 1114
3862 803
3648 4662
3858 1464
2251 1048
3693 911
2486 1498
1688 4421
4598 3672
631 717
4609 3284
4660 4650
3891 2524
4714 3488
3044 3979
799 99
4580 1599
3126 946
384 4403
1436 1950
1976 3041
4811 362
435 2947
1684 4802
2394 1439
3858 4024
915 670
2965 4756
2412 3228
1862 3041
4246 1287
3526 2790
2375 1604
2585 701
3849 1760
1771 3399
840 3143
2864 4518
3187 2756
1114 495
1575 807
385 2482
2844 1453
2427 3356
1549 688
3675 164
2717 4752
4566 4212
1134 2025
2714 1155
4540 4972
2567 315
2592 1967
4665 1139
2756 260
2630 317
4159 3117
752 2438
2252 4358
4611 435
3096 3789
438 1914
2272 4845
4625 2873
842 3351
1965 3454
2710 2649
4877 3328
2748 1041
3574 1909
4642 925
4234 2033
2307 1002
1718 3593
490 4659
4549 3561
1451 761
2311 3702
3006 2951
4584 2100
3510 1185
2911 1394
2502 1026
4397 1354
1471 3191
2669 376
3121 2144
194 3029
4114 3292
3574 3224
2521 3634
2457 4620
1901 1673
2105 1469
3604 4757
3167 4921
1976 2824
3544 593
2899 3721
25 1228
2793 3123
3718 2382
1688 2434
417 4198
3647 1150
4086 1202
1488 4740
4074 3833
1499 642
2352 4989
4133 4907
2717 803
1445 2100
3960 3688
2795 2575
3007 4321
4079 1894
1707 18
2276 971
1669 1388
4846 3036
1074 3640
2203 967
4675 342
570 4167
3111 507
4412 3202
4979 336
938 3114
1181 1120
1153 1316
2141 4165
1157 2971
3654 3368
2560 766
692 249
3129 101
756 1791
3815 1548
850 4409
1627 2703
4671 4035
346 1556
2328 4128
2315 164
481 4087
230 2700
3417 1059
4699 1400
342 1997
2980 1016
1077 3014
3388 3664
238 2218
4022 4702
3134 3908
163 20
183 1142
3423 4871
3987 1480
215 3807
148 3981
489 685
2094 3914
4864 1638
1683 3518
5 73
3594 1045
2923 2
1060 2805
4046 3736
4252 2030
816 460
3626 482
76 1120
2140 4557
2727 4254
411 1670
3371 3841
1645 3617
2840 4434
2236 133
602 849
2849 4962
4822 4098
2749 423
2206 3212
4255 4147
4091 1941
2463 1027
1133 1069
3775 2280
4125 2249
2731 1990
4344 3525
2217 618
4349 4613
5 3809
3427 3821
1996 689
4049 3343
393 4408
464 2323
3023 370
4558 1794
4811 1598
3803 3454
2845 376
499 2065
769 223
1420 4359
1608 436
4886 2536
4939 1822
4313 510
415 2768
3782 4834
2884 936
4641 2235
53 3929
3532 4572
2996 3475
4543 957
4263 1863
2899 4610
432 4264
2742 1782
260 3856
4261 393
1220 2032
3830 4872
1536 3406
1766 3755
1133 2310
4310 2643
971 3268
308 4734
1564 3883
1580 3187
4112 2231
2133 4875
4388 126
4722 548
2922 1435
433 4083
1432 604
3612 2075
2016 3450
3296 1970
4322 2894
1189 751
392 549
4601 4517
1227 2040
3013 2033
2022 3010
4481 4810
1554 599
4530 3182
4706 2942
397 377
4064 1736
1022 2255
302 4756
144 2550
4262 3343
4316 463
530 4790
1278 1338
1895 56
2297 4969
3094 2454
3590 3994
4182 373
1986 1319
1973 3828
1421 2083
4794 3601
1322 1922
1296 4106
499 3409
4726 1047
3942 613
4819 1905
1809 251
4286 1714
3507 3070
4396 269
60 83
3177 988
768 4377
1629 1483
553 4993
2562 1746
2614 4499
2367 3156
1175 2914
1501 1468
1653 797
172 4157
523 794
2117 258
894 2960
659 4112
4931 4846
2543 2857
4277 370
3454 1408
218 3697
208 2339
1706 961
425 4828
4529 1817
124 529
718 3022
4605 4725
960 2736
4276 2591
3604 2638
1936 1293
431 20
2894 870
1786 2362
439 577
4887 4034
2753 2474
1222 1008
3750 1769
683 4866
3699 4651
4543 3335
172 4241
4381 2406
1349 1261
1266 4824
990 168
2808 4100
4983 3089
3646 3311
426 4201
4026 2164
1843 4910
3198 2813
903 4529
1174 1567
4625 3768
1045 3477
1765 404
4926 1678
2270 770
744 617
4233 3189
2208 477
2180 1045
4778 321
256 1316
2810 3709
2094 4763
105 1335
4718 4381
2808 533
4928 3561
4216 950
3611 4313
3338 1281
746 3962
1983 2257
3168 2148
2081 915
4360 969
175 1858
3905 1365
2709 2543
3043 2646
4475 2755
4109 1442
4073 4496
2796 3854
3029 1237
3308 4547
985 2567
1633 1864
4601 1851
1098 1515
2794 4852
3788 2814
192 1852
1766 64
3593 3382
2753 3253
1544 3458
545 1773
3829 3226
679 2105
3316 4158
2311 3894
4890 2898
593 2466
906 4067
3766 2328
2649 2938
122 2867
4088 43
92 4124
2410 1567
4558 3227
2303 1474
2098 2194
2127 4247
2094 2357
512 4256
2765 1572
1900 1209
3644 571
4444 3429
4491 1949
75 1764
447 1625
4264 4941
4572 3896
1414 2729
1004 4674
2059 505
4922 1575
691 3673
871 854
3903 4817
2957 2426
693 482
1405 448
4092 4334
1908 4437
619 1125
4603 4620
1879 1501
3707 4186
1466 65
4322 4415
3337 4351
627 2021
3727 3124
1237 1056
4295 2670
2803 627
2393 1217
1209 4265
716 2912
4419 1124
2426 1593
4809 3817
1836 3814
158 1832
4598 3943
3473 4662
4177 1309
3292 1371
188 4101
4432 2375
1723 4553
4409 4305
426 4773
4081 4889
1095 2553
2614 1529
4808 2274
4897 3846
3756 1336
4824 3069
1308 3023
3802 1246
1630 724
1645 414
89 343
2646 2878
2137 86
4688 432
3749 324
1301 3287
441 3477
4259 2037
2112 4509
2126 800
4177 599
1593 284
3449 3595
252 1467
392 4670
1840 1629
4079 4644
1499 3887
3222 1724
2205 4832
3949 1121
3601 3321
4451 2569
2859 4117
3201 2543
1257 1535
4436 1027
2337 2022
3579 3474
820 559
2813 3640
3816 585
1123 4296
1721 605
3303 3251
3065 3232
1066 4038
2045 1719
4175 3033
2626 2421
4218 4420
4445 4372
4248 1792
4663 3522
4172 3231
3686 4106
3583 1776
2027 4469
4433 4596
1627 3951
2285 1289
2229 3267
4489 2976
4402 4284
3068 2500
2435 4816
1330 2891
4844 2918
1141 334
4625 1585
1031 582
186 756
381 2056
4249 2800
2811 2881
2456 2952
634 4686
2820 4602
4088 3465
1734 3026
1975 378
446 3992
4708 1169
113 1929
1454 1706
3583 561
4476 916
2062 28
3321 233
4194 3851
4584 4909
2870 3460
3714 486
910 727
3434 4543
4025 315
4188 4476
4925 4214
842 3376
1914 1247
585 3997
1516 4767
2391 3534
428 1958
1036 1339
55 2741
1149 2404
3963 1307
2600 826
2931 3044
3881 1866
2827 4851
940 3956
4153 784
2251 3976
4927 98
3601 2257
1998 4657
3012 847
2265 2665
138 3761
1035 1523
190 857
1625 812
3838 2158
277 342
1764 3298
4322 4421
2419 2625
2266 2861
4733 1024
4533 1003
3582 4283
675 3605
3946 4775
4457 1669
82 1377
803 4813
1030 858
2077 2904
1364 2692
3121 4228
2639 2498
2131 3527
3686 1151
2248 173
3252 1231
4834 530
4103 1831
670 1049
1712 251
3724 1705
1716 1519
