10 59 30
821 4603 6
4719 70 6
2453 692 19
4766 3846 24
2561 2038 15
4708 3984 24
2178 2309 24
1853 4888 18
3912 4757 12
804 104 26
3161 1043
3238 2405
1010 3462
4576 2121
3936 3117
2123 1608
1991 1174
4047 1988
3379 3521
4893 4927
292 3769
2013 3291
487 3295
2404 1979
878 4557
2230 1283
842 2462
3574 3371
4126 4620
2684 3125
1410 1327
4024 2865
4595 117
665 4442
818 4972
24 4272
4433 908
2056 719
273 489
3183 4891
2001 4107
1771 4319
2275 1729
3313 989
2512 2044
2696 4508
3904 3036
2352 4779
2621 4749
3075 1033
842 3148
1030 2809
4602 511
2229 2863
2735 3316
1388 1879
4889 1390
3595 4188
3666 1100
2609 1020
512 4292
1600 1048
2865 3759
3274 4557
3149 1642
435 4095
727 2089
2625 2577
4625 2342
