60 870 30
4482 3209 27
2850 2176 5
4460 593 28
3379 738 13
2434 4487 7
4540 4206 20
270 751 18
806 1965 19
1161 1126 9
1081 2974 9
4274 1679 9
941 2301 9
1805 3733 13
1954 704 18
3532 481 12
1742 3035 2
1619 4011 29
903 2878 7
3199 1274 17
3657 1850 26
2865 3940 17
3573 4904 27
1055 1641 6
3956 1850 22
3546 199 13
2989 4326 1
1578 956 23
107 4365 17
2240 1716 2
2583 2875 26
200 783 18
1803 1594 26
2530 2856 7
3858 1588 2
66 3954 23
2718 4219 23
1753 1858 6
1834 852 18
660 2781 8
97 3942 8
4605 1207 14
2923 1357 9
2124 4824 14
1105 4089 10
383 2257 11
2067 1945 17
952 4034 28
2585 4641 14
4847 3343 3
4258 4724 25
554 4673 6
1041 2454 26
4877 3459 12
3574 1374 20
4087 778 11
3235 2331 16
1126 3206 3
1439 4605 8
257 3134 27
4003 2702 5
1598 1237
2870 2094
2166 655
2179 1003
4272 2538
111 4781
3310 1776
3482 4695
922 869
3873 2455
514 4446
3702 3910
2785 4304
269 2256
4977 2977
794 707
2563 541
4108 3489
3819 2814
4780 2292
1841 2050
472 3177
3368 1463
2589 545
4156 4633
3282 1895
4028 4833
3884 1854
2244 1026
2163 1793
96 4125
4165 592
433 1996
3055 622
3472 818
4957 2262
975 4550
52 3101
3112 2090
1643 3651
1566 3057
3694 2696
3334 4918
1209 1215
464 2852
607 4427
2605 4983
3008 3449
3861 2652
999 3360
4234 2492
4773 3810
1167 4139
4125 2118
2984 3334
3034 177
2101 3366
3578 2167
3177 671
178 4072
1027 1688
3778 3204
93 1668
3031 3864
3897 240
4061 3093
1310 873
2927 4397
1386 4416
4753 1004
688 327
3761 592
1503 33
266 1964
1995 4389
352 2274
657 3102
1332 4537
1183 677
3837 34
4347 2048
574 4455
1307 2006
1113 89
4371 317
3184 3920
4725 840
2149 3937
447 3144
2048 3833
3019 4846
4851 1907
620 3663
1819 2933
4569 62
2904 1280
1067 4520
209 4107
2039 20
2492 2126
301 4497
459 3750
3144 3324
3263 1513
3640 908
4296 3079
4255 3420
707 211
3769 3005
4779 3534
3279 4455
4305 2114
521 3222
242 816
731 2296
1395 3665
1698 2382
3938 355
147 4331
1721 1956
440 4448
4538 821
2101 620
3816 4557
4372 4141
701 4749
1070 1013
1289 4955
3998 307
2916 4865
3200 2256
4994 3783
4959 441
705 3492
4691 3328
4801 1504
1089 781
1436 2401
2640 1318
407 4545
3879 3513
274 2388
2641 945
2088 4164
2296 2740
4374 2225
2377 769
728 383
2547 4432
1394 3243
1831 4183
4031 420
1646 4932
3106 869
3019 3437
1144 1795
2668 69
4733 48
452 3734
4012 4270
1502 4390
4617 1198
4618 1672
3896 3896
1197 1462
2588 2138
2833 3846
2701 1974
3728 3533
582 1627
667 2269
2399 14
3615 4059
4566 1337
2545 4882
1598 3561
4657 892
244 4904
26 1094
1111 4791
4070 1161
3492 4023
3156 1244
806 4525
4814 3093
126 488
166 559
2188 3924
4741 3616
4685 3751
1931 3021
1902 4207
4568 3343
2808 3689
3713 1226
179 178
745 4106
2101 1706
1586 820
2140 3369
1395 2003
362 2683
3131 634
4223 4338
1738 91
2605 79
4151 131
4150 961
4160 4980
478 1482
4016 140
624 3989
431 4930
980 1834
3405 4907
671 4159
1840 3967
1050 1721
3494 261
4141 2369
3005 3251
3464 4303
839 3380
1067 3690
2300 1781
1874 1721
3022 189
1719 2675
4065 1074
3857 3835
3933 1570
2725 2379
3778 2753
3146 2724
4661 2861
3630 854
2278 76
3584 3763
3430 3654
4968 2957
2190 2625
1146 2359
1835 3142
2019 1956
4710 167
3755 889
4220 3515
3235 1131
4407 2446
652 4719
4412 673
4194 1555
4522 4435
1126 4792
2480 4571
970 3714
4059 2923
1784 2710
2742 2560
1269 3568
4527 4255
658 1174
1137 2324
1257 3972
1010 4880
443 175
139 3610
2576 3099
18 3905
1950 336
3542 544
2469 4789
1363 1521
1675 568
1926 1038
836 2280
3772 4050
688 969
3974 1619
4436 4557
246 3417
1134 3450
3243 4251
1179 3110
4866 1678
2282 968
1301 1750
247 1562
4116 3684
4501 4889
4711 3905
4387 3761
1333 4653
4329 4790
2734 4416
36 4724
1313 891
4037 3268
237 3888
4055 2330
2169 493
193 2555
1960 1460
1713 660
1769 4792
1816 2338
3087 1015
3480 2036
628 1239
2036 1675
158 667
445 251
230 2776
3115 873
2292 3590
704 524
391 2562
3886 964
4218 2208
145 2658
2514 4792
297 1093
1793 2634
1391 1298
3388 1518
1378 1593
2471 618
4015 745
116 2172
4291 4628
2881 1852
2239 1395
2373 3744
1638 2604
1813 4380
1129 14
3822 188
2599 2603
26 1513
1158 4199
4680 2599
2374 228
2580 1354
3942 832
3417 259
2623 3762
963 965
504 169
4254 3766
1580 3666
2198 4478
3777 1483
1438 4748
1325 2617
1461 4619
503 1223
4259 3489
4243 4513
583 1380
351 3347
3726 2302
2464 955
3796 1197
2588 2870
489 3707
3494 4084
982 871
4473 3406
2237 1344
3219 2821
4615 3021
4675 1450
3330 1643
655 2049
2568 1784
2918 1575
1400 3125
1503 2637
1268 620
593 3344
2574 1145
3600 4799
2234 2814
3534 435
2701 4744
4874 1354
2294 4734
387 724
82 1008
620 1004
4174 2255
3829 3674
2700 4276
2591 2891
1708 1716
1939 1453
2721 2281
3870 993
2586 3187
389 1437
783 2566
983 4977
3022 3456
4518 644
4973 1936
1028 2127
1815 1254
607 2925
1307 1379
4158 1878
4046 2809
1926 3891
4968 1374
3809 54
3531 921
3638 1816
1254 2995
3184 1859
193 4443
2215 2095
3929 836
1449 758
11 3850
3235 3778
1728 1778
4694 664
647 369
4361 4147
4008 3002
4966 4755
704 1430
4280 3836
2779 1529
183 1430
3008 2568
730 2669
2682 1690
954 3220
4072 4725
4492 3712
422 229
2203 3737
821 3163
2282 921
4184 3962
2095 4196
1984 2281
546 2679
1112 4912
902 2031
75 2517
2621 1136
4214 2374
4170 3256
492 3728
2223 618
1636 1984
2439 4589
2019 1293
4523 671
4023 2767
4484 921
4968 1286
3092 1314
4157 3991
988 4872
3007 947
4584 520
3555 1015
2769 3565
2788 3962
3465 2879
3643 1861
1783 4328
1276 117
4994 3133
4267 2603
3129 1369
2345 2147
2621 1225
585 2628
3067 149
1275 4598
33 525
2028 2525
3389 439
4482 4517
2647 951
1935 1734
1154 1106
3948 3140
2774 2660
862 2890
2264 1794
1442 879
3335 1029
4064 2002
2726 380
1548 573
1787 876
1496 865
1714 2136
2232 1731
2949 2544
4362 1532
593 745
2732 3425
4667 1734
423 4302
3070 2589
667 4107
1033 3567
1524 3954
2365 2552
2466 2582
222 3547
2693 1338
1784 4632
417 1443
262 93
4265 854
1386 183
957 2796
560 3022
4983 1445
3164 1561
1092 4506
2161 4882
3107 2178
4093 3859
4332 1841
3025 3590
838 2395
958 4545
4017 4882
469 807
4368 4837
3969 4538
2110 551
717 3995
1537 390
3995 383
3987 3397
431 3791
4537 4671
2208 2374
3698 4794
1534 2965
715 3654
3856 1835
28 4797
1167 3665
494 1720
3938 88
3451 231
722 1857
108 1861
1897 942
2313 2689
730 638
2389 920
3837 518
4399 4849
3664 2619
1388 4786
1001 3969
3753 1386
4634 1287
1268 2045
1324 3628
91 3563
3030 3831
2565 1699
1651 1041
284 796
1058 3698
4856 4232
3435 3376
4323 4686
4538 835
1537 3743
1172 1664
1485 78
4200 1734
4912 3911
1978 3743
4393 873
2495 953
2628 56
2431 1840
14 4437
2368 2912
4080 3972
1209 3498
3428 3574
1881 188
3718 4962
1468 1014
1903 2971
1755 3860
1333 573
4464 4539
1911 2107
2569 417
2939 2827
3336 329
879 2007
2097 3629
2531 1626
133 4730
1745 1383
2758 1268
4611 737
211 3514
4584 1499
1114 1728
4651 2105
100 885
592 769
2299 1881
4818 1912
1778 2577
2406 4315
2104 3919
4979 4666
1768 932
3340 288
3984 4643
1777 1551
3768 1437
2817 1027
570 4453
4246 4200
223 2554
4314 2152
2819 1467
18 2229
2553 3511
3972 603
3422 1014
4759 380
872 2867
1533 2976
2414 2086
633 406
4175 967
2851 1966
42 2254
3499 4426
705 4379
4981 967
1306 3343
1962 829
4391 1442
4884 37
4758 2272
857 4135
2798 3449
2189 2643
1063 2917
2118 1946
750 4916
4157 3850
1433 2570
1195 142
4747 1429
4198 858
4080 3817
3320 1675
3416 1254
1723 3069
2922 4630
708 4586
4040 4636
4573 4635
2419 4501
1371 1835
4052 2603
2876 22
4186 4074
217 1226
3588 2691
4072 3866
2520 4691
684 796
1834 3564
3321 2211
1089 3241
1399 4501
783 2889
4227 924
3839 2836
2022 3317
3631 2889
2733 4117
1596 4341
1207 1018
4553 2839
2452 636
2824 3526
3400 3581
873 3110
1265 4480
679 2063
3126 3638
4411 2442
4692 2914
3391 2919
1051 4028
2776 2971
3607 1525
1406 1396
2718 3299
4681 4581
3334 2114
3523 3157
2188 867
4389 92
1685 3282
3358 2592
4571 3156
1090 2506
2374 641
706 394
4916 880
4355 2013
4947 1074
4680 4060
877 3259
3997 3224
1522 4224
387 2608
4044 2426
1292 4593
4520 1785
3467 4512
4665 4413
1389 4853
4003 2596
851 1723
517 3418
3159 781
3201 477
1243 2319
4172 133
1837 86
1450 3454
3137 2078
3968 4520
1120 4518
1272 3370
3870 3873
3854 3167
1818 1294
2675 750
851 552
871 3343
1704 2407
4472 2606
1603 2165
3787 3602
3421 1710
279 1335
931 3025
2005 2691
346 4280
1333 1205
3769 1324
4773 4334
1219 1084
2128 3058
206 677
448 893
3225 1300
2538 598
159 3894
558 3236
3345 165
1137 1632
2207 4669
2055 1858
1344 346
1546 2887
3038 4406
3910 3799
3600 1028
2297 2339
465 4695
1723 1272
452 4603
244 3669
4178 2496
696 2300
1540 4406
459 4431
1366 2737
4842 2214
4045 3873
2435 1373
2149 3425
924 4966
1188 850
1676 3192
4453 3190
4057 1704
1335 4247
769 3752
746 2116
2705 4231
1607 4084
4655 4936
2655 2333
989 4675
4605 564
4379 2487
31 3413
3873 303
4145 838
2574 4061
1650 2435
1700 3790
1931 3366
2094 1211
3600 3666
1815 2132
1909 2567
3790 2596
4256 2008
3800 3518
2548 3422
743 1860
4859 2723
2291 577
4076 3037
1972 2767
2825 4345
1494 2573
1974 1015
630 1382
4978 4867
4559 1971
2914 3801
4561 3603
462 1687
4776 416
1761 4941
3969 2720
4923 519
2385 4618
779 3936
1309 3112
3055 1637
2229 3807
2038 2082
1757 2930
4074 2590
3120 1299
2358 2918
449 1541
2433 2914
1794 1696
2184 1129
4153 3183
4399 3081
845 961
1791 4378
1110 673
2922 2354
1289 2434
2429 3367
