30 190 30
2505 297 9
1733 348 9
4334 2052 29
2157 3891 12
4995 3542 9
2862 2732 12
3670 6 25
705 1867 25
2162 4071 23
4964 3661 30
2208 2132 21
4962 2554 30
795 4086 30
734 4786 8
884 383 21
4281 586 26
1280 2976 21
723 1568 18
3915 3881 30
3214 121 16
4777 393 18
4162 3422 25
4909 4869 13
3674 3104 11
1703 3904 13
4650 4304 17
1095 2177 14
3106 1981 4
143 1883 30
1161 2831 20
2316 1642
1243 1374
2770 4051
670 3563
4827 1537
3826 1390
768 678
3702 1546
2922 4866
3721 3999
33 97
1088 2792
2693 4617
2639 1710
528 4613
861 3622
4017 4251
1688 1628
4258 4519
3740 2976
699 4496
4290 1449
3834 1376
4732 3807
1672 3984
2986 3303
2054 1479
3253 1822
11 4961
1652 13
1430 3648
2004 2946
4313 3605
231 2793
3525 138
2940 2410
1178 69
4459 1161
2962 2417
1165 301
1474 1830
2828 2207
1007 2755
3190 2728
817 1782
3739 977
2322 2095
1690 4622
4440 3869
4985 2314
3436 312
3067 4549
152 789
2725 4907
3343 3462
88 747
933 266
2028 3069
4117 513
1622 973
2624 2574
627 2100
3916 1149
2634 4907
3566 4799
2228 563
2842 2781
2465 2278
1704 1768
2354 4417
133 2954
1137 2630
1659 751
4016 1647
3193 4154
2894 4259
4722 1623
1698 4929
1036 443
2845 1101
473 1844
4967 3352
644 4172
1790 2913
3910 4517
2244 1958
4658 2891
1754 377
4764 1704
1432 3644
4532 1370
2692 2715
709 2365
3907 2929
2706 2646
2165 2948
4652 4925
4595 2633
4318 3484
3415 4530
961 3761
1747 4913
2145 2447
770 3988
2722 145
2296 3422
2424 2837
1339 1926
1898 1282
967 2901
2195 3838
367 3138
210 3717
3827 4645
1745 3799
4670 2051
3208 2844
2757 1806
1162 2098
3521 2219
2580 1176
4844 3491
750 2624
2478 1645
4677 630
2290 2535
3089 4871
2958 559
1281 1674
3186 1311
4208 4748
2177 3516
3684 3701
2996 4438
25 3982
2852 359
4659 334
1301 321
203 668
3896 3343
4553 3121
3777 1314
2921 698
3113 3782
982 4472
4621 716
2781 2675
2985 3777
2621 908
3090 4995
1401 2945
2314 2478
4011 3904
1129 1979
1314 2369
2180 3058
3501 2673
2160 2142
867 4551
1749 555
2186 1388
3293 2411
1575 4365
1851 4903
960 3916
1261 3913
3956 2207
130 1869
1421 2569
4431 168
3504 4279
961 762
2634 741
1908 4687
2095 1081
281 2906
443 2445
3588 1977
1335 373
1287 1984
4494 3611
3863 4517
4270 4553
4121 4316
3540 2477
4093 1175
436 2880
4904 2675
2961 2336
834 3067
