60 212 30
861 887 10
609 45 2
353 68 6
875 883 9
40 957 5
299 927 7
509 952 3
521 795 6
718 416 10
804 891 2
431 409 6
983 773 2
41 924 3
516 415 6
384 320 3
514 476 5
884 547 9
959 287 4
838 896 8
635 907 3
436 799 10
37 324 6
518 758 1
365 433 1
892 70 6
450 601 6
581 776 6
715 563 4
393 760 2
628 239 8
459 362 5
716 144 6
567 113 1
814 854 6
819 655 3
950 803 9
308 374 6
807 884 5
968 732 2
928 650 6
378 467 10
886 314 2
658 863 1
836 984 5
779 471 10
414 842 4
812 438 6
122 366 6
819 755 5
215 65 3
623 273 4
512 40 4
313 63 10
441 253 10
730 5 8
252 469 2
345 458 5
718 976 5
507 989 5
366 507 4
289 678
469 862
874 695
883 230
6 293
647 300
590 595
821 994
693 162
128 193
6 197
695 810
280 474
771 470
546 961
975 307
663 219
474 610
732 417
157 199
462 945
436 661
219 130
760 158
657 19
662 727
721 960
321 336
430 385
717 258
325 570
494 734
310 11
626 343
249 195
202 490
922 253
141 650
27 384
930 496
904 12
235 583
839 78
723 746
597 628
789 122
64 800
837 127
350 850
614 695
764 478
473 286
829 609
734 166
712 56
169 474
125 644
778 591
492 374
11 958
228 945
612 315
650 419
656 886
824 970
169 547
176 254
421 871
774 653
288 247
97 185
996 564
995 261
319 588
183 274
890 308
829 783
889 700
921 162
721 870
986 294
998 524
380 583
942 386
969 963
631 777
157 485
404 431
430 171
834 438
634 530
266 878
340 158
443 487
431 588
490 172
116 385
110 735
568 449
971 152
480 224
527 261
802 976
919 647
323 872
665 593
606 33
269 8
19 696
436 431
52 785
49 667
373 733
232 537
703 255
277 599
24 566
594 814
168 72
272 453
648 795
617 379
31 782
481 812
535 120
712 46
860 608
138 911
250 824
945 57
780 541
210 600
579 549
744 254
97 810
46 373
595 419
65 818
760 656
567 438
965 715
942 771
591 185
802 794
289 643
601 440
715 320
620 511
522 18
721 785
826 679
84 894
417 956
501 604
621 83
44 380
293 209
149 927
346 306
804 911
851 102
430 679
696 974
634 141
939 518
133 721
367 182
737 913
613 729
239 877
682 958
278 984
751 399
700 585
752 31
675 756
341 41
616 384
195 17
108 217
890 861
340 391
592 330
9 534
111 816
418 816
608 21
232 301
511 527
438 984
788 770
38 661
662 585
803 927
406 953
734 204
97 134
761 106
589 277
218 357
16 817
648 862
942 631
252 533
654 353
693 604
975 992
653 176
335 955
717 816
869 209
825 782
