150 730 30
2732 1310 10
2755 4727 10
3577 2436 28
4527 850 3
3010 1810 8
3841 152 24
382 4750 26
840 824 3
678 4280 20
1042 3262 24
1540 3109 1
2955 849 13
3281 4413 9
3581 68 10
389 2117 23
1138 2261 9
1115 2284 3
293 1051 23
4429 3301 24
1585 866 1
234 1962 20
4333 463 8
1154 4875 15
1352 3225 24
1439 3465 7
1188 4268 2
3258 2577 2
4664 1703 11
4389 4192 7
1690 1875 20
4726 852 14
3119 4703 20
4171 3123 13
2146 36 11
4900 1069 6
4739 3016 19
3304 3086 9
1073 1535 19
842 4151 1
3638 4755 9
3486 3600 21
1564 3136 18
2272 1144 19
2365 3223 1
3469 2894 13
576 4070 26
4311 1948 24
1468 2074 3
3009 2837 18
3735 735 29
606 4100 13
3641 2067 25
684 2920 14
121 1738 23
3243 4275 30
310 2560 8
3965 1700 4
3926 2736 25
1256 2511 5
3251 1764 23
2637 4098 24
2095 4877 6
3169 1269 3
1643 4457 23
1610 2014 5
600 4761 22
293 737 18
3921 11 6
1596 3138 7
822 2549 15
2712 2650 3
1795 7 22
1219 4083 12
4277 2725 7
4774 2529 4
1647 4491 15
2506 4546 11
176 1520 8
2245 413 22
2093 2026 26
2436 1545 4
786 207 7
805 2208 1
4706 3957 22
2846 4054 2
139 999 30
3537 2374 15
4236 325 16
2661 394 7
3153 4154 11
4343 3869 4
3979 2939 6
4379 1464 14
1150 3937 3
1329 1722 14
1524 4770 21
534 2699 23
3807 4660 1
3354 1592 22
1397 3506 18
2355 1324 14
2930 1151 8
3410 727 22
150 1888 20
346 2982 18
1122 4781 16
1540 1609 6
3010 206 5
501 4584 12
3823 3355 25
157 4548 23
1919 825 6
2973 4970 21
1692 2043 21
2287 1709 7
3198 518 14
2381 472 17
2175 4822 17
4458 4376 6
536 2143 13
2198 3934 27
3324 509 6
771 3257 26
3829 4232 18
1702 152 16
4876 1058 23
3954 4762 17
3325 1499 23
3818 4221 21
3703 4520 20
858 568 8
1714 669 21
2121 4247 28
1972 4788 14
3810 4883 26
3762 3480 27
3015 2365 19
737 2205 30
3023 3016 13
4961 2828 4
3204 2588 6
2181 4565 6
3253 383 30
2206 1588 13
878 1822 21
1455 2206 6
734 2196 28
2554 2984 18
782 998 16
1151 1377 16
1645 3061
1875 4164
2769 2021
2508 4226
4418 3127
2470 3838
241 318
3822 1306
1393 2816
4559 4781
4887 3967
4024 737
381 759
4237 4819
4212 2716
138 551
3310 1110
1977 2906
4 1630
249 3661
2519 784
364 1059
4016 1121
3978 4569
3739 3481
390 4561
1099 4974
2079 2096
1988 3526
1314 1864
4792 1874
2370 1631
114 812
4984 1743
1060 2288
1734 3629
770 3013
1932 177
265 141
3112 2974
1845 4382
1828 3937
2568 4562
4525 151
1265 2421
4283 983
259 2297
3488 4901
972 2693
3610 1376
4246 2816
3572 3810
2532 4301
336 4374
3385 4821
1018 1456
3145 791
4890 781
3708 3843
1012 1728
3146 844
197 4718
3041 214
3259 4823
2074 3516
744 3405
3194 3342
58 4735
2226 2030
3912 435
1707 3618
4132 800
1682 1537
1767 2284
4275 2958
1030 1507
4607 4463
1533 4393
2334 2169
3152 1538
4396 1428
4068 3772
2716 3936
4344 2287
914 4568
1757 1516
3531 3126
1846 556
1953 3049
4832 2085
400 4419
1001 2536
4028 3499
1126 3723
2073 4774
1786 3840
4674 4380
3959 2241
991 4495
4541 2803
162 3190
998 1968
1053 41
2290 2036
2695 915
1903 968
2841 1687
1570 3948
465 598
4459 1562
815 974
935 1727
2409 4660
4838 1773
68 659
3418 3880
48 3784
1191 4114
2039 2842
3837 2534
1051 844
3677 91
1530 2364
4320 609
1047 2354
871 4304
1739 1945
2496 4994
93 3347
4661 3806
2104 4932
399 1683
2543 4068
4380 4941
4103 2577
4190 1665
1285 723
1074 1996
3919 3002
566 3807
1637 4320
2469 90
60 270
3372 4542
2327 4460
2308 1227
4624 3335
2147 277
1471 1185
3627 2889
679 2616
3194 4855
1287 2048
3388 1491
2539 2614
2881 4374
1111 186
753 4045
3707 220
4332 4617
1844 995
3600 1888
50 136
1886 3469
2079 1024
4696 4226
251 1641
1159 1322
3950 1992
4660 4003
1385 1793
4178 443
1643 1361
2602 3810
1307 1851
2455 3174
4447 2394
276 1635
1374 2714
2946 4885
1389 1839
2277 1152
4234 3873
1810 4168
4485 304
2680 3632
4880 4974
3820 4922
3669 891
3615 109
4821 3317
344 4796
4355 3282
3982 2240
2153 3662
2541 3395
3531 4388
3142 64
2897 2472
4789 3870
3145 2744
1927 3941
3225 4499
901 2800
622 3324
1875 600
149 1917
1696 4044
2810 2826
3590 4686
1949 362
1814 1168
602 4837
3174 2375
3206 4690
4810 2778
1903 2672
4237 4351
2153 2067
1875 754
4859 644
803 2629
3513 577
3250 780
3919 1680
1632 2650
2895 3497
27 4849
4399 4233
281 2404
288 2144
197 3834
2365 4608
218 4670
2423 2694
3879 2426
3993 1933
3613 4295
96 52
795 4618
3206 2335
3863 2585
2520 663
4570 2791
254 1490
2821 2269
1176 1984
4604 2045
1046 2018
4099 103
4295 1009
123 1426
3484 2738
1649 4661
609 2756
4525 577
3481 3750
2515 3781
3003 3979
4415 4419
1763 1960
2864 1991
1126 966
3059 1692
2540 1207
2719 2764
2635 3987
1421 2626
181 3434
1209 3449
3066 1497
3242 1205
4011 873
2295 2233
1810 1845
4488 2962
1630 3858
955 327
4836 4277
728 2353
1508 4762
4410 4644
4233 4622
4443 536
1544 3706
3847 1012
2885 3466
535 252
3403 2483
320 4818
3511 2382
2028 3297
4067 2550
3684 1933
1900 4276
2632 3453
1564 2583
2816 3775
772 4147
1494 1811
2184 1096
4787 128
4601 4135
3983 3005
3909 4233
2170 3183
1235 759
929 1935
2436 1934
906 261
2988 1455
2140 3357
4513 3236
1866 4726
2252 4945
2207 2339
3530 2763
4129 1687
969 4571
928 961
204 439
368 4430
4286 2223
1437 788
2296 4646
4349 3873
1795 2211
2920 4210
4393 2960
10 2627
4045 3899
236 4465
1125 2896
4981 2766
4841 2164
1428 4818
123 2920
1080 76
3427 4182
2853 2152
912 4466
3386 1556
1142 3975
2070 382
110 1091
3763 1236
3709 3364
4066 3299
4268 541
3590 3931
1143 1015
2072 721
4289 1893
3312 1420
3741 877
2113 657
2 4148
3529 2413
1950 730
379 3939
2914 3621
4194 1520
2237 1121
3109 3539
2881 1683
1564 1966
4019 2340
4229 4720
95 3449
4789 2955
46 2882
1422 4633
3253 3144
4367 2244
4687 1544
4993 752
3080 3196
3724 4254
723 2713
1025 1923
4863 4973
3162 1456
4683 578
3243 1616
3325 2349
1600 2336
4783 2397
3348 297
4795 1588
2551 2403
1167 155
3793 1438
3519 549
2162 4310
4652 2503
3749 4421
4593 500
802 893
4420 2640
3804 1266
2409 4934
4440 965
1236 4054
39 2272
455 3998
2907 1854
3912 4814
975 3596
4384 4741
2038 2370
3026 3837
1827 4369
3093 2963
1973 3188
3396 2976
4723 1973
3089 971
1335 4113
251 1832
3763 3338
140 2980
3008 4861
2476 3481
2909 520
2884 751
3244 418
287 527
4813 2157
3422 2343
4619 3963
1 1969
1448 1675
2887 137
818 3537
4835 4728
509 1629
3269 1425
2624 3202
3437 2480
4356 4803
1172 1469
3557 4472
3081 4643
1516 4137
4830 2427
4792 943
1884 3700
2566 2569
407 4872
320 131
1013 4635
4775 2694
486 4535
4752 1310
3999 3717
1582 2921
3830 3847
1196 2879
4846 3975
3724 3125
1102 4143
3461 4431
424 3403
1981 4778
3498 3065
2400 3133
884 894
4764 3246
773 3081
1495 2479
4944 1800
1387 1740
3742 3816
4252 3176
4194 435
4202 3722
3457 4808
2016 3216
3713 864
1196 429
352 1821
2861 242
3463 559
2626 3079
2826 3028
4786 4130
2231 2876
3102 2028
3011 368
2636 297
3167 1499
279 3999
2279 4983
3929 3798
2942 3275
594 2246
800 1533
1173 4564
2355 1583
1801 36
85 356
1589 413
3041 4659
2434 492
621 4150
1710 701
3688 1729
462 50
3958 361
3391 937
3192 1978
1252 4336
977 2773
4096 4683
3359 4760
328 3132
2758 1912
3474 362
4426 1109
1938 1373
2770 1280
4805 2162
4152 443
2615 1567
4790 3226
4763 3044
319 1999
2434 1610
4398 4840
2745 3362
1095 369
1690 1542
1414 3328
1343 2180
823 1254
194 3994
535 263
4247 4010
3202 4649
543 1665
628 4836
2796 2096
1575 2820
3063 2808
526 2885
1016 4409
4518 913
2133 4046
2443 3941
1739 864
1359 1656
1777 1185
818 2158
3701 323
398 2141
1749 4925
1017 4920
2498 685
4873 3465
4541 2526
964 1668
1503 1944
1163 2260
2526 2942
1953 2429
4828 1970
4960 128
3136 4249
3340 800
522 594
4657 2067
1476 653
833 453
4920 4849
4514 1408
4144 4291
1028 1846
392 1521
1325 4367
1005 2419
2820 3580
943 2068
2999 3600
4529 81
490 727
4889 4751
811 3745
2730 2321
3317 1991
3133 2
2293 3518
2544 4217
3925 4585
2661 3495
3765 4696
2904 2195
3195 749
3571 2179
3483 3540
4477 4
4959 3658
3348 4525
2926 3259
497 3676
3043 4801
126 1359
4699 4290
940 3101
3676 3168
4935 1763
4670 4030
299 510
3175 1892
1122 3916
4716 233
4300 2201
3471 1561
1127 1500
671 3325
4361 3920
2898 1714
3293 2408
990 3699
1244 1981
3504 502
1975 1820
3283 2278
3231 1862
639 139
2933 3650
4773 2644
520 741
3979 2890
2957 1020
4677 1725
4363 4721
1736 2801
4948 4093
3084 3597
282 2715
4548 1098
4726 310
585 4809
3864 2708
1335 3738
3570 3020
4556 797
3053 2577
3982 396
3666 2796
1200 1305
4087 4792
321 2991
3932 3403
2832 1967
1174 3529
4334 145
1147 2850
1205 715
842 213
4384 1771
962 4043
3519 2823
147 4058
3049 3918
4458 3454
1827 978
4035 4685
3131 919
3112 2756
585 2105
4253 979
4236 3018
4547 1942
1622 1874
1967 4083
3639 538
1093 2613
20 1075
2463 3682
909 1759
2389 4510
2426 4599
2210 4448
99 928
1594 2709
1609 3839
977 4182
4160 3855
2517 4685
1530 438
3558 207
3544 4881
114 1610
3227 3418
3658 975
269 2535
3247 2870
3158 3157
4595 4959
451 934
3144 2891
3838 3444
3600 1658
2256 472
1676 104
1696 3700
4627 3989
962 2372
317 2513
3877 4318
2747 1467
182 1051
813 3692
1267 4724
3194 3116
4563 1675
235 4004
2587 1244
1702 1827
903 3691
2548 3789
4912 4091
4560 2781
1341 3853
3416 2746
2718 2275
1493 2533
4587 379
407 4741
