60 114 5
456 935 2
306 980 4
5 819 5
380 932 1
923 586 5
939 843 5
558 90 1
360 710 3
734 606 1
849 959 2
857 564 2
90 509 1
965 181 5
244 23 5
322 472 3
310 918 5
493 306 4
437 527 1
561 488 1
123 138 3
634 235 2
608 61 2
329 262 1
788 942 5
986 709 4
407 196 3
298 586 1
588 381 1
460 44 1
854 579 3
146 995 5
218 714 4
782 174 5
409 677 1
679 330 2
324 852 3
536 40 2
34 800 3
652 478 4
197 463 4
302 284 5
921 595 5
503 326 1
137 529 5
338 365 4
848 96 3
497 439 1
703 687 2
478 260 1
874 953 1
10 196 2
628 161 3
761 78 4
155 121 5
484 809 2
423 230 3
695 203 3
683 302 2
365 82 1
117 760 1
604 537
946 564
284 774
517 636
374 762
7 759
68 727
538 504
856 159
904 823
573 452
877 63
869 221
891 807
588 61
277 924
202 955
866 78
416 642
81 677
412 610
131 386
947 271
818 767
918 138
551 802
949 836
910 53
379 74
653 155
600 659
289 748
108 35
91 112
476 686
942 720
900 884
7 170
756 640
66 749
699 597
824 354
396 95
20 553
713 602
327 987
713 679
604 344
728 988
72 917
725 851
211 330
729 704
197 340
845 766
644 381
782 465
833 363
904 806
763 569
560 577
283 487
415 162
166 642
364 830
289 384
112 864
435 661
355 677
391 206
69 774
540 330
78 916
655 983
350 315
721 456
376 37
792 349
983 233
792 131
907 465
705 820
8 53
709 336
828 928
768 235
564 441
146 550
896 133
37 245
199 553
683 948
193 887
57 298
419 759
522 694
53 816
629 930
258 560
661 964
190 306
244 53
847 964
545 373
765 253
268 115
922 846
669 930
84 649
805 575
13 564
982 382
961 567
497 930
