140 1466 30
469 483 18
398 166 18
165 182 30
86 63 16
398 140 29
32 350 30
289 450 30
386 215 9
262 422 21
430 150 15
173 46 1
360 318 1
370 26 14
319 296 15
187 103 17
411 461 25
441 351 16
469 278 21
362 278 6
139 101 28
178 16 23
496 6 17
280 168 9
81 411 18
300 416 30
197 382 6
274 52 9
344 380 7
86 393 17
215 315 13
70 230 20
384 3 4
279 298 27
405 46 25
58 103 19
332 213 2
145 316 25
470 453 18
167 1 25
35 459 14
376 249 23
46 282 21
492 122 21
114 465 9
368 141 18
305 388 23
160 286 30
389 27 15
361 423 9
374 185 29
222 35 14
305 66 22
169 497 19
160 298 9
369 442 28
168 351 2
5 62 9
187 53 2
460 328 18
149 253 29
167 263 19
93 336 23
89 44 21
118 61 25
248 171 17
274 44 19
347 444 1
200 225 27
379 96 3
82 34 14
437 114 16
217 194 21
59 275 23
140 488 14
300 75 14
318 204 1
478 84 15
300 52 13
478 390 6
335 312 4
31 86 25
320 461 20
102 23 11
171 38 19
14 332 28
261 88 7
298 69 27
222 389 4
55 196 20
37 36 15
240 478 11
38 229 13
49 107 26
263 418 30
459 92 18
489 280 7
62 481 28
378 495 6
338 251 2
195 307 30
336 200 30
272 73 23
81 276 1
175 482 3
73 275 27
398 316 19
492 161 22
355 153 1
262 90 27
380 254 15
386 146 4
149 419 10
265 166 17
371 41 6
278 106 19
211 26 2
359 208 23
134 410 23
318 251 3
349 105 2
416 412 8
270 118 17
438 367 17
224 78 11
244 413 14
301 49 25
304 259 20
179 416 17
71 440 18
390 98 9
98 397 4
224 446 1
456 67 1
385 375 19
199 208 21
77 53 3
192 23 4
122 207 15
216 493 5
371 327 11
260 372
125 10
190 303
308 266
418 29
485 234
203 266
425 314
204 484
198 476
138 298
364 49
213 42
44 97
443 59
371 417
277 314
29 435
344 284
432 228
242 299
215 417
323 163
153 310
351 494
251 283
74 437
298 63
366 206
74 279
482 452
92 234
268 112
67 301
429 63
422 227
408 195
15 57
226 320
205 349
94 32
79 295
122 120
70 296
248 219
278 309
80 194
342 379
120 192
293 41
305 29
466 458
458 403
287 326
263 467
311 181
19 134
330 424
52 114
482 104
314 40
201 53
354 315
357 196
103 258
123 295
319 307
194 284
7 344
148 327
439 77
500 212
206 75
474 281
189 314
212 337
424 99
304 19
77 93
97 380
303 329
137 177
151 278
411 477
139 15
191 242
17 345
376 334
186 420
467 78
166 198
245 98
193 449
252 8
84 224
441 363
54 386
305 416
354 304
395 395
206 194
318 105
365 434
173 58
208 35
227 46
110 436
57 83
83 155
99 184
99 86
406 109
285 202
273 413
3 402
123 476
487 24
249 491
409 441
135 234
47 477
313 25
293 477
447 372
389 417
49 225
488 408
241 252
198 442
485 181
152 428
105 320
311 106
246 338
431 49
464 349
401 277
142 417
45 162
105 425
236 91
119 180
111 376
481 293
283 487
117 228
476 391
34 358
122 217
408 441
155 166
354 499
346 451
157 498
391 53
499 281
157 164
158 77
290 32
473 422
299 106
11 329
47 230
473 230
106 48
185 120
481 258
267 380
242 227
110 242
279 43
182 446
238 466
202 291
240 39
237 313
77 269
228 310
137 372
492 213
353 216
437 15
412 201
365 313
339 411
108 140
113 171
70 349
129 115
337 45
160 155
216 14
486 357
253 409
411 425
359 88
227 102
119 335
379 207
124 13
189 360
251 310
5 431
382 324
246 208
24 265
212 121
447 115
161 392
423 181
328 226
311 359
459 405
475 53
345 148
84 195
461 301
20 391
153 388
404 21
220 167
359 365
393 327
339 98
299 444
319 412
450 15
306 433
53 154
430 240
19 271
225 342
118 305
20 45
84 55
470 354
353 52
280 461
438 314
324 235
232 281
449 394
35 236
94 245
436 342
441 69
177 177
366 82
225 463
64 477
239 314
408 12
486 384
209 162
116 83
336 430
211 33
279 53
411 291
290 492
362 409
306 335
183 240
88 464
270 26
165 407
490 112
293 401
495 113
493 171
195 243
452 14
303 406
89 402
39 411
227 378
224 91
27 16
406 454
6 285
290 356
384 438
465 483
159 262
58 324
350 4
15 127
306 165
356 316
208 379
251 177
387 386
363 463
22 199
178 98
496 196
362 74
359 397
496 276
387 81
299 408
402 485
67 326
113 84
78 294
236 56
164 400
345 342
5 500
276 84
160 38
455 133
437 41
353 468
343 497
192 240
342 46
265 419
246 422
58 36
121 475
236 444
361 500
379 365
373 168
201 164
264 202
159 182
237 417
337 87
233 414
408 290
138 54
447 408
350 176
192 447
415 201
302 260
52 425
414 160
384 54
202 70
428 90
243 238
372 288
47 431
286 155
226 248
58 6
168 82
155 213
277 212
14 240
291 409
101 131
359 429
470 250
487 168
372 341
226 452
380 127
455 339
351 411
72 119
184 290
11 280
95 467
297 344
137 377
47 314
449 459
128 151
268 270
219 255
465 166
286 56
320 456
287 333
134 334
142 465
302 345
416 375
151 354
109 140
429 75
393 223
176 489
405 222
150 143
486 79
209 347
107 171
426 57
182 48
384 426
258 443
276 33
473 203
21 286
412 214
114 201
219 133
415 345
275 373
151 23
442 161
433 124
373 461
356 98
106 121
393 133
255 280
357 184
458 252
193 151
5 96
15 305
342 441
485 413
349 71
42 485
342 230
124 151
93 106
278 47
420 127
193 383
376 285
117 44
268 414
229 446
364 464
414 394
391 373
294 3
40 30
417 1
189 421
415 238
303 425
37 477
209 254
263 139
267 412
274 498
45 35
500 17
417 330
406 412
297 242
199 128
125 149
347 273
225 190
30 470
64 289
340 323
80 311
164 272
470 182
355 340
220 427
238 138
240 76
68 57
196 129
43 69
79 125
143 282
16 309
454 444
123 189
497 119
335 181
51 74
138 198
200 425
316 238
298 16
271 327
480 201
237 222
66 457
25 6
285 8
408 4
95 474
14 258
346 357
321 133
389 21
78 101
481 439
341 45
103 498
103 482
398 442
104 103
11 403
6 265
371 500
298 270
354 37
499 81
27 283
479 321
468 465
280 375
79 190
285 153
357 495
347 103
464 236
54 74
446 316
290 469
222 275
183 295
486 220
50 210
307 243
262 146
383 192
313 389
109 460
378 310
185 368
461 128
128 222
130 388
129 356
331 288
154 104
92 60
476 209
487 480
14 416
34 224
479 350
301 346
159 66
18 346
128 156
92 390
317 417
198 101
268 160
12 294
386 94
74 139
339 424
153 373
262 254
252 474
242 306
404 449
201 313
269 304
402 394
201 226
457 368
286 346
98 104
286 96
47 335
382 104
493 3
140 461
19 310
237 70
251 204
349 432
249 385
486 461
385 399
50 257
300 140
296 84
349 419
291 318
414 301
19 278
149 224
114 430
82 168
344 8
349 282
205 214
448 102
83 423
262 486
296 338
431 438
319 216
493 4
113 258
446 488
265 87
8 42
40 368
164 53
403 291
304 365
448 108
179 10
498 295
142 484
173 107
55 442
61 91
234 74
267 382
300 39
288 135
62 34
316 180
164 132
169 103
429 67
144 351
194 20
484 54
409 371
465 15
450 49
244 237
442 79
2 129
474 455
393 356
421 123
358 338
115 78
493 340
421 171
336 453
113 66
196 346
76 146
165 305
226 66
238 396
40 201
136 481
104 268
39 317
342 327
455 327
35 290
339 50
95 480
253 251
221 384
191 133
341 443
49 191
49 434
368 459
145 442
109 8
188 145
29 477
168 48
451 332
235 350
454 312
311 274
225 346
212 478
40 110
390 486
150 128
395 248
269 91
229 93
283 43
430 200
331 1
414 40
37 165
336 348
405 118
129 279
274 366
362 441
191 258
96 90
89 142
178 310
432 380
215 101
371 225
378 434
265 279
201 131
304 177
22 40
248 282
489 466
45 496
385 101
359 424
201 27
447 163
253 65
360 236
220 205
369 370
424 383
124 285
352 390
292 381
246 99
427 80
449 261
77 457
88 120
404 315
46 259
468 458
70 315
70 19
87 260
22 422
212 390
301 305
125 113
377 218
444 12
462 99
426 284
229 252
485 497
441 184
1 421
473 439
271 132
316 184
481 111
76 195
139 18
334 199
184 117
225 361
188 439
157 213
380 250
37 463
440 322
187 193
395 486
271 24
425 351
325 463
321 384
60 276
346 256
23 99
34 162
122 43
229 222
425 174
448 413
134 283
368 98
178 190
195 254
293 467
91 119
205 440
8 406
368 298
239 406
67 21
102 364
496 397
17 129
269 8
367 441
347 340
37 344
11 32
317 11
499 175
137 474
440 334
321 170
55 211
115 257
496 355
461 24
11 477
484 494
95 216
115 79
109 416
172 107
145 266
204 260
212 107
298 190
197 337
197 227
261 288
178 430
313 427
331 287
56 357
448 314
433 290
317 84
488 281
237 489
123 413
313 216
47 50
228 396
67 247
166 423
259 318
220 478
460 115
300 169
241 307
284 180
74 337
215 206
115 67
410 355
478 418
29 300
480 326
147 45
479 15
227 305
227 488
60 393
48 495
30 423
452 408
143 204
493 35
369 167
250 323
272 489
128 55
224 354
108 239
346 92
78 440
428 207
377 338
226 338
311 148
365 171
226 251
207 117
298 152
91 452
89 310
365 7
401 109
462 87
158 205
22 427
356 361
76 334
28 279
42 337
257 302
328 252
108 227
77 29
495 480
313 102
266 125
269 28
305 323
182 83
190 313
314 81
146 118
138 295
270 379
192 114
394 175
146 99
386 162
175 414
308 397
143 122
18 492
202 46
50 186
452 443
263 171
431 236
143 289
3 94
14 188
356 430
461 259
49 420
337 485
436 246
312 328
279 195
366 325
421 165
349 184
312 197
499 257
255 282
374 176
447 383
280 354
200 91
227 238
67 462
84 443
212 237
491 304
62 40
69 76
91 279
428 317
222 329
462 80
191 495
484 415
261 400
91 68
413 248
22 339
422 445
496 358
144 392
72 495
353 171
308 6
499 309
328 82
88 438
152 170
366 278
412 410
201 372
223 183
258 119
470 25
127 224
351 90
208 27
445 75
243 223
424 397
23 69
147 222
295 66
107 390
183 329
87 327
333 386
146 269
318 393
134 25
27 392
478 477
125 224
146 416
287 282
392 91
44 401
275 139
46 123
398 117
348 206
379 152
11 432
183 474
416 491
65 402
234 154
121 80
375 83
179 83
296 193
468 174
400 278
171 227
408 443
297 258
277 402
369 60
380 190
351 91
461 227
382 191
479 315
265 17
384 205
369 130
289 266
32 299
219 278
461 335
283 286
394 61
230 428
97 27
262 328
24 239
240 52
29 159
6 414
234 334
263 428
111 323
367 384
4 102
426 150
120 395
65 487
384 104
398 268
341 236
393 291
266 5
4 58
356 114
207 466
131 86
308 420
45 174
323 26
149 119
380 452
314 208
47 440
234 499
361 18
153 431
185 154
464 416
68 455
98 112
454 343
87 240
44 99
342 453
458 42
435 96
419 295
233 87
405 301
299 358
65 298
238 156
254 248
444 135
496 91
317 431
193 406
365 497
224 498
276 416
223 26
122 484
440 401
66 331
183 168
89 327
102 474
30 190
263 268
325 412
407 26
453 63
257 188
453 39
322 199
271 438
169 12
420 146
351 345
145 63
257 415
175 461
79 184
234 150
73 474
351 337
484 89
359 231
282 291
396 341
385 197
105 110
202 240
290 485
348 319
21 362
450 460
499 247
335 117
381 201
65 390
60 397
396 72
297 339
57 288
234 482
70 323
387 182
175 432
379 36
110 153
311 447
353 80
210 27
387 331
229 155
27 351
344 349
181 334
260 137
160 491
454 398
205 81
117 280
472 64
462 106
385 15
113 323
67 138
123 442
302 280
453 127
273 86
187 403
353 242
424 252
481 270
405 231
452 375
267 124
339 345
133 144
130 316
377 139
203 183
223 76
138 190
73 448
492 254
111 223
414 22
57 171
336 274
171 405
435 235
26 488
231 157
222 27
337 348
49 480
430 25
472 261
410 111
489 441
7 187
422 266
336 473
65 428
373 325
74 366
92 450
45 391
375 323
399 63
245 127
399 199
237 412
306 447
368 441
262 454
203 247
225 207
333 248
281 120
490 314
384 20
44 21
339 224
303 431
278 465
359 267
340 381
400 428
125 468
252 497
168 485
97 366
183 117
311 84
20 43
137 73
152 175
365 74
353 307
385 418
276 30
497 484
24 89
46 132
17 28
330 396
50 436
69 312
225 388
405 425
499 434
401 380
240 443
261 381
155 394
60 285
335 416
79 306
268 164
422 228
196 422
425 219
68 445
107 415
51 379
451 33
307 9
350 10
67 330
302 422
49 68
378 88
79 13
396 44
207 129
285 144
247 287
27 99
149 180
156 407
91 254
463 39
65 500
457 443
56 396
240 264
274 176
494 174
130 113
438 485
469 116
103 69
383 354
180 25
184 369
239 236
338 334
407 281
384 324
213 126
457 82
133 148
249 287
444 235
292 261
310 498
51 4
251 251
64 138
241 57
385 12
274 407
51 100
346 294
317 448
273 189
233 394
12 224
124 214
280 346
63 417
384 60
116 456
486 479
145 359
62 73
198 370
323 412
78 442
267 101
6 145
65 406
458 360
137 60
174 64
13 253
246 322
488 227
416 187
367 411
224 144
37 127
498 339
20 479
132 178
193 235
42 157
246 451
450 70
186 168
49 59
409 465
353 390
381 26
434 466
295 401
265 49
93 207
207 244
203 31
153 383
359 317
333 310
74 32
134 3
214 239
430 342
100 476
381 85
467 144
122 152
2 289
43 136
160 324
121 405
426 329
301 201
23 327
471 285
314 241
90 449
403 249
430 34
68 498
233 439
282 325
238 241
97 249
252 458
359 173
81 137
287 182
36 283
73 318
334 473
339 476
11 26
223 13
306 128
101 446
309 348
76 378
230 256
364 267
279 80
20 289
441 26
95 383
416 108
368 434
13 137
200 81
379 145
108 455
271 235
397 67
16 145
39 340
36 375
264 415
436 140
117 103
443 214
44 277
237 367
486 222
110 416
52 411
21 132
435 158
137 296
267 32
96 78
342 147
203 497
8 451
423 362
240 474
39 348
377 489
152 77
276 80
342 382
114 96
77 452
273 142
106 80
329 187
145 86
460 276
249 246
397 336
280 245
49 371
179 373
152 491
384 466
383 26
213 44
48 11
146 413
3 309
139 373
251 434
197 163
161 253
431 378
338 202
286 389
301 344
435 106
95 70
400 149
77 357
29 6
334 87
123 279
142 498
316 97
368 258
376 372
248 289
77 378
342 158
144 85
351 365
82 70
206 268
26 294
133 441
181 223
222 244
372 475
301 317
326 219
