10 96 30
310 4227 5
4112 4831 4
3659 3556 28
4816 4023 17
1463 3784 5
3240 4518 30
4802 1210 4
2027 406 1
4156 2546 21
3409 2445 28
4075 1186
3911 2432
709 4679
2149 3932
4947 1975
228 1077
3378 381
2941 780
575 967
533 1681
1660 2733
4519 4534
1208 938
3038 113
3136 62
3519 457
4510 1983
4779 3941
4207 1672
5000 3146
848 3211
3024 2464
1101 1322
2673 4985
2681 4529
1047 2858
2022 4246
3545 1724
4437 1273
291 3626
4114 4495
4791 2631
1254 382
2954 3559
2140 3041
327 2607
582 4311
3811 2014
4106 933
1417 1433
3898 3020
3355 923
3134 128
3323 67
2794 2288
4291 973
2327 3762
1172 3894
2024 3353
1490 3667
2035 2946
1721 4963
1571 323
3131 3688
841 3840
2840 2698
3516 1035
1982 1263
259 991
4414 1471
4919 3748
3224 750
1584 1666
2408 1668
16 457
4969 15
558 4738
888 2683
4559 2478
732 302
2759 146
3103 2784
3891 2431
677 1308
4232 1043
2134 1288
4431 3851
1570 1369
2014 1356
867 4561
3058 106
949 1956
4738 261
32 4941
431 4477
35 4265
4245 3283
4202 1443
1968 4135
3440 1572
517 2132
4505 4902
346 1360
30 2855
1086 4380
3759 1563
