50 520 30
40 309 22
206 131 1
391 120 13
231 29 9
7 460 11
66 185 7
455 274 29
294 8 28
322 246 16
421 91 1
435 16 28
252 393 2
267 315 3
231 464 10
214 103 29
337 8 2
234 12 21
159 119 14
465 424 29
248 12 8
418 242 8
73 121 17
272 80 18
171 286 14
366 126 10
173 389 8
91 48 27
308 464 11
314 491 30
225 27 1
351 7 17
458 128 22
67 192 5
430 174 20
32 363 26
475 333 7
2 356 27
258 260 20
232 375 30
252 461 22
244 481 5
110 11 6
149 329 22
458 218 11
43 301 25
364 104 28
92 319 6
300 163 25
171 86 18
283 57 8
272 191
241 282
433 441
468 334
117 324
281 51
304 222
116 71
451 443
418 404
106 196
80 192
233 97
112 58
411 344
71 151
361 228
137 8
481 123
34 258
27 437
319 252
84 263
38 392
374 33
407 186
41 440
235 202
121 59
326 218
415 432
271 345
460 92
22 407
371 412
417 323
269 44
186 66
330 398
316 258
18 154
456 324
80 216
277 217
446 86
98 288
394 124
199 426
239 476
18 377
370 123
477 471
396 298
251 424
311 144
15 30
201 42
184 125
82 287
485 106
309 418
224 417
425 462
32 458
106 271
369 283
244 395
367 168
6 378
412 451
438 491
266 239
446 310
41 471
323 44
196 464
214 333
214 221
308 86
450 204
489 277
216 319
136 247
66 171
460 330
95 185
47 499
451 451
81 90
325 199
467 261
58 448
327 66
238 487
1 126
38 390
421 442
121 493
113 485
419 163
127 333
332 486
442 134
451 206
17 475
188 265
200 106
100 199
240 339
96 216
51 287
174 465
387 79
318 242
45 347
8 189
315 492
97 230
326 290
474 213
339 416
80 452
265 341
237 429
153 377
218 428
53 322
466 175
438 299
163 247
121 73
119 91
271 381
36 213
353 101
233 80
500 448
269 159
113 202
89 357
292 439
9 268
454 436
81 220
304 182
43 142
32 225
131 74
431 255
363 305
57 350
329 58
37 113
486 174
255 124
399 346
62 309
121 428
380 378
275 442
359 306
218 39
109 225
39 379
380 195
484 176
51 159
258 21
233 333
140 435
97 48
125 447
47 102
299 304
368 412
240 226
319 375
316 259
148 357
49 496
234 133
492 154
246 65
318 139
5 113
27 100
484 147
263 460
93 431
291 45
440 129
89 110
238 483
123 344
122 402
282 288
257 109
139 298
16 449
255 2
7 43
93 113
385 481
380 138
393 14
157 391
317 302
95 299
162 181
197 458
383 177
413 99
76 390
96 363
198 442
334 274
132 99
10 5
333 248
307 106
493 369
60 3
104 190
314 163
167 435
451 387
203 177
71 269
207 78
379 229
266 163
335 467
166 216
62 135
461 243
94 369
112 87
431 45
445 285
149 195
480 73
67 381
321 496
70 277
42 194
441 221
147 420
195 482
442 349
344 229
443 50
404 347
56 424
250 250
475 464
34 77
454 102
202 381
452 71
247 91
408 461
174 125
165 143
88 371
150 346
327 17
306 63
290 299
35 289
44 14
127 293
129 82
282 23
492 351
16 441
355 416
357 408
94 5
457 172
36 347
37 59
139 245
101 323
487 96
89 383
6 348
258 28
403 165
417 489
480 27
395 41
357 256
239 151
486 166
489 287
321 439
493 185
445 166
394 221
322 247
458 119
479 290
439 105
403 302
295 399
315 174
336 8
16 99
46 113
99 194
459 55
19 399
410 308
491 321
161 155
126 234
310 398
96 453
174 166
275 421
298 414
20 22
275 335
290 352
216 180
105 43
18 79
413 343
232 457
225 172
16 307
327 271
363 440
263 79
7 277
335 329
10 78
31 75
290 219
356 305
4 59
106 458
65 371
152 454
106 261
417 177
300 185
97 412
351 408
444 278
419 240
420 324
489 454
474 269
479 40
475 46
396 443
231 148
373 238
56 493
273 354
426 180
443 288
217 100
467 140
35 302
244 286
227 116
446 251
367 19
112 280
199 375
151 58
42 53
31 192
112 285
226 418
473 144
394 74
363 389
174 329
280 375
437 280
72 429
329 407
67 48
389 212
299 44
414 344
370 408
304 187
395 455
1 185
252 121
47 190
24 369
411 254
278 422
157 19
202 334
291 248
87 348
419 306
491 476
102 230
217 76
208 369
180 240
202 351
374 86
392 250
133 140
473 66
270 180
197 330
297 100
496 286
308 254
474 383
84 100
107 22
47 262
70 79
178 430
68 186
132 282
253 500
337 213
113 308
176 351
25 127
489 488
212 495
495 173
106 434
281 270
308 88
266 171
442 437
70 142
55 7
9 22
454 198
253 168
413 37
234 364
179 453
76 51
116 112
192 305
207 401
113 478
85 451
497 221
171 437
307 392
279 102
334 147
179 454
97 468
191 195
214 445
258 247
458 319
32 500
487 9
317 222
2 154
401 147
68 132
379 7
151 351
393 438
440 343
468 212
493 385
216 49
455 239
233 34
298 217
289 213
62 495
387 373
208 243
286 265
297 217
12 431
370 395
250 402
13 203
249 477
426 40
425 481
105 468
385 171
429 78
83 234
407 144
127 78
445 275
261 489
29 275
233 86
322 61
483 314
304 183
9 494
472 133
103 491
423 266
25 240
195 111
404 173
127 197
294 204
491 448
187 415
389 147
259 289
433 287
