140 1414 30
276 232 4
56 96 20
209 60 23
148 356 21
243 182 26
388 30 19
482 62 3
55 424 19
175 355 30
208 319 3
123 225 3
127 481 4
202 28 16
493 263 10
433 292 15
156 42 19
135 61 20
122 486 18
383 268 23
188 484 11
253 182 25
20 160 23
257 76 20
14 62 19
288 282 15
364 298 12
199 221 24
438 9 8
103 441 25
472 119 24
111 206 18
119 108 30
495 488 28
402 400 22
282 284 6
43 243 29
439 220 17
54 51 26
302 152 10
434 427 16
136 306 17
54 177 2
458 152 7
429 260 27
450 346 18
479 436 15
184 40 20
73 118 12
330 66 29
406 373 15
47 486 29
124 20 15
311 110 7
139 421 28
182 212 16
115 71 16
224 96 5
434 416 20
304 271 8
308 376 26
52 333 14
485 436 8
85 282 4
391 58 3
336 439 2
161 439 23
379 449 18
495 396 16
424 264 4
115 203 14
490 14 14
280 209 12
220 5 17
265 176 22
148 351 4
257 78 15
34 238 30
213 499 17
86 32 13
203 5 3
64 41 3
179 424 12
131 484 20
2 382 27
175 182 19
110 144 11
329 436 19
350 398 4
337 272 24
297 273 30
410 356 1
294 146 10
50 164 9
413 394 2
13 242 25
223 28 15
440 180 7
7 401 12
285 358 25
370 112 6
389 424 3
491 473 10
451 61 10
73 490 6
483 351 28
164 173 13
223 128 24
92 139 12
482 205 10
430 285 16
475 19 1
453 277 10
372 126 5
318 374 9
233 5 19
302 379 11
394 65 16
248 3 13
25 22 23
287 187 20
332 14 15
413 390 7
185 489 2
380 404 14
345 298 15
113 308 15
481 391 16
135 313 20
21 171 28
93 498 12
484 8 27
400 249 28
236 299 3
312 277 4
448 332 21
456 389 13
232 246 24
93 436 16
462 292 5
492 456 5
4 183
174 281
254 363
259 370
211 385
389 35
408 199
196 88
206 397
371 354
150 434
152 166
221 92
221 292
200 70
414 436
40 260
435 353
157 26
335 80
402 293
478 470
122 290
177 450
265 472
392 300
422 279
466 390
311 432
294 43
221 359
397 163
374 154
86 157
233 276
173 172
481 311
448 424
78 259
403 103
258 148
470 466
203 291
231 341
368 312
436 115
207 44
406 442
67 78
373 368
100 413
261 474
464 271
211 427
360 481
414 5
127 423
464 292
262 330
387 77
95 113
345 75
219 142
246 424
81 142
143 97
148 206
270 450
474 364
32 318
149 335
64 456
224 293
261 106
309 356
383 351
249 17
332 48
111 173
337 134
343 78
425 260
52 143
275 82
203 244
428 270
262 55
144 26
249 167
357 377
113 413
438 30
322 466
84 9
109 13
252 249
207 475
328 486
200 342
438 233
495 368
37 101
112 222
385 45
96 270
139 230
452 73
144 103
102 123
497 13
113 264
225 93
188 253
424 405
7 258
155 241
378 484
173 356
383 395
94 37
250 162
198 19
447 307
164 272
178 382
149 200
220 225
257 300
313 324
24 389
408 438
219 72
130 227
303 334
386 479
311 404
475 89
435 344
130 459
396 123
388 300
189 336
403 290
280 412
471 408
160 480
415 110
184 268
245 386
366 384
319 97
346 315
398 422
296 221
227 297
356 114
338 341
421 260
319 21
64 356
10 363
390 73
190 105
337 473
490 214
126 100
160 395
157 103
303 308
275 44
364 375
389 205
85 343
17 301
412 42
114 107
266 489
380 275
249 328
235 218
401 230
481 433
415 155
13 487
70 265
353 101
23 181
351 154
155 252
359 141
16 76
244 32
139 199
15 316
174 421
248 338
315 17
483 329
195 318
129 105
5 427
171 370
455 299
123 24
295 348
378 352
193 45
248 490
414 116
105 474
47 197
131 476
391 388
385 486
458 343
75 430
358 482
413 466
486 388
353 468
90 107
402 98
245 88
16 498
179 75
29 335
448 29
151 95
62 264
132 458
309 179
321 397
356 192
295 366
88 134
74 166
136 266
70 193
489 267
461 373
463 65
144 309
495 156
87 305
2 70
3 285
146 420
342 360
38 77
74 317
217 314
155 372
495 288
495 446
13 322
112 14
463 494
293 360
430 319
461 362
378 356
330 378
390 248
422 16
411 42
377 426
369 321
254 388
348 365
134 415
75 209
88 141
392 168
9 236
331 95
231 427
343 58
137 458
86 227
440 80
226 230
172 169
290 11
310 185
498 121
439 3
458 238
271 128
321 450
12 462
425 390
15 336
316 422
276 44
225 281
481 255
492 206
344 169
379 210
40 203
173 364
220 429
320 375
233 288
30 276
380 231
34 169
297 275
123 141
228 65
313 53
148 282
175 124
221 480
74 456
253 475
243 100
205 153
16 303
309 80
490 70
58 154
386 423
4 84
76 452
444 10
133 225
406 145
129 334
361 301
252 34
470 304
216 341
249 351
172 436
285 375
37 435
168 81
428 500
53 177
177 271
233 379
52 431
98 74
214 369
167 333
98 124
426 194
409 31
332 105
244 171
384 198
380 293
56 187
494 284
469 162
118 389
238 279
66 1
217 381
108 78
247 472
413 40
308 118
410 254
348 325
67 309
478 56
399 22
263 441
121 60
481 374
19 62
264 183
265 162
331 472
103 81
88 195
208 320
155 234
333 55
88 361
7 23
363 247
96 43
430 42
326 219
165 134
194 227
160 42
439 171
244 4
29 437
181 477
346 423
122 394
88 365
460 463
457 386
24 377
367 92
40 211
168 127
371 279
312 234
286 477
353 245
413 340
328 317
100 325
344 225
200 150
331 146
487 422
372 417
349 167
494 340
471 82
333 244
319 294
233 493
124 156
92 457
292 214
460 176
261 376
12 100
366 201
435 388
451 165
202 194
178 468
285 371
190 387
125 84
456 118
276 309
10 100
387 61
480 170
343 308
62 49
34 114
324 227
306 317
429 423
321 338
27 64
176 190
415 287
331 56
305 189
63 163
491 224
466 498
248 197
349 75
244 404
403 405
394 82
402 170
487 445
148 173
398 243
220 298
281 220
349 329
392 37
46 65
101 9
39 411
460 177
197 158
288 29
103 29
419 381
117 61
471 80
229 241
413 49
428 159
409 266
140 84
39 368
491 291
387 276
396 304
158 133
457 172
305 369
109 182
455 48
342 350
91 45
417 394
102 127
431 257
496 357
185 42
42 275
33 26
291 405
342 108
337 402
271 196
392 131
60 61
408 496
492 105
421 44
204 364
179 90
245 379
433 480
353 476
180 172
143 222
70 97
255 479
341 260
490 429
211 331
260 467
176 70
121 64
80 305
221 322
169 461
159 52
225 102
94 492
268 150
192 376
326 170
237 318
426 200
133 35
386 244
494 427
76 341
492 300
256 376
453 92
439 188
272 150
178 57
102 30
393 75
197 399
66 299
343 125
195 170
250 309
477 417
64 172
198 230
480 331
429 33
357 329
418 111
123 63
114 203
453 168
167 59
451 386
351 365
210 261
262 427
462 446
355 64
439 300
341 434
445 308
205 26
202 184
185 354
159 213
239 256
212 330
306 149
309 346
289 193
10 60
213 492
148 71
295 26
204 252
11 366
217 186
305 218
118 354
478 448
166 55
171 223
372 31
221 17
251 227
40 216
147 444
419 419
54 156
442 87
131 303
146 48
496 394
474 256
58 51
409 439
130 306
352 315
376 307
320 412
33 243
203 22
25 215
227 466
450 172
181 392
344 358
398 230
220 232
79 175
86 65
123 69
470 246
471 41
404 264
292 286
384 360
153 152
179 162
201 35
249 43
303 298
391 436
313 490
72 218
265 439
427 492
440 198
341 115
99 398
271 497
112 30
401 18
130 248
201 115
220 128
422 227
140 23
19 227
381 7
63 170
36 129
98 275
310 269
6 489
252 32
184 425
105 228
189 342
346 226
293 321
167 248
268 198
433 269
125 479
267 153
470 5
7 178
198 236
99 476
277 127
488 342
67 108
154 249
9 256
67 224
326 261
211 199
11 403
194 397
397 29
140 69
354 389
274 239
443 298
295 320
484 430
46 143
38 459
488 171
35 90
428 416
99 218
313 185
387 6
381 6
446 79
471 458
364 478
481 424
185 133
433 402
126 259
310 13
444 16
42 171
295 137
494 30
465 470
148 174
193 467
97 396
98 248
2 181
479 270
121 178
200 284
369 305
462 202
393 418
127 234
440 11
183 255
461 415
400 222
71 394
331 339
229 93
202 12
306 462
465 72
368 209
340 460
9 356
154 22
422 80
346 359
14 211
460 202
414 277
144 89
212 349
269 318
204 96
175 361
456 28
236 487
393 321
488 265
497 250
11 332
121 355
382 246
437 400
368 349
75 267
214 307
126 448
55 399
195 300
413 27
226 485
228 170
461 66
373 335
473 479
441 312
430 122
330 107
274 177
207 133
344 305
379 123
496 169
471 412
320 438
416 235
327 492
96 421
181 36
41 95
372 43
209 151
135 229
338 270
173 328
191 374
250 423
401 99
277 452
141 210
30 211
430 87
49 221
195 366
199 338
177 222
382 242
50 84
285 300
381 90
465 488
482 393
362 374
418 35
279 445
219 246
245 46
15 286
211 23
56 483
9 20
205 216
493 451
93 493
323 74
436 198
307 37
437 469
104 55
409 81
138 404
446 96
96 275
467 225
188 459
58 408
254 147
215 97
173 229
155 272
98 171
210 386
266 213
82 171
59 33
282 344
419 168
199 76
46 388
497 101
158 485
320 87
80 378
208 254
224 286
118 315
132 399
363 139
226 367
80 494
241 82
138 33
377 149
377 71
455 245
459 113
450 129
391 238
340 492
14 113
390 268
307 231
128 162
263 213
136 169
78 392
88 425
269 179
470 176
53 144
118 326
45 110
440 347
53 38
276 402
376 110
199 349
383 428
459 55
395 155
327 332
428 480
280 150
56 261
5 468
136 421
334 287
392 30
95 311
110 232
111 243
376 19
377 438
220 471
2 427
197 407
294 384
198 238
82 323
129 32
146 175
419 291
103 262
70 312
200 18
471 283
377 135
86 384
194 345
428 64
179 410
20 282
36 327
403 66
89 80
137 253
226 411
300 414
78 424
289 473
459 272
450 160
324 442
430 320
290 53
419 481
34 220
151 348
374 63
442 484
457 166
73 44
154 162
374 251
362 90
102 185
392 84
458 41
151 459
445 413
205 143
499 281
348 197
136 82
286 224
395 448
157 311
431 171
473 73
191 181
304 147
313 206
63 310
215 208
291 143
378 495
472 48
423 122
227 377
365 307
362 169
170 340
488 13
232 212
75 49
201 154
465 385
128 411
44 223
455 8
456 201
115 385
156 9
436 325
14 426
484 119
165 267
153 490
395 302
457 461
32 30
222 324
405 320
170 125
294 470
472 409
309 453
304 437
53 113
67 211
130 83
350 433
315 461
151 496
416 348
266 478
326 143
106 155
45 363
143 53
50 138
309 487
108 134
305 333
30 181
361 297
159 224
433 64
261 43
281 34
189 455
410 293
153 202
38 342
450 411
328 241
13 493
442 453
266 340
153 227
444 269
91 371
368 46
479 115
438 148
244 165
236 462
350 73
41 431
309 433
201 337
108 103
177 398
442 172
209 37
447 67
374 480
363 88
418 389
474 417
451 316
338 114
389 482
366 339
295 105
245 28
162 360
456 285
83 114
482 399
26 426
102 244
441 128
412 122
109 6
350 461
426 393
469 350
78 457
460 411
202 64
402 399
88 207
159 117
361 186
382 64
429 464
299 397
121 368
174 269
276 218
193 83
66 466
41 26
398 56
395 360
86 400
22 399
206 164
335 304
118 62
224 269
92 67
465 232
475 292
47 426
134 191
191 302
123 280
100 370
417 166
249 296
300 155
280 167
387 237
193 26
250 441
193 173
260 126
187 430
12 270
143 455
354 58
163 187
292 449
451 208
317 258
26 278
416 134
188 394
45 497
365 247
8 60
378 472
283 443
366 358
342 251
211 276
9 232
438 305
312 310
302 442
58 489
108 202
464 58
487 491
399 243
273 424
97 479
69 374
218 384
344 262
172 435
346 49
430 208
187 424
178 459
360 117
185 453
103 88
252 231
209 278
338 355
307 292
11 7
377 73
349 56
244 344
467 214
126 65
479 402
130 416
220 380
141 49
38 4
380 292
67 62
10 258
137 68
463 191
275 389
9 142
441 341
500 91
255 341
18 231
367 291
302 287
275 66
429 205
362 183
438 403
100 278
204 283
24 222
424 37
88 93
141 274
111 225
493 394
14 358
363 319
451 21
57 95
98 6
283 283
209 124
321 365
133 222
200 327
89 250
315 97
406 360
203 45
158 386
332 21
179 14
75 287
264 235
475 131
251 179
468 110
450 440
65 281
388 457
309 28
111 318
451 320
49 55
420 6
387 290
305 416
154 269
10 209
361 5
277 77
418 106
102 485
318 430
228 342
157 99
343 205
326 228
326 273
246 63
390 210
253 431
316 302
389 23
273 174
302 331
92 29
136 188
480 407
247 478
172 71
188 450
266 43
454 414
275 27
475 428
49 19
235 272
411 483
71 404
427 271
81 147
48 269
290 153
347 330
454 171
369 431
494 356
350 499
311 18
441 72
326 417
318 437
102 124
144 43
282 176
263 259
113 435
99 390
89 303
322 314
384 151
41 414
496 299
380 207
140 414
499 66
371 371
309 78
491 242
192 446
66 103
463 421
146 367
117 280
484 436
201 211
140 202
360 82
341 349
217 11
38 115
445 198
75 374
274 456
498 291
242 71
182 120
19 5
225 7
200 268
345 149
215 62
410 485
253 491
94 470
15 477
128 392
246 229
329 419
211 212
25 244
448 204
375 37
403 54
257 70
352 63
222 446
434 241
50 498
202 474
27 231
51 170
421 65
387 128
232 320
121 68
308 248
208 387
32 458
438 191
258 449
390 399
97 183
220 370
500 277
355 388
219 430
317 77
400 214
476 194
308 302
138 290
175 186
146 146
162 34
306 289
200 374
444 12
152 250
180 370
92 446
93 466
95 66
249 213
193 81
490 302
331 299
155 176
40 303
137 435
260 332
162 42
132 460
313 259
94 444
373 284
208 301
32 420
465 26
145 194
144 104
405 499
170 47
205 111
449 323
241 384
117 279
11 119
89 493
355 243
332 494
60 452
348 375
412 34
48 440
170 409
146 337
224 53
20 70
349 453
412 130
69 127
57 17
79 458
416 31
71 348
320 460
72 348
434 419
272 77
299 248
188 180
418 318
346 121
110 198
111 428
337 75
79 215
20 480
156 188
250 30
115 54
383 294
381 439
67 144
