120 574 30
3399 2520 1
1076 1527 30
3888 3165 12
55 2019 8
1014 2659 12
2754 3350 23
2951 3769 25
3040 4470 16
2390 3023 13
4524 2934 7
696 4120 28
1882 4517 28
3444 1640 1
1511 2283 15
4980 4438 12
1630 1693 19
4311 677 19
1209 1834 19
2266 932 28
1860 1795 8
515 1131 2
3759 2890 4
826 1417 9
4919 4033 1
609 1864 9
3898 4070 15
241 1924 9
3819 4752 23
2565 3251 30
72 1599 7
1389 1397 28
3831 179 28
743 72 16
1586 2987 11
4586 1278 4
2054 2358 23
1188 4380 4
3742 2850 3
541 2841 1
645 774 15
2193 4252 15
3588 1631 14
4771 3309 13
969 4324 30
4852 3117 26
3506 2335 19
4679 2181 21
325 2169 21
1598 1003 19
951 4605 28
1961 3884 19
2168 3323 2
3134 3244 13
3432 3636 12
3325 233 18
4523 3556 3
4657 730 4
3439 486 4
4514 830 13
2524 2632 23
2851 4798 8
2500 1595 19
4156 453 1
2662 2544 1
2762 1981 5
1277 609 17
4215 201 13
2727 1762 28
3800 535 5
1665 4132 21
1322 609 1
4863 3428 21
3572 2331 1
2402 359 15
692 2079 9
1776 4296 7
2883 473 5
2888 4851 6
76 3715 7
2631 241 25
1515 3723 22
2877 2439 7
3254 4097 4
4181 4921 20
2199 169 5
2184 4553 2
4036 3460 12
3863 4448 30
3068 4921 19
801 3445 22
966 1540 10
1350 634 15
2772 1146 20
182 2334 2
4744 2872 23
637 1852 2
1116 2359 24
2297 1446 22
3096 1353 3
4043 4122 9
3759 3773 28
4740 2198 19
968 2194 19
3382 3001 3
4880 3155 28
126 939 18
4681 3295 30
4124 1737 18
2115 4576 17
1197 236 19
2201 2490 16
966 846 25
3382 2024 15
4934 334 12
965 2746 2
322 3341 16
3598 1012 10
2420 3084 21
1378 375 4
3303 1409 28
853 2996
4409 871
3018 1349
460 2439
4016 4424
1656 1154
3195 1837
3675 1566
755 4549
2415 3312
2313 3279
2338 3611
3356 4832
2194 3493
1361 1249
2436 2724
2147 1870
2736 3898
2595 3016
4906 2654
2886 4000
3843 4645
1946 296
4508 3586
1666 2510
1839 1582
3677 4063
437 982
4570 4103
4142 360
215 3209
2895 1355
172 507
4773 2466
2501 1766
3883 863
2630 948
1309 249
874 4739
1830 3544
2257 4735
4423 125
3277 3842
416 2387
4376 1624
2299 4348
1202 3543
2791 3638
3561 1363
996 4615
1989 4158
186 576
1699 4716
1379 2274
2987 3494
1002 3261
2412 327
2160 76
4076 1143
2561 2759
1891 171
2162 1753
640 3020
2496 2101
355 1026
3280 594
95 2266
3701 1295
878 2316
4947 2773
3745 4386
4758 3460
1658 1288
1487 612
681 1068
1084 2913
2280 3745
1604 3762
1462 4674
4717 2222
3805 363
4077 2856
994 2685
1532 2604
1092 4473
1476 3167
305 799
4875 4512
1329 1341
1540 4875
2914 1597
3582 615
3229 4717
846 4978
234 3785
778 4843
57 4582
2705 176
4933 2317
2265 1580
675 3730
4959 1537
1342 1727
1667 638
3850 4989
1192 4636
3757 4805
4156 486
201 1715
4984 2190
4719 1292
3252 4353
2792 241
3722 2888
284 908
2851 4675
1359 780
2149 4241
3335 2620
1277 2041
4184 1922
3381 2167
4729 2747
2379 238
2765 4694
2605 2212
2691 316
4397 342
2858 800
3773 969
2325 4063
4693 4702
4623 2231
2837 3060
2519 3149
660 1540
1386 1169
3728 3472
4617 2390
100 2171
4520 1929
3936 4037
1213 4331
1946 4471
4406 2892
1966 2596
4216 817
4791 4400
3461 2410
4151 1364
1016 2571
4291 2066
3791 2326
753 2027
4615 1668
1268 391
3763 4821
4546 1395
4771 3280
4385 2854
1378 4043
1235 2319
1160 3667
1102 3682
2750 2334
488 1240
2124 3280
1198 368
4323 1584
2312 2062
747 4451
379 305
4919 2451
853 1263
854 954
934 4114
4647 669
1928 1572
1072 2700
372 2424
927 181
907 2042
4557 1958
954 4795
2505 1936
2471 728
4354 2962
3681 763
674 2839
1774 1331
2504 697
2541 111
3607 4947
4496 2274
4066 853
3300 2849
4028 3311
3319 164
1199 4746
2580 3434
149 2360
2943 2059
2836 764
1811 88
2300 1649
1328 3233
3539 3796
3663 4654
4817 775
4198 3841
4725 4901
2062 4140
1132 4932
1344 4569
4947 895
1612 1181
2447 752
2657 3065
1020 4148
2713 2674
1603 3645
2974 3787
1928 3461
1925 3393
2419 1314
2674 2206
370 619
3847 1075
4571 4177
4096 850
1087 4418
3429 481
3211 106
4884 3209
4008 2508
4301 2929
4676 946
1195 1480
3469 867
431 2506
4174 4740
1892 2695
3699 4682
3283 3245
2406 2783
522 4015
4090 914
2934 221
104 4623
2121 1801
2903 593
2714 931
4802 1379
3800 4755
1605 550
18 1266
3646 2490
2076 3376
4326 1902
898 77
3829 497
1962 1068
333 4498
339 2144
3358 812
4795 1452
2926 2886
4974 4640
752 2585
4845 794
479 2136
2455 1053
3669 3987
3738 2682
3468 3689
4610 1893
3315 394
4410 4561
3153 3563
1527 4498
4944 2602
4036 2241
4207 2237
1162 4568
929 3812
1991 121
4545 591
1106 2625
2032 788
2152 3754
812 1393
4425 4843
2730 4775
2348 2059
1626 123
1003 4471
1686 308
2901 132
765 697
1695 4119
4099 1017
3515 1896
3148 3274
876 2780
573 1364
2687 1999
3692 2529
4153 2127
1198 2769
2559 2013
2464 4628
1781 3127
952 2917
4665 4339
4702 1100
904 928
1178 2625
4853 546
519 1040
3505 1063
2035 2032
1492 43
4554 4694
451 2781
2159 4200
852 4552
1823 3842
3989 4748
3166 408
4401 1711
2065 3495
1872 589
4964 292
240 4754
2997 2602
598 3998
2792 4039
979 3147
4589 2872
135 1314
1431 2051
2015 3340
4324 1933
633 4861
4458 1413
1819 2484
227 2690
241 2601
1000 119
2904 1014
2953 4819
2676 2092
3072 868
3531 4714
4755 483
2606 2910
1158 1332
1262 2940
2829 3274
884 438
1346 853
3440 3086
4412 3499
1702 4978
2339 2962
319 2748
2638 602
2508 1330
2117 4599
3978 234
634 662
765 1929
2506 1672
118 723
3012 3853
1059 1702
3484 2819
2120 745
4459 3997
1726 1462
1267 3675
825 481
4861 1098
1187 4253
798 3362
146 2068
1427 1503
667 4778
3295 1342
3193 4734
3137 2638
2690 513
623 2937
2784 3913
4708 3291
5 2719
2163 3664
3939 4218
3863 3194
3784 1934
1903 2797
1825 4470
731 2041
1124 2980
4914 221
30 629
4258 1410
4253 3714
1909 187
2251 4366
4004 1124
1693 4400
3553 2921
2916 2299
3969 2858
431 3939
73 4322
4754 4610
443 1501
4028 3394
682 537
1889 3957
4650 3358
3153 209
2747 892
2123 3404
2028 4501
3136 2256
3518 451
3462 4576
528 3642
2684 298
2717 1292
2618 2551
521 2100
3543 2622
195 610
230 319
1429 3796
3119 1215
1444 790
4667 1764
3619 4556
840 1734
4580 3418
1167 1614
3133 3182
137 2581
1279 4336
3437 1966
2337 4025
3025 3631
4935 2105
191 1072
2286 2949
2283 283
2854 952
2136 4353
3754 270
3654 3943
3148 1761
712 4543
345 3785
2335 1449
386 3417
4060 2279
4099 9
848 2462
2471 4206
4138 4185
1489 3777
4256 4451
1016 4779
2369 1123
246 2048
2205 4597
2614 312
3002 1632
1452 1225
388 2461
3325 674
3114 489
20 1204
4000 2275
3073 1448
3264 1394
122 1302
2112 3228
3681 2639
2215 592
3517 4849
3428 1182
2746 4375
1758 23
167 199
1662 935
108 1842
4363 1383
2212 2198
3913 4446
3996 342
4751 2251
4690 1727
4004 1040
4942 3657
1263 1313
1861 1141
1479 3229
3057 944
1330 3994
271 3637
999 4117
358 2010
1301 4055
4022 1866
4461 4132
1991 4058
800 573
2996 515
3057 4745
1168 1516
1824 1050
187 2583
2169 1452
3759 463
4076 3330
792 3375
1457 174
2438 2291
4583 2838
796 3431
1452 575
741 1649
4971 1592
1589 2744
4526 139
3472 1646
2200 4390
4846 501
2799 346
2942 1529
4521 3104
2187 1435
654 3016
1774 1702
2528 1616
3531 1743
3100 3274
3647 3188
1622 1405
115 108
4334 3243
3858 178
2061 2804
339 1167
4706 2161
3126 2062
1848 1211
683 383
24 841
376 2253
2190 623
1400 959
4951 930
568 1743
4370 4630
14 4049
1170 3739
477 3545
1389 3174
84 3187
1386 3311
3200 2208
2041 3649
