70 1032 30
3517 4454 24
3846 4532 8
3533 395 2
3689 644 24
306 4697 22
1114 4900 25
2176 3811 19
710 4569 9
726 3497 24
2883 4760 16
171 1221 12
3629 1763 10
759 3537 23
3765 1892 23
4556 2573 16
1820 3234 2
3942 3502 3
4374 2771 13
4245 77 26
1402 4912 1
1887 1329 11
1399 674 11
2293 34 1
4974 1046 13
4427 2029 7
4765 53 1
4115 4713 10
577 2510 1
237 1750 26
15 1895 21
2493 2751 6
272 4413 8
3816 4953 10
2284 3152 26
774 3094 11
3567 516 8
2282 437 3
3401 3636 5
4247 4683 21
3445 2841 18
2258 345 14
669 3332 11
4454 3827 27
2268 4211 24
793 576 2
3878 3126 7
3366 3951 17
3505 2390 29
4692 4999 6
1712 2752 24
3120 575 14
3989 2430 30
2675 1318 26
4616 3342 9
4505 981 11
470 1137 26
4721 3582 6
174 2773 8
830 3790 30
1151 1229 6
1229 28 22
1554 2460 26
3718 840 20
50 3537 20
1044 1763 19
1424 2897 13
4974 3627 16
1333 4557 15
1657 4732 23
1480 3322 8
2618 207
4394 2003
2830 3603
3271 3758
2644 417
3928 449
3153 2057
1262 1364
2371 2612
3289 1550
3054 107
2204 1106
365 2564
632 3807
4481 3344
261 4106
1146 3534
1601 859
3200 2515
3776 1532
4177 452
427 3594
1013 52
3186 4804
651 4133
2720 2344
92 4949
3391 92
2832 3868
4149 3283
3957 3817
1311 2616
4887 2787
2513 1584
2808 1816
467 4552
3896 4560
40 1456
2865 149
3933 3182
4491 2175
1631 2134
2166 1555
3395 2693
762 364
1704 3220
987 4093
2093 2947
1234 2995
3036 4730
248 2817
3154 2812
1523 1139
4524 4324
3202 4486
195 3071
4838 4900
1456 1549
4784 2008
4856 35
4650 4345
2748 3681
828 3243
3806 1830
1118 1122
806 4757
3055 2597
2254 4961
3819 131
2252 2308
1455 3549
396 1699
684 2380
2644 3775
4752 2967
1246 356
2142 4181
421 263
3260 1043
4250 3342
4328 4501
219 1445
3499 1814
4481 2376
671 3198
1931 2924
1297 2409
4247 4479
3369 3881
4493 3920
2373 4781
1976 1800
4516 3940
4022 1459
1645 2757
3730 1224
4609 1381
1130 3970
569 3372
4990 3617
4645 4873
549 4384
4021 3203
1297 3789
4660 3929
3013 1944
724 3735
127 3420
4512 3724
3131 4362
2515 1460
2095 3178
1085 1325
2655 3725
2222 2696
2319 1583
2993 2074
4999 4544
4090 820
3682 4942
2310 1187
2198 4158
1907 638
2852 2734
3775 4011
826 4630
1177 3800
2048 4286
649 2158
719 2218
2579 3869
4117 1332
1362 2959
1125 1709
200 4563
4379 1218
556 65
1970 1289
4348 4002
2245 3149
4693 167
327 1061
3045 4383
3565 4782
1561 2834
4616 176
1778 906
2317 1380
2613 474
3150 1721
3378 4815
27 4655
1668 4789
757 1610
1923 2115
2348 3983
21 2594
1351 3399
1892 2048
736 3599
3466 1534
2903 984
2061 1332
4929 3527
4695 1009
2034 1114
2859 2574
187 3085
3898 2224
851 425
1373 645
252 2554
4127 3607
1135 3922
4311 59
2981 2017
663 633
3511 3286
2890 520
1607 83
1975 4307
1223 1402
3594 910
3109 4867
2399 2139
448 3042
2743 4451
136 1312
4690 2363
3411 3530
143 1160
1729 2740
1637 3686
3122 1421
1075 2036
1251 3715
4089 943
1076 4809
2640 692
2383 1352
873 3383
3546 2118
4812 512
4077 1804
4562 1765
3097 1621
4765 1783
1133 2320
3274 2684
2887 662
2787 2847
2026 1815
2154 2775
2072 914
1788 68
4003 4754
4526 946
2352 1655
1195 4978
4681 2141
2437 1032
4233 3317
4557 588
1741 924
3204 619
3411 844
365 3476
1458 4380
2163 4162
1155 3845
2902 352
1321 4159
2168 1371
2276 3003
1259 3259
2986 723
4764 3021
4558 2952
676 3831
1314 3280
1146 2842
1929 3542
955 3904
4314 3839
1577 2264
699 2594
2567 395
2391 4600
1605 1861
4244 4485
658 2994
3275 2205
4679 149
839 1309
4034 4110
1862 3111
135 2928
3917 435
2576 124
165 905
4180 2798
4471 1288
3150 2090
1619 417
2597 786
4213 3349
1676 4670
1252 3214
4352 4325
639 4802
4487 3368
3549 1082
638 2677
980 1589
3032 4311
1077 565
4069 2556
4627 4244
2992 3899
4535 2872
1921 3488
4552 844
532 593
4444 1374
3711 3502
3762 1916
413 2145
416 3318
4953 2471
3130 1356
4394 2143
137 330
4885 2826
1905 3277
4440 2155
3085 478
4232 4194
2142 4280
2131 1555
2666 3570
2855 833
3125 1402
3412 4787
4445 1410
3817 3118
3153 127
103 1393
4043 2180
96 4592
2074 865
648 3175
2170 3885
1667 4179
2734 4233
3642 1505
2829 4207
1339 4274
1827 3247
1394 4769
1437 149
2231 4630
4454 4740
2270 1831
2632 4219
3197 1640
589 3446
1442 3893
1840 2659
3474 1891
1670 4561
2320 2230
3453 2388
2435 2538
4505 4522
3531 2462
1354 3812
198 611
3775 4183
3112 1928
3981 1161
2170 1224
3174 1118
487 2967
4485 2292
3742 2478
822 75
3233 1883
4949 1944
53 4111
3319 1406
1304 1311
3533 4380
294 2502
155 561
3269 1080
4505 727
4351 338
2022 3457
4585 3263
2994 3185
4504 2201
366 2724
4485 1260
422 3466
3948 194
2242 3586
4132 1573
1916 4207
4792 901
906 4618
3022 508
3248 1926
398 4512
4553 4562
4972 2636
4927 4585
4303 456
2939 2880
2191 2061
1815 1489
1959 1904
1757 28
3479 4350
4633 2464
2353 3324
1816 4642
2217 3838
3294 2655
273 2347
4673 4774
532 769
2677 3162
2726 4299
2279 2049
2972 734
1063 2933
2566 1347
4733 2522
2579 426
3560 1630
2210 3670
2845 3655
403 3219
2108 260
2039 2911
593 616
1892 4125
2217 3889
2894 2298
135 3776
3120 2892
4997 2861
4121 3606
2098 3501
1285 4454
1469 2446
3892 934
2410 2150
4523 1078
4163 1422
4888 4991
3334 3313
4507 537
2922 1630
4806 491
1120 4557
4960 4993
740 1837
1966 3369
3846 1529
1016 1132
4035 1043
3869 2082
3484 4291
4875 4248
2670 617
431 794
3251 4956
2974 2765
4808 1381
4041 1611
3599 2948
1975 2341
1193 2609
424 3668
3400 4999
786 3407
176 4344
3926 1847
3367 1690
1588 735
2273 3086
2672 2956
2810 4787
3177 2533
527 2399
2853 2397
4326 2332
196 718
1888 4941
338 4504
1154 4651
737 3071
4874 2947
2370 2223
1725 4677
2233 1020
438 3684
1213 520
1805 2551
1221 1811
489 80
1993 658
951 165
4734 800
3867 3645
480 4922
1911 2056
2695 2787
4295 3359
3354 2903
2979 3774
3084 4484
4418 709
3411 1074
504 4003
3515 919
2865 1223
572 4020
197 960
4631 987
4217 3222
4820 147
1790 2222
3940 1257
464 2080
365 4085
2980 648
1419 1050
2276 3714
4748 802
1753 2998
2866 726
97 796
1969 702
4383 3015
2991 367
4928 4206
2393 4846
994 2500
1031 435
3398 2405
4655 2924
1820 4626
4063 1232
3146 1360
2956 1793
914 3558
897 189
853 2359
2189 1368
4263 2718
26 2743
1762 853
4214 3022
1139 636
2699 425
4239 133
1426 2772
447 3757
2354 913
4146 4526
3984 1398
1364 1521
4977 1531
4687 3537
3678 3273
996 2958
4080 1099
1253 430
96 2091
3050 3401
796 2043
614 3363
3174 304
2566 2163
808 4699
1166 2224
2390 2841
4254 646
421 909
1505 1432
3096 3810
1677 3641
355 206
545 2997
77 1325
1145 2296
4540 3711
2052 3230
3331 532
3342 286
1755 606
518 4204
511 1482
2919 3099
4066 4048
94 3900
4990 2363
878 116
3962 3051
3423 4673
1354 3219
3702 2618
562 546
645 1772
3847 558
1433 108
768 32
4835 3143
786 2456
1009 1995
2243 2518
205 2949
3406 2470
3367 4010
3765 3406
2281 36
139 139
2822 4654
525 4189
3943 10
1670 1857
586 2995
2553 4763
2110 4688
584 3709
4857 1851
3961 3514
3860 1391
1521 4012
2728 974
501 1008
3756 2611
1332 1931
4481 4130
596 1164
2758 1229
4000 730
787 3084
1333 3423
153 3062
4624 248
2901 4979
3301 892
905 4225
2436 4182
651 1268
4618 3437
1349 1599
2269 188
3476 2170
3135 21
3758 3457
2171 4176
3380 2663
411 2645
4565 4351
4229 697
3399 2073
597 4795
943 4648
3788 1213
1360 2635
3886 4302
3247 2059
3697 1094
1740 836
355 3551
777 4435
3306 4313
4158 1818
3205 3755
4764 1881
4732 392
2018 2704
2881 2772
782 3736
4109 1354
3264 1307
4853 3709
2427 2502
4838 428
4669 4759
1082 2054
1743 427
3338 1115
1589 3714
165 3204
1183 1465
36 4759
1619 2131
3911 2601
4004 3138
2771 4646
2194 1260
4287 623
3759 2833
3278 4506
2910 1257
1267 2781
3053 4648
4405 2865
173 2681
2726 3271
4226 1404
3799 3052
2796 432
3785 4361
4318 130
2271 238
914 1383
209 4640
4267 1544
605 2475
2875 2865
3576 1332
1717 4807
1174 1020
4191 3153
519 4826
1261 1411
3568 4826
2396 3301
2533 1534
3828 4512
3463 387
981 1384
2794 3057
3670 4955
2710 805
1007 503
558 3443
4674 86
2753 3994
1727 230
1285 133
1921 2625
4402 1035
354 94
3088 3377
468 3497
4301 926
4899 2579
3364 2991
2232 4654
3152 464
2297 1358
867 3087
482 1543
316 4795
889 2319
2390 2239
4519 1345
33 4765
2206 1978
3840 1592
4498 1241
4739 295
625 2471
3178 2753
113 1467
528 1510
3312 1545
3361 1939
3915 124
1938 3711
2965 698
868 4731
4613 516
4383 3237
4519 3897
1843 2460
2786 4542
272 2983
3215 3847
2932 2661
4140 1668
1958 2858
4637 4353
3301 2788
834 3586
4153 4388
4414 2872
1371 4390
4248 4293
846 4251
2158 29
1509 2427
1529 2258
4170 3137
137 1011
3912 2618
3626 194
1775 2857
2060 2843
635 1797
4877 605
2765 1898
1369 1892
4848 2166
4073 2217
1822 1642
1660 3907
4875 4531
2196 860
4129 1736
2194 1489
1282 3161
2149 3153
4368 1061
4502 2288
1372 194
4289 184
3431 1301
4711 3888
2427 3598
310 4648
1283 146
2870 503
1750 3211
1357 2498
3335 3418
4647 4625
3942 4987
2417 1726
740 2063
4274 4308
3332 102
222 216
1017 3659
698 2633
957 811
3506 2538
4721 4951
2948 3381
41 4513
2014 1741
3530 3714
768 808
306 99
3557 1445
3562 807
2949 4582
1898 1735
4220 1113
2992 2835
2026 1270
1485 2117
4276 202
2656 465
1361 3529
4412 1477
3900 360
4483 2749
1519 3906
3176 1943
4555 4620
52 2338
984 2447
2561 1844
4197 4618
1099 2546
1820 3753
3261 4112
3836 1546
2499 1128
4423 3976
3967 4707
1364 3125
4048 4675
2535 4808
3094 3751
3215 1428
4829 494
3811 4175
3731 372
1865 4396
3187 315
4162 4003
3173 3587
2585 3316
17 3826
3916 347
3665 4213
3458 4495
3625 4071
3722 1513
3665 4301
2674 2390
2488 1038
433 4549
4932 3277
2523 272
3061 3577
3559 1291
2800 1983
3219 1072
155 3351
680 1590
4640 469
2529 2390
3728 810
4429 1202
3961 2879
4172 1128
283 849
3753 915
1314 3568
400 2329
2662 2788
916 3006
1311 3400
3090 262
1852 4484
3741 1949
633 701
2139 3039
903 2627
3885 2542
481 4504
4189 4431
2087 4441
737 4697
1952 4158
1280 1942
1208 112
3126 2923
2543 2043
790 1595
2076 1327
266 2696
879 3641
866 4405
1652 102
91 2136
1048 4861
2333 3701
1358 2086
4092 4523
2767 1536
1591 4157
4116 3741
2653 594
2844 1094
2782 3706
1663 1298
2586 3303
1553 4780
1562 1332
1876 4466
1628 3875
1220 648
4760 519
4475 4223
3024 2677
3015 2075
2423 697
2820 669
2787 577
2569 2301
1042 4817
3499 2032
3103 39
3591 3584
551 333
1033 4908
3800 3929
1858 4669
3434 3817
3178 2311
4738 3791
4115 1678
2340 157
7 2505
2465 4467
3111 1107
423 4159
653 1604
4217 2193
4430 2664
2370 2084
3018 4758
1928 93
4554 449
2467 1816
132 4611
3894 968
3467 1435
26 4400
3129 4481
4561 1811
4170 2299
467 446
2969 2997
657 4771
1929 4628
393 1740
3939 2500
2792 880
4301 4832
3041 2611
4155 3709
932 702
3734 541
122 4434
2681 2980
216 1090
4308 3564
118 852
1637 4845
4786 780
1759 4907
3845 1950
349 273
4093 1699
140 3445
3399 2418
1355 1123
1323 2459
171 1756
1806 4087
4358 3392
4650 2299
4933 3555
2908 2863
422 2340
663 1326
2354 915
2887 4687
843 1881
2353 3024
2747 204
2553 4086
2122 1166
4137 323
1505 4577
2154 67
1884 1191
682 791
188 2354
1899 1220
4556 3327
3922 4488
2367 219
4009 176
1856 3831
1717 2970
2716 46
3173 1264
3666 1454
3546 210
472 4036
1276 4891
4482 1903
2425 3970
482 4697
4224 2357
3841 2905
2746 2658
2220 4348
3781 3787
