20 196 30
242 470 17
376 287 24
275 298 1
216 104 25
236 19 23
53 430 11
430 353 22
251 258 1
246 360 17
352 49 21
488 69 21
14 23 18
384 199 5
472 14 13
182 369 22
54 139 12
459 396 4
399 148 16
348 358 5
268 356 13
221 447
401 472
465 204
35 15
497 256
143 385
417 355
379 159
418 331
258 152
271 286
158 480
340 84
377 39
271 213
160 373
312 139
423 22
278 238
101 296
336 361
426 65
462 139
119 29
62 229
452 494
6 411
18 467
36 107
379 318
398 271
409 380
481 4
478 497
292 225
441 364
189 343
312 105
403 4
374 469
302 224
7 101
105 408
292 453
455 463
46 230
205 257
165 142
69 17
270 177
500 496
304 383
284 19
253 421
205 163
89 91
145 154
64 72
500 126
306 468
416 495
170 93
2 59
7 144
253 142
40 414
352 206
451 316
8 414
250 22
461 26
147 454
311 380
423 273
107 42
496 38
103 375
103 108
474 99
187 162
491 200
221 327
418 449
417 87
326 455
74 225
169 342
392 81
20 389
479 349
489 300
306 157
452 339
333 258
355 66
54 191
135 483
17 294
232 13
318 212
119 297
222 169
148 326
267 88
314 358
429 479
159 421
499 192
430 219
288 259
146 15
429 295
252 98
328 350
443 459
276 479
82 418
276 106
160 286
23 197
424 298
217 32
114 181
69 331
196 426
289 444
94 431
379 493
362 158
197 498
393 396
155 313
165 312
307 155
67 349
309 274
15 74
344 148
270 341
426 456
288 493
227 268
240 72
142 432
17 47
74 207
412 122
44 76
423 251
487 441
423 337
450 427
410 72
370 131
7 238
399 374
466 75
469 123
104 104
185 469
444 70
198 229
91 496
488 95
168 344
494 421
420 488
288 294
464 299
387 282
267 163
37 498
302 457
440 454
426 213
21 273
442 256
268 195
463 460
459 453
317 197
138 183
402 113
329 452
252 491
401 313
139 206
278 100
259 85
59 361
51 150
470 263
19 21
453 466
500 474
220 320
