10 100 30
14 121 6
38 361 16
246 80 13
468 138 19
356 351 12
335 63 25
364 405 24
16 363 14
447 422 18
181 79 2
41 206
230 446
224 40
262 44
437 335
293 273
51 466
156 221
168 266
477 262
431 81
463 127
323 45
253 72
324 121
274 77
499 23
349 86
274 30
173 24
245 108
171 391
360 197
254 187
499 417
252 57
142 417
360 98
398 364
55 109
55 175
439 405
209 199
208 331
496 14
126 67
89 400
414 1
352 441
180 407
104 11
320 152
419 216
115 158
448 317
358 190
33 495
401 73
114 24
415 24
114 198
8 229
38 115
417 156
131 306
383 488
349 20
229 395
379 31
262 233
452 426
325 481
143 44
60 271
444 114
155 119
199 303
332 231
167 45
329 321
332 456
340 349
188 359
447 137
255 474
23 421
23 25
455 166
317 192
408 50
111 336
206 487
392 474
428 311
328 2
426 287
463 311
484 267
253 435
78 248
78 438
97 476
396 205
183 32
84 162
239 169
35 370
291 487
362 204
249 192
