100 180 5
175 227 2
316 967 2
606 981 4
81 530 3
229 653 2
667 285 3
956 847 3
469 293 5
196 644 5
811 302 3
154 842 1
982 868 2
491 303 4
672 874 5
239 773 1
328 324 2
556 846 3
862 975 1
35 877 1
750 796 2
556 734 4
134 679 5
703 904 5
2 832 3
546 225 1
69 915 3
112 548 3
892 74 1
544 242 2
958 247 4
754 851 3
36 28 1
425 845 1
328 371 4
898 465 2
940 450 2
711 232 3
197 642 3
330 486 2
39 155 4
75 165 3
881 663 2
72 748 2
256 838 3
791 85 4
923 735 3
434 698 1
478 763 5
951 161 2
594 60 5
358 863 3
110 644 2
380 881 4
239 624 1
776 958 3
316 441 5
565 752 1
676 179 2
419 583 3
526 293 1
267 50 2
375 366 1
832 329 2
844 279 4
93 224 2
406 218 1
271 349 2
703 784 3
575 841 5
192 667 1
855 518 3
114 415 1
94 287 2
655 402 3
870 931 2
558 912 2
429 903 5
617 724 3
569 467 5
800 699 2
455 865 3
292 597 1
584 7 4
196 290 1
225 422 2
427 443 3
505 929 3
714 683 2
778 416 2
32 595 5
364 560 1
443 428 3
333 898 3
879 376 5
688 880 4
123 972 1
801 708 4
633 184 1
844 388 2
163 184 3
697 974
229 592
568 240
515 252
872 802
513 822
758 186
226 419
130 823
494 939
934 480
390 142
24 694
181 862
54 782
499 415
403 676
702 220
66 906
465 642
950 111
764 338
63 747
533 726
188 968
866 56
116 91
165 362
848 196
607 677
712 287
684 762
493 974
168 872
899 852
799 269
711 361
874 969
396 194
199 797
732 793
258 282
703 891
882 177
124 388
918 90
444 338
349 985
697 122
67 745
817 661
451 725
408 275
797 891
493 297
930 171
91 889
805 77
99 415
546 44
301 455
847 730
797 197
714 419
125 900
271 397
888 421
189 859
159 9
352 257
831 235
943 949
454 238
739 851
19 171
312 894
536 146
179 806
627 871
498 874
578 573
587 705
152 377
775 72
753 159
219 942
564 558
283 391
89 774
575 65
440 487
253 476
226 121
968 94
690 690
643 592
90 751
490 773
722 203
474 464
812 995
431 593
603 417
884 379
944 2
838 168
971 474
88 45
381 864
43 996
657 829
249 87
248 229
539 536
884 281
594 158
771 48
225 92
86 638
480 464
261 184
380 690
1 333
97 264
278 165
457 30
280 601
870 941
560 805
79 891
385 265
504 786
381 587
17 139
644 295
995 48
778 537
441 655
529 24
348 265
627 213
197 35
432 803
967 125
183 591
985 162
555 768
635 765
877 151
84 259
875 551
159 374
623 63
54 387
743 905
998 623
138 852
617 996
478 788
25 812
560 968
415 250
746 562
777 860
927 170
703 232
808 420
944 566
292 397
302 759
858 181
421 627
593 269
77 519
508 308
141 966
248 547
525 986
929 691
668 700
