80 280 30
510 983 6
627 967 9
161 626 2
309 22 6
602 251 7
879 628 10
448 236 3
469 170 6
756 359 3
162 662 2
228 956 6
852 208 9
306 732 7
322 537 1
900 790 10
82 484 10
948 105 4
442 949 8
573 679 5
125 735 7
608 520 2
264 402 9
710 967 5
896 931 7
43 632 3
207 513 8
321 224 9
726 966 6
130 537 2
221 867 2
128 929 9
302 820 3
638 590 3
881 773 4
622 804 5
868 807 8
778 761 10
189 511 1
178 936 2
74 191 3
551 72 8
1 79 3
920 279 6
276 696 2
706 200 8
220 119 1
921 863 8
410 944 8
249 344 8
380 763 4
486 77 2
98 924 7
689 795 7
441 467 1
480 101 4
381 68 3
25 255 10
594 517 4
768 178 1
832 633 2
43 256 1
753 15 3
120 896 3
351 714 5
147 118 1
144 105 1
940 22 9
27 892 10
242 885 7
113 582 9
258 254 7
454 226 2
506 821 9
574 925 3
813 93 3
615 290 10
902 597 4
765 791 1
665 330 2
549 774 10
203 814
891 394
110 231
829 452
404 924
110 956
696 997
757 652
213 913
1000 359
602 202
651 843
107 51
807 272
756 149
126 915
170 298
550 12
4 543
523 451
302 362
704 983
710 394
323 327
770 302
750 83
467 731
613 193
609 393
911 955
364 278
787 642
450 939
952 587
701 609
372 537
487 51
373 498
626 983
493 663
595 756
692 407
388 654
456 379
459 449
719 125
27 970
807 159
405 235
185 205
111 816
95 111
894 367
1 339
273 374
834 987
14 770
353 710
341 972
349 955
693 244
391 791
332 398
378 488
902 827
566 952
117 80
69 713
175 18
151 841
762 210
512 466
805 593
691 68
976 630
161 517
686 765
331 958
479 261
966 155
601 991
557 829
955 592
231 33
395 22
827 396
39 910
522 907
131 772
469 27
356 560
548 835
538 55
373 187
527 53
981 359
295 639
476 829
911 68
244 291
276 787
138 831
635 752
483 972
955 152
641 388
877 41
642 891
951 556
94 961
879 820
665 289
949 133
705 715
540 724
441 471
151 567
237 388
990 41
967 280
852 528
572 750
600 397
134 802
455 221
742 289
98 786
974 996
516 585
102 983
940 120
20 82
557 24
26 809
779 963
592 363
168 397
832 854
183 225
387 666
306 87
490 596
852 475
227 498
490 423
102 377
156 711
54 195
518 882
855 381
769 254
995 280
706 825
526 42
104 269
705 224
999 814
676 669
192 226
185 627
611 635
574 575
641 964
459 761
187 894
166 67
578 619
957 721
533 484
957 635
502 354
252 149
396 39
94 415
455 250
352 388
396 374
323 638
70 243
741 674
998 214
29 600
250 186
985 379
808 273
337 837
547 572
963 673
48 412
967 817
694 644
931 718
631 643
609 327
715 902
297 249
380 526
32 725
394 26
437 97
528 273
731 618
510 425
264 399
833 106
102 996
691 733
215 134
137 855
889 4
788 423
389 250
307 24
295 340
879 331
260 672
151 114
380 488
293 441
290 174
229 469
951 106
68 484
634 780
250 291
226 492
404 962
286 229
103 11
686 116
959 96
269 398
556 274
190 597
248 875
450 809
703 706
104 542
57 34
617 97
857 544
349 894
701 613
612 195
693 234
901 945
68 753
83 264
987 153
457 905
23 408
432 864
175 230
424 838
171 485
921 477
690 970
36 905
984 990
656 710
658 660
509 311
215 685
305 340
505 551
865 878
732 778
172 693
127 440
242 585
708 176
786 974
43 550
282 493
643 492
193 813
853 339
284 602
806 330
66 958
