150 566 30
176 210 7
632 367 2
539 168 1
606 684 3
241 553 9
53 232 5
310 551 5
69 878 7
332 873 7
551 318 3
269 581 2
704 872 2
980 631 3
462 813 8
365 442 5
451 620 10
850 672 9
610 30 3
899 770 4
575 230 7
46 535 4
412 254 7
366 530 7
409 962 10
703 128 3
493 262 2
708 883 2
63 868 2
425 419 6
457 419 8
449 839 8
525 162 10
494 692 7
1 871 4
603 739 6
885 476 10
10 820 10
204 234 3
427 556 6
60 506 4
490 121 10
953 442 8
569 596 5
68 494 7
940 754 9
360 236 5
185 397 4
696 401 9
71 659 3
595 23 9
423 862 7
44 412 3
436 500 9
819 671 3
316 185 4
955 429 3
641 842 3
215 723 6
899 540 8
639 897 9
262 503 10
943 226 7
793 528 4
607 540 6
196 831 8
437 762 1
743 94 2
768 390 9
834 738 8
74 416 10
38 689 8
318 31 1
800 678 1
677 657 7
624 640 3
651 680 3
854 37 9
47 423 1
356 726 2
120 344 2
692 105 2
212 293 1
931 674 8
621 182 10
637 767 1
562 105 9
2 187 5
948 405 2
646 997 3
976 174 4
233 573 5
556 160 1
865 885 1
681 861 8
227 683 2
815 512 5
253 335 5
103 895 5
776 671 7
101 32 3
909 27 5
22 356 10
836 653 10
145 146 1
66 705 6
137 957 9
564 644 10
528 630 1
513 670 6
984 697 4
631 241 8
523 765 4
940 774 7
721 176 4
92 743 1
119 355 5
839 941 8
497 196 9
219 712 5
144 111 2
30 473 10
50 667 9
294 771 2
637 71 10
484 63 1
686 781 9
229 94 10
302 481 3
376 371 5
841 647 5
5 205 8
453 550 7
178 76 7
791 758 9
844 658 5
524 528 8
446 732 7
706 448 1
694 975 7
488 841 5
334 318 7
193 971 3
980 21 8
933 97 3
144 93 10
241 869 5
346 948 8
425 260 10
292 417 6
206 310 9
980 461
870 283
598 657
492 282
585 985
488 180
775 126
489 960
733 799
684 298
211 530
375 34
326 48
959 746
269 194
346 641
515 111
921 816
797 507
949 138
573 669
283 372
251 295
716 91
392 693
877 470
55 757
46 640
28 637
45 908
361 285
348 816
205 601
521 10
720 798
164 972
523 263
81 106
693 925
177 778
487 160
202 987
793 295
204 855
305 473
507 26
349 644
224 487
425 472
503 98
994 817
382 917
683 919
998 987
72 462
650 87
946 730
737 72
541 524
511 372
427 130
458 798
80 824
649 700
784 287
552 227
430 774
281 674
102 699
5 657
417 627
589 61
389 877
934 865
90 508
690 737
481 192
858 478
542 241
582 667
272 622
654 484
954 214
20 33
249 15
911 903
254 272
77 940
488 952
341 68
130 654
610 613
985 132
412 692
383 950
60 448
207 951
355 892
648 447
103 575
847 184
902 388
739 416
442 460
330 753
562 217
489 139
512 621
366 129
920 766
1 132
848 926
459 665
427 780
303 137
662 143
577 330
483 378
155 747
71 691
705 53
863 584
950 515
450 708
156 53
854 802
636 678
357 7
670 412
509 226
790 445
207 381
981 534
26 869
373 50
30 512
105 256
88 42
542 962
815 623
527 482
651 9
194 631
383 912
563 516
631 115
598 665
255 243
374 13
940 204
679 11
375 411
972 673
9 480
574 717
475 688
198 565
49 600
744 957
863 840
897 402
207 609
946 10
618 475
4 951
650 826
164 623
97 683
141 339
69 355
739 37
962 721
903 547
617 7
254 959
96 341
460 400
561 800
449 655
839 885
200 786
765 498
787 543
892 250
657 447
831 355
87 224
251 198
530 579
531 287
853 14
624 932
123 231
280 791
233 288
319 692
515 811
817 479
272 674
36 751
421 246
874 709
871 408
286 129
823 168
187 18
182 935
911 436
151 944
123 304
527 555
726 449
655 590
926 918
290 180
490 39
279 634
158 739
215 159
798 726
401 441
942 454
801 30
626 247
189 936
744 16
258 46
322 5
597 944
86 383
256 837
627 779
799 169
612 875
399 148
347 790
930 215
498 437
901 273
349 96
111 406
722 926
750 398
559 394
691 304
98 998
81 483
994 675
830 332
669 796
946 55
147 238
47 318
865 672
831 284
253 322
637 539
540 64
97 595
583 162
560 292
958 290
791 209
937 923
678 117
636 301
621 314
612 528
9 600
468 493
38 654
234 89
236 999
613 308
808 406
489 850
440 133
797 842
225 395
885 53
685 210
926 928
193 188
479 565
118 726
968 182
383 992
442 671
681 824
927 344
744 939
388 56
844 282
194 455
722 554
1000 664
9 55
563 286
438 577
244 644
631 151
206 579
911 921
46 679
546 975
821 748
603 954
29 176
69 3
469 954
812 891
967 823
150 117
567 24
634 11
317 947
431 920
784 620
998 799
135 379
359 477
822 937
461 662
476 904
417 997
228 845
343 847
461 633
369 716
614 919
139 882
3 686
152 105
80 589
445 267
832 798
640 624
848 221
429 492
650 303
464 678
364 809
57 653
786 413
767 300
795 421
504 400
992 538
67 417
431 441
686 823
995 387
582 720
68 732
111 936
89 817
575 413
303 173
827 993
533 214
356 316
646 696
291 561
771 259
321 359
8 133
244 886
180 673
105 523
672 634
597 103
374 482
255 6
580 144
137 878
937 855
524 842
916 197
224 160
187 262
721 565
401 1000
682 665
508 330
803 531
352 530
740 628
214 438
483 738
487 50
613 643
504 470
56 77
84 882
841 451
81 661
528 122
401 430
988 446
960 351
297 636
354 520
928 781
31 826
405 874
637 863
608 423
584 839
859 454
918 205
836 935
197 440
807 785
511 302
819 711
446 912
911 582
71 686
722 680
146 16
151 596
956 409
735 610
869 608
798 309
159 439
402 83
244 850
247 636
33 246
729 523
165 148
507 484
389 767
565 760
226 415
302 802
557 543
374 614
479 563
845 939
700 30
986 661
378 303
431 579
298 263
188 628
95 492
203 962
623 822
53 277
314 831
958 442
388 603
576 631
514 812
61 929
463 303
149 565
825 847
354 717
52 527
265 710
249 66
748 332
845 758
273 682
440 714
164 778
105 340
330 411
572 600
342 754
392 432
515 805
767 852
84 569
918 908
60 165
898 750
941 782
716 165
35 659
746 194
891 128
288 481
511 207
597 520
382 284
563 650
314 448
550 51
272 724
41 578
623 803
753 930
995 426
474 276
998 798
634 357
179 102
845 716
909 408
903 109
623 563
241 631
417 159
658 849
629 950
644 98
637 455
312 926
774 234
805 117
290 109
87 613
877 483
253 479
298 707
282 61
787 723
704 31
491 190
612 476
865 282
876 651
789 439
602 737
67 372
532 221
682 52
379 524
567 778
508 495
764 152
525 885
187 393
107 458
418 136
288 548
819 962
840 434
993 630
125 59
699 521
525 99
370 43
816 524
958 806
607 561
378 662
404 270
520 711
391 59
516 433
192 58
681 161
23 143
982 524
485 998
420 263
381 784
451 531
694 297
544 756
896 676
