60 960 30
1289 3458 13
1508 1106 7
2004 2824 21
2441 1531 18
1926 2529 4
2043 2886 9
4110 3363 21
3975 1027 29
2074 2059 18
2712 4790 27
4724 858 11
208 2464 5
4137 2882 15
2128 2671 13
1278 1170 10
3487 3263 26
1813 368 10
2056 4586 4
3867 4117 4
2206 2733 9
1940 4959 19
1597 4058 3
2032 4049 17
3889 2148 23
3534 4565 28
2803 4742 7
2356 3978 1
201 4994 11
110 911 17
4340 3679 7
2388 1906 23
38 4699 15
599 4546 15
3355 4442 22
3937 4782 10
2076 3749 20
400 1115 28
4418 597 26
648 432 23
496 3263 10
4865 4764 8
2284 2752 20
2590 4354 30
2067 3384 28
2465 2109 18
2241 2640 9
976 3935 18
3769 4379 11
2816 4486 23
4937 2059 4
3526 2124 21
1360 2261 19
2166 1572 7
1053 2497 9
4900 2548 29
3682 3551 30
4845 93 29
3186 968 26
3101 4077 17
4162 1325 2
336 3454
4495 3986
1413 4393
2028 888
4895 1311
3255 3102
398 3044
1460 4582
3317 1880
3552 2960
2111 3094
3873 659
1830 1119
3260 3642
2646 2374
347 2607
3388 3104
123 3700
3980 2544
3894 2917
529 271
3467 953
2488 255
3816 1229
1065 2287
3507 3808
4122 3817
2639 2996
3651 394
2356 4562
2129 2580
1020 4451
1396 1851
1084 3730
3074 3149
2801 4900
3136 4547
3703 4303
3315 4174
3174 3018
3338 1185
2056 2876
2616 141
263 4475
2201 4397
4277 3305
1805 4239
925 4046
509 1709
2902 3510
1210 3904
4680 2960
3671 2520
3873 536
2362 1033
1243 306
2007 3849
378 1774
3950 2346
4483 601
2433 265
3408 4923
493 3465
3401 502
3266 4138
3569 579
3220 3802
1105 4016
3743 1127
3984 2971
1860 1064
3247 1183
223 3795
1899 3161
3026 2977
941 3500
4534 1759
690 737
3437 4637
105 3981
4827 4778
529 354
4767 4597
1113 1368
759 1527
4297 387
4318 3553
1856 2355
2157 2082
2130 1201
935 948
2121 4903
39 2983
4566 4555
1317 4718
2377 383
4168 3905
867 3919
3798 303
2316 3611
2627 453
2356 1670
3447 3555
1743 1716
3893 1781
3182 690
1258 2096
3010 498
2549 2884
1611 1108
1828 350
1907 1238
3184 4101
2578 2139
2771 1372
45 2989
4927 4053
1684 654
2377 1305
2497 2080
37 1406
2234 3945
1165 2180
1767 4661
4312 3644
252 3903
3275 2446
1707 4229
5000 2073
1236 3890
1565 392
1135 2900
3967 1991
2382 2687
2301 2839
491 170
3499 2727
3342 3319
4953 1413
1810 3897
2539 1007
184 1941
1793 4072
3612 3304
1710 4365
1015 3095
2725 2611
1396 1357
3992 2158
3614 4507
1070 590
336 2349
252 474
4625 225
3676 4650
3395 3740
4388 2538
2666 3915
4804 2026
2710 4171
2313 1006
2861 4869
2699 3343
1910 941
4317 1702
4746 2944
3813 549
2765 2537
4675 2419
2309 4454
4462 3153
1194 1530
4974 3927
1490 291
995 4896
54 2885
1118 2181
3878 1919
3736 4310
4369 2117
3204 3881
636 1545
2374 3424
1695 2606
3292 4830
293 1790
642 2958
3764 2590
3561 4136
3422 742
2141 2632
113 4304
4086 4061
1095 514
833 1268
1350 4545
2570 2024
129 1088
4620 3900
4733 2123
2935 399
1297 766
2532 3852
2587 943
1155 2967
4842 2754
4396 2841
918 506
223 4727
4868 2781
2463 4855
2317 3568
2560 1447
1312 335
3930 196
1982 3192
3640 409
73 1938
4340 1299
37 4060
294 2925
1183 799
2086 2168
779 1030
2335 2016
786 2405
364 326
1806 1695
4584 42
902 4811
1947 3748
544 363
1681 1804
4944 1716
3665 3717
662 972
4669 536
3508 3128
551 3108
2074 1760
3893 3457
2178 853
4842 1472
589 856
1999 3632
4855 4511
4099 4185
4751 179
2169 4828
1044 2427
315 4683
1308 3660
988 4409
2036 3141
4435 2854
2464 4269
2633 2235
430 490
1327 4
1060 766
32 464
581 477
3576 238
2056 2091
2845 1801
1486 2927
578 3329
1726 1509
3641 4927
2908 279
2206 4328
461 958
62 3492
2314 3291
4115 2282
46 2113
3453 2227
1451 3652
503 1461
1527 1344
1310 1674
3513 4694
386 4773
543 1353
4750 3491
3723 4448
2480 3887
4784 2785
3030 1265
3666 2044
2443 1237
3594 3520
2533 3383
4791 3800
1553 2566
3413 2018
1502 2611
1336 733
4996 3844
3445 3482
2217 1860
4237 2473
3463 1561
4361 481
2500 4293
61 2299
497 878
3761 4194
4154 3376
1705 771
1014 3088
473 3769
883 618
4730 4280
555 3586
593 2127
2126 3330
1603 3458
1534 1319
2150 2750
4830 2859
3070 4153
4243 2355
132 4498
2584 2658
232 1180
1952 2542
2816 4973
2369 4043
3620 3274
1600 323
1059 3512
3452 1374
2401 2037
2926 4075
620 3396
4866 369
992 1178
1006 1866
3107 146
3403 39
3917 2961
432 1615
2119 1585
797 2390
833 2185
461 2979
4702 1831
2763 376
3429 2884
1488 4533
4520 38
4176 2635
3953 1291
3965 2198
2107 2035
2042 1556
2033 2392
4634 1833
4841 2632
4604 586
4159 870
4756 617
4081 3577
4055 4435
4056 1800
4304 114
3449 2037
4550 3458
229 2661
1593 4021
3422 957
2339 4547
2441 480
2112 2523
3047 512
652 2233
3370 4091
2640 1
2264 714
4237 4092
3977 695
4088 3822
3515 987
342 4260
3233 3726
4026 1443
4848 564
3435 4907
2761 1601
4054 4721
3465 301
4289 3185
2511 4725
4647 1400
2943 1002
3340 1101
3980 1935
266 2313
970 2085
3719 440
2771 4561
1347 2837
669 4714
913 3233
1470 4773
2258 4365
2219 1741
4772 1513
2462 2461
3720 2375
2054 2194
4921 333
3563 1399
3725 604
3623 1728
31 2127
3169 131
1576 4877
721 1070
2450 3792
1267 2702
3264 4046
3708 1482
1680 3907
1838 1192
1517 138
313 1227
3626 2290
771 2883
4857 4092
473 2985
4164 4465
1051 2089
4239 4880
4291 2404
2083 744
394 954
2842 3106
4743 2609
2644 2824
1025 1447
346 439
4407 2140
4387 1746
4691 2042
2853 304
1940 2289
3857 2329
1779 2745
4594 1137
4183 2797
4292 3161
1472 346
2814 1341
2316 546
1758 4718
3805 2410
4395 368
1162 541
4169 3484
15 2877
1739 4627
800 2150
3999 3719
3108 4774
3319 563
4284 819
1406 40
3580 88
877 2920
3072 3512
1509 4767
4548 3606
1669 4270
4251 4866
3915 742
380 2627
1392 1307
3759 1154
1813 3579
3712 2135
837 4227
3269 2524
2254 3342
2226 2631
4954 3359
1975 4810
2197 879
1870 4586
1120 3241
1774 3383
3613 535
3162 722
3742 4375
527 4592
3847 2627
2527 4389
4122 1412
2653 2998
4027 1222
3886 1622
4088 2900
2203 3651
529 4147
2130 64
29 3655
427 499
1967 3886
2244 52
544 4431
817 1400
3274 4834
2364 4981
3428 1079
1939 998
505 4670
918 3392
353 4043
874 3403
1371 3098
707 4761
1210 3078
3009 4928
1997 2656
655 877
4012 274
3848 2761
3579 2397
1087 2063
3636 4933
2823 4960
312 4357
3487 1215
4843 4648
3813 3378
347 2225
3451 3179
3311 2882
1334 3071
728 4898
2924 1662
3955 203
630 2399
719 2947
2049 1623
2870 3011
4024 1734
2386 4498
4539 233
1148 4545
2481 669
2865 2697
237 102
1282 3812
2138 2092
2967 3169
865 1621
1432 1365
407 1383
1342 2898
690 4813
4023 3324
3868 934
773 4958
885 4357
4574 207
3597 1521
4891 3823
3942 2673
4723 3991
4710 2871
4281 2089
3770 575
4720 824
2242 4606
365 1631
2099 1822
3562 319
4462 235
3084 1426
4292 3682
4748 3113
2358 3048
4564 152
1916 1334
2199 633
1808 1865
4384 4839
3516 2393
3599 3904
4205 1900
4280 4658
1309 346
2980 1029
2662 2371
2635 2098
623 1856
4834 4049
2544 582
3281 2531
1783 3230
3985 1234
1083 1632
3645 463
2962 3101
1033 2690
4741 1004
2142 4441
4617 1466
3818 1044
3782 4568
119 501
961 4514
4251 4748
1466 2373
3537 3420
639 4639
4413 1408
188 1891
4480 85
2624 565
3747 239
3942 3740
4870 3079
3681 2242
2432 384
112 3764
2190 1966
404 1328
1164 396
402 3587
4527 4343
1102 3460
4721 4312
1709 1670
792 4676
4940 1813
3388 4715
1713 917
1295 3919
3321 2552
3410 2251
2777 1267
3645 10
2730 1462
740 1773
3603 587
2883 1609
2800 1093
3093 4456
1243 1705
2647 101
125 1052
4792 2999
550 139
1976 401
4150 4322
1704 220
2338 1412
1098 2827
2635 4946
482 2639
3427 2868
150 3375
3227 4885
3385 3728
2961 3951
3131 4480
3408 414
1727 4270
2817 4927
343 2141
2265 2079
1895 3001
2213 4282
2150 1353
2565 4332
2831 4104
4903 3459
883 1774
2916 1548
280 2930
1401 2654
1941 3347
4450 1678
3538 3969
4564 3354
2695 3137
901 2236
2768 1020
2831 3691
2365 4740
4850 2454
1050 402
731 4791
419 3091
143 4011
2815 1547
2192 4857
3295 979
4143 25
626 4816
1778 4125
1339 3541
2362 3460
4547 884
4697 4571
320 1612
998 413
2110 4393
2088 3653
1100 4916
4033 4735
860 4494
3631 2416
140 4606
3164 4221
471 3831
237 3143
4814 3112
2129 1302
2554 4226
2257 334
733 4911
2831 4474
2863 1288
2416 892
1952 123
3141 2448
2664 310
1940 638
1424 2483
1207 3480
2983 3466
1378 3298
2451 3453
4048 3142
1565 887
1958 2602
396 3130
2107 4402
731 818
401 1726
192 2330
1564 3890
912 3786
1074 4235
1378 3925
2027 4461
1883 1262
2566 2570
2488 1132
4628 3252
2792 4162
1475 2089
2330 3642
273 2147
2676 452
878 4058
2402 1651
1135 359
3863 4131
3407 3721
802 4294
2937 1711
2045 2140
1387 478
3160 1771
1520 1204
2552 3305
4334 4933
1790 3532
423 1796
1148 1930
3420 4472
4015 3791
1729 4738
2176 262
850 2036
4056 2055
3661 1448
1671 513
901 1175
1943 4147
932 1985
464 44
4007 4355
2981 799
4066 3318
905 2566
3627 1344
1725 1326
759 157
797 2446
237 1590
1774 3417
3781 4596
4347 4594
4676 3812
4952 2021
1977 4129
4591 2942
3819 3393
1549 1005
418 3581
2969 1960
3452 3647
1364 3851
2074 2994
478 2294
1272 2279
4646 2331
621 4201
4277 4221
3687 3274
3238 769
425 2562
3031 27
76 2397
4679 3167
1553 866
4078 2317
586 2405
4335 3326
859 3344
2014 3907
3929 2309
1818 919
4418 4814
4709 440
1215 2016
2238 4445
1099 1853
3621 4254
4250 569
4738 4576
3191 2378
3284 2907
3879 1714
951 1358
2884 2700
2101 1077
3380 276
2747 1634
2921 2051
1097 829
970 3842
272 4445
1546 4430
1732 4987
2485 2994
4209 382
2612 3607
1949 1969
2257 2007
3 1542
4964 2814
2461 3789
4371 430
3468 1380
2764 1707
4966 155
2886 1716
3779 1487
2338 1408
2405 4931
1341 919
1085 1099
1135 1348
3027 4732
3721 4108
84 1883
1128 2674
430 1
4274 189
639 4883
4371 664
450 1045
3104 1663
4608 2583
2073 126
3359 3322
140 2249
4299 302
861 2612
2170 4007
1361 2115
4088 77
3355 857
2531 1677
4659 980
4528 4654
2559 3785
586 2646
2956 2700
453 933
3107 4386
835 4733
4285 2170
4446 2288
600 2685
3243 1997
1764 3508
303 4481
701 4218
2474 678
1615 2620
3139 523
583 886
2873 3642
203 3565
145 3706
3862 1063
4236 504
1963 754
2880 4013
1016 4706
327 4851
1325 1562
377 3560
402 2362
3597 3543
4895 2639
1876 1024
571 1042
3949 4459
4518 3683
569 2807
4302 717
2343 4898
2359 683
1251 1974
656 1352
2935 4979
3033 1509
2815 2487
1137 3693
386 1066
1989 3700
2862 4007
2145 2315
4693 1755
526 1928
2492 4266
775 4608
740 741
266 3405
1158 1121
487 3021
513 1086
2555 590
4062 2374
735 1751
2855 2140
2375 2411
1356 1738
4424 4879
3685 767
3492 112
