60 552 30
705 53 30
248 131 14
836 122 10
650 890 21
134 9 21
501 842 5
316 385 4
147 631 30
762 531 28
717 878 17
361 902 13
382 53 3
952 886 20
81 448 22
406 439 10
583 848 19
342 400 15
432 645 2
280 622 30
226 73 1
866 456 10
443 398 23
765 517 18
777 187 30
722 719 5
535 791 10
382 225 6
974 925 4
375 696 5
462 407 6
977 429 21
45 336 12
707 947 20
377 272 27
808 524 6
400 976 1
435 680 15
266 244 17
737 425 5
717 925 8
768 74 5
490 595 10
801 798 13
938 360 2
275 686 11
920 720 10
105 7 14
15 482 2
520 903 27
350 1 6
644 977 2
294 653 16
512 920 19
122 438 16
100 79 15
859 471 25
458 901 15
278 242 30
884 502 24
252 218 1
295 945
382 997
488 643
193 56
191 104
92 341
265 711
375 25
798 617
205 360
532 509
580 330
68 158
269 138
411 200
12 696
972 652
796 641
110 873
729 993
394 433
326 382
202 9
952 288
843 564
304 6
742 393
484 353
2 821
871 438
350 839
504 375
539 676
494 31
353 796
50 233
359 43
831 73
981 314
816 861
824 542
733 966
208 990
772 547
824 942
194 63
285 915
803 708
714 813
976 552
943 629
228 439
866 44
655 967
943 857
827 541
983 949
677 152
889 594
596 592
29 160
156 783
332 522
224 751
621 397
483 62
840 807
489 315
570 511
108 106
581 409
392 734
940 844
306 73
67 532
394 904
287 654
222 627
899 658
781 63
377 685
90 669
290 873
292 725
187 110
659 49
581 660
754 639
105 930
275 697
60 808
993 724
261 775
530 370
593 741
284 751
915 746
692 335
539 418
740 303
625 625
61 955
848 28
370 546
122 118
96 489
691 25
430 368
955 937
754 320
934 245
94 218
419 858
4 657
261 522
724 495
524 923
554 404
504 3
930 765
178 975
799 343
175 654
954 934
187 557
82 830
602 550
167 319
329 161
912 648
598 737
984 843
303 560
687 134
280 324
581 856
488 16
574 28
15 636
512 184
745 246
131 225
824 172
450 382
988 24
137 777
778 677
655 728
638 259
488 627
72 782
85 738
384 245
920 625
22 904
998 851
117 559
563 879
505 422
240 893
612 101
377 386
362 152
653 927
214 535
480 438
295 731
2 403
869 631
661 443
878 842
243 785
159 714
905 969
332 403
785 410
557 947
556 233
44 100
247 132
774 218
142 19
934 306
587 671
429 398
259 849
374 400
79 253
248 717
787 778
931 21
247 366
835 569
220 706
801 359
212 511
113 517
560 677
92 403
236 572
459 633
430 838
46 269
706 958
35 800
626 643
219 897
63 670
121 924
10 520
828 224
333 951
944 146
629 586
314 508
927 449
426 747
967 539
639 511
872 885
107 193
243 266
46 964
613 818
508 463
886 56
995 128
380 837
115 1
554 856
271 629
484 282
778 973
255 969
19 784
482 667
961 661
366 276
42 586
754 660
116 209
704 795
38 903
159 720
173 208
937 964
887 8
333 909
423 42
859 577
380 496
665 976
4 181
514 883
773 514
648 313
100 784
295 238
183 770
838 107
769 828
598 255
67 161
304 33
218 901
387 149
752 609
970 803
880 507
685 942
968 915
442 286
194 708
536 877
138 823
460 854
638 749
340 186
623 387
401 638
488 30
908 864
145 669
916 129
274 868
853 101
162 216
985 25
642 233
90 887
828 244
235 790
807 563
173 479
553 887
39 365
177 506
198 924
895 732
566 276
481 859
608 50
731 756
351 781
987 402
663 827
116 330
499 668
494 515
833 859
718 688
589 967
712 566
183 268
360 27
591 472
715 348
739 724
311 446
246 488
359 458
412 455
929 655
862 276
185 751
898 558
799 208
277 234
570 54
69 394
958 393
642 150
253 381
362 484
859 713
240 385
546 312
797 550
165 7
278 449
335 228
865 20
554 267
482 505
922 26
575 893
472 364
14 240
398 818
95 705
293 148
302 953
894 381
369 160
805 23
932 740
437 443
699 596
885 881
754 269
583 561
514 285
557 748
287 829
722 523
917 525
543 722
771 515
191 611
162 387
242 80
174 172
182 128
937 264
759 144
144 757
279 572
571 581
589 989
557 811
716 396
225 459
795 566
853 461
126 87
251 85
272 585
628 983
852 2
25 356
553 376
332 786
15 334
396 287
143 920
713 55
434 9
191 908
722 1
249 388
366 633
60 321
947 240
495 64
119 698
182 632
573 103
360 214
999 689
652 155
544 785
149 369
989 172
38 435
727 28
452 324
865 792
491 218
880 813
821 203
191 149
167 326
621 30
904 935
38 428
61 633
336 47
541 919
875 973
91 259
239 727
424 315
889 614
811 336
372 148
738 814
619 668
238 268
412 504
196 679
451 653
368 496
413 776
704 142
705 652
454 626
183 482
807 80
408 285
519 888
498 439
561 19
852 388
795 612
807 127
598 315
154 285
577 403
540 82
999 125
68 440
219 400
25 282
108 925
788 940
72 51
322 784
765 716
112 647
714 775
455 520
649 479
171 138
97 841
582 712
79 114
162 952
653 466
833 874
58 809
559 274
472 77
357 307
900 159
502 269
98 616
133 501
42 461
214 838
327 441
766 483
100 678
815 199
380 300
454 562
92 288
375 73
971 355
715 957
3 995
291 452
817 821
269 230
360 98
239 831
846 240
344 58
856 616
585 969
44 862
925 870
506 38
633 90
77 699
707 105
437 797
517 263
231 35
125 469
346 331
141 852
627 199
619 822
736 242
233 180
424 122
741 78
645 652
748 963
465 943
984 580
969 158
522 831
290 646
460 154
76 505
272 927
654 297
456 595
232 189
239 782
877 327
355 105
822 906
955 914
698 960
888 887
543 724
147 761
141 578
844 703
287 742
