40 402 30
1029 1166 5
769 3818 17
3260 4718 5
2517 3974 9
1769 498 14
2968 313 23
4553 1967 6
2136 4989 28
618 584 17
3018 2788 9
372 1817 10
1324 3068 5
3675 2054 1
50 4079 22
4648 1682 19
1798 4334 29
596 574 16
3158 320 24
2035 327 20
4093 441 26
1441 1956 10
156 4044 26
1228 3961 14
3360 1738 26
1584 333 3
2631 3392 10
495 491 24
2162 2715 9
4629 2922 11
4377 3959 17
1722 351 14
449 4568 6
1597 3230 28
960 3021 10
3154 2446 26
3277 704 2
2592 1625 2
1536 2550 13
4812 2489 16
2262 4486 28
1417 1854
4425 4369
4887 1586
3593 775
2651 1786
2344 4034
1174 3683
4081 4751
770 1498
1778 1099
2400 1473
1239 710
2455 2164
198 1064
874 2750
1267 415
545 232
2067 340
380 1471
4931 2188
4472 2441
3850 240
4934 2576
4770 3532
3955 3851
660 2139
3980 389
4945 3579
2439 3070
3412 966
797 4801
2997 4662
3652 2326
1329 1049
1870 996
2330 739
1974 4453
3599 1163
4394 658
4445 4003
419 4516
799 3016
261 4063
4992 1873
1519 792
1448 1726
3001 3061
3542 1183
3708 1500
612 5
3749 496
2068 37
4891 2171
4136 230
2277 4862
479 1528
4608 2872
2146 142
3977 3101
495 1666
4602 3793
3468 2186
3758 3724
864 2759
4012 3386
881 60
4629 2844
4402 8
356 1175
2533 2548
4734 88
2435 1534
3682 2112
2776 4908
4246 1587
854 3795
1095 1862
280 2583
802 4216
1074 3860
3175 685
2605 19
3419 49
408 1420
3198 1917
2026 4202
1633 4671
1739 3160
2043 144
458 442
3768 937
2648 4801
4963 2421
1328 728
4908 2732
3955 3104
2660 1704
4238 658
658 3910
3233 2736
549 3104
4358 2682
3151 3100
2191 4283
1617 1603
1330 709
1964 2446
1245 1380
67 2895
4754 1283
4714 4665
4153 4831
4617 1747
3814 4678
985 4968
3128 3860
162 1276
2302 584
4184 2896
3316 1319
2998 3529
4411 2215
2025 678
162 4360
4332 4522
3112 897
4284 4193
3190 4468
3887 1016
1931 843
300 2788
3246 3415
504 622
4926 1234
1303 2642
1469 1595
184 2710
4945 196
913 2070
2141 21
4651 4901
1080 4274
1143 3231
1747 1888
4152 464
339 2502
1525 2393
4637 3304
3388 288
1927 3051
2587 2608
1008 2983
1405 4849
3771 1531
987 2392
1006 3543
2845 2212
3873 4909
4818 4615
1632 326
3693 4503
2876 1952
3056 3225
2287 1585
4449 2029
3814 524
752 3271
857 2316
4025 4262
3385 2709
4741 1441
1852 580
3848 1619
2888 4284
3777 451
2222 1088
3732 2755
3572 503
3597 2246
3363 2577
3284 4095
3671 1187
4295 4740
2441 260
1011 3136
4985 4525
2428 239
2905 3384
971 3886
417 3690
1150 828
2008 2263
2005 1973
1628 3604
1893 2495
187 41
3242 1013
1540 2138
2984 589
1032 3417
4475 391
3567 2414
654 3099
1518 2284
3942 4614
1453 3975
1027 3691
2876 1981
4700 664
2934 2740
1795 4927
2600 474
2493 4737
678 854
3371 1702
2283 492
252 2374
2607 4765
1907 4590
533 4183
4046 3364
2128 3675
139 2054
3143 3479
4060 1180
4578 2488
4126 4780
1147 3569
1674 4561
1116 50
791 3112
169 4824
3470 4327
775 573
2692 2810
2299 2368
3587 1918
4621 2996
180 440
2023 1072
4826 331
4693 2634
4457 1098
4141 1035
722 1528
4064 421
4223 4445
1289 874
3352 2633
410 3215
2099 2017
3523 3401
444 2210
2151 4952
791 4889
4800 4397
1810 437
3852 1213
4155 3274
2034 2600
780 4653
4472 4479
1369 2273
63 984
3708 3167
3198 388
4818 2390
1481 4427
2942 976
1341 1045
1524 4984
2822 4995
357 3257
2816 4970
3743 1107
797 3431
3875 3707
1281 4774
2237 2894
4487 1045
4357 472
3377 2766
3985 1032
3531 1384
1645 4625
4480 132
1078 1716
1393 3742
4089 2724
679 1179
3842 2671
2564 1578
1138 3831
1705 1088
302 2903
1569 385
1624 791
194 649
3144 560
2884 1709
3922 3681
2425 14
941 4587
3525 2627
924 3718
4545 4523
1936 2717
820 2177
166 262
25 2100
2557 4356
2414 4070
4651 340
4845 1967
4745 3850
4343 4284
3963 3052
474 3469
3927 1919
3844 853
3796 4417
3160 2546
1833 1637
4922 2992
2953 739
2023 3279
1958 2950
4103 2445
3661 2700
3947 1290
4340 103
2787 702
1458 24
1134 4873
798 812
193 4436
2699 1245
3476 108
4947 3126
1926 373
4289 126
2905 2879
4462 4180
2860 2022
1033 4189
4098 62
3524 4856
3550 3536
1892 3989
4663 3601
1119 565
4525 1705
4006 4640
3751 1972
651 2107
1278 2346
3317 576
3402 3409
4769 259
1043 2762
3767 1601
3281 4634
2401 4795
2538 4509
4697 1096
3888 1691
3584 2850
1071 89
4189 2802
1234 2916
501 2075
3115 4490
12 4340
2024 4463
571 1928
3623 2337
4702 3104
69 3312
4256 3511
75 4346
2284 3509
1599 3607
1163 4328
3975 4742
4776 1274
3448 2411
3396 325
2778 2224
2046 4001
3177 4740
1854 3286
3474 992
1600 1197
519 549
1997 2271
1543 1862
1527 4085
2423 2053
2854 3528
2310 2219
3376 3075
498 1813
