10 90 30
98 270 22
310 310 2
160 85 18
55 225 22
481 479 16
361 195 5
366 436 14
488 406 4
436 273 11
298 112 19
199 383
110 124
383 195
436 407
330 39
10 113
436 45
192 121
47 151
292 38
160 290
49 35
381 127
18 194
481 137
365 385
113 358
464 455
19 176
495 167
300 307
377 23
103 110
465 138
265 163
39 152
240 159
405 73
205 70
378 432
144 273
164 418
37 139
411 177
59 338
24 345
421 2
278 279
157 383
475 192
428 496
179 122
189 481
405 455
135 193
313 283
322 163
220 332
372 476
128 135
342 135
149 35
386 58
190 431
119 348
224 450
418 146
423 366
487 296
275 488
282 362
74 231
460 493
406 226
382 78
184 289
243 128
403 66
135 98
370 110
486 255
466 406
452 52
497 203
226 240
68 392
440 457
76 449
252 122
462 36
131 312
460 162
59 78
318 227
329 253
281 25
37 312
490 282
17 103
148 387
