60 640 30
303 256 30
40 413 5
140 140 28
436 401 26
259 338 7
358 246 28
427 135 28
286 154 28
186 408 30
41 347 4
132 421 25
8 154 8
196 127 21
179 373 25
369 98 2
42 325 15
39 137 11
301 197 29
389 40 30
189 106 5
240 1 24
495 7 16
124 105 27
421 380 25
140 67 20
264 280 2
387 40 23
7 478 1
291 364 3
479 263 17
249 173 11
161 161 27
423 196 3
285 448 25
77 21 15
315 397 3
413 257 15
308 230 9
65 381 11
196 144 3
437 200 11
94 419 29
490 305 2
322 20 14
134 87 30
165 271 9
396 252 1
103 70 21
392 108 11
159 278 4
285 250 19
359 78 6
275 292 17
429 447 17
180 358 11
241 343 15
389 122 16
66 200 20
182 319 18
342 489 22
95 16
280 403
478 179
63 412
347 362
235 61
199 458
180 481
240 109
397 225
221 459
80 328
287 243
452 268
200 350
157 179
108 206
389 109
265 418
191 37
256 400
136 28
207 429
314 495
26 291
190 18
67 33
287 494
146 264
242 272
42 295
354 149
425 150
500 154
377 121
466 365
220 62
461 351
49 121
296 241
257 329
135 15
16 250
274 333
471 70
486 320
436 427
119 394
335 265
468 180
359 344
436 245
109 68
91 22
79 448
290 358
420 292
175 273
204 487
186 99
291 451
355 392
167 335
344 210
212 139
355 239
494 268
297 259
132 423
274 180
437 83
215 377
284 74
337 128
16 403
474 30
363 96
461 425
83 127
295 355
476 431
428 327
202 459
25 496
293 288
409 124
81 344
305 102
282 30
343 22
79 183
159 11
136 226
22 84
210 414
426 126
377 430
162 328
90 24
226 6
442 87
447 243
353 309
411 117
280 217
107 209
19 36
80 12
110 105
200 249
71 71
59 379
168 292
256 441
494 313
471 312
445 424
191 425
106 155
308 276
282 114
176 152
257 405
201 285
20 149
222 207
207 165
481 402
393 437
96 172
416 160
242 190
56 377
171 216
235 169
32 197
284 72
426 169
303 58
88 204
133 439
458 80
430 483
125 79
354 420
481 224
350 470
209 403
44 354
272 365
488 339
149 373
447 193
404 96
435 146
91 494
223 109
238 258
173 461
415 286
157 329
44 120
486 151
215 468
482 274
9 387
47 422
322 132
282 407
460 409
94 291
433 291
229 272
321 399
76 465
73 251
473 358
91 177
366 141
32 12
76 268
347 189
336 300
458 266
204 429
481 202
289 204
334 34
348 230
408 492
400 125
128 57
110 467
392 18
218 483
451 274
44 420
181 63
108 377
270 228
400 456
459 52
119 143
403 193
89 108
126 3
324 305
310 242
322 445
471 244
474 175
146 359
232 157
195 293
310 183
300 474
314 228
382 183
260 197
489 435
495 404
419 137
147 433
435 369
394 494
380 349
104 176
212 136
153 331
67 264
430 276
293 235
389 365
233 433
378 288
423 369
225 62
104 189
194 338
273 183
213 489
88 380
23 230
201 129
308 265
144 243
15 75
64 103
119 218
72 254
332 243
396 212
225 371
257 149
485 141
442 155
478 131
51 465
488 488
341 238
252 400
163 143
1 478
22 136
277 92
472 216
157 366
153 382
152 135
482 198
98 284
312 22
227 84
416 164
20 97
74 55
400 63
247 273
367 311
191 399
345 28
467 70
23 408
484 182
427 86
296 170
331 112
217 384
192 235
315 15
493 192
51 51
263 174
382 103
205 142
455 85
454 493
146 337
230 347
411 66
59 366
211 421
153 467
413 48
62 63
4 436
451 404
318 291
2 44
103 97
417 447
437 9
2 267
357 136
429 322
413 330
198 92
401 372
150 79
349 471
287 299
312 460
385 212
484 136
376 421
421 158
282 352
479 16
241 269
33 473
426 288
100 452
79 474
485 90
140 247
438 482
59 181
255 328
276 6
342 393
252 350
466 250
182 172
457 14
261 12
107 11
210 208
20 14
204 415
343 134
310 99
39 199
50 24
342 470
246 213
202 234
442 424
323 316
73 400
275 359
172 365
125 143
310 59
85 420
60 150
103 488
448 249
272 85
222 460
494 128
321 121
488 194
31 118
200 2
75 398
451 477
335 285
86 373
197 157
98 53
435 53
339 46
118 66
81 331
116 376
127 189
80 185
312 250
490 123
373 306
69 39
482 357
2 448
428 456
86 461
228 338
37 255
397 250
280 231
29 71
380 418
480 72
191 126
320 160
34 320
490 158
157 283
245 462
345 464
258 256
61 50
252 207
187 86
184 276
41 323
18 296
442 373
101 444
88 374
229 231
425 53
287 273
432 362
263 435
192 90
22 36
168 378
393 454
258 234
357 500
453 4
75 249
418 201
109 163
369 317
45 351
280 297
195 98
334 100
471 404
500 219
69 278
71 465
84 221
447 446
10 90
457 13
101 73
11 442
228 230
498 31
60 222
25 178
422 65
455 398
99 474
412 253
131 483
454 132
142 212
100 161
193 411
376 387
222 184
429 10
216 299
367 115
438 178
333 133
181 334
223 431
311 51
344 345
327 133
258 497
37 274
469 408
98 238
128 78
270 490
171 187
251 216
273 363
235 41
424 206
244 494
239 425
280 222
323 239
421 148
319 173
67 402
182 377
18 278
448 30
319 372
440 130
176 478
329 14
117 142
299 462
398 487
436 381
163 337
331 367
407 301
449 10
168 279
440 417
225 340
131 265
395 40
181 364
278 452
155 270
232 59
71 309
39 168
176 166
21 82
153 188
274 152
238 123
194 448
384 468
295 1
390 423
334 45
430 371
403 455
344 363
4 293
451 308
21 456
401 239
144 495
465 188
460 154
255 180
68 11
397 169
207 121
421 58
434 19
394 49
109 212
32 208
431 495
285 316
463 255
287 385
412 460
40 308
380 128
99 297
433 30
39 257
17 293
27 48
500 249
316 383
14 119
175 315
453 291
332 144
294 467
27 435
50 208
331 71
315 424
492 277
204 133
464 260
42 286
176 483
289 128
347 129
240 12
158 5
308 244
451 103
295 25
262 193
494 82
62 218
480 321
63 58
491 267
429 286
465 497
485 315
357 458
340 138
313 185
147 345
426 96
156 201
435 332
369 356
467 315
254 132
228 101
133 429
295 21
303 316
277 125
481 35
47 106
321 109
312 232
176 320
106 221
376 213
198 294
260 208
239 480
135 180
20 385
244 308
240 462
132 279
419 29
433 177
50 454
207 406
122 42
60 96
146 442
53 208
289 98
139 125
299 293
245 148
382 342
253 82
448 25
412 465
405 73
264 204
407 321
