120 1246 30
399 287 17
53 248 12
225 431 29
466 251 1
154 367 6
237 109 20
477 477 28
225 7 22
485 474 28
179 78 24
26 462 2
337 247 22
462 212 17
50 420 5
286 419 16
108 63 18
442 369 22
174 492 25
123 172 11
2 124 25
281 91 28
344 319 12
451 235 19
251 166 6
244 256 5
145 75 13
200 38 12
198 90 16
239 325 6
204 275 16
484 441 21
299 218 17
207 104 21
53 271 30
289 470 13
487 119 2
440 11 8
189 238 14
199 344 22
486 308 8
423 120 23
54 479 10
332 116 25
435 368 11
342 150 6
36 173 20
332 452 22
402 382 29
171 111 3
319 129 24
237 25 21
409 467 21
426 426 21
76 362 17
327 36 28
51 239 19
315 310 3
70 70 16
20 369 19
206 199 4
405 181 25
173 248 7
158 17 2
94 356 10
280 197 13
22 447 11
145 100 20
279 15 17
135 240 5
487 491 2
289 467 24
146 250 17
155 34 2
390 461 6
85 462 3
163 493 13
212 397 8
23 347 17
16 470 10
273 323 26
54 271 23
436 419 24
312 90 30
390 98 29
110 391 26
359 440 29
282 105 26
148 446 11
294 348 24
231 313 13
393 198 19
419 118 4
245 243 4
204 452 10
213 92 12
355 447 5
164 285 1
382 288 10
309 328 26
357 286 26
335 136 9
494 220 5
175 367 10
342 461 15
238 397 28
267 40 16
447 344 18
367 499 2
356 205 8
292 179 23
437 4 2
197 74 8
19 213 28
342 270 15
463 175 28
154 114 2
450 373 15
23 68 15
248 218 22
440 50 27
462 39
159 369
163 480
409 500
388 370
377 246
440 63
351 240
18 153
446 115
70 178
387 416
218 130
293 360
392 102
297 346
339 464
328 106
156 12
379 439
326 101
238 27
143 228
399 131
321 234
171 59
299 94
197 150
252 308
96 72
467 27
253 182
285 497
269 432
47 234
357 165
300 436
480 74
37 354
86 461
400 497
13 261
133 189
127 441
461 478
353 404
412 207
440 461
214 305
343 296
348 212
409 93
362 128
237 469
5 38
488 495
94 311
30 411
63 358
462 345
239 382
42 91
473 251
230 35
477 492
177 483
90 64
391 387
500 224
107 221
366 460
110 26
224 204
136 140
195 201
345 249
45 223
55 396
62 391
258 418
90 454
222 445
133 223
282 404
28 386
75 88
27 97
490 68
452 101
167 21
386 487
467 304
292 133
26 298
29 94
129 334
147 170
463 212
219 379
396 358
486 232
125 213
173 189
310 413
401 247
326 226
468 7
171 464
178 499
432 340
344 251
375 141
494 275
477 427
293 137
468 433
8 480
49 237
115 391
273 117
343 48
462 337
50 44
285 292
128 481
390 62
289 437
134 187
188 218
200 250
169 454
363 292
277 54
112 70
34 126
401 441
308 184
187 383
216 328
90 71
459 218
451 122
284 398
28 405
110 195
9 120
77 395
156 488
434 401
310 410
252 186
22 497
253 1
306 460
499 61
49 299
139 120
375 272
107 328
271 248
4 328
318 35
386 219
146 260
57 484
259 446
14 39
153 382
254 251
342 327
98 413
154 32
103 324
285 368
462 277
334 90
57 201
328 405
480 409
240 393
368 32
169 74
238 270
355 33
266 172
311 392
259 335
87 482
353 436
151 464
365 389
280 95
382 304
127 153
207 300
275 320
132 94
338 150
367 211
195 251
47 370
171 3
3 137
23 367
491 480
114 138
305 363
385 160
370 47
33 369
20 370
144 482
500 132
238 191
117 283
99 177
219 394
113 122
428 392
382 85
306 327
289 275
309 202
221 45
163 318
204 470
406 275
420 189
278 156
427 240
58 43
139 357
299 486
119 383
21 14
337 454
314 234
290 100
425 123
221 280
285 163
405 454
198 399
463 76
244 257
27 316
344 197
178 288
88 123
32 286
196 120
370 329
167 364
69 333
440 487
425 476
117 169
444 195
198 436
28 148
207 103
383 86
297 435
299 423
250 471
136 205
170 147
292 200
340 490
42 326
40 29
58 391
376 95
17 116
70 444
321 262
75 12
77 243
36 29
111 106
459 49
409 89
455 256
349 28
411 134
164 31
426 482
462 307
456 99
80 439
26 321
389 140
319 101
425 32
360 131
163 452
82 375
271 178
53 5
289 54
42 230
151 97
178 198
389 209
472 365
187 270
358 97
309 302
312 253
225 364
18 498
416 69
421 438
2 3
158 1
48 367
85 458
421 417
412 329
80 373
11 429
401 327
186 167
129 455
120 180
352 135
180 107
421 324
166 495
386 96
324 495
163 251
8 248
295 191
264 298
31 100
111 63
325 424
325 149
491 186
483 6
84 437
175 152
26 172
33 142
229 390
185 300
365 285
193 112
77 478
225 319
222 79
23 5
11 322
196 240
212 292
162 178
13 229
493 159
391 300
43 361
82 121
64 243
486 243
71 370
203 461
489 420
230 403
57 146
112 19
277 90
98 304
12 474
428 25
452 184
141 205
401 171
50 23
48 109
205 293
383 192
148 176
295 298
465 129
377 130
171 187
343 154
124 117
461 241
375 309
453 29
123 97
25 92
359 482
483 238
200 36
81 341
458 224
105 15
34 426
405 302
363 127
317 85
357 416
406 59
248 102
284 412
71 125
100 415
41 69
80 422
20 309
385 223
216 188
259 219
317 92
206 395
99 249
416 156
393 96
115 401
443 135
14 169
221 258
264 162
353 433
450 213
309 162
367 227
351 496
378 85
9 471
473 378
315 78
129 119
208 413
174 326
385 83
77 55
166 375
412 95
393 227
352 211
80 317
168 344
212 474
372 396
375 384
328 103
355 17
338 140
434 499
267 326
397 144
311 375
128 402
444 66
476 272
172 163
379 22
205 113
195 101
410 65
460 351
190 252
292 62
33 421
391 219
313 243
268 446
183 344
267 392
376 389
315 321
395 278
205 155
349 278
493 284
88 14
441 86
291 113
384 161
187 79
447 497
347 455
165 474
221 362
87 204
480 30
377 241
297 128
432 12
373 200
13 318
489 294
375 307
483 263
361 93
495 11
254 397
192 421
18 397
144 200
217 113
384 289
181 15
265 212
266 83
47 60
116 254
118 474
135 488
326 452
32 209
19 207
177 137
320 468
221 449
89 119
334 420
159 411
73 72
489 64
47 339
51 214
436 61
244 351
155 357
330 366
440 165
45 417
162 449
3 62
60 106
58 300
202 339
195 417
500 18
478 334
219 243
181 452
115 145
154 100
264 14
229 69
243 321
306 40
19 275
208 12
258 386
418 177
37 384
319 295
183 20
224 273
181 301
1 151
116 357
406 304
415 395
97 172
402 139
451 443
164 489
337 266
391 398
59 403
367 112
329 374
316 396
6 197
109 487
172 237
240 322
179 234
339 188
310 78
143 278
394 73
95 39
299 61
174 256
353 498
2 191
169 146
170 80
58 74
404 308
293 309
237 229
356 300
182 129
371 170
270 466
448 413
163 170
323 482
155 213
324 97
351 453
106 97
282 353
201 155
178 17
215 226
53 463
33 410
131 335
219 103
435 420
317 233
466 187
98 423
271 163
452 138
275 93
358 288
498 253
111 56
69 297
467 159
35 356
258 121
93 411
174 175
239 462
455 69
280 32
30 81
250 64
352 405
13 390
210 191
203 326
450 229
179 214
100 138
284 228
364 155
327 204
461 214
384 170
147 175
138 147
285 371
471 467
69 320
314 331
397 422
74 120
316 47
475 432
315 196
267 416
397 226
62 403
263 53
220 118
139 52
58 14
488 468
222 162
393 16
393 113
192 139
272 83
464 458
271 93
301 421
474 22
370 370
216 347
171 35
229 315
340 444
482 448
193 212
481 52
400 8
35 438
355 363
473 103
301 112
123 379
359 123
321 58
391 384
440 53
167 318
120 279
31 175
241 75
153 465
497 201
317 164
458 36
112 18
11 99
338 355
47 254
486 251
248 354
46 370
138 81
202 149
279 395
463 52
30 359
206 65
473 60
115 4
427 269
361 14
467 454
383 196
361 477
273 392
294 22
262 74
191 21
348 412
161 168
311 350
162 467
185 332
225 233
271 483
478 365
403 111
389 66
492 130
361 320
440 420
347 213
66 172
186 213
257 272
126 402
277 159
398 384
379 157
276 66
315 126
488 391
415 70
354 208
28 391
6 450
105 341
297 445
193 235
452 79
342 120
296 328
495 293
22 317
25 311
427 242
498 247
372 63
194 270
97 159
83 434
287 31
25 63
294 261
197 165
449 43
137 329
105 60
93 66
407 191
149 40
54 149
246 442
224 464
347 19
186 496
215 354
494 402
158 146
477 276
12 219
211 382
172 183
155 444
3 243
322 124
53 258
28 99
431 61
92 391
420 234
239 84
54 371
121 473
346 53
209 483
337 385
376 455
308 302
353 77
3 387
420 480
378 177
183 64
259 179
53 295
400 261
476 221
252 345
224 53
122 201
329 498
137 266
63 464
375 482
120 175
250 322
120 421
175 433
2 275
216 266
377 28
150 160
207 429
164 105
180 375
218 404
366 250
435 413
210 479
486 53
138 359
470 192
79 42
208 359
32 170
78 318
249 64
228 67
282 137
498 137
422 363
116 334
19 426
183 183
290 114
191 334
168 303
138 362
181 461
6 131
223 79
89 428
460 163
3 323
430 207
365 187
81 212
432 325
302 334
142 14
397 83
249 32
458 84
497 174
216 448
488 102
318 278
463 240
288 232
86 421
196 31
2 354
154 416
479 215
244 350
431 211
446 195
392 454
11 14
47 51
98 183
7 18
110 163
323 48
155 179
164 374
217 250
442 121
250 281
496 299
430 174
353 132
330 85
270 199
153 219
418 247
488 208
170 203
500 314
346 81
26 405
135 105
242 327
271 107
12 41
448 52
16 101
9 224
494 202
479 160
358 454
134 273
255 396
330 491
19 262
6 42
160 155
210 39
440 410
183 477
358 207
335 268
347 203
92 317
479 199
83 321
45 31
396 300
335 379
47 178
373 76
75 349
379 366
97 14
275 27
307 3
255 465
437 50
471 483
276 70
338 389
141 76
77 347
14 52
46 175
244 261
92 281
410 210
316 204
354 263
174 273
495 125
153 115
323 282
190 12
479 479
202 147
388 153
25 216
147 396
34 436
344 155
407 339
422 296
321 138
27 48
98 283
106 188
445 87
213 395
258 246
57 243
181 67
329 476
100 312
146 313
278 172
378 369
267 355
308 393
475 355
44 120
383 12
406 423
104 222
195 311
452 298
366 382
16 63
4 158
447 292
359 339
126 404
453 71
485 461
289 433
107 153
140 125
406 313
268 415
196 128
48 478
394 359
417 335
412 23
71 20
420 293
57 488
166 159
317 169
340 301
445 457
463 305
310 383
222 469
17 274
429 390
244 375
41 298
30 271
236 274
498 276
352 458
483 498
244 182
355 343
127 154
70 194
208 340
86 478
476 365
168 2
107 277
47 54
264 439
472 451
331 237
101 495
74 169
42 143
95 328
341 107
422 98
323 496
260 147
212 33
291 44
143 369
334 167
108 346
110 488
108 152
237 309
251 82
449 489
34 112
279 345
204 175
378 456
150 119
401 335
484 471
178 220
337 294
336 481
3 256
350 73
296 12
172 328
459 112
358 361
330 489
426 282
242 360
70 371
261 280
179 440
318 154
26 426
14 223
457 355
51 424
272 453
324 194
122 269
165 455
147 196
269 425
44 179
495 242
437 143
446 230
343 279
169 184
50 94
30 53
156 109
180 495
9 34
135 289
468 170
18 37
232 197
92 475
55 215
439 86
335 431
43 190
356 335
380 445
206 419
33 79
489 174
102 370
161 247
28 240
275 165
131 201
30 220
102 146
259 6
356 260
82 203
50 340
86 27
278 425
75 279
219 134
433 201
369 223
137 61
269 72
203 214
211 289
346 124
421 384
396 212
238 315
390 84
425 179
334 76
30 443
195 22
267 163
429 241
8 287
441 175
76 179
123 458
488 151
353 342
133 58
445 175
295 180
267 304
238 3
462 287
406 229
486 278
4 66
444 486
368 159
450 61
7 199
339 59
277 196
430 345
29 125
118 87
454 308
481 344
200 437
290 274
393 429
320 494
230 64
243 424
72 161
113 244
337 484
4 39
9 293
89 1
217 126
22 150
375 35
203 318
274 464
230 135
283 181
104 144
420 7
173 159
457 285
225 135
493 188
142 147
387 291
34 14
13 99
395 363
434 261
218 170
278 89
32 274
208 470
168 290
8 302
203 135
289 124
379 65
193 245
164 389
346 327
477 168
408 402
94 8
161 482
419 482
141 312
355 417
349 292
242 484
122 241
232 142
437 85
335 33
245 347
486 176
175 271
117 428
481 20
154 138
228 174
400 391
28 450
360 212
144 454
183 68
5 448
430 346
108 295
61 166
