60 942 30
4903 3956 22
177 319 11
3445 933 23
565 411 21
3616 3613 28
3402 3893 17
3143 3587 20
3019 2798 19
3900 278 6
4621 4775 10
4271 2863 8
3742 1437 11
2448 3886 19
4770 2958 3
417 1195 13
1977 1425 14
3554 4435 18
715 4355 12
1556 2097 15
4304 3146 5
3737 644 30
3998 2366 22
3986 218 9
108 4097 18
804 3297 14
3784 574 19
3912 3669 24
389 1252 6
4497 654 3
1501 287 29
3117 505 26
155 4556 30
384 1573 1
4643 3797 9
3032 1438 14
2145 1456 14
1341 3276 19
4586 1440 19
4271 734 7
2647 552 14
1738 1878 26
4653 542 19
3522 3414 2
344 621 11
1629 4519 25
4883 383 23
4671 1443 14
1137 1561 5
3754 4066 3
4001 1729 29
823 673 14
3351 4169 21
3097 1445 13
1011 4743 24
2879 2441 5
4576 2344 28
2283 1161 14
1680 47 2
3789 3257 20
4480 1277 19
106 4241
1392 2770
1260 4163
373 3364
1141 2504
896 3391
3221 4227
1063 3003
3107 255
4263 2617
3952 390
4215 4157
4920 1102
1948 61
2984 2521
2159 1407
1391 3230
2153 1828
4302 651
769 4167
1552 360
810 1505
4375 133
4917 1244
2177 1242
2604 2634
663 3138
1502 280
2818 2777
4095 1453
1195 843
1083 816
4675 3855
2142 1299
925 517
3489 176
1105 2247
2358 354
1427 1989
1236 1752
529 2441
1074 3236
4827 1940
3371 995
675 3840
1617 1061
1558 2751
406 1593
1511 4823
355 163
162 1728
1788 1260
32 1988
3369 1019
3824 1431
367 564
1819 1168
1272 2341
1849 4343
799 3659
3892 1066
374 2008
1293 706
494 1072
651 1934
1232 4198
687 3307
3814 1901
4810 902
1093 1905
2851 244
866 2365
2663 2672
1518 3261
1441 1506
3472 3246
3641 2720
759 4490
4298 3910
4935 1875
3493 2944
1792 2152
334 4779
2466 2573
829 2594
2876 1968
4857 2626
1270 544
4224 2252
941 4584
414 3152
3955 4542
230 1623
1413 2799
2107 4030
4029 4942
4017 2675
2183 2190
963 3163
3317 228
2279 1012
1150 216
1347 4017
56 3475
1693 3527
4601 4559
1617 4448
1263 4719
1462 348
1628 2609
279 787
758 4486
2157 2212
2250 3432
4557 1818
2345 3931
2738 1042
3529 2605
1837 2547
1755 3681
1525 1675
3979 3840
646 300
4963 4869
1898 4003
2060 4505
2685 312
3896 2777
651 2899
4229 3293
1942 1664
2064 2487
1983 91
736 2430
4815 4567
4577 3855
1025 1619
4448 3802
3226 3897
969 3954
4859 995
4 1047
3744 1679
3954 231
538 2615
4297 3482
3421 1295
1379 4658
1882 2610
4407 2035
4548 3404
2946 1207
1111 1558
2663 3937
2284 2076
1544 2630
534 1123
2179 1649
4861 904
2812 1679
1641 591
1643 3564
2508 1685
1585 31
1910 4888
4062 4556
4420 2602
1540 3663
216 3838
2116 108
3405 3568
2431 4562
4986 3663
1691 493
189 3571
4260 2886
1334 3406
4793 949
1156 2095
4532 4063
119 674
3571 3883
4457 78
2120 2415
3895 3304
3333 4394
2947 2756
3269 1275
4848 1529
4543 1077
2561 501
2888 1792
3122 1850
2669 517
3720 1352
986 1926
1220 4213
2538 3499
688 60
3566 4631
1015 4897
4520 1932
1334 2582
2962 4153
2283 1425
669 4457
1239 967
4454 4596
996 574
2295 3085
4357 4285
703 432
1818 3128
1976 3690
1333 774
3251 3964
3593 587
1766 3725
1032 3375
4123 1089
3519 2273
2974 3791
933 4744
3850 4357
111 3839
4963 126
3695 2894
1980 4735
3328 2978
1345 1763
2975 1751
2535 4978
193 3553
1246 3347
1673 429
3373 3502
4451 3750
4709 1858
1146 2016
2639 3013
3652 2827
1948 1488
3150 426
1376 9
1577 1915
2055 3108
210 4172
2783 3275
399 3239
475 2843
4827 2703
536 164
273 4357
3856 3486
1051 3067
1805 379
4781 3565
16 4697
3497 2598
1995 1515
4689 1529
4074 436
1160 2419
7 1976
4221 643
3572 4784
3750 2767
1379 3329
2240 618
3471 2871
4534 543
2798 1943
166 140
4945 1031
2140 3417
2113 1779
1462 4934
1624 371
3561 3439
2062 3565
2085 1835
1918 2182
3319 2170
4271 2839
871 4823
1605 1408
1191 3161
211 231
4505 1427
3349 1
4260 901
655 3038
3580 3137
2068 4526
544 219
167 253
527 1051
934 663
2220 109
3578 3492
2313 1888
2325 2309
116 3116
4657 1476
315 1001
2904 2221
317 604
4323 3510
4853 4003
3749 3963
2726 4283
4176 2158
836 4949
254 1094
3434 3578
1724 3980
3302 4866
4331 4799
4813 3188
4807 2934
2168 3993
2263 273
4143 4091
2614 4545
2329 3585
2940 354
4561 37
4065 2076
3228 4138
3631 4213
391 2265
3699 1393
3316 2987
1221 903
1505 2112
3249 1513
4660 4378
4131 4681
4319 1219
652 3393
4496 4919
3356 3427
1136 2137
3473 1738
1910 1652
900 384
4457 3360
392 1508
1134 4949
3480 2673
1421 996
2359 2148
3299 3409
2856 2286
3973 1003
315 2306
2608 1337
1260 856
1383 2739
1115 2555
2713 3507
1196 700
3029 3104
2067 1344
1187 3597
180 2232
4595 2247
48 1593
529 2686
4249 47
549 2374
3210 4971
4004 4002
1013 48
2553 354
1952 680
509 3155
751 3352
4031 2410
606 454
2563 1339
4731 1134
502 2191
3477 3444
624 1939
1304 2117
1137 4861
123 2538
1494 411
690 1442
3814 4653
1384 3555
1114 3709
2351 3393
3231 768
4951 1453
1872 2388
553 3819
4273 4212
4838 2028
944 2541
4994 1023
2997 246
2971 2854
2793 2180
1001 2771
3144 1940
1796 3020
1702 1781
2717 921
1715 154
2310 1094
4827 4604
3071 2736
466 3617
2240 199
3938 391
1786 1675
4342 4392
1380 2667
2198 4704
2256 237
2064 2144
3301 1890
1584 4518
2479 4542
3257 4676
2217 1740
2862 3572
1028 492
3163 769
1506 2636
3287 2631
2787 4760
1701 3151
2766 1874
4532 205
627 1422
382 4868
1598 4050
4382 3014
3669 3220
3043 3638
1363 931
3440 961
2177 4087
944 1350
1081 1509
4347 810
827 4173
3632 3377
2307 2472
4448 4735
4723 2232
3811 3861
3855 402
2002 3833
2890 1699
2794 812
793 3928
4461 4918
4724 3142
1634 2662
4863 3822
3683 881
2348 931
296 2501
978 3711
2108 1737
1555 3134
702 4483
3639 1131
2241 4226
2372 2162
1102 3929
4118 4685
1858 3373
4882 2849
3133 4627
3741 2365
4269 4128
2296 3401
1314 779
4741 1522
1353 2270
4900 4721
4545 2396
1984 234
4074 522
3302 193
3170 3443
1127 4829
2762 3119
2252 4931
4695 1367
2617 4424
3413 3877
3482 113
4270 384
3032 4536
442 1936
524 594
2800 238
711 4512
2863 4377
1557 2349
4623 2762
3300 323
55 3054
592 1331
3004 1432
3091 3419
3127 241
68 1192
352 1720
2667 900
1129 1334
1892 4559
225 596
745 1376
2877 4880
4349 2564
3069 3642
201 2387
3319 78
3343 3156
1205 4516
4928 2166
876 4188
75 3471
891 2470
4713 4053
613 4634
2192 3202
2848 2827
501 4873
2305 4295
1062 461
713 1191
274 1223
4110 267
3488 4220
1597 168
1028 1909
3083 852
4025 3768
3508 3092
4004 1566
4375 4833
2258 3382
1094 4041
2403 1971
1254 4651
1482 3777
591 4621
3617 268
2332 785
1507 4332
1023 2364
2467 167
1954 3207
749 4756
3271 274
629 1211
1837 302
653 133
4863 143
170 3342
784 3732
1472 2116
2634 3494
3070 4598
2713 2869
1655 4643
886 4527
963 69
3677 4135
4427 3714
2040 2938
4310 2682
4825 4086
4179 1365
4921 2830
3674 2029
221 2634
439 2869
2811 153
4081 42
1543 3052
2039 793
2122 2838
1526 1229
1033 2383
4215 2689
731 4586
4224 3090
1822 2723
3933 2187
4343 3499
475 4026
824 1447
2774 3318
3133 3135
3111 2709
57 4382
4920 3645
4988 1350
29 754
1364 3718
3585 4938
2964 366
2183 3462
2488 3676
2461 1514
879 4893
817 1369
4956 4697
3070 2147
4761 2686
3260 1911
3804 2784
1610 188
76 734
3971 4735
1005 1258
2507 2156
1969 4223
2368 2006
722 4149
29 1110
4211 4134
1419 3208
89 4629
2860 1625
535 2279
4489 3429
4634 923
3361 3417
3573 1586
1942 4370
1661 3291
1866 3275
811 801
3503 982
1022 4218
4840 3805
165 34
4372 900
3945 4622
3343 874
670 81
2470 723
370 3645
240 2978
961 1217
4428 2226
567 2933
501 3362
734 1727
3535 3402
4058 942
2758 1359
3132 2511
3768 2111
1707 4841
1540 1797
406 3115
2076 1513
1400 2796
4745 3734
1735 3025
4901 521
966 2251
3715 3318
1539 4733
448 3844
61 1742
3238 4143
2741 3621
1337 876
862 1517
4278 2909
2696 1058
4163 3580
1749 4802
4682 1553
3972 1132
161 4933
3934 409
2490 930
3497 1212
815 2695
757 2586
3641 231
2684 266
4001 4338
2490 2237
2676 2
3541 4722
3222 1166
3085 4422
683 3855
2995 4135
3976 1896
2765 3347
4617 4143
2904 471
2309 1522
3858 1780
1089 1650
469 129
2099 4520
4217 3150
4090 1396
2265 1548
3847 934
2397 4378
4361 3832
4396 2635
3995 4245
2594 1671
4207 2541
2914 4102
4006 2508
2367 679
4783 2102
2342 3069
182 909
2749 3851
1429 4543
4948 2482
46 3051
1184 2597
1037 2607
4909 3181
847 2223
1670 2886
719 2014
3042 1116
2819 3007
3801 2554
2297 2997
4438 2853
70 2834
2232 3077
2371 1498
4836 803
3301 2196
4845 2735
194 700
399 693
2252 1317
3403 3415
248 815
4379 2339
429 163
1601 593
1058 2980
2731 2497
3075 2844
4632 2749
210 4010
3325 1076
3359 113
2043 2500
3119 2926
763 363
270 2433
1287 2998
2122 2797
3400 3799
2590 2092
4474 2457
3466 2788
2015 4594
1295 1981
4576 4901
2144 1178
2901 228
4489 1770
3058 2449
4648 946
3274 3059
4333 3360
1656 4843
2890 252
4092 1807
1091 3675
4144 4853
1294 748
2227 1713
3878 4040
136 731
4197 1659
1473 2123
2979 2002
638 3529
3253 2395
1818 2389
4730 1880
3008 4778
2202 2040
1774 3795
2551 2446
1533 3254
3584 896
4663 4729
1570 356
2329 1738
3008 814
771 2010
3506 2171
1960 2643
1300 2828
426 395
2352 290
1968 1701
691 1010
2592 606
4222 3674
1990 3274
797 4513
3046 4529
4558 4883
728 2067
3759 3545
3462 176
1922 1558
560 3427
3158 2598
2641 3953
280 602
2132 2181
3792 4485
4625 2228
3453 3017
4873 2229
1978 104
3592 957
1681 408
3735 132
530 4145
828 4672
4216 3807
42 1364
241 2624
2647 2047
358 3194
1046 4099
1727 1771
284 1443
4992 2061
1816 2179
1466 1657
980 47
1329 841
3769 675
1529 3959
2838 1932
4600 462
463 2101
2571 4216
239 452
1213 1692
3294 245
2079 3174
4995 3447
3179 1696
677 723
4900 4604
3919 3937
1173 913
1903 4198
1720 2811
1552 4372
3381 3790
3036 4716
2828 1294
2163 4982
2406 120
2260 1937
4260 378
3289 2197
3324 300
666 3446
2074 4717
526 2522
721 2139
2435 2463
1158 1868
1528 726
2471 2738
3464 3461
113 4353
493 1811
309 244
8 146
2209 3893
2639 674
4892 827
2270 2795
1293 1693
2691 2518
3157 4891
2094 2835
3091 4361
1508 3231
1851 4207
1938 110
3091 22
2753 2792
1382 2515
3459 138
26 4053
2513 2873
196 1717
1573 1531
2771 3497
1273 2128
4665 832
234 348
3225 2935
2965 3622
1303 3039
484 950
1669 1289
2770 4308
4317 1212
4111 2377
3573 1582
4386 4302
4511 4167
2595 3315
428 566
4072 1332
4278 2311
1545 681
3002 3994
2573 2616
732 2138
2943 3342
80 2195
