80 405 30
4066 83 29
750 1974 20
4199 3894 26
4230 3188 13
4018 4861 16
1667 2901 22
4167 2788 24
240 1763 29
4102 1766 6
1653 2606 13
4852 1484 25
4456 3185 13
3607 3867 16
4441 3145 13
924 3112 1
769 1125 29
3860 2717 28
2125 3970 8
103 2210 25
2135 2724 8
796 3947 21
3185 3964 7
498 2959 3
4839 1194 1
4779 1616 4
255 2519 28
871 4918 16
4327 2801 5
2094 2310 23
3454 1323 24
4405 3295 5
4543 2008 6
3668 2021 19
2379 4585 4
2919 134 2
4369 1700 20
2719 2027 6
1411 2812 17
1593 1531 24
2652 440 28
4547 3551 9
612 3773 3
2270 474 30
4573 425 6
1235 3340 2
83 1953 12
47 2414 18
4182 3617 9
187 4169 20
3167 3475 4
3316 3668 18
2048 3226 9
1937 3568 5
1743 534 1
2054 1191 13
3736 4552 21
349 4760 11
2952 1883 13
4125 4149 28
444 3500 23
4418 1851 15
4258 4666 2
143 4637 22
34 631 2
2561 1948 28
1954 104 12
4490 4665 8
180 4866 20
1004 4285 26
2508 715 4
4932 2215 22
2931 3202 20
925 4226 20
4174 2993 23
1610 2982 14
3258 4101 29
1907 2753 6
4247 4535 11
1554 2017 22
4522 3456 24
594 2254
2270 4968
4671 887
703 986
2867 3656
885 2518
1552 1284
4088 4229
3107 1374
4535 4546
4882 3490
3571 4737
2122 4448
4771 3449
2736 1356
2589 2858
1469 3721
3329 567
1165 4475
3886 567
4378 424
1806 375
305 1103
2581 3156
3051 2019
475 787
4585 4140
4191 1114
314 1689
3385 4900
163 2575
4209 1550
1892 1080
3526 3661
1983 1614
2761 2486
767 3328
4128 483
2097 3057
2822 3628
1214 1591
3268 2261
2376 4568
3192 2218
3470 1920
4245 432
1192 1366
867 2401
2438 431
4899 3176
3625 1973
3290 2430
4420 2446
1164 4738
4815 2905
1043 2665
4993 3738
1945 1374
1502 4717
2028 3563
4508 705
3868 3418
4174 1975
1502 2974
4746 19
4080 2373
3335 2169
2114 3256
4099 2702
876 509
3119 3233
4530 4189
4247 443
2544 1930
1849 2368
4014 4880
1913 2026
4803 622
4422 432
627 3336
984 2819
2523 3054
3526 477
4183 4685
317 2655
1136 3780
3796 4079
2851 2595
4494 3245
456 4886
2226 3830
4494 4176
2132 1808
2646 4549
4699 1326
4825 4526
4382 3721
3484 4043
895 539
4279 4892
499 1916
862 3372
772 1686
3553 2270
1022 4679
4306 1988
1882 2922
4166 255
967 3500
3927 1103
2861 4478
131 4481
929 4479
1365 1732
62 2207
2117 3908
800 1270
292 746
3915 2467
910 4155
2291 4791
2367 3749
656 4487
1341 2572
4108 4744
2688 404
4826 3473
4739 1469
2778 63
4802 3418
2100 4211
3417 3299
2590 480
986 2698
48 3919
2376 3952
2190 859
3094 3065
4293 2605
4727 2156
876 744
2384 2699
56 193
2799 67
425 972
1107 1952
3782 2661
2182 4462
4486 2531
1815 2329
1545 2211
1905 3933
2970 886
2073 2263
3211 2547
957 3223
1542 354
1525 1051
4530 1613
2498 1986
3979 1004
1773 3636
2794 2673
3273 2433
1688 1897
2885 4781
2317 4892
3918 758
790 3607
4247 864
3694 4179
4663 1717
4173 2100
218 3746
3009 28
3995 4379
3586 760
2616 1945
4903 4309
3279 1124
3691 984
3508 1224
2925 1101
2424 1954
2378 1497
814 1643
4961 1860
4725 1748
1372 666
1632 2370
2893 257
2208 4925
2400 259
74 4424
1559 566
4567 14
418 3449
2075 3445
3108 4704
3127 4568
2254 18
3198 3694
3467 2774
4254 4447
4271 2981
2417 2002
2434 3313
3529 3759
4632 1431
4254 3166
129 4174
741 3798
2365 4351
2394 4809
4771 3127
3074 1161
1591 1562
1683 4483
3351 3434
55 3696
4338 4206
3775 2207
4776 3220
1518 875
1663 2134
3572 283
4218 1469
866 4725
2973 2559
3577 417
1976 951
372 3665
3695 1261
2966 4179
2047 3102
4764 4649
3895 1008
1313 4076
1411 4106
2994 3624
4017 50
529 3361
3040 1920
2989 1588
4444 1418
4658 2136
4886 4481
2302 1256
2976 4783
1221 1849
2700 1520
458 534
67 4617
3874 3363
858 170
921 4435
4862 1767
351 1927
4010 1648
2621 607
2417 346
3422 3932
3566 1130
4915 3603
1621 3681
812 471
2125 704
2276 2819
2748 4434
1317 1658
4754 576
2520 2992
1105 3542
91 2146
234 4140
1839 569
2069 1061
24 4769
4438 4486
4119 3497
751 4116
1501 3827
2227 287
1123 4072
3245 2743
3959 2573
3463 3733
4813 4630
2332 2833
3707 2749
3141 3851
1978 4635
2602 290
1099 1880
754 1260
3781 1188
4008 2096
1682 3325
2956 847
2356 1350
4454 2438
253 1002
609 2947
22 371
1376 1696
2899 286
2606 2887
2643 4590
2954 1446
4973 1631
2578 586
279 4945
2908 67
4790 331
973 61
3087 817
4125 165
4903 1915
1831 1429
4943 464
2848 4569
2021 4464
1429 4645
2172 2221
4841 2223
4731 2260
3696 3143
1435 2350
3254 4390
771 4908
4326 269
3368 3609
3664 3125
4430 1131
1655 3621
3932 2995
80 1954
102 4514
2441 2456
631 1302
1009 1425
4079 2549
3448 179
2228 4084
4710 1653
4423 2907
1580 3597
4692 3234
4494 3785
4050 2371
156 1870
1321 2702
856 2505
3650 2100
2800 3790
2711 2933
3249 4190
2318 2526
1234 380
1428 1835
2320 1457
3549 42
3781 1414
2396 2934
378 1956
4964 2038
873 1714
2180 3288
4337 2493
2578 4172
3562 139
2280 3620
1836 4561
502 244
3195 3751
2389 4006
2761 398
695 219
96 4847
3847 3928
4582 4749
1 1228
3153 414
1066 1285
2237 4694
196 695
589 4393
2392 4874
1889 1633
2258 4716
283 2331
859 2712
4393 3979
2077 2025
674 4033
4038 614
3556 1134
2891 3744
494 3811
3370 1999
230 649
2466 4097
832 91
494 1928
1069 1015
