100 996 30
652 341 11
596 544 21
613 855 28
599 954 19
820 244 4
300 651 14
780 590 4
638 756 14
876 7 23
497 191 24
105 896 13
342 711 24
453 663 2
793 520 14
954 143 17
581 225 27
534 74 14
175 278 14
779 324 14
49 910 27
735 325 2
418 632 16
47 438 16
723 328 25
175 52 3
159 174 9
955 922 15
654 134 17
939 380 5
241 291 18
690 483 10
97 364 12
567 25 26
578 676 14
217 324 12
154 694 21
492 194 4
765 772 19
661 37 26
508 548 29
934 536 29
482 890 20
234 693 21
258 849 9
56 520 12
985 198 1
432 929 20
526 863 8
869 317 6
492 154 2
586 95 26
405 658 18
287 822 3
769 786 12
997 14 26
540 268 28
204 292 30
906 571 27
961 716 19
297 302 25
204 32 5
376 264 23
904 348 19
278 646 2
936 927 28
416 740 20
641 553 1
999 171 9
954 391 23
714 166 24
861 890 24
710 52 17
726 85 5
118 136 14
751 31 4
111 248 11
284 592 3
473 952 16
516 335 24
313 395 20
984 571 19
2 233 23
103 358 1
336 774 1
975 275 3
79 539 17
379 509 5
171 628 22
365 262 11
772 7 21
911 148 2
56 589 3
323 245 3
820 851 11
274 589 25
399 422 6
117 948 10
662 9 27
829 605 14
945 296 6
437 512
328 58
85 435
759 207
899 961
386 738
420 139
698 196
126 501
76 354
781 122
833 616
119 729
717 446
601 57
881 708
528 568
270 651
351 524
820 715
752 957
28 430
832 931
822 231
40 284
915 385
211 809
248 476
544 686
820 895
237 303
15 169
943 142
335 79
653 458
159 91
977 184
922 269
360 125
280 723
471 230
16 923
857 879
980 515
81 745
937 555
931 221
616 865
41 632
50 786
287 216
265 704
812 435
648 498
43 823
374 945
216 249
985 36
40 103
521 487
655 623
945 64
696 473
630 59
222 356
595 122
260 290
181 73
312 187
456 703
86 828
827 183
824 816
551 641
148 644
307 548
981 529
11 894
235 336
740 753
193 914
6 73
898 369
806 851
741 914
304 517
86 771
859 359
336 387
932 112
150 329
843 600
227 862
466 866
230 612
739 931
179 290
391 439
662 906
781 403
232 861
853 242
592 302
182 284
87 517
857 11
992 670
640 579
579 119
811 163
750 876
173 974
462 589
839 61
546 579
360 273
649 663
517 313
307 342
135 624
58 44
754 392
276 144
138 195
408 110
120 720
194 426
411 63
291 167
675 354
47 616
208 108
419 412
835 914
850 182
155 100
203 619
854 463
571 671
159 406
917 891
242 993
114 493
585 310
791 785
956 289
482 690
132 703
326 82
788 388
568 592
945 758
6 473
895 872
751 283
987 437
756 381
332 920
170 74
452 513
117 994
872 35
116 512
800 134
244 869
803 303
941 416
207 257
368 270
970 411
565 543
213 240
683 985
249 624
162 407
742 144
525 379
829 647
466 473
216 464
762 976
24 51
125 832
658 91
595 32
331 791
170 901
228 270
720 299
973 798
932 1000
706 945
320 576
918 35
476 927
552 27
154 572
566 441
997 36
155 501
550 746
451 854
875 532
142 2
401 242
643 824
676 61
885 472
787 792
979 334
559 614
157 952
462 394
132 530
224 829
693 465
115 584
245 765
379 421
489 341
420 74
396 929
618 396
619 526
603 530
114 475
39 34
380 355
306 140
379 24
377 922
817 788
771 951
993 337
223 508
662 362
263 391
183 689
188 338
580 469
548 565
885 740
411 701
253 199
162 865
926 361
314 394
694 280
128 804
118 875
282 412
118 963
366 71
509 756
766 237
437 958
798 417
854 510
182 659
645 126
290 159
56 421
438 207
129 5
537 632
773 120
76 906
39 139
589 169
155 489
763 990
921 724
207 376
796 577
821 837
845 878
824 348
227 331
628 537
971 866
753 115
739 472
152 101
846 82
667 777
573 541
989 423
230 378
264 864
101 107
207 892
82 667
921 8
439 725
330 770
204 203
880 967
465 997
485 629
455 725
845 996
991 559
835 97
581 794
667 47
719 208
716 295
325 118
882 593
431 969
133 257
272 878
606 641
796 316
419 781
617 492
454 135
719 527
518 401
1 287
51 519
83 39
83 852
866 877
234 746
614 14
820 121
486 563
795 470
221 834
92 868
217 541
560 365
716 801
569 696
797 467
138 111
737 631
943 176
98 172
846 870
137 643
713 5
960 299
506 641
228 199
523 905
95 173
705 150
565 750
345 847
543 437
296 76
931 621
37 547
78 5
6 505
705 989
923 456
623 442
368 578
816 91
345 88
13 72
912 255
262 367
312 490
533 835
853 316
113 183
746 806
359 856
504 622
333 940
870 817
578 896
981 567
478 270
935 152
409 339
218 936
967 42
212 800
262 645
675 216
256 553
846 949
935 218
935 470
750 165
422 724
725 150
666 91
40 646
669 215
481 228
440 585
259 715
595 277
722 732
311 594
334 502
799 187
470 876
651 52
51 368
464 112
336 819
451 523
441 873
514 184
475 575
514 326
70 514
712 978
64 283
630 885
702 234
604 377
641 774
75 194
924 574
209 432
836 837
557 2
339 242
401 560
540 354
716 344
26 545
630 449
762 508
296 259
872 625
713 406
230 433
557 780
710 634
365 850
266 8
134 733
657 14
47 462
393 511
535 821
287 829
875 974
597 880
51 938
696 733
618 296
560 746
998 61
909 130
258 621
275 235
399 524
722 834
80 77
366 328
368 101
756 391
752 738
585 905
736 934
532 795
14 640
778 915
339 639
544 395
138 634
6 92
575 186
689 181
6 320
537 780
717 52
618 546
190 373
838 980
975 715
684 561
413 85
71 240
770 659
499 385
833 519
355 367
602 113
12 764
586 825
924 14
315 366
338 385
7 277
99 753
660 744
275 27
724 739
121 989
97 140
936 326
139 999
42 307
41 307
795 134
922 418
509 655
936 289
570 511
544 878
398 594
493 66
581 753
261 204
576 945
161 202
831 568
756 781
979 994
763 726
30 522
877 921
557 892
887 27
863 745
645 290
717 602
706 934
997 932
992 98
121 572
179 103
962 673
674 737
769 280
158 393
124 365
361 557
478 185
691 228
672 777
315 458
88 273
987 919
307 627
980 840
799 561
687 829
308 718
30 151
329 535
414 987
447 178
302 225
472 411
61 12
604 376
373 455
785 526
257 323
764 144
587 26
772 898
799 297
699 617
200 400
461 267
552 485
536 927
580 616
794 104
911 794
205 532
582 537
507 767
297 368
810 505
921 16
553 313
94 89
660 961
713 938
880 665
790 466
319 168
550 45
651 200
393 625
241 949
838 175
8 871
60 182
247 613
367 99
286 506
557 488
220 546
686 648
809 474
849 241
936 6
856 980
181 700
437 330
875 335
861 37
578 524
641 679
409 764
817 307
49 432
424 365
666 1
895 633
423 409
399 106
4 466
350 761
792 237
774 508
67 19
723 690
277 532
299 616
466 157
295 790
382 165
468 983
78 563
326 130
448 366
658 710
170 796
12 806
751 383
214 773
190 867
974 773
698 320
767 618
263 848
4 884
44 975
817 748
931 211
907 289
891 281
665 481
618 760
794 955
525 540
49 756
965 721
476 777
19 594
91 431
68 661
397 298
752 221
388 861
929 86
553 848
53 593
284 989
373 957
72 75
964 999
849 576
385 802
336 336
756 30
776 811
391 994
232 179
808 570
289 718
944 56
262 589
461 148
746 934
625 167
781 595
654 525
879 624
674 429
392 490
468 665
125 601
694 316
202 726
947 635
383 118
966 689
660 653
844 317
514 936
150 22
786 540
456 183
325 355
833 8
950 6
626 80
112 57
173 256
37 451
887 415
578 67
704 258
26 825
819 149
116 415
458 910
619 250
845 23
98 434
246 33
389 244
404 385
22 777
1 3
766 627
447 728
184 8
181 709
572 959
289 299
998 87
662 963
515 15
585 557
492 392
587 844
855 886
467 419
605 26
458 160
502 554
903 429
384 825
57 606
164 649
418 832
10 209
394 662
295 118
949 730
707 156
62 411
946 993
74 86
370 280
481 378
589 929
454 739
21 354
231 670
378 469
306 41
38 635
363 537
840 982
262 701
28 103
186 814
551 908
918 540
358 646
680 303
89 256
394 501
909 452
492 854
482 648
878 979
231 279
255 371
177 959
121 373
345 965
864 300
506 459
812 720
71 576
941 626
676 369
796 922
234 309
985 622
721 641
285 56
395 612
779 389
227 280
749 656
152 829
232 687
941 846
604 627
623 179
839 531
693 286
324 847
301 65
716 998
138 232
50 854
424 297
34 483
573 161
883 742
134 303
396 906
817 835
720 842
219 45
75 200
554 427
622 571
599 836
29 536
910 341
241 287
742 118
621 172
144 202
198 568
176 97
208 717
238 881
246 58
469 724
842 801
435 146
898 610
790 741
346 187
301 337
126 780
324 831
15 129
601 709
169 100
962 697
122 508
464 253
173 611
215 604
642 458
78 165
172 75
941 844
110 388
458 321
752 581
588 305
452 229
355 695
981 41
600 351
301 670
18 625
420 195
504 49
177 272
165 426
595 728
761 478
603 459
553 679
805 922
912 455
414 177
234 721
999 17
452 46
926 947
129 887
995 625
342 795
108 971
447 380
101 694
532 383
328 573
846 365
538 854
652 77
54 1
837 719
142 72
240 602
223 631
41 204
388 121
733 84
950 520
356 100
877 728
341 739
673 367
788 106
500 366
582 12
349 949
715 964
90 365
104 310
916 164
834 652
671 2
206 535
143 856
398 835
511 972
648 467
393 266
191 945
550 352
576 728
625 725
625 310
97 163
953 100
557 660
654 701
551 331
27 470
391 961
778 737
644 947
831 708
423 450
363 775
159 35
839 916
925 290
949 918
166 20
498 724
888 573
231 335
467 366
743 630
188 250
305 599
559 568
447 679
473 703
112 208
617 335
484 858
167 512
503 900
921 720
832 915
484 650
399 762
187 707
483 96
323 118
65 746
181 971
794 404
874 192
339 391
926 15
865 742
455 6
390 734
71 999
177 842
969 427
356 662
397 835
90 263
106 539
197 463
311 152
509 131
185 10
251 500
897 472
356 980
892 294
845 284
551 311
884 108
412 30
566 138
284 983
278 920
955 104
231 286
121 988
