100 374 30
1 926 5
299 175 4
586 217 5
762 507 9
881 150 8
889 56 10
133 545 7
843 858 3
919 606 3
953 388 4
725 224 1
676 915 3
857 199 3
760 520 6
186 335 2
120 625 9
529 864 7
549 212 2
22 755 8
909 861 6
230 649 10
988 404 6
823 624 8
378 923 5
357 684 9
907 568 9
376 451 4
654 143 6
734 896 7
3 319 9
631 940 6
886 67 4
711 854 9
518 757 3
357 627 2
993 991 2
71 631 3
722 667 9
257 693 4
320 305 5
284 725 10
223 214 4
625 228 3
194 825 4
478 453 4
658 272 3
468 459 9
802 9 5
846 379 1
678 530 10
240 940 10
304 238 10
152 852 6
609 478 7
814 170 1
486 46 1
372 962 4
599 589 4
93 613 10
605 615 1
460 195 7
349 403 7
392 284 1
694 704 10
526 543 6
204 240 8
885 881 8
39 115 7
121 539 1
660 632 5
918 248 10
714 715 5
540 899 2
699 516 8
866 534 4
440 829 7
189 393 3
928 484 9
598 176 2
862 695 8
926 847 4
502 41 3
206 562 8
51 82 10
730 488 2
454 29 3
962 424 6
160 121 6
714 127 8
711 43 9
836 329 5
685 59 5
958 225 1
460 696 8
965 933 1
877 400 10
508 448 7
466 245 2
483 437 7
403 53 3
230 720
154 224
3 535
821 704
86 636
564 737
199 10
99 133
973 932
378 528
125 161
951 502
101 31
97 764
333 211
435 239
193 40
579 524
119 68
492 575
175 483
628 386
462 50
119 613
140 633
774 646
841 921
544 850
159 342
297 268
542 570
724 327
250 205
501 574
96 649
892 409
724 85
329 857
630 226
687 87
1000 226
585 956
861 596
49 60
735 626
620 48
490 553
505 218
972 159
547 323
503 861
971 29
456 78
540 408
92 833
277 725
134 574
926 147
474 551
87 51
881 132
714 329
488 41
559 833
924 63
321 184
313 268
381 391
231 437
169 87
903 496
559 823
739 608
284 566
61 619
82 752
678 986
596 119
20 261
392 655
753 889
554 419
513 902
340 123
275 555
127 663
675 572
156 815
128 67
592 6
312 819
537 180
7 384
528 489
172 931
534 515
635 471
44 620
151 851
1000 520
307 893
662 864
845 453
149 100
692 260
352 488
437 771
311 526
729 331
309 770
406 108
766 657
48 759
357 723
869 546
147 295
972 115
296 449
101 396
91 736
393 967
161 242
716 988
671 977
965 791
406 738
952 648
988 92
734 104
942 569
694 107
435 659
728 357
131 957
335 734
859 426
715 318
674 216
34 465
195 437
581 326
172 934
609 990
120 927
993 462
786 575
993 722
601 664
830 366
105 385
162 509
744 657
280 789
948 951
692 736
968 443
65 788
850 259
105 965
791 329
98 406
396 519
313 240
806 982
53 369
212 612
2 483
163 985
24 904
434 491
710 175
496 57
426 382
109 530
591 881
459 647
774 889
580 232
181 757
738 737
398 416
335 260
809 431
293 452
989 82
207 464
343 59
794 465
376 348
974 731
792 599
80 647
244 440
111 552
842 852
119 766
513 842
154 898
296 607
322 161
759 401
150 161
87 274
283 26
280 201
362 56
233 53
113 225
921 202
953 180
136 677
716 620
965 413
37 476
679 994
513 186
156 113
590 614
511 569
758 371
796 396
947 330
916 75
862 644
722 231
654 364
429 398
76 451
395 896
919 313
292 682
141 531
991 351
723 1000
564 913
119 582
71 844
765 385
877 986
77 91
38 64
711 614
111 628
1000 284
911 182
790 306
124 205
584 303
585 817
234 559
461 227
819 979
295 633
369 892
675 691
445 594
683 357
863 781
110 946
591 441
930 739
410 18
589 468
946 403
689 552
562 457
776 538
157 120
896 839
478 962
285 211
956 475
488 611
492 849
563 200
852 519
8 949
163 680
197 893
687 257
230 371
136 198
552 205
726 61
505 382
42 215
217 334
706 98
318 373
182 200
710 369
821 700
532 564
986 251
610 16
66 436
14 368
228 407
528 687
234 634
617 92
707 112
498 329
684 445
877 888
206 643
872 940
47 748
316 790
90 853
544 554
903 128
391 661
251 438
807 797
181 982
833 872
487 930
848 517
563 701
758 28
68 25
231 4
540 355
350 426
794 344
24 866
992 790
157 902
777 771
194 613
561 276
698 338
450 745
989 297
813 978
837 261
99 71
349 950
799 94
59 862
745 715
546 592
940 379
321 9
283 91
512 490
347 835
400 664
385 538
345 230
181 265
31 102
963 182
740 508
472 234
971 687
745 329
904 539
645 293
1 929
756 804
765 123
386 518
245 648
261 799
932 890
44 987
391 254
186 412
234 231
8 565
702 593
444 631
