60 927 30
3096 3707 29
1519 1389 9
4548 55 7
1503 971 16
2771 571 1
899 213 28
2950 975 17
3497 3736 9
2987 4345 27
4343 2959 15
174 37 13
4475 2627 8
116 3384 17
949 991 8
2671 506 8
232 4844 20
2007 3078 14
4562 2647 8
888 607 28
755 3616 22
4662 4625 28
974 3212 16
3009 2810 28
3822 3799 17
2169 3931 6
2617 158 13
3134 647 16
295 623 12
1627 1459 25
4744 4483 18
929 3029 28
1920 1451 4
2315 4883 23
1499 943 19
4161 610 27
2787 3279 17
2694 4019 20
2002 1695 4
636 3083 15
895 1231 12
125 3321 2
292 4147 1
3056 3884 16
3029 1326 23
4547 3314 18
1062 4688 1
4647 189 1
4953 470 8
785 4276 13
1969 4394 20
2851 3222 29
3032 715 5
4455 3332 25
3532 3620 5
713 4318 17
4129 4771 14
3564 627 25
4933 3684 14
945 3667 7
4321 1301 29
2721 2024
1120 878
2013 1778
524 2126
518 84
2752 70
2486 4312
3085 3116
712 4244
4584 2112
3708 1742
4044 2408
875 4287
2604 3675
315 3124
1253 4507
566 667
1138 264
4141 921
1655 3542
2864 2139
2815 3729
255 2694
43 1913
1621 4941
3732 721
569 4154
2747 4138
1411 3409
2549 3684
4162 2388
4228 3310
2359 353
4113 3191
2676 1833
645 2538
297 897
3707 4152
4871 4905
4705 2385
3757 4313
4065 3056
1898 1717
4317 2735
3938 2295
2947 2183
2358 3495
2489 4643
3510 766
3452 13
3186 316
3234 2110
1175 2254
3621 2601
3093 3732
805 435
1913 4332
825 1381
1076 4021
141 2130
3839 2489
4391 1642
893 3909
3771 787
1282 3036
1724 1712
3777 378
636 3635
2453 2838
1862 4938
1679 3154
1380 1774
3943 3910
3532 711
410 1565
1530 3373
4764 4063
1401 3290
691 4950
20 2928
1660 3861
1837 1253
3227 2188
2466 2647
794 1384
1763 501
3911 1266
1563 2126
3867 4667
859 2216
3851 2050
3038 1546
811 2303
3666 1177
1712 4374
3203 839
916 3290
1525 3731
557 4233
3493 3743
4953 1409
4253 943
2397 3786
1576 3272
2793 2654
715 1948
4614 772
3960 4432
1329 4116
4796 3682
1730 4892
3156 362
4494 1333
4914 2109
1164 4095
3695 960
4509 724
783 2306
4607 1926
4626 3557
3281 4717
1283 716
229 3740
3365 4765
605 4500
1156 1704
480 3879
3478 3503
4649 2486
909 4268
4930 3528
923 3370
2975 3541
4059 3235
3558 3703
2534 3836
2262 4673
3895 2884
2266 155
3213 4602
1199 3501
94 1494
945 3552
3783 1091
1124 990
2656 2612
3073 4453
2064 2331
437 4884
2187 771
309 1997
1641 4278
2505 1016
1144 4581
2980 863
4293 685
2461 7
4246 2782
4156 3965
2761 425
4477 3975
4752 4893
4427 14
3571 2986
3790 3295
1904 3750
3440 899
2829 3100
4269 4952
389 2281
4610 2684
3636 3046
4980 3795
4767 2892
3092 3557
2157 3562
1226 3470
2512 3934
2446 3879
1274 3090
985 2954
1427 2714
239 4251
1231 4334
1770 1567
1813 3092
1118 357
1693 1256
1028 1009
806 4086
2351 890
3324 3048
3604 4779
4382 3692
1600 1310
1168 2559
4395 1295
4510 4117
2654 1980
973 877
4475 148
3585 3849
1933 717
4598 2548
4219 2196
2079 1782
4641 1904
2686 51
1286 827
2905 433
910 4570
4010 4500
4689 2964
1644 3836
808 485
3293 3578
1793 498
2743 3508
186 2337
4580 4398
1230 2599
255 2295
4686 956
491 3370
3723 3604
4698 4442
1353 4110
1893 715
1456 4010
4300 787
4961 926
4716 3347
937 4502
3095 4355
2669 4573
1341 4737
2060 4643
3432 2493
4025 2562
533 563
1949 642
4563 4347
1496 3449
2806 1109
4288 3450
955 4486
331 3502
1267 4227
1284 857
1436 135
2571 3693
3422 4412
3807 4383
2946 137
2743 1137
311 4824
1207 2900
2723 3270
4912 3801
851 4317
537 320
4151 1133
2368 4505
2855 3857
1033 3722
2529 2032
4664 3048
876 4919
3617 949
2513 1575
870 3112
4806 774
114 1816
2953 4661
4951 3526
2903 1946
3134 404
2214 2688
2032 4950
4971 3131
1021 3578
892 938
1176 295
4907 4596
987 1657
164 2928
3659 1024
674 4008
591 3846
4184 4199
175 3569
1448 3279
2380 760
253 4163
1725 2069
1790 4312
338 4331
3635 3198
1108 153
2835 987
2265 1874
3281 2391
3613 1662
2009 1655
4584 147
3306 2260
2907 741
4042 1352
2680 513
2727 4867
1870 1862
4148 3640
1536 2107
4992 2687
171 3582
1835 2377
214 4098
2967 2305
3850 430
2802 2842
3499 926
4490 2213
1693 723
3873 1345
3133 2445
4086 767
80 4466
1617 2848
975 2267
2949 1920
1672 3794
4879 4276
884 4004
1811 1470
392 2417
3758 3131
2263 4197
4385 4753
3339 866
3703 2446
773 2479
460 694
3284 1876
296 985
4530 4521
4043 608
4959 1346
2547 4846
2625 3339
1631 3455
2131 941
1616 3593
1914 522
1581 3612
1469 4777
3711 1494
4825 3270
3470 1624
3685 2286
2978 3270
1835 3870
4501 785
716 37
574 637
2621 1516
4618 4516
1273 3004
1072 4315
1863 572
2239 3854
3571 1374
816 464
1348 1098
4227 264
3009 4615
1823 3096
1257 2694
237 1898
2659 3029
3935 3084
900 3392
4354 238
2295 4830
3496 2892
2983 2423
1592 4745
4405 3152
662 4051
3141 159
3549 845
3934 2187
1748 1928
4525 3447
2431 1559
3939 1084
3947 1904
2606 4921
443 2877
1593 1439
2904 2733
1655 4667
3206 2792
4672 865
1820 3784
1853 883
559 3772
2701 2476
184 4204
3237 1647
4413 1691
2041 588
2182 4144
4874 645
3317 1391
272 287
2255 287
3808 1259
1801 3403
2959 311
2874 3692
2324 1748
1085 4646
164 595
4181 4186
1632 1036
3982 367
2387 4907
1265 4660
3244 2931
223 2364
4010 3107
1666 2134
1902 1048
1919 4101
470 839
2852 2139
131 1151
4834 3688
1612 1487
1347 1506
3513 419
4847 510
3518 1362
2885 3359
4590 4530
934 1241
75 3327
3334 1899
1602 3393
1303 3459
4113 4757
745 4458
4370 3948
2421 3789
1489 2601
2409 474
1880 1099
1524 3878
1771 3090
4154 411
4315 4201
4193 1186
3510 4321
2155 2986
3841 4800
228 4676
3631 1532
2631 4765
4257 4065
4391 1611
2613 525
4032 498
4375 1320
960 2884
709 4776
4861 2952
2210 3881
2631 238
4086 467
1250 2436
3041 3177
3004 2768
1752 2503
1505 4523
2480 2806
1063 1176
426 3554
2656 22
2459 1377
2586 3066
4645 3342
2127 4106
11 1827
2707 4650
1042 2871
4072 4508
3630 3252
2328 4751
1696 898
2166 3767
1558 1579
4705 1108
944 4069
1457 3405
1696 1762
20 4383
2326 2532
2540 2911
3511 3470
1418 3868
1774 4755
1954 4233
1377 4361
3716 2410
4390 4576
2303 3449
3317 3002
1405 799
289 2996
133 3066
2124 3989
28 2986
1463 3360
4105 481
2658 3867
4499 3840
3285 2395
1888 640
4051 3969
3081 267
1587 4378
1268 2683
1139 1319
4663 1532
2022 3061
2157 2302
1326 3260
1580 1820
4512 3860
3304 2147
4919 759
3206 2941
276 3362
829 4654
1901 2576
537 4519
689 4875
1514 4150
2704 3989
1575 3631
3621 4293
2442 1320
236 3674
183 3763
4113 1040
2201 3680
826 4477
1186 3653
1904 3688
1437 775
1648 4876
2543 461
3647 1799
425 2896
3805 130
769 4745
395 2675
1207 3108
2161 1954
207 3071
3002 3066
1390 558
997 2479
889 109
2803 4499
3426 4161
4521 383
763 268
2801 952
4386 3282
4631 2756
2412 700
1658 1148
516 715
569 1393
1854 3925
5 393
4768 4130
4787 4622
954 1593
3537 3371
4689 2241
4480 1697
2762 2194
1179 2131
3443 907
2905 4234
4778 1345
2765 3774
4686 2304
3876 4489
455 3274
1059 4008
4597 1494
4351 3099
3941 873
4834 2020
2385 3379
1753 903
4101 3202
891 705
1159 1515
1980 3912
1711 514
2565 1644
1818 4371
1070 3382
2531 3393
4587 2047
1724 1901
4142 4611
2117 3553
88 4810
2133 4914
4761 2845
594 2199
1524 480
1240 2885
3956 2381
3393 1219
4511 4765
1587 4074
4808 4486
1981 4366
128 1472
599 3226
213 3476
974 115
4157 2474
3651 820
1478 1105
4417 2237
287 1526
3140 1801
3010 4614
1285 1957
3629 1580
811 2567
914 2439
1248 2807
2558 2945
2533 3714
4685 4373
4506 2015
4700 4608
4989 4359
4448 1667
502 3842
1219 2797
2260 4907
78 3708
873 1329
1807 75
1774 3166
4105 1608
3060 3341
1219 245
1842 2732
1589 3638
4753 4574
1731 1824
1359 224
1331 4696
490 875
4217 1367
654 4063
2929 2224
4725 2414
2786 4539
620 2844
1549 969
3597 405
1488 1994
282 617
1845 2251
2066 4792
3755 4374
1686 4820
2638 1773
2372 1583
4956 1116
1823 3193
4061 1163
2422 666
4367 334
4866 241
4631 164
2086 3830
3178 3811
207 4835
3190 2024
2413 1940
4987 152
2877 1187
4552 3444
313 3125
3049 3854
1003 1223
4589 4196
2867 2855
1966 2261
1417 910
835 1533
4738 1242
4739 521
3739 1675
4445 1992
1939 3350
610 733
2116 3694
3704 1715
3168 3745
2734 4164
2455 3921
1550 295
1307 3288
4426 1502
3799 4077
1674 1987
2285 1672
3806 1396
3493 21
3804 2540
1122 3720
1446 1500
4289 2084
3884 3846
3060 78
480 2825
1712 3481
3922 2842
4702 3023
1908 2512
912 4780
1212 4527
2644 2694
374 471
4011 1392
2435 3330
4287 4404
1141 2801
4909 2620
4769 4097
2438 3857
2909 3927
3452 3626
3789 294
3842 3240
880 4651
3800 951
1017 4700
2496 361
1094 1927
883 4417
3246 897
528 495
1404 4428
2652 3279
2900 4208
1821 2677
2976 3552
3462 4189
3132 4818
1268 2292
3405 3262
3034 1403
1119 4346
113 2958
1862 245
4493 4403
1057 2252
2331 1197
3149 1786
117 2944
4976 4495
1911 4295
2278 2749
2549 4015
2886 326
2680 2033
1566 2816
3076 192
2754 1705
4978 908
1135 461
4108 1796
3706 973
3517 319
4906 2815
2203 2846
3980 2723
2766 2408
3859 4045
3185 2243
4041 3953
4501 1562
3816 1521
2511 178
23 2118
2541 1904
1301 4652
4889 2225
3303 4987
1637 2838
4175 2308
3696 1782
2603 1235
3058 4286
2135 4640
2149 3712
4011 3897
1175 2013
1062 3423
2572 1144
1855 873
4809 2768
238 3865
2249 1257
1189 4673
1288 1206
3675 373
2571 1309
2185 3313
1769 669
1623 741
2028 1793
1629 226
4408 3741
938 4432
2780 3561
2343 745
4207 1599
3288 2198
1298 3865
718 1499
4081 4161
1872 3938
664 3518
3159 4272
2313 1277
3508 3215
562 704
4836 604
4539 132
2141 1008
1793 1424
1886 432
3923 4063
4473 1037
2662 2946
142 2417
3344 2285
779 3480
1373 1704
1713 3366
2885 4791
3700 4189
4760 3131
881 3411
4841 2976
973 11
4947 3187
2817 4864
1424 3419
3491 4010
651 1313
1161 4123
423 3479
630 3690
255 4068
934 2260
3843 2752
824 4583
4232 4451
4306 4374
3291 4341
1348 2588
1041 2127
2585 1270
2933 686
1353 4378
3565 1859
3996 2234
1336 1569
4863 405
3456 3972
2054 4863
158 4816
1737 3380
1412 2175
858 3218
270 2189
467 434
3137 4876
1875 3658
4396 2466
4491 2631
1733 2737
1862 3493
4337 454
2813 3217
116 3040
4302 4422
4444 2558
198 4865
403 4412
403 2772
2570 4778
3300 2813
2995 3697
3482 4454
3637 3325
781 4259
3099 2839
3680 3487
1120 489
1536 2560
