10 102 30
128 119 8
207 74 20
334 189 22
92 371 22
46 435 6
194 423 3
397 129 23
207 487 11
273 141 29
443 64 8
441 64
254 480
50 159
73 195
301 477
80 323
190 491
479 211
330 154
218 329
286 240
379 368
12 378
354 170
90 427
71 262
450 71
157 145
228 199
335 390
194 70
294 123
443 178
86 259
55 108
335 98
400 272
100 341
314 25
163 411
284 274
449 22
66 184
493 358
372 155
481 214
331 56
188 70
412 235
121 68
28 326
163 355
42 18
399 456
90 141
378 304
221 364
191 215
46 437
427 448
351 281
172 286
425 110
160 80
326 314
416 356
178 134
167 475
12 242
432 98
249 328
15 119
404 343
138 144
107 219
401 131
178 343
308 125
460 233
267 242
284 450
66 178
376 39
400 308
354 221
146 208
420 309
302 289
162 168
154 96
399 125
29 23
348 395
218 186
39 12
120 83
305 309
74 397
88 354
269 395
37 238
100 249
426 333
5 492
312 412
115 258
378 275
178 218
463 219
361 147
124 252
128 374
