130 1248 30
757 782 2
584 318 30
773 555 3
176 319 8
436 874 19
669 86 29
145 123 7
703 568 21
865 826 1
197 549 22
149 522 15
700 744 4
315 134 2
226 437 29
732 66 22
109 822 11
856 900 12
941 310 16
917 380 25
578 449 5
154 786 21
190 589 5
114 264 8
424 269 28
112 836 22
840 61 2
566 840 6
770 569 15
283 482 3
184 351 10
922 740 20
151 821 11
425 669 28
856 15 10
694 450 13
348 585 29
726 578 4
113 124 3
363 96 5
552 951 15
540 656 22
720 168 3
871 702 30
453 568 14
992 830 15
418 94 17
674 33 17
286 110 9
404 285 22
854 591 6
637 507 27
249 233 30
328 752 15
895 43 16
310 623 26
539 39 14
636 420 16
758 369 13
974 331 21
388 530 21
744 405 11
403 499 17
874 565 6
167 277 13
138 888 26
897 312 2
944 69 21
307 736 1
923 381 12
33 907 27
333 684 27
743 571 15
82 270 26
493 750 18
147 24 2
167 888 9
683 49 2
462 186 2
312 465 18
9 702 9
773 867 15
828 796 2
538 684 6
478 434 24
331 113 20
932 114 15
403 955 3
32 116 15
536 137 20
731 415 24
608 318 20
308 579 20
926 41 14
482 550 11
643 839 27
350 348 9
964 139 1
303 246 14
593 416 1
952 401 12
762 755 28
78 438 2
368 247 2
137 594 7
952 956 23
69 540 5
717 153 2
1 711 23
625 983 7
578 537 15
128 921 1
599 111 19
573 277 10
332 482 27
177 503 30
443 293 13
330 610 4
625 224 26
853 452 19
226 579 24
918 833 15
344 52 6
952 409 20
239 137 27
433 959 18
684 333 6
817 586 21
158 883 19
166 344 1
913 640 17
168 308
94 361
43 699
94 641
648 808
640 876
530 152
286 32
629 166
173 433
124 863
122 902
234 874
843 477
44 112
668 464
856 453
127 579
12 560
852 78
743 902
688 785
275 183
636 382
374 549
90 456
177 762
944 772
706 625
768 486
187 244
308 366
71 958
930 878
197 504
34 618
68 309
413 745
783 186
304 348
625 449
306 460
761 440
717 512
350 13
441 81
418 888
846 933
898 618
555 748
680 694
509 560
974 444
354 50
428 448
574 219
630 366
689 426
980 665
240 647
580 101
868 450
247 24
666 997
187 921
146 665
39 67
23 609
170 841
472 730
964 192
34 645
27 950
310 288
534 278
597 197
208 692
369 314
61 292
872 753
861 838
452 58
228 818
120 438
553 631
550 604
844 680
895 241
81 113
238 106
837 193
990 507
627 369
140 812
230 69
429 361
385 297
776 174
986 32
457 102
864 179
922 811
593 172
859 52
579 403
273 670
46 679
294 757
522 446
685 971
240 462
580 128
265 940
919 703
715 54
746 104
775 828
645 685
68 116
5 159
895 387
247 294
512 204
742 84
57 757
775 448
969 647
111 691
43 33
281 894
516 325
390 749
42 475
105 283
630 450
778 986
387 696
935 546
443 709
283 713
478 180
120 833
27 990
680 970
441 124
654 797
63 696
134 127
215 152
331 348
433 411
411 429
373 670
360 226
373 295
7 116
472 576
637 713
186 963
809 410
641 928
731 846
547 975
250 651
231 656
166 962
861 663
477 489
835 551
235 77
372 372
212 651
925 834
961 168
972 28
968 223
316 530
292 638
785 465
275 255
729 322
136 383
847 700
192 561
325 937
828 608
863 526
947 371
335 370
273 523
317 301
274 250
374 664
162 149
195 985
327 481
898 216
132 981
267 985
598 910
366 129
405 986
556 944
606 918
330 668
63 551
832 145
455 583
557 802
535 824
890 885
706 584
432 979
510 912
14 859
560 458
121 674
894 198
950 593
654 673
230 866
173 60
701 88
90 352
855 414
254 408
927 655
275 885
64 719
693 497
504 726
73 4
240 309
799 8
382 895
186 362
296 173
638 722
501 200
779 389
17 945
165 692
670 485
370 191
307 495
675 894
345 698
226 313
94 658
184 396
205 206
625 148
550 359
132 365
275 765
133 21
651 990
647 632
917 164
216 144
149 595
369 469
435 700
989 597
287 746
803 728
300 189
682 436
586 17
756 631
375 17
58 638
665 749
274 586
419 190
55 548
679 302
482 737
640 922
496 368
764 770
35 403
519 221
208 779
924 83
998 211
992 240
924 530
516 311
596 15
504 526
540 999
564 702
84 301
696 127
651 157
192 873
882 896
872 114
606 802
681 478
815 335
99 942
621 807
360 612
102 219
169 746
885 520
300 737
477 674
147 920
779 779
715 775
668 201
448 243
360 918
204 545
610 558
637 985
780 602
893 51
715 319
813 212
476 166
717 280
335 207
489 150
750 779
353 237
335 673
699 921
290 436
78 221
838 514
704 676
500 838
842 410
724 358
911 791
601 640
732 24
409 192
168 805
698 708
854 474
535 171
911 404
836 190
431 265
988 605
476 841
370 473
48 194
781 310
651 562
206 428
570 346
311 676
948 80
100 679
157 641
849 844
728 420
101 841
969 780
952 184
31 738
877 988
753 143
553 986
744 91
78 427
101 991
642 634
557 665
355 274
220 807
413 479
749 64
814 915
700 118
713 578
86 387
235 294
162 426
842 354
101 235
262 6
236 944
784 359
123 734
681 749
984 445
614 689
237 91
349 69
478 729
556 137
563 243
898 795
649 841
95 573
981 860
698 287
14 236
87 299
614 850
928 828
513 849
339 879
836 386
161 215
998 159
703 246
848 904
73 752
183 947
669 268
545 857
618 11
337 556
97 845
496 60
270 200
896 111
339 952
931 890
587 228
39 118
550 318
519 3
575 70
888 314
574 158
681 454
997 71
440 488
440 122
457 28
448 851
208 923
196 287
183 465
596 262
259 201
695 984
766 649
430 81
388 752
744 688
776 979
572 373
710 694
531 343
703 384
5 365
10 330
590 804
670 665
287 534
301 127
698 919
308 987
736 149
323 23
579 107
332 360
138 385
807 782
179 702
80 353
681 460
474 186
710 828
322 369
419 62
445 878
151 282
894 808
749 860
192 10
953 851
222 88
586 935
99 52
537 643
76 36
474 627
209 352
536 27
36 835
995 26
483 905
677 946
667 740
874 202
594 182
782 211
731 977
737 48
907 146
793 283
346 230
964 668
241 222
50 633
861 121
420 171
958 46
275 501
523 430
350 724
911 381
449 608
472 605
774 827
358 378
114 180
922 812
902 446
788 123
785 292
767 509
186 551
151 850
447 168
825 450
9 661
96 737
957 226
579 406
528 296
396 545
227 714
462 149
63 809
5 482
109 86
158 418
531 19
56 303
242 214
788 275
234 474
642 688
39 225
305 722
342 892
952 862
632 454
11 575
895 202
484 406
945 260
693 720
215 454
536 456
517 311
884 332
388 548
402 523
562 914
488 811
919 129
933 79
469 132
712 762
692 816
799 716
849 491
746 407
461 238
917 100
741 873
752 477
17 986
577 10
481 920
350 135
896 562
951 914
368 468
998 411
297 482
369 650
500 425
770 711
767 479
278 835
684 497
225 831
888 176
282 591
258 620
417 819
170 284
266 123
842 108
945 520
494 194
991 349
144 304
220 100
936 523
987 427
259 928
314 442
741 890
973 538
37 74
829 149
245 837
35 426
582 857
220 90
620 742
570 97
994 771
367 941
836 434
936 932
582 320
677 959
950 583
868 739
631 904
162 826
501 293
983 915
426 322
127 288
998 876
492 950
867 362
175 828
436 14
163 459
975 817
660 539
902 625
16 115
565 727
794 93
201 864
917 872
53 240
280 875
533 135
839 340
256 708
494 979
931 742
386 536
499 288
740 977
858 208
710 7
384 858
875 66
624 934
970 458
895 290
163 735
387 985
64 257
946 547
949 557
968 796
431 243
358 626
229 348
446 793
360 72
446 514
66 340
954 424
700 451
947 397
505 83
191 142
806 642
252 903
30 217
558 83
501 366
515 977
715 582
811 822
209 558
240 169
776 461
448 382
167 459
304 141
510 320
267 379
286 899
194 474
956 340
663 77
68 153
514 862
768 653
954 792
993 526
670 954
448 892
902 700
605 173
733 469
358 566
243 11
464 79
797 924
122 595
445 225
800 328
52 10
453 297
329 591
104 564
351 806
909 832
789 405
726 639
941 629
915 35
174 404
985 861
83 516
545 365
394 566
123 370
57 411
907 152
974 663
634 253
130 552
918 135
49 270
469 707
628 421
595 450
815 317
611 95
303 148
425 931
863 197
54 350
119 513
604 508
403 265
634 275
930 124
876 869
93 266
987 587
790 363
486 619
808 776
939 834
244 737
846 64
828 980
167 364
206 669
366 571
798 995
613 516
403 977
597 472
185 752
602 649
906 708
45 170
303 957
273 336
899 910
596 393
852 885
236 592
194 126
343 461
293 671
766 694
934 534
834 582
519 737
146 804
740 222
847 66
16 79
284 286
761 901
763 544
839 864
919 645
477 843
26 311
659 159
85 217
144 528
833 126
861 589
675 670
115 963
573 237
132 725
306 125
131 655
356 636
288 482
226 389
497 639
998 81
388 310
189 233
361 203
606 154
48 239
673 546
448 135
374 31
947 611
548 696
712 987
314 990
215 775
985 176
301 279
457 420
519 407
54 272
4 783
112 340
453 40
268 309
626 946
601 420
410 185
450 499
901 192
192 388
210 986
18 505
998 494
269 147
534 905
560 536
729 771
294 862
962 260
679 43
261 12
151 719
91 208
137 699
452 719
686 392
436 719
763 923
76 88
319 702
762 462
927 451
667 887
784 603
148 432
648 740
46 431
930 995
266 681
446 840
871 142
364 160
330 95
438 320
164 167
264 414
608 466
250 391
215 220
60 899
166 118
957 175
825 803
94 133
418 802
294 891
124 364
928 519
599 999
209 574
577 907
144 973
433 450
912 313
781 504
991 637
882 855
969 132
632 208
312 478
941 335
631 258
711 787
527 622
594 34
665 804
561 361
447 176
861 209
208 472
820 240
920 310
240 240
383 858
333 470
753 21
840 196
951 416
7 492
200 303
507 203
731 974
932 501
818 97
901 748
193 966
131 229
81 969
447 700
44 165
661 253
619 527
892 794
65 689
864 284
132 816
811 278
694 790
36 212
77 119
394 63
523 99
385 602
20 380
971 656
552 489
552 917
591 374
540 56
905 884
254 335
19 279
961 79
622 354
182 517
534 156
752 510
326 79
737 79
338 300
570 807
162 760
99 270
268 913
219 885
564 805
247 233
386 338
679 572
988 704
80 465
50 220
109 311
150 61
811 841
397 155
535 55
158 227
857 667
400 384
280 123
714 184
186 436
899 629
464 817
497 326
438 715
701 262
713 632
165 317
388 613
491 862
88 618
810 991
834 287
162 259
11 552
248 589
607 744
935 897
85 135
7 722
371 752
211 364
331 161
934 937
447 216
110 677
306 456
703 314
584 451
563 369
628 456
149 766
925 153
416 50
326 673
685 649
939 83
441 283
794 710
171 459
864 757
155 323
382 401
35 476
680 265
783 170
866 510
386 617
72 52
186 372
282 322
361 442
994 855
51 218
321 840
592 29
666 579
996 260
320 59
818 27
320 65
663 565
556 689
994 427
312 560
221 456
808 66
716 946
912 974
293 80
294 145
1000 728
385 962
667 945
101 173
832 432
749 320
211 547
984 205
824 403
844 153
520 333
427 765
235 239
673 37
439 425
763 660
717 23
910 862
332 987
862 913
267 292
476 27
801 120
815 142
668 116
781 668
227 260
710 646
54 398
42 411
783 117
276 697
57 368
977 190
903 396
748 555
400 103
519 203
469 592
763 216
721 187
975 435
968 493
832 351
953 755
649 102
188 859
429 817
140 344
80 459
559 563
922 532
479 892
595 382
614 278
447 882
285 789
853 849
805 36
387 618
650 531
210 417
463 955
765 339
692 28
163 641
738 243
927 650
989 838
188 225
480 525
957 99
334 788
914 771
639 291
91 345
648 843
192 212
279 712
609 252
476 277
142 643
880 295
113 951
913 517
337 937
983 760
609 220
509 614
254 759
493 623
865 497
918 207
353 108
341 728
254 860
313 724
118 771
695 448
201 878
746 455
479 135
512 177
21 688
455 809
722 803
759 681
55 688
368 733
36 854
820 69
991 272
591 641
738 534
54 43
862 539
610 119
613 467
125 201
245 712
551 363
865 144
274 412
30 717
204 389
270 633
720 66
73 217
16 62
949 76
172 815
653 159
150 648
734 884
258 81
450 458
674 968
498 687
230 234
505 733
602 54
776 411
365 86
7 148
820 799
476 979
626 16
534 590
34 851
606 549
661 138
649 760
211 289
983 256
389 98
423 283
722 303
502 748
562 856
94 921
209 353
123 6
977 289
371 21
696 548
471 982
689 47
77 225
444 151
217 155
260 532
544 611
88 944
837 81
160 985
98 998
566 30
676 717
828 38
20 228
909 135
789 544
300 875
111 203
343 374
669 456
16 944
286 251
189 459
815 635
438 654
427 212
