100 1098 30
136 193 9
219 466 8
329 411 14
261 232 21
255 489 3
445 48 29
358 116 29
86 8 22
474 165 7
59 322 21
329 57 28
434 486 16
33 253 29
249 11 20
278 424 6
403 393 5
490 244 2
385 61 10
52 409 3
414 30 28
459 332 12
69 433 13
452 63 3
1 72 25
470 315 25
54 331 19
404 46 16
499 429 19
262 452 10
97 39 30
86 128 27
96 332 19
351 247 30
345 497 25
244 312 17
147 55 6
29 110 20
139 268 25
366 191 18
42 125 27
230 48 17
70 424 10
491 287 15
218 66 8
251 364 24
235 6 16
28 19 4
246 475 3
303 89 10
443 408 5
77 466 13
332 322 29
472 321 18
471 196 28
451 400 23
381 347 27
197 92 16
53 450 11
71 147 3
422 121 29
381 316 26
498 407 6
76 228 19
490 148 3
400 491 17
304 392 14
122 408 26
153 476 19
83 346 24
425 117 27
47 73 7
138 468 20
412 23 12
412 122 22
218 125 12
300 9 23
2 364 16
159 236 18
309 192 21
226 27 3
463 264 13
411 193 20
51 412 14
146 2 17
367 447 8
306 495 9
297 155 17
202 12 18
462 223 2
185 180 19
363 149 17
409 424 22
442 436 2
295 462 22
21 95 20
102 362 11
144 288 29
368 134 4
80 12 13
341 70 28
387 149
61 82
120 154
139 243
458 407
95 296
460 448
297 402
474 491
133 494
293 469
184 224
23 82
482 254
135 399
430 88
497 49
440 49
174 73
151 113
332 37
103 290
177 335
349 444
76 248
86 379
319 67
385 103
301 116
224 337
424 121
347 464
127 453
480 402
127 319
2 407
237 98
223 138
246 371
265 456
136 133
255 165
462 51
208 180
439 98
29 53
400 380
13 435
283 336
479 67
473 105
379 470
441 111
228 342
343 168
321 467
326 261
277 459
182 13
494 397
271 493
77 331
297 104
181 349
469 89
427 397
455 39
453 108
225 284
147 324
27 479
303 296
208 386
34 480
89 114
378 57
457 193
51 52
250 421
10 216
261 119
13 322
200 73
426 207
366 77
462 27
430 233
205 30
423 322
235 219
444 377
284 79
412 272
182 281
183 37
139 402
200 231
126 67
60 494
302 357
385 281
54 312
69 382
115 423
70 348
137 308
332 329
451 123
303 475
23 410
273 301
167 411
54 436
243 466
442 466
496 496
137 227
209 304
257 58
445 154
24 371
95 484
84 481
80 167
302 175
304 432
14 159
251 287
28 233
96 351
314 458
158 21
433 76
380 222
258 129
484 333
66 291
166 485
360 54
278 69
48 41
385 137
407 335
364 135
335 299
97 325
343 38
254 109
469 161
320 260
19 155
389 303
297 77
197 27
150 294
177 430
486 322
368 317
401 296
274 388
480 328
142 109
410 422
248 452
487 20
495 69
404 203
221 322
126 434
333 175
168 266
39 145
81 389
368 491
74 382
205 373
487 203
80 315
91 36
160 80
263 257
367 355
235 301
45 23
2 495
316 2
378 340
131 96
302 376
112 91
292 355
280 159
309 178
344 349
401 245
348 466
310 274
48 137
370 280
259 40
387 186
241 62
476 135
447 410
224 230
272 362
461 123
30 288
392 182
476 465
329 60
192 291
477 35
186 189
42 36
279 70
92 329
420 440
495 429
428 252
7 400
498 319
45 365
306 353
462 214
299 496
53 129
151 62
47 29
14 319
468 185
159 306
61 71
221 51
16 177
341 475
68 31
111 30
382 391
248 14
238 311
259 390
126 156
335 28
235 127
437 200
400 453
96 221
308 126
390 407
285 183
451 88
384 207
144 455
320 216
85 390
140 216
235 59
243 293
300 317
396 115
97 142
492 460
4 377
44 271
434 460
295 372
201 172
108 71
172 166
369 23
214 179
462 61
461 319
124 274
229 260
356 211
256 498
248 13
424 379
146 162
329 174
314 308
388 463
282 337
280 472
205 181
475 127
38 343
284 238
214 452
353 122
67 466
406 162
123 456
241 24
440 119
250 202
79 414
362 303
177 374
433 194
123 274
263 171
295 90
411 35
160 356
168 281
304 137
451 320
80 179
275 178
250 424
268 216
393 392
365 15
373 288
188 256
206 33
202 194
309 323
390 5
444 46
373 369
53 494
210 295
464 149
79 34
269 183
486 160
436 399
109 203
344 3
151 417
405 276
54 177
45 178
25 444
35 367
383 431
349 274
143 167
51 475
335 82
98 400
148 338
433 476
403 97
298 394
396 71
462 330
137 203
256 92
340 486
128 272
115 23
219 148
244 86
370 391
389 108
496 366
450 355
255 78
323 172
428 495
257 439
410 439
11 269
459 136
406 390
445 346
214 35
307 99
327 128
429 108
405 385
263 183
200 317
51 111
30 424
357 433
474 145
222 390
319 266
429 324
261 386
347 465
469 80
372 428
318 260
68 366
327 315
261 177
307 256
185 373
24 367
232 89
449 395
169 343
172 141
14 199
468 148
374 14
208 234
34 156
221 97
389 237
53 380
494 423
479 273
442 409
51 480
46 488
93 31
364 197
12 471
244 301
162 95
254 29
436 488
261 49
235 344
155 150
373 484
186 410
447 169
188 151
237 18
386 99
451 473
470 45
393 152
147 448
402 417
384 493
303 279
287 482
159 295
389 356
443 82
475 408
77 490
256 478
278 280
180 178
406 188
226 400
327 429
251 132
416 432
205 161
112 44
106 395
18 374
289 225
279 381
296 121
49 441
395 7
120 34
284 193
98 189
268 73
318 128
335 296
84 231
123 84
220 333
88 2
329 44
174 347
231 199
322 303
263 276
208 22
243 468
225 124
478 186
472 156
455 194
84 160
400 290
173 479
177 73
367 466
66 175
398 126
173 381
7 381
340 36
424 66
328 343
417 82
460 329
8 149
61 49
477 424
410 359
282 189
178 178
113 261
67 192
401 230
249 163
166 7
179 472
40 100
350 475
15 26
470 360
243 275
288 485
247 115
303 214
258 153
258 396
182 274
355 347
433 246
264 262
271 444
444 227
415 125
345 429
229 217
103 473
103 170
77 38
368 365
44 93
491 467
346 393
269 106
152 15
247 135
371 417
227 182
103 403
351 352
352 445
160 221
200 480
459 42
278 189
199 145
72 15
90 196
184 296
355 315
445 343
5 453
150 133
313 179
474 138
329 75
245 218
323 115
263 75
234 154
19 116
493 158
459 305
480 230
338 314
14 112
201 282
143 393
289 224
205 278
68 174
478 254
353 360
419 482
86 229
311 252
242 410
199 416
404 465
212 150
261 307
279 320
416 332
204 190
39 140
59 94
185 66
215 422
295 469
30 477
263 352
80 201
117 381
106 79
87 183
223 303
52 20
341 328
253 441
333 209
85 305
394 254
235 199
496 137
460 231
392 160
8 190
360 210
108 99
263 399
237 83
79 297
477 351
271 205
230 345
194 206
52 188
139 306
137 470
421 280
259 269
352 300
135 299
413 350
370 366
498 78
425 20
436 183
149 233
207 129
349 201
442 285
9 132
338 119
478 253
409 52
452 198
94 353
115 63
36 158
55 105
380 458
182 11
157 196
222 117
244 444
190 94
277 260
28 200
456 484
114 421
219 260
28 226
473 425
269 36
217 459
338 22
339 458
283 213
162 432
296 308
9 484
391 332
42 447
474 153
278 181
248 379
237 41
183 440
407 488
21 368
403 46
118 389
184 40
407 401
471 348
280 215
464 268
317 139
414 431
251 362
80 224
11 247
460 20
399 212
375 117
361 407
483 468
313 205
282 183
452 272
103 344
80 19
185 250
274 2
62 80
377 42
205 132
129 76
55 94
386 18
151 345
167 370
163 363
256 32
478 78
152 16
179 299
186 493
174 211
223 126
253 268
134 135
207 3
190 242
43 367
228 324
127 417
22 402
123 275
263 8
259 339
432 326
441 70
227 467
339 12
222 259
315 113
243 413
148 75
226 371
373 322
160 220
146 247
281 107
112 293
410 17
83 489
69 215
91 199
361 352
26 392
249 252
114 30
297 255
86 171
422 1
59 325
490 299
442 398
248 58
373 411
21 243
75 348
293 392
427 261
71 230
334 41
372 408
247 483
358 366
66 63
108 55
222 385
376 179
465 122
346 322
153 72
410 458
322 226
253 401
373 135
382 361
178 54
11 299
369 330
120 19
143 424
269 315
492 497
4 19
80 407
351 131
202 244
194 130
367 433
297 152
448 389
94 217
89 145
189 396
299 209
118 180
260 457
200 133
184 395
429 17
489 332
98 286
432 11
443 237
60 354
354 238
382 201
363 436
223 287
81 482
449 496
39 244
124 494
262 35
495 73
309 242
14 214
192 372
35 202
143 378
282 25
300 153
207 427
201 130
298 34
264 289
213 428
225 273
79 298
324 40
47 159
419 205
7 185
288 328
216 184
15 2
260 376
156 282
153 427
494 296
433 334
327 322
163 309
208 32
265 242
93 199
382 446
469 211
460 370
495 63
258 210
366 246
399 364
177 272
66 164
454 485
278 62
412 10
237 16
129 305
39 204
408 452
54 447
62 312
402 398
176 404
61 398
436 302
240 164
35 455
379 393
397 95
146 279
112 321
276 363
131 372
28 406
261 93
478 80
318 216
480 472
107 402
465 312
168 52
471 394
126 251
457 139
111 471
98 465
28 332
466 274
283 227
465 350
71 169
403 442
457 154
172 53
457 391
301 394
491 409
402 224
486 298
496 10
381 156
448 451
69 330
411 401
463 287
384 414
111 366
16 441
11 81
59 79
141 314
2 293
474 160
477 373
432 267
70 305
288 14
489 119
325 421
474 387
74 67
402 122
276 141
170 162
240 281
387 263
380 259
449 463
230 285
239 139
481 347
111 68
460 54
285 486
3 410
407 158
490 158
445 370
199 168
490 366
275 478
355 72
2 61
385 462
390 83
93 428
256 17
265 223
379 137
479 71
391 191
485 87
67 10
28 388
410 255
81 353
224 406
299 167
250 161
323 439
495 110
141 8
19 111
309 414
226 247
176 334
229 468
76 349
353 467
292 453
373 377
178 450
299 397
432 36
142 4
384 433
356 22
11 315
280 172
132 166
100 28
476 128
169 354
329 59
319 270
183 55
446 414
87 153
96 74
392 294
463 67
376 299
230 112
127 424
32 278
240 82
418 348
14 166
191 8
481 266
497 477
340 15
40 369
348 118
55 345
390 162
417 385
116 349
327 237
384 218
448 207
237 193
18 79
110 163
263 76
453 209
319 359
447 233
104 466
431 446
396 257
189 223
261 47
396 106
18 403
357 495
496 181
279 66
327 200
147 456
71 402
206 469
79 343
383 47
106 232
60 132
320 302
429 82
256 406
441 133
190 40
261 355
482 109
55 373
128 47
9 327
100 188
349 31
389 360
108 298
11 375
319 208
174 129
445 366
51 310
468 239
356 377
286 454
178 114
45 181
241 139
417 345
122 308
72 167
178 16
20 136
21 40
36 412
399 361
288 399
4 42
289 408
478 30
105 388
121 398
105 234
299 19
211 315
143 128
346 28
482 129
392 2
439 339
13 447
126 184
214 466
126 471
206 422
332 189
455 258
341 56
318 199
333 369
259 376
158 367
140 92
99 415
48 102
396 146
