80 164 5
719 529 5
993 115 3
901 192 5
585 951 1
822 964 3
878 904 1
177 598 2
999 856 3
245 415 5
469 362 5
907 116 1
846 270 2
894 993 3
45 432 5
330 967 1
15 735 3
945 578 4
226 605 3
632 604 2
711 732 3
309 994 5
883 447 4
181 287 5
538 36 1
760 650 1
145 587 2
594 78 5
787 42 3
937 917 4
608 815 4
897 161 4
568 247 2
638 31 1
117 951 1
224 488 3
311 916 1
594 588 2
231 270 2
485 631 5
494 293 5
995 3 1
405 150 5
344 802 1
854 831 3
429 151 4
296 763 4
301 19 1
6 94 1
199 429 4
750 674 5
170 255 5
205 306 3
715 36 4
113 934 4
860 445 4
93 269 5
166 68 5
53 922 2
314 804 2
901 838 1
128 255 5
592 625 5
99 778 2
13 715 3
448 786 4
722 58 3
427 662 2
225 416 1
568 615 5
516 962 1
19 671 4
316 648 3
159 506 1
655 251 2
498 723 3
634 802 4
628 671 3
666 560 3
117 331 3
621 449 3
544 166
396 126
834 259
352 790
482 783
538 462
643 328
925 223
701 337
551 346
941 396
258 974
228 867
212 599
699 566
4 889
572 689
798 776
31 795
434 973
862 559
903 680
324 604
282 337
12 763
349 895
936 871
562 179
567 822
979 624
508 64
71 899
15 923
202 266
626 265
155 346
890 166
96 173
921 782
58 556
911 172
208 708
911 186
58 521
41 19
81 372
328 185
426 561
975 226
86 360
345 153
712 852
442 372
121 847
202 53
550 379
960 446
509 665
227 457
363 145
90 471
642 500
729 767
486 896
33 957
250 33
256 281
257 532
30 342
842 623
124 851
376 804
750 43
630 200
571 757
536 908
361 930
984 101
457 325
352 447
366 560
341 792
163 537
815 72
55 454
730 50
847 227
131 685
259 741
220 993
996 732
220 150
873 364
224 293
840 464
98 283
895 957
433 667
496 705
733 645
970 853
874 601
390 485
676 938
257 318
27 213
491 931
696 815
476 229
568 646
651 621
601 987
642 302
701 658
88 453
738 41
427 469
998 187
176 672
756 306
175 231
813 44
790 491
169 540
199 692
47 738
212 705
732 484
200 985
125 138
559 8
597 519
14 343
478 666
631 317
221 720
543 909
929 541
217 835
815 380
885 169
595 606
788 285
88 22
696 875
64 860
848 89
153 266
406 557
475 974
601 71
934 632
22 11
44 28
807 975
650 320
413 409
497 907
59 233
948 257
352 142
404 128
884 137
74 774
