120 1228 30
92 38 1
395 318 17
181 200 13
404 311 3
309 325 9
381 282 1
137 365 2
203 445 12
425 41 19
401 262 6
76 283 30
70 84 26
130 63 15
376 453 10
40 230 11
363 482 24
248 12 18
168 431 28
102 182 17
453 241 12
206 72 19
320 165 29
474 327 8
318 368 12
256 243 27
478 159 7
422 16 4
104 461 22
369 130 28
447 471 5
296 318 16
64 113 28
138 414 20
409 417 3
418 289 26
276 442 5
293 254 16
105 140 6
211 46 30
87 487 6
163 63 29
193 84 22
366 233 9
473 426 23
260 445 29
362 478 5
161 198 9
218 291 2
202 321 13
287 294 15
265 74 6
237 13 28
137 166 3
97 386 28
14 266 10
104 166 5
96 423 7
176 207 28
176 426 29
47 223 7
20 464 30
281 148 22
309 279 19
321 212 9
192 429 5
135 52 7
466 95 3
131 344 28
90 72 4
101 322 25
383 420 19
83 235 26
494 304 8
265 273 28
90 186 13
224 266 29
156 243 23
110 400 13
408 328 3
405 277 27
374 316 15
77 456 2
283 482 21
59 254 21
449 41 5
157 384 25
251 238 27
20 84 11
12 272 20
471 76 28
223 173 6
163 54 7
244 39 14
201 476 8
159 442 28
121 199 20
433 86 29
253 382 4
362 221 3
182 128 27
429 59 29
275 320 11
452 229 1
444 453 12
328 468 20
148 183 15
69 377 16
277 366 28
136 90 2
95 295 22
348 131 5
40 216 8
412 253 10
395 290 5
155 276 21
63 261 23
415 16 22
56 475 2
41 300 25
355 468 2
46 437
242 226
391 160
162 378
493 214
404 143
339 178
193 428
259 370
122 130
244 75
490 143
415 399
460 157
492 229
411 235
336 288
378 172
23 280
47 365
424 206
136 403
333 349
63 161
428 158
21 88
70 423
451 351
22 334
320 448
223 69
204 411
221 437
171 328
254 378
453 11
95 3
209 300
388 441
266 436
388 361
372 144
125 139
450 246
204 467
163 238
149 261
34 43
401 63
440 91
188 218
499 40
210 1
213 182
91 413
347 478
246 469
215 437
118 132
242 81
500 475
384 162
220 209
211 326
173 279
279 391
17 95
458 20
148 432
56 467
55 344
219 355
143 33
475 95
75 108
187 443
65 373
491 333
468 5
31 91
295 70
427 429
127 355
5 303
431 372
472 411
419 308
356 53
389 385
409 48
105 267
323 282
74 306
137 217
51 357
109 32
171 271
387 46
252 359
159 367
276 474
414 116
155 118
23 88
281 205
8 359
290 236
143 435
144 419
192 86
304 2
440 58
93 410
466 175
229 408
231 405
263 417
134 192
52 291
236 318
396 333
269 405
421 27
453 438
103 192
79 176
489 348
111 117
342 327
157 412
233 280
144 296
30 266
400 230
146 391
489 404
319 400
100 363
344 213
45 95
445 40
132 138
28 347
377 266
106 339
477 355
186 288
232 123
313 447
351 107
196 354
137 3
99 24
236 60
210 96
449 177
407 450
359 224
492 446
232 40
101 318
204 283
420 245
236 411
102 201
265 38
440 374
360 102
169 307
51 129
93 204
231 229
164 57
486 102
274 356
291 338
471 482
178 495
4 240
135 97
204 248
324 405
186 446
363 163
77 428
454 59
431 158
177 446
324 94
207 177
301 132
254 351
92 282
263 410
323 134
334 340
100 457
301 427
453 130
30 96
462 38
464 244
156 407
61 4
172 330
237 344
116 290
86 195
111 238
290 364
119 356
100 64
497 178
90 17
33 429
1 216
309 31
332 464
402 402
360 489
450 406
261 257
156 360
106 491
400 322
315 367
318 7
203 195
462 45
422 148
389 476
219 297
349 118
25 183
472 374
483 367
333 310
489 372
172 399
392 134
213 192
85 190
119 269
53 143
131 62
36 81
447 369
432 213
108 270
83 486
326 180
327 96
315 103
392 433
60 356
215 53
119 155
99 180
189 473
179 430
417 48
140 31
59 48
171 249
246 392
32 393
387 80
2 321
289 390
405 188
162 245
363 476
416 28
24 409
4 363
259 46
106 122
454 465
223 415
101 266
481 49
162 82
446 352
63 97
14 42
35 94
321 21
95 353
84 71
409 69
363 374
12 97
112 93
91 480
219 115
304 433
350 166
457 191
347 106
1 457
162 264
368 323
89 436
469 375
180 181
183 221
239 130
346 360
132 127
291 69
82 124
128 485
96 410
351 433
218 204
106 221
142 494
309 454
447 195
276 143
190 363
273 377
233 208
22 110
73 497
367 223
403 475
436 52
283 414
233 474
450 39
492 307
255 199
322 487
165 316
387 425
241 294
373 344
207 361
186 58
330 344
391 288
437 69
158 13
302 330
168 155
284 393
425 51
423 231
326 81
356 224
400 16
498 229
386 250
493 456
469 93
440 155
119 119
101 242
367 439
24 241
167 107
339 456
37 300
396 110
257 33
367 39
364 82
181 424
120 149
131 373
67 495
241 133
220 189
110 456
21 303
89 202
203 77
197 84
394 270
294 234
41 43
429 392
53 204
484 477
414 454
195 15
373 6
414 81
384 380
225 78
331 111
110 316
123 483
257 274
363 491
109 499
277 12
343 370
318 446
380 54
363 404
419 293
312 135
106 63
203 39
1 287
417 263
26 429
28 300
196 65
201 323
29 54
462 81
92 104
427 126
409 165
339 337
372 72
219 133
385 77
306 302
264 142
369 329
302 165
489 482
138 381
322 255
431 127
239 186
125 341
188 246
367 96
219 25
115 408
364 97
401 205
345 204
105 336
172 171
461 3
448 4
378 249
404 147
342 431
368 403
393 8
393 243
127 272
385 441
147 132
152 220
299 167
198 389
129 246
140 153
125 202
486 356
354 172
196 124
85 365
234 97
39 88
161 190
212 171
229 474
27 113
70 40
341 420
238 54
377 366
61 97
252 414
258 6
363 106
321 267
28 310
30 50
465 236
176 41
12 38
204 121
471 42
181 463
264 280
481 66
65 110
423 258
241 397
100 341
250 298
312 494
463 165
355 4
337 53
290 216
177 3
48 328
239 228
316 197
107 454
181 56
444 14
264 118
332 334
400 332
495 76
111 241
116 335
327 32
170 16
316 444
252 325
165 494
460 71
51 365
19 138
77 74
478 157
203 184
86 250
49 125
128 153
297 339
384 465
437 63
211 389
116 103
9 227
404 155
383 391
169 461
162 138
369 285
167 387
289 29
103 321
372 397
65 419
83 352
334 230
283 11
373 104
385 108
175 409
353 265
385 240
132 326
292 253
467 483
382 491
441 346
442 20
320 486
212 169
126 306
465 344
408 24
375 474
467 181
485 183
465 130
413 171
430 26
429 304
452 178
87 137
15 239
314 297
41 401
26 316
224 104
347 301
246 24
77 1
6 232
476 208
262 144
83 415
103 379
295 360
279 459
365 443
277 248
347 280
229 299
426 56
244 226
338 374
20 344
190 252
1 272
163 459
389 3
44 362
47 56
106 224
33 247
381 461
233 106
65 1
290 351
358 232
459 452
45 441
418 13
321 337
41 163
356 192
420 442
422 188
196 272
237 87
172 101
239 235
324 428
356 171
192 101
342 472
347 2
464 291
353 99
376 4
241 404
295 148
131 350
3 183
358 403
391 32
371 13
462 302
474 94
30 106
5 239
133 345
203 253
37 71
48 43
289 291
183 480
319 128
331 287
267 118
223 407
322 337
60 181
283 280
155 395
335 131
467 94
437 335
380 311
285 2
109 362
24 29
335 99
301 221
283 314
229 147
151 71
230 429
379 465
259 51
83 155
222 374
295 46
152 159
202 353
97 222
199 129
255 321
2 345
440 239
106 119
43 341
391 17
334 424
216 398
160 71
234 318
431 116
345 200
459 473
425 383
102 291
60 480
287 329
56 333
481 335
477 412
30 478
71 326
175 192
281 432
137 316
479 79
298 460
322 439
80 328
433 39
325 354
299 6
17 491
419 330
364 134
261 189
31 496
294 136
147 344
446 173
87 449
491 490
446 411
454 104
391 248
278 143
426 184
499 360
488 402
295 311
221 163
231 466
4 12
295 213
264 233
29 324
360 267
138 259
21 399
477 149
410 336
370 130
377 214
454 181
327 166
116 395
462 402
437 471
255 148
260 414
432 304
23 364
329 198
292 310
339 404
137 346
110 58
458 28
352 425
204 347
405 58
223 336
412 105
424 178
325 463
335 183
247 208
331 488
40 415
231 400
96 335
117 413
470 84
156 409
448 492
489 146
264 18
238 269
84 295
199 313
284 23
366 488
94 366
162 52
120 270
52 59
429 206
428 454
243 184
156 226
48 123
432 67
391 442
216 327
150 373
295 59
133 351
451 428
142 332
49 353
202 422
161 435
127 277
328 385
379 12
271 142
443 39
166 41
212 290
112 203
54 254
255 423
385 350
226 103
290 221
25 405
82 134
208 249
4 1
420 256
64 291
82 341
500 116
249 333
110 468
442 18
46 364
257 12
44 58
143 254
180 346
409 458
492 206
281 271
415 167
357 355
184 23
463 33
207 413
401 269
114 356
347 303
26 116
282 353
334 396
421 392
492 441
485 418
261 238
119 62
404 362
5 325
110 143
112 30
177 363
317 433
154 329
427 356
20 486
143 115
304 312
494 422
72 49
256 34
61 163
214 490
61 144
283 78
282 154
236 458
395 62
239 69
441 107
23 211
267 149
210 307
436 159
486 136
464 174
21 342
262 406
410 34
167 217
380 217
38 323
244 208
371 454
38 369
207 492
190 391
496 279
97 166
38 445
81 80
127 189
447 285
337 211
100 70
455 387
294 360
491 496
131 220
390 95
371 218
64 495
305 20
166 253
369 48
234 144
322 96
477 320
126 112
194 441
24 468
114 73
352 183
351 95
271 248
224 227
3 5
379 352
203 164
252 11
84 249
243 294
472 126
224 111
136 237
369 484
346 225
257 134
436 336
302 206
379 353
112 401
391 440
193 33
488 65
398 4
52 356
241 13
424 467
316 188
26 336
64 133
82 142
284 232
45 26
194 43
100 76
180 463
60 377
117 268
166 249
56 171
435 269
291 248
362 5
444 261
404 207
156 84
358 14
36 277
73 155
495 382
131 148
140 134
178 142
448 296
493 207
442 31
66 299
212 270
90 36
496 297
229 132
114 296
264 244
26 282
237 413
421 316
275 406
396 66
39 114
322 459
122 33
118 26
192 147
413 26
342 366
156 42
395 362
261 283
238 57
336 442
352 481
386 91
323 494
239 64
308 18
312 248
334 461
153 163
152 358
93 304
301 19
29 332
24 288
166 492
448 304
455 168
229 18
225 251
199 153
451 80
363 417
81 139
459 368
258 188
248 4
441 335
18 76
368 136
216 425
310 64
101 62
465 28
306 148
313 294
31 64
284 220
121 422
188 117
402 398
301 3
198 18
397 484
99 64
44 354
14 205
466 143
443 271
94 468
162 143
87 9
324 4
7 382
227 318
335 143
136 61
185 22
344 53
478 266
308 362
448 40
37 99
235 115
253 78
114 38
274 329
451 354
110 37
455 385
401 79
140 63
470 126
192 99
126 275
70 438
393 153
445 27
26 328
485 39
234 190
400 110
191 65
349 135
204 82
9 441
374 167
146 202
475 173
406 166
85 414
37 481
62 262
232 20
231 72
305 257
147 448
407 368
271 498
272 295
145 66
274 381
85 160
228 245
65 36
97 477
493 387
418 330
273 445
35 21
458 193
73 81
63 29
205 119
409 104
61 178
297 487
218 409
95 53
472 43
165 119
302 276
388 167
3 178
373 3
17 226
451 113
479 324
260 285
76 322
465 197
213 263
271 444
230 405
428 318
275 346
304 337
359 258
414 439
191 211
292 354
452 299
187 233
121 213
95 241
465 469
83 425
127 223
196 231
356 200
476 76
149 215
105 64
479 237
291 341
254 465
74 75
409 163
272 366
267 364
144 261
401 419
427 56
295 167
269 463
229 63
117 230
296 102
212 4
20 43
379 234
335 353
350 464
285 20
132 41
456 40
161 74
271 356
302 419
399 5
167 362
466 166
406 145
30 265
425 221
286 140
423 470
163 477
267 404
256 98
328 488
258 136
291 264
219 281
439 303
230 130
97 404
51 393
137 220
284 367
17 391
490 100
430 143
133 395
320 67
166 148
71 344
290 194
177 224
395 164
166 103
313 345
162 490
282 308
233 258
464 398
429 43
360 417
95 421
149 322
259 5
70 77
210 195
119 197
383 375
183 496
325 471
266 227
329 322
102 177
233 148
92 380
416 115
14 439
212 410
406 239
22 198
224 137
330 281
133 209
69 98
459 160
195 391
259 77
327 184
