110 226 5
659 556 2
327 436 3
25 427 5
275 22 3
504 298 5
166 511 2
363 365 3
23 302 3
876 468 4
487 57 2
843 382 4
118 14 5
248 188 1
746 369 5
623 774 2
962 86 4
872 779 2
692 951 5
69 809 3
262 84 2
884 439 1
881 653 2
608 619 5
979 890 2
100 235 4
715 327 4
394 404 1
873 560 5
856 353 1
363 870 4
733 73 3
87 275 4
909 135 1
827 283 4
425 958 3
102 82 2
826 867 1
810 50 2
89 542 5
897 47 3
499 565 4
377 158 4
237 931 3
232 921 5
947 779 4
118 58 4
641 631 1
329 981 4
857 66 4
2 598 4
21 882 3
833 873 4
112 501 4
830 278 5
119 250 5
288 225 4
554 569 3
377 21 2
717 799 5
919 409 4
247 913 3
767 552 4
808 890 4
756 326 4
807 914 3
890 50 2
976 456 1
458 970 1
966 645 1
598 94 5
84 144 4
66 495 3
255 699 2
107 995 4
533 727 5
324 660 1
751 519 4
165 595 1
568 363 1
227 958 3
939 873 1
877 646 2
734 429 4
575 749 3
435 105 1
48 858 1
278 604 3
420 339 3
200 981 3
181 606 5
857 999 2
936 555 2
706 509 2
494 315 3
209 516 3
762 361 1
889 378 2
994 664 4
919 664 3
564 5 4
322 132 2
426 197 3
290 12 4
593 530 5
782 40 4
564 207 3
77 33 3
790 497 2
74 923 2
698 288 4
704 665
427 693
797 820
124 207
863 231
434 157
983 187
180 766
591 446
156 262
251 376
538 475
90 701
842 375
937 339
911 895
839 68
602 533
825 137
83 236
511 153
308 179
505 37
318 223
819 734
571 83
320 130
660 479
613 249
325 116
78 23
380 158
424 61
603 674
773 695
333 23
472 325
216 155
482 375
966 974
943 690
893 896
388 310
943 471
220 960
123 738
710 790
357 383
772 665
856 59
572 638
222 927
267 770
924 109
191 226
32 46
367 552
404 927
798 100
142 200
782 982
830 552
771 746
887 912
864 955
433 862
884 237
374 373
884 700
417 502
467 327
84 350
75 685
704 262
908 926
830 687
662 182
64 594
887 858
919 269
874 420
352 787
207 756
140 904
765 296
39 236
692 608
886 309
206 980
751 723
521 330
162 61
652 925
164 792
203 617
173 125
407 833
317 554
525 870
785 749
937 920
275 641
832 514
425 433
615 276
211 104
341 878
51 421
641 78
517 705
85 787
919 174
640 302
829 284
395 487
268 614
775 153
170 929
745 189
858 998
912 357
631 128
984 339
88 61
333 4
4 12
194 785
360 981
922 531
818 778
572 693
827 526
280 286
470 685
818 809
121 103
112 116
354 16
631 19
399 243
404 639
505 43
345 266
435 658
245 42
455 289
413 78
471 790
17 846
747 367
690 443
125 326
858 105
76 797
436 364
515 761
629 991
798 85
791 377
22 133
340 630
969 14
292 453
593 782
491 923
547 105
331 931
322 470
647 740
114 314
133 977
943 449
387 277
852 126
799 545
878 300
482 894
294 409
58 326
285 52
571 1
808 220
52 782
345 210
955 146
25 449
891 807
305 451
730 699
933 855
227 158
263 44
914 682
245 780
749 501
308 509
636 812
991 473
700 615
242 289
812 904
3 80
534 867
15 4
337 570
300 954
399 945
386 684
629 766
711 135
478 676
24 115
284 20
591 145
91 716
728 798
164 191
926 669
557 956
707 846
530 813
527 240
127 842
569 460
459 566
826 45
