140 1434 30
1379 3087 19
4788 1849 10
3166 4620 17
205 1681 17
1842 304 23
4649 1312 6
2260 1626 9
1588 4676 16
444 3765 12
1567 648 24
1107 4531 19
2380 2276 6
4568 918 18
454 3665 19
3006 4896 15
4460 2677 11
4238 3190 23
3280 603 6
3436 651 2
4778 2826 25
3426 4081 8
3004 1744 21
2667 1126 8
422 463 3
2276 1868 24
803 133 26
3159 1708 7
1333 518 1
11 4615 22
3285 4159 2
2358 1796 25
4727 2758 15
4457 1906 30
1573 4602 29
646 1023 10
414 3674 18
2470 650 13
3147 1331 28
3505 4215 10
2095 1594 19
4829 3646 15
3182 990 4
2834 3511 8
1534 3976 13
4745 2285 28
1508 4345 12
4565 4328 20
2967 1023 24
4552 3724 9
2898 3860 22
986 259 13
4712 1415 26
2948 2767 17
3961 3211 3
207 2270 20
3161 536 23
846 2611 8
1371 2542 23
1204 2433 18
4138 3682 25
3048 1770 30
203 4298 19
2131 1184 16
175 2002 24
4314 4323 13
3982 1438 4
3161 2076 1
1621 4349 7
1687 108 3
3701 1734 25
3335 2255 27
2269 1174 11
3228 4058 13
2608 31 24
2937 4249 29
1593 2485 2
3607 797 18
4060 2192 13
1015 889 27
4970 1793 11
4487 1309 17
1606 2615 27
2314 2630 18
1879 3081 30
1443 2755 20
4518 2861 7
2613 3721 19
4311 3297 6
2899 205 9
2791 1508 27
1648 3636 25
3604 835 5
969 2183 7
302 505 28
3835 1166 5
4572 2279 30
2688 4044 22
1476 1933 30
325 275 6
3187 3063 12
2420 3551 27
1397 2669 1
1064 1626 13
750 4472 2
3394 4741 16
1313 2979 4
4605 1615 12
2838 1069 20
2269 1378 29
4723 3345 29
3369 3713 21
3765 264 7
1709 1307 8
1222 4716 27
2081 2192 5
3591 4933 19
4383 3937 26
4209 1872 6
2652 2308 6
147 1297 17
1621 4982 13
2661 4506 6
1454 4107 11
1498 4117 26
2157 4796 4
4773 1542 2
2368 3857 20
293 2038 26
3828 2172 1
1796 2127 17
886 909 20
2863 1682 4
325 3904 1
3604 2808 14
3179 1532 14
1123 1370 15
2154 1909 2
2817 3153 10
1820 2313 17
2162 4435 16
3846 2980
1927 1711
4371 2320
2613 907
342 1779
4558 1594
2154 3862
2657 3609
4094 2971
3339 4048
3530 3714
3278 2980
1162 3843
4784 4865
1653 3169
3904 1942
4136 2865
2861 2392
3322 3951
1124 3722
4211 4376
3588 1994
1153 4088
4027 3283
2595 231
2390 4822
2485 2032
4912 3969
1259 3251
70 3600
3352 1739
274 3049
770 604
2979 4296
565 2550
3710 539
3077 2041
3319 4440
3454 719
3201 2036
3643 982
1441 2049
3054 1347
4739 1678
599 4144
2558 1282
2064 456
4328 1641
1921 947
1207 2473
3991 2119
2081 2273
720 146
3837 3982
4911 2725
133 999
781 4082
1870 320
4259 4582
3362 2214
4670 2692
3976 4631
509 2735
1186 1491
2800 963
2459 297
4759 3265
1997 2419
1788 1709
3146 4969
4958 4677
150 1170
4157 2837
3963 1260
3412 162
1714 1896
4318 1387
2959 1138
3257 31
1941 4103
380 2561
332 2504
2167 2048
445 1764
1716 3553
3208 4119
1132 1243
2197 4422
741 791
2993 2965
1235 3787
167 4351
4966 4476
329 968
502 1390
4319 779
3048 2837
2144 2431
4182 769
2326 2587
2078 4364
592 907
2972 4316
1515 3539
3014 4640
1636 128
1026 1697
3202 4507
3284 2203
932 2224
1480 4199
2894 3267
3874 2646
1494 2171
4732 1908
2621 3109
2074 741
4446 4442
4170 29
4525 1724
1852 2586
4483 4400
763 637
3315 4324
2252 3828
385 767
3532 147
2905 3527
1339 2111
145 1857
97 1913
3665 132
2463 2555
3619 3127
3103 4950
1652 3706
3425 1553
3632 1623
3044 926
1994 3963
3385 1473
3536 965
3678 4297
2479 3213
760 306
1425 4516
2572 3094
3930 4267
1 541
3724 802
1710 1645
2203 3286
540 492
2535 3599
196 1976
3926 115
3926 509
28 1505
2557 948
2988 4390
874 1794
1069 446
4329 1323
2516 2352
1534 4149
1393 2872
502 431
1266 1913
802 4087
4154 4661
162 4135
2274 2261
3949 3488
3317 4906
551 4887
4932 3213
2583 3833
2171 4342
4790 2972
2801 3010
2564 1627
4046 1073
1430 781
416 4336
761 511
4091 1545
4669 2630
2114 1243
1364 800
4613 1526
4912 1354
1187 2721
3994 2867
1667 195
4361 4930
1961 1799
335 138
4751 1766
103 597
1795 3613
4274 797
4879 117
2330 100
1213 324
3335 1930
860 460
3013 11
334 984
537 4516
3200 3414
2835 563
3752 306
3706 2531
98 4806
2290 4198
1673 145
3963 2017
4134 4251
2014 1627
800 4091
4062 3663
560 1964
730 2802
3168 2876
4454 772
1946 2017
2720 2334
320 649
4472 3248
2291 4600
2491 1849
2162 2181
1415 3678
80 2852
505 3047
118 1068
3899 3497
2924 4470
242 3121
734 3344
2814 4134
1576 1213
3542 4196
698 2547
4768 4261
4643 2250
684 2410
1574 3542
2446 3404
928 2515
1335 4194
905 2987
4465 206
3908 91
2623 1392
4105 2766
2241 2364
2720 4481
2637 64
563 4084
2869 2213
4733 690
591 1368
3513 1989
2836 3889
1619 76
3810 3744
4562 2783
424 3856
2727 1992
1653 199
3964 3557
781 10
617 3599
1570 3655
2835 2628
3699 3209
499 2888
279 465
1905 83
4801 3463
3510 2705
2098 723
922 1906
1831 4328
1838 4669
80 1756
655 1841
1794 1270
2474 4265
571 4151
2413 398
1326 1838
2130 4962
2971 3111
3986 4994
18 2968
3298 4476
1786 283
4885 383
4598 4100
2689 4336
1320 2208
1633 4138
2569 3429
4644 2323
2181 2757
2906 1646
2874 4433
419 1121
3909 2264
4503 3437
3875 4967
2682 4476
2327 1324
4713 3619
4307 840
3194 3418
3271 1694
4814 414
320 2473
284 1202
1628 1151
1153 3375
4233 3005
4393 4412
2233 2080
2424 1341
4362 357
2128 632
3065 1595
2298 3276
3389 912
391 2171
69 4128
3812 140
1661 1124
869 4622
4930 623
2324 208
4955 1805
1692 4889
507 531
1293 1293
4539 2838
860 4101
3344 183
1290 718
364 3967
561 4743
4958 3558
4513 4691
3868 227
4457 4643
1169 1140
4366 2338
911 2494
2455 1081
3049 1448
4578 1442
1115 4481
4867 2195
1246 3815
3530 2537
758 4019
771 1547
242 2251
4803 3074
4546 4791
3907 2954
2107 3524
182 1865
3221 454
74 2844
4681 3425
974 1514
3644 614
3748 1332
209 2759
4076 27
3700 1811
1414 1794
1277 4226
2006 4451
584 2254
3495 4067
1536 4462
920 291
72 2437
1506 391
1763 2957
3185 3873
418 790
2489 4740
1074 3941
1557 1956
1003 569
1962 1418
3439 4100
1375 275
4244 1678
3977 2037
1611 3595
1470 2387
4770 933
2466 3800
1233 841
4533 729
1217 4868
4573 4012
1354 4204
3676 1565
218 4943
1426 3942
2224 4010
4210 557
488 4908
2851 1085
1947 3911
4059 3369
4311 384
4855 4512
4697 2890
935 2540
4236 4534
2312 4492
810 2390
3030 3300
4866 3898
2041 1784
660 1893
3431 861
2107 1979
75 2463
1136 1990
2473 596
1475 3129
432 2466
3429 2783
393 3597
2269 1404
4444 3813
4963 2103
2521 574
199 4363
965 3917
2493 2129
3585 2276
4257 2973
4843 1645
1978 3590
959 1674
2554 1567
1774 448
4988 1070
26 2334
553 697
3602 902
4140 4850
3635 2884
1506 1817
1754 4816
3503 1213
348 3988
155 2057
1273 3619
3360 714
3768 3890
1872 404
2522 1449
1252 1958
3457 398
4338 3652
2892 2227
2868 3059
1544 4110
4539 476
1826 870
1571 1798
2441 898
2457 1521
3192 3217
718 3198
2615 742
3040 2315
1577 1800
723 1377
1667 2193
3124 3847
2404 4962
2858 4585
3129 1397
2899 1303
2815 4336
781 4321
3178 812
2065 2943
96 1853
2266 1868
742 4238
2301 1476
3356 304
1243 4005
3176 830
2214 3153
2992 4358
4765 3789
4296 3329
2142 2838
2958 2792
2641 3484
3651 2398
4762 2457
2773 1621
2106 2454
892 4217
4943 1327
2102 3377
1480 3629
2240 1823
2973 3620
190 852
4166 1913
4234 4970
2258 432
2640 3816
1172 276
2148 3711
2144 352
3446 2037
3177 3770
3431 1415
1125 3037
1002 4453
4926 416
1008 2602
3149 2408
567 3660
4342 1797
2356 4768
4344 3765
3465 3808
4819 4133
2910 1366
1356 1320
2648 2075
3902 4926
3370 2772
1470 4825
2622 4614
1619 551
531 4435
1908 225
721 4194
3270 2186
524 3515
3291 4364
4644 2619
3620 2381
1988 4116
2482 2655
2682 1374
3947 1553
4928 2464
3419 1773
1603 1507
1681 1019
2936 1365
2572 1515
4442 1480
4030 717
1460 2017
3182 3809
1670 3770
369 417
2240 1881
860 3189
2792 1244
1037 4292
4652 2183
4534 2713
4160 312
4286 2550
4437 1360
119 2504
1377 4065
2517 3080
4388 3931
1586 926
4610 2892
2834 1436
4842 4887
3027 2295
1742 3652
2536 3629
3416 1803
1375 4894
1300 2624
1404 1103
1908 3985
2817 3659
2471 2471
685 582
1690 2315
1227 2758
3067 4539
2964 4760
1741 4965
1322 921
3658 4564
145 3189
579 29
3611 1604
904 2636
1323 994
2775 3941
2392 603
4492 2459
1796 178
2519 1099
2835 2864
4696 1022
1480 2719
2445 2351
2297 3307
4816 3195
3497 1801
1202 1063
611 2745
1584 574
754 4600
3622 4076
3837 3444
4328 2654
1697 3481
4643 4985
4893 3297
4777 1593
2748 2527
2483 3085
4568 4162
1555 1045
1478 2238
2234 4945
4781 2435
1519 2385
314 4527
4755 697
2611 2723
1744 3895
3373 1078
4459 2421
2330 996
1392 1141
1029 652
3427 2684
4020 2053
2282 4607
2874 2238
846 206
2985 4151
4623 4546
3417 140
1646 1678
4362 2376
3484 4162
4583 4569
78 1556
972 1053
833 2072
1918 305
1254 4105
4776 3765
1526 233
4975 1615
1244 283
4027 2434
3691 250
3849 1449
1344 4153
432 2343
2881 1445
2813 1556
3828 2125
1587 1585
4628 4693
1623 1151
2608 2796
343 4136
4070 4633
1372 754
1179 3475
2766 4167
1425 1742
2476 3913
1993 3348
2024 3719
3430 3793
1917 4920
3053 4804
878 1212
4635 4279
4276 3949
936 628
733 4103
2949 2924
2131 4540
2914 1770
826 3901
1084 1499
3366 3921
4640 1810
481 3075
4584 4186
3305 415
3232 920
3196 3779
1685 4954
1499 4067
513 958
1873 4166
2013 3831
2140 2753
4040 644
4986 2475
3179 4160
2758 128
1747 2081
2551 2347
4308 2148
3324 4055
1295 3522
3518 4635
1634 3063
2991 546
3874 4796
2802 425
4358 744
1074 2022
2782 2643
2262 1926
1484 4390
4571 3617
1692 631
243 335
1289 2620
3877 3507
2812 4529
4548 1302
4940 1000
1873 1875
1223 135
2495 3173
3706 4532
3441 769
554 1480
4127 1562
3552 1418
3871 2139
2177 3840
2818 4690
3916 628
437 1859
1593 2347
3445 1649
602 24
1502 4001
550 3556
1416 2515
1689 4730
3433 4255
2291 4767
4334 4554
1727 2984
4220 1977
1069 575
4729 3441
536 2138
930 3100
2180 3290
2712 1571
3439 4754
64 1896
2745 434
1711 3587
4939 40
3855 618
4098 3290
2674 1722
1032 281
3969 1715
2805 2405
3438 1506
964 2125
4583 1341
3878 4044
129 2464
1763 4466
2662 3611
227 4246
791 987
2731 997
501 2584
496 2407
3709 4542
3906 3634
55 3333
4465 4415
3279 4465
1275 1552
4665 3226
3715 2519
483 1045
2943 2676
205 4567
3283 4613
716 4348
1616 2302
1115 784
1634 4996
1127 1703
3547 4291
3763 433
3265 2787
2434 4306
2264 3614
925 1623
3604 4027
2859 3168
4312 606
1277 1413
3167 3724
3724 1572
4324 2885
4536 3960
2249 689
2794 3721
3467 2706
1632 4445
2960 193
3781 3323
1950 3742
3272 4420
2750 4126
3960 1123
2918 854
1695 2013
534 4753
4010 1918
1790 884
236 1522
2074 4136
4577 4352
1141 3810
153 4186
4773 3799
4369 3502
3951 1658
3746 3697
1648 2606
3999 3765
1752 782
72 3667
2972 353
3667 2147
1204 2844
1747 3822
4443 2627
1399 1923
2911 3882
87 2631
3938 1584
3139 980
587 2434
2031 4194
4203 2567
4614 1917
3880 25
726 1154
3734 4211
3088 22
3139 3946
2018 1761
3480 3598
4875 2652
2982 1395
3863 907
1414 1033
4115 2302
2337 652
4366 4603
1519 4242
3753 2403
1180 1099
2547 2913
4563 1928
4037 765
3463 2887
4846 4439
4253 3143
1955 3762
3466 4827
2551 941
1534 4082
1840 933
4140 2607
4259 3077
4683 4588
3922 3259
146 3962
1936 3347
4551 4566
303 650
1257 4866
3217 2922
1190 4017
4467 3144
3368 2909
3896 4603
3391 3135
4283 3427
3712 4800
1281 2512
2874 2932
1641 4426
805 129
263 1112
3680 2105
2131 3540
4042 4584
3782 489
559 2498
3514 1521
1752 3043
760 3308
4894 724
2997 658
1983 4511
4596 1517
3136 1246
4417 3613
3218 654
1360 3898
2263 70
2146 4603
433 3759
2538 3556
3125 4063
495 1272
1758 125
2003 1505
1866 1966
3825 3251
2839 998
1226 2984
277 4806
692 894
1546 4291
2219 1803
4046 2754
705 4348
766 4649
3301 2431
3413 1555
1006 4860
1958 437
2666 2469
3953 434
4764 2591
77 4946
2118 113
2724 4971
3496 1083
3212 30
4259 4750
2322 2819
2420 2229
4093 2734
126 1130
2320 4613
62 4176
2440 677
2952 3338
3910 4883
999 2969
2563 4811
3856 426
1744 3697
500 3876
3866 4407
2500 1862
4345 732
1315 2370
18 2530
3373 3885
3573 4630
4557 3311
3756 4657
3633 3776
892 3293
4907 647
3928 3388
2063 4592
2236 2008
2590 570
3983 4160
853 3313
4725 3189
4838 1752
2053 1273
4403 4714
2317 3088
2924 3038
3073 136
1849 4476
4727 4658
4197 4309
1906 3816
629 220
525 4834
1207 1088
3483 3103
59 202
1000 1601
119 430
3099 2699
4980 4707
4423 2183
2626 2
971 3174
4811 541
4198 4819
1594 4754
2838 3457
3425 4005
1980 3323
1745 1739
2659 2743
2012 2182
4798 2078
4411 1813
2694 405
348 3102
2770 2233
3244 1123
407 2079
3514 2946
4496 4447
1122 213
1447 650
250 3620
276 3708
756 3288
4505 1544
2452 2499
1864 224
3465 1196
3413 4945
4740 1067
3398 3384
3771 4585
3905 4378
3380 4930
548 3116
3013 1765
3957 3460
1858 995
4869 1472
1017 459
3369 1187
1834 4692
678 803
199 3338
2492 318
3435 4919
249 1745
3981 757
1369 2788
813 4892
177 3502
3461 3807
3338 1742
817 1989
2139 3774
2003 4592
4994 612
3230 2294
999 878
1372 3411
4643 3163
864 660
3860 543
1034 2121
2291 115
4817 2881
4213 3734
4247 1668
4040 2054
757 4324
588 3915
301 2765
2154 1158
1383 2253
4336 893
2248 1091
1586 2373
4557 2164
2108 3670
3869 4389
1735 2155
4995 921
4902 4199
3319 637
4361 1108
574 2923
3040 2359
1222 1297
3694 763
1169 4688
2326 1603
3031 679
4896 1415
2522 3965
4813 198
2485 1741
970 4997
4983 4161
3888 3318
1775 2580
666 2836
4149 3012
1297 704
603 2121
4838 877
1722 430
1590 3808
3910 2958
943 3711
319 424
103 3001
4222 3416
1958 1244
3030 3800
4961 378
569 658
4932 3411
1609 4147
3767 1122
378 1105
1256 3814
3408 1113
3570 4280
3668 2445
2341 4082
1308 2453
3916 1314
661 4819
4848 3864
2414 1696
3954 1406
1658 3218
3470 2138
1824 1369
1771 1757
1555 1689
2537 3995
3440 1301
2178 4429
573 2620
2610 2113
1211 2993
2883 1724
66 4225
1910 3961
913 4982
3293 2243
4134 2955
2455 4033
1088 4558
4004 478
4237 4106
2990 1159
512 3477
170 2705
4809 3143
2289 2760
910 3235
2447 4846
4117 1057
2333 4230
4913 3423
2929 3948
4492 4869
4845 2386
4900 2991
4028 3741
2782 3467
3267 4760
1864 1906
1066 3584
1290 2654
4122 4657
1051 1608
798 3595
651 1550
4715 3371
4019 103
3241 2080
1423 1359
3196 1148
3184 1856
1019 3239
3181 4821
3134 3310
1154 1091
2305 1615
4192 4356
1374 673
610 3698
585 3630
1743 578
2243 1591
3027 655
4422 4700
3136 2490
4200 1279
1177 752
3378 4769
1915 1631
4267 2959
448 567
2033 474
4130 2771
1927 4586
2886 4717
297 343
2932 258
3391 469
4668 4830
1355 3836
2120 2323
1517 1258
889 3871
3587 2962
2111 3709
2463 3901
1888 2616
280 455
2249 2511
4130 4115
3029 4385
1905 2911
3232 4195
2905 1012
1874 1551
3798 3462
256 2657
2245 1949
4721 1193
2340 369
774 4752
3181 937
1482 216
1761 1348
2101 4197
2158 4177
2716 893
4103 1063
935 3015
3868 2646
3750 4448
4370 1109
927 1456
4283 4365
2231 2379
2511 2076
1535 1261
3681 1377
4123 1375
4929 2780
559 1985
1140 3224
2783 1387
2689 4002
456 722
2002 1122
3928 4548
3354 3082
1961 2357
3723 2029
1962 2877
1735 3938
1307 2862
2445 4874
1802 29
4368 2874
3261 2794
3485 546
2742 561
2199 4397
180 2377
278 4751
1689 3415
2439 3177
2067 2101
4472 2374
3711 1927
4159 3423
2933 756
757 1811
3951 698
1596 618
82 1458
4881 3844
4797 1508
3276 4091
539 726
3834 4798
2051 646
1227 1536
2319 1090
3144 1897
642 1359
1620 361
965 3779
940 1683
1675 3178
3108 2510
2670 2689
2382 4309
3657 1103
1109 3865
830 3309
1875 4162
4027 327
2657 4293
4092 1562
4730 2629
3909 4416
26 374
3139 4912
1548 3848
2832 1292
1834 1855
2691 403
3859 1784
1417 4116
2012 1672
1801 753
3040 546
3086 1691
2863 4097
2416 884
2535 4861
1218 4850
2441 1499
3701 2986
691 42
914 2299
2091 3675
1580 3267
521 3328
1651 3029
1089 1178
3069 14
409 3013
4396 1287
3743 1198
4353 4431
2420 2968
385 4081
1159 1497
1163 4830
448 4936
2282 1901
4869 2961
2507 3898
1896 4873
2412 4178
2941 210
1954 646
848 245
2380 166
3304 4430
978 2800
3416 4940
4203 1657
2089 676
3627 1631
2688 1218
3953 1318
897 2196
3752 118
4871 116
3500 991
3585 131
3578 557
3522 1875
3541 3901
329 693
2666 4179
4193 1850
2537 4566
2276 1074
845 2718
2464 4019
4672 3071
4747 4751
162 2571
3698 4013
4850 2557
904 1202
2684 2612
446 4606
4989 2407
1142 284
2954 4330
1618 4130
1767 3208
4859 1906
415 280
3447 4410
2054 3784
4208 3974
1841 1660
2200 3883
418 536
4317 18
3735 2252
87 2947
4900 1225
1708 200
4486 2290
4164 3702
