40 654 30
1412 4366 3
4505 4758 6
4020 2342 27
4112 926 5
337 2714 14
2745 1465 10
1458 3278 16
4645 1757 2
4737 3678 16
183 4402 18
1127 3948 10
3271 4730 30
3897 1419 23
3332 3328 8
131 1297 4
4292 1284 25
620 29 5
2608 3092 11
1107 21 22
4520 4373 23
3468 515 22
4274 3364 15
2226 1208 9
4626 2105 10
4490 2892 18
3084 166 8
2857 3442 19
2814 3075 26
4893 295 28
4072 4835 29
614 494 26
1218 956 9
4958 2309 8
2006 4813 30
2297 2968 17
1020 1625 23
2048 1053 26
53 284 21
1192 3977 5
3401 4791 25
652 1578
164 2431
2407 2538
3817 465
4608 2426
2492 4549
1857 4266
1649 3445
3230 1651
1124 2847
4410 745
4143 1168
157 31
830 4350
2315 2710
4069 163
1013 145
3855 2798
634 2741
1941 1490
1085 2195
545 372
1921 118
3366 1640
289 2454
3620 322
4622 3642
1817 3175
2568 1060
648 1190
3689 2302
4326 4527
225 4099
2748 3623
3983 1161
1906 3336
2842 1802
1408 3943
3325 1288
318 111
3603 2025
1992 2773
41 2095
3594 161
1934 3595
2146 4413
2548 3970
311 555
4915 4573
1346 1042
1314 1605
3757 4064
1227 308
731 2764
890 4446
2385 4118
4970 3640
4569 434
468 464
1174 985
1119 2810
3850 4708
391 4270
2765 3189
2864 4390
1517 882
2071 3756
4483 4199
1611 309
2274 2687
2905 4483
3604 4543
4573 3217
2963 4556
1741 1990
260 2000
193 3364
2897 3420
1557 1141
87 2801
1768 2019
1527 2310
2068 3152
3939 1056
1086 3638
3767 1181
3041 4477
1402 4744
2741 4333
2657 2841
1026 3624
3007 1426
4740 4110
1625 1955
4266 3554
1687 4998
3975 1995
2088 2266
1463 4600
561 2687
1674 4839
1607 4270
2950 4295
4877 1876
4920 1744
403 4485
1475 4650
987 2125
4584 1077
4275 1505
76 277
4259 4524
766 2449
4348 2299
4962 1335
289 3309
3383 4122
79 3404
2406 3235
2993 1918
1565 3826
2975 2359
3312 1816
1643 1713
2913 1208
3703 3485
2763 670
923 46
3508 308
1134 4982
2041 3996
2430 3726
2291 1014
1698 4483
3287 3531
3142 4675
3813 307
3089 4106
969 1097
1047 88
2377 917
2344 4933
656 373
4588 2057
860 1007
4895 2602
1290 3378
3772 2365
1494 1768
3137 1657
3000 3103
813 1346
4696 2314
3777 1223
501 993
720 2680
2667 1683
3991 2215
331 1177
4304 2850
1315 4955
2643 4495
3526 3588
288 3836
3062 100
4783 3491
3871 1321
1847 4574
4510 1192
2318 4260
4985 4926
2115 917
180 2910
2672 1823
1803 2431
1611 290
3897 4643
4460 3878
1744 2584
3782 3309
3088 113
981 4777
2351 3571
2916 3250
920 366
399 1404
997 791
3109 1378
4226 1638
3914 789
274 2818
3001 1782
2867 2256
1462 740
4997 4591
3302 4078
4798 2228
3414 1344
4670 3732
1547 3357
952 194
2155 3501
3143 379
3561 1268
1163 3801
2862 3968
4518 3002
3904 695
2926 2581
296 3708
4495 2608
3405 1921
4094 3915
975 4127
1387 4782
1279 1527
4994 2922
1957 1852
3306 1651
433 1135
3478 29
3027 2708
3035 3457
2644 3674
1572 2159
4293 567
3436 4514
1821 1004
2187 2726
2975 829
1936 3572
600 4147
4121 631
3289 4641
4745 3213
235 4270
2642 1266
4176 3217
2589 3451
4284 374
3193 1637
988 2375
2788 1525
4013 4118
449 664
1620 4358
2075 371
4879 4139
2328 822
3299 2224
1468 1511
4509 4343
1604 500
3006 2055
4773 372
48 1763
2720 1937
849 2475
1698 4100
4348 1369
3793 202
2770 2539
277 4949
3401 3216
1915 4301
1016 1851
3368 4947
2991 3760
4102 4114
790 1280
3395 4834
2 1478
295 666
378 3897
467 4164
4108 1963
18 2227
369 4298
2316 1332
791 1286
2264 1926
4407 3623
3097 2401
3379 1714
2106 3506
4265 458
4672 1685
1148 1675
951 3649
2006 3470
4889 1224
3193 26
3629 1419
1914 4547
1836 4317
13 890
220 1420
3370 2646
3376 450
2782 2788
3255 410
784 4864
4902 2340
4873 103
1801 2657
501 4891
2374 3221
2117 1021
37 4023
3114 2099
2312 847
2756 3716
3578 1325
1186 2033
1967 4077
2872 2521
452 1733
818 4332
1741 1521
2439 2398
626 4232
23 4818
2451 1824
650 3866
485 3857
1266 3549
1188 985
4694 3618
470 2563
4743 4986
3983 4000
4753 669
3695 38
1586 2038
4047 311
307 2728
1693 3738
2023 1809
3074 2163
2228 4362
4304 3339
1518 1012
53 4768
83 4509
2897 3630
1402 4906
2217 2588
1187 3318
117 157
1448 385
4883 475
2038 4140
4587 3542
2628 3357
3310 2824
544 4782
3073 2731
2358 1583
1233 3050
589 2227
4338 789
1333 3343
2112 3385
2126 3274
1212 1489
2572 2135
1205 1084
1904 1853
3461 4748
4786 2964
156 3199
2885 192
2707 2391
2172 1420
1911 3949
3229 1826
3277 3119
2995 431
2399 4548
1325 1074
3886 810
935 3227
4470 878
4104 3995
4127 1535
2169 2574
1429 4584
1755 1252
485 4556
4922 85
4534 4050
4573 4099
137 2409
364 1741
2123 3309
2874 3277
2233 206
4184 2920
48 2910
413 4950
4835 1256
1676 3674
2299 1662
2795 1915
4010 335
4746 1676
2115 1221
539 391
666 1281
2530 3291
3238 3557
2536 3957
1517 3675
1018 4503
2644 4996
872 752
386 2644
365 854
1140 3900
1916 1387
4021 1242
1528 110
2222 715
3391 4551
3788 2170
1899 2845
1002 3140
4652 4279
2139 2339
3755 369
1011 708
2162 3608
1125 2764
4361 885
573 2613
4726 3490
2385 4732
2722 1530
4363 1392
177 1872
2306 2561
2940 1685
1791 4078
3563 2957
3473 4503
141 1755
3072 4381
2393 2786
1363 515
2567 463
601 1276
2857 2671
1952 2419
270 385
1267 1429
1489 2561
594 4032
4841 229
2828 651
3681 357
527 4398
1409 4640
2164 2993
2856 2134
698 2566
3767 319
25 3444
1554 3586
19 2268
2511 1507
379 2926
1689 4872
4630 2168
4267 2378
3507 1534
1959 324
2882 4757
2547 226
2721 1154
2956 1244
3532 4964
4295 4114
2493 3563
209 4238
1860 4775
2234 3632
2710 3703
3367 2732
24 14
2721 1030
269 3303
527 2302
3199 1523
2777 1601
737 887
3435 3146
3122 3963
3408 648
45 765
3306 4276
16 2088
3336 3843
924 2272
4957 2901
52 4116
4306 391
4140 3507
4266 2965
934 547
417 582
4658 2177
1088 3407
2949 2779
1320 1888
2474 2473
4078 1342
1115 4744
308 3831
3903 4872
2641 3071
1404 4836
1009 3136
3764 4558
2755 2102
4383 2272
3297 4575
3528 4811
657 2172
3514 1654
3539 1833
774 942
818 923
966 4100
4056 4592
2692 1323
2517 1614
3409 2478
714 1261
2689 4815
4977 2959
4720 4514
2369 2531
3612 566
2904 3262
2846 318
1170 4037
3220 3018
3267 1091
3763 2737
3201 3875
4029 4238
3176 2521
3015 1329
4600 727
2961 2041
2430 3813
2833 2355
820 1504
4328 4988
4153 4113
1704 2803
3163 3537
686 1422
1080 4610
3992 3575
676 4685
3225 428
502 4481
2806 2241
2370 941
2333 3545
234 3005
3483 3572
735 829
4070 146
3269 1649
2802 3977
1634 2452
2123 4273
2967 2443
3004 2317
2498 4449
4490 2891
7 3066
2847 3480
1974 36
4224 3781
2746 3740
4358 2694
2195 2659
682 4787
4895 2156
865 3746
4859 2175
2009 3066
2161 89
4602 2647
2710 1241
450 1147
968 472
4183 1048
289 3843
405 505
2226 2995
3101 2281
159 1383
4237 771
442 1622
3286 2944
2592 894
1479 31
1737 3249
620 140
3973 476
686 1501
3010 2421
4980 567
4777 1421
480 1285
1169 781
3752 3414
4410 2620
727 3053
738 1783
4261 789
424 3358
2783 2249
4918 4359
1652 4368
2100 287
4971 2346
4509 452
1171 2602
4723 4620
3173 1879
2605 2609
2457 2354
4304 820
2774 3888
2999 2370
2368 1126
753 4092
2766 1215
417 808
1032 1715
300 807
4850 3014
651 639
2911 732
586 1781
492 2476
4142 3109
4408 1840
4665 3944
