110 1048 30
57 293 4
399 109 14
461 251 9
447 405 22
437 115 24
160 235 26
231 452 1
299 341 22
360 317 4
99 476 22
326 94 27
235 122 18
176 406 5
65 412 5
163 491 7
138 283 17
425 168 21
197 38 15
409 232 8
208 326 7
184 36 25
494 395 15
236 287 6
300 319 21
228 413 3
202 79 7
238 259 17
134 316 8
372 243 4
15 451 3
3 497 5
448 294 16
352 317 17
483 206 9
210 149 8
427 145 27
264 28 26
38 356 26
477 291 17
239 235 26
363 72 29
447 109 20
389 230 26
457 451 9
497 126 8
51 444 15
247 281 20
298 42 24
357 165 10
333 413 9
199 319 28
289 37 1
339 307 19
55 418 2
243 210 17
369 360 2
354 47 4
441 392 5
103 123 26
399 196 6
389 320 18
174 354 14
270 442 21
456 286 13
458 442 11
259 77 3
12 423 24
97 489 23
218 144 20
377 477 4
59 420 15
474 160 9
42 360 1
140 333 9
409 306 19
470 337 12
23 473 1
45 371 23
427 118 5
124 459 23
209 335 14
135 435 19
138 89 4
345 34 11
497 144 4
206 310 28
243 256 30
233 39 11
455 98 7
318 391 27
373 283 3
177 322 6
445 107 25
98 243 28
36 192 25
304 106 19
484 238 12
255 352 6
274 186 15
13 44 25
252 380 7
386 320 2
249 451 2
101 266 18
484 29 24
406 45 17
473 395 29
386 289 10
183 74 4
51 434 26
50 60
334 314
367 2
289 453
102 454
478 433
174 487
204 108
55 281
34 172
278 427
304 353
6 357
78 224
117 88
319 427
451 99
90 413
221 268
165 287
127 422
187 253
50 221
170 14
443 411
114 148
299 131
165 244
354 289
139 217
334 33
115 408
69 443
123 179
181 142
473 437
332 489
224 248
236 105
169 190
271 233
366 421
368 356
372 229
28 122
3 220
18 497
342 284
328 161
495 304
286 153
70 338
60 430
378 23
460 105
269 34
373 500
85 36
65 418
213 353
154 55
40 31
416 306
189 500
72 125
241 101
96 481
156 307
5 335
21 435
142 334
6 406
81 8
40 355
436 114
452 440
359 164
396 352
116 193
447 67
230 19
358 456
499 185
182 384
360 403
441 58
411 147
444 325
258 17
475 349
44 266
224 64
24 18
439 428
337 456
114 209
158 349
391 15
179 92
387 155
104 291
173 363
186 272
339 452
325 330
141 167
456 84
43 465
398 18
161 378
362 228
85 276
448 10
358 200
33 59
226 478
153 43
212 175
441 404
387 348
212 377
312 293
3 231
121 372
433 316
398 463
206 290
88 232
499 150
56 469
46 177
185 161
147 320
90 203
139 411
161 405
451 98
276 1
293 80
125 394
230 452
430 50
202 326
259 284
236 163
288 410
343 316
236 326
193 236
59 10
223 425
168 274
165 263
337 373
114 362
375 356
478 218
454 445
181 12
233 59
170 30
378 47
259 298
149 177
262 445
475 282
65 386
329 286
92 354
412 271
302 214
306 306
426 484
123 242
125 500
27 121
134 317
31 228
39 372
415 492
236 263
70 255
42 408
450 175
96 80
274 365
175 155
410 281
138 213
40 251
76 19
335 387
222 92
183 336
51 323
384 181
305 119
132 179
462 254
191 414
110 41
232 67
215 472
179 296
46 448
334 347
212 484
83 319
443 195
50 10
129 293
352 125
263 165
442 225
499 174
96 25
282 96
215 169
398 42
371 374
352 80
230 337
91 370
51 252
134 192
379 433
380 121
41 467
203 206
172 365
423 411
112 216
280 174
125 364
456 9
23 242
474 461
244 356
90 456
26 342
164 411
231 167
30 372
235 196
250 335
397 494
413 497
246 72
320 389
433 27
66 285
134 190
337 291
407 338
41 110
118 484
132 311
312 266
297 478
7 293
81 318
315 317
261 338
149 64
397 45
64 480
406 78
55 298
360 227
307 201
18 85
276 232
168 311
438 364
375 134
261 214
219 403
75 113
384 438
79 350
365 392
472 304
258 367
240 478
14 410
66 119
94 48
412 168
321 164
449 466
55 113
133 222
452 198
198 7
91 490
486 194
254 38
133 30
235 494
449 321
355 422
113 230
283 225
54 366
195 80
480 176
430 347
333 14
367 241
303 279
396 121
446 256
376 52
149 325
409 81
41 188
350 332
369 205
220 408
163 417
56 383
237 3
85 203
327 35
196 195
394 477
471 64
96 230
18 366
455 226
427 86
190 80
475 378
462 287
320 239
280 274
321 60
252 238
44 288
295 369
312 168
217 339
368 97
409 158
286 259
196 87
49 160
16 467
258 318
108 197
38 449
113 385
264 9
220 359
418 475
132 190
306 448
318 365
147 329
10 333
132 270
225 234
73 326
159 302
11 249
143 260
79 408
202 155
331 242
401 157
242 393
296 216
229 363
394 369
429 288
357 96
302 374
380 291
80 457
439 40
404 222
328 330
7 108
219 152
254 141
265 362
180 75
386 156
400 404
421 440
323 63
115 141
442 312
339 302
408 297
153 25
393 274
140 314
225 153
70 83
308 467
265 304
385 281
135 382
438 29
165 240
447 230
443 341
480 248
31 119
249 289
284 305
327 439
238 252
108 49
304 142
370 127
381 289
400 436
184 312
233 15
59 159
9 293
404 455
188 427
400 393
396 62
339 105
257 176
389 384
71 368
186 424
5 152
349 318
88 457
474 431
308 448
315 331
492 33
463 227
78 221
387 308
104 274
32 77
154 33
83 62
396 186
386 201
104 353
497 223
448 306
351 15
392 241
202 298
294 484
17 154
302 86
465 3
153 101
295 342
145 480
336 391
475 117
388 414
45 386
448 178
47 431
350 408
219 160
494 467
177 117
36 423
58 305
75 428
73 125
76 489
37 497
372 179
410 472
355 240
85 73
171 439
40 246
294 388
347 123
90 416
485 186
32 284
350 246
401 327
276 264
68 27
56 287
145 463
58 104
157 127
391 445
292 440
349 346
208 232
79 56
103 381
46 26
480 47
221 442
418 110
354 196
418 375
224 348
306 55
147 350
189 62
18 166
38 491
476 266
202 410
91 378
352 84
425 118
495 417
204 43
336 90
167 210
176 422
489 226
162 224
382 396
95 272
430 97
362 5
455 135
4 493
423 288
283 4
74 298
223 184
382 392
47 486
108 426
30 279
134 167
215 480
492 32
371 105
220 26
351 227
163 77
326 121
6 469
77 38
290 47
85 145
88 491
50 397
246 385
417 282
321 36
490 78
140 462
256 44
427 299
50 316
153 399
71 174
114 208
402 68
410 145
5 228
446 2
204 478
373 162
162 65
14 265
433 111
219 91
427 379
135 164
466 417
183 259
404 137
433 454
108 433
386 59
372 426
273 205
93 248
369 415
70 240
8 336
253 452
247 417
4 386
87 331
437 79
275 2
216 474
337 315
152 180
237 303
112 41
31 113
238 228
357 258
435 272
66 71
302 340
476 492
278 188
318 401
261 192
21 287
217 123
460 281
290 224
419 21
183 135
231 470
305 480
460 428
243 116
114 472
32 362
41 284
139 493
447 404
346 50
285 113
177 144
321 220
363 44
434 174
162 47
497 199
90 439
390 304
149 108
113 272
275 75
459 160
444 202
331 47
189 52
402 375
476 111
306 228
279 467
483 269
309 98
195 131
470 36
16 148
280 30
120 471
316 360
109 198
66 431
14 186
148 413
7 432
211 398
59 374
301 9
319 382
432 52
248 275
199 500
341 238
260 239
424 191
494 432
285 208
392 235
238 122
410 150
440 175
311 127
148 20
33 218
284 108
263 361
4 105
63 300
136 286
30 164
327 223
491 394
79 406
226 433
58 179
436 9
333 43
479 187
19 180
229 12
458 234
58 126
249 337
141 256
111 131
196 237
208 407
342 380
492 273
409 371
25 493
427 375
344 327
54 293
178 223
231 441
22 82
465 492
143 340
10 111
373 310
348 266
166 302
177 75
174 412
259 12
224 422
467 315
293 33
164 297
153 27
252 389
312 455
124 295
78 449
363 179
191 85
410 411
46 8
460 408
459 373
146 236
219 379
68 175
68 151
43 225
35 290
326 286
89 275
406 280
309 245
113 483
457 184
24 133
21 490
72 216
48 406
131 172
106 84
410 101
455 51
390 252
94 5
236 230
35 322
306 226
243 102
20 66
82 447
346 112
445 123
461 194
271 88
334 27
117 432
35 427
19 310
155 461
458 133
249 224
69 48
173 422
276 415
227 284
341 297
15 208
349 9
355 436
318 261
156 380
267 44
319 98
29 153
374 465
303 375
170 497
101 63
480 482
116 271
420 233
24 81
302 378
167 331
236 455
492 122
351 86
111 445
191 147
36 460
88 387
425 184
17 305
449 266
221 434
491 5
209 409
406 222
266 481
21 472
428 352
238 455
225 322
192 362
194 36
199 426
466 45
165 425
306 11
347 178
373 143
210 406
26 321
380 137
384 346
456 230
467 484
167 11
314 74
370 267
20 414
333 471
491 289
354 273
18 296
193 68
451 477
128 434
46 379
195 44
404 241
148 386
466 341
106 242
468 59
314 434
323 451
116 495
311 272
53 166
265 76
120 352
125 321
309 467
123 142
158 363
175 75
476 197
235 74
82 258
109 373
278 298
333 222
86 195
212 196
104 289
398 359
7 196
477 206
42 330
356 19
171 371
215 142
342 178
428 284
352 38
221 329
385 328
137 152
57 363
39 189
276 340
145 210
27 106
399 348
445 39
278 446
10 101
311 281
347 230
273 243
321 31
205 21
121 253
431 263
468 379
133 1
487 88
256 399
321 435
77 471
214 253
289 364
130 465
417 403
51 181
92 250
231 152
270 451
348 75
20 481
272 391
316 426
167 425
203 238
307 239
482 220
137 457
416 147
195 92
164 119
446 264
138 479
114 152
446 337
63 317
454 192
468 448
247 354
270 449
128 481
12 447
257 94
56 276
74 215
51 168
262 458
395 299
340 22
369 292
358 288
178 385
466 500
416 128
275 33
443 349
186 266
182 59
375 120
385 394
313 321
104 116
438 84
458 152
288 79
44 88
361 110
335 314
287 236
94 306
135 73
422 346
335 326
107 465
123 469
53 124
4 376
100 32
97 483
14 13
96 182
51 144
298 265
273 296
415 48
182 449
498 171
464 1
108 416
134 271
170 229
185 9
160 433
405 191
362 249
180 24
348 377
300 42
97 468
154 2
478 243
28 337
193 333
333 33
172 423
94 142
288 171
186 433
254 339
202 496
414 480
314 259
318 410
174 356
485 310
245 417
323 11
217 66
103 119
438 138
159 441
449 306
136 302
27 130
467 88
60 49
167 487
438 24
104 392
228 33
135 160
192 277
193 486
264 369
84 462
64 293
219 173
87 499
122 84
227 179
474 66
454 161
118 370
271 157
70 65
56 180
479 442
345 287
269 26
473 394
103 361
309 368
161 294
220 450
230 255
