30 159 30
2084 4550 14
4406 2205 10
1702 1712 4
4971 4218 11
3813 4416 18
4000 3045 15
797 2170 23
3492 1034 25
776 3566 26
1424 507 29
858 948 22
808 3418 28
152 3933 24
1565 3885 23
3999 3316 20
2693 2196 14
4345 2552 2
911 91 13
558 3058 2
3920 2472 7
3905 42 5
3737 960 30
625 2645 10
3875 857 15
4445 806 5
3855 3056 29
3761 4464 13
1471 94 15
1533 1592 6
2243 419 17
4399 3273
1375 3022
1161 294
4169 4846
160 752
1617 3993
2802 3194
3938 766
685 2675
486 3934
2500 3698
500 1208
4082 3017
1860 4160
2565 3377
81 1598
4235 2521
2503 1018
2860 4576
4369 3737
2814 695
1691 4187
180 2207
1294 3318
4306 222
4510 4751
134 955
4346 1099
1738 218
4647 2642
4808 1295
4719 636
2598 230
2011 4807
457 4054
3218 2539
2386 3406
2392 4820
2949 3885
1361 993
796 1589
2386 993
2475 2632
2187 898
2242 588
231 2973
3800 1419
1243 1114
1246 155
1763 2348
2651 3055
3156 745
1218 3834
540 4168
2953 3300
1650 1156
420 19
1246 1271
2438 4061
2262 1429
1259 1874
1799 764
871 2810
3504 2070
2577 2924
1164 2253
2504 4453
1458 2255
4376 1069
686 1455
4458 2215
3149 678
2688 2325
3442 4896
2614 3141
1795 2541
2804 1399
2456 3070
1949 4766
392 1402
1941 3930
3484 655
3338 3272
3475 3014
2964 2769
3281 3927
3631 998
3908 2002
2602 571
4868 2656
3522 4736
3739 3594
3311 4221
1257 758
4703 2196
1237 3712
2637 2475
730 3431
74 4583
2575 80
3628 2021
2029 2111
4451 2273
2098 316
2101 1911
4431 4044
828 4033
139 2888
788 4074
4213 1207
3671 4086
990 2057
4323 1213
403 3159
405 2898
1154 2134
1103 4718
244 4167
4910 801
2722 3749
813 204
1860 226
4970 2671
4363 4765
3579 2436
3144 1639
518 3527
3931 2786
4928 2837
1728 387
3163 1700
692 1730
4563 2094
4219 330
1132 3231
457 2053
555 2699
338 2361
609 2155
1358 4375
3428 4459
4474 3159
4594 2615
4189 639
157 1370
2643 4201
737 1209
1135 3084
4475 3946
37 2376
1096 112
4952 1450
4808 4396
3436 4636
4465 3294
180 1726
2048 1654
524 3152
212 3288
