110 1096 30
171 291 6
215 322 11
49 360 18
71 138 25
127 199 18
19 95 4
264 29 30
490 112 12
186 36 22
361 108 5
226 99 1
269 448 24
487 57 9
60 199 25
155 16 10
128 445 5
313 235 29
356 307 23
245 212 19
306 92 3
334 221 6
395 203 4
190 103 28
166 268 16
351 145 26
183 411 19
441 303 3
322 74 3
259 339 27
29 59 25
379 96 8
65 151 24
137 344 26
271 61 26
452 305 12
496 352 21
205 189 10
206 199 12
100 93 1
390 377 30
383 39 17
316 399 12
321 143 28
234 41 22
14 183 15
46 187 29
442 436 23
166 371 11
295 245 13
397 436 4
496 221 28
280 298 3
270 180 2
13 17 17
222 103 23
263 153 30
292 468 19
435 118 11
291 303 6
217 148 30
12 107 8
458 201 14
115 418 17
2 427 22
134 478 4
180 367 18
223 80 5
40 331 1
455 274 15
149 315 18
371 220 18
247 190 7
364 467 19
390 209 18
252 358 6
201 438 10
135 281 1
371 412 1
290 402 19
7 345 14
275 245 7
353 214 3
196 305 8
360 222 27
319 344 9
257 69 6
305 137 14
489 57 11
19 397 15
338 365 27
213 39 13
42 156 23
94 368 28
251 195 2
144 492 23
272 102 12
93 136 16
366 164 25
168 400 1
10 7 30
64 181 13
471 120 13
342 21 27
250 282 17
451 34 3
144 259 19
82 329 10
213 261 2
476 451 30
298 349 5
228 159
88 275
436 255
150 373
432 201
144 99
437 432
271 290
408 486
457 239
357 8
490 426
420 193
498 247
428 471
151 131
138 91
281 200
68 12
455 99
426 481
389 23
366 345
335 227
444 28
266 207
446 177
65 206
167 195
292 110
253 255
121 260
322 164
183 290
345 290
424 374
183 384
197 359
55 398
102 136
71 175
177 410
360 454
332 471
433 223
491 489
263 392
323 404
24 369
228 163
94 255
480 204
102 478
382 349
453 155
146 306
302 87
101 136
419 308
80 228
387 240
213 423
22 142
462 484
378 182
208 236
416 234
107 414
200 115
349 38
424 221
202 90
64 309
430 307
229 289
283 254
469 375
255 436
154 258
408 493
379 56
151 41
12 419
239 115
109 58
416 290
46 342
253 167
433 107
215 182
360 378
331 117
152 144
480 200
144 110
204 124
395 381
403 251
380 147
434 183
310 439
242 441
454 155
259 384
341 276
56 107
391 422
126 472
323 180
117 499
49 479
390 74
453 195
145 93
154 41
146 347
75 384
248 464
15 407
274 432
201 111
462 129
59 142
189 32
266 324
331 108
429 309
390 462
374 360
37 74
20 27
175 434
330 410
216 197
66 215
55 188
337 462
34 182
457 435
175 325
499 371
383 228
395 113
451 213
175 192
366 258
134 308
83 402
117 416
335 333
400 146
146 195
339 303
81 309
57 314
403 359
469 186
113 47
130 143
241 271
381 60
160 114
107 28
244 85
327 198
234 152
335 374
137 93
379 7
490 201
2 458
417 146
311 80
500 153
409 416
186 141
362 174
316 176
359 217
31 205
77 373
218 85
128 115
267 269
178 329
431 430
168 114
141 462
89 98
63 93
162 376
360 325
375 265
282 27
114 62
212 249
495 104
383 327
93 347
216 49
177 207
241 274
241 44
237 127
81 169
462 361
470 472
16 363
171 181
318 489
11 253
63 46
337 258
417 387
182 484
413 189
343 114
409 423
322 268
362 27
106 315
255 130
189 300
275 17
267 202
475 461
468 457
194 22
146 201
487 220
266 333
432 442
342 490
177 491
147 201
235 437
30 350
50 187
467 270
405 334
295 264
407 203
258 213
367 65
260 372
235 128
106 117
499 161
302 436
31 307
274 459
243 38
86 394
413 433
52 49
56 279
125 192
323 26
470 344
86 330
63 82
109 326
400 488
462 417
442 292
157 360
345 397
259 320
361 380
420 463
85 431
272 260
211 341
309 290
426 70
194 177
205 13
198 387
140 433
234 8
73 163
38 85
485 478
489 31
288 480
175 40
131 378
183 121
398 435
453 473
73 398
346 246
232 278
431 73
71 40
47 343
127 208
272 493
205 245
29 325
354 489
212 491
347 138
174 134
396 459
374 327
234 115
491 216
148 471
149 420
374 170
7 39
221 230
435 203
78 166
169 13
313 442
175 3
209 373
304 276
171 368
441 23
310 34
445 102
342 478
421 296
117 439
121 120
398 370
398 313
486 224
313 308
267 359
405 293
217 100
168 18
389 174
374 478
260 75
285 301
412 340
219 432
334 383
134 465
68 255
181 171
185 475
202 405
109 375
309 429
249 400
278 487
17 398
353 291
477 468
371 152
165 488
429 467
54 183
109 100
132 450
434 231
105 202
113 88
367 96
249 439
287 33
276 107
305 93
237 457
387 202
480 86
84 289
366 344
442 297
467 28
481 271
105 448
484 324
77 477
125 249
148 190
60 472
406 405
350 392
46 75
474 127
75 257
449 181
84 213
161 244
300 148
309 386
144 9
461 348
233 360
367 291
478 380
464 370
158 312
437 402
251 245
267 173
126 101
264 240
394 78
102 359
424 135
415 486
79 176
205 209
193 473
440 376
204 82
170 212
158 251
157 235
19 64
324 498
353 75
421 291
152 265
14 383
304 118
283 493
250 494
391 365
108 400
200 466
91 406
316 22
165 475
206 248
93 320
197 244
48 105
248 450
161 355
166 189
416 27
44 129
202 385
361 328
123 474
256 50
13 168
225 365
255 250
431 160
279 275
185 355
288 195
78 420
336 179
190 206
402 21
260 394
103 10
170 490
158 133
483 337
456 50
300 173
377 279
475 213
427 255
159 236
336 396
248 271
83 65
323 112
315 51
16 255
47 493
294 77
166 121
498 144
426 304
117 354
219 281
334 63
450 189
460 150
131 245
1 25
459 432
149 359
233 489
293 414
414 90
169 103
418 53
141 495
449 196
28 53
469 107
17 354
323 372
177 8
15 49
76 195
244 207
431 273
24 145
328 494
462 102
158 293
27 413
234 356
28 330
329 90
259 370
315 239
177 232
208 244
146 200
23 239
491 103
258 427
29 175
57 283
391 315
146 421
176 160
107 366
32 142
153 312
30 150
123 202
342 16
467 49
410 148
292 96
145 65
251 476
220 120
124 431
251 67
47 486
89 71
381 422
406 297
146 488
487 310
296 125
397 372
337 350
492 72
2 116
141 295
50 305
474 386
341 387
120 321
322 179
293 123
434 403
30 175
248 390
454 429
36 303
269 46
324 420
338 270
300 127
480 80
447 438
311 195
231 90
323 210
314 468
298 276
431 378
76 278
476 39
296 69
301 250
358 208
81 343
352 477
135 224
24 486
459 326
416 213
422 416
86 320
216 161
372 140
411 483
65 302
213 364
268 304
266 301
356 294
274 399
283 404
300 68
107 425
102 66
381 35
347 456
89 149
58 39
120 275
369 42
45 314
311 201
392 267
393 114
479 356
346 67
455 303
314 202
199 53
379 418
148 213
314 492
123 463
96 257
94 145
13 16
185 118
65 353
267 106
22 302
237 347
386 380
7 432
375 268
247 26
118 227
144 261
274 498
35 367
34 323
249 187
160 475
377 153
332 236
364 214
160 73
441 172
386 163
327 179
234 360
439 287
357 59
343 292
58 125
329 46
275 164
495 76
46 194
417 199
104 308
393 370
172 344
274 300
478 40
433 294
180 470
278 307
472 234
296 464
146 457
6 199
242 242
48 273
429 347
464 85
301 187
62 225
266 196
205 432
77 389
456 106
350 21
63 303
153 281
18 285
217 435
422 56
201 280
191 331
227 450
57 174
66 45
394 351
178 178
152 32
118 371
404 266
215 142
146 407
331 105
306 228
314 285
433 262
37 395
125 295
71 393
269 17
257 320
217 386
195 458
27 387
267 226
447 373
486 478
391 419
189 208
3 345
196 459
159 247
238 41
195 457
99 462
77 60
262 77
350 442
148 424
88 181
439 114
264 328
365 218
356 137
477 300
495 308
356 348
62 198
29 494
385 354
175 120
11 395
394 228
252 89
380 128
33 191
100 449
217 325
208 94
265 369
92 234
3 354
405 57
120 352
357 130
425 396
496 111
414 231
119 417
143 175
271 421
495 239
150 385
387 211
102 338
488 94
429 362
186 296
9 174
378 255
307 292
390 350
148 306
229 397
254 139
498 36
170 58
59 162
355 500
422 28
43 460
232 287
430 65
121 4
180 489
383 65
228 334
372 375
87 395
115 142
67 228
195 404
32 265
115 265
479 254
155 450
348 441
171 133
411 263
191 79
171 112
355 395
185 489
63 286
254 183
486 146
328 92
114 493
458 334
361 278
295 130
249 250
243 344
77 391
204 57
379 141
405 485
5 296
275 14
262 90
126 5
15 358
231 363
235 4
37 433
481 316
248 251
106 444
319 89
220 138
55 165
298 266
480 447
181 60
219 329
328 158
130 229
247 437
357 127
348 211
50 308
169 354
381 50
213 121
170 386
168 205
182 286
323 437
184 440
321 99
301 170
141 321
244 11
5 174
289 414
474 321
376 106
422 360
421 198
437 344
110 301
448 236
36 441
163 256
277 452
300 455
248 356
295 363
273 230
206 38
100 375
416 308
352 458
359 133
268 102
451 166
212 390
428 268
295 382
158 234
417 343
338 289
408 124
190 318
454 154
211 279
166 243
318 53
446 132
76 31
306 375
208 58
473 209
388 437
251 269
283 121
362 25
41 235
35 92
272 254
43 375
391 176
28 161
191 189
403 79
476 271
291 131
161 103
288 444
327 496
276 438
204 257
152 256
266 362
314 277
234 17
28 29
415 436
489 58
105 263
339 378
273 332
182 227
154 392
40 471
119 302
302 430
271 402
330 164
352 124
358 158
436 146
329 44
231 458
264 353
128 225
413 390
35 49
20 495
141 125
132 319
192 463
474 408
10 410
58 379
225 148
196 329
46 320
343 492
326 122
58 298
110 65
65 474
362 295
208 128
76 352
246 266
262 292
415 487
411 87
43 153
338 483
16 223
5 196
475 260
451 69
251 47
190 33
20 203
388 117
217 273
234 388
272 156
245 53
303 360
208 331
403 214
418 386
443 126
16 14
400 76
117 485
364 108
478 415
285 55
337 147
461 426
424 219
41 106
132 446
485 32
250 473
306 481
472 141
174 195
93 30
367 451
170 109
76 403
428 160
352 315
283 378
437 446
299 47
37 67
381 108
66 350
423 211
395 181
221 354
144 443
441 492
98 304
238 198
211 110
96 164
31 340
480 206
444 116
443 498
3 232
278 64
293 419
349 344
182 65
345 73
10 83
308 440
83 479
291 467
443 330
485 309
4 255
195 340
327 361
413 487
426 500
422 436
471 491
88 296
439 416
426 434
55 210
311 63
129 427
165 426
349 337
445 450
179 268
94 262
150 17
491 144
483 463
268 149
105 352
390 432
420 441
292 157
266 344
120 463
254 461
422 450
41 230
73 168
337 57
106 166
360 323
125 428
468 166
249 324
176 211
107 276
137 431
11 188
171 39
427 131
83 229
56 489
204 175
45 354
227 432
117 423
149 426
492 287
306 288
192 50
44 288
18 200
9 86
305 299
28 468
487 47
328 442
12 362
108 180
257 261
74 194
464 81
3 87
404 208
451 121
158 452
238 358
130 236
