70 244 30
282 987 5
289 188 1
985 408 1
61 556 10
222 83 6
161 614 4
382 788 5
734 275 6
104 568 7
344 692 3
781 593 5
784 909 4
684 77 9
332 669 1
269 387 4
102 866 7
819 324 1
124 764 9
195 719 6
929 556 2
308 150 10
462 786 1
449 335 4
164 33 10
150 168 7
245 849 4
562 489 7
997 450 3
3 51 3
546 651 8
23 84 3
68 753 10
68 183 8
599 63 10
785 492 4
377 40 10
896 439 2
206 472 9
579 685 1
125 260 2
158 491 2
616 499 2
56 806 2
75 516 6
378 733 7
230 633 3
531 200 9
674 286 7
726 478 5
605 70 4
892 273 9
469 755 9
533 696 1
878 622 1
522 668 2
593 835 7
149 413 3
606 65 2
392 465 8
196 82 8
797 682 4
538 321 10
77 944 8
259 432 7
148 46 2
302 878 1
518 355 7
788 208 4
415 919 7
275 906 5
987 7
491 555
519 949
215 254
146 74
526 255
127 989
579 153
88 857
325 981
984 113
709 265
939 762
651 783
649 918
71 641
765 958
552 870
713 20
702 894
734 404
405 303
447 550
342 283
876 244
867 43
615 123
332 453
238 879
808 616
799 756
17 568
235 271
1000 668
617 145
45 714
135 736
341 458
978 714
199 506
502 214
843 446
472 412
164 46
632 192
93 323
208 119
850 104
119 741
578 664
340 299
200 688
308 375
845 786
275 148
260 102
101 690
155 900
571 885
629 744
10 280
813 48
669 6
36 395
819 64
132 190
216 868
407 356
295 223
427 240
676 825
289 271
525 685
207 279
374 836
29 836
370 513
950 118
37 1000
969 556
968 834
66 540
84 818
492 592
149 254
458 739
571 727
5 669
65 256
376 491
970 426
968 61
825 516
359 39
285 506
52 117
502 686
656 370
240 800
529 777
227 512
64 579
185 711
858 288
659 178
380 22
58 45
929 462
628 124
61 982
71 802
475 907
745 733
903 416
258 485
522 596
280 657
603 199
775 192
574 49
822 724
531 257
77 572
699 235
129 847
592 197
672 430
694 919
668 861
531 871
524 697
759 199
271 786
210 843
734 577
543 900
352 34
882 582
58 25
886 722
444 862
159 263
595 528
755 476
604 320
990 303
103 45
586 987
323 276
299 944
960 139
954 938
929 602
101 34
773 358
420 257
663 532
122 3
825 741
396 720
337 81
18 555
518 782
325 18
529 489
939 21
772 251
540 164
323 71
545 674
625 369
389 218
666 652
265 440
943 310
771 250
24 246
569 739
664 755
413 726
541 952
925 241
845 899
44 517
291 619
989 711
806 464
792 579
991 995
846 687
404 982
63 828
604 458
524 549
534 419
210 354
257 225
381 824
657 22
708 117
446 646
641 863
224 452
664 907
89 759
891 948
702 734
937 491
114 673
516 609
296 807
718 684
684 998
259 154
904 840
472 267
749 682
192 574
366 137
817 682
974 936
127 952
166 674
947 39
406 145
270 36
202 980
691 763
368 387
723 118
860 831
282 140
316 296
186 266
75 989
911 782
848 392
498 941
347 737
371 865
544 272
108 8
761 462
116 176
