90 340 30
738 332 7
612 393 10
337 197 10
557 135 2
629 419 5
597 995 6
161 37 1
851 712 3
55 797 2
333 632 1
28 319 7
273 507 7
281 387 5
959 758 1
531 193 9
62 455 6
77 239 7
760 134 7
598 992 7
321 267 9
555 890 4
713 18 7
971 599 9
981 829 7
936 743 9
169 824 2
80 959 8
102 482 9
610 376 1
896 83 3
233 127 2
536 534 9
208 350 8
163 483 8
459 469 3
6 574 6
660 83 8
172 197 10
424 187 10
23 122 1
591 653 4
739 659 4
431 752 3
477 523 1
387 667 2
857 605 2
311 526 4
146 602 6
125 857 8
802 456 4
80 881 2
727 93 8
198 894 6
4 312 1
85 534 9
816 654 2
901 744 4
229 322 9
144 891 4
821 184 6
936 830 8
321 62 6
810 495 8
90 996 3
793 837 10
986 685 4
362 42 4
266 576 6
422 498 10
951 258 10
176 854 3
353 286 5
797 388 2
74 677 1
146 550 10
77 845 10
479 860 1
64 873 10
391 898 3
315 899 5
982 340 4
477 315 9
945 237 9
307 486 8
987 44 4
754 731 6
477 827 7
714 687 6
882 2 6
665 57 5
806 427
676 675
865 753
655 418
429 404
206 10
273 583
79 977
315 293
988 451
645 599
91 16
754 621
54 387
190 718
635 233
366 812
50 421
785 80
824 201
51 128
421 61
438 621
54 827
711 178
283 763
283 477
268 408
694 226
289 507
428 323
241 892
592 665
774 75
198 346
737 795
621 354
381 731
707 455
766 508
992 502
92 916
181 735
828 18
971 721
4 652
412 422
67 678
719 976
835 98
517 70
521 620
701 608
505 444
506 428
66 328
453 205
958 517
317 233
929 122
352 608
51 469
190 400
599 483
1000 451
503 218
612 972
901 461
222 619
614 267
427 633
661 241
506 103
51 609
632 876
332 98
38 625
500 648
118 250
346 771
244 916
468 371
854 925
566 720
877 97
30 978
349 5
667 952
191 105
336 902
107 405
223 472
560 210
203 877
59 75
519 796
658 148
204 347
742 922
196 224
5 245
543 288
203 637
770 592
553 336
808 156
792 466
318 212
857 579
377 720
40 716
684 309
353 464
277 694
600 293
890 290
937 119
528 61
729 989
259 982
577 234
382 503
88 459
265 416
1 327
839 917
317 13
582 947
629 608
584 126
514 26
941 867
590 608
358 99
181 626
599 134
571 662
872 486
376 660
16 864
432 79
256 410
39 39
766 12
427 944
451 373
124 904
713 189
254 120
314 709
791 182
231 997
69 190
22 451
623 651
15 644
345 481
1000 852
197 835
64 460
300 441
729 920
395 465
969 584
948 576
786 74
154 975
766 548
960 736
261 782
228 28
453 281
702 247
785 917
845 875
850 340
513 55
325 795
104 334
267 195
298 44
689 368
380 805
882 545
970 1
584 632
713 554
181 629
162 14
202 177
877 409
255 867
911 594
327 671
19 216
306 810
576 873
923 932
222 293
35 191
307 160
373 441
797 680
47 616
505 6
900 509
407 467
638 27
274 470
129 717
908 65
347 269
811 643
90 493
203 614
626 579
255 316
18 636
739 367
294 559
622 523
400 582
57 182
255 416
743 928
160 680
23 864
556 556
874 381
743 857
35 630
439 814
782 55
103 462
527 347
926 436
595 487
41 671
233 810
60 796
685 397
759 518
537 797
934 314
22 977
292 341
984 347
956 899
506 439
134 504
373 348
782 11
721 200
222 970
508 252
900 232
315 646
349 660
521 483
273 555
526 657
140 438
408 234
557 231
448 342
463 673
273 258
771 114
952 935
543 727
32 579
597 798
528 629
972 653
899 613
615 489
571 125
186 744
277 662
160 645
582 880
506 575
301 833
266 588
458 854
461 972
223 187
659 235
390 952
781 4
786 22
788 26
567 152
965 481
911 969
429 764
190 248
531 503
486 402
379 203
505 702
382 502
689 375
325 118
482 179
41 109
722 999
949 581
393 303
427 158
336 246
967 530
530 378
128 316
942 10
303 477
511 171
152 608
600 23
430 218
148 552
92 518
381 540
440 117
647 175
742 142
945 859
16 584
177 88
146 440
785 667
153 429
37 138
265 853
524 18
85 740
28 726
721 873
358 328
934 194
