60 534 30
2292 4760 13
456 953 21
1156 738 20
2722 2993 26
1668 4229 10
2260 4374 7
3172 475 5
3775 1135 5
2482 746 1
3638 3191 12
3069 1722 14
4727 476 11
4251 3866 19
3498 4488 7
303 177 29
3856 3151 12
48 3199 6
3947 3398 9
2106 90 28
4681 2035 23
1763 715 26
1431 1430 18
2727 1986 23
4110 1185 7
2005 3274 13
2722 2136 4
4791 4983 20
714 4729 6
4106 3795 14
2484 1195 3
473 4517 8
4152 3454 4
1100 2087 19
4668 3295 15
699 1251 15
617 121 5
3650 4526 27
733 2020 2
4292 3642 27
3559 4316 2
110 2926 21
1853 2442 16
2787 4251 1
4503 4646 17
1265 469 3
3199 3790 29
1582 1032 5
2129 646 16
2823 686 11
3940 4595 16
3427 1121 3
809 2212 15
2334 4076 14
3146 3638 7
226 2523 9
246 1162 1
1073 2716 27
1509 2600 24
541 3948 18
854 490 11
1321 166
4916 1690
4993 1497
2264 838
183 3600
2391 3863
354 3159
2695 3381
949 2875
1968 2195
733 3289
2338 2404
3960 4457
3676 3935
1893 777
4190 1120
838 2069
1324 2553
2451 1364
4932 1983
588 4073
4435 1374
4265 4534
1120 2327
3634 2395
1151 2392
2219 1434
1353 420
2993 648
1291 1999
1546 300
575 4211
2837 2948
3125 2084
1371 2483
1477 3802
1372 2288
1320 2708
1654 872
4018 4145
1623 534
516 3154
4514 2237
1968 1954
1232 904
3884 2344
4307 4225
2474 662
105 3023
1436 2916
3665 4746
2297 2369
3661 4949
4493 417
718 3914
1731 1716
787 1724
4821 976
1706 4807
2321 1497
2363 424
2436 1213
3563 3182
2364 2352
170 520
1821 66
4438 2653
1899 3170
3224 2015
4547 4086
4744 1502
673 2060
2984 3723
947 3174
2661 4307
690 3625
916 3594
879 1239
3059 4888
3048 4512
2152 2353
4160 216
3051 66
4226 1189
359 4093
4910 1651
558 281
4665 4052
515 220
3642 866
1536 3447
1723 120
3561 3205
3944 3958
1946 73
2840 3236
840 3658
465 3717
659 1798
3465 1502
1234 2333
3025 4166
2407 2701
3011 4414
4109 4146
3737 2388
3623 794
260 2367
1286 2746
4041 893
651 3897
439 3684
4698 3848
1418 677
630 4030
3189 594
2351 4726
2057 2348
4811 2230
3382 1873
3136 1995
684 687
3393 242
2212 4761
4918 4684
83 2811
2690 109
4400 3375
1130 3332
1924 1963
4919 21
439 4417
481 3528
2380 2046
1174 4393
3142 4871
4207 785
1246 2872
4842 646
3718 2289
4975 2534
3748 3851
2157 174
3486 2485
4856 2782
4697 3506
1864 2039
525 4681
2955 4074
2402 1247
2788 405
416 3548
4984 1912
4759 2170
3806 1347
3479 4324
1026 4754
1596 4540
2845 4043
464 917
1567 4431
1733 3008
675 4718
4695 4715
4973 2773
962 942
297 2281
763 2205
1095 1504
1987 3860
4042 2935
16 2411
1120 1911
4246 3399
3227 2034
3086 4244
1058 292
582 2822
3090 961
1844 2850
2236 4407
543 54
3690 1239
973 3171
3320 3276
3257 4504
4948 2612
4909 1818
875 1035
2401 4808
2289 3098
1439 1430
2154 1222
20 1669
4081 205
646 4085
4610 101
4752 1242
1686 4575
4041 3836
2357 1794
3996 277
3079 3818
4698 3665
1621 1812
2432 502
4851 1720
4180 2548
2041 2222
3827 4528
2202 4119
2636 3316
3618 2986
776 250
1800 4129
1804 1189
2188 4305
3437 1886
3672 4681
1709 1669
4994 4083
3406 1865
3432 1302
1853 600
1930 1063
4067 2318
1123 4905
4635 2393
4650 2633
4498 4090
2906 196
255 4982
614 1026
3010 2853
2450 4518
3780 626
1337 3412
797 65
2443 1062
2060 3919
3616 590
228 3735
1596 3756
887 4129
697 3645
4344 3735
1845 678
1278 1206
213 1626
309 1770
602 1562
1050 4946
3944 3092
368 2466
3711 2407
3338 1480
3244 2289
4736 3350
3648 2838
151 2726
4328 4493
106 2070
1207 469
249 3747
4935 192
956 1918
2457 3262
250 2692
1163 4346
1094 4314
545 31
1118 3770
2350 444
3335 369
213 855
2023 2079
3653 4016
4981 3089
3927 4369
4256 4124
4427 2316
1119 3913
2173 2744
1827 4801
1407 3285
2312 4251
2280 932
366 4476
2388 1501
388 2542
3796 1758
3317 1730
868 2089
1786 3553
1383 3148
3769 3513
3247 1136
1147 4630
2316 2716
2516 1129
1125 1582
4183 1317
4573 1345
3613 3674
2789 4439
3457 438
1683 3659
4652 3177
3975 3712
2065 2237
640 3680
1804 3600
3986 4346
4277 4979
2165 2800
2158 430
2257 415
4885 3688
30 3282
1355 782
81 1815
1364 598
2409 4011
2420 1713
180 1014
4611 923
4587 1539
1258 1049
1399 2510
416 1517
3591 4193
4014 1922
230 1171
2640 4406
2832 4292
2954 2541
2451 1773
2020 3617
3421 567
2010 3204
1302 2682
1061 1793
2033 3042
4264 4475
4697 1107
4807 850
1537 3936
4733 35
1249 4766
2128 1367
4953 2122
3698 3308
1746 311
4921 1043
959 3132
178 2954
4796 2516
2476 1253
4446 372
469 2364
168 1901
4670 1580
2946 1918
2603 971
444 588
1601 4953
4660 507
89 261
1377 4848
1753 3897
2531 2487
1103 3729
3626 84
4329 4771
200 4857
1288 4233
4496 3346
644 2690
1151 621
4346 2855
2509 3914
3747 1426
3575 3804
4821 4062
3614 1734
3605 2590
3093 1381
3660 2110
2244 1525
4829 633
4808 3681
2830 1321
3633 3210
250 2052
4657 787
3024 2706
3910 2825
3517 3737
4870 241
2494 3810
483 863
4144 1292
2538 2221
2790 153
997 4386
1188 3828
4623 263
4797 1092
4200 4835
4599 2305
2996 4946
400 565
18 3695
2745 4288
1192 1403
2719 2544
3513 321
2855 3559
83 78
1434 2174
2765 198
1209 2750
1772 2641
241 568
4420 4904
2386 324
1099 2640
3874 3894
830 4388
827 1754
4048 3768
3179 1151
1383 181
4800 3927
4562 4945
1947 837
1984 2449
4801 3501
995 4426
2992 4991
1573 4313
3053 1679
45 4895
4262 1631
1322 2803
2194 1078
3603 2608
3093 566
3053 202
820 829
1433 2763
3785 4880
2368 3528
4951 4009
4572 4350
3763 3621
4482 2972
1862 726
515 79
771 1774
2087 4585
3039 3457
3013 4079
972 2958
1017 2047
2175 3648
1198 2631
1886 4578
2120 3001
545 2417
3075 3457
743 1561
1479 1259
4388 3304
3586 2042
3710 990
4402 2971
4752 4854
3358 888
2330 2588
1179 785
3600 4594
2027 1910
854 990
3669 2994
3337 673
2655 1611
3413 2088
3509 904
492 3275
1112 2501
4122 1693
725 3128
3434 2854
498 501
924 3488
4423 2166
3377 3138
2793 1244
218 1733
4634 4056
2952 4750
4357 1180
3533 3830
4090 2862
4654 4577
3300 3150
289 4634
2592 2199
2666 349
804 1555
2392 4190
2020 1358
999 2445
1632 1388
3632 112
3946 310
3760 1200
534 323
1166 740
4841 2970
1816 4105
3237 1092
181 1301
1021 3047
2039 3492
3924 528
188 2985
3335 4536
2819 471
185 2666
783 3630
2430 2736
738 1179
