60 652 30
496 154 14
382 483 3
96 409 12
374 108 21
414 296 10
2 419 9
234 23 25
264 445 18
273 122 21
410 178 9
182 242 23
241 491 5
364 478 19
358 406 30
476 409 27
297 97 21
345 427 7
295 489 25
368 50 13
140 76 22
165 482 22
471 353 3
147 197 16
135 82 24
5 201 12
97 217 26
109 371 15
413 496 7
421 316 18
75 459 6
61 197 6
426 56 1
207 6 25
141 94 28
206 340 28
104 367 6
266 500 23
224 485 1
77 230 19
297 323 1
324 143 17
233 24 18
24 275 16
360 225 19
52 382 30
491 76 17
372 498 11
419 479 24
423 465 21
127 443 25
460 299 4
40 124 20
133 32 22
303 471 21
367 88 23
294 270 1
170 88 27
319 337 9
338 376 28
183 13 2
210 299
8 11
378 294
214 174
224 89
91 93
464 190
202 94
345 245
365 220
124 311
409 79
242 428
461 235
31 453
251 279
430 143
374 398
104 41
77 412
68 179
141 252
87 490
87 164
470 137
465 105
473 49
32 352
239 249
196 150
9 487
146 143
462 148
471 193
275 290
122 227
412 65
310 2
493 390
265 374
485 201
126 335
87 174
220 73
234 25
316 442
236 171
202 297
187 61
418 30
30 432
29 95
105 334
343 457
348 249
228 229
14 309
375 166
431 312
28 423
385 374
372 26
267 38
474 72
196 241
347 253
437 192
119 140
275 212
43 213
265 346
229 433
64 312
204 78
485 462
385 304
486 292
250 225
329 167
380 408
143 348
473 428
242 221
172 217
258 431
443 10
135 131
98 184
72 445
261 7
163 81
242 368
364 406
422 462
462 258
100 170
276 45
4 16
184 94
402 21
116 131
50 470
403 78
78 414
380 344
221 98
16 360
277 225
330 373
368 175
169 29
310 108
358 413
420 118
101 90
321 341
363 253
445 126
376 34
179 299
38 303
480 28
340 345
103 181
227 146
318 406
2 232
210 128
244 24
423 294
51 24
101 73
48 327
494 168
478 158
342 31
374 126
20 104
490 316
185 499
473 445
48 27
131 356
454 439
440 295
340 354
2 128
394 76
99 481
199 101
249 432
344 444
194 151
385 387
131 433
193 402
150 140
305 391
321 22
217 385
493 213
153 449
405 480
54 70
362 181
351 81
420 219
258 69
335 21
233 82
446 260
138 275
370 404
44 298
126 451
470 427
12 69
457 309
303 425
274 39
442 48
203 20
118 473
69 185
226 192
314 253
460 305
258 368
381 210
24 148
190 14
417 460
92 396
105 193
98 441
133 407
219 2
153 34
74 297
30 474
360 207
24 469
218 278
39 88
172 379
389 328
79 95
395 197
112 198
81 92
27 460
100 427
103 493
363 292
285 41
48 192
147 385
291 11
36 145
217 6
200 261
276 55
319 349
435 446
47 281
482 457
391 212
17 156
340 168
108 355
53 86
111 292
37 37
238 226
229 77
346 23
32 262
301 197
130 235
235 35
70 351
328 495
434 403
453 330
412 164
208 143
265 426
146 27
449 221
80 10
316 97
218 491
430 238
315 22
449 366
491 86
368 490
332 351
466 168
344 437
336 29
329 97
371 229
202 212
334 215
234 487
386 497
7 456
30 360
194 192
318 414
106 468
260 198
88 361
80 273
163 411
246 378
137 27
218 284
276 24
127 142
466 284
177 195
159 165
100 16
486 106
117 33
441 389
303 303
174 80
230 183
286 433
351 174
301 311
210 100
328 348
266 365
155 28
34 381
340 342
363 199
15 95
208 320
5 146
182 47
317 102
94 426
23 246
292 154
480 448
247 323
389 429
284 167
387 360
241 140
187 219
325 62
334 98
85 261
194 366
481 12
429 411
337 78
71 113
336 72
483 49
395 497
120 283
29 481
297 223
22 298
213 356
347 158
190 19
113 279
347 355
243 66
192 407
226 181
306 28
53 66
446 160
400 89
289 350
302 41
247 91
263 145
262 496
201 245
318 443
414 7
100 79
425 212
411 378
46 445
238 11
463 499
412 355
391 471
186 178
195 116
80 444
212 445
132 436
244 478
23 204
91 407
480 210
135 135
409 392
244 460
100 121
165 217
202 410
487 26
424 65
323 437
84 170
463 404
415 3
34 210
221 157
228 45
358 494
477 50
222 312
384 167
166 202
227 433
24 153
110 157
237 179
333 130
62 23
210 411
424 54
320 494
118 396
357 129
463 455
344 357
241 340
55 37
329 149
251 329
231 161
91 209
378 195
192 149
441 232
171 398
130 306
108 238
498 362
140 256
199 364
264 191
33 24
59 439
95 469
214 418
58 287
25 357
314 69
480 233
266 260
322 321
70 103
50 237
441 326
105 219
164 498
68 421
207 90
40 389
48 428
468 263
105 117
10 416
444 201
112 5
149 194
328 443
91 59
368 181
341 22
78 423
116 480
212 96
77 359
139 322
166 69
273 244
258 132
350 65
329 284
480 164
380 153
389 178
492 113
308 415
111 403
329 320
485 75
34 159
102 282
117 41
369 353
16 90
127 155
97 28
74 201
357 378
399 126
451 192
70 400
110 5
286 16
422 248
107 456
400 480
125 357
256 411
15 70
47 399
251 496
452 364
416 282
477 280
64 242
298 138
421 425
421 381
22 121
382 381
326 362
165 405
18 10
366 144
163 209
298 157
445 156
443 293
144 233
269 413
126 371
34 137
147 389
258 426
494 316
210 93
88 7
381 385
43 111
219 367
61 1
343 438
98 152
135 209
427 5
70 275
200 357
400 406
178 246
350 132
464 200
255 122
418 204
340 341
479 279
105 85
17 401
475 476
272 42
177 385
422 204
162 354
264 357
490 78
64 319
286 85
76 10
8 366
239 429
93 123
75 332
119 296
361 364
248 97
312 68
2 104
416 408
113 446
62 227
464 393
240 489
112 498
420 434
487 401
221 70
294 454
45 408
457 304
143 143
69 403
11 176
184 380
404 157
285 163
52 143
135 384
276 387
85 246
381 85
358 378
167 231
125 35
108 496
316 112
111 322
188 226
41 68
137 211
110 452
56 138
256 458
167 56
160 275
406 67
344 319
481 9
285 129
257 110
288 183
32 2
230 209
271 254
225 476
146 110
274 398
295 124
180 358
214 239
427 293
316 249
2 486
133 250
370 220
63 370
248 448
288 285
315 409
356 221
62 464
346 149
227 393
347 226
461 41
131 375
82 282
247 327
291 208
228 208
42 264
137 497
115 163
494 421
294 181
10 51
206 339
457 111
358 482
420 387
338 488
492 286
332 135
414 223
143 353
114 170
81 18
458 136
151 173
156 94
287 169
351 475
44 13
348 24
271 439
12 483
466 109
258 201
468 26
