30 302 30
986 114 23
238 144 1
235 313 26
302 939 29
828 295 19
773 400 19
565 628 2
38 48 3
300 493 9
108 535 6
64 271 7
490 47 24
779 764 16
6 597 17
136 138 2
212 89 17
632 860 9
7 197 22
806 233 15
246 415 27
944 957 10
917 780 15
391 875 4
563 297 2
162 203 23
226 72 28
568 910 29
317 232 11
644 498 21
5 739 15
722 573
568 874
22 628
64 923
722 458
578 64
236 389
8 784
25 112
907 135
544 750
49 457
59 417
42 522
233 458
995 840
557 530
527 505
232 23
992 466
51 124
175 966
231 492
81 450
168 395
144 240
406 434
400 2
261 277
894 900
649 310
681 812
170 132
540 117
651 391
935 80
808 930
239 966
260 11
588 352
117 285
365 845
183 354
719 490
38 418
632 785
816 539
53 39
878 716
188 669
820 708
240 214
161 123
436 900
838 834
148 611
26 950
362 538
892 753
332 980
434 102
123 846
247 818
432 228
203 15
404 500
587 837
927 722
858 425
332 152
538 191
967 959
825 292
24 742
825 541
495 280
145 831
697 83
1 136
237 639
702 387
34 505
646 169
647 651
377 681
112 425
874 200
826 316
795 68
942 206
157 490
767 798
979 794
109 256
155 237
292 272
751 242
886 625
233 391
634 915
332 642
581 973
666 127
336 237
175 658
892 763
563 678
179 444
522 141
113 425
259 624
841 485
698 557
795 365
5 373
716 703
895 922
994 713
427 194
363 712
969 592
907 15
312 756
816 985
108 199
334 39
31 151
235 179
468 335
474 717
914 228
29 10
735 474
153 867
705 618
547 74
639 263
608 41
419 796
466 648
7 176
257 201
447 296
401 784
202 470
83 138
47 79
639 101
33 742
763 983
446 514
816 180
750 313
342 817
139 150
130 501
978 875
972 503
351 696
345 113
674 635
454 575
460 968
241 387
502 892
677 865
496 59
263 75
23 225
324 476
832 95
764 189
884 661
354 140
354 399
864 190
705 324
814 504
178 760
793 107
968 475
988 287
55 128
694 610
896 729
584 554
249 236
5 542
778 767
244 340
534 811
862 304
770 699
367 35
630 198
303 216
900 239
259 443
450 161
736 695
908 198
641 704
114 787
109 400
844 693
295 511
171 567
103 686
180 456
821 572
88 89
812 251
620 832
241 981
478 31
539 638
140 660
233 958
373 987
859 577
622 843
250 387
131 213
268 722
685 532
673 272
400 28
758 482
239 118
9 281
478 480
811 970
404 813
132 406
788 519
8 164
836 953
323 304
753 504
879 704
894 37
323 440
378 360
102 455
332 754
867 18
711 368
229 505
577 26
888 378
244 50
289 650
66 111
815 107
439 554
876 716
493 519
398 181
338 10
977 242
405 652
2 469
341 379
198 453
817 315
253 735
549 834
670 215
274 509
971 350
970 251
711 329
254 850
350 251
24 205
33 721
737 907
191 518
512 576
892 585
997 956
961 724
952 365
808 868
775 715
988 182
924 162
920 882
234 302
554 244
590 978
473 89
502 93
233 960
960 188
499 679
433 721
905 682
397 68
302 527
73 819
695 950
