20 230 30
49 219 3
34 70 19
319 29 17
278 44 23
81 414 20
56 110 30
270 465 25
420 467 11
159 146 26
483 365 9
438 248 23
281 186 21
216 201 7
293 481 8
428 58 20
299 367 6
153 253 8
52 356 13
369 348 29
317 386 26
296 466
450 496
119 410
12 423
78 189
441 366
52 221
244 473
334 367
36 321
239 380
287 481
357 132
335 443
75 364
348 496
317 21
28 441
494 428
39 440
190 111
297 393
99 350
149 426
209 486
414 225
104 439
153 118
178 6
200 230
11 328
3 241
376 325
444 380
298 187
236 82
271 48
79 426
98 216
45 223
392 408
98 158
74 51
432 485
290 469
18 181
153 429
119 218
358 130
28 156
123 355
470 6
22 466
473 118
424 197
315 338
8 392
408 15
50 285
282 268
154 212
295 485
249 444
356 382
376 415
37 382
440 474
429 203
403 425
429 174
58 174
318 203
356 195
267 159
276 439
402 438
428 438
118 172
135 329
301 287
179 68
216 103
185 241
291 418
382 109
299 138
263 326
147 223
427 404
25 471
22 255
161 16
415 341
362 366
457 250
398 329
443 480
168 496
288 97
202 79
391 425
231 349
430 402
321 348
51 256
99 357
359 30
416 142
78 276
191 262
122 427
483 445
256 332
76 268
174 158
338 108
488 401
76 213
433 461
181 226
330 22
200 398
14 125
439 469
65 324
444 77
4 7
410 259
219 222
75 465
65 133
141 404
385 74
440 205
451 437
398 500
392 378
202 201
377 154
341 403
121 76
35 167
200 163
495 211
52 404
40 174
358 335
251 494
133 189
69 309
339 439
367 423
182 392
470 253
402 394
225 330
67 460
127 82
363 387
9 454
270 173
95 2
41 227
468 298
68 217
27 32
423 164
91 228
244 31
219 356
316 205
139 122
465 336
276 424
466 436
171 244
171 427
14 494
193 434
88 77
61 155
334 454
319 26
427 56
192 347
305 114
344 139
49 374
261 498
232 239
63 286
111 233
27 71
130 161
110 338
263 486
28 113
436 385
270 116
104 283
25 277
173 179
57 12
245 470
40 258
173 114
194 34
190 445
401 353
108 469
171 385
86 229
351 34
339 146
423 225
452 322
88 262
477 331
164 38
323 22
373 453
177 93
175 330
25 66
489 199
474 8
223 280
120 393
125 33
83 9
