90 200 5
368 625 1
658 37 5
709 750 3
19 90 5
384 258 5
811 605 4
116 235 2
947 231 5
283 358 1
180 133 5
704 16 1
715 705 4
512 801 2
498 907 5
846 84 3
583 96 3
9 489 4
709 267 2
367 387 4
201 913 4
481 715 5
110 525 4
373 496 4
69 534 4
911 859 3
255 499 2
334 879 5
798 445 5
674 694 2
201 443 3
566 728 3
154 923 2
709 155 3
184 517 4
27 637 5
229 273 5
64 328 1
966 897 5
342 835 5
640 834 2
815 608 4
520 915 1
606 218 1
294 543 3
356 880 4
102 40 1
410 444 3
294 672 3
982 18 2
915 725 1
33 412 3
791 190 1
91 768 4
760 501 5
610 188 5
869 868 1
846 865 5
929 816 1
575 640 3
367 317 4
529 833 2
483 119 3
983 91 4
424 782 1
5 956 4
519 823 5
239 844 5
55 613 4
530 26 4
159 998 4
302 618 3
551 400 5
933 910 3
30 714 2
522 155 2
119 685 1
873 249 5
704 630 4
461 325 5
785 506 3
422 410 5
433 634 1
555 899 5
512 446 3
417 72 1
225 887 4
974 562 4
586 674 2
849 193 3
772 858 5
694 682
31 187
511 661
685 841
343 729
400 443
134 730
205 389
871 851
70 9
577 151
278 605
397 428
684 488
879 974
644 397
246 873
815 443
145 967
503 904
5 689
201 610
48 800
773 112
263 972
762 743
904 551
304 932
548 312
670 194
557 542
526 372
991 20
459 946
197 695
470 28
809 439
956 156
533 447
153 111
753 942
170 378
458 944
138 611
878 662
149 185
767 766
74 654
421 250
151 196
326 813
610 976
216 157
637 911
22 312
406 837
8 9
753 660
49 974
224 515
385 479
441 662
46 698
917 890
235 171
268 766
849 601
745 396
814 568
100 221
280 200
862 571
706 778
869 441
417 567
57 497
151 606
380 637
116 315
185 397
367 596
683 988
771 585
157 596
679 879
466 99
802 832
446 688
62 656
762 307
622 228
773 200
626 888
667 776
95 169
918 79
324 152
1000 250
604 932
339 181
578 72
216 716
615 64
644 48
355 801
201 80
948 547
620 579
449 385
33 477
745 647
17 282
557 906
17 264
423 210
648 379
187 922
522 393
870 334
824 409
680 362
991 771
24 482
787 331
316 169
509 945
454 571
889 361
615 935
434 267
491 481
663 112
591 77
376 422
222 138
480 464
236 521
136 506
561 536
800 781
937 728
451 202
941 275
740 285
695 900
175 7
940 42
863 516
730 961
524 253
177 34
953 619
413 626
142 297
755 511
87 464
909 952
31 938
603 520
119 715
748 487
957 58
867 220
167 404
47 607
428 836
466 795
494 899
722 533
218 616
687 237
985 410
594 779
279 750
482 121
271 294
343 754
146 774
418 873
539 935
791 548
466 636
857 546
420 429
904 783
844 356
249 996
337 218
279 527
504 452
109 201
857 440
601 621
808 237
209 897
167 870
754 802
489 216
932 236
163 630
