30 150 30
3891 4799 30
3064 1135 12
4246 3943 20
4033 3658 9
4658 2458 15
1503 1725 4
990 4782 26
3014 96 5
1689 852 5
3055 3676 17
1308 127 17
75 3581 1
2484 4435 26
1739 852 18
1745 4005 25
791 3777 8
4539 3909 6
2064 3152 17
1226 4548 19
1116 3355 20
1627 4708 7
1761 114 6
1602 53 21
3808 1155 9
4433 172 20
3669 3472 5
4539 2486 21
2918 723 16
4403 2140 14
4000 1223 28
1587 4396
2233 1257
2913 3213
885 183
4598 3896
4471 243
1673 4022
1428 1477
215 72
2780 1838
462 4929
245 1736
4070 668
2 4559
1886 3789
341 1508
829 1882
3898 3339
3326 4106
375 4699
2109 2413
126 4039
947 2381
1989 3030
2977 1476
4453 935
1225 4012
2315 889
3731 2250
1982 4648
4133 3746
3814 2308
2405 1806
653 1567
4362 1533
4341 2045
4552 176
2630 267
4169 1729
80 2880
1022 3336
3749 4731
319 2222
90 2410
2218 535
2616 190
425 3311
1843 3499
4742 1393
2386 4768
795 23
3891 2013
4196 3721
2935 179
2632 3805
3247 4804
591 1768
291 3086
1782 4094
4931 826
812 3774
2624 3327
1886 4374
3665 1800
1691 3549
4852 474
1852 2229
578 1047
4250 1753
1242 4109
4683 4128
3243 4662
2796 3467
1202 4264
2807 2263
3828 996
4659 3905
3419 1572
4978 2874
4994 86
4785 1568
645 2005
1989 4474
31 98
4495 783
53 2055
640 2531
3190 3578
1656 184
1605 4201
2192 3614
2939 2850
4875 1171
4258 4815
253 2346
3213 124
1191 1625
3234 3165
4822 3001
3306 2779
1837 2150
1935 2594
4898 1880
2871 1991
2759 3440
4484 1268
458 752
539 4685
1158 712
3582 105
3179 219
2900 3633
3854 4479
4113 4870
4636 4865
2326 4224
589 1662
317 2929
2896 3351
106 3690
1402 77
737 2530
681 224
1617 3725
3494 1383
3624 722
1826 3073
2391 377
4928 4116
3116 244
629 3167
1638 4443
4270 512
4576 4268
1214 599
2020 3155
2825 695
1110 1681
4709 2424
1753 4031
2901 3562
2575 2544
252 2427
948 4569
4981 2855
4969 157
2634 482
85 3315
4308 4149
3937 3249
