40 152 30
563 695 8
279 201 5
384 246 4
360 958 8
916 16 4
433 819 1
984 31 3
625 692 9
642 530 8
735 349 5
484 962 6
892 550 5
158 955 5
257 465 6
352 86 6
731 107 5
756 431 5
699 316 6
721 330 1
302 898 8
739 651 3
289 521 3
428 693 7
950 790 2
590 299 5
583 130 9
748 527 10
693 404 10
919 853 2
442 983 7
415 228 10
897 439 6
425 512 10
680 369 7
213 357 6
114 89 1
721 247 1
690 630 9
254 324 8
283 568 2
385 610
844 656
431 840
487 384
718 956
207 408
925 366
547 155
641 130
594 588
579 899
210 762
253 577
949 885
963 628
544 959
168 987
919 595
561 893
463 794
119 955
230 519
716 700
271 990
279 864
145 613
188 117
338 964
6 434
902 538
134 522
778 727
239 246
409 251
872 177
160 277
123 549
188 400
163 831
504 829
413 537
301 324
356 652
73 537
827 285
409 413
995 749
970 126
537 609
973 449
183 322
388 444
951 513
994 994
814 216
218 298
581 478
280 348
673 704
603 21
216 82
406 767
63 924
220 125
586 384
386 558
80 765
615 646
655 620
437 64
508 926
756 710
950 779
908 47
926 880
409 830
146 804
764 357
395 111
796 183
394 710
658 186
361 39
556 138
243 564
7 962
794 823
461 740
611 689
211 258
956 926
615 14
697 26
417 131
70 692
469 861
554 366
164 617
70 640
525 415
395 396
604 878
209 769
45 6
278 924
585 968
786 56
759 135
953 369
146 553
89 544
157 350
352 662
824 833
67 847
578 4
737 621
506 873
902 216
804 757
516 102
369 699
650 384
926 779
842 110
691 612
408 642
839 779
354 311
611 421
269 252
557 498
796 742
728 452
17 3
320 451
446 569
145 461
746 919
670 336
248 20
386 343
209 15
587 192
613 721
177 299
347 231
91 275
595 672
878 305
879 912
402 761
