20 99 30
1242 1703 1
3399 3213 5
85 1032 14
1952 3519 2
96 1164 6
3570 3671 21
51 145 26
4066 721 18
1651 3909 9
4344 1905 27
3158 2227 17
206 146 24
3866 3627 12
933 4377 23
229 1888 18
2223 1769 13
1828 351 1
4934 3490 3
3844 2765 29
2626 3527 26
4455 2987
2842 2887
1036 283
3410 1844
1427 4277
10 4623
1282 963
2543 912
1913 4403
1799 2685
1428 907
1320 3117
666 1010
3294 4407
595 1844
4918 3829
1639 2671
237 4133
4814 4706
2179 2829
3552 1905
1870 520
2116 559
4858 3293
1310 2451
4728 4547
1618 4393
3213 3464
1655 413
4345 4552
2168 3903
4671 1767
2780 4798
64 1043
1980 259
3397 3093
2846 3310
2872 1575
3065 3693
1868 4051
3911 2647
2647 1260
1532 3300
2898 2085
2931 1547
2917 1589
3796 2369
4168 3480
3277 3835
1615 533
3774 1444
4802 1433
964 3491
1570 468
4047 83
3087 2460
4208 2212
411 1033
1534 4944
3739 1847
3215 612
403 1420
349 451
4858 4080
1672 4710
4728 2188
3334 4490
1056 3571
1170 2690
820 1623
4774 1974
4394 4525
3329 2675
433 4804
1248 988
3529 1827
2790 3092
1134 4779
3891 1396
4246 4174
389 1986
475 1444
4444 4915
4720 4671
4644 531
4461 2090
3526 421
2452 473
3647 4100
3750 2468
950 2752
2615 4598
3972 705
3775 4765
1839 3357
4877 3102
3224 261
3726 1472
1845 3216
