150 1584 30
1800 3834 14
3468 1345 9
798 4960 12
2391 1354 25
4377 4430 14
3511 999 3
133 4462 11
3801 509 16
3183 2917 9
107 3802 25
2457 715 18
181 2765 8
211 1071 24
3270 919 4
4891 610 16
4695 1067 23
4820 3614 12
3092 2080 11
3146 121 30
4072 475 4
651 785 28
3429 4206 23
1951 3350 11
221 4063 29
4534 4966 2
1598 1381 14
493 4421 1
1615 2405 20
2268 4906 23
3556 1571 12
275 1518 3
3079 720 19
958 1976 17
2358 458 13
3612 3507 1
1194 2264 9
2058 2068 19
4546 3272 22
2116 815 16
3292 3204 25
1962 670 27
3559 1528 14
4232 2101 19
773 1861 14
2344 4547 12
4324 4136 18
3284 1737 13
1519 2943 15
3459 800 9
2641 2218 26
1255 1259 28
2022 3130 21
4815 753 25
45 1580 14
3999 2580 14
4502 549 28
2003 566 19
1612 2984 17
4736 2556 11
968 2257 9
1556 4774 22
879 4745 4
325 4898 18
141 2787 4
4225 3127 7
937 3623 23
3551 3591 29
1212 4862 4
3822 1906 29
153 1094 9
3347 2955 5
3605 2866 30
3711 1895 2
4483 1095 4
3275 2577 6
263 4813 21
275 3759 3
4799 3827 18
3633 4315 11
368 3725 24
4233 3027 18
1830 1857 26
1401 3307 1
1578 1613 24
2926 452 16
1771 1176 26
3559 1822 25
3695 677 6
4392 3580 14
3924 3072 5
1305 270 18
2725 3233 19
3619 4354 30
2105 1433 4
4497 3616 10
2421 1523 8
3528 2141 5
1863 1651 9
3019 4096 15
1859 3684 16
285 2929 13
3848 222 29
2174 3834 17
3797 1643 27
1418 2175 3
3817 50 30
4592 2516 25
2755 3174 16
4782 370 1
1020 4144 16
1489 1038 5
2030 1044 30
4824 4540 9
4416 3862 13
3299 3536 12
11 2639 16
841 4861 21
2257 2004 22
1773 2562 13
4255 190 25
369 3288 27
296 469 6
1048 3973 26
466 242 28
1460 2951 28
2856 466 25
4546 1959 8
1808 2729 5
2031 2865 24
2405 180 26
1191 2389 22
3891 2238 2
1665 4894 30
2679 4808 6
4632 2551 7
113 2025 8
980 1431 2
1730 546 20
58 3210 10
4025 4469 21
3578 1560 28
4730 2916 13
3760 4866 18
2994 917 20
3769 3161 24
1431 2100 20
4652 3829 12
1769 348 7
3186 3493 15
2450 1777 28
3680 2940
2719 3703
873 3793
261 1530
333 3131
191 1858
4671 4300
2256 4822
893 4350
837 1459
3666 4726
3529 3911
563 3244
1947 76
3083 2392
1069 960
4189 3836
3882 877
2536 3717
4830 4836
2757 21
943 4448
765 1041
2863 1536
2001 4445
3782 2183
3467 4415
944 2713
2428 4166
4959 2570
4032 3700
2298 4212
4520 3330
3409 1252
2741 2307
1729 3418
2113 3174
2091 4750
2315 3138
2555 1414
2795 324
2458 2949
2772 1365
389 583
1783 133
719 852
408 4491
457 1569
2500 3028
3234 1174
666 2850
3893 462
4431 4770
1895 975
1651 2295
1941 804
1136 3755
2711 1344
2471 3088
3419 3935
2521 3644
4793 1494
2043 2931
3712 2918
2014 365
1353 455
4490 1753
370 3996
537 1579
2261 3534
4919 3497
3220 2079
1148 1704
2577 1385
1163 4568
1576 4285
246 794
1353 1321
1325 2824
2077 2257
1899 584
4801 3104
2860 4435
1720 3883
2308 4954
2592 3386
102 395
4419 680
4298 4206
2178 1698
4725 3533
346 4402
3463 1567
2547 4107
3420 152
522 4380
2704 2219
289 3446
4594 2794
3097 4476
2364 757
4247 4415
4218 2537
1886 3391
3549 3133
4667 2788
285 3529
725 1568
2672 2377
472 576
3685 1633
4522 4451
3806 671
2331 2904
4968 4981
4159 2590
7 3741
3214 2477
1349 468
1674 3446
3840 1724
2794 842
1864 2257
2446 964
1367 1910
3547 3747
1952 1580
3701 4392
4876 1217
3971 2422
907 4125
1183 2251
2733 4497
2223 2254
245 3337
2702 2997
2532 440
4343 4111
805 415
410 4355
203 967
1616 1393
964 2260
2144 2768
614 3398
2713 1565
1853 2825
4405 4242
1961 2081
1186 941
716 3312
392 1842
1230 582
1191 1830
4355 4773
1064 1131
3542 1538
1196 1972
4703 4642
4714 690
63 3742
444 3993
4068 1737
3126 546
2324 4172
4061 1669
1178 2180
3233 3790
3360 152
4307 1720
179 2781
1899 866
2957 2717
589 3564
1326 167
1127 1323
4918 4628
4600 40
3806 4063
1856 3565
2981 255
3246 2442
196 4248
2051 2930
2810 3889
3928 3645
492 650
4680 2910
3789 3571
3629 3997
2422 4221
103 783
384 962
2296 1482
2540 4352
3992 976
1565 3951
4649 1774
4681 3105
3335 1930
146 1644
4801 2560
666 4976
1307 4980
294 4638
3878 983
1542 163
4286 4938
2699 2429
2947 2165
1576 3639
1214 3376
208 1988
1352 784
4191 3607
1714 4720
2097 2846
3276 2339
1611 2521
1664 784
3577 798
2248 1345
3588 813
1042 4480
1498 2552
1801 339
1661 2311
2775 1103
177 4668
466 4151
1329 398
2944 3786
796 1729
738 3393
3311 4741
2269 3547
4440 1508
139 2565
4266 3090
3961 4962
1786 1871
2703 2394
3321 196
400 501
576 2547
2858 2407
864 672
212 745
4809 4998
759 1084
3049 4486
2653 3871
4298 3244
1836 3259
4150 3783
2646 3950
1519 2085
4195 4443
377 4101
3093 2707
847 3981
2850 4669
3535 714
3319 1490
1354 674
4962 3438
2521 3751
720 2513
3022 469
4651 4572
458 313
1409 2442
3197 1936
836 1672
1033 3308
4593 1496
4150 1248
1185 3715
1392 2644
1259 807
2588 3377
2702 364
1900 4292
935 232
4050 4602
1514 2968
3496 168
3373 502
1699 2250
2425 4816
3782 4848
4791 2064
762 592
1728 3
1481 3211
15 1603
1729 884
736 1069
286 1453
1020 554
396 1471
2510 4355
1514 1620
4581 1837
3273 752
2927 1611
397 2038
3850 1626
234 2032
4842 4
3122 4303
1193 4796
2959 171
2597 4902
2053 2774
1622 3808
3337 4612
2270 1920
944 1147
3388 4261
444 4924
3380 2973
1320 3085
4352 142
3594 3465
4040 2603
3285 2110
820 1907
1711 3801
4065 4728
2220 3807
633 1737
2684 3909
3917 1042
2994 665
2872 432
4687 1590
3819 1239
3693 2477
995 1305
4843 3890
3502 3264
561 2561
3837 3928
698 1229
3446 981
4096 447
4932 4996
3238 3534
83 3764
929 2182
305 3777
4140 3710
1685 4932
1055 688
2682 2474
4888 2681
121 683
62 2334
2934 3913
256 4909
4346 2489
4504 1065
2931 2570
321 3687
2646 2882
3871 252
3198 2733
4768 66
4085 1452
3106 671
4780 3799
3200 2527
3351 1189
4028 2780
4100 3929
1596 2372
3374 2077
192 3380
3960 4432
4002 4309
4439 565
2070 1345
1894 3253
1858 1558
1503 704
1940 3065
3723 4441
4758 1752
3106 3213
3998 4042
1346 851
2300 3013
3986 525
555 4977
2913 1186
364 675
4993 2182
2660 2599
2408 3308
595 4623
3425 4366
1297 655
550 904
3616 597
531 261
4348 1996
3660 1014
1532 2011
2782 2068
4129 4533
620 688
500 548
3526 77
443 3331
1726 1137
4667 4167
2867 1263
3972 4799
3276 1380
4015 4007
3699 2053
42 856
2139 1105
777 3126
1834 3691
1356 3051
2482 2528
4486 4166
4295 4879
617 81
4956 886
4121 2978
2420 4660
4991 133
3168 2168
4646 2441
2702 2737
1778 4050
4237 3448
4931 2352
4374 600
4594 1240
1857 3102
4760 4731
4794 2160
4761 3164
1939 3965
4822 636
464 780
4734 2745
1778 1347
354 4332
787 3400
2130 402
3360 1712
2615 3715
4938 2063
898 65
1524 4071
3887 659
3996 1884
4291 2043
4011 973
1161 2417
595 2395
1502 1996
1940 4226
3157 3034
1511 3870
3161 116
4832 4367
4599 671
1957 939
856 170
2724 2215
3907 3591
2129 2889
3712 2336
2076 2715
2881 453
2370 535
3066 4468
1435 3785
1703 4268
2640 2348
1835 2915
3913 424
43 1646
3240 4745
3731 582
2041 2724
1327 692
1087 4083
4219 2465
2682 1591
4500 2506
605 4239
410 4339
1974 3934
2562 2532
4559 21
2910 3283
2434 4612
4407 179
4875 1531
1184 2613
4797 4738
323 3866
4000 4244
3305 301
4839 3344
125 2357
2590 548
1084 3532
3866 4237
4595 3795
4533 4500
1851 989
1003 1596
4325 2556
2859 1206
4623 4926
2887 4528
4828 253
1284 2761
473 251
3794 2794
245 907
1868 1019
4441 2443
110 830
13 468
3197 946
3951 2094
1631 507
2510 326
2166 4243
396 2876
236 2284
4906 4211
628 4271
2477 4159
4838 980
4139 2271
3127 2946
3372 2945
2571 3745
2924 1353
3131 779
804 4496
2332 4940
655 4410
107 3776
4796 3168
3300 1005
3436 1876
564 3078
1680 1112
320 213
4645 3231
2143 4408
2268 2054
2126 3378
50 4823
4219 3554
3970 4704
1016 2205
4087 1193
1111 2213
1583 4413
729 1990
3306 2534
4393 3678
2923 1571
4696 40
535 3011
3173 793
1151 467
1467 3063
3740 933
1584 3405
1272 2717
468 456
2545 4285
840 2174
4235 2506
4872 4043
3637 4429
31 2557
4848 4628
4006 1755
2243 1814
3194 1513
4737 2236
3571 1447
238 472
751 422
649 2003
1712 1037
155 299
4397 429
3822 4620
835 3698
840 2383
1119 2000
3834 3238
2717 95
2625 2866
357 1251
350 4607
3236 4150
1366 1181
1488 2313
658 1756
3528 570
2004 1520
2033 3692
2758 2175
3401 1423
574 4596
623 1900
4131 813
1007 3771
3955 117
413 4662
1991 3345
4524 626
3309 3386
1172 2244
4292 1031
3391 3685
1256 453
478 1387
2647 608
4645 1819
1843 3836
1356 1207
1633 2629
4153 4648
916 4418
3038 3718
1081 4267
4638 2187
3128 3660
3988 4742
4280 146
1498 3959
4294 1985
755 4773
1421 3386
1378 2684
4351 4183
3393 4634
3028 3217
2548 4702
954 649
4216 2196
2830 2486
989 4307
1504 4548
3470 3749
2899 125
1879 3818
2572 3961
1163 2155
3895 2635
4264 3512
1926 28
416 1782
1877 1342
4164 3481
3432 1036
4967 1643
471 2716
3841 2828
2030 3313
2384 3488
4473 4006
3523 1821
4314 225
3766 117
4976 318
1935 1465
625 1043
1168 696
2148 426
3875 2267
1894 1845
4646 4038
3446 3902
1803 767
580 1320
2586 3810
1694 675
3911 4661
3708 3336
322 4679
2947 634
958 4876
213 4592
1575 2082
1689 4043
4461 4995
2216 146
1049 2327
982 4175
3407 3822
2794 2764
3899 3423
1659 1843
83 808
2182 1109
1212 1828
256 4983
3652 2386
3232 299
1752 3007
1062 2638
2214 2663
1129 3047
3451 4801
3529 432
4816 2413
4949 191
931 3684
1871 1124
2010 886
3506 4242
2692 972
1577 1416
4115 2634
3069 224
2583 4591
3764 2237
4358 2712
4901 1019
3400 4822
4594 414
3977 4149
1038 4852
3399 1988
1708 1216
764 3721
4983 4702
443 74
2873 3506
2832 1995
3869 1247
4819 3865
1951 2505
4036 2450
4590 2239
3260 2447
4070 570
1252 1005
4009 3757
2738 3235
1705 4983
3404 3901
275 4391
2238 2937
1689 722
3636 4982
2620 599
595 302
2449 1913
1736 854
1864 4538
74 2471
1024 3431
3553 3771
4452 4994
1549 2926
2294 3985
2436 1793
3897 4477
2262 7
4063 1610
175 3071
551 2312
1345 2388
72 3329
1581 203
237 2004
2400 3669
3789 2533
2053 3379
2402 301
4121 578
553 3328
1463 1283
4840 32
4945 4967
858 4673
3406 2332
1943 3892
3646 4880
307 350
87 2067
827 816
164 1639
2590 3430
1219 4462
425 1300
3072 3882
2273 4111
2737 316
662 2078
1067 3701
3036 2222
4328 2180
117 262
3303 3033
1640 1940
3129 510
99 139
4101 2400
3681 4500
2132 3056
2513 1864
3507 4349
1647 4967
2888 3414
1361 2326
302 4292
2109 3007
3303 4516
2768 318
457 2064
2627 4970
2941 2213
1382 4747
4826 3087
452 2761
41 1259
1768 2223
4139 26
3931 4612
2119 3272
3932 3640
3879 217
775 3290
497 827
937 2210
224 752
69 1872
4228 2745
3815 3542
316 706
4873 1806
3661 1812
3973 2944
213 3235
1051 251
1410 3059
1524 3725
1214 3619
1309 2325
2727 718
578 3733
2966 4241
3793 1115
2014 4088
408 3672
4089 1416
3578 1404
4142 2047
4504 457
3583 4897
1934 3526
1946 4393
271 3804
792 4823
209 969
2113 3827
3897 346
1330 1961
4863 4123
4613 3994
4258 2376
4257 4323
393 2154
3634 2525
740 4525
4481 480
1182 4666
3291 777
4314 2505
4642 1921
807 1262
4779 2722
3185 4461
278 1319
2730 2462
3111 4467
136 2683
2469 349
672 421
3583 3413
1252 583
2370 422
3513 2641
106 976
3523 186
1194 4958
1267 1601
2256 4311
44 1373
4718 3422
1640 4651
2034 1085
958 1671
1962 4498
2692 2499
3099 980
1261 1689
395 4523
4704 3877
919 2458
2162 283
1187 1735
1059 4649
2490 206
1888 2127
2588 4456
3687 4079
1784 323
2128 4489
2986 3112
3388 4267
4343 4480
3167 4539
759 1112
819 4836
4562 2493
1732 3562
1774 4066
3710 4714
1730 2433
4047 3898
2121 2811
4037 3554
2821 1090
994 4875
3572 4874
3980 3593
1044 194
4502 4608
4062 1907
520 254
1987 3429
391 1150
1698 4881
740 3206
3788 1353
2533 1073
1229 3257
4608 3716
1613 4330
1410 1816
3475 4706
591 4041
2147 4031
2635 4971
1825 371
730 4257
775 3221
1451 1805
1302 3907
800 1375
4035 2552
4591 734
2865 4728
3240 4932
958 1492
4574 4095
4125 1229
1077 4573
110 2857
4525 943
2457 3879
474 3873
4785 1931
4786 4630
1430 4708
4558 921
1738 4714
4725 4977
715 3281
4503 2728
885 3307
4319 3227
798 2960
2134 455
4617 1325
1461 3880
2195 570
1861 3845
1051 1672
315 2375
609 3333
1673 4765
4986 974
4110 1308
3727 2994
4650 673
2158 1698
4284 4947
2593 3378
3656 1533
2894 4991
4411 2607
2354 1923
3961 180
1087 4124
3847 920
4628 1295
4517 1708
3467 2998
1189 1645
3918 3604
1999 2145
2911 2965
3926 3551
3445 4933
3512 3165
4311 560
1568 4219
3719 1923
4870 3866
4465 627
372 2380
2949 724
448 2639
1239 2116
2445 71
3397 1050
267 937
353 3470
1266 3999
157 1135
45 4775
4076 3835
3767 1113
3640 4289
945 2623
2515 4370
1428 2090
4624 4618
196 4793
3360 4892
1283 2099
4650 199
2336 1435
2386 1743
492 2756
4307 3017
1014 3550
777 2304
1511 2692
4129 393
1048 4672
1786 4989
1017 4638
2874 2740
1990 2490
3656 2234
1427 2983
768 667
4011 3131
1043 2448
3800 3715
1488 306
3489 3097
917 3136
3067 321
850 4950
3639 4811
50 4980
1967 3543
959 3757
1725 4611
4397 3205
1561 773
3034 3133
2130 2220
3806 4192
4547 3156
2787 3160
4216 681
4270 1588
1549 1914
4212 1692
4900 4210
4849 2531
515 963
4159 3093
3215 4115
4695 1721
2257 2304
3962 1722
1145 3367
1291 882
1865 2290
2221 851
2221 2750
1215 2049
3546 2060
3830 3271
2539 174
4877 1070
3526 951
158 4413
3218 4625
348 3401
3200 4343
861 240
4243 2954
2890 1260
274 2033
1763 3937
1928 3312
1544 3020
345 3015
195 84
832 3369
1775 2391
4514 4280
369 4229
1038 2185
2582 3609
2264 2858
400 2343
4899 593
55 209
2508 3193
4878 2396
2475 4654
467 4451
2730 1405
2571 2898
619 1438
3166 4183
707 2802
4285 3379
3719 2766
3482 885
3136 1843
2425 2534
2351 2118
1614 4287
3358 2877
804 4551
2439 3244
3651 1216
169 2036
3500 1494
2580 2534
2358 3666
3407 2964
2226 713
2126 2017
3271 528
1951 3528
4812 1381
3019 263
3444 1202
1939 2144
3370 1484
2521 364
4566 683
2191 3521
2466 4221
3628 2004
1919 706
1439 2878
3156 4551
4759 1283
3277 4947
4533 2404
4246 1363
1408 1539
2600 4398
1487 3958
3617 4666
4903 2708
1772 720
946 4555
4674 1445
682 4156
3716 2304
180 4034
3809 824
3912 2797
758 19
3050 4792
1853 2485
1437 23
2195 2048
328 442
1850 1020
140 4292
3637 3517
4461 3915
3105 4498
3988 134
836 602
3379 350
453 4834
1388 3080
241 3891
29 451
2535 1702
474 2936
4814 2411
26 583
1490 2558
2672 1792
207 3610
1529 591
4496 1708
2505 1081
746 3024
2899 1887
3582 3193
4028 4195
40 1443
4815 4293
1699 4045
53 2553
767 4639
1777 45
535 2893
2115 4177
2510 2452
3827 4425
956 1446
3592 3001
1926 1835
2289 2499
695 968
301 1725
4949 4868
3291 1048
2854 3629
563 4887
769 2925
2160 3372
3724 1266
3208 2290
1965 4742
1184 702
2162 2183
2062 4053
2348 1547
1664 1296
3705 173
1547 4310
325 556
2331 2663
2700 607
918 1354
3914 3262
1308 3700
235 4217
2999 972
2949 3126
2119 2214
3691 4547
3242 3336
640 1946
323 2285
3722 2183
3753 1247
3930 3238
4977 494
302 1918
275 1245
972 4511
2720 2026
1029 2864
2743 4682
2613 1563
3633 3102
4752 3298
226 225
1533 3592
504 844
3925 3650
4233 351
1992 4325
1021 2760
2338 684
3800 4249
120 153
4567 2826
1825 4009
1905 1575
540 738
1142 3567
3748 4751
587 1405
4810 2776
798 1825
152 2041
2987 3031
945 1159
4472 2699
3626 1692
1762 3954
1979 4565
1242 2470
1551 3658
1446 3333
3323 4529
1898 944
2232 3421
3557 4971
581 4288
2874 3673
1897 3058
4279 2197
2664 3756
2276 1388
4402 4028
4323 796
2613 3943
994 2587
3644 1005
585 3208
4480 4810
3744 4214
1038 13
1947 742
1933 44
3834 2020
1779 1014
4872 2183
3880 2907
2420 1038
2377 3238
2812 3552
3203 408
1916 3592
4354 1907
2012 1910
2493 1484
3172 1489
3447 434
2458 2026
4670 2573
3548 3701
1758 1027
220 1456
3616 1584
914 2295
2720 1309
951 1049
3342 4704
2057 3250
2479 2380
929 4610
4171 67
2784 1180
3161 552
1090 4543
4385 3999
3589 2109
1065 2476
319 2131
747 734
21 3762
2241 2983
2400 2525
675 33
2896 620
724 3988
3764 2519
1379 4797
4014 1938
769 4841
2200 777
1222 3950
334 1136
2716 2770
3679 4186
4278 283
2424 4365
3441 492
3738 347
4701 3422
2498 1007
2647 3149
4326 667
4886 350
2397 4180
1508 2986
2174 1371
2713 1616
4329 3429
2474 669
4769 4718
2400 4960
4753 1286
2362 3918
1358 2058
4381 3852
917 2186
1438 3231
1403 3761
4005 4778
2479 3857
793 1213
141 1484
2006 3095
110 2213
3189 3013
3949 1988
669 3547
2983 1387
2491 1791
3321 3502
1521 2657
2356 119
3654 4802
2116 2379
4797 1503
2868 2371
2288 4832
3498 3477
4011 237
251 3956
1299 1220
3647 1109
1582 1786
1335 1391
4696 112
3241 2662
3980 153
944 2363
805 766
2047 199
2858 4008
1254 957
831 4021
2065 4702
4875 2558
3399 2906
3706 528
3985 962
663 2669
1758 60
4800 1621
4161 2080
4694 2888
2928 4913
3874 847
3819 5
3461 3640
3254 4879
39 3031
3470 4919
3283 1972
3652 1518
2912 4645
2772 3598
3234 248
2253 26
3874 50
4838 1558
4192 4274
3108 4513
4240 3238
3290 857
3027 369
4183 655
3044 1766
1763 1635
385 1005
2300 2374
1594 702
303 1374
3728 2259
3814 4928
1161 2440
2534 2013
4228 2272
2227 1298
1023 3036
309 4710
2420 4439
3714 1814
4568 4528
476 1251
2737 4178
934 3739
1827 4388
3355 2638
3417 3714
4988 1132
179 3700
2370 3311
1224 4220
3360 2047
4335 256
1323 4322
2509 541
3018 1055
3733 256
3936 3673
1565 2270
3251 2935
1427 4092
1414 1135
4652 1304
2908 1000
4275 4773
3656 669
1850 4727
2924 1673
3974 4301
1658 2173
3367 1300
1337 3014
4827 1592
4921 3791
3052 4327
3614 3769
2938 2516
4829 711
1653 1829
3857 2719
1756 3832
3258 4592
399 4007
1968 3833
2113 409
1662 3156
1271 981
1687 4553
3730 355
1272 1413
2040 868
768 4585
2276 4735
1543 2925
2890 2361
3170 2279
2993 2201
4754 4353
826 4458
593 4415
3097 2572
2339 191
2383 3471
2545 2079
3866 2431
226 1997
955 447
2951 2844
218 261
2631 1122
1155 3126
727 4533
988 3697
3480 638
2197 42
4043 1640
933 1609
4582 3456
313 1837
4483 3646
2443 4153
2323 4393
223 2499
875 421
1680 2741
477 3978
3159 753
1971 4258
1039 4302
3774 462
411 1499
