150 546 30
755 463 2
305 871 3
907 828 6
773 11 5
59 74 5
191 545 8
437 715 3
856 45 7
593 368 10
11 517 2
919 397 3
903 736 10
337 478 7
646 559 3
480 728 4
863 230 8
915 248 10
445 553 8
542 947 9
928 581 8
174 184 1
987 792 5
435 306 7
610 362 4
445 383 5
345 367 4
374 170 1
428 981 3
168 128 5
539 7 5
532 117 10
526 200 3
640 975 3
863 15 10
637 255 5
458 886 6
775 402 4
452 293 9
169 956 7
863 896 5
710 97 8
576 257 8
524 6 7
829 609 6
694 492 5
544 445 6
819 635 8
497 481 8
164 936 3
852 665 5
154 509 9
734 697 8
569 514 8
735 949 2
524 522 7
614 63 8
484 887 5
327 281 2
14 417 8
162 322 5
754 499 5
267 779 2
599 814 2
641 402 9
285 27 4
482 577 2
1000 579 1
177 877 2
52 940 9
622 409 6
673 342 10
982 339 2
670 841 2
802 593 7
286 312 3
981 352 4
833 428 4
308 788 6
738 300 1
369 412 9
946 387 4
988 51 2
844 350 5
275 650 6
507 70 5
662 790 10
409 439 2
564 25 2
153 975 8
843 610 6
223 292 2
435 762 7
215 714 8
878 580 2
565 233 7
613 915 4
413 238 2
363 177 3
82 497 8
429 58 9
691 649 9
218 156 2
726 445 6
451 975 9
689 271 9
633 886 3
224 743 7
611 525 5
1000 31 4
687 251 4
511 269 4
905 985 1
825 894 9
527 30 8
874 46 4
346 649 8
381 17 3
449 711 3
98 105 8
36 571 4
635 167 6
415 704 9
700 905 4
669 946 5
534 908 4
603 857 3
404 992 2
787 437 7
173 678 2
232 594 6
347 725 6
425 994 2
485 733 8
716 758 7
391 639 9
534 520 2
267 210 7
793 408 1
103 78 7
625 807 10
602 91 6
527 426 10
833 709 2
718 738 7
176 794 3
419 216 6
33 167 6
370 190 3
268 414 5
268 186 10
204 110
287 445
586 903
553 703
23 576
861 51
692 467
386 226
867 732
442 70
288 273
331 508
675 773
624 568
256 755
629 420
600 324
456 543
240 439
684 852
173 187
417 318
805 694
660 274
592 637
91 269
29 391
156 627
339 149
685 482
887 867
114 60
13 912
386 705
186 317
426 26
491 715
357 855
215 769
533 736
178 835
525 120
891 897
74 854
884 554
458 513
270 784
276 6
758 582
422 240
787 264
248 73
249 568
891 74
567 136
20 960
960 145
183 918
33 343
504 599
973 382
630 338
996 384
547 813
358 25
579 333
919 172
78 79
363 884
813 323
353 249
501 578
85 595
98 271
920 905
349 592
402 396
471 280
546 385
7 800
692 817
548 864
238 857
129 566
267 648
397 881
744 784
630 576
352 285
177 10
41 896
290 908
77 72
149 141
895 22
18 267
397 352
940 92
901 824
91 360
751 889
729 714
967 968
726 98
306 344
747 15
687 10
197 337
9 76
700 371
701 913
858 622
558 521
435 987
480 660
247 113
235 721
732 456
778 53
500 548
517 35
141 942
718 528
695 670
783 753
45 528
573 63
334 559
273 761
298 463
661 483
596 224
531 951
451 156
205 868
38 160
423 455
285 423
272 499
954 244
603 630
961 125
258 876
796 445
937 508
792 344
814 286
532 324
929 284
288 59
356 571
485 353
361 4
620 737
726 605
926 692
930 935
155 116
5 221
53 37
766 873
993 449
49 615
282 901
481 789
153 431
32 869
941 27
550 523
523 146
651 154
732 132
60 73
392 243
541 671
881 372
376 493
602 980
310 434
697 250
180 683
854 194
342 61
944 270
642 171
177 154
474 44
901 741
307 332
590 867
644 606
534 160
73 253
521 825
893 703
162 279
55 166
874 589
336 375
991 19
948 747
683 519
339 683
640 776
329 974
18 698
200 736
2 653
620 38
630 911
250 933
232 54
767 251
46 382
390 820
267 168
344 969
297 78
684 490
286 342
589 358
240 959
784 687
826 241
72 728
757 811
526 301
89 98
471 470
388 493
570 42
14 756
577 982
320 886
369 922
413 437
395 341
824 78
543 274
11 526
430 301
613 896
149 683
149 957
678 194
756 451
950 148
373 298
534 323
99 601
516 645
304 111
311 857
453 269
761 846
613 571
82 11
479 631
690 93
707 110
548 939
160 183
108 736
250 898
229 526
475 973
610 268
637 738
909 37
648 249
418 657
905 403
47 257
218 259
602 363
467 505
703 930
938 612
610 713
597 710
730 827
242 532
591 372
330 616
953 507
699 314
576 160
389 377
615 712
71 604
959 61
778 749
988 336
340 885
660 817
541 972
783 255
55 537
187 247
551 61
595 946
3 417
591 72
736 536
87 637
214 610
490 471
807 54
341 346
860 955
730 1000
7 754
968 287
685 126
709 869
760 87
745 584
550 612
445 176
816 599
727 693
103 88
10 552
701 385
147 740
143 47
750 626
795 257
951 208
88 676
779 823
714 132
111 914
527 514
659 345
271 924
466 725
250 209
193 11
824 491
987 773
420 39
304 173
998 580
647 513
111 921
275 148
953 357
359 420
106 696
528 541
579 508
245 84
929 944
963 849
514 514
222 597
403 944
839 856
280 726
74 921
297 821
535 828
402 448
76 52
62 62
434 428
259 519
343 555
171 436
986 499
483 792
975 770
948 392
615 489
600 883
466 990
313 910
521 873
301 771
923 212
965 4
221 738
700 177
320 895
740 504
777 600
102 592
195 373
151 417
81 48
391 460
289 793
315 225
859 486
522 32
840 12
626 191
754 789
129 53
265 570
417 62
482 858
781 833
848 999
417 986
115 939
621 715
909 336
372 24
19 894
740 789
337 184
204 123
417 164
27 668
675 629
311 402
825 344
6 626
256 538
732 485
125 220
159 933
414 780
241 505
490 845
372 72
282 44
584 730
77 359
55 391
618 782
873 727
417 272
683 484
615 35
409 726
723 659
230 832
940 921
879 127
994 676
14 51
659 732
10 920
534 927
12 740
82 314
667 746
945 151
896 551
372 353
473 254
968 325
406 411
903 612
863 892
143 727
169 835
11 168
948 119
800 537
809 891
675 166
354 884
610 550
218 686
269 133
634 785
746 95
463 610
410 276
559 340
416 597
548 869
306 375
688 322
163 812
603 356
238 141
411 573
65 44
577 277
283 98
302 962
679 596
927 101
515 115
537 411
575 871
274 116
888 714
96 980
362 130
712 470
146 318
631 847
361 80
766 877
509 787
582 669
101 502
949 479
456 207
339 73
776 751
27 24
540 54
255 639
325 617
998 858
444 588
6 274
652 614
45 146
713 103
845 16
449 171
205 234
470 416
641 233
788 277
67 745
393 797
583 655
781 996
274 76
379 831
373 522
889 684
524 620
571 82
781 374
435 672
866 282
208 855
849 440
743 807
322 450
790 266
503 527
807 90
260 107
548 366
880 808
