90 1251 30
3815 646 6
3176 376 15
4149 4864 14
4204 4569 15
3077 2285 3
627 1008 21
2701 1732 19
3606 3319 6
4449 2383 23
3952 3302 3
118 668 12
3367 3633 24
1642 1506 21
4024 4842 20
3941 1807 16
2603 3603 22
2070 618 20
4987 2095 11
362 4996 20
3382 921 26
2584 1124 28
4147 3830 24
1383 99 12
389 4689 22
729 447 18
279 877 18
948 2962 16
4599 2669 5
2711 2657 9
4201 3151 9
3537 238 11
1091 1118 18
958 907 4
4418 3637 2
380 3745 25
403 4877 19
3869 564 11
518 4537 4
961 4091 15
3090 2923 2
2251 555 20
899 2862 13
4625 1306 27
2501 2988 11
2647 681 5
4137 2327 1
584 3801 1
3728 3193 3
4905 177 2
2042 4501 26
4199 4889 30
2514 2551 19
2427 4488 13
263 3123 1
4005 4820 16
4022 1335 28
434 4176 26
1926 3208 29
1999 4815 12
4730 1834 12
1384 537 3
1689 4095 5
1192 1819 1
166 2024 23
3511 456 9
4018 1427 14
3598 1638 19
1993 1951 11
581 1907 18
1413 3394 4
2184 4101 12
2473 4334 7
2819 4566 21
4167 4207 2
3201 2274 20
4981 2784 3
132 2353 8
536 4344 8
1053 3552 29
488 3948 21
1017 594 7
3501 3201 6
606 3733 9
4990 3993 14
1622 2082 9
1056 4558 28
4791 2565 6
3430 4571 12
4280 391 17
3567 4820 18
337 1756
1876 2612
313 1557
4115 4323
3626 4328
837 4320
2711 1307
4155 3673
2043 2177
1049 3674
4300 1687
315 4308
3836 2406
3276 3025
4562 4064
4623 2886
4337 1394
4046 4987
473 2397
3790 2008
2948 3150
1776 700
1427 393
228 984
2965 4318
2544 2860
2230 4939
1242 41
4411 4590
114 3385
3308 4332
3791 4055
1311 1808
774 3623
1693 439
4703 1507
3249 4771
282 4882
1937 1684
3154 4777
2861 2322
1463 2916
1582 2938
4819 1730
1429 1648
4364 784
392 4360
3111 4390
777 3751
3839 4467
480 61
4574 2835
1770 3770
3695 514
4031 3576
4495 896
3267 3172
3606 2713
1560 3076
1799 4789
2718 923
3136 3264
3640 3487
3295 4236
4058 2852
181 1989
4272 3705
3941 1688
567 1070
2080 2151
745 2820
1579 3719
1524 2389
3870 189
4054 2430
3429 3827
2939 3000
141 4319
2296 2474
821 3228
4759 2439
4318 3240
2761 1161
3977 4507
467 3517
1311 75
3555 536
1111 2597
2568 3609
3045 3920
2794 217
409 1402
1414 784
234 4181
3829 3057
4360 3193
3976 3483
4764 2535
2102 4706
3868 2674
3259 2931
3989 4826
3949 4713
2708 4461
3045 3200
78 4563
179 4777
2983 4818
614 4045
4266 1072
1736 3338
2937 3862
3695 4874
3552 2340
4157 3625
1794 4565
2311 2712
3686 2480
4397 1810
1830 2258
1296 1099
2923 1732
1211 2671
897 602
572 1693
3596 1888
2739 171
906 198
3299 227
4565 3383
1967 1129
1180 4030
2937 3601
3222 1257
836 3690
439 547
169 705
3415 1428
932 2240
1837 684
3594 3461
3681 4787
2015 1696
144 673
805 3345
3627 747
88 3461
3116 2397
1202 1894
875 2965
3486 33
2185 4019
2339 1434
4644 3928
4230 4695
2420 2763
3951 319
397 128
2727 3480
366 4618
2814 375
571 151
3683 3257
2592 3291
3476 2399
4509 1078
1850 4932
2235 1576
935 3765
3792 1751
2462 3375
3217 2423
4369 315
4980 395
1282 968
2437 704
949 4080
3062 352
3830 3679
3260 4364
1614 3247
3990 2909
3372 2702
574 3760
830 1438
1199 3481
3463 1369
1524 4310
838 2748
4796 2772
1826 1448
4060 2580
4846 4404
906 3280
3512 1155
3077 4669
4696 1980
4614 1117
1731 527
4554 61
1949 119
1392 421
1098 3043
4474 939
1335 2524
1452 510
3007 1667
906 4882
2063 3952
2214 4771
1533 3318
1965 4734
3469 4706
4092 232
4 3860
4651 4108
2018 1461
2361 3514
497 1056
3464 1379
1613 993
891 4624
3191 595
3326 2499
4328 4136
1805 2028
2847 3470
2880 1559
3287 3775
4987 2909
3649 872
3240 1178
3420 476
1672 4675
4989 4039
50 2594
3217 3027
1783 4581
3154 2021
4427 2361
1014 735
467 3294
3215 3446
1305 429
4460 4069
2443 919
2555 1888
603 4287
1225 4922
4766 2384
552 2486
1374 3983
424 3750
2306 229
1936 4513
2140 1171
3382 3703
1987 2850
4319 3083
1482 1547
1589 2950
4818 706
2466 332
2210 901
630 4499
1010 196
1918 3858
3578 950
3917 1547
2819 2161
4419 157
2298 4448
4273 3762
1457 3552
4181 759
4107 359
1748 1939
2402 2450
176 3980
1642 2766
1898 3334
3139 4468
3528 3900
629 2192
1013 784
2601 4154
2525 3088
463 4126
1252 1831
4196 467
3752 3743
306 3215
2890 3234
823 4690
4659 4369
3652 2606
4809 4861
4474 2666
2952 256
402 4395
4554 4211
4131 4643
4030 1630
1749 4239
2535 3279
3179 406
3718 3087
342 4601
4492 2540
1331 3208
567 415
2136 3232
2782 450
4434 4575
778 4233
4879 2816
1551 3399
3801 2059
3249 4421
949 2422
4172 2982
4217 4311
3781 3453
2949 2451
4115 1017
3550 2845
4632 1142
2736 3701
4589 2533
2434 3943
486 142
718 3766
2917 2028
3806 3976
3695 4727
4583 668
1704 1940
2755 3731
2232 394
1527 4724
3166 2892
731 852
970 3330
4613 4972
4534 3288
953 1815
3795 528
2067 4783
1071 4090
550 1124
4662 1414
1893 3096
843 4832
4447 3463
4017 631
4685 702
1837 837
3491 3165
3681 4739
1480 638
4543 2696
3879 3481
4765 3252
3083 2572
3816 4013
146 3739
2064 2706
1369 2007
3194 1550
2100 427
4294 2026
2488 3797
4781 1733
1470 4571
4358 4090
711 2000
1109 3635
582 3810
1398 1507
404 3994
1254 401
3530 3274
2449 3550
3103 2063
1731 4070
1905 2832
3829 3079
1271 3371
322 716
44 4319
2448 1281
2242 4128
1667 4754
2055 3964
497 1931
992 2240
762 2404
2325 4230
1187 1788
335 3740
3830 2741
2966 659
2444 2975
1502 1364
2270 1538
936 4003
1358 2166
284 562
4790 2849
2728 1727
755 3309
4366 812
4217 482
1339 2482
1488 1436
2738 978
514 1203
382 3824
2367 4904
1155 2765
3974 2069
4759 2593
3589 1318
4077 4784
884 4267
4302 3752
2763 318
4862 2192
4023 4257
1978 3907
760 531
4873 2656
3604 566
1120 1187
3185 3935
1211 1226
4086 1647
3365 1313
1517 2153
910 3165
4527 2382
744 1574
4350 2273
1384 4960
1111 1402
4158 1000
951 2338
3660 3262
3090 4544
1907 4597
1219 2668
4000 3465
710 1434
2748 3925
3770 4546
4056 1707
4040 76
1555 3530
1481 47
182 1629
208 4688
2728 3736
3166 1621
700 45
3729 2092
3625 4322
2224 2806
4245 4850
3582 56
744 3613
2962 1469
3827 3293
1978 2954
142 2608
125 2866
337 4548
3485 3635
235 1801
2737 2059
2013 1748
788 4094
4690 334
450 1465
3840 2692
1979 147
1637 4119
2951 3679
3021 3732
3185 451
1888 1377
358 4127
4322 2620
68 2364
870 3487
2735 1027
2107 1866
4882 2919
3674 4888
3271 2460
642 4092
4304 928
4024 3211
3844 2928
3934 1572
3598 868
250 1362
3544 1446
131 2048
1854 471
1828 1505
1802 2558
4017 1713
3525 3314
2751 356
3123 2204
4144 2561
3515 1594
3196 2227
4717 3839
2114 1701
3797 1341
2587 2749
4519 1145
4281 4357
2124 895
2275 4518
4538 1120
169 3697
1088 1246
1567 4151
3966 126
3291 2402
4404 4791
2158 4831
2153 2670
2812 4837
981 4182
1305 3272
2849 1583
65 3843
1329 1090
2707 372
4971 4105
168 4168
2517 1111
2600 663
1447 4508
586 124
698 2786
857 3042
1720 4371
318 3252
413 1188
4474 1805
3923 2931
4815 69
4349 1316
1317 4696
2041 4443
412 4793
2466 1644
275 3336
1392 519
140 4287
2623 4067
4779 3589
3038 1379
87 2723
1755 1573
3374 1465
2390 219
1720 3972
3459 1270
780 204
1895 2071
2455 2611
2557 1231
4767 4694
144 2695
1026 2219
409 2292
147 3994
4063 236
860 4848
264 4366
469 1744
1849 1529
3232 2329
3277 1121
4341 486
4023 3854
4429 899
2494 4896
2759 1554
2421 2406
2707 2326
226 1353
3137 2848
4311 4643
38 176
2661 2137
977 4240
2818 2463
1912 3726
4040 4651
3580 1846
1874 4632
389 1585
3866 268
1254 4667
4511 2569
648 2248
780 153
2974 665
4464 2969
444 1803
4683 4957
3391 3252
3790 3761
1869 1569
3985 3446
2927 3211
4584 2421
1199 1206
1382 294
1799 3594
4691 273
3244 2190
315 3759
44 2236
3093 752
3878 4442
2269 2219
3786 1110
103 3330
4753 814
4762 3268
2965 670
1671 988
625 3736
3303 965
1091 3848
2231 1624
2493 4938
3437 2776
4329 1395
1981 1492
4775 354
322 565
2109 3237
3808 2479
2176 1758
4293 224
4349 3357
1874 2991
3699 3319
709 4083
3712 4099
2913 3535
526 1795
2245 4607
3819 2579
1852 1189
809 2183
3582 1134
2341 3311
1246 3750
2388 1316
2781 1037
799 3392
1516 4490
4512 672
3937 4367
3502 4949
4059 4002
2952 143
4478 2865
382 2698
1645 4371
851 58
811 8
468 1905
428 1986
3184 2322
2321 774
3220 4858
1247 1002
3323 3097
1030 3329
2611 1430
2952 4152
1775 644
4087 2461
3505 4301
4178 1659
2394 2946
582 4051
4506 486
3775 2110
1258 935
1121 3303
2993 174
3411 4943
2581 4568
530 2906
4880 1141
2446 4528
4370 2620
3855 790
3016 1402
3002 3402
357 3907
3691 1526
3171 3857
1063 838
2884 592
104 512
4433 3518
3916 1661
1442 4089
3222 2234
2272 2500
1746 3073
1303 3755
2879 4188
184 1398
2285 717
946 1151
4163 312
1245 2259
648 3935
417 3781
4523 1757
54 897
3189 1407
3721 601
250 48
2451 4780
2730 4899
2066 823
2613 3270
4881 4146
2351 529
213 4991
3177 600
2391 4889
3180 2902
3365 3677
1289 3675
528 2657
4503 3533
2491 1307
3617 2081
2939 3396
1103 2248
691 3599
355 4916
1944 619
4701 2164
3170 4893
3912 3475
4568 3234
3396 3087
461 2540
480 139
4880 4738
4084 2660
4119 551
3497 1432
4206 4375
2613 2242
4102 2804
113 4006
4492 4297
3214 3890
3713 483
2043 1807
3437 2225
3628 3766
1460 4289
1547 1918
4634 3975
3160 3256
2378 3079
4019 1635
685 292
4682 3878
1284 1775
3983 1482
4539 4667
724 1248
2718 747
1862 2853
2409 769
1803 901
2360 3971
2639 3823
644 3844
904 4349
1637 3675
1507 4502
1400 2203
4933 3951
885 4978
1293 4146
4641 1326
3695 3244
4025 4261
4180 1057
3640 4671
787 4219
1191 2798
4990 2707
4501 1135
1020 4777
1835 575
86 4817
1894 1063
1064 4735
1179 309
419 1890
4774 1987
2883 1030
2001 3127
3667 1064
4290 695
2142 3059
4161 1365
4162 4319
528 1634
1237 3127
4918 2027
4660 1746
1808 537
4940 4129
3064 3122
3521 3747
1788 1844
4737 649
2543 892
3543 1145
3315 4701
2895 3272
1505 610
4935 4956
4445 3530
4967 2214
4011 3505
1486 4838
2043 3249
486 1949
1860 2497
25 2243
306 84
2866 1024
1744 3733
1425 2404
3275 4392
125 4073
2775 79
2211 3211
662 537
92 2844
3683 4100
3567 3110
1381 2345
402 3703
3089 3359
2456 1620
1435 884
2001 1303
1117 2204
870 2884
4782 3991
4620 2698
31 1005
4456 4284
1556 607
3096 1768
4348 4946
3159 3265
1985 3100
4062 2797
153 2172
2741 4443
3436 4534
4021 1627
2523 1337
4428 3337
3580 1332
3297 2786
1797 4880
3334 3167
1010 1781
4735 583
2238 1669
2207 2588
1772 4700
2202 3086
643 636
1348 1256
2099 1789
697 1756
175 1252
2161 2378
3390 2962
3206 4080
1736 3695
524 1441
196 3069
3959 3520
1575 506
4857 4798
2162 522
4839 204
1367 1734
206 4520
2509 58
3894 1402
3948 1447
3523 4127
3322 1037
936 1122
4383 4509
604 875
204 4334
4606 1723
4144 3035
1487 4452
2083 4821
2714 3288
3941 1932
2192 366
4854 2641
553 2051
4256 2416
16 3460
3121 1810
1069 4676
4899 4018
4168 2282
3365 3682
3491 4110
1201 4707
2309 1616
1296 2647
4749 89
3174 2817
2501 1114
660 2552
73 3306
4703 1037
2706 1072
4091 2034
2710 1542
3176 3969
522 4563
1056 1635
3565 112
4980 3524
1045 4583
4664 4414
3612 735
1986 3750
767 3544
1041 1222
1382 2453
3140 3224
2561 2772
3293 2163
910 913
4458 2785
2832 4842
1446 115
2571 3380
3631 458
258 3061
3627 2635
1975 1263
2856 3245
85 3195
1267 328
2879 3499
1152 3317
3700 3180
4316 4677
527 2475
21 2330
2692 2675
783 2967
2426 1958
2858 3684
3129 2648
1609 1612
1941 2690
892 3507
3170 4141
1931 1066
7 767
1066 4051
1705 1039
3987 4602
2277 3870
4048 3704
3205 3372
2144 3379
3387 3352
4684 2680
3837 2617
2112 2080
1214 2476
2566 672
319 4749
210 2526
2626 3610
3932 535
3963 209
2964 2433
2173 3369
646 1342
4665 292
1622 4513
3805 2544
479 259
846 1807
463 1835
4511 3564
779 2754
3438 2654
4347 4645
1969 4345
2522 2821
3218 1893
3976 355
4537 2429
3339 4709
1129 1161
801 4385
2020 3933
336 1432
4879 4956
4423 4183
4657 3444
4839 4291
1883 1244
4642 2619
2930 1159
28 2803
4355 1325
2409 2699
2998 218
3212 3663
2718 4705
3552 716
3879 901
4802 954
4745 3172
2788 1430
1070 4115
769 1675
4705 4008
4060 2879
1155 2992
744 3124
2924 3074
426 4943
2682 716
2629 3885
4734 2728
1320 3562
1481 2387
1664 2726
2863 3450
2291 4009
2723 603
4316 893
2814 2778
3500 3198
2458 2536
3932 3509
2556 3084
2530 3724
4165 4004
1079 1267
2480 3899
4194 4780
3872 1670
1431 2343
2930 2486
4480 3419
2304 3166
4366 139
2117 3124
2397 1907
603 2965
93 4980
799 3401
178 4810
1266 631
1227 4237
1656 4666
287 4150
4967 964
2895 2145
185 1372
4800 4888
4215 1763
4408 4461
4002 113
224 2736
955 1620
752 3059
4119 2789
2519 1556
2839 765
3854 1574
480 1721
3267 562
2315 3622
1306 3845
268 258
1410 2072
2734 1985
3275 2484
1556 1636
3120 1815
1417 3830
4594 3665
3216 1875
1882 1263
3012 4260
194 1737
4749 4439
4314 4034
1446 4544
1759 4060
3682 2130
3667 3736
3941 323
4783 492
1534 1161
3895 619
1293 3857
3909 3770
2918 1460
3437 4347
4325 1288
958 3816
3833 3312
4857 324
3391 1407
3478 2213
3512 3399
4991 1088
3755 996
3680 1382
2052 4920
2051 2448
1995 4887
3172 2978
599 293
3005 1892
260 974
3429 3817
1300 1772
3360 4905
1329 4552
3525 1863
3928 4470
703 316
4153 293
4333 3608
4501 3730
2665 473
4493 773
2267 4253
1265 3138
994 145
176 1044
2584 2258
2940 3155
144 4767
4078 4216
1082 2729
169 2750
1419 2172
1320 2771
2131 662
1884 4728
4777 603
3922 1275
1787 909
4766 2384
1796 4867
2954 161
1150 831
3967 1512
2316 480
3169 2567
978 3201
2589 2337
3616 4966
4717 4959
4375 441
2760 700
770 1065
4551 3168
1232 383
3484 538
2970 1163
4587 575
343 1981
1988 2223
2497 4770
1550 2142
360 1350
995 155
3782 2938
4969 2875
1055 1907
1397 1928
2318 3879
1033 4725
3542 4299
4526 2497
2878 2694
4413 1772
2656 4870
793 2165
1977 1767
2938 3567
4123 2442
2199 3493
2434 56
25 394
1650 4906
2068 3121
1518 3453
503 3882
1335 3669
421 1532
2279 572
4864 434
4007 2218
254 3499
3034 443
2285 3057
1184 4867
238 1543
3729 451
2191 1634
