40 150 30
177 546 7
948 414 9
472 708 6
484 838 1
606 453 1
792 179 9
664 255 2
669 463 9
468 102 9
644 334 8
384 320 3
779 876 4
469 959 9
252 752 6
491 111 9
574 916 10
144 498 10
358 732 7
410 310 2
400 664 4
889 336 4
337 829 2
382 509 9
816 739 7
860 31 8
564 962 1
951 218 6
234 662 8
659 596 5
603 591 9
144 474 3
14 649 1
210 539 6
321 724 4
308 13 3
183 149 5
662 408 5
858 473 5
877 626 2
81 210 6
905 724
32 25
221 482
419 797
83 880
797 491
442 423
434 797
384 554
289 96
465 267
39 876
191 510
229 596
986 993
841 861
358 625
180 394
492 119
979 752
718 320
209 59
192 241
64 31
717 285
597 107
914 593
379 497
106 105
501 432
257 309
28 511
86 16
107 727
471 370
801 566
946 85
791 821
953 206
215 839
254 833
643 822
446 282
408 956
165 432
868 860
998 875
1000 254
859 69
848 699
559 411
731 996
191 744
448 362
279 524
315 124
122 799
143 632
487 87
989 912
282 345
469 132
342 281
278 694
437 399
74 834
49 465
270 697
767 435
499 798
52 182
774 70
161 931
369 920
400 323
749 586
899 316
245 904
397 872
249 483
346 534
119 486
722 507
52 621
352 962
131 573
606 789
355 954
510 686
527 316
768 80
228 452
497 267
510 54
808 488
132 480
21 871
873 855
784 415
634 349
739 223
223 60
649 646
664 753
693 453
763 67
540 17
828 888
814 289
329 447
402 710
420 795
919 491
177 391
137 914
157 585
276 694
920 709
322 739
615 140
348 306
203 338
841 671
420 23
632 422
990 171
610 765
508 403
519 524
612 391
921 811
704 44
696 204
41 858
817 749
739 673
452 921
398 682
306 30
687 484
699 457
237 238
182 773
906 132
46 167
477 241
158 573
583 873
55 914
136 906
