140 2364 30
797 2532 14
4520 1498 2
2999 2046 13
2110 3539 17
4635 2730 8
4647 4511 5
1071 2350 20
4001 401 10
2775 4230 26
4181 401 10
4112 4851 15
662 3400 9
3744 1440 13
1900 4102 10
4513 1603 27
679 1179 7
1585 2136 16
1201 4621 6
4907 4148 13
2950 1173 27
4475 29 14
4948 481 1
1256 413 5
1353 26 8
4710 1257 10
1679 3987 17
3058 3416 19
1102 4023 25
3272 3375 26
412 4055 16
3543 260 18
2612 1965 30
457 4435 13
1045 1605 20
1850 2038 19
2653 892 24
2455 3657 20
3231 3202 23
3472 2605 12
1582 798 26
1717 2508 14
3990 485 25
388 2204 18
3337 599 2
2191 1187 27
3366 2986 5
1325 993 26
3159 1676 17
2099 3247 21
3638 4682 21
2707 2262 9
2573 3179 25
1000 1896 11
2952 1792 16
3673 2605 27
2938 2938 4
775 2943 21
3289 1352 19
2296 2685 10
4276 3092 30
571 3062 28
3175 2518 30
1442 4948 20
4205 4 20
2916 3012 19
2138 991 8
135 4356 7
1017 44 9
339 3568 6
4860 494 19
857 4442 28
4640 1665 30
3887 3075 4
1770 1036 22
2307 2156 19
984 2509 3
1353 3651 29
1215 730 24
4919 3244 19
3761 4790 17
4816 1660 13
2070 416 26
4360 4953 4
3597 2937 12
4690 2711 19
2013 2837 8
2715 695 27
2993 864 28
2494 2837 26
92 2688 8
3051 1231 29
2739 331 10
376 3040 6
2699 3978 2
1880 4207 10
4992 903 27
1525 613 10
453 2871 4
3576 1247 22
4398 846 30
355 2770 18
3911 799 29
3211 1984 30
2415 2038 30
200 3324 12
4663 1922 12
4029 1401 21
2317 4395 19
2021 442 23
1007 4509 26
1740 4560 6
3842 855 18
3849 4289 3
2532 1537 18
4668 3674 11
895 3173 5
1241 2295 8
4640 764 14
2611 2218 22
1117 2325 10
3415 4436 25
79 1947 14
1670 4570 10
111 1132 25
3435 3198 30
3058 3605 10
4750 4068 28
4928 2060 2
1718 3719 29
1060 4964 28
636 4338 10
3840 4988 10
2928 32 30
2894 985 19
1100 105 23
366 4538 17
4474 3773 25
4125 3122 7
1038 2869 16
3100 4937 25
479 971
2918 2988
2041 3938
3315 4766
3615 1954
1086 1089
4354 498
2571 2285
4617 1598
317 756
3918 3493
2397 1520
1672 1956
4817 4444
2904 2854
2382 4592
3364 645
2969 4240
4019 944
3425 1092
2755 3978
1107 2390
1892 3720
1019 169
2691 3042
4984 4315
4390 4483
1434 4920
2984 3160
4295 652
704 1145
4109 2637
4150 792
2402 1772
3347 4492
2673 4437
658 2232
1835 1769
4822 4519
4247 4052
4528 111
4595 1276
1615 1338
3290 392
656 1499
1463 4349
814 2480
169 3662
1989 814
3063 2901
3502 3636
3291 2293
945 1766
4559 3677
3970 4276
4763 3965
2518 4838
1068 462
1035 3932
4308 4400
1687 326
501 4629
2788 3754
3222 2463
3206 1375
2702 1489
4587 4455
4639 542
3228 4076
1319 3229
1793 338
4810 276
4643 4183
4899 3286
3818 4998
1872 4104
4106 3417
3773 1424
1646 2243
2706 2299
1931 413
3144 2242
3470 2677
3426 3857
442 1042
2329 2102
2765 3200
2886 1015
759 3890
851 2821
1837 21
1280 1046
295 4782
1861 2909
4207 3324
2077 3940
2606 4208
4496 4487
3741 501
636 992
1539 2228
2879 2976
3073 193
3224 4636
3936 2651
1444 4973
4587 4823
634 2222
3834 1516
4824 2226
4563 2932
2993 2600
1356 2871
1528 1657
4312 2322
4246 4750
2579 1539
1929 600
4994 437
3563 4621
4944 655
2235 2000
3971 4284
2374 4104
1774 563
2843 2409
1776 4311
926 4644
640 4753
703 638
225 2064
265 2455
1611 3794
3017 1143
3751 3893
2966 3160
3536 2141
2558 4397
1478 3130
3629 4950
4251 3365
2427 3634
1070 514
1683 4561
1881 2678
84 134
4304 2318
4209 1961
1054 2835
706 4302
4363 2294
3228 1275
2055 2159
4784 1984
4312 4429
1873 1001
1416 3251
2434 4176
73 3507
4238 618
4596 4570
4247 3606
1265 1271
677 3633
4529 2500
3480 3509
592 4797
2001 3891
480 1594
2633 4275
3358 610
3819 3328
1508 3266
2708 1242
4884 1461
1060 2247
3699 468
4257 2840
806 1674
3253 2878
3800 1947
1232 1983
2123 4006
4108 3312
4018 1574
1783 4642
713 4438
2066 3734
768 3228
2319 2348
1501 731
2234 1150
1497 4959
4259 3364
1599 4351
1416 1952
3115 357
1914 371
3555 4614
2252 857
30 1042
2198 4205
1514 4901
148 3
1033 641
3043 4478
2468 433
1942 4886
3266 4368
2097 4756
3354 2106
2257 541
4224 1977
4442 736
4782 360
2812 3852
2216 1156
991 3890
3892 1279
1391 1580
979 3340
4398 1331
2685 2158
4201 4539
400 3448
1249 4974
1491 3772
177 137
2866 1394
492 124
3249 3484
2919 929
706 4663
1996 2769
1023 4850
506 4879
847 385
3145 3305
1230 4588
4517 2820
1237 377
4797 248
4585 4802
1655 3627
4077 2998
3784 892
3941 2040
4156 2152
3911 2003
434 3505
1331 81
406 3736
3852 2028
2378 3799
873 2628
3545 3150
3859 1281
1047 2950
536 4881
3494 4053
4586 2585
1094 4941
725 763
3503 1923
2487 3610
2677 622
2233 2580
486 1698
3027 2994
2082 4751
1892 3637
2154 2418
3498 4418
2638 1774
4436 4673
4413 2277
2280 2945
3998 3912
2362 3562
4830 3949
3198 4368
1148 667
4529 1776
901 30
4567 3419
740 1258
4044 1544
619 1232
1408 3350
2543 2111
317 3925
4451 2877
1088 1706
2210 4755
3792 3655
3492 2561
4220 2170
2214 864
2428 31
1984 3498
2552 209
3554 3767
3512 1907
3813 4517
4685 3819
1881 4363
209 3209
848 2925
3171 2905
72 4340
824 3280
4023 2718
3517 353
1537 968
697 489
4093 3038
1256 2650
2107 2720
1428 517
3671 3370
3998 122
3369 453
2798 817
379 3894
1554 300
619 267
443 2492
3159 3247
3401 2029
1659 4690
4783 2182
3735 2529
4194 1553
2465 2484
1630 4899
3997 1849
656 4719
3263 4769
3232 431
338 2232
1122 2855
3908 1530
899 2455
1539 2993
2047 1400
3153 4933
2754 4669
3729 150
4556 1728
1029 3336
674 3542
2016 4894
3849 1100
3853 2779
4078 3533
1737 2766
1662 1035
1189 334
518 700
3480 4795
4080 3775
2855 1635
95 2313
653 68
3668 2759
4818 4140
2604 525
4055 1432
373 4907
2433 1999
2690 3214
2540 4371
3009 3090
3437 3849
1178 2787
4859 1013
3770 1597
3654 2316
4260 1385
2756 3599
2039 48
4805 2124
2929 4453
3438 4887
4171 2737
1935 1158
1509 4304
3338 3392
4079 1523
3606 2483
193 1805
21 4582
4628 4200
1557 916
4403 4123
2309 1548
998 4925
581 3537
3066 3326
213 4221
1680 832
831 2368
1696 1427
1233 4026
2729 2822
2614 2780
2787 1950
2313 2789
4230 4739
2470 216
1364 4806
1051 3358
4228 3803
4056 2635
4600 2587
1361 3150
3835 354
1188 2971
331 2740
2190 238
661 310
37 349
1255 3080
210 4620
3668 504
2169 166
436 2794
2231 1156
3438 2692
2180 4099
77 1163
3354 137
12 1921
4804 540
2316 3787
3735 316
1586 721
3341 3145
1081 1990
3667 3573
1688 3048
1576 1794
3008 3930
1257 1911
417 4820
781 1429
4462 4094
792 3994
4949 4527
4485 2830
2824 3057
3747 2630
4785 2072
4946 3189
784 3643
4221 3851
2171 2777
2374 3975
3313 3466
4236 2599
857 2947
2218 414
2201 3652
2251 2395
488 2462
1187 633
2016 4544
3579 2700
941 4055
4257 3841
4340 4511
4326 3079
4845 137
2652 951
150 636
673 2482
3396 2847
3443 1844
1209 3714
673 409
168 3271
879 2048
241 762
2464 621
533 1152
743 3716
337 2681
4195 1740
3673 3947
3795 1909
971 3422
2251 1472
4531 1292
843 4338
3068 2821
1130 1343
1932 2338
3297 4286
4480 4112
2243 2331
432 521
1140 3095
3809 1129
109 4277
4016 16
4735 1057
1951 4313
685 3323
4599 2403
3212 2885
2903 4397
4658 4308
4185 518
1131 1030
864 2587
2457 3074
4787 757
2791 3042
2870 3583
398 1766
3289 4574
1311 1693
174 2645
3749 4173
3233 821
4679 3125
1620 3810
109 4650
4248 4248
1099 1921
4375 4442
4707 2690
4964 3186
4420 3129
1039 1913
1690 3347
3684 576
3226 2556
1717 4432
2731 3839
4336 1886
4517 2914
3253 3765
4164 4332
1169 1980
1642 1008
553 3889
1314 198
990 2137
3351 3454
550 3879
2607 289
931 4032
4165 2689
1769 3399
4619 3176
3191 1381
3312 291
2087 1184
4686 1928
4892 3826
4350 4491
314 3216
695 3026
2600 3592
2143 3811
1733 1438
3639 1210
2247 3533
1917 386
3806 1185
1714 3015
341 999
958 2490
4704 3234
1318 4708
2629 2009
2222 2695
2434 3808
3382 4067
1910 4431
3435 755
3980 2011
4193 3088
1770 4273
3442 3486
4225 1681
3102 3317
4097 1132
1942 450
1008 173
4507 2315
732 652
4051 3983
5 4565
2559 3342
4265 4885
851 2957
3586 3577
4266 1563
2622 4116
139 2090
3297 2968
3029 2516
1564 4218
2952 3348
989 1940
3563 442
310 4433
1947 1539
4265 1741
2978 3312
615 2814
3820 1039
4943 4195
2402 294
2975 4214
4457 1327
3647 3631
1607 3689
718 458
2523 1727
815 4647
2178 985
1837 3469
1200 442
3476 571
4656 3848
4005 1804
348 4954
4647 2391
2423 3768
3559 3240
1915 2639
3235 1350
2639 3364
4115 1976
249 178
3886 442
2742 2762
4992 278
4020 3916
1910 1626
4233 4228
1105 2649
4235 4911
77 752
3990 4841
1954 647
1646 838
2561 114
3260 1490
4485 3117
2781 1443
4810 3244
4376 3022
416 1858
1683 3595
2185 43
3731 3773
747 4370
787 4346
3290 584
581 69
1041 1636
4832 4917
1516 1241
2678 1277
4803 399
2553 1661
1459 153
2384 2538
2296 3648
2865 1848
2963 4282
2031 1712
2311 4233
3635 4409
2768 672
40 4721
4595 264
4633 994
3029 355
511 3500
1080 2777
70 3982
649 1937
3106 2069
2477 483
1269 1270
3160 1046
832 3962
1495 1372
1795 4112
2378 166
2140 4686
4886 2214
865 3301
3256 3589
3348 4138
4285 1874
4509 42
3668 4628
2558 1392
1451 216
1129 4002
340 4119
4363 3905
3847 1212
2227 2298
683 3784
3997 3731
4906 49
1286 286
4061 623
2657 366
297 4824
1622 1526
2766 3537
935 4864
4905 1680
1625 1138
4095 50
1772 2546
2001 3695
726 1539
609 4802
507 115
1888 4127
4470 1873
4052 783
4933 3409
1975 328
3458 707
4161 4685
193 3120
1090 1939
4923 3121
3049 3759
879 4252
4535 2654
4342 2551
2620 4100
4844 1305
4345 2810
3817 377
209 4460
3130 1955
3579 4
3553 2863
3709 1184
1724 583
1867 107
917 4218
1467 751
981 1410
1491 2150
3365 4407
3665 777
4396 423
4422 2430
70 3376
2643 866
717 4900
1255 1352
3783 1745
178 3514
516 4525
2310 3393
2727 4452
994 4285
170 3186
4238 3525
1570 457
3128 924
134 1374
546 2266
1998 422
4287 1493
4287 1800
2632 3147
3669 449
2452 3871
3117 2876
3764 446
4634 2776
4574 1549
866 1710
776 4672
2936 3231
1703 4001
2611 1935
4701 2799
4765 490
3095 4799
3618 1645
479 3702
450 3932
315 2239
4922 4973
2760 4249
3449 2557
634 4340
164 2085
4899 3160
1492 1476
305 4784
2802 3380
1611 2111
4617 276
2701 3139
4291 3801
2406 1064
2700 3531
126 2685
1247 3624
4758 49
2050 4257
1323 4108
3806 4865
585 318
2656 3734
2958 3235
2113 373
4384 4628
1862 996
4062 2342
300 2361
376 572
1396 2861
4049 1979
2166 265
2533 3126
265 1026
48 3705
4443 2135
2205 3380
3319 1962
4302 4057
2863 2376
4059 1524
1584 3640
3778 1341
3560 4615
1961 4465
1452 4760
611 790
4540 4756
3749 895
2243 162
3514 4859
562 1183
4936 504
667 2971
4298 233
3935 106
2714 2560
1569 3608
1245 1062
1646 874
4108 1656
2312 3417
2473 4545
3865 3255
896 1392
2358 4227
933 3066
4594 3485
2667 3960
4797 3167
1409 4866
808 4409
2491 100
4935 522
2633 1289
4950 1431
322 2884
3305 1597
3136 2501
1767 655
2616 1815
4013 4572
856 1996
812 184
4822 4922
1374 934
4854 38
4235 4162
3736 3932
1736 742
3809 1477
501 4688
925 2001
1147 4019
3316 4904
3816 3090
4737 837
2931 195
4138 1194
4909 4769
935 2465
816 901
766 900
3186 2321
4885 3710
3003 3656
421 3016
3857 3163
1512 4386
1310 4200
3382 952
3832 3587
636 1839
328 3465
4857 3928
2787 4667
135 3976
2719 188
429 178
3575 1681
650 1874
1078 4848
3538 618
2559 2393
341 3722
4530 3524
336 3956
4451 285
2446 4399
4740 4361
989 2909
3569 4223
1849 1227
2088 4884
4921 4125
4027 1438
2193 3653
95 984
1507 301
4104 1108
4571 96
1361 2010
1776 3430
2317 4373
1985 2479
236 2989
814 2972
4620 2022
512 1519
4061 3302
3543 4633
4389 4239
3631 53
2889 173
2284 909
407 1613
985 2553
1375 2486
3605 1568
4380 4007
1696 2150
4533 2460
1927 4272
4164 745
3076 1643
2730 4350
2048 1562
3237 375
3345 1530
3531 4321
331 4444
4118 886
596 3350
1179 349
2673 2628
4604 4172
375 2248
916 1719
2812 3152
4354 82
4905 4605
3611 4375
450 377
3994 4655
1630 1020
3249 2700
4533 4736
4515 2489
3143 1410
4028 2095
3944 2462
4804 4489
2708 2016
677 3669
1825 731
4379 2198
2523 1845
2164 1067
1746 352
2334 2543
4182 2716
941 2240
1448 2314
1598 4973
2721 4573
2729 46
827 2731
2352 2392
340 2991
2280 1947
3519 507
2669 4436
1466 2895
544 2964
3505 3843
4655 3419
976 4288
2980 1035
334 4069
693 1740
658 3930
1403 2753
3683 4854
3649 2963
3021 1002
4052 188
1581 1886
4902 2482
4734 2539
3628 875
996 2999
722 2207
2683 1365
220 896
1451 2420
2511 3293
134 438
203 3410
4271 1950
2223 1276
4090 947
3785 1131
4907 1022
2937 4893
3266 4700
1967 1020
2848 3327
248 4973
4972 1972
1506 717
1966 1800
4313 1760
4463 2426
232 1399
3828 933
3065 3996
4780 2836
246 4083
2108 1494
2801 313
3055 2122
460 1057
1033 2628
2646 78
2392 4355
4939 3831
1853 3491
1881 3311
22 1203
1985 2570
1907 1005
7 2312
2639 1485
3416 3303
1331 1896
505 4850
388 2941
4867 1531
2659 752
4192 3861
534 2801
683 3305
4538 787
1550 4600
1782 3824
2629 2477
855 168
4398 1777
160 2436
1475 1573
525 677
4692 4432
2244 1793
2179 1247
330 3743
2648 2834
837 948
1830 4185
3408 775
3024 2915
4110 4109
116 989
91 3479
2632 3088
275 91
596 4883
4147 2520
3684 703
2466 3904
2599 2403
4879 949
868 3098
2156 2261
3305 926
1296 2205
3038 583
1612 4945
2851 854
422 1117
527 3860
934 655
2803 4847
1655 894
3443 1724
439 4657
3030 4322
3011 295
776 4857
3106 2190
3387 479
1926 4750
4377 4294
4860 1375
1386 519
2818 4043
3848 3976
4206 3799
2015 4216
4192 4171
3549 2577
773 394
3883 4199
62 374
154 692
2204 1601
3551 2832
398 1824
2478 4633
2066 3911
3079 1640
1172 3742
3856 3116
3731 2955
52 554
3120 2691
2895 3179
1441 3813
3391 2683
4265 1120
3512 4434
1496 4321
4677 3211
2632 3180
1882 1745
2600 4051
2868 1833
238 3843
2444 415
146 3738
4635 66
2553 2689
2587 761
3475 3355
4829 2960
3370 124
1375 4000
3470 3682
728 2222
4233 1525
4401 2495
4937 2760
201 1546
3391 1644
2950 1225
523 39
2922 908
3075 4395
249 1704
4005 4569
4915 1887
1968 781
390 2066
1414 2895
2797 589
1651 1378
3730 1078
929 260
1091 2296
1434 4677
4248 1395
3138 1995
1831 2261
4634 1574
3441 272
4102 1106
3273 3138
3327 3997
3587 590
3636 4388
4134 4262
4 3662
3171 3959
155 4038
3533 4078
708 2538
1347 2874
4297 2516
2920 1928
4884 728
1395 572
1502 349
3275 4908
303 404
927 3402
1108 2562
926 3560
3242 698
3429 1263
1171 42
3861 1213
29 3521
1100 3444
4189 66
2197 830
1268 3568
2048 1080
4529 3595
884 3905
1602 4670
1497 1206
1092 3195
446 1721
3590 4868
3458 2159
687 3492
211 3718
4576 2951
4812 4320
2425 23
790 4359
3278 3919
2969 4843
339 633
396 1491
2713 1848
4511 4607
896 4517
2494 4898
239 2517
555 4751
1648 620
4572 2097
3719 4866
1668 2565
1591 4082
3058 2788
1452 2136
508 1890
748 3406
3357 4959
2139 4776
2071 541
1700 99
2889 2060
2034 2408
3897 1239
1455 2210
3310 3100
2825 2586
3380 1608
2825 561
961 4724
3291 1781
3454 4591
1026 629
3393 3415
284 2396
2261 3387
3570 4442
3932 2909
2515 1521
1007 595
3724 2698
2409 1218
2721 1750
605 3868
275 2795
2036 434
906 3265
1373 2405
3123 3852
4088 946
4055 2272
855 4862
4653 2238
432 1922
1069 2776
1626 4674
3657 2343
2017 4156
3635 497
2266 3682
3175 1298
2802 3127
2479 2260
267 2992
1956 4705
564 3767
2780 4542
109 4651
2574 3069
4979 670
1217 1112
4391 904
654 4966
1322 4754
4719 38
4468 2779
2707 4654
449 3230
3578 2339
1342 4447
203 2160
1725 3317
629 2771
3422 3567
958 4978
1044 925
1287 4310
4234 4008
3509 2287
2498 891
2363 4170
2407 4372
3906 614
381 3257
1833 3132
113 3518
1901 4598
1472 3562
683 3871
4888 4338
2881 2717
492 1714
614 274
1635 1821
4320 130
4828 2035
2089 266
3762 977
178 2856
590 143
3310 4299
3078 4333
2404 2960
2252 177
4403 4817
1436 2842
1961 1470
4347 3741
4019 4723
2066 899
1174 1609
1977 80
3940 2476
4362 3899
3294 910
1812 4563
1728 4621
2187 4883
2550 3312
1237 2530
23 481
953 224
27 3301
3378 3961
2107 3474
1967 4369
4592 2046
4397 788
772 374
2485 2965
1246 4283
314 19
3600 1327
4703 349
4364 3851
3906 73
2452 2918
1031 268
2509 3810
3735 1397
1221 1681
4507 4541
4648 1021
120 1221
825 3780
4600 2009
2644 2977
356 3180
2645 2903
1496 3982
1536 11
904 1859
2452 4118
4045 4398
704 4520
612 4292
714 1060
4947 1063
3870 3873
1344 4642
962 1197
1448 2330
2760 1837
3563 983
4466 2630
831 1327
1273 2402
4689 4797
695 4451
967 4543
2434 4402
2986 4290
2163 526
4196 1743
2120 3394
1380 2918
1783 4776
1613 4078
1906 1276
4805 1644
1369 2540
3756 4567
693 3890
3668 1450
3529 2236
1654 3738
4899 78
1924 3798
315 4071
116 3963
4032 2734
1706 1929
1095 635
2954 1132
3230 1086
1206 3806
909 2675
2255 592
3374 692
2777 4030
3993 2847
4207 3765
2825 2485
4978 1562
1929 2651
4023 548
2868 1561
2637 2912
183 2459
4021 951
1432 1493
3304 4762
2114 1561
2186 2374
2695 3781
4267 3103
2619 3005
1081 1039
2852 1007
2872 3742
88 3196
2945 2264
1700 414
2941 4609
3788 2330
3787 4051
3676 3253
3512 1955
2865 4373
2162 2389
4095 4406
933 3374
1504 2414
3672 3739
4976 3896
344 1045
3793 3332
4889 1934
880 1563
2362 3768
4591 4418
832 1230
4410 2396
2912 2844
878 3689
1119 893
2004 4210
359 2307
3379 1480
1112 4291
4566 3698
3527 4573
3273 3942
4552 1997
549 3924
4274 2247
3543 241
1357 4589
2933 4524
3427 63
931 2325
1854 4916
3458 4423
4505 3784
3128 4624
2432 2158
4926 4183
3502 3275
3238 4676
1232 115
512 557
2805 512
4406 4845
4132 425
3865 2783
1408 1584
2752 4684
2359 3293
1571 3785
3767 2994
938 1675
4792 2682
1940 1147
3862 623
4838 4880
2189 2110
2589 946
1441 2872
129 2049
4439 4913
548 4414
1551 3161
433 3608
3907 1067
4116 1514
2773 4084
3240 241
4055 3686
4696 3707
3427 2334
2672 3173
1144 3372
2572 4210
501 628
1684 249
3725 2750
3380 2181
293 4289
3523 4175
1329 3867
2838 298
776 4763
4642 473
884 2652
2611 3716
2454 1764
2956 1859
4172 2499
2714 2455
153 1609
2279 912
2998 3848
774 918
1357 4096
613 1342
1658 1981
2546 3082
1040 746
3911 3336
2485 3959
3251 1503
4442 1358
1020 991
2469 1763
4622 3238
4424 978
2766 1106
4431 4735
4079 1210
921 2865
594 1781
682 2724
1731 4570
1139 3890
1626 1283
626 35
907 1224
3513 3876
4434 2493
3945 913
4142 4259
617 50
2812 2444
534 848
1302 815
1166 54
679 3853
1281 2589
1411 1962
1631 3485
2745 3918
1673 4620
4102 1462
4583 3303
2670 3543
4808 1271
220 3409
4043 1280
1500 4166
3749 4201
3108 387
3002 3096
4129 1813
839 1605
1700 1592
4026 2505
4147 750
4725 3972
2443 522
1561 4106
4622 141
2568 2172
672 163
3567 1667
3991 2380
1270 3690
2670 2526
2748 4531
4726 4971
1731 679
3269 680
4280 165
2108 14
1599 3708
1175 1485
3802 1437
1927 3630
4190 2126
2584 4494
2304 4887
142 108
1994 4324
2449 754
969 2676
3538 4745
2362 117
4470 243
3114 4595
4736 193
2160 899
1590 4788
52 2309
4283 3432
3333 844
880 894
1939 1353
1931 4946
2289 1675
2822 4673
4067 4895
44 1185
4438 3852
120 3974
377 227
2640 12
3805 2887
480 2120
3002 3505
155 3251
4599 3098
2132 2505
1261 3440
3561 1481
570 4909
4970 2817
3209 1434
619 2777
3877 432
4973 4356
3206 2038
3768 2463
1540 3304
4951 2827
821 4528
4842 4158
662 3757
756 1969
1302 3892
2947 162
2222 4284
668 3692
4429 1347
3105 491
2100 4089
847 4402
3029 4638
4206 3827
4950 2228
110 4716
3244 1578
4454 3625
4098 2504
3916 3321
2994 3254
3476 1477
4275 2869
263 3683
1613 1250
4886 2300
3336 2632
1901 2600
4871 437
3882 3255
4764 3402
4316 2771
2383 4762
4588 2845
393 3578
2647 799
2780 3933
4393 3001
1452 1847
125 2247
2471 2269
934 3663
1473 3867
476 3645
1401 3714
44 1123
4725 3315
4086 772
4535 4962
4215 2563
3442 1943
4526 2480
1741 319
3669 1687
2199 506
2145 1505
2570 3063
4557 3358
3035 3237
1780 3689
4070 3207
1381 3895
861 1135
2836 4616
3759 778
924 4235
190 4590
2906 398
2167 1160
2834 2571
1823 1768
1665 2492
2921 1311
1642 317
4538 3603
3959 4573
876 4895
1538 4511
2229 701
955 2871
3200 2637
1528 1261
2598 3824
4437 3629
2970 813
3952 2625
3072 100
664 1494
1412 2192
1042 3016
1714 4742
3055 3153
3969 2040
375 1307
4194 3863
1044 2550
2073 709
2119 665
2511 3513
3028 2007
4048 2456
628 644
3483 378
1096 2137
4495 1020
4782 3178
1582 1603
1334 225
1295 372
1545 2013
534 2756
880 932
1166 746
1761 4099
2107 3751
3197 481
958 210
621 2259
4917 3176
1565 2452
1810 378
3661 3260
3016 4896
2168 4770
3222 4548
789 3023
3055 3538
3885 4901
10 3321
4565 3599
2635 2954
893 1445
3192 2407
2938 3619
2015 919
2592 1104
79 1235
2942 1055
1329 649
932 4504
4867 1061
2573 2405
929 1032
762 487
4616 3891
4440 4314
3711 4759
898 1145
892 4536
4879 284
3002 3637
4638 3657
4723 1393
3708 900
737 3990
4227 2387
3225 2476
4934 4376
2145 3102
3810 100
954 2588
4145 4926
3340 2249
1409 1698
360 1041
3761 4155
375 3837
4258 4042
4287 4804
486 3999
1939 4120
1632 446
2905 2492
1427 4172
3303 1467
36 814
2391 3450
2028 878
2724 3452
2122 3767
4699 1631
1793 45
4433 3720
808 2142
597 1793
934 4309
1658 4397
2624 391
2132 4753
4338 1521
1040 4030
4258 436
2063 4201
1187 3694
4963 2775
1276 2935
4882 1183
797 2922
2995 1635
3095 888
4941 3984
1983 2712
913 4557
3159 2294
4099 4580
42 1190
293 2178
4202 4811
2712 1798
2316 1678
1524 419
2546 3412
3157 2299
834 917
4337 4498
2541 3502
1821 973
2458 4480
2108 2347
2961 644
1577 1281
2159 1051
1125 852
4040 2226
4565 4697
3607 3177
1800 513
1458 1803
2984 1532
782 504
4235 2122
1506 2344
597 3712
4691 2566
2556 4336
2443 3935
2914 1054
3651 3248
4631 112
2841 353
2785 1200
2562 2303
3920 1363
4087 4844
1123 3769
881 2226
2482 4921
719 762
4061 3546
3666 2904
13 316
3163 1667
4969 3262
3559 3170
3241 4306
1567 2472
339 3407
2745 733
2928 2726
4855 3022
3962 746
2577 1493
2944 3989
3781 1667
3560 2375
2952 2380
3396 4162
3981 4103
3791 4458
1770 2117
4243 470
2165 3316
1161 2180
3063 1290
3249 4782
1823 2055
3180 4712
2179 2587
3928 1751
3900 3674
3372 1183
2847 1444
2317 1686
86 129
574 2270
4912 4223
2342 1807
4251 951
1164 1232
269 148
4538 3480
2292 2816
642 1655
4983 3489
2843 17
1945 4385
3597 4605
1683 4120
4318 3248
4689 2834
4748 3946
4901 810
1258 3978
62 4337
347 1594
4508 218
2406 2522
4976 2185
934 2203
1260 3898
2253 1763
4345 2318
4292 2271
4607 1950
4839 4600
3695 1118
109 2365
1167 3129
1381 693
3946 4390
1629 4854
2010 105
4185 1634
2115 3603
4245 4664
4076 4476
946 1009
2965 4513
1277 1551
2138 1893
1568 3905
2395 4977
3224 4560
84 4508
2068 4040
1494 3793
1287 4174
4244 1294
2957 3615
4307 1001
3648 3739
2552 1028
3054 459
1580 4217
4495 4928
2945 2392
3336 4595
2282 3781
3236 1682
4035 1579
1791 1891
624 31
2826 2596
2059 362
4297 4886
2032 3074
3064 2942
1927 159
481 707
3666 2819
118 4350
1309 635
87 3701
1135 2837
2998 2623
3894 2774
4064 2624
4678 3474
4417 935
2508 319
4159 3842
4847 739
2876 4466
3259 557
305 659
2254 2745
2203 3643
2448 715
1709 1859
3484 2363
425 4848
4330 3881
1893 3002
2013 679
4593 4382
215 4851
4104 4960
1942 4798
917 2048
1096 4006
716 2724
275 2849
2058 4075
2588 830
457 904
1227 3861
4796 4395
975 369
3508 653
4950 3103
4488 4335
1757 4952
4992 2110
4616 3335
4410 1978
1157 2270
799 3433
82 4102
2385 4022
1811 2652
2915 1495
2958 2573
3695 3750
1976 2690
4257 3297
204 1845
980 351
775 4151
1193 3192
4036 1519
260 4947
3576 1204
1383 4763
4986 27
777 417
3629 4654
140 1434
3988 3731
4106 3195
652 2600
4298 2164
3422 1904
4097 3434
4493 3904
2605 1503
4209 4078
412 4763
4893 2290
2434 4230
4473 4134
1277 1241
3317 3852
4697 1150
1783 2413
259 2179
4737 1042
4623 307
1823 3092
2895 3008
4953 2108
2121 270
4099 1242
847 2144
4740 75
3378 22
3941 4380
4211 3503
3134 1254
1351 1824
2398 2527
1676 4679
3081 2946
1593 4281
147 3274
4588 93
1843 25
1344 3956
3580 1505
4404 3244
508 4053
728 530
2154 2168
1746 1175
2650 1050
2801 4106
1754 3066
4525 2737
732 472
2200 1931
4767 4643
1275 3685
1521 201
1599 4957
1675 3084
3782 2485
2797 1095
3813 4712
524 4612
2548 763
4947 4820
4594 1996
2639 4493
1043 3303
1458 3299
531 3719
356 472
550 4199
2445 1544
1293 4259
4028 2605
3023 1033
1960 4598
1913 3487
2793 4611
2322 4182
2118 1783
933 1420
3374 2091
488 3158
3158 907
2480 4847
3452 3526
3605 2983
45 2001
4494 1582
3339 2764
4736 1121
4936 3251
1758 2625
997 4888
3763 1271
4932 1482
4363 904
371 3865
1841 3466
656 1510
3426 4001
4997 4863
315 3335
2118 809
467 2170
3745 4485
3061 1399
1497 640
3983 3802
1681 3112
744 2534
3204 612
672 4186
189 3297
4751 2382
1727 1323
461 4410
4589 1488
351 3145
2511 1770
4958 1254
1976 2162
4487 2786
3703 4234
735 3184
1812 2162
2304 1854
1044 4240
2424 3319
4407 4636
4579 4614
1874 4851
1642 4076
2833 605
2612 534
3513 3377
2500 4406
4832 717
19 3625
489 467
925 3200
2866 3798
1966 56
1633 1399
3201 1614
521 1445
4092 2048
390 2519
1720 4280
169 3311
1435 3749
2832 446
2798 4185
1672 5
3280 934
2680 879
2618 4467
927 1941
3392 207
1808 4202
3286 206
562 2450
4242 1059
640 247
1476 4903
1681 1920
4640 4021
4290 637
3923 3747
2557 2286
448 3097
2684 2207
4778 3098
3154 1878
3402 1896
1655 1315
529 2027
4055 931
1089 3412
4663 3865
4338 4107
1204 1374
536 3228
2211 1427
88 368
4220 2848
1811 3874
4176 3986
2648 3556
4530 2301
3699 1998
2520 3709
2776 4298
3572 3949
4681 3152
1549 2787
2359 4675
2410 845
4272 1580
1 1836
4095 4914
1525 1368
1165 2591
969 4822
2928 1229
3634 4281
2353 4479
592 4190
1749 3898
4774 2087
2371 4228
4076 4266
1044 4315
2254 4881
887 4426
3174 4156
393 4331
1653 1659
604 3272
1083 50
4966 3302
812 4043
1652 3898
2802 502
1999 126
345 1100
2824 613
2583 3181
2794 33
944 3467
2453 1090
4371 29
358 712
