90 904 30
1204 2803 27
3455 1010 25
3213 4669 11
1361 2151 13
2482 2901 15
3132 1489 11
4083 3620 4
4362 1656 22
3031 2851 11
2969 1718 5
3916 3174 18
4352 2672 17
4798 1486 28
2752 1372 24
3827 789 2
3129 329 20
4917 4382 1
3219 4785 15
4559 2989 26
3759 4810 14
4257 1195 24
1580 2894 27
124 1867 26
4391 1777 11
1930 424 17
4217 2439 3
1827 2923 19
4924 4793 5
2320 4445 20
3831 4059 13
4540 4250 16
88 3663 22
3027 68 29
3090 3135 8
4400 3558 3
2522 2189 10
2531 1814 26
1665 3764 17
982 3352 28
4002 3040 20
623 250 15
4452 1115 10
3890 2143 26
1660 660 10
2283 2984 6
2453 734 30
3848 2037 15
4720 3631 7
327 444 17
1981 2367 6
450 337 19
4972 4241 13
1664 2119 14
3751 2018 7
2705 1255 27
4692 153 24
4224 731 9
1755 761 21
2398 506 10
1104 1047 4
2599 109 7
4256 1475 16
1730 4293 3
4909 2166 28
644 4388 11
4396 2916 21
1303 1216 30
4892 74 5
974 3909 16
287 2303 17
4215 3814 9
2665 4858 2
968 279 24
1983 1890 5
1826 2143 20
4382 3987 16
2942 3506 5
294 900 24
904 3692 7
4712 1144 7
2721 51 19
1896 10 22
1589 871 25
3309 1981 10
536 3476 1
4763 3432 1
2573 4958 13
1523 366 20
3967 4335 4
4526 377 22
1251 3039
4625 2733
2381 1979
2709 3876
3354 2081
4340 2338
3220 2416
4137 1634
4520 1575
2943 4804
664 2839
4283 4864
1032 2394
3133 4842
2437 1902
3094 2244
1399 599
1316 3816
3696 3677
3309 4241
3537 4018
527 1399
4512 309
3642 2097
1419 2852
4437 471
2037 3281
210 4739
3840 4503
4981 1186
526 4711
1066 1282
1431 3557
888 4601
4806 3076
4715 916
617 2835
1646 169
50 300
2684 1276
3542 3358
3517 571
4977 1446
1110 3345
483 4283
4133 1079
1807 4938
1442 972
3308 4910
2325 510
4291 4708
1397 3818
52 3944
2038 4149
2826 4850
3450 864
142 2122
4666 1397
4515 4015
4215 1761
501 3752
142 963
2637 1135
3119 2987
1471 2489
553 99
3953 2903
1482 4677
4735 3315
3153 4363
2942 4483
4839 2403
52 3485
1844 1225
681 622
1393 2794
3291 4847
2888 4261
3192 3719
3841 262
2782 4392
4323 3037
3265 1759
4456 1293
3162 2187
4288 4785
577 2466
4609 1034
4212 3225
3051 99
1359 1233
4944 568
1859 4854
1850 930
1578 39
4476 1085
2720 1287
1824 4677
1634 607
3186 2841
2306 2955
2432 570
1742 4736
2428 925
1040 3765
3318 2917
2649 2118
1856 172
2710 2278
788 343
3671 32
2076 1140
3112 1412
1536 4126
1809 2863
3073 3405
2401 2156
1853 4160
2507 141
1246 1496
3196 3838
153 1411
434 1213
3129 3268
443 445
4233 1255
324 3020
687 3446
854 3133
1250 493
793 2487
904 4563
2373 474
3803 123
3148 2477
2556 633
788 1876
4001 1236
3432 2996
1262 2009
4871 3571
682 4643
2302 3592
2524 3826
3663 2076
2002 3344
3639 3099
2148 3122
3553 3046
1236 3171
3146 2192
4222 4907
4553 530
642 4796
4705 253
3762 4660
2074 3664
3495 1364
3110 4345
4704 1358
930 1420
536 904
3409 1209
2284 4939
8 195
3707 4559
2430 2816
4035 2787
4735 1678
612 1459
1015 600
459 1141
1040 4829
1267 1701
3868 2901
3912 2514
1381 2154
4208 3263
1833 3569
79 1588
718 4086
1418 3567
1027 360
1896 3415
3983 2412
1130 1926
1183 1373
1945 1783
3955 2254
4220 1861
2233 3572
946 889
2287 1258
3556 2326
2933 2061
1688 3785
2976 2874
3060 4447
1242 4647
3674 3144
591 2099
4380 1927
4593 2327
4288 679
4816 1451
2227 4369
3521 1449
3224 3617
3575 1579
4874 464
3066 4419
4075 3458
1836 3359
4243 1825
3160 71
2937 2072
3050 4448
2408 1564
2092 2827
531 2281
3997 3127
4598 119
2062 4958
2249 4874
3304 1932
2816 163
4814 1650
1417 1863
3030 3113
3060 347
4912 4819
431 1613
424 1841
2038 605
830 3245
1039 3075
2418 4758
1990 155
4357 336
4963 823
368 3578
1556 2418
3370 2691
4188 503
1499 257
1979 1776
217 4227
2891 1886
943 3949
4252 313
4154 746
4094 2715
637 4070
1049 2836
874 2150
952 865
240 4064
1444 1079
3275 281
2603 4985
2142 1167
1184 3761
2795 4999
1332 1963
3946 4126
3924 3240
4546 300
1728 1700
1587 432
197 1383
4853 1607
1253 4997
3474 2651
1674 2293
729 3607
2020 3181
2202 911
668 2370
4982 1148
4493 195
3569 3903
3165 970
4368 1520
153 564
2798 3088
801 1082
4193 4970
3730 3663
1318 334
4170 2647
3457 3418
3097 610
4426 2170
4925 391
1017 4180
458 369
2514 3227
371 3571
96 4346
3189 3850
3461 4677
1211 219
2018 3804
1864 2703
1183 1973
1711 179
57 2894
3789 1503
204 1297
3317 337
1783 2416
4324 4411
351 847
1144 3561
3779 4042
2334 1210
25 4279
71 873
3785 4048
206 766
593 2056
4282 2571
3822 3474
150 966
1619 4867
532 2958
2525 4900
2358 4783
2905 2256
81 3446
4822 2342
4705 310
1457 13
2279 2187
2435 3481
4529 3243
720 2232
828 1697
3576 1012
4517 4519
467 3365
2687 2372
4507 4255
1716 1086
3673 2479
594 843
241 3294
939 4284
3970 1396
1976 4790
4088 1314
2578 2180
3807 4750
3691 4492
3026 1060
577 2671
987 1106
3032 140
4853 685
4684 2844
4730 106
358 1804
2766 2677
581 626
698 397
1427 3531
154 2177
1560 1098
1515 1749
2826 3213
4773 4371
2063 3727
4497 3617
2211 257
4412 3597
1278 3847
62 1148
290 660
4691 185
3240 733
1161 1183
1372 2591
4106 4351
1071 2879
2883 3979
2790 831
502 2947
3014 921
2335 3530
2905 1113
1629 1597
4694 2725
841 3186
2668 3522
1891 2872
3183 3539
146 863
680 1840
439 3841
3217 4229
3847 4732
1978 1917
4456 2032
208 756
2263 3194
3737 3389
2836 4574
3204 708
3665 4626
4842 2216
2016 1528
493 4951
3189 3156
4060 1749
1466 4282
1717 645
3829 1518
1761 1594
3476 2687
3489 3931
3801 1139
661 4076
850 2185
2736 1048
1227 3550
322 2726
4867 748
2747 4225
1039 399
4462 2020
3999 1836
2417 3607
2121 2571
1345 2448
421 4158
3121 2883
390 2840
4078 1091
2630 1621
1873 3889
4317 4687
2501 789
4426 4127
819 342
3301 4484
2100 58
3946 4202
1623 3271
4272 3820
2710 3731
4526 1732
3657 3107
605 812
1271 4785
956 1743
3248 2474
1468 4232
3112 4472
2950 4365
2762 114
3305 1916
1405 2771
1508 932
3237 543
803 1110
1425 4445
1525 4930
3138 2320
866 2662
2024 3281
3927 4328
1644 3622
3846 4595
451 982
546 2230
2301 1285
952 176
1756 4251
2717 973
4715 4717
3131 3077
2409 1346
710 931
1299 3040
4723 2147
931 2962
4021 3256
3485 1834
3084 3428
338 3919
2904 4105
1954 3209
1213 2766
3687 1989
221 3234
4948 2801
4982 3361
3437 2857
4195 2635
2392 2751
1582 4503
2217 4671
780 2488
2033 3622
495 3304
3306 1840
3582 4174
4597 3083
2071 1055
2126 1936
603 3073
1765 429
4584 4667
4218 2119
4526 2973
3678 2895
4589 2908
4775 2522
2538 817
3575 1416
3865 4217
1439 4605
1275 4661
2212 4581
100 3755
4708 4126
2077 4204
1007 3582
3682 1686
3854 1606
2308 3164
829 2721
4296 164
2224 1848
1476 1002
3655 37
2284 4249
4517 3868
4104 843
737 4679
1353 3020
1857 1302
4473 2560
2855 300
1867 4272
4450 2577
1062 815
279 678
2391 910
3127 2920
2019 1829
1731 3017
2951 1056
4120 4614
1480 1495
2699 277
334 1176
3868 1259
4353 4426
4978 2239
4279 3853
815 2715
1508 3347
2849 2002
716 209
3739 4413
2646 3251
316 1145
3124 2571
4401 1214
1143 1686
4386 892
2150 2591
3740 3599
1930 3988
339 1739
4266 2781
4895 2141
1402 4069
4115 122
4226 550
2053 3566
2449 4363
169 698
1646 4164
3554 200
674 106
4090 764
798 2618
990 2513
1348 200
4006 3916
2839 3533
2138 712
2554 2366
2574 3558
201 1550
2653 1391
159 974
2075 4391
4177 1970
3418 513
2065 4857
2839 2013
3482 1481
1847 4663
535 366
3588 4355
1182 1202
49 1132
3268 1044
2585 346
4473 2130
114 607
364 2393
4432 916
516 881
4929 2409
883 1093
1011 4142
3471 2969
463 765
521 129
137 1699
1998 614
1519 2820
1157 3363
3856 938
96 4060
3867 4389
3792 2225
1110 3296
761 1276
274 1389
3122 4903
1656 3838
3775 4008
4159 3071
1138 3389
1348 4468
379 1775
1256 187
3 1892
4114 2909
4727 1864
3094 1023
719 4996
2959 4587
2253 57
4738 352
218 3749
4619 11
453 3592
3315 1105
1159 2438
1218 3999
4704 555
2026 3621
609 3869
3441 4929
3131 4851
1966 3301
3091 3455
2567 4561
4472 2371
4023 3795
3616 4932
1712 4576
1177 860
2209 4836
2481 2210
4574 4420
3161 4516
1459 4377
3580 622
2037 995
1496 689
2950 250
504 4110
2684 2629
4402 13
359 4939
4989 4694
271 674
3176 3023
242 2392
4048 749
3699 1944
3029 166
2454 4910
4883 1585
3978 2426
1781 529
4216 2786
2550 4948
4390 64
350 1967
1348 252
4553 1530
2738 2970
4464 4860
3829 3089
4247 4315
1597 1267
2673 3469
245 3536
988 4886
1929 2142
431 1410
1595 3298
1983 2913
2594 1880
435 2681
3884 141
3726 3054
1075 2525
4000 1290
2585 1926
4393 4427
3915 478
3097 3492
1868 2210
3776 3083
1700 974
4631 1012
2773 2609
2612 904
3780 316
1325 506
4721 999
4313 2822
2478 4531
3506 989
1782 4428
300 207
2960 4226
2756 4997
2703 609
3011 3277
2067 1911
2244 4825
4762 179
3293 4115
1287 172
71 1079
3511 291
1499 3317
3227 2820
2816 1458
2878 1652
2587 957
1139 711
3409 4998
4579 2394
4934 2067
556 1380
4392 3646
4643 2923
3737 992
1169 1649
2553 3520
1389 2009
1957 1698
1986 813
3748 2412
3915 451
3048 3472
2694 1002
4143 2699
555 1209
4769 4412
605 4775
311 2575
3610 1594
4992 4518
4638 4198
1791 2191
1029 1299
345 1741
3262 723
964 264
4649 4354
1384 1422
3728 3169
1099 2228
981 2656
1681 1250
1806 3669
2951 4198
432 4593
4077 1673
3861 3999
3142 2644
3796 2824
3929 3842
720 844
703 415
4876 4021
1090 1036
2593 2320
120 4233
4324 638
2220 1946
4435 3025
545 1268
689 2826
4487 1067
2548 3790
4283 4938
1309 4571
2651 3959
4786 174
2031 226
891 1646
4861 4331
1236 4531
2808 2234
3305 2552
1399 402
3658 4713
2085 2516
4737 292
2337 816
2766 1737
3760 2182
400 312
2867 1690
2522 3765
2247 378
1916 2014
2187 4321
4429 679
899 2925
3547 3191
4872 4951
2786 59
2784 3625
2047 4098
4705 298
1093 261
4145 1153
3817 1475
2609 2315
461 2278
2122 63
2059 1201
4641 4674
2222 761
4067 3796
3765 2061
3274 2422
3997 3955
614 3036
2851 338
4239 1166
3236 1734
865 4860
3111 4501
4773 1646
2294 2397
1211 3723
607 206
3442 4541
657 2767
4064 4728
3587 987
509 3648
2336 4135
4237 1103
3885 3140
701 1007
3290 3372
3737 3490
102 4678
2948 459
4814 2284
1973 3687
3607 4567
279 937
4962 1085
1122 4870
4322 4750
4948 1920
4945 1811
4711 4328
745 4323
4521 4587
3772 3812
910 4589
2404 714
1632 2823
3473 3276
3362 2039
3719 585
1258 4933
4644 4545
3889 4438
2686 2310
3251 2244
4002 2230
4125 4312
861 3236
721 2167
2806 4254
