100 1072 30
38 490 2
927 331 24
525 393 26
475 721 16
130 160 17
941 644 6
747 366 5
947 985 24
403 788 12
588 206 11
205 891 16
808 385 18
789 12 28
151 586 24
462 765 14
91 416 9
793 360 6
516 862 6
90 991 3
951 144 1
585 640 21
17 324 27
93 622 24
857 379 30
552 320 10
178 342 27
752 878 29
466 876 22
199 637 12
80 683 19
314 884 7
980 507 4
782 998 17
937 321 27
475 315 8
85 634 27
551 33 20
597 929 3
38 735 12
710 259 2
414 422 11
113 100 21
302 280 19
334 259 26
892 463 5
990 455 17
737 774 17
158 34 14
931 384 26
781 131 7
289 193 26
767 750 9
709 949 20
164 540 27
18 121 20
646 475 30
766 871 15
765 492 21
273 183 9
979 350 8
81 245 15
592 417 23
206 872 23
732 5 23
113 391 12
995 950 5
930 543 27
56 829 1
864 761 28
295 828 17
402 90 21
584 375 12
757 625 10
868 760 5
408 479 17
880 794 6
819 637 3
647 58 8
6 51 10
930 656 29
918 308 26
284 954 16
45 142 20
321 86 15
6 928 28
28 427 2
317 775 14
915 610 29
154 463 10
899 533 28
571 392 29
544 108 9
321 484 30
167 899 7
166 289 27
931 573 13
8 197 6
51 197 8
582 391 28
948 980 1
625 358
715 973
285 841
666 284
514 165
370 119
953 634
989 311
412 79
967 420
437 295
861 81
679 852
451 699
186 528
350 962
421 607
201 898
490 251
637 821
86 144
765 985
265 749
469 673
970 217
336 804
672 383
834 640
477 163
9 512
405 99
181 530
752 502
841 835
510 146
860 532
775 414
253 645
195 912
279 753
819 671
869 730
957 417
667 109
281 352
518 333
572 869
363 644
481 521
33 638
836 779
414 809
839 677
329 558
610 24
74 650
405 907
140 438
580 861
616 239
167 354
200 169
215 353
434 851
989 997
140 167
850 424
639 525
308 361
816 300
709 556
545 596
455 716
550 898
281 269
574 216
808 637
552 58
609 499
581 696
873 926
186 320
594 762
464 571
560 311
22 130
390 87
523 58
446 935
139 584
672 515
233 742
368 131
428 154
269 539
590 41
33 352
525 705
958 28
32 248
257 276
71 547
430 960
507 841
847 684
188 399
385 617
865 453
38 347
4 509
807 461
936 942
97 206
638 859
999 904
154 625
80 85
602 930
887 910
972 678
143 604
819 701
193 490
713 386
805 636
80 469
889 628
906 378
4 774
554 372
627 747
433 267
383 623
614 911
963 451
519 366
553 430
445 405
150 511
326 898
484 746
19 827
312 410
210 100
663 327
482 939
992 917
596 966
553 235
8 437
674 162
559 247
748 792
231 870
701 705
718 665
803 203
639 133
125 645
13 484
892 646
81 43
269 936
729 454
468 46
979 582
610 495
33 217
624 334
527 106
537 540
222 272
524 883
300 640
154 695
31 261
743 812
628 917
871 565
651 858
3 606
254 63
817 525
871 291
17 749
131 194
59 914
196 174
490 888
189 382
773 333
478 88
35 628
98 690
860 361
211 917
6 595
627 234
180 795
573 752
893 328
958 895
644 351
544 117
25 400
557 967
504 623
585 299
188 101
63 95
231 46
820 967
711 746
501 437
199 694
626 799
106 230
719 46
321 443
954 120
292 560
991 441
685 352
538 40
835 551
232 515
328 760
953 262
831 978
696 67
560 258
756 917
724 844
716 611
232 855
555 127
238 598
585 759
964 73
447 459
452 184
797 551
758 146
957 557
700 510
436 439
847 21
132 964
76 530
427 683
923 217
62 574
60 740
985 942
887 245
306 105
975 234
126 522
550 437
635 589
952 25
863 948
538 471
647 958
792 352
418 299
467 58
790 36
83 427
144 550
325 48
928 843
696 763
623 711
242 800
863 114
30 339
88 181
315 184
426 619
307 235
300 6
448 579
492 929
907 515
506 342
993 42
540 701
893 291
50 318
627 429
243 204
798 234
183 83
322 612
996 932
314 186
238 533
383 76
828 802
736 75
601 729
595 380
535 238
595 776
425 162
726 562
903 718
411 583
177 257
484 864
941 186
224 101
978 303
712 971
597 213
985 619
127 992
659 194
725 272
329 600
669 836
551 420
952 67
543 623
709 703
211 589
736 966
939 640
332 936
298 640
382 194
876 133
985 328
789 16
253 824
164 747
583 277
230 229
621 769
914 828
416 596
658 159
626 47
697 554
637 330
518 894
775 882
310 290
997 68
287 184
390 805
423 931
296 534
108 534
452 241
88 445
157 941
964 845
973 666
180 203
192 343
67 664
361 644
621 17
572 952
629 322
617 387
856 574
440 129
973 558
381 456
950 622
761 546
456 426
179 106
598 802
395 390
554 898
21 664
927 163
917 843
609 362
856 430
189 171
165 860
58 729
445 737
887 395
712 925
298 49
569 576
415 205
396 126
130 6
884 113
355 943
860 918
964 537
430 651
249 329
439 820
736 162
786 714
411 248
74 783
770 867
281 769
829 477
616 310
947 918
743 116
337 770
284 855
845 512
768 652
128 663
608 914
975 519
185 225
138 575
447 22
737 434
384 556
236 912
395 205
392 136
663 711
284 737
329 343
277 356
613 571
853 50
272 633
976 927
311 536
955 409
915 309
633 312
204 941
143 761
592 676
539 601
59 928
461 183
693 369
355 150
509 712
703 12
236 732
697 277
707 339
294 203
985 489
177 719
651 571
425 357
850 634
209 104
860 193
726 298
897 827
560 279
263 483
48 655
339 906
934 235
481 124
351 231
289 858
895 894
705 815
517 199
684 2
318 825
579 710
753 123
216 884
250 221
809 611
764 510
42 596
15 222
60 335
794 514
861 304
853 334
366 679
883 964
66 268
664 170
182 707
717 44
29 576
528 454
381 137
371 33
684 28
17 955
862 33
391 197
688 376
378 722
978 963
273 531
506 845
996 950
616 746
53 199
659 8
184 151
966 814
608 998
415 50
540 741
911 441
480 310
353 949
908 981
238 981
876 43
857 805
561 940
253 410
364 845
251 872
372 113
558 389
536 534
474 998
318 769
368 847
273 760
858 116
112 371
582 8
848 62
615 915
430 113
935 269
700 493
524 876
287 28
323 1
382 375
352 967
692 90
577 931
719 357
515 396
629 257
960 713
914 634
466 33
598 582
53 134
630 504
256 98
301 435
461 827
918 347
435 649
911 31
990 72
973 30
162 778
944 158
282 84
280 703
489 189
563 995
585 818
153 982
744 212
155 778
312 520
876 117
625 634
692 210
834 588
549 366
259 411
987 576
503 457
680 123
894 554
781 379
236 187
850 844
664 324
964 804
638 680
592 609
78 42
489 12
695 621
853 95
190 392
489 658
849 712
726 828
286 134
868 384
624 234
477 418
854 948
746 122
662 561
304 359
401 9
380 713
779 322
974 479
22 269
660 718
512 20
726 295
94 949
269 991
813 494
412 147
4 244
961 764
116 77
714 741
32 994
698 211
143 893
879 289
349 371
342 126
409 520
867 933
536 932
742 259
327 237
681 135
464 45
591 464
908 877
227 788
541 176
806 760
618 169
915 65
221 271
295 985
353 113
221 244
259 24
430 88
761 306
345 95
560 667
260 259
762 469
894 820
143 210
639 549
619 662
310 622
922 563
804 321
66 178
332 714
247 529
953 411
167 271
914 128
101 630
877 923
643 916
946 684
818 632
763 254
236 490
618 846
467 827
401 184
703 724
556 339
565 132
112 487
614 131
425 16
397 412
165 176
648 855
958 715
178 885
516 332
32 352
763 555
732 865
706 579
926 366
729 456
95 977
236 754
226 85
250 57
18 416
998 614
32 227
930 195
102 33
154 496
760 188
329 474
856 764
770 666
135 577
73 776
591 246
744 94
284 913
683 641
521 420
750 510
402 991
35 926
398 457
334 89
415 108
136 814
556 598
97 389
56 905
61 516
29 940
411 267
457 610
500 55
816 362
845 432
991 127
348 973
134 231
404 739
799 797
678 871
201 972
678 553
827 400
252 517
963 87
276 600
330 231
15 557
414 440
828 519
632 681
42 459
574 106
816 9
859 997
188 291
460 422
732 393
420 362
62 41
70 423
391 706
447 241
715 500
933 834
193 565
162 400
178 756
779 486
968 70
195 520
701 869
258 478
289 406
994 995
444 253
923 229
453 30
393 185
475 928
618 17
28 769
211 376
492 147
168 5
553 274
902 715
615 581
682 853
478 555
114 844
784 6
11 534
60 202
461 147
184 864
375 814
923 797
237 966
134 690
978 330
649 203
971 773
599 873
734 331
463 288
124 21
373 623
511 296
972 139
862 168
981 671
761 371
27 55
999 73
713 205
360 905
564 588
776 846
367 175
339 696
768 785
662 392
697 236
885 772
382 447
274 786
341 191
201 519
364 339
272 263
37 313
339 540
116 180
934 588
333 639
183 437
875 33
608 329
678 906
578 95
224 775
211 566
488 900
726 110
323 921
956 117
293 461
389 7
328 26
561 175
895 353
708 881
417 223
703 177
806 304
248 35
948 441
532 769
613 962
192 304
693 97
567 378
599 699
705 520
635 702
894 561
552 324
609 347
612 118
428 112
315 922
667 300
684 983
369 420
165 114
356 608
845 612
194 7
130 154
842 248
137 139
50 857
950 303
739 893
32 114
294 907
166 907
913 918
685 900
599 760
176 557
515 799
532 781
372 481
884 926
152 564
485 776
250 41
621 213
878 62
577 524
531 460
238 566
350 565
805 503
960 46
220 207
406 252
208 146
974 137
478 278
551 92
803 948
731 649
128 3
573 182
694 510
313 532
446 947
465 955
761 117
728 2
723 52
384 320
132 903
345 455
669 830
303 278
792 84
179 45
180 931
483 264
855 136
68 264
65 981
174 844
493 243
323 44
652 947
384 818
416 194
165 679
294 689
858 665
619 236
606 525
61 752
293 41
657 331
990 94
122 830
903 324
589 689
785 271
180 94
625 876
447 387
804 987
674 483
512 363
357 675
836 525
599 443
479 371
421 603
636 489
25 935
475 213
462 89
780 266
925 907
18 249
916 124
926 625
257 253
453 327
283 185
376 929
210 286
729 386
467 895
812 603
481 490
53 387
789 322
745 674
124 415
965 765
707 911
696 484
629 432
315 18
495 386
298 743
623 313
318 201
132 852
263 809
832 557
118 332
803 450
182 697
51 469
63 107
85 633
705 11
935 466
643 567
804 612
967 546
549 349
91 893
388 530
857 76
210 986
621 4
879 841
24 998
212 269
585 952
872 638
293 839
382 656
563 625
395 211
551 723
721 926
872 349
286 806
197 823
344 146
475 795
852 172
28 681
445 176
183 525
704 957
686 797
298 917
787 550
152 460
295 640
226 486
839 813
650 859
625 357
85 621
650 392
711 168
311 587
917 758
995 642
128 228
300 894
817 93
730 821
406 27
700 529
287 266
308 573
382 835
606 895
215 378
568 46
951 843
382 934
405 95
429 320
949 856
320 53
