20 226 30
372 263 21
569 931 4
147 851 24
178 706 26
138 211 25
414 40 11
532 51 3
347 277 13
474 274 21
199 550 30
164 266 10
956 721 25
115 113 12
11 310 27
997 113 29
722 280 22
891 793 1
348 781 21
117 253 4
501 649 8
147 272
49 869
472 359
437 59
522 344
348 530
892 471
320 245
593 983
365 219
96 129
974 456
904 755
978 844
131 773
993 974
558 757
165 790
279 896
493 817
223 917
494 733
734 715
318 318
966 974
620 935
206 401
436 115
758 724
591 281
475 373
369 514
737 216
300 963
980 542
461 41
658 909
344 850
338 673
120 240
611 872
577 320
462 69
981 566
224 535
352 408
491 821
909 333
962 244
488 433
336 715
829 390
763 72
467 970
150 284
312 791
639 16
142 821
619 172
86 171
862 998
919 755
206 916
180 240
589 123
179 419
64 678
558 702
646 172
127 824
307 315
684 452
272 908
557 334
994 833
622 655
120 73
570 690
110 121
328 765
28 411
597 285
40 491
757 410
220 844
88 718
426 991
962 8
857 359
86 297
429 17
82 113
771 726
943 920
386 271
14 111
712 158
344 118
535 836
315 947
921 169
856 840
615 517
334 195
468 763
817 734
14 933
145 600
107 142
702 937
340 448
290 942
878 510
384 908
525 517
561 31
769 7
419 913
437 887
212 953
433 609
597 593
379 203
429 218
375 629
243 5
374 980
989 672
81 943
896 792
372 876
923 387
201 483
161 94
948 536
438 846
800 54
243 3
308 712
925 305
21 226
768 353
315 997
468 777
51 650
335 647
843 584
321 638
86 344
894 882
715 870
805 271
417 401
572 552
323 336
355 617
408 431
131 672
236 924
201 853
431 226
253 533
386 639
720 336
963 237
674 645
457 828
497 92
782 706
122 2
32 711
127 980
646 392
32 756
912 667
374 340
643 586
968 17
781 145
244 291
189 596
751 164
782 955
827 17
738 117
24 493
354 323
695 113
350 314
361 996
487 918
423 737
798 404
177 17
926 379
235 143
815 395
949 645
68 773
90 672
264 566
429 483
54 935
436 840
416 90
252 424
166 620
787 398
477 583
837 670
825 402
290 381
400 712
412 96
775 622
759 661
848 766
601 53
405 169
95 185
967 926
36 225
941 344
152 13
581 386
772 477
