140 750 30
3697 3712 13
1759 1018 7
4504 2634 1
570 944 29
138 1600 30
3620 4458 19
3476 1690 25
4583 3220 13
2466 556 12
593 1476 17
643 3567 28
1620 2740 12
4327 4609 29
1770 3880 5
4365 25 19
2413 2062 2
2439 2793 6
1822 4805 17
3383 4498 15
193 2804 3
1212 926 19
2860 4693 17
4916 1482 20
1687 2676 3
1911 1635 13
4412 3541 2
721 3820 15
2841 3558 4
39 4158 13
4258 2855 18
2433 3884 3
4650 1884 8
2885 1026 10
3720 3472 10
4192 576 11
3890 1719 4
2775 4507 19
859 3751 2
3608 2249 18
290 856 29
2186 4462 21
3818 1161 16
4942 788 6
1202 3101 17
1706 4575 22
3765 1536 13
1897 2031 5
548 4325 25
3164 1181 15
1281 1354 30
3040 1845 5
693 2091 28
2886 61 30
4079 3417 27
1472 4072 30
3075 3754 5
1723 1324 24
191 921 2
683 1855 2
1103 3237 29
3006 307 12
2635 3230 28
1630 1432 5
2778 4678 4
3876 674 18
3871 2786 18
4192 3212 9
2034 4156 1
2724 1357 23
1598 2851 24
888 4503 22
333 4932 5
1767 3139 28
1152 638 18
740 2296 17
393 4709 28
3373 1276 19
1964 1991 18
764 4703 24
4312 3355 22
2271 1564 10
2844 4039 24
660 315 7
3992 4737 12
3394 3657 24
3188 925 3
4529 1892 18
4949 3927 23
2604 220 24
500 4116 10
2346 4479 8
1346 4707 5
727 3885 18
2694 2704 23
2206 972 11
4207 1030 20
4585 4204 13
3162 130 3
4766 2204 4
4375 1569 16
3031 4792 15
2041 2798 29
207 1596 30
660 701 26
3502 1043 15
4380 1643 18
4444 3127 19
266 4129 24
548 3068 14
3779 494 29
859 2477 22
1340 1329 20
350 3817 30
604 4231 29
4806 4920 30
243 1459 29
4500 3481 13
1193 4151 28
923 933 19
1258 4439 29
3971 3424 6
1050 4355 26
4330 147 18
1902 2808 17
2550 3227 6
3522 4969 27
775 3690 7
1251 4308 1
2715 3066 15
2688 3667 5
2781 3866 27
3334 1860 15
1868 793 2
2749 4337 15
3506 1969 10
3014 3153 14
3756 1044 9
882 3354 18
2940 168 13
1856 3536 18
1984 92
3757 620
1539 53
2557 4863
3838 632
4774 1842
3500 4657
1632 85
2196 521
1428 4365
2602 3227
4985 3587
742 3248
2541 3823
3739 602
4136 3378
766 4434
2298 3784
943 2810
1050 3661
523 2721
2985 3906
4415 2965
2832 3469
1136 303
1682 2323
2284 174
4747 1830
659 2542
406 2749
2590 4869
1785 1465
1653 1549
3762 3497
2376 3949
323 2412
1352 1420
704 1786
865 3521
1190 3564
923 3775
291 3913
3027 3741
3271 1948
4361 1605
4002 4197
1529 822
1147 1644
2955 3666
3366 3153
53 3268
3148 433
4196 837
1586 783
3568 4257
4977 2762
3582 2492
751 3134
4622 4071
4034 2556
1319 2383
892 3746
1457 3060
2880 4994
2573 4044
2999 2659
3486 1815
593 3265
3942 4068
3759 3513
4968 2460
4384 4365
947 838
3626 659
1765 2871
2703 362
3366 2422
2901 1010
1736 776
1815 4746
1691 1013
4460 1574
3053 4057
1759 4005
2239 1996
522 3890
201 3191
4195 165
2805 843
3678 2404
3795 2932
1142 1156
888 4514
674 3311
4174 93
547 2204
1009 1974
307 145
3761 4391
493 3819
1665 4499
2230 646
1552 1616
4746 4055
4245 3204
4487 1940
3350 910
3593 4752
3119 236
495 3541
1716 656
2873 4460
385 3339
2942 2241
3168 3523
1355 3012
4043 80
80 1863
2626 4766
3106 1900
4329 2749
3622 570
3300 2710
321 3392
3014 2884
315 1511
3834 1083
3476 4420
616 2569
4461 2119
4844 3830
4478 965
1155 4244
2489 3803
3650 3825
4522 1716
2160 4472
3712 1170
2748 2977
739 3658
1052 965
4830 1371
1242 1365
1098 458
74 2848
1889 3466
3616 3088
4087 665
3559 3890
2019 3803
870 4098
2266 3937
3520 3082
3018 3446
3680 3940
3293 3802
1770 1499
3951 2796
727 744
4166 3231
3341 4942
435 3468
491 1314
3298 1323
2854 3412
3474 216
946 523
2249 933
1524 2233
4008 3192
1515 1361
2782 38
3812 807
3691 4758
2531 2514
4959 2231
361 1935
3555 2811
2679 4630
2423 4852
4456 2803
3678 698
2703 4464
2063 181
3299 2439
2454 1988
3481 1128
238 571
1325 3125
3903 18
4528 2010
660 2098
3364 131
2358 2032
3925 4905
4238 1530
4543 3665
4708 50
2936 1319
4460 3491
2041 4650
74 4674
1570 376
3611 2597
3576 4409
551 1735
645 176
1703 4848
1364 179
2802 3138
2593 4687
3078 2862
2335 561
3141 307
165 1748
2043 3128
4942 4389
3554 1624
3295 94
3583 4530
4613 3400
4728 1899
2436 1386
3278 3120
3984 4031
899 1894
4324 4745
3671 2468
1570 266
4902 894
2007 3444
482 3544
1900 4916
366 2756
708 4212
3192 643
1888 1353
2269 2123
701 4868
528 2549
4536 3524
773 2569
3874 4102
1934 4345
1098 4705
2478 3564
2646 325
2897 1865
2300 453
2373 4435
3989 4720
4317 3045
4921 1128
1166 2485
369 4570
1620 3062
4897 1633
4538 2040
1769 4945
1899 3287
3153 3475
644 1563
3569 4299
1141 1552
2247 229
1147 1855
4169 2881
3473 303
2178 1107
1257 4771
125 1894
1654 1968
2276 177
3403 4809
4308 4646
1743 156
3828 597
1517 2609
1012 3768
4223 4320
333 4335
1401 126
4796 4780
4426 1731
1509 611
4915 2855
1027 2944
3245 852
1323 1563
2996 4342
2471 2838
4637 1402
1190 4179
4713 2552
699 1644
2936 2908
2819 3984
2014 1909
2528 1072
1720 1537
2183 1232
1089 99
3329 213
3744 3963
3266 1467
85 154
1325 4452
4307 3091
594 1434
1934 930
3220 2437
3305 485
3185 4507
1432 4499
339 4310
4379 2421
4135 3505
2401 1818
133 2453
3595 2454
1472 3855
3478 4503
1010 4614
4105 4486
1244 4047
420 4519
89 4595
1190 186
847 347
3279 2728
4612 2886
4367 3105
1445 4105
2165 62
1612 3308
2033 799
3405 3466
4750 4471
2263 4472
1395 3002
4972 1641
493 4725
1359 1152
3559 3780
800 3575
3445 3036
970 973
3037 460
726 3994
4433 3196
42 1381
4382 3402
397 4605
14 2792
2241 2328
568 3095
146 4508
4887 2273
4541 4582
4008 93
3976 4187
4543 2493
3550 566
3088 546
3813 3905
3311 4643
1065 158
1296 833
4296 2989
161 2536
2194 1505
2296 1886
2480 3247
1519 3384
2526 2812
2895 394
3926 4748
1879 2017
239 3403
1257 1485
1203 3828
3571 4910
3596 228
3825 1973
3954 3527
1008 3993
3584 4836
3100 1084
3000 4324
2464 4229
196 2779
3748 2678
2268 2560
316 568
1215 791
337 2718
2749 4796
2248 4484
4916 910
1618 1740
1482 175
3178 3566
4377 240
4315 4764
1540 1348
3300 1281
1487 3539
1025 3860
3449 3215
4682 130
4935 4902
4662 3650
726 4730
4481 1996
615 3789
4336 4373
4545 3084
179 2202
387 617
1958 4971
3305 1608
208 1125
723 507
2036 760
2481 3284
2880 298
1379 3284
643 4530
1324 321
3628 3280
3711 3233
1931 1363
833 2875
109 821
961 3139
766 2746
66 3321
3577 3733
3255 1199
440 1085
3067 4175
3316 1346
3046 3429
4696 3474
3106 4456
581 29
3696 1629
4425 2614
409 588
2157 3150
55 2195
2575 3931
4044 2605
548 3457
2588 3722
3899 988
71 3418
4761 3766
1674 3266
3857 1780
4763 1587
3990 1316
3957 100
4617 4243
707 3926
4029 3974
745 2541
1627 2269
3678 3748
868 11
951 4233
2351 1201
196 1743
3934 3794
964 3556
2197 3228
1170 2398
4649 1899
3679 4800
1847 4455
1719 4696
1583 2027
4394 317
3203 3359
1612 2005
1402 2940
4676 3737
522 4235
1197 1807
3127 402
3837 417
631 3720
417 3455
1316 4511
1920 537
4945 4537
4784 1373
4415 436
3109 4884
3793 2978
123 1912
3413 642
2750 114
1115 3557
1828 1879
3602 4008
3466 1225
1639 4378
2805 370
3409 3820
2506 4048
3934 1804
4768 2496
2960 2053
4766 589
635 282
3131 4119
2459 3149
1295 2638
1872 988
4442 3418
4149 1951
2430 3675
2143 1750
625 4270
1770 3150
3160 1654
878 2461
1235 1474
178 1190
2062 2040
1720 514
3696 355
3462 2647
4692 1975
4222 4239
1504 4479
3745 137
40 2329
1121 751
3510 933
3188 4143
4456 1724
1722 1056
676 2197
989 3089
4814 4898
4303 3070
4994 4096
3157 454
174 2989
119 131
3366 1235
2077 2434
3933 4835
3011 3225
2548 1800
3069 2822
1935 4692
1941 2313
4039 4375
2466 2981
2446 1432
1685 4126
866 403
573 2439
692 3748
2502 2534
1280 790
3455 1759
3103 798
1057 4704
1724 3570
4719 1993
2956 1513
289 771
1796 1579
507 459
711 2034
525 3480
353 2686
3610 1906
4037 275
2845 490
3104 1079
3549 1036
4907 2156
4303 3546
3575 576
4757 2845
3923 1304
324 2855
2129 4789
3212 891
669 4578
3633 932
771 2432
1830 249
1540 3277
1095 4325
2733 2677
616 2471
3183 3984
4621 4997
1342 4435
3560 801
2023 441
4304 2719
4992 4175
4398 4929
2194 1765
430 2893
318 3247
3908 46
3515 246
3110 4728
2124 1619
1925 873
4981 4927
3861 1759
3437 2799
4018 3479
996 2337
3827 1545
3482 4425
4682 1363
1636 2497
784 3813
1778 538
2475 2812
1657 447
1756 1723
2016 322
1621 3535
2423 4154
4366 4029
4645 3207
2204 4999
2930 3692
4835 1037
1194 222
3772 1327
723 1529
4612 306
301 1988
1818 2783
2372 2007
3595 4826
3316 1129
3172 3419
2243 4839
1096 4227
3238 4957
4800 1117
1291 1055
4184 1855
147 2535
1371 2356
1375 4146
1767 4197
3565 2035
3912 4346
4722 4859
4255 4257
1207 4703
4952 1520
3664 4914
3964 1044
3995 768
3409 2039
4222 1338
4383 2258
3296 3661
1463 1960
505 1491
1382 3447
2655 3969
1192 1502
3293 3894
1767 4689
671 4532
588 3230
401 3229
1301 3963
2946 310
170 1788
3665 880
294 1716
2605 1548
4287 4618
558 2293
554 808
4161 2980
1293 184
1620 4600
1276 160
1917 3533
4261 4626
1278 2324
2028 3412
346 3118
3499 2692
1057 3652
583 3807
3564 1009
3133 2906
3791 2711
2885 1082
965 4193
230 3752
181 1722
3489 2423
3512 3530
2102 430
2291 2524
620 1167
3277 1935
1400 2982
330 2680
2751 1237
4716 3169
81 4205
986 4325
1372 1721
4109 482
3077 1062
3872 4569
4006 2671
1378 4557
3785 4548
667 4682
119 2184
3041 3835
658 3619
3448 1632
929 253
4486 280
4176 3258
441 4247
3945 1273
2752 267
1171 4385
3781 1320
799 3145
2090 346
1075 1011
3235 468
4312 3752
842 3459
1275 4870
