100 1614 30
1043 2995 17
514 3802 16
4325 2435 2
4099 35 21
1457 4453 21
3345 3022 7
4414 2180 17
3988 3214 16
3101 3821 22
2770 3272 22
1918 1031 13
435 2932 22
3264 2161 29
2014 4063 30
3572 3210 22
4583 2221 28
4199 3752 13
2305 280 20
4387 956 12
2578 4453 18
2531 2494 20
2596 446 2
1644 4731 26
121 3587 12
1622 2911 4
2241 1188 12
2707 3697 25
1328 185 18
4191 2143 25
4876 1367 23
3642 1083 17
1325 832 11
528 1314 29
4700 3700 6
3570 3410 3
541 1644 7
2104 4886 9
4501 2576 13
4560 4695 6
1039 3854 3
3291 1136 26
637 4795 11
1489 779 24
2702 3815 30
2328 4148 19
2127 2813 22
4327 2464 7
3464 1204 14
1781 690 22
2464 194 16
3793 4693 30
143 2720 7
1583 4234 9
179 3968 1
3610 3253 28
810 2568 17
310 4018 10
3914 3660 11
3375 881 25
1719 385 16
2277 758 13
2904 142 5
4235 418 16
258 953 11
4157 528 18
860 4654 14
20 3658 4
232 2635 4
1761 520 8
4251 4070 25
3102 1701 18
1372 3394 10
2110 2133 4
1667 2606 20
2887 4731 17
2443 1339 6
3709 2969 8
1835 2426 24
3779 3120 20
254 1073 3
4149 2120 30
2584 3406 27
2722 2518 24
3373 369 16
3913 1129 26
3158 3076 21
2268 3680 11
4589 3960 12
55 3989 26
1607 3121 4
3664 2268 12
989 628 28
1119 4198 19
1281 94 18
3280 2907 14
1256 2388 23
2620 823 28
2203 4939 23
1977 2187 1
3372 841 17
3894 841
563 1917
646 822
3306 1243
4913 2600
4627 388
1710 1063
492 2516
1009 4181
2183 2186
879 4867
3821 3656
1122 2795
2296 2084
1944 4090
2017 1530
2005 977
1449 4314
1143 4463
4059 2580
682 133
775 2014
2769 246
4643 1800
1000 1911
19 1837
2541 1062
410 2963
306 3423
404 3414
4675 192
413 4991
3493 317
3118 3886
1772 3091
2431 4179
625 375
4402 312
3025 3940
1033 3163
3799 2014
2208 3911
4406 3637
3186 3888
3752 3281
1909 14
3854 2968
1499 1929
3415 1458
4092 4501
2083 2863
3327 3848
1887 1557
3558 2303
4299 749
345 1057
2201 4050
3861 4938
2790 4026
1217 4279
2758 4365
76 2790
4103 559
41 1537
4640 299
669 4996
3138 3972
2139 3257
1632 1159
1453 2323
3418 1266
1766 4710
3496 150
4276 1742
4426 1023
4613 4881
4108 4186
1332 3103
4486 502
794 1818
2647 1816
4969 342
3666 1396
492 3560
2877 527
4823 3705
381 3547
3915 1315
3488 2659
4631 3256
3387 191
399 2493
4701 633
337 2822
4188 4571
3034 4765
2523 2385
4074 342
2313 96
1655 2288
4097 3735
1228 2396
4657 517
100 4990
663 2277
1281 4323
4137 838
1467 4923
3332 4793
186 4354
1482 2718
1566 1235
2283 4670
3701 1984
4306 2086
1732 3425
4318 2833
2473 3014
3062 4121
1162 2582
4269 2780
2392 3087
2581 1089
1782 1858
749 1279
4674 2316
3291 4383
1025 4066
2718 4106
3047 2662
4467 1485
4285 4790
2541 1622
2997 1900
1649 3133
4111 1148
838 3397
4451 1256
3133 4895
1896 4711
4933 406
397 4004
3001 3941
4830 4900
2622 181
1762 2428
2904 3697
4402 1437
491 4985
4683 301
4650 4938
3622 2307
751 4938
910 4122
2245 4260
1353 3566
3123 4132
4108 2536
3364 900
2160 26
1593 4400
4531 64
756 1857
1325 333
2459 3010
3615 3689
4299 4398
3720 3782
1709 3279
363 342
3255 840
2445 3305
2195 4161
736 1010
812 1196
4954 2861
3624 361
895 1864
3449 1096
995 14
2595 2056
2883 3250
1230 378
3305 2480
63 3921
1349 960
3614 1748
3515 4235
3228 4114
1550 3356
2770 197
1463 2381
4476 3425
703 4642
4093 197
215 1891
1261 4688
3994 3120
2079 4067
521 358
318 1238
4004 2732
4823 2876
46 826
4863 4063
785 4707
4941 3500
1144 4235
524 3881
1807 2967
108 811
2521 440
1735 3502
3549 1961
1037 1532
2783 1557
4258 239
3766 3914
2788 4984
4706 3481
2953 622
1380 1650
2649 3022
610 4993
316 3672
1778 4655
1536 1842
4069 3338
4255 2106
3826 4983
1077 247
4383 924
1344 148
4426 21
1395 2690
413 309
4424 863
4620 3610
401 2759
849 3180
3685 1227
4558 4728
293 4607
3558 73
759 3610
922 2794
3105 158
3590 3964
4961 802
2012 883
4434 2586
677 4283
1190 965
1318 3822
3577 2145
1681 216
3297 2520
1082 91
4368 3643
2201 2480
2430 1274
134 4179
2202 3628
140 4074
2485 973
2314 329
4710 811
2379 3106
994 2382
4682 4015
2477 4391
4158 3850
3838 999
245 3210
1354 2894
1716 3624
3541 2586
2815 2534
2449 3396
4749 863
2191 1013
2334 2146
882 63
660 562
1275 2919
1041 2903
3476 4052
1763 984
3491 3385
2637 1504
3045 3332
4396 2307
4941 1149
2298 4530
4994 3524
630 957
3268 2794
2589 1025
2932 1387
4679 2726
1097 2305
1978 3059
347 3386
2868 3602
1566 4393
1420 3846
3446 3577
626 3918
3554 4554
2155 3083
1462 4551
1914 4170
3772 2611
1733 316
3316 3252
3296 1831
432 4257
4032 4197
1588 2441
379 560
2588 1515
1859 2818
583 469
3509 3955
738 1435
2955 4674
1306 1335
167 3631
731 4627
1745 676
473 1679
4633 683
717 4478
4398 1426
2718 4860
3678 2316
310 2023
3989 2247
3814 3614
400 517
4135 4904
1283 114
438 2983
3285 2372
240 826
3605 3692
651 2278
3919 2163
590 1755
4326 2286
3842 650
3929 1859
1181 4196
2210 577
1935 2806
2881 3968
302 325
3368 1174
2002 4954
676 2284
2501 177
3087 58
888 3653
1937 2323
3859 3863
2536 2101
3363 997
1257 4576
1575 3274
2245 4288
3517 1186
2248 1028
4517 2409
3794 4705
4968 4508
1692 221
3493 1697
4427 4337
2135 2488
4207 1166
821 3973
4697 950
4072 628
2393 3017
1147 3523
155 1831
4148 1398
4373 2768
1129 4679
1719 3041
4012 3483
3959 163
4243 2357
1292 3915
4722 3120
3833 4374
1207 4042
1034 413
4490 4723
750 3210
1969 2493
1285 380
3819 3541
1846 3248
523 736
3807 3030
2360 116
3330 4808
481 884
481 1712
3952 3231
2544 4203
2679 4757
1024 16
2197 4578
494 3816
2112 1565
3961 4657
955 2827
1796 3651
1123 3677
2607 1885
2966 770
4461 3796
461 2374
3522 1562
1279 1942
3015 3121
3785 2893
3975 3969
1905 1404
4657 3877
3311 1136
2623 2962
2460 3581
2693 979
3132 4612
1267 1529
1691 3222
4528 2622
533 3135
3669 4373
332 1853
3497 1769
4850 3442
2709 611
3269 3303
2559 1269
523 3381
425 1944
3545 618
419 491
3951 2017
2637 1125
4592 2601
2124 1273
75 1621
3926 288
4886 4361
1220 3812
3349 4465
769 4241
3953 2929
2121 1977
2363 239
4811 3652
4076 1112
1257 275
2081 3568
4955 4316
2500 546
4437 4159
2270 1580
1948 4425
2898 441
87 764
4591 3113
1643 575
4321 2811
4262 2331
2518 2604
4657 329
2605 3465
420 2833
370 3549
4609 218
1653 4726
2451 3945
2912 3595
4036 2166
3789 354
4741 403
4615 2309
4344 2821
1799 3123
4760 1204
4100 1945
2103 2383
1933 2354
4537 2478
4015 473
3633 1480
339 1127
3239 746
595 2389
3333 2893
4518 3974
4018 3434
2420 4175
3537 3428
3097 3524
4905 4574
2033 257
1858 4382
252 1557
55 1052
1268 4704
4060 3575
2761 3716
1849 3917
2647 2863
755 4548
298 4059
4128 898
26 3807
4728 2807
3931 4412
4517 459
4486 1947
3210 617
4646 4884
2442 1813
2739 574
157 2472
4065 156
4844 3103
3692 3149
2033 1850
4845 705
4785 4819
4901 2901
1331 139
4613 3498
1097 2950
4589 3984
29 2732
3185 2009
1968 1372
3584 4194
4206 2364
1718 2233
4840 520
4825 2720
3402 1926
2983 3108
3798 1858
911 2879
1968 2639
3770 2760
3039 2111
2456 303
1882 1830
3778 684
3849 4685
1943 871
1708 3473
2868 1672
3575 367
1571 2861
1808 3930
210 573
2530 2124
4356 4254
1793 4745
969 2773
4583 2372
2113 3393
689 3104
3129 1649
2879 665
4792 1070
2316 1446
4292 4948
763 2720
3439 2239
1881 470
1180 2115
4356 4442
389 4752
126 1507
3734 4449
2975 4021
4482 2320
4096 2767
2239 2456
3620 1743
2830 3665
1188 939
1034 2326
1858 1949
2717 1680
3576 1430
3691 702
4472 3600
4983 4501
611 3623
1969 1985
1461 3898
2737 1485
2703 1934
462 4751
212 108
3137 2410
3215 4884
4332 700
916 1229
3347 3867
3615 488
4959 144
2971 4517
1064 300
1133 2343
2797 573
3548 2840
1594 1646
120 2068
1959 880
3425 4782
4971 835
3909 3811
787 426
2949 853
3853 4693
2904 2472
377 4318
348 2926
4024 50
4359 853
4448 3354
287 1962
3279 205
3789 390
4803 2737
2309 430
3378 1407
402 973
1886 3106
723 1444
1532 3872
1470 2255
4059 4783
2621 484
916 2784
1542 4359
3609 3853
595 2879
379 1569
1331 3589
2705 1204
1575 4853
1218 3614
3634 1696
4749 1097
143 1425
472 241
1068 3911
4426 4114
2313 667
1131 4778
2544 1317
2788 4202
2459 4475
4196 3325
690 1583
1463 4507
1890 4296
213 4510
2429 1558
106 4759
3606 2469
557 1794
2315 1241
3273 909
3113 2032
1691 1076
1382 2166
2194 2855
2865 865
868 2188
1864 4031
3265 3
1818 669
4847 2186
95 2269
1190 2756
4557 4550
3899 2809
261 1839
3281 2947
1810 3410
3697 4141
1901 1461
4710 1055
3820 798
277 4148
3586 3311
1061 3946
4512 1983
2557 1209
4083 1021
1880 1033
3797 1388
4961 4001
1602 2296
2979 2587
1398 1247
1539 4648
1706 990
1504 829
4114 3581
1725 1389
2224 397
657 4872
3241 622
1492 2215
2882 3451
3490 1319
1519 2816
3892 3099
2633 1813
3682 4536
3682 1941
3834 2487
1812 1679
1880 3364
3634 1651
219 3825
1208 2679
4234 2633
4858 1090
4097 466
805 738
1310 972
2165 270
4491 4391
244 3105
4309 125
3279 2858
3744 4667
2348 2132
1819 4170
3552 2444
2394 2528
1208 2333
151 4017
3590 3980
1562 3315
645 2255
4967 1808
4212 1444
1982 697
531 454
1373 1649
1572 3722
2893 1771
994 3673
1177 1513
4146 3107
3509 1742
146 3556
196 4612
106 1050
1072 2247
3016 1746
3841 615
4130 1144
4341 4700
3083 1952
3025 3222
2407 3289
2928 1519
2931 4419
3098 2387
2576 1411
4874 4488
1147 4295
853 4639
62 1302
1080 4286
3008 2475
392 2885
3709 25
592 2855
535 2157
3055 827
1225 3240
3723 1064
1767 3644
255 3774
125 4841
825 2017
1053 2129
3793 304
1365 3334
1562 2825
1254 4069
1307 372
1559 3937
4832 2375
4844 282
3368 458
2046 3022
4152 995
1699 946
2772 376
804 3976
1065 1693
3868 4359
3881 3411
1250 1043
2015 1830
4248 4251
3001 4594
4752 1751
277 827
2322 4002
3674 3084
262 3320
3199 1735
541 1978
2439 2981
4238 2083
1883 4766
241 4621
1857 4285
1545 2037
2323 923
3229 4904
2561 613
1786 1985
1039 3394
1458 4067
2171 434
4264 3192
1357 1787
1991 3497
1024 4290
564 4665
2634 3274
3583 2735
4788 645
1407 250
2423 3929
1137 2600
4342 1975
3467 1876
3503 4534
733 1819
321 3545
4947 2591
3392 4581
102 1783
3939 2118
3206 4862
1564 2092
355 3759
4627 2798
3660 4208
3590 4959
1283 1173
2522 4695
3325 2242
2505 4019
1678 1765
854 1332
2140 743
610 1268
3417 1475
4031 2587
2221 2459
1047 3986
3077 2348
4502 4995
4496 474
938 1947
3142 302
2401 865
283 383
767 1523
265 2941
4781 856
1684 4751
1474 250
3000 712
2128 4746
3409 4773
4957 2559
4548 1597
2170 4912
1354 1244
4297 2575
418 2638
4668 1088
4820 3756
493 1486
2684 66
2552 4637
4047 663
471 3048
2467 1711
4944 2003
4649 839
2207 4071
207 2188
469 269
377 2174
1621 2101
526 2091
973 932
56 1974
3007 1281
1419 4286
329 3914
1291 3928
3627 881
3609 898
4113 551
3629 3317
2051 3574
280 108
3060 649
1844 826
4078 4218
2699 3851
1588 3231
1769 3194
839 2018
2590 3741
1573 495
393 3392
3746 3710
2774 1311
3437 4134
4793 4571
4924 3635
2530 4542
1657 4062
735 2312
124 3778
812 1398
1684 1854
1984 4376
1125 4615
805 5000
283 3467
3072 3628
967 3431
268 1747
3928 3014
1985 3105
3352 631
3742 4964
4300 4083
3564 4023
1141 2131
1543 637
4078 2737
4215 1212
3411 2848
2459 2984
118 1484
4954 2533
2007 1164
1912 1611
1722 1504
391 3144
964 4290
4989 1075
4889 1776
1215 4209
3891 3568
4459 4562
2780 445
920 4904
3502 3928
4936 4186
4819 3213
1530 4056
2607 3001
1405 592
1998 2818
3872 3038
3094 918
3224 3278
69 3829
140 986
3486 755
3185 4482
1500 4876
962 3569
4062 2110
1255 2658
1098 2980
3797 4261
1766 707
4056 3087
1009 294
3410 1061
380 1575
4594 4304
4326 3917
999 4790
4711 3076
2168 942
921 1930
1231 703
643 1730
1853 2577
2661 1071
1997 4355
4593 2528
2983 4302
1576 3069
3472 4533
2744 4926
1295 2908
949 463
2339 2732
4849 4011
3218 4826
653 488
244 3393
2319 3584
2432 4573
2979 3041
1331 410
2952 1201
29 1585
2325 3231
3848 2594
1388 4665
2014 3710
650 1725
4909 913
4820 357
3119 3662
3083 4047
4500 4806
1466 3358
2854 127
2017 4136
4203 3396
4709 697
2499 4099
3185 3407
1221 2471
3864 1052
3036 287
180 4745
3817 3915
4680 92
4105 1469
2302 1243
4561 4377
4628 908
3112 861
906 3716
153 1937
2359 1211
2137 377
244 1928
162 3177
459 1170
2667 4098
2063 896
3539 3318
4582 818
3924 1056
324 4579
834 2048
1198 3737
1453 1514
1310 1491
4429 1759
2408 1952
1183 4778
839 3313
4500 4098
101 2726
3407 3282
2717 4077
4198 2329
120 3496
4574 2781
1182 805
4312 1814
1218 4330
4141 4423
2051 3051
3794 2278
3017 283
355 4499
3551 3212
2379 1270
4508 3696
4552 1425
3129 3980
1157 4680
1613 1636
675 4739
3223 4496
3858 59
4782 1583
4232 752
1652 4538
1450 4156
4705 440
1925 3624
1762 607
2840 2418
2800 332
951 3888
1298 1009
1330 3955
1931 3394
4990 3703
2427 1717
4845 1497
1949 90
4874 124
3722 1317
2724 3441
2651 2937
4882 4288
2215 3955
4309 1905
342 963
2182 1813
2053 1982
777 844
15 1175
2235 3486
1601 1559
4379 4146
2741 176
1857 1534
991 4215
1426 2188
3270 3324
526 3488
1313 4422
860 158
1613 635
1039 1947
2994 2350
1021 2607
4949 3511
4434 4257
87 3981
3810 1270
1813 3077
2586 4554
1656 4848
771 277
2989 1997
231 448
2330 3548
764 4757
951 4584
4389 4588
2440 3554
4255 4672
2800 2270
1709 1306
2703 216
3329 888
1656 4358
2132 1307
4390 557
4006 626
4619 2727
1616 4645
436 4141
3460 3383
791 692
3779 3475
1808 3727
1803 3156
1768 3787
3594 4752
1604 4917
3755 1667
1125 2875
573 4974
743 2407
4048 4424
3245 4953
870 2593
346 800
3853 494
3324 2221
1023 4655
893 3177
4373 4607
2906 4688
1656 1058
733 1495
382 4471
238 185
1050 2614
525 724
1644 3205
1387 3589
2050 2614
542 4882
592 4453
4552 4567
4129 1925
1770 4274
4480 4373
4839 3454
1949 1076
1160 1592
1421 1879
240 2678
1526 4343
2413 2573
4908 1698
3413 4479
928 1360
2503 4603
784 3473
4998 10
3700 856
4891 4912
2794 3360
2462 1751
611 3359
381 4137
4770 3599
505 273
3008 587
1125 2700
2134 3045
762 852
2299 1322
4735 3247
4322 3440
936 3033
3026 3211
1218 1372
2807 4187
2388 2482
369 4756
886 3348
2909 2412
1997 1944
763 1544
272 3069
1749 1260
3642 4770
2143 2593
1327 3988
238 1801
502 33
5 3636
1000 1817
2289 4633
4962 4527
511 4777
1089 1506
4669 2394
4541 2659
4801 4751
4878 1422
433 4633
256 4274
2734 3722
1823 2781
2559 3031
1475 73
2106 279
331 930
4164 4890
4666 2843
2273 4588
106 1502
2812 3164
3781 247
4245 617
1345 802
4053 3272
431 765
1459 3025
3169 1647
2876 928
3275 883
3107 3025
2442 2914
1880 3381
4606 1364
601 1987
4404 2007
2786 2222
1316 3773
2708 2564
228 4194
3383 1974
2112 1535
1645 2414
2045 1153
90 4093
2579 3773
1672 4160
2920 1471
1930 3473
1951 511
3142 4874
4920 3234
3993 4007
3336 110
2555 1640
3712 4510
3742 330
218 3772
809 2940
4979 753
3306 1204
1299 723
1189 582
2244 1462
1954 3817
1367 3704
2502 1463
3541 4522
3001 856
4363 1516
866 1563
1789 3297
3993 4195
2005 3330
2152 435
2172 3479
3124 1311
2891 2540
1280 787
4886 399
3861 3506
4303 3914
3673 4722
299 854
1193 3067
3388 2954
4087 3046
2141 2980
2024 3910
2996 1066
2752 2221
4558 1819
4543 4333
2830 2961
3920 1039
3434 3307
3202 2559
3871 604
28 4326
4165 3073
3285 2693
3295 3283
4427 2493
3082 945
1518 1588
4001 2277
979 3766
4599 1240
2544 3776
1933 3659
3709 3610
606 4451
961 865
583 4213
2797 3746
4936 912
2927 3406
1101 4918
745 2649
4470 533
4956 2484
1325 2509
2352 3858
1302 1274
3301 4652
2765 3809
2410 1267
1037 2057
2497 506
2643 2968
1508 1799
1770 2268
969 631
3757 2103
1697 4037
734 4631
2175 2690
4035 1513
4743 2638
2038 4082
2961 3171
104 2456
3487 2301
4903 498
1728 2628
572 2352
4707 2882
328 1052
436 378
2500 2341
215 3138
1244 761
3477 4880
149 4457
1989 2522
606 1943
646 72
2338 1645
3618 2376
2943 4347
3846 4173
991 4315
4814 4790
3070 1917
4000 4145
2913 4783
4092 1506
4539 2548
3944 1466
1970 4709
3805 805
2162 4592
2260 2495
1620 4766
1129 4521
4104 1333
255 127
820 3834
3658 815
157 341
2858 1562
4756 2406
2901 4674
3183 2778
218 4836
4216 3609
3471 4652
2801 1436
3851 4529
316 1494
3326 4478
850 4951
1308 2745
4299 2476
1465 31
1787 2325
1304 3603
4846 4149
4699 4541
926 2069
2622 4426
460 856
3143 4384
4675 4676
3077 1928
1552 4425
2291 445
672 997
4419 80
4714 1642
3583 2235
3739 1408
587 747
945 704
2879 4635
1956 2777
4229 1383
88 1532
486 2015
3965 3326
2192 743
2495 335
1548 173
702 12
1058 2526
1279 4139
4661 2624
1064 3409
676 1648
823 4336
3574 687
3181 2899
2841 3463
877 97
1403 1033
3357 451
4445 4161
4097 4306
1621 4470
4880 18
3996 4517
3000 3454
4865 2386
1424 356
558 1704
1523 4967
1168 4702
4482 1906
263 4697
3014 2578
1341 1011
899 571
2356 1104
1321 992
4480 2500
3372 1966
4812 1144
2045 226
2930 1502
85 4707
2100 1124
88 4879
4843 2106
4247 1755
1340 1351
4321 1446
2781 1107
3611 3417
4461 4601
2558 2066
450 1649
519 3815
774 2306
3202 1581
4200 4536
3124 3169
1157 1435
743 1254
2603 4814
1991 2825
3055 3838
4291 4055
4168 4210
105 2669
4272 868
1976 4431
1864 3926
3499 3521
1866 4895
2414 332
691 4270
4850 2055
3826 2517
1739 2003
1337 2320
1340 3015
3738 2892
3955 3177
3401 372
1645 2415
4436 2040
704 866
1426 1532
3735 4620
3752 4253
1162 978
2617 3892
4823 1795
777 949
2401 2568
1705 1775
793 1358
3645 26
154 1763
4652 3065
1725 3736
1281 670
2471 4987
234 2919
6 1854
2709 3066
1470 2150
812 3849
4670 3377
3728 4675
4498 4967
3684 4526
4986 1996
2291 2051
4986 3033
2629 4894
4042 1240
522 1339
1865 162
1653 4960
2801 30
1625 1084
3690 803
4241 4473
2108 4322
2201 1672
2712 2266
875 3052
1409 1583
2031 4827
4232 1552
578 934
