80 780 30
145 250 20
47 405 3
404 320 18
308 247 5
476 90 19
435 473 22
173 307 25
212 320 5
311 65 24
121 449 29
332 289 30
110 426 12
482 286 3
164 28 25
492 379 4
365 105 9
56 485 19
425 298 16
103 333 3
130 404 16
337 56 27
345 431 13
339 53 3
19 227 17
156 410 29
354 276 8
349 319 18
424 252 9
158 93 28
168 87 23
83 117 27
12 85 28
278 483 7
208 13 16
9 342 20
22 224 15
236 240 27
106 259 4
287 434 16
296 364 15
497 248 5
348 289 19
286 338 1
300 437 16
479 111 28
297 500 14
334 423 3
207 57 26
206 54 4
292 141 19
323 456 12
126 8 3
9 264 19
450 38 2
117 331 29
423 369 2
350 385 22
195 378 1
246 65 4
149 492 20
111 377 17
255 19 12
451 487 21
147 158 1
21 213 12
244 110 17
177 402 17
141 253 12
204 339 30
25 67 1
34 226 14
378 479 20
378 445 2
287 31 27
165 37 1
122 470 16
215 215 17
143 43 10
376 346 11
413 106 5
387 84
190 450
409 15
174 302
430 19
30 193
333 309
73 151
179 272
335 90
183 244
189 95
355 500
451 246
246 46
6 88
342 169
415 182
488 254
327 286
68 316
113 145
339 119
432 471
259 495
309 485
356 396
210 268
195 331
428 420
21 207
47 500
67 58
270 126
73 380
50 96
248 136
71 267
127 42
101 129
116 417
425 129
457 205
341 369
261 137
214 474
331 479
168 184
313 240
344 390
268 223
217 15
256 5
231 170
209 489
146 220
345 63
47 463
336 246
276 24
222 295
367 281
209 146
357 316
433 497
176 450
130 93
463 494
291 163
82 63
398 117
35 175
406 48
350 188
33 102
217 169
96 92
339 175
290 438
398 399
71 235
465 417
440 272
419 467
146 357
371 491
378 244
373 219
339 234
376 373
246 421
411 337
347 118
495 56
72 79
440 219
437 263
48 46
405 415
222 381
47 270
382 304
104 30
233 239
483 147
84 193
303 248
450 177
181 216
359 22
240 50
124 192
136 304
357 213
191 376
180 385
438 375
11 453
67 4
298 96
422 428
479 447
24 92
165 85
465 71
38 311
455 217
483 460
491 301
15 104
435 84
243 499
266 30
446 238
202 126
310 370
368 434
353 10
405 17
381 371
423 36
497 240
324 480
424 211
364 343
397 48
327 92
395 120
126 290
21 203
321 441
358 262
232 468
86 193
219 145
248 161
351 245
202 236
209 409
271 291
13 379
453 374
71 128
408 380
232 382
65 270
200 134
349 296
165 4
269 252
346 244
128 403
172 186
234 323
326 276
401 259
500 124
65 159
347 133
458 97
156 465
304 98
359 53
334 5
313 417
19 188
306 214
246 236
311 264
77 284
223 479
368 380
460 365
213 267
410 485
72 157
373 259
273 296
91 91
129 40
151 126
403 327
123 188
236 111
110 216
364 231
122 217
389 413
389 303
50 87
317 247
12 95
237 336
435 272
55 350
124 57
464 363
48 189
118 319
49 314
163 314
251 203
332 406
252 288
8 324
386 86
89 252
355 41
234 235
312 286
231 130
356 186
148 133
444 162
35 163
194 30
410 179
97 455
341 205
113 49
109 239
418 260
120 363
491 422
74 448
454 323
272 220
68 413
472 474
222 441
413 139
119 55
60 13
494 119
73 466
76 139
406 97
142 223
388 459
413 7
382 246
339 19
241 146
2 209
467 347
30 258
101 283
465 132
52 3
323 227
317 233
188 452
358 466
238 182
111 114
137 352
121 466
75 120
386 182
232 261
2 355
280 356
494 259
469 381
235 85
88 409
91 332
376 10
458 128
75 184
340 213
258 454
120 346
108 305
56 112
227 467
153 284
159 39
408 95
306 116
165 274
266 50
169 438
431 88
169 480
2 432
498 240
390 69
408 293
453 144
217 416
28 356
315 105
364 258
102 449
383 42
323 427
320 28
3 304
360 317
32 421
101 184
221 145
113 430
444 56
383 420
42 289
204 232
400 310
239 202
138 179
230 91
59 486
457 216
433 49
47 362
32 80
332 37
90 19
64 23
22 339
204 45
354 405
415 212
146 458
300 54
8 159
465 93
28 251
7 17
324 307
431 417
464 456
441 4
302 130
452 111
257 138
305 479
123 419
483 215
397 405
2 361
401 405
452 309
35 28
300 137
264 305
295 432
455 34
51 163
477 292
33 345
331 408
60 301
192 192
74 348
94 87
363 48
389 154
26 162
426 157
129 424
263 478
241 42
262 262
222 281
240 271
431 382
273 463
343 42
31 141
66 350
438 489
333 191
265 351
381 75
376 18
164 134
323 412
309 247
322 208
283 409
304 161
328 73
422 347
185 402
400 83
113 421
48 23
50 223
444 316
436 463
248 3
367 231
80 250
221 309
451 4
125 162
306 255
113 47
166 174
163 91
186 486
40 96
1 400
462 291
24 497
477 228
475 301
432 60
382 427
428 20
295 449
360 118
4 34
473 265
157 22
308 28
29 338
125 455
489 219
496 175
281 237
293 184
43 87
45 368
191 312
496 78
228 494
396 49
167 210
423 353
404 458
403 111
418 413
17 1
76 43
120 492
480 133
119 484
396 176
188 353
82 68
499 427
331 338
31 252
166 445
74 9
384 411
288 270
422 70
438 424
238 45
466 394
320 126
360 161
212 57
467 214
194 44
337 486
301 467
100 140
168 158
380 409
154 413
334 262
5 87
47 218
447 491
230 380
350 29
410 36
405 138
110 488
476 69
428 237
298 122
48 335
279 28
394 488
119 107
466 51
438 88
128 155
183 488
318 174
427 257
48 287
201 479
470 64
254 357
160 420
68 307
161 351
49 61
146 66
235 89
417 157
435 14
160 453
500 132
173 88
170 450
400 145
153 310
312 254
138 351
10 269
324 78
207 86
297 156
73 347
257 119
52 158
219 224
59 162
493 184
417 80
189 458
435 264
359 337
315 222
352 175
318 289
126 304
428 133
137 59
234 191
469 293
470 254
243 321
380 139
416 334
398 131
152 499
393 50
60 173
498 441
281 484
185 137
369 487
299 309
499 136
208 161
356 89
36 404
228 17
498 251
87 79
198 188
165 391
222 39
463 153
168 149
494 81
147 366
98 375
259 222
15 120
283 345
106 74
466 1
457 76
223 392
326 357
473 161
89 445
69 199
404 184
472 264
153 14
485 8
175 255
112 276
390 415
450 439
315 288
488 275
487 461
325 336
73 229
334 255
369 119
132 323
417 337
467 78
239 138
68 173
42 137
437 245
197 67
430 44
383 146
61 309
363 149
47 161
89 481
456 326
170 323
116 224
340 127
390 456
321 294
205 139
329 495
146 268
443 6
387 344
168 3
463 174
48 90
346 108
455 450
226 321
143 478
288 421
300 19
64 80
279 75
59 376
405 386
232 447
467 486
361 413
207 152
165 269
169 171
175 274
465 481
354 380
123 280
442 467
493 280
49 71
294 285
48 399
343 378
87 338
164 191
213 202
124 146
35 457
83 328
428 451
268 140
86 149
340 315
333 7
320 322
421 149
240 358
60 272
235 80
19 66
119 380
399 296
97 102
371 269
2 378
442 253
84 287
278 316
275 146
69 106
113 164
149 61
412 1
448 403
8 143
162 173
317 235
211 252
295 130
37 459
34 453
185 500
424 482
337 322
365 333
375 333
155 191
452 330
459 469
454 116
286 415
356 197
73 253
155 383
267 93
273 105
55 110
398 480
97 127
481 337
429 488
149 289
74 444
106 227
117 63
181 462
73 243
294 45
43 122
395 144
283 254
196 426
42 170
75 233
97 392
471 464
169 385
12 90
480 201
177 406
356 194
3 70
472 121
174 135
10 1
277 143
444 379
28 466
343 283
367 27
463 301
339 251
356 234
9 194
178 126
167 106
157 254
268 96
155 423
86 243
352 138
427 55
127 259
209 134
193 257
437 209
232 59
119 231
382 481
371 144
103 276
319 26
291 429
117 206
99 160
142 484
474 77
294 310
35 453
433 80
231 180
414 353
488 83
350 145
68 247
60 471
