130 1408 30
564 31 25
595 601 2
317 786 19
238 112 13
281 269 16
172 766 18
338 735 10
225 630 1
778 759 10
475 718 10
599 701 17
967 554 30
647 283 4
47 404 24
125 755 27
854 403 5
50 257 16
94 18 13
585 870 12
127 332 18
229 805 30
567 743 18
444 672 19
357 920 29
747 202 30
7 477 8
991 862 14
864 198 16
800 30 11
941 155 21
110 863 25
386 926 7
494 359 6
1000 869 30
918 631 23
59 115 26
20 482 3
697 869 11
351 394 27
304 272 17
800 213 16
81 563 14
337 232 16
415 863 9
427 35 22
239 142 2
345 287 30
470 848 6
373 428 5
533 926 22
962 958 12
921 687 16
617 512 3
374 166 12
123 393 14
986 259 28
355 307 12
505 732 24
818 921 11
900 506 11
129 975 6
295 99 2
723 803 19
587 421 14
226 156 4
784 707 6
976 574 8
602 907 20
968 196 13
66 576 4
239 584 25
953 586 6
243 1000 27
118 438 26
142 800 22
959 762 30
239 703 24
375 280 29
420 607 25
24 248 8
806 322 30
687 759 24
567 792 15
162 278 2
492 463 4
781 670 26
934 322 25
160 478 15
465 360 24
991 152 9
278 843 10
917 496 10
927 98 4
985 526 13
197 989 11
84 96 24
695 191 3
432 152 27
40 23 24
627 59 11
168 332 1
444 838 26
738 532 11
35 102 10
509 885 1
335 897 6
948 120 4
91 197 27
345 745 20
775 921 16
717 794 28
903 469 19
827 237 28
279 962 30
132 402 30
34 293 22
365 820 20
92 817 16
560 870 9
164 308 12
834 935 22
987 824 26
699 31 5
895 610 23
534 344 26
496 739 26
994 71 17
761 780 29
116 575 4
116 540 20
54 566
450 37
346 633
874 873
480 382
189 418
132 923
949 264
965 136
566 156
774 834
704 573
980 173
73 98
173 236
912 775
552 577
191 139
963 664
145 934
294 703
893 218
693 457
638 795
694 927
455 592
965 879
952 322
383 820
378 350
877 910
718 312
977 876
243 620
600 856
694 112
978 509
565 872
307 973
71 973
266 966
654 302
76 414
162 238
570 277
680 488
723 170
99 475
417 974
859 961
931 639
229 29
907 311
706 342
126 702
738 835
521 390
770 97
994 710
360 887
91 554
848 800
311 587
613 530
914 748
941 196
834 583
29 477
94 795
569 391
420 516
495 934
661 965
20 504
792 251
731 917
352 214
587 494
950 373
350 490
381 787
928 457
157 837
587 958
290 622
760 215
55 424
413 959
368 938
5 148
655 207
168 425
655 751
174 892
823 823
969 110
320 380
177 39
350 637
874 978
101 207
167 874
361 717
922 799
969 702
720 385
739 611
423 921
854 300
210 260
551 848
380 217
288 510
765 94
611 745
35 778
847 324
892 473
780 103
393 394
807 424
236 78
599 224
614 52
455 733
789 626
141 631
14 742
841 25
285 750
548 90
781 209
966 193
226 737
89 253
834 818
772 190
589 523
13 609
572 178
578 802
352 503
543 38
795 352
480 832
557 807
177 448
600 101
125 501
639 631
280 966
985 741
666 97
945 23
517 493
512 972
395 232
76 627
985 82
644 331
684 680
170 565
697 385
873 673
836 952
830 746
853 832
529 813
827 921
71 321
229 558
893 181
688 517
490 657
63 462
32 480
695 774
82 160
149 708
159 421
170 802
315 167
384 923
106 142
490 739
560 940
717 285
794 748
150 733
92 673
694 595
463 970
673 129
274 458
585 490
375 495
942 134
282 435
915 806
329 411
611 90
815 849
837 102
132 55
999 764
919 972
860 663
108 72
172 856
798 820
779 135
794 999
796 473
473 670
19 951
229 525
541 734
697 566
691 440
850 813
84 453
654 984
149 963
343 223
537 60
973 879
747 772
707 868
474 152
159 192
995 108
470 185
633 884
132 361
978 842
909 802
192 906
490 983
678 600
159 520
227 368
663 706
868 500
879 154
156 713
965 949
441 253
964 200
722 332
335 975
809 665
408 862
987 591
183 818
765 403
11 305
346 258
960 52
410 871
782 225
711 958
338 359
411 978
655 711
297 939
134 81
694 49
338 340
372 801
300 370
151 601
310 746
532 203
293 967
90 560
71 848
56 198
336 745
621 474
137 884
476 789
414 112
980 708
914 31
65 680
878 30
275 867
513 439
436 145
888 52
508 75
806 819
27 644
764 427
277 422
587 31
980 104
207 924
23 184
193 99
770 477
258 446
711 405
86 941
664 842
776 432
297 49
838 479
54 82
671 357
779 832
909 911
700 47
51 635
601 218
881 874
22 489
863 107
110 689
732 731
37 226
585 88
765 645
94 807
169 408
488 869
682 652
135 715
221 896
566 632
260 656
691 490
518 602
608 895
955 220
369 433
664 120
249 634
36 10
804 424
328 870
278 862
562 415
90 125
378 188
54 791
473 418
561 977
733 708
310 865
569 769
492 207
414 15
157 385
290 432
352 145
101 302
82 17
303 916
942 760
277 543
514 813
428 719
952 513
780 656
688 142
638 724
96 541
165 421
946 492
1 824
726 566
352 602
689 794
48 947
583 225
512 440
975 108
985 63
40 379
537 663
185 420
414 599
850 792
878 553
367 455
454 958
13 651
134 225
437 855
315 650
464 374
785 454
188 175
750 860
880 426
650 215
412 306
817 997
65 410
186 807
392 803
741 272
242 871
188 699
317 623
751 683
678 355
512 278
301 23
553 837
973 194
485 919
639 846
460 214
826 643
504 172
275 550
641 410
632 222
181 872
17 613
536 586
742 419
890 315
290 44
376 260
61 190
568 435
376 84
863 574
907 105
370 955
775 489
651 177
188 579
722 767
761 928
656 283
630 127
696 819
15 504
673 881
914 106
942 599
168 732
727 300
801 58
334 413
575 269
192 567
431 681
678 373
650 19
733 776
311 343
216 978
861 279
874 627
319 706
185 515
519 387
918 221
359 280
588 68
211 535
12 400
854 422
926 669
262 730
617 261
837 212
138 279
949 461
246 769
613 392
565 543
414 964
52 475
754 101
777 601
759 611
535 353
342 718
184 252
475 110
913 377
674 313
662 200
88 129
817 18
265 162
638 394
608 671
809 462
469 160
266 226
856 338
245 192
443 331
886 918
947 613
990 605
575 130
372 958
123 294
238 68
928 582
708 46
589 750
875 428
236 686
450 135
623 247
8 615
436 353
204 13
455 104
760 986
146 212
701 80
877 35
895 630
952 966
787 741
794 537
10 937
290 804
975 643
364 386
469 962
949 743
783 847
996 826
753 52
246 995
454 167
633 361
521 599
896 623
611 798
131 21
349 608
618 304
737 402
504 714
242 84
27 811
686 472
540 63
450 442
14 468
836 926
813 837
615 215
195 688
774 486
195 100
231 630
990 781
235 979
396 431
722 945
377 287
278 239
473 333
254 59
327 371
24 159
171 857
540 188
240 109
430 182
49 955
116 862
683 534
258 867
689 984
231 98
153 466
920 28
585 873
718 481
941 47
415 829
910 746
492 927
466 134
339 44
595 120
819 947
437 904
478 995
645 502
626 951
312 217
440 846
627 459
941 170
158 423
798 212
846 319
450 956
489 684
158 965
490 295
941 185
696 59
93 397
499 565
145 333
134 535
20 966
174 328
461 55
110 46
659 185
750 682
192 358
537 325
312 248
852 146
965 152
752 823
94 454
10 825
184 287
542 530
416 533
446 596
984 108
560 681
657 165
54 241
974 241
54 540
31 988
693 800
486 224
680 736
629 429
478 800
502 884
204 498
108 807
528 764
396 937
914 193
343 93
956 752
880 245
953 278
147 835
590 382
421 181
708 26
219 857
941 803
860 554
672 669
215 365
329 393
513 444
903 172
688 105
488 504
74 450
291 196
166 292
41 575
972 204
686 550
477 13
399 55
89 881
67 537
271 526
825 724
163 813
538 431
170 99
973 347
794 563
288 97
172 798
162 263
964 825
97 961
30 573
547 573
111 375
708 664
184 458
79 680
831 175
185 375
56 658
554 649
560 677
448 288
746 411
915 714
573 40
427 273
421 702
816 884
287 900
105 548
918 690
503 260
389 977
723 32
876 735
921 45
870 886
454 325
905 982
429 331
786 67
572 204
50 721
553 902
777 512
369 560
779 224
755 985
82 932
888 497
585 498
176 891
763 85
974 166
762 728
48 91
377 217
449 798
230 51
514 137
552 195
101 417
78 598
824 379
516 383
515 248
9 944
591 192
41 805
283 370
352 456
55 236
237 767
2 403
210 404
768 160
572 791
251 808
456 447
906 238
827 222
371 242
680 2
456 387
358 399
40 49
905 692
421 259
393 443
292 650
15 316
859 4
990 640
278 217
2 287
718 44
753 54
232 385
815 796
121 218
365 185
259 982
379 769
30 466
916 604
691 319
921 290
468 372
672 573
755 761
611 366
149 496
999 76
694 505
898 143
918 373
764 938
173 478
433 48
63 301
939 660
696 373
721 206
323 759
203 334
867 145
940 694
801 164
588 792
272 679
155 732
94 86
746 430
654 61
557 708
261 797
543 524
249 533
586 44
219 26
393 80
165 666
155 601
635 987
249 987
219 67
333 287
292 313
624 938
531 834
200 97
960 275
931 930
666 376
566 894
436 182
102 491
221 274
256 280
209 99
518 406
288 862
976 505
309 704
523 244
49 598
968 617
396 783
564 761
6 221
388 450
517 486
746 261
751 196
452 47
361 681
146 303
317 884
204 925
219 789
692 214
500 817
138 215
67 119
379 470
348 811
873 661
697 394
276 480
521 896
714 537
921 794
799 785
216 885
440 88
634 489
660 159
44 20
803 190
382 121
817 383
596 118
389 68
795 345
858 281
251 422
891 22
607 45
466 124
301 565
570 332
650 310
968 613
555 21
899 98
146 526
218 610
146 607
957 910
690 663
822 266
17 370
524 465
145 17
235 938
740 715
485 15
190 743
208 77
119 973
88 179
518 610
132 71
203 449
306 167
908 22
135 815
662 695
394 21
820 852
192 548
816 15
191 455
131 960
785 609
910 963
728 901
134 243
926 915
752 283
976 831
474 794
96 586
334 204
796 664
517 491
186 633
396 430
353 794
766 727
455 738
223 165
175 441
519 269
721 77
422 776
586 870
614 714
177 911
52 335
820 429
171 979
276 960
282 848
695 865
987 388
124 134
511 263
77 712
729 754
367 552
902 857
618 451
469 366
668 551
963 261
424 865
642 747
192 437
145 267
605 842
985 396
358 798
256 444
391 654
469 767
544 730
375 997
720 662
82 141
472 211
502 861
665 329
602 475
779 980
234 657
529 636
741 13
432 255
272 144
220 998
468 391
709 365
182 34
604 935
159 229
720 320
635 833
367 571
883 274
33 141
911 88
11 377
6 301
509 329
252 324
516 272
421 107
377 805
277 675
724 433
339 237
766 932
234 695
902 837
494 611
153 784
544 452
245 609
337 292
242 328
73 454
314 9
760 48
73 921
5 385
515 379
277 173
293 72
928 754
460 660
889 604
29 189
839 131
720 248
1000 88
512 119
324 468
559 242
219 557
161 104
68 209
611 133
689 744
866 550
70 336
545 130
990 572
654 524
496 874
213 482
579 994
410 561
287 833
641 145
854 168
282 106
492 535
969 992
614 566
560 160
374 779
206 342
82 172
295 935
343 720
514 81
325 379
256 777
371 206
451 284
389 990
463 239
701 650
217 98
551 230
435 452
242 591
139 375
828 467
371 571
804 341
340 236
184 968
953 802
428 696
770 84
960 826
648 846
639 840
216 155
799 363
579 895
773 129
968 367
345 546
577 620
322 316
403 21
533 458
859 619
525 663
216 157
788 662
550 81
325 720
382 531
88 900
400 292
412 287
196 240
617 145
389 684
383 706
490 999
396 905
438 168
745 245
845 203
44 800
124 941
163 201
871 402
936 665
10 636
924 227
218 777
905 662
249 140
818 990
806 443
285 693
794 414
816 812
182 737
464 140
604 476
927 567
516 657
59 289
520 206
591 238
763 251
178 500
561 162
923 30
972 200
265 223
910 433
144 987
938 118
98 331
642 121
320 200
897 524
965 809
668 198
304 280
625 146
61 743
52 61
797 312
632 844
954 331
520 698
129 104
603 494
759 615
701 561
889 148
865 378
873 833
478 420
110 334
544 392
638 774
564 122
819 506
598 794
109 824
151 976
292 527
803 185
234 427
541 533
732 366
762 10
749 709
933 321
396 936
741 816
536 592
789 517
514 332
389 212
770 620
99 357
199 942
841 506
972 809
879 546
789 501
422 181
466 451
255 275
152 187
241 237
628 326
253 900
471 196
695 750
22 241
935 432
601 921
30 849
399 262
328 741
929 856
429 765
469 658
261 790
1 867
563 601
778 356
684 241
609 154
141 865
998 768
656 978
766 941
769 726
156 949
885 769
523 832
661 954
620 258
390 544
471 219
42 545
431 236
790 131
250 34
832 262
988 39
877 646
334 731
836 213
138 343
617 307
309 839
279 586
643 383
269 628
650 71
445 794
222 780
274 612
696 137
642 146
985 858
122 906
112 861
661 487
4 791
213 504
416 464
747 118
191 746
54 90
525 227
891 518
496 883
250 903
886 878
881 839
291 530
298 629
463 47
473 406
480 532
766 740
682 545
882 355
58 533
102 741
463 729
95 732
764 33
473 195
35 25
864 721
160 85
294 871
272 432
369 973
14 589
149 149
294 605
904 526
922 626
167 585
263 45
314 237
301 975
80 622
92 571
702 972
579 564
982 60
727 322
740 158
941 636
981 825
523 428
83 708
378 806
923 761
302 949
54 137
688 834
813 267
413 827
323 357
556 271
416 477
884 833
428 73
488 771
501 200
563 868
175 851
334 1000
363 206
920 590
173 689
278 307
859 70
278 175
394 985
601 261
839 111
354 746
522 577
825 71
56 236
909 161
851 536
340 481
467 484
636 534
847 854
963 968
653 390
818 380
822 462
323 91
469 590
941 640
153 866
681 635
160 348
301 170
660 213
253 471
427 340
545 891
638 556
558 747
131 721
867 335
3 901
261 465
953 350
342 763
565 134
4 84
71 865
250 485
98 866
362 828
500 423
885 103
460 548
225 642
51 197
20 597
916 191
490 958
439 855
940 791
547 200
313 139
516 435
791 809
680 67
631 411
325 142
923 670
109 126
843 677
956 948
30 993
191 869
690 31
31 736
497 590
187 519
721 852
728 879
356 760
