80 1164 30
4780 4401 2
2180 1667 12
1429 1415 17
3894 1016 4
205 2075 18
4053 3961 16
795 3672 18
2349 715 16
1237 3659 8
3503 1516 19
2868 1126 16
2032 524 16
2688 349 11
2213 3654 15
1564 4715 19
2525 2051 15
4747 1127 23
163 849 5
4316 1193 4
1990 1506 21
2209 3735 27
2674 3060 10
3792 3059 17
4371 493 1
4848 4970 24
3503 3797 25
3411 4205 6
4129 3171 21
4714 1270 22
1769 4131 7
4891 1917 23
2622 3299 6
4672 3810 8
992 3426 1
4672 3252 7
4554 3580 4
4693 1985 21
3951 3106 24
3727 2189 25
4742 4024 22
951 64 20
3153 887 11
2295 2303 14
4985 1513 27
2237 2362 14
3679 1146 11
3170 2531 12
2808 1797 18
60 3521 29
4588 1473 20
280 2634 22
4566 2575 15
4629 276 6
4221 1155 5
2234 4617 16
3140 2529 18
1839 3800 23
4544 1393 6
1426 4159 16
3935 3307 11
1753 393 21
2229 3801 27
4653 629 3
2654 2245 27
777 469 22
3642 4452 17
2497 466 10
106 1096 6
1709 126 4
2189 3696 13
360 954 1
2364 612 13
3367 3622 14
1042 767 6
520 3394 26
80 4355 9
999 436 16
971 4815 25
4572 2842 1
2707 277 10
2205 613
3253 559
680 83
461 1840
1135 4276
4773 4194
2170 3038
1578 4105
3131 4501
783 2083
962 4143
4526 1569
4223 3864
2024 4561
1135 1247
1987 3719
3170 3626
3434 2219
1816 391
1817 872
4604 2260
3588 557
282 1356
3303 4146
100 3826
2843 4689
785 4187
248 4371
3058 2356
3978 2772
299 2707
775 505
2046 3708
2270 4619
4651 1165
3114 3426
4932 3761
4184 3651
2090 1076
4516 836
3037 1469
1153 4278
1289 2172
3540 4546
900 2739
2657 2261
1700 4829
1815 3102
3151 2470
4412 4351
3244 2445
4415 2982
4335 3280
4231 1642
1626 2786
3237 2693
792 2057
3047 4495
3975 1099
78 3867
1137 274
3101 2086
1957 2790
689 641
511 2540
2703 1840
422 910
2127 1063
1253 3158
852 2504
2865 2469
1076 3160
2503 1558
1454 708
2299 424
4641 4221
415 4884
4831 4758
3042 782
2192 3629
4730 220
3968 4438
4685 940
240 3514
1468 2183
2495 2965
1375 1717
1441 894
2720 2084
1115 4104
2209 1331
400 1439
2115 166
1600 3307
2062 3007
1592 728
3293 1075
1612 4791
320 2442
1161 4333
3545 2101
556 892
1071 4847
4183 1281
4054 2306
285 534
653 1672
943 2547
3669 4118
461 3591
2413 723
3073 2071
357 2841
4894 359
1798 3196
3701 1287
2249 4263
3315 2137
4130 2184
4239 3233
3883 2528
3654 3779
2659 3461
3019 912
40 1360
3187 4966
3925 4223
383 4186
439 4939
1608 61
3680 3779
1503 1651
987 2772
680 232
1230 1999
4153 2069
2082 923
2244 4856
3868 2525
4231 2558
1915 1527
1470 2591
1817 2211
4620 4516
21 4666
99 3156
4287 2585
4767 2173
3319 3824
2252 2472
2475 1947
4449 2154
1384 4587
2840 4541
800 3352
2347 3304
3595 2792
76 2013
103 4014
1179 2037
1224 1751
4974 2035
526 2454
1120 3710
1628 4108
3043 904
354 1723
846 3583
3121 4881
3971 925
2014 1724
1570 3551
3392 4450
2260 1808
3693 1179
276 4294
2993 2542
1196 1885
3630 3203
2879 1845
2274 1150
2032 1625
1590 3050
4275 4907
4814 306
3613 4151
1511 625
1960 1524
4397 3852
861 1572
2345 2334
4648 247
2768 1412
2976 4685
2673 1836
701 768
4986 1283
2937 3955
1214 3920
2899 205
1129 297
309 2802
1597 408
4142 494
3423 3492
3019 2623
2105 4339
226 1226
2595 1010
3923 3493
503 1450
4124 863
1344 4879
234 3321
3109 1383
2802 656
4291 4777
2165 2803
252 1735
728 3984
2878 460
2437 201
4517 1365
2513 4913
3380 2415
4 4190
4095 4115
4298 3512
2520 3953
1049 3811
4832 4416
109 2240
1107 1238
149 3167
230 1774
1398 3174
4108 4676
4735 2192
2505 95
2244 362
3485 4461
3828 1684
326 1292
2386 4219
3101 3042
1658 354
2541 3940
958 3002
4027 877
1828 2810
1083 2662
4028 3160
3774 618
4981 2159
3654 4237
3809 3335
3219 3962
4177 2331
794 1171
929 4647
1077 2906
4226 1740
2309 4696
1209 4460
2965 281
3667 3722
4488 2677
2576 1425
3099 2743
2280 3341
547 4748
3162 4113
3531 4639
1079 1272
121 4983
2658 3145
4121 2744
1061 895
933 216
3226 4019
3083 4032
3131 4915
1666 4446
4901 865
2445 2181
2268 4848
3211 1961
4747 4939
2583 4350
509 299
3468 24
1942 286
3799 2904
118 4333
2956 3419
3981 1752
3440 4848
4523 466
4364 131
1662 260
2653 1799
3425 1562
1009 4623
1496 4666
3219 3345
1297 4127
4674 3663
3219 4006
3217 1984
3973 1928
1390 406
4388 1196
3861 1361
2067 550
2149 3740
4857 743
1641 3220
2099 4261
1498 2130
584 4483
4023 1072
2297 3959
4358 166
2705 3229
3811 1666
3900 1767
3221 1956
1538 1996
532 3663
2387 102
2783 3690
782 2471
2648 2665
784 4533
3119 4723
1362 755
1666 802
2960 710
31 3234
2712 1405
3660 139
1309 2254
397 534
659 4966
655 2542
3900 4516
399 4167
4935 2052
1005 1130
3987 2877
4915 3227
1172 1519
3073 2338
974 4928
3322 4850
3665 91
4777 2307
959 895
142 1418
182 1656
200 3132
1968 3746
1828 1179
1471 4920
4090 1351
4642 4610
2857 349
1234 1475
1047 539
2053 3744
2299 2273
4250 1976
1866 319
4279 1683
1780 2800
1392 4054
1664 220
2646 3231
2111 1902
3649 1510
3129 3615
71 1603
2957 859
3071 4825
2071 4718
722 3819
897 4490
1209 4020
4555 107
4534 3274
4047 2220
4313 268
4729 3771
1739 2987
1997 1996
2828 3173
4180 4429
2689 4091
3660 211
1765 4371
2493 1816
570 981
287 4103
982 4715
3889 465
3290 2606
1590 2505
4467 2437
1852 2059
3830 152
294 4265
3005 1148
2406 556
1503 693
4320 2526
4909 805
2268 1897
4121 4925
483 1985
3297 4321
3341 4550
2195 1155
1247 4333
4633 3340
4765 427
3937 2316
2403 3495
4681 1377
3518 1166
587 3439
3361 3746
4212 3717
3821 2119
2886 4371
1945 3713
3374 1206
4140 4101
501 3882
4822 1012
1829 3946
1563 315
3375 800
4179 1721
610 2867
1366 4083
416 4160
1633 608
2349 3864
3591 387
2083 2937
1424 4177
4920 2129
4202 2227
337 2158
1133 3139
3048 1010
3384 1011
4 2566
2368 1529
2531 1708
2886 1848
3245 76
2611 4096
2659 2198
4054 3470
1200 4441
3732 1693
352 2330
4878 142
2146 4348
3695 3569
3592 2646
922 4038
3858 3571
4347 2201
1170 799
1243 3939
3013 3208
4333 2125
2859 3424
3828 1349
2892 2288
2789 3156
4528 2911
934 2481
3436 4214
3414 1633
896 507
1815 1902
3418 2257
3866 3740
1880 4804
1264 1744
2257 235
2355 693
2921 220
3737 1082
2956 3423
3774 1597
2009 2774
2823 953
3020 476
1592 2569
3246 4807
3699 3900
3638 3566
4427 1092
2658 4159
1218 1832
4238 2000
2505 1620
1178 2877
3422 1799
923 3479
4732 3653
4158 3742
3576 2126
1394 4495
4638 58
3830 1172
4238 2622
1033 1838
4629 4457
1712 4460
4026 4953
2428 2324
1075 173
4626 2213
3097 4682
679 3891
3967 1318
1544 2413
1429 4852
4638 4970
4248 841
4377 4401
4835 2703
1057 3622
3872 1408
4446 4317
1821 84
2491 3626
1589 3100
3199 2223
1152 3070
1693 3292
4805 4995
1084 3914
963 3960
1180 2023
2783 481
3087 1798
2696 803
2059 954
452 2638
4345 429
3677 219
1112 1839
4094 1606
4386 2405
1969 3328
4968 1862
4586 341
4786 1252
4450 3473
2815 2103
1674 2572
4638 4684
2525 1827
2272 4321
4134 1632
48 2449
947 1767
3118 4721
529 4319
277 4137
3564 1686
1819 938
2085 2918
203 387
4414 284
212 3938
4841 2962
4358 220
4098 1573
1983 2935
3643 103
3058 1147
1263 3362
2862 2021
2792 393
3739 3997
768 2780
3248 4531
3865 154
844 3448
3334 4867
3423 4631
4736 1420
731 4911
2381 4899
4983 3153
3180 261
3882 1591
3659 4686
926 3780
971 4605
1912 3386
1620 53
25 597
4086 43
687 222
105 1473
2496 1032
919 2156
1239 1956
2885 1558
4072 3504
4051 1870
4506 1081
314 754
836 3234
611 1578
2902 3159
4008 1622
963 528
994 4565
373 4847
399 1427
795 1847
544 4692
2552 2101
413 4719
1114 4977
4800 404
232 1166
4698 1567
3826 2163
1203 3122
69 4494
1779 2589
4275 3788
2363 3062
4190 1544
3434 1759
476 494
4983 499
3763 2221
2658 1641
2871 2758
4129 780
2710 3983
3278 1703
913 1173
4752 3275
3870 3101
6 2764
3915 2000
72 1758
1494 1041
4330 915
3374 1276
4001 3239
168 2740
4171 2224
4486 1582
2469 1393
2284 3423
2534 2449
446 4042
577 4035
3006 861
3260 3772
2418 3225
4461 2280
1137 2223
897 435
322 635
4464 2910
3825 2571
2120 324
542 4759
4125 4584
4668 1208
463 1904
2329 1842
693 1036
4121 1016
513 3145
4664 2600
2149 4422
4283 238
835 4361
2949 3730
413 4491
2078 3644
4947 4482
807 120
515 3002
2954 4654
2510 4428
2129 3146
70 4165
1455 4835
1649 3025
1103 3869
551 2738
1733 75
2989 552
4996 3617
705 4386
4901 3240
3209 1075
3926 487
1158 3597
4780 636
2977 2161
1020 1864
4590 2543
1936 485
3590 4387
4378 4690
3906 1442
1158 1000
1078 1636
4470 2070
1709 3353
3552 1473
1210 1921
1041 20
3456 3994
593 4561
1925 3185
2889 1828
2457 2427
267 3726
2771 3766
9 1362
1662 217
2727 882
3064 163
1645 2143
4236 2015
2232 4185
2254 4246
284 4692
838 1006
309 4304
2565 2335
3621 3219
69 4616
4606 3597
2767 3415
3003 3760
4607 2730
1365 3485
3105 4268
2347 2229
276 1003
3754 672
439 2698
3229 3662
514 4488
1547 4920
3838 2582
1501 3856
4184 1233
1290 760
1085 3232
4821 4372
1904 4677
4116 2168
3310 2810
4224 208
3004 2447
3497 3158
333 4488
807 3138
4872 2146
3145 2883
2118 2948
4646 2930
834 918
4770 1894
3363 293
1627 1996
3630 474
3301 4033
3560 2173
143 21
2465 4539
286 4307
4870 1695
51 3718
1154 613
3150 4386
4867 1479
3854 4457
3229 662
1022 1969
2208 1039
1549 3766
1549 1082
1574 3755
2235 2232
893 128
2851 4791
3071 2391
4139 1791
945 3019
400 2036
2377 681
650 2827
1314 3698
429 1644
4354 1246
2525 305
3757 1924
1450 843
2458 3970
2114 2892
604 3753
1831 4092
2251 3432
4033 4476
4460 781
3129 2936
607 521
1735 2601
4977 844
4818 3096
4892 574
2829 4850
2276 2501
2862 914
4037 1328
1946 4344
788 3205
4374 3861
1078 1571
913 653
1012 370
1437 3754
2682 1947
223 3883
1646 2507
3249 3121
4400 1318
3202 3665
1479 4810
2787 4737
1024 617
3110 2833
630 51
1155 1885
981 2912
3778 2737
4495 4565
1314 3292
4751 3105
3982 1378
437 1466
318 1017
3954 2271
2952 807
3927 4236
3443 141
4770 4152
3502 3614
1819 58
2390 4495
1722 4884
2155 4913
3260 3586
2621 2841
3736 4677
3283 1184
4502 4553
1009 3309
3444 270
3034 4470
4484 2681
951 3426
1840 498
2566 1785
2095 3425
2561 1115
806 230
1270 1475
3976 2023
4918 1535
575 822
636 1086
4782 3474
328 3984
4061 3324
3109 301
3888 3298
1298 3453
3887 1810
2652 1024
4994 1770
4369 1161
2292 1449
1208 3832
4508 4428
3619 4395
495 385
3719 1553
848 841
3859 155
546 2888
286 346
3658 1248
3686 3762
3532 4478
4898 2841
4391 4384
4435 3281
1928 3939
166 4918
4535 506
2637 1413
4929 867
281 2458
2617 3542
4171 675
3655 3461
4755 4358
3857 2551
3381 1021
4941 2549
3222 4447
2060 180
2355 3663
3557 1365
2461 2684
2856 2034
3023 2247
4187 1080
1882 86
567 225
1227 696
1837 1135
924 3011
4253 4004
3091 1956
2348 2195
720 3189
836 1809
4332 3026
4174 1957
2861 327
115 714
33 204
3955 365
1077 1581
1392 1013
3315 4638
4507 4648
4091 718
439 4403
2147 2654
2827 531
853 2718
1703 3343
2136 1399
2851 1824
2709 4399
371 9
743 881
1457 4878
3418 3276
3074 347
3800 547
2027 3149
2408 2251
1870 352
2387 1215
3549 1800
4796 4182
1203 3358
3394 3647
3403 3634
4085 1577
2634 931
1660 1404
2184 1652
3917 1050
3877 312
3068 477
3300 447
727 4575
224 107
2735 1461
189 3319
4812 155
3709 1593
2990 3668
2413 3425
240 830
905 3182
1862 2067
2314 4005
624 1384
3852 4799
2255 4750
4554 1879
1259 4010
3525 3056
3158 1269
3147 1453
3502 1401
1704 4581
624 3293
1078 4267
1800 1000
4696 1711
3114 3774
1808 494
1753 1345
1766 465
1098 4206
1662 3482
2298 1379
1983 3662
269 3877
2310 421
2818 162
1059 926
3196 3228
1201 2383
3473 58
1496 4651
2893 3827
3838 210
3300 2522
3284 986
941 4761
2411 1524
296 953
48 1355
864 2925
1849 4794
1703 2230
4921 3427
2709 3273
2086 4788
2208 1857
212 4345
2345 950
635 2470
641 1133
205 3080
4929 1491
609 1163
4339 1230
731 4231
1753 788
1229 3693
643 3121
3111 1440
1826 3415
4597 2162
917 1595
2714 1125
4787 3770
3241 4958
3968 881
4256 2873
4746 4727
3497 4323
3534 723
2286 3794
1617 2543
4761 2617
1193 1316
3665 48
1665 802
1085 4493
4349 3893
3516 2366
4926 2767
1616 676
2974 2844
659 826
3811 1642
4235 2639
2665 2986
782 2610
1464 1556
4509 2929
3277 2230
2094 1823
2959 2775
4258 3804
810 2381
4077 3176
832 3940
3247 1478
2308 742
2730 4448
2646 2221
3597 1618
810 661
1775 2873
346 1452
4623 3209
3606 2317
2373 4920
2697 3019
4305 1098
1366 4297
4577 1721
1339 3108
4512 3276
2097 1108
889 1473
4564 610
1731 2264
3889 2387
251 4026
2371 1579
4537 4381
3350 1532
744 1848
1993 3735
4768 3923
4354 4349
57 4212
4562 3629
2901 2572
1662 1779
985 3959
1730 1296
1163 1064
276 4584
4470 881
4779 1044
3672 3772
3903 2655
3704 3676
1859 1944
593 4867
1596 4331
538 537
1923 4270
2029 1840
1460 2303
380 4231
3193 1220
4831 506
3893 4983
43 2033
2098 1188
2214 1057
1980 26
603 1910
109 870
2973 733
3419 2458
4635 2582
327 3900
2963 4592
