80 894 30
362 4956 14
2448 3371 20
2949 3989 21
1989 2805 11
3765 4649 10
4055 2115 17
1984 2948 7
4936 1343 22
3906 1841 24
889 3116 3
1216 4453 13
3750 4400 13
3512 1180 16
2120 3217 24
3704 3008 30
2659 4902 19
1047 2181 30
2242 3184 5
2845 2696 23
3818 4512 26
1160 4140 21
730 2970 30
1556 2419 20
4793 930 26
2414 581 8
1274 4943 27
4865 2497 24
3007 1019 27
1453 3863 18
995 4235 30
59 4806 7
4737 4092 21
3672 1281 18
1520 70 17
3468 2237 28
962 2715 28
4708 331 7
3867 1235 29
113 3799 23
255 4820 15
4063 2555 21
2345 2745 20
1094 2257 27
3182 1243 8
4791 3460 15
1821 2505 25
1410 866 13
2616 1144 2
2513 3998 24
2495 651 21
4912 631 26
1705 811 23
1577 1147 12
230 2574 22
3768 2929 9
3363 3774 7
3263 4821 10
1273 2583 10
334 260 24
3797 2544 6
583 4101 23
4257 581 23
342 1865 22
3624 4243 8
822 3133 9
4133 3546 13
4170 4539 4
710 4048 4
3057 1666 1
1030 4936 19
2838 3767 30
4993 121 24
1355 4605 23
3233 1115 8
4797 487 6
689 4331 8
1900 2582 5
169 1277 7
668 1840 2
2563 2280 4
523 262
890 95
1526 674
3415 870
1979 3911
4917 182
3923 1729
1889 1610
1802 2653
2034 109
284 4108
1959 1307
4628 2585
1567 2260
4955 1766
4231 1124
1719 4491
2585 691
1056 887
2348 3475
1131 3866
543 2516
2760 4583
4679 1479
2616 2257
4645 712
4847 613
1997 3399
2142 2498
4842 4081
2364 3488
3207 2991
3916 740
123 4261
4801 853
4195 3161
1773 1531
2738 301
3147 478
92 1050
3758 1990
2827 2029
1537 3108
1336 3262
4736 1952
4286 2767
98 3399
1224 3651
4658 841
2610 3041
1423 4124
1828 147
3592 4623
991 2626
4768 3075
2805 2262
1900 1999
1735 4585
3556 129
2697 4134
2990 4467
3599 4668
4516 52
473 178
3602 3927
2041 1031
4144 2508
4751 2778
4190 1510
3470 3646
4494 2834
1054 2837
4613 11
4576 2797
4462 1523
4891 4439
4065 3907
2878 3472
439 4654
2773 4339
1553 2435
1047 865
4563 1697
2072 789
501 319
1042 1657
1406 3730
2223 1691
2111 1146
613 2172
576 1987
4409 162
4445 3548
2251 4448
2436 2832
64 4880
1093 4439
1698 1115
4797 3815
536 3978
1804 2322
1437 3705
561 381
4150 1702
2803 2621
3160 2884
72 3892
835 699
2972 2125
1807 1221
3869 1121
1907 1675
4618 3209
2902 3473
349 1738
2460 1794
344 3165
1793 4833
3758 2275
14 2534
1531 4475
3466 4191
4279 3273
3596 3436
2258 4418
4224 1068
1344 4032
3220 3210
4071 1139
562 3045
2795 1003
4702 3777
1073 2781
2129 1518
2526 4644
248 4002
3332 3899
1403 2835
153 1305
1022 3483
2404 10
3907 2571
1592 591
251 4821
962 3115
1822 190
2550 1829
569 2031
1543 827
2659 286
1811 4313
4277 2156
4105 3568
804 3569
394 2940
2104 3465
3767 1602
3787 3890
3663 1647
1653 3777
742 1090
314 2929
3687 1108
184 1684
1222 4272
1532 3696
566 4693
32 3297
4732 2669
3206 2729
1816 3872
3758 3813
2089 3821
4279 4715
4967 3690
1155 2664
1360 585
4154 292
3612 3751
21 1989
1672 1269
919 4930
1261 1391
2743 4319
1109 3372
855 990
600 2901
4608 4468
4838 2767
2551 1814
1531 4470
2361 1825
2667 535
1267 3588
3104 2472
893 923
1425 3157
505 1240
664 960
4007 203
3046 1564
210 4822
4115 3830
2755 1008
3843 3078
1394 4629
247 3541
2743 68
1771 602
1238 596
2411 3381
1372 4616
3136 1232
2528 3541
3587 1001
3991 4014
1047 613
4144 1686
2304 2740
170 3850
1397 309
2190 2878
369 126
3115 544
2732 3472
43 4736
2631 3527
1725 4385
439 1749
4414 2824
3966 2524
2571 3218
3715 21
945 3172
4109 4402
2739 1203
2376 452
809 3145
1452 2801
262 1862
832 165
2803 3695
3811 4625
137 834
3985 589
3711 3115
1404 4845
3552 1684
2864 3318
578 1582
2361 3533
4497 3647
3191 670
1820 878
4306 4533
1722 2698
3129 949
4795 353
4763 3664
2450 33
2881 2784
1328 673
1103 4918
465 3124
3632 3707
2539 1041
2019 1042
490 4280
730 4041
1828 3473
4311 4428
976 3203
1485 2767
3740 2296
511 2567
4966 48
3077 936
1109 3404
1529 2788
520 3197
1494 4655
731 2839
4163 2354
2309 1343
1560 2760
2813 4695
431 1742
2584 1334
4131 333
52 1702
2712 1132
976 2551
4615 3103
1183 4654
258 4708
1798 2734
3985 4426
1562 1564
282 1632
2765 3918
2134 256
4920 1327
491 1530
2152 3736
2080 2183
1511 420
68 877
1362 720
4986 2332
3382 4439
4473 2082
550 476
1906 2005
1034 3887
1203 2417
554 2786
2870 1782
2242 4773
1751 3984
2383 3959
3265 790
1540 211
67 4181
2142 4665
4646 1216
3512 1603
2626 1421
1317 3161
4544 2196
2251 626
3007 3800
2561 3436
1605 2059
1180 2100
3810 986
2221 2113
3409 1172
378 2100
3566 4635
4559 415
2311 2899
455 1505
4657 65
2189 4905
3758 1306
4460 4132
134 3897
1608 4936
3106 1313
2409 2908
1845 1502
4811 2268
2939 2943
2337 4994
3671 1482
2607 3192
1354 3471
3682 1980
2539 3633
2180 3897
4961 4694
131 4885
4111 418
4450 392
1224 333
3064 4961
629 1966
2735 451
3964 2442
4128 1231
255 1368
2965 4014
4435 4266
2947 3559
397 62
2490 2465
4053 432
4035 2487
1144 4822
3580 2311
3383 194
3033 4124
1842 991
1638 32
1250 4174
1216 2605
1695 288
2293 2632
3913 359
1082 3806
1093 1111
3448 837
1184 4072
4559 2608
4881 253
591 4780
1152 3977
3394 2812
3363 1739
2112 1152
4225 2153
1050 347
1998 70
2127 3223
519 1300
3910 3187
4641 695
4201 3135
48 3236
4973 3549
1616 1616
3567 544
1236 890
3630 174
1999 231
3683 4950
2705 132
4739 3019
1444 3960
3766 263
1623 316
758 1902
442 2339
2559 3027
3204 3303
3752 607
3408 1253
934 2583
3863 2711
2573 1415
2194 2696
1996 2076
3429 195
1287 1318
4437 151
4728 374
1083 4615
3062 803
630 1898
8 1706
847 331
872 597
2845 2201
1214 1084
4810 1690
3045 3732
4529 2067
3615 3258
4769 2488
3181 3231
2106 4883
1932 1336
353 3729
3214 4627
1870 3046
4001 4770
4669 2737
752 4208
1541 2766
4005 2663
2303 805
887 1217
2823 2813
4296 2546
2557 4108
2315 4942
3606 710
446 1346
2180 163
3466 776
356 332
201 2316
623 3811
2426 3135
760 1718
2730 3708
2623 2744
595 107
326 3039
759 1332
398 2501
1056 226
4932 4746
460 3088
1252 3652
2684 4622
3419 3630
2277 4741
2188 4029
3227 1958
1430 4586
26 3120
1179 2559
1141 3596
3043 3804
2773 1240
2183 1326
176 1363
761 1726
2759 1570
2813 351
645 3683
2582 3709
616 1114
1323 1676
2840 973
4727 4293
674 920
2834 3003
4754 1484
1155 1694
996 2040
1864 2962
1648 1399
300 4036
2948 3068
3950 1722
840 1639
1066 1264
3691 3857
4821 3352
2463 3915
1724 868
1983 1383
1493 1803
1166 1251
964 2581
364 2887
445 4122
2405 3915
3195 4674
765 4432
3384 1672
2255 2280
2677 384
4561 1889
2866 738
3850 551
3180 4854
4804 3132
975 617
4703 2670
711 3948
27 3129
4003 497
2498 1775
3187 2915
959 841
3143 344
579 2308
2079 4351
2623 1200
3998 3364
156 2547
119 2233
4431 4768
21 1389
1301 3029
25 2955
2651 1366
234 775
4099 4181
2726 3856
1379 2528
2168 2249
2333 3731
4170 201
3021 3710
2887 4911
2687 1163
70 4882
3714 2265
1424 4203
3269 3489
3036 4129
1111 2221
3950 382
4291 1391
1536 2818
165 3440
1301 1447
2443 3863
3209 2973
4977 218
1811 3073
384 2404
3776 708
1210 3714
402 4765
1361 3928
1014 1348
955 2559
3202 656
2668 1084
2063 3291
4101 1749
1148 696
681 990
2279 502
477 4818
2119 3986
3976 1243
2404 2200
524 2182
3548 906
4361 4923
1127 175
4870 3721
230 99
1867 654
3770 4089
4566 734
2744 741
2981 3182
4944 1767
4200 2647
3790 3024
1111 2565
594 2974
1853 1197
4116 82
4560 606
3125 76
4484 4483
2895 125
281 4783
459 1397
2714 2304
3024 3792
1773 1423
4199 2924
2853 2995
626 87
4860 3364
4987 3391
4885 880
3047 2604
882 4737
330 4457
4340 654
1495 4261
3552 1581
3340 4255
2099 4402
3582 4193
1381 833
83 3482
3742 3196
2838 2838
173 4946
366 4609
1042 866
3264 1393
146 611
4218 1456
3330 797
4954 992
4565 802
397 4740
2666 2135
907 447
1767 278
489 1049
880 4020
4836 4407
408 3755
700 2573
2854 619
1137 2933
1716 3511
3201 2317
84 418
3566 4311
4015 1497
2810 511
4072 2802
542 1834
1608 1249
3306 2704
1493 1366
3946 1587
877 3684
67 1227
3712 877
2994 968
3186 303
1450 2398
4570 683
4684 671
2306 3669
991 3965
1615 4266
3223 1975
1610 3529
1429 3031
2193 4835
1922 2302
3985 996
1527 4490
4665 2679
3390 876
4730 3510
3066 2955
3539 1432
1676 4824
1476 3869
4968 480
1768 1207
4785 2099
908 1027
4175 1792
2074 2535
3874 2794
546 500
265 3435
3396 3389
4351 3391
2566 4079
1196 3484
4525 1105
4697 243
577 1351
4184 1646
3571 1015
3187 120
1474 3691
2487 4674
3080 2888
3719 4006
782 1696
3032 2878
3128 1690
1493 3797
890 2545
2486 2213
3904 1200
3008 2541
774 2218
2319 2293
4178 2586
229 2480
2844 4427
728 3541
843 3883
3473 3007
4335 4354
4442 1201
908 316
4607 883
736 4652
954 3044
3442 3797
2894 1618
4068 369
1575 3470
3664 2730
1172 1243
4747 2508
1445 1657
2034 1083
2251 2850
2099 229
4347 3252
3855 1952
850 4915
714 2427
900 3081
1346 1601
813 4009
1125 157
4094 1756
2364 2619
3094 364
3894 186
3511 4902
3055 222
1307 3702
309 218
2738 799
946 2599
330 1303
4993 2443
2105 2360
4400 3171
3461 4040
1480 4305
4415 1979
866 878
2221 3504
3495 687
411 3877
412 3544
4125 1016
3429 2954
1789 4500
4970 3308
1658 1900
2405 2322
208 3351
1232 1170
3538 4823
2192 1845
3477 461
4872 2655
126 2024
1468 682
750 2393
3134 819
2872 2321
523 4113
2368 4522
4118 3374
3695 1883
3582 1796
3414 424
1807 3867
4674 631
4997 243
3466 4063
2296 4245
1386 1164
1966 3866
3374 3399
427 788
2863 337
4494 2457
4841 1422
3689 3144
4760 864
1880 2882
3898 2368
2034 3766
4780 4367
4124 1827
2407 3439
1509 3571
614 2038
1823 779
1696 159
2465 4708
4077 4991
511 4922
2065 1820
471 2261
3550 3901
4866 2577
2238 2533
4587 4682
4761 27
4260 3227
1183 1997
3517 2869
904 2473
1506 2498
1992 2182
2800 1191
102 4577
4529 3596
420 3767
3713 2030
68 1348
2558 3047
4061 693
2758 4798
4044 1860
1215 4790
2626 1316
3308 868
145 221
4712 1548
2470 2919
1492 2836
4767 2938
1535 4791
1921 982
4041 1941
1211 253
2734 2486
2907 359
187 2320
1653 2184
4678 3151
3335 2133
3039 2133
4054 3327
2355 2177
2211 3524
2119 764
3617 2847
634 1296
2949 1920
3504 4262
1856 2977
3761 3796
