70 724 30
417 254 9
209 479 2
228 249 7
60 281 29
96 422 1
217 106 6
107 359 27
477 425 18
159 127 18
450 479 10
32 426 29
42 127 7
7 131 25
174 307 15
361 476 28
32 487 3
427 204 26
460 113 7
225 20 11
434 372 24
390 186 5
396 315 5
78 421 19
287 329 20
263 299 13
392 112 14
90 84 9
195 236 26
178 107 19
493 371 9
478 419 14
278 18 5
208 76 12
426 303 12
172 177 19
384 104 27
354 418 29
123 73 2
188 330 18
347 433 7
457 167 29
463 209 28
422 365 4
99 257 20
298 144 14
307 14 16
91 260 4
471 399 15
330 188 21
370 448 29
229 152 12
497 339 15
353 165 23
387 193 2
159 398 17
135 136 13
327 43 8
207 426 26
370 499 21
160 88 16
218 303 30
187 325 19
408 388 6
55 376 20
22 494 3
402 30 24
108 382 2
255 422 26
377 226 17
187 38 17
116 479
111 479
419 237
234 378
419 287
132 489
479 80
94 160
415 363
491 99
140 344
108 354
150 278
460 147
128 163
108 58
417 367
204 154
58 370
228 136
154 141
42 262
116 402
308 289
211 475
448 85
153 375
80 49
382 353
445 13
326 76
189 292
100 88
337 379
421 480
311 168
44 45
470 36
87 5
188 346
414 116
232 111
69 340
250 484
2 157
103 252
468 330
467 76
437 280
450 435
371 358
461 126
153 144
346 198
383 114
428 263
334 59
77 451
456 375
431 432
5 276
470 57
30 178
91 47
478 249
289 244
191 272
269 141
378 54
216 355
488 58
267 417
219 438
349 53
154 258
411 387
346 150
327 366
16 328
500 226
225 185
79 53
331 99
108 237
227 476
94 146
94 436
253 271
224 376
80 110
26 78
378 388
333 233
170 216
217 250
169 361
263 127
141 403
75 381
427 259
271 107
256 413
36 23
419 397
213 24
270 383
421 47
385 25
250 140
253 361
177 162
117 31
170 450
397 263
89 75
293 79
171 277
72 330
25 106
102 44
118 29
457 464
32 5
429 395
394 261
453 427
131 333
234 90
320 6
182 23
263 111
46 154
45 204
287 306
65 393
466 153
259 231
306 277
442 308
396 72
240 384
16 194
104 492
230 192
164 294
132 414
179 462
295 346
243 58
222 107
325 499
154 475
450 258
323 326
267 63
37 206
170 323
94 8
22 454
123 140
132 399
189 436
359 207
286 73
195 311
491 61
135 380
419 307
236 75
160 50
21 306
241 2
192 219
135 123
29 474
320 141
403 45
146 403
113 374
105 67
440 155
47 109
237 474
176 37
103 236
333 101
182 218
421 373
131 403
217 213
100 206
167 78
346 332
448 292
251 195
368 105
32 223
490 338
359 148
213 261
128 497
400 5
7 15
427 112
199 226
67 283
286 396
266 213
218 113
211 339
71 215
211 270
425 216
456 72
96 283
95 267
421 391
452 337
338 496
94 292
89 318
58 436
73 292
199 97
259 444
32 53
130 124
396 187
310 383
279 412
155 9
255 83
47 171
441 14
403 134
231 274
207 100
181 160
192 216
373 362
326 251
90 132
64 338
368 206
70 237
498 303
245 359
394 324
99 363
45 478
363 449
497 154
457 186
252 73
215 227
457 266
435 269
63 317
358 177
441 152
440 263
436 262
73 282
452 104
402 32
466 413
103 163
400 114
104 41
105 161
309 46
7 444
405 205
192 46
375 192
279 179
407 210
98 158
40 47
20 403
459 377
480 25
52 423
370 102
363 4
7 94
147 202
364 476
449 462
228 256
405 338
324 162
13 220
370 65
193 236
315 292
473 336
390 340
379 228
236 128
60 175
236 366
279 80
180 241
356 142
135 360
42 91
187 388
294 360
130 139
192 310
485 416
23 261
141 447
137 308
179 211
26 354
290 401
273 318
158 11
467 354
434 109
77 132
372 34
300 75
369 386
428 359
309 372
320 403
442 434
377 213
110 40
150 188
81 281
71 450
137 378
182 244
286 373
442 194
58 182
50 241
312 494
429 198
191 330
450 386
182 321
312 189
92 352
111 410
442 368
209 352
351 283
202 44
74 477
292 118
178 313
135 495
339 76
60 262
472 96
105 170
432 467
332 385
226 341
281 113
23 404
352 139
349 422
154 3
400 245
152 222
227 294
402 163
139 336
94 91
250 55
292 60
247 63
322 25
86 316
436 407
118 101
301 222
44 154
412 46
5 332
252 386
30 327
282 212
71 220
351 158
420 395
420 437
87 51
500 275
193 243
14 9
467 468
260 397
428 452
154 247
448 234
135 193
208 388
260 41
483 139
365 266
78 151
380 34
483 120
404 138
432 275
426 49
404 307
150 416
64 411
390 298
76 23
311 420
380 472
84 133
171 278
425 319
320 59
403 39
72 290
115 177
50 418
172 216
477 180
423 266
38 492
151 310
94 494
2 148
49 182
205 405
154 252
311 108
169 198
461 421
199 13
331 116
164 197
262 370
246 213
204 124
495 196
256 83
60 49
462 341
406 95
263 44
69 165
413 224
158 49
248 453
455 390
488 107
277 4
194 452
201 275
39 496
63 228
80 96
84 480
354 109
295 92
223 214
372 144
409 278
368 390
253 418
116 68
212 329
373 88
274 241
321 110
10 258
135 369
255 257
14 280
274 243
88 455
408 16
244 81
255 114
11 447
406 348
270 111
237 475
278 474
427 478
37 325
16 205
400 418
146 359
484 172
246 398
252 5
359 354
132 434
206 79
443 9
410 141
182 301
163 385
12 252
466 111
413 192
382 227
77 210
22 406
187 361
322 306
38 261
293 195
145 287
209 133
456 487
62 451
359 162
255 277
367 350
47 306
284 49
279 69
186 134
458 484
285 463
263 164
32 483
89 44
21 43
150 144
378 312
238 410
176 192
10 135
202 117
359 451
317 413
222 388
130 256
224 430
286 357
59 192
64 333
275 249
92 159
221 67
121 433
220 435
420 344
80 151
242 74
322 151
424 57
89 201
483 463
263 249
488 487
117 20
325 248
441 312
399 18
195 427
124 320
111 6
419 175
17 264
174 91
253 145
222 124
14 20
452 220
286 326
385 40
263 301
91 195
375 51
334 117
236 427
165 151
366 276
412 272
458 403
402 33
256 31
398 348
400 65
258 476
65 228
203 312
162 78
467 431
213 479
45 495
106 74
357 358
49 290
32 338
317 341
130 458
92 405
421 154
79 438
461 274
95 24
68 3
23 221
391 98
378 431
239 426
418 224
247 299
306 219
201 411
57 105
206 468
162 101
448 329
222 129
97 336
281 379
483 429
452 44
429 498
245 490
29 128
163 313
358 81
325 170
217 135
3 125
155 223
69 81
376 489
110 128
405 167
65 120
23 75
421 209
86 460
49 26
114 114
275 177
310 77
219 251
232 323
182 126
184 47
266 1
250 142
126 379
48 276
405 387
166 156
5 114
444 483
144 9
245 488
361 383
139 235
154 131
217 435
94 406
375 477
246 428
473 57
323 177
181 392
100 274
70 355
371 343
129 307
49 330
135 10
42 239
267 229
43 381
80 159
202 11
134 152
427 197
253 121
240 162
330 158
344 110
208 160
78 214
305 39
395 125
323 107
62 481
153 297
127 144
61 285
323 112
468 355
196 110
202 356
366 295
446 306
396 150
182 285
352 312
295 274
172 34
90 69
38 227
432 250
149 272
238 44
201 86
269 478
153 7
355 458
495 437
453 106
168 325
16 250
444 465
255 239
