30 318 30
4766 2572 27
2435 3036 13
364 3698 20
959 3602 29
517 3120 11
3676 1252 2
934 2106 30
4144 2490 28
3754 1775 3
3751 1032 13
2675 1912 13
1568 4307 29
1746 242 13
249 3670 7
2640 3187 16
1093 4164 16
1144 2949 19
2369 889 2
611 4211 12
3505 3847 6
1119 4550 24
3881 3011 27
4729 936 28
2610 3644 8
4810 1039 23
3893 1001 23
1199 999 5
4963 2054 12
152 2049 15
2623 1723 1
4324 1185
4890 3099
2035 2381
741 726
350 2252
2747 842
4256 2288
4260 2290
2640 109
181 77
2594 986
3080 3794
3979 4983
4812 965
3303 1937
2724 2135
79 3238
2332 4756
752 946
2244 4069
42 2631
4730 544
1766 4950
4103 2737
1974 2519
3325 817
1832 1844
734 3642
1732 3188
800 2931
4107 3356
2337 1008
1922 1568
2073 2513
3021 2583
1659 1475
1121 1604
2792 4906
3378 1583
484 3633
920 2769
360 4041
2996 3210
783 3933
1334 1031
273 4436
1078 3987
2311 3155
1747 1260
3557 3392
3622 1262
2241 4394
856 2592
4192 4794
1922 2164
105 4390
4260 2275
209 22
1308 1164
1145 807
2353 979
164 2700
2113 1166
4965 2989
1292 4380
1910 3272
3348 53
1870 3455
2152 3133
4567 976
4807 664
1997 663
2939 4864
3608 554
4699 4980
4011 2286
1361 3808
1032 853
3603 2081
3006 642
285 1318
2886 4753
2484 955
411 1478
1048 4598
2845 3289
3001 3561
4203 1987
4937 2862
3613 3623
2824 3893
4236 852
3086 3151
1499 409
712 3451
2685 2977
2913 2669
3177 149
1323 3776
2031 4920
3674 335
2479 1265
10 344
2380 4128
3595 4387
3820 1450
2860 3389
10 307
292 4104
3293 1297
2442 1142
882 755
1577 1793
1739 2158
566 1386
2707 4706
1690 3304
3318 2477
3435 1745
573 252
3323 2793
1659 1298
258 168
722 2255
1460 3054
2276 1977
2793 799
2536 4781
3402 4520
1611 843
2699 4716
3413 918
4939 3469
2853 572
2990 419
3107 3611
3452 4310
489 3151
2733 1115
3071 324
4737 3558
4081 4728
4562 3866
762 234
1750 1537
4366 3243
2114 2664
2248 3543
3194 3054
4850 1138
4201 802
1745 4626
3277 4378
1893 2747
1594 4149
2298 905
1721 1217
2588 1261
3429 3099
2674 1898
2489 4410
2052 60
2217 613
1965 1993
1825 2876
3391 4574
1332 1632
4417 3103
1683 1948
3409 100
1929 4275
1647 668
4699 1443
2153 898
2693 3689
3820 338
1666 3134
1984 2922
2194 2477
4077 3312
839 4824
2297 757
1821 407
3208 2878
3052 3129
3154 348
4956 2309
539 3064
3643 1083
2698 3120
1100 3670
600 4824
2972 1325
592 1771
2971 2554
3780 1432
1926 2473
2253 2568
3770 1997
3216 4925
138 1079
2477 2077
567 3581
4097 3729
370 1463
2086 872
2283 1518
3335 581
2208 3846
2460 2217
4412 2787
4834 4745
2317 2071
3520 3321
3724 1621
4908 4200
2118 2417
188 4287
3790 4816
4657 2194
4820 2353
4643 3443
170 1140
4957 367
4024 1277
1 4094
4657 894
2649 3235
1736 3537
3422 3775
4956 2833
1909 2136
1658 1359
4292 4498
18 3558
803 3630
2817 2273
3124 2886
1266 1642
4039 3508
3510 2244
4995 3106
2542 896
1662 4547
4544 1264
4225 4430
1342 724
214 1189
3205 1128
2410 161
813 4234
3676 763
1415 4797
4672 3658
219 1263
3803 2896
3103 1952
3943 2857
1153 1820
3291 2574
1324 1006
2611 938
2788 4862
3032 585
4111 4761
2851 4951
3640 3584
2456 3118
2449 2951
1005 3715
1886 1476
2497 969
4422 33
13 3915
923 2463
3654 4110
3689 3976
2124 2167
2116 468
1319 463
1263 3797
1946 1368
812 3789
2088 890
622 4524
785 4378
4063 2608
471 2758
4745 811
3142 3569
2250 3127
905 3089
4931 3342
4261 515
18 320
4465 735
704 586
379 2619
1694 1655
932 490
4269 3784
3912 1143
1697 487
883 2610
1207 4632
4709 849
3669 1086
2422 2193
3161 4782
4316 614
829 205
791 1967
138 3606
1478 1774
4674 457
946 2331
3732 1258
885 3730
