140 554 30
141 612 10
636 658 9
819 719 7
649 778 2
369 990 1
832 538 10
404 491 4
812 274 7
120 149 9
102 532 6
19 39 6
369 410 1
26 474 3
651 625 3
341 350 1
373 421 10
527 181 2
786 137 7
853 967 8
183 815 2
24 499 10
586 484 6
128 490 5
744 413 9
175 651 2
364 535 2
171 479 5
240 723 8
428 385 2
25 399 3
156 518 7
409 343 5
208 595 4
575 660 3
895 246 1
36 179 2
834 241 3
637 450 3
193 654 3
712 607 1
190 630 10
207 467 9
592 593 2
905 19 3
177 82 8
549 702 2
771 480 5
129 652 4
226 3 10
141 995 10
857 607 9
96 789 9
638 641 5
777 703 7
545 982 1
720 270 10
46 466 10
833 555 6
326 884 5
844 370 8
631 712 8
483 932 9
254 691 6
95 114 10
462 844 1
61 787 7
642 922 10
881 535 4
962 957 4
203 718 9
214 542 7
856 309 7
348 734 7
552 217 8
943 407 6
750 898 9
721 120 4
482 247 8
875 16 4
339 26 8
880 124 1
270 125 8
786 781 4
907 962 10
185 370 10
611 678 5
994 705 8
661 7 2
589 823 10
323 136 3
883 536 9
570 281 10
213 953 5
578 628 8
104 933 6
498 419 4
304 487 8
105 365 7
835 283 9
79 95 1
232 495 3
133 356 1
633 522 8
302 312 10
222 766 10
395 172 1
115 809 3
784 906 3
560 154 8
940 836 8
333 170 7
297 916 8
964 974 6
280 717 5
258 601 7
517 296 10
958 950 4
515 525 10
684 269 1
513 407 1
803 963 9
776 513 9
206 661 1
710 294 6
332 138 8
979 692 3
50 22 10
228 290 1
273 216 9
826 794 10
928 503 7
73 741 1
925 622 1
568 307 10
540 391 6
776 201 2
834 411 7
851 597 9
611 480 7
383 549 9
114 822
811 632
945 300
284 854
666 359
283 675
766 928
271 871
212 50
40 764
379 451
261 46
252 314
471 878
672 75
471 778
761 553
127 420
927 219
217 519
541 63
519 714
435 619
525 452
261 820
6 886
635 471
692 472
734 469
816 227
151 606
990 113
597 459
202 374
723 426
24 650
624 380
939 960
603 43
843 129
763 684
247 49
994 932
664 59
445 649
218 255
507 7
238 786
845 286
379 663
483 611
901 683
992 119
14 214
986 61
619 187
956 542
623 514
654 422
721 608
543 73
982 446
193 999
333 773
466 766
747 660
296 275
744 883
604 681
446 154
600 91
185 304
147 129
459 340
264 515
984 648
980 502
940 973
126 653
525 517
499 188
49 6
276 349
635 674
685 218
879 546
11 805
902 505
972 777
493 601
455 162
663 885
213 599
882 383
604 869
70 45
595 333
545 423
437 137
828 619
819 533
953 792
783 1000
281 958
401 540
217 175
959 987
903 32
405 205
452 70
990 264
406 384
428 990
952 193
83 648
40 6
947 500
119 238
131 190
741 738
988 645
917 22
889 383
222 923
122 88
501 669
747 635
526 425
205 223
696 244
88 93
7 864
447 508
958 708
237 982
176 925
993 965
132 321
878 429
848 4
35 110
80 104
103 378
322 876
275 621
575 626
71 786
878 131
205 465
289 276
710 945
86 470
534 775
641 406
929 756
183 611
952 771
732 157
738 114
402 287
664 183
409 798
599 280
201 798
167 80
474 611
774 79
934 558
145 575
43 295
109 28
516 417
108 362
81 495
415 384
12 638
321 656
451 685
411 636
348 779
57 403
944 33
288 472
254 528
708 791
808 232
265 406
851 757
340 969
850 479
169 177
673 104
296 296
433 973
818 258
49 830
678 658
261 720
665 48
632 987
192 20
281 924
648 652
472 932
845 940
936 432
925 312
471 150
15 730
882 411
724 337
415 285
10 976
516 509
412 982
966 983
889 157
200 533
327 423
784 727
925 818
114 917
298 131
266 238
870 649
830 87
236 26
724 574
675 809
339 384
334 705
858 859
821 304
428 848
631 184
734 440
674 178
557 576
77 335
798 805
1 890
489 471
816 611
485 703
256 684
446 610
76 623
978 426
694 658
349 889
457 84
254 327
806 623
971 706
570 695
525 133
756 974
768 775
758 548
336 454
430 204
549 709
312 282
572 866
817 922
798 254
193 693
36 883
394 118
832 652
853 639
810 757
301 460
850 425
123 389
893 488
275 896
182 852
890 999
361 583
250 872
34 453
340 329
607 544
768 655
887 12
19 828
470 978
288 991
994 903
119 726
447 30
385 694
102 23
856 344
760 3
335 268
974 475
564 101
294 910
304 402
587 625
236 632
22 951
520 993
318 711
38 564
84 823
751 956
403 208
235 295
750 957
932 18
451 576
442 790
473 476
554 956
711 604
843 774
879 196
476 420
846 698
110 855
738 908
454 387
891 955
269 61
827 67
195 292
308 441
722 847
268 909
747 391
194 290
819 726
541 484
859 973
925 910
302 588
516 353
851 613
41 714
900 575
535 536
404 867
539 19
737 547
64 669
825 817
37 946
446 361
899 106
165 750
16 455
391 479
120 307
124 761
449 304
257 260
665 302
8 19
691 882
829 452
887 422
654 415
854 451
635 824
589 660
52 654
531 242
817 312
869 151
254 7
396 647
680 734
337 442
731 924
580 457
254 476
697 161
647 348
796 103
547 181
482 694
837 853
559 861
536 685
102 946
213 224
267 563
140 235
192 324
460 503
170 15
377 130
195 310
341 340
247 218
181 624
96 922
234 369
135 797
243 28
3 914
476 348
746 769
198 218
562 388
371 787
871 78
267 142
597 919
325 267
49 802
124 521
577 75
459 639
871 576
379 171
908 847
35 617
904 734
332 750
511 473
361 119
690 749
749 708
357 352
215 435
698 15
434 172
400 974
569 448
580 669
344 817
777 362
14 869
836 509
568 934
707 996
629 549
431 902
124 122
521 414
520 386
309 583
413 102
45 961
980 818
887 182
772 981
608 308
977 946
838 591
711 129
572 458
214 976
313 784
536 785
458 932
269 907
294 244
839 23
766 333
10 264
69 616
284 678
99 176
314 41
445 925
883 124
582 283
463 167
590 384
418 278
449 449
761 494
490 206
947 441
744 722
811 321
972 462
70 785
241 56
222 866
141 551
508 597
122 173
337 63
448 125
402 547
258 128
672 147
663 812
622 211
534 498
639 296
634 536
582 999
858 78
978 263
693 973
598 606
486 120
402 585
749 604
737 277
632 472
564 150
90 348
18 732
482 697
69 208
603 268
952 557
729 28
740 422
327 898
764 255
227 401
620 701
231 28
273 474
814 692
878 431
215 627
220 244
28 275
944 261
109 186
821 521
839 85
475 472
334 598
389 663
239 682
50 348
84 884
37 591
196 807
623 540
11 936
624 851
391 588
463 56
576 772
503 233
809 520
512 411
98 352
858 527
771 261
579 330
293 921
