100 529 30
3943 4175 9
2753 3322 28
2183 3023 20
2559 2440 26
607 3323 13
2318 2969 21
1819 1520 29
4570 1033 19
1439 147 8
4182 4347 22
3449 3394 26
1393 919 25
3847 330 8
1884 3841 25
2071 1632 7
1317 3104 30
53 4409 3
1573 464 1
2863 1306 14
4821 1084 24
4268 3391 25
1861 4658 18
304 800 11
455 1237 14
3823 3289 7
4974 742 27
1723 454 21
1714 4720 27
958 2926 5
3722 167 2
2532 4707 9
3363 751 12
2956 4258 26
2375 4214 26
4559 1948 25
425 3824 17
1071 736 8
776 3125 22
4696 2986 12
4747 3912 6
3760 1737 3
465 471 2
2396 4363 12
567 1317 22
1843 2536 21
3879 1363 30
3546 3502 16
853 3853 22
2846 3624 16
3754 3219 18
2773 4276 26
3263 1632 3
3469 2399 21
1306 1946 12
2762 4720 1
947 3384 18
1258 2399 13
816 3229 17
1762 51 17
3546 530 15
1065 3003 4
3717 854 3
4423 1902 1
3831 1980 25
117 3190 17
2593 1449 24
2724 2514 13
1249 1747 26
2793 3309 25
989 1427 23
3133 1762 12
2065 1661 15
4990 2197 5
2402 2208 9
1320 4871 15
3205 2186 1
729 594 28
2584 3687 11
4624 4579 25
4452 4638 1
1604 2024 20
3358 676 18
4022 2880 27
3768 2169 16
2617 2075 1
4333 1164 16
435 1230 2
1545 2023 30
1518 1372 24
2015 3196 13
2959 516 21
4596 4 23
1470 43 8
1276 3820 16
3606 4672 15
471 2515 23
4327 4414 1
4912 3551 22
3167 3144 13
4702 1564 10
217 2863
4610 47
2645 4082
302 855
983 845
4643 1714
12 3782
4498 2233
730 4584
1245 3912
47 2816
3555 2821
4649 4068
1567 4856
1576 3153
4783 4447
4251 3475
570 2366
1291 344
4376 652
3376 1474
4560 3260
3421 947
2929 2454
4259 3097
1404 4743
928 3169
3722 1678
1253 3564
1165 1493
3878 4180
3014 962
901 3142
778 4463
3150 4882
2754 4271
4740 1757
2058 776
4389 2697
2058 4138
3705 4690
4456 2133
403 2984
3942 516
2455 618
4054 4542
711 2462
3371 661
2355 2219
1191 4356
435 899
733 4359
1054 4205
2173 4767
3581 1667
1286 2814
1080 3401
763 2237
377 2782
4816 1662
2910 3486
915 422
3601 1674
4283 2987
4863 3977
4357 749
3637 4484
1200 1057
564 82
1211 932
749 2353
4354 1777
1213 89
2000 1121
261 3771
1367 3667
1510 2975
4308 4000
1410 3721
2066 4387
415 559
3200 1858
2542 641
952 3213
1322 2788
1521 1713
4628 4238
875 3225
1163 2041
742 353
1626 3915
1722 1321
2204 1390
1697 4547
1864 4028
684 2740
4570 1573
2943 359
3356 4098
3598 1800
492 2399
1924 1386
1069 1567
81 1546
4368 1030
2467 2818
4852 4180
2445 4258
4298 1292
489 3253
3033 2350
1423 728
534 3741
728 2737
257 2067
3299 2222
382 487
803 686
1649 4260
888 738
254 3484
4136 2204
1250 395
1440 4389
3763 2595
4971 3486
2190 390
3332 1789
4785 4098
4134 2946
2642 3607
212 3879
3845 3277
1724 626
949 1006
4942 3759
1451 2402
3579 842
3223 4781
4652 2158
4693 2359
1713 3336
2584 3968
3163 48
4419 1135
4955 4216
1693 3688
4358 4234
2537 1938
3863 4884
1608 2849
3484 2417
2697 1023
1076 4524
2212 1029
4823 1830
2879 1898
4919 4547
3384 4790
2017 2853
366 1671
3882 1381
4235 1927
2847 4752
4121 3563
1658 656
3062 485
3032 1312
994 1999
1034 3010
408 3564
972 1518
4871 4629
2150 1594
1021 1044
2063 4770
88 3902
4046 3127
1081 1778
538 2293
1980 4150
4270 3173
559 3804
1252 1768
1303 2595
3821 62
672 3520
1065 4011
4557 1930
3955 4837
2389 3316
676 2244
4020 228
175 949
3992 1482
3124 4094
3532 3372
148 3540
3349 267
2631 4066
766 3838
1407 4116
4995 80
3108 1723
3056 586
2590 1686
4253 2917
1022 2939
3029 4936
3120 1115
2968 2615
1559 3102
3200 4425
1783 3423
405 4690
4203 4358
965 3487
283 3887
3442 2221
4634 1094
1698 994
2568 1512
1875 3065
3231 2683
2288 4584
1772 1362
1890 2568
4317 380
299 2745
201 253
4234 2351
1993 2634
3648 2689
409 4890
2689 3743
4312 293
2439 3683
3918 4934
2274 2068
19 1507
2988 2083
3357 3443
4520 65
1513 589
40 3122
1593 140
873 3201
1762 801
518 699
3596 4906
2461 3865
4103 1584
3057 4784
4417 2490
903 2699
4503 4794
3372 828
229 4770
3749 3995
4409 114
4441 1235
3010 4648
2258 4103
3603 1668
28 1094
4822 2586
2887 554
2140 3068
4092 1840
1740 2397
3069 1972
4979 1171
1949 936
3944 4134
1737 2929
947 2900
2620 2172
1731 268
1852 2211
3294 3813
825 1073
2664 2714
633 4291
3384 4143
4859 3502
691 1176
1309 25
257 3315
2195 2257
2047 2274
450 3292
1959 1275
2488 1402
2021 4517
4679 2886
3316 1721
4309 3762
1713 4843
2403 1667
690 2455
4396 1805
2954 380
3283 2686
4500 4320
3587 1100
114 1518
3504 1862
4367 3631
1943 3004
4094 4013
4120 4190
825 4832
4841 3064
1874 2649
2812 3841
1371 1743
117 4609
3876 3287
2821 2505
3784 4794
1155 2405
2762 3087
3427 4005
1147 3584
498 3054
72 907
1889 1636
3154 2236
4882 2740
2273 696
3706 4936
486 233
4495 3884
1516 3108
1237 1186
1008 195
1858 4675
1508 944
2464 3820
4793 888
1270 4871
1536 4573
705 4634
1810 4073
2182 4371
2780 289
2634 31
1545 430
505 4968
4779 4517
996 4563
4115 1737
1283 1669
4713 3374
3842 795
2325 4315
2548 2139
1815 2219
2102 995
412 323
3485 4847
4269 1390
705 606
1868 1769
1087 1511
4387 2892
4479 2240
3363 4742
2645 450
4107 4525
4560 1696
177 3795
2832 1563
42 1883
4610 3329
1978 4604
1372 2552
4721 2082
840 4424
4131 250
3295 2706
4806 5000
931 3072
1119 3609
4484 2270
3603 1083
147 3501
3757 4707
3575 2997
3339 1079
3841 540
3238 739
141 4909
992 1493
1057 1529
1869 1971
3956 2789
2521 115
2168 117
1807 333
819 2632
4223 3575
4279 2238
3866 2682
4276 2911
2746 4780
1929 1420
2638 118
1651 1797
3885 1572
1967 4717
1263 2711
2874 4615
3538 1382
360 3373
4325 4145
596 3685
1306 1596
4978 3062
971 3949
4666 4089
4295 1390
2774 2670
1896 4274
606 3520
2015 712
4740 1575
256 3875
2708 975
1703 3153
56 4695
4413 1392
2782 2646
2058 2497
3808 2253
729 4007
4641 2763
3139 4877
4023 240
4382 1861
4697 1915
2435 2159
999 1275
3884 3855
4633 4232
1782 3446
344 3835
2321 3961
4444 4829
4283 3690
3548 1592
499 3587
1591 377
1396 4424
1404 4269
152 2443
3179 2845
593 1235
383 1945
1272 1331
3151 3808
3116 4086
1634 389
3850 2715
1174 3765
497 2153
2776 2701
4969 1346
4947 2044
2167 2877
1071 642
3048 4451
3768 2507
1020 3786
3913 1643
3062 1987
301 843
1987 3453
4377 688
4030 711
162 3902
4828 1105
2073 2245
2246 3973
2830 1329
320 1703
2596 1569
2216 2319
798 1224
484 1347
2423 3777
3318 1629
4083 1910
4649 3102
444 2475
1791 3634
3933 4545
2339 2971
4107 210
1310 4990
394 1600
373 1032
1730 626
325 2309
1931 672
3133 1493
3752 1509
2651 2054
2880 236
2562 2395
1681 2662
2380 2228
1292 4437
2460 4650
2056 1636
1086 3189
4168 345
1447 2013
1122 4869
1470 3098
200 150
2527 450
2054 4154
2847 2746
245 271
1217 1148
2660 2409
3918 28
3576 1640
