40 388 30
828 608 13
245 783 6
499 993 16
321 285 8
545 547 24
203 774 13
311 300 6
464 361 10
425 150 26
188 490 8
764 992 5
92 319 28
712 423 28
638 752 17
259 919 4
35 869 11
149 708 17
631 151 9
520 526 18
540 713 15
394 12 13
767 704 12
959 676 10
161 144 17
678 46 2
816 568 4
883 689 24
234 6 19
511 80 16
194 563 28
203 17 24
225 593 29
66 710 13
381 643 5
168 710 13
991 852 4
83 618 6
901 931 12
281 970 17
269 453 30
555 888
121 637
250 78
28 909
734 944
468 726
667 490
539 477
310 75
253 566
743 344
246 129
214 448
454 410
610 995
187 16
604 79
600 882
627 89
493 912
26 175
392 903
667 295
639 75
902 615
473 414
896 626
247 600
725 797
541 159
648 793
213 538
947 702
266 791
279 954
743 575
709 469
676 33
453 378
971 158
377 793
52 444
279 134
250 10
699 68
811 502
132 518
337 496
45 902
534 118
179 767
616 493
294 415
514 176
21 723
535 669
590 216
414 144
819 891
336 214
340 69
334 632
534 448
175 137
143 684
766 215
294 252
258 969
277 802
269 530
391 840
281 633
165 66
472 981
364 182
177 758
673 40
775 82
762 892
514 843
501 744
428 142
616 676
721 487
314 462
351 769
17 577
701 122
327 581
417 479
622 519
755 286
579 167
95 557
621 166
601 481
595 1000
472 918
290 984
332 175
395 184
105 821
667 344
931 435
608 299
856 889
875 898
519 662
46 745
304 587
626 831
820 839
289 372
527 656
390 918
651 324
646 229
977 335
707 83
138 767
690 686
847 180
534 608
607 528
189 231
257 853
510 511
748 462
249 423
558 27
39 168
135 11
692 487
972 960
516 868
56 827
893 236
862 976
375 150
837 947
483 812
884 913
891 130
14 575
997 157
574 461
887 248
642 762
974 466
570 342
494 672
378 744
706 788
317 496
376 906
550 607
994 787
451 305
13 618
980 255
995 300
845 438
862 157
240 283
41 232
520 824
860 610
79 283
572 415
20 900
191 165
62 201
211 10
510 901
81 443
733 972
950 709
719 249
390 685
656 429
90 658
730 166
483 342
564 650
266 620
355 515
373 812
359 342
927 387
91 158
220 913
870 946
883 65
558 79
541 424
389 925
633 763
651 210
864 944
899 346
368 883
557 756
328 166
976 299
500 308
946 140
957 121
935 9
881 18
174 723
418 592
911 748
7 150
220 545
877 350
245 586
726 364
272 515
346 232
798 171
268 418
161 770
784 965
122 513
893 603
155 533
979 7
899 593
659 582
831 278
460 806
380 219
635 48
408 656
625 693
666 806
465 322
321 381
487 295
426 760
558 359
4 758
172 224
977 369
833 976
565 262
861 709
773 387
627 34
134 402
634 779
569 810
211 943
840 843
946 466
148 414
351 739
776 970
229 706
1000 414
117 83
710 458
21 471
359 469
269 368
836 899
660 72
849 908
593 592
470 180
265 586
528 420
844 450
948 408
641 387
190 416
806 50
951 381
570 899
606 436
329 739
764 292
760 173
857 456
444 166
96 502
139 234
13 776
807 415
784 811
626 588
563 804
120 342
809 842
209 417
914 759
394 700
261 940
615 30
559 98
17 997
765 545
681 203
95 42
824 551
268 632
912 743
6 908
157 302
635 746
843 556
798 886
337 221
206 809
491 101
2 821
134 62
19 925
706 136
510 594
11 239
17 88
725 4
679 545
132 825
892 896
863 880
556 162
16 98
864 427
247 352
771 599
316 880
576 338
181 420
556 903
312 190
408 283
767 655
356 450
361 939
987 210
882 716
889 850
349 71
47 251
806 253
676 584
894 284
544 123
59 74
380 442
273 842
358 488
911 270
857 160
920 397
819 844
434 61
38 347
343 212
916 981
913 392
87 721
145 127
192 771
885 27
709 872
620 242
957 914
441 741
833 251
829 43
535 693
36 938
971 534
641 504
307 840
34 637
991 895
691 425
364 142
188 624
520 217
967 360
994 279
824 471
421 456
