110 1122 30
478 40 29
226 105 13
93 91 4
280 78 30
472 241 15
22 422 23
104 141 26
12 174 22
99 322 1
139 277 23
176 278 3
36 258 20
319 59 11
234 166 20
401 205 8
373 173 6
360 445 3
362 15 20
266 202 6
355 475 16
409 387 8
419 357 10
20 11 9
99 419 10
486 11 4
497 327 25
219 325 11
416 203 27
129 34 5
286 363 13
67 219 13
447 256 13
353 34 4
268 62 16
176 133 22
207 382 18
352 93 2
437 297 20
88 244 23
289 345 2
143 96 11
324 294 30
287 173 14
196 336 10
96 388 22
367 235 21
466 190 6
350 462 8
264 388 3
76 271 20
468 172 6
99 252 26
59 440 20
139 140 13
35 373 11
210 373 14
158 2 15
182 481 22
135 246 26
376 271 20
397 177 3
350 301 29
464 156 23
275 71 30
369 246 12
214 262 22
255 85 22
188 2 20
500 442 9
182 484 18
424 120 16
310 205 28
25 197 13
15 397 19
247 134 26
493 165 1
191 435 16
284 359 5
398 44 26
22 391 6
308 53 22
212 177 25
225 413 17
44 66 5
480 341 30
106 125 10
336 4 13
117 66 11
448 473 19
98 102 5
383 417 26
298 220 20
95 425 11
401 171 4
198 142 7
153 203 27
324 335 18
495 70 8
468 7 24
185 165 29
470 258 23
190 20 30
212 159 6
148 437 13
361 463 11
263 469 20
460 296 12
450 394 6
196 213 6
348 380 6
317 32
318 79
147 455
404 333
200 148
124 329
392 331
231 381
408 265
492 449
323 475
436 139
127 464
355 332
157 339
67 233
55 234
200 20
315 134
203 402
252 84
490 408
24 157
94 157
121 13
92 163
343 97
15 437
147 398
192 483
139 13
477 436
272 98
463 169
30 217
473 269
285 8
360 238
391 368
495 212
221 146
259 81
459 253
62 92
62 347
235 300
312 16
240 317
475 120
21 19
498 409
185 137
20 252
384 115
273 33
158 89
443 57
109 186
96 3
337 92
430 406
476 369
428 207
275 79
281 387
368 230
326 287
259 394
371 402
263 163
65 91
50 432
379 136
228 180
449 53
22 161
274 304
361 125
173 114
212 353
130 1
224 10
445 286
91 54
307 312
227 259
437 13
334 191
447 5
335 275
18 331
458 467
216 207
74 86
224 437
352 155
190 397
262 119
157 248
384 197
413 263
350 230
88 170
469 100
246 249
190 327
35 444
491 299
212 408
95 236
69 281
366 473
382 361
465 466
38 385
356 105
139 128
119 182
302 85
394 474
19 478
140 400
87 24
76 112
359 78
371 357
217 392
291 180
238 465
101 303
257 55
420 144
98 455
279 297
456 14
2 403
30 41
163 346
289 436
200 114
310 257
36 170
418 183
297 251
218 383
155 432
353 304
183 190
476 403
223 68
312 183
488 479
426 323
100 277
102 143
417 37
141 170
369 98
428 135
245 127
413 325
51 221
384 393
365 39
286 1
437 484
367 15
291 70
449 407
132 166
102 80
296 463
327 128
115 35
448 124
89 151
476 426
135 150
269 66
486 488
424 428
292 397
274 395
352 213
469 380
238 270
80 376
388 217
251 14
205 481
446 44
25 175
258 49
72 358
376 33
487 420
435 298
85 70
52 293
387 40
422 451
151 227
266 116
25 456
173 118
496 363
159 385
35 424
55 155
452 233
242 183
227 481
478 468
347 286
145 21
50 373
109 153
137 131
181 177
483 109
91 350
488 265
387 473
157 207
23 328
12 375
344 123
294 375
71 74
11 294
489 305
270 148
350 128
169 297
238 211
205 368
350 29
82 177
21 330
184 14
495 471
475 207
183 176
265 464
51 342
26 177
449 29
43 136
227 447
275 193
224 462
387 269
166 304
381 195
275 250
445 309
255 156
380 277
199 25
54 317
6 7
293 63
295 417
38 239
380 300
388 130
111 81
38 280
300 94
295 354
123 274
56 3
318 400
128 141
484 85
301 421
436 274
268 254
238 87
177 122
321 299
275 357
40 484
278 118
53 324
326 293
143 188
391 142
372 54
135 114
315 489
355 409
244 187
81 233
25 196
21 215
428 397
491 29
73 64
483 426
464 452
214 92
193 162
67 329
37 274
111 158
198 224
129 23
290 436
233 42
239 248
182 217
288 455
219 263
49 479
96 69
264 265
129 207
96 460
175 270
207 490
273 476
272 228
276 273
357 23
405 23
446 1
49 293
338 110
75 223
256 272
232 175
17 427
342 84
17 124
327 290
14 420
332 484
397 252
496 211
319 155
17 46
74 377
55 127
356 419
102 454
229 79
261 58
246 75
148 256
469 478
471 79
429 449
24 167
358 490
314 50
422 342
340 412
193 185
335 285
45 436
383 469
118 140
118 34
109 243
301 30
283 312
440 241
130 401
202 109
478 399
111 261
466 11
486 148
43 432
183 235
433 267
399 90
71 177
270 71
279 440
282 127
489 409
192 439
5 83
346 98
157 17
426 294
281 499
112 117
9 332
495 34
272 224
469 318
327 277
344 286
229 148
51 318
47 135
399 237
371 284
173 261
255 169
122 29
394 345
486 411
151 485
305 493
42 401
165 315
121 88
466 227
386 339
330 352
10 458
270 356
369 426
153 71
466 207
435 390
315 392
378 104
149 262
134 351
210 351
464 216
454 220
258 21
353 488
462 205
319 160
137 404
371 207
278 429
385 283
411 235
18 471
378 24
408 80
14 217
348 235
59 427
368 213
266 59
46 443
361 32
27 66
293 486
29 318
61 316
118 299
161 398
184 410
353 113
205 264
77 472
199 160
337 399
327 408
435 438
282 314
78 110
445 289
118 263
441 15
157 55
447 26
265 341
311 8
487 268
6 24
365 484
477 475
139 369
459 295
297 281
416 15
50 362
250 151
309 497
281 329
250 421
31 417
265 410
355 154
357 464
497 376
446 262
53 491
386 21
104 82
72 327
293 98
101 35
344 394
39 262
296 42
98 77
260 103
400 459
95 219
263 278
252 394
9 285
425 311
290 448
39 23
180 71
267 181
65 483
275 151
80 162
146 444
84 167
360 80
44 289
358 275
81 277
338 466
308 451
301 410
107 385
396 88
127 100
325 356
104 424
137 417
48 152
93 321
64 478
289 471
256 380
235 212
293 428
148 378
259 478
297 486
256 320
233 420
439 259
185 95
161 449
332 135
59 45
330 338
333 143
193 290
32 208
463 262
66 482
469 8
33 236
458 70
140 492
266 390
311 318
127 296
361 89
426 6
190 493
211 222
254 382
238 30
16 119
396 476
188 470
94 124
335 314
369 463
187 83
139 211
460 461
424 253
408 205
238 259
43 127
315 453
260 86
74 91
496 252
311 346
431 143
344 411
66 201
101 44
197 76
405 281
167 35
46 320
455 321
147 82
314 452
287 105
195 365
95 480
327 9
203 48
141 237
368 20
71 268
75 357
86 427
211 9
492 58
247 331
274 77
383 407
462 181
172 208
436 168
142 189
497 412
336 309
306 494
466 386
168 322
411 77
148 466
397 191
8 25
130 370
37 280
132 245
156 442
15 268
474 330
313 429
69 245
146 231
80 150
304 451
256 118
105 55
342 232
259 270
184 243
243 94
268 332
393 58
308 292
466 228
113 411
329 243
396 2
170 230
256 212
499 430
251 125
58 143
282 379
492 63
248 32
35 456
225 227
154 4
393 280
396 475
91 109
64 347
484 170
358 402
253 336
32 411
337 216
78 467
440 401
484 282
28 491
24 57
56 353
262 337
484 332
214 498
193 218
197 268
463 239
488 197
194 472
234 208
417 373
42 177
2 343
172 223
280 47
125 147
154 374
449 135
209 155
263 201
480 443
33 344
132 225
230 122
89 41
275 48
382 391
235 127
332 324
226 219
141 393
256 369
338 325
28 84
84 475
72 146
202 247
71 267
168 165
317 50
238 119
417 274
352 256
356 207
48 310
106 86
481 328
188 457
19 130
20 237
322 337
323 49
392 252
384 192
266 79
410 411
222 51
407 499
112 328
232 62
234 151
170 15
361 491
75 447
497 74
190 347
116 439
115 59
364 455
130 335
225 311
107 320
478 372
99 229
479 130
409 2
482 350
434 425
69 194
367 133
444 222
366 493
20 130
500 291
311 131
435 462
99 178
335 283
434 398
122 405
24 155
44 375
49 153
121 284
77 38
185 157
88 500
30 380
15 110
197 137
90 136
119 114
197 59
397 379
110 346
363 287
155 359
64 414
270 312
498 385
26 477
207 152
323 281
436 302
206 332
468 422
335 429
252 12
458 146
486 190
90 324
151 60
391 470
9 65
480 262
72 480
124 337
28 2
188 458
383 18
347 445
429 42
394 396
50 68
474 183
344 402
497 334
365 368
58 390
440 171
306 17
365 51
309 192
57 205
443 312
449 396
25 35
383 203
172 361
174 421
106 95
200 413
460 452
93 137
389 333
52 95
3 97
319 114
52 375
365 164
168 278
245 471
135 118
300 196
83 361
178 274
117 281
285 298
477 245
491 358
355 242
261 136
61 146
257 68
377 377
158 184
227 306
226 323
470 145
171 445
333 389
219 168
348 197
8 458
353 194
119 302
487 463
40 363
72 131
424 135
209 202
186 436
400 177
223 477
412 42
207 78
109 487
90 184
317 467
410 106
490 88
486 195
184 353
376 115
500 57
72 6
285 399
301 487
485 357
245 456
317 413
460 479
440 322
297 309
304 475
411 202
417 40
442 480
487 415
256 154
306 422
163 399
82 473
126 121
252 108
330 280
221 65
81 465
292 342
497 303
433 31
72 418
366 75
439 240
253 307
286 43
260 92
200 240
261 212
292 142
300 268
309 387
13 350
95 319
402 67
242 64
425 276
150 410
4 386
136 281
329 237
483 173
338 80
447 158
77 290
238 438
470 343
271 415
406 323
51 287
300 470
500 298
259 318
282 198
133 334
257 386
117 396
310 259
115 210
417 289
304 378
345 170
204 103
182 339
156 464
55 456
245 337
353 421
202 204
377 493
241 454
44 174
279 383
170 201
124 351
56 281
410 79
276 176
238 445
432 468
304 179
267 124
333 230
390 127
435 264
293 263
277 120
339 251
224 152
375 49
345 324
393 97
15 488
500 456
7 151
220 382
341 99
266 377
154 78
331 54
28 107
69 257
356 205
129 358
182 116
80 168
373 33
303 238
105 466
139 444
418 489
39 101
87 325
59 429
282 201
396 139
451 91
205 263
115 203
392 102
304 136
9 101
181 285
385 354
270 119
74 10
448 111
385 328
38 379
41 188
19 428
322 201
119 46
298 51
260 451
363 127
414 482
108 131
493 1
249 199
396 434
450 165
308 325
483 66
87 252
125 237
14 231
103 237
266 478
469 268
92 31
348 444
412 144
347 380
81 16
482 255
293 299
431 108
98 355
487 242
478 196
497 345
332 429
144 474
395 72
219 224
314 267
309 297
136 8
13 92
440 199
183 257
111 487
187 445
330 463
433 460
340 447
7 111
429 436
155 149
466 242
322 320
45 127
124 121
44 373
50 321
487 398
53 7
194 368
249 32
23 161
459 483
258 382
130 391
170 134
199 205
255 479
45 13
458 106
338 318
438 11
355 8
116 489
32 313
333 201
374 342
484 312
395 74
379 308
197 349
62 496
69 382
419 284
10 77
177 392
411 33
113 252
55 433
6 132
140 476
341 426
400 40
149 104
107 451
134 485
164 205
384 242
198 310
297 333
429 299
389 444
83 346
331 2
342 156
72 316
487 155
293 404
206 370
370 401
53 313
119 231
362 79
173 6
