70 718 30
547 900 13
255 770 12
100 802 30
22 236 30
851 261 26
931 216 29
62 57 1
573 944 7
240 188 22
797 833 19
708 623 11
984 678 7
238 545 2
713 956 22
176 867 12
53 275 13
212 601 23
409 599 12
994 915 10
167 18 19
963 511 13
293 322 20
980 965 24
375 34 22
885 915 14
478 287 9
697 651 1
538 699 12
242 925 7
298 231 19
811 873 7
396 907 13
709 734 24
300 337 18
740 845 11
607 803 6
258 163 27
417 773 5
959 978 10
464 145 13
681 769 29
244 965 30
244 331 5
416 777 4
120 210 9
552 949 15
190 178 16
119 969 7
334 349 20
483 717 21
535 683 25
561 83 6
246 892 21
643 529 1
684 405 3
188 850 12
772 164 14
407 420 18
948 748 17
206 721 29
311 306 29
349 29 29
581 131 2
389 15 28
734 966 7
935 168 15
985 37 18
44 606 24
985 754 4
748 778 21
742 96
628 677
533 319
370 547
707 743
522 700
355 38
569 702
608 686
885 488
654 484
365 650
73 205
150 617
735 111
195 275
693 176
23 41
668 32
259 194
114 61
972 437
443 873
611 112
355 710
750 957
140 46
547 740
802 813
599 918
214 331
544 804
599 996
367 802
335 158
152 101
905 339
596 95
496 63
270 404
846 668
419 200
712 147
880 585
838 60
759 916
348 391
732 598
797 167
129 138
825 919
241 322
263 676
65 130
435 555
260 243
955 986
613 475
810 314
312 766
634 848
255 537
429 533
129 418
977 98
669 477
879 710
344 66
351 46
750 958
749 145
198 232
996 500
659 146
61 199
203 420
848 994
834 695
718 102
316 324
534 428
168 409
993 501
387 57
96 507
581 655
149 240
901 414
309 117
875 356
59 449
415 81
542 31
988 623
452 117
934 909
1000 256
338 838
667 183
913 213
624 674
957 243
383 198
237 82
351 215
642 782
34 28
618 367
248 205
592 987
800 342
832 795
734 963
988 639
891 857
729 200
124 604
351 213
749 657
528 802
780 852
7 692
951 183
893 794
283 355
352 857
297 190
30 993
182 516
825 480
336 938
866 82
957 631
308 262
514 858
859 224
915 312
961 144
34 467
552 829
445 815
849 20
808 81
323 762
487 711
890 856
429 765
142 531
384 550
934 387
781 274
116 243
386 781
492 241
82 758
354 87
660 881
254 922
508 281
973 781
756 707
911 681
360 676
304 749
736 323
872 538
653 739
183 974
568 451
944 467
26 955
936 794
594 308
462 896
797 430
544 275
572 183
296 583
589 715
815 258
473 7
416 731
728 910
649 530
735 96
405 421
746 689
99 812
184 588
772 468
48 399
395 216
318 587
793 112
997 726
510 514
844 190
718 189
268 298
817 595
87 59
285 634
399 547
421 92
836 972
841 237
616 595
587 692
532 152
483 579
64 219
988 538
902 957
994 456
530 65
355 991
457 833
608 926
455 862
396 567
321 610
307 9
263 819
827 663
802 125
393 613
661 53
962 118
873 826
907 998
184 49
867 969
782 197
407 981
505 825
210 556
349 547
859 672
621 918
268 153
671 996
544 68
759 212
987 846
937 354
93 376
77 485
113 704
451 688
993 427
998 720
974 923
223 616
324 933
727 12
952 913
453 241
800 946
429 156
860 934
14 558
18 517
212 696
797 27
653 654
519 572
476 975
944 507
453 234
284 805
499 628
589 685
560 363
67 719
786 111
279 589
124 697
595 531
298 304
173 493
654 70
252 532
345 714
214 174
612 953
122 296
872 911
690 68
886 766
79 820
839 593
223 155
832 263
297 690
906 435
501 273
404 781
277 559
814 357
997 650
631 31
890 603
629 41
501 406
923 393
667 507
638 815
982 569
661 770
773 238
669 727
626 399
730 543
441 339
102 564
272 572
562 793
492 514
528 82
949 177
833 383
575 692
861 353
104 66
560 190
320 868
829 771
666 833
544 964
908 812
482 137
813 154
790 624
511 537
248 719
92 890
819 636
616 703
431 792
476 144
203 553
135 786
380 282
485 893
282 685
557 971
978 128
23 562
892 424
471 950
289 821
63 121
215 536
775 942
575 839
110 139
597 567
883 846
653 615
435 284
506 967
203 632
420 658
762 863
583 384
47 137
134 423
684 320
92 479
972 124
111 258
958 839
453 258
29 808
165 585
186 172
442 195
843 200
916 291
542 730
737 408
383 576
263 207
449 51
500 570
41 936
82 413
544 114
48 837
759 480
422 273
231 475
91 404
436 493
770 888
588 475
917 775
707 632
915 152
950 420
9 90
233 231
695 203
178 711
151 641
376 885
781 637
727 618
36 159
44 908
631 36
909 308
253 458
583 466
862 439
804 758
876 562
258 465
666 996
758 608
457 224
672 345
878 319
32 790
114 355
18 576
947 815
857 373
513 809
570 650
618 408
103 267
877 93
172 728
16 819
965 512
286 44
614 757
901 564
445 40
509 236
239 983
832 976
90 120
892 639
591 389
52 842
357 681
650 294
840 720
145 816
253 245
200 451
218 797
580 266
577 562
997 630
73 162
275 509
234 42
680 218
697 139
159 779
409 834
651 736
927 274
930 581
82 669
669 153
505 759
414 533
965 906
716 733
492 414
623 615
210 736
159 663
615 657
356 574
960 538
656 78
426 470
483 468
159 579
140 609
536 947
437 90
758 891
884 681
241 874
421 448
479 85
769 441
496 120
88 640
952 814
622 389
192 664
483 273
479 734
680 503
389 255
800 889
388 775
665 250
12 551
553 608
843 514
312 619
905 446
135 312
967 98
179 220
286 277
429 520
749 191
345 378
425 956
758 607
475 397
493 990
146 843
193 143
309 581
699 292
32 889
863 295
928 1000
369 142
694 629
685 395
155 836
483 573
114 119
945 25
329 191
759 1
418 947
242 333
285 82
885 222
273 133
963 794
19 711
745 447
237 613
184 597
282 848
150 727
781 487
892 996
536 849
282 161
549 555
208 562
403 396
11 803
179 350
630 157
89 702
471 430
848 218
952 308
190 193
539 926
81 927
909 115
860 34
718 277
935 397
420 286
68 492
495 269
666 169
104 574
555 160
415 517
796 854
388 319
959 639
543 887
833 234
924 137
55 374
82 168
435 274
562 343
899 939
439 498
67 339
174 971
614 803
987 454
133 436
919 156
199 534
238 252
870 928
619 855
81 20
947 451
211 996
406 497
627 305
149 872
803 268
414 755
252 240
995 350
810 471
260 942
633 291
736 983
306 120
272 39
982 429
932 547
373 204
806 838
938 668
133 591
551 191
393 296
380 530
43 464
830 696
564 189
268 811
229 958
171 629
396 769
959 462
68 926
144 209
443 26
371 275
674 203
815 502
862 419
723 623
677 457
630 570
495 185
32 223
403 494
809 673
355 54
181 275
974 205
472 137
541 109
234 910
590 919
996 279
349 43
922 205
759 401
49 14
836 864
397 859
32 227
528 759
267 412
301 692
567 488
971 359
6 471
449 245
305 149
294 318
211 199
347 918
766 272
639 484
434 476
152 188
773 374
549 294
62 110
987 468
277 288
540 723
745 143
337 926
626 821
364 952
907 220
519 660
496 430
140 949
518 720
670 921
209 815
41 439
602 93
976 982
89 991
710 622
310 904
915 833
562 39
937 25
101 896
212 92
284 352
803 333
288 428
112 572
386 598
85 897
810 335
562 183
604 392
101 569
255 512
688 768
997 234
698 329
