70 375 30
3645 4336 4
2070 3831 21
1567 3554 1
2044 3515 12
2836 735 2
2805 3214 25
1294 3599 22
3027 2283 29
1363 1261 9
3113 805 12
3502 3947 26
302 4049 11
2964 2361 10
1625 891 28
4039 2398 30
534 2735 10
1925 2293 9
2313 2493 3
1746 2740 20
1488 75 29
3571 3596 8
2760 1502 5
1214 735 30
40 2594 5
2521 3518 26
3107 1271 10
4890 2205 15
2692 914 16
3484 2019 22
4536 3911 14
1488 3573 4
2544 4046 2
814 3304 2
241 3729 27
4953 2650 11
3589 3110 6
4484 609 23
12 871 16
2982 3578 18
102 3830 22
3767 2880 27
235 4588 23
872 1884 19
334 3893 5
4989 1078 18
2267 2162 6
1328 5 2
630 1697 18
2633 3446 20
3424 117 23
3047 1315 3
4738 2864 14
3717 582 4
659 2165 20
3262 881 19
2395 4539 16
4192 1805 23
2711 2794 26
593 4026 5
4967 4925 9
910 2494 23
3582 4219 24
1949 923 20
3715 3493 22
4003 4497 27
4999 4272 23
4100 4503 10
589 4353 23
3869 2487 30
1056 2708 27
3567 1515
4304 1595
157 4311
442 1389
4081 2299
3282 1453
1272 4654
1747 4588
1773 2330
3886 4791
574 3508
1547 1369
3936 3591
2568 2771
1524 3064
848 536
352 3391
429 381
1616 1662
414 3957
2353 4604
1422 3587
1782 3329
4792 1475
4942 2798
919 459
2544 2844
629 1073
2609 2316
2525 368
1579 2577
2516 4600
931 2423
3515 2304
883 3764
2097 1188
4791 2925
1440 1901
3337 608
2211 2569
3142 400
4867 1338
1497 2293
1642 3017
2764 313
2298 3197
2613 2746
692 2042
1063 1453
229 3567
590 1381
1390 894
3241 2979
26 2924
1482 4080
2698 1674
1163 4135
1216 1929
1940 2274
2671 4803
1125 3107
3208 1748
87 2448
676 3551
3801 1335
4479 1077
719 4733
4040 4673
4811 901
3357 628
4998 4617
4861 1952
2824 1120
2725 609
3135 2812
2113 2399
1117 783
4564 4015
3261 3108
3561 2404
2955 2358
385 4014
140 3820
175 4559
3698 2407
1141 1718
2486 1370
2397 4750
751 1321
149 4749
3709 3400
4551 998
4247 1114
3082 4442
3778 4261
3984 1487
1070 2035
1890 1487
3528 3422
1491 3133
186 3514
1403 4066
3260 1698
2804 1382
422 4514
2494 1603
53 1157
3587 2128
1499 4237
2173 111
3466 4770
1414 4422
877 1221
4242 4300
2966 111
1757 2508
3792 4668
3748 683
3522 3332
898 3440
4530 4637
1946 2084
4801 3854
4028 921
3365 341
3234 3349
401 2175
4826 2392
4499 665
1820 2332
2194 2651
4756 744
4641 1471
4580 4289
2897 363
4574 570
3452 2962
2544 2861
1784 4504
4843 1105
3641 4569
1960 2419
2293 4868
3369 2893
1002 1009
1961 3010
1391 933
4700 467
1944 210
688 493
4549 2887
603 2103
2902 1376
2805 2300
1840 3675
1785 4445
2352 3151
2332 589
674 911
1428 2283
4798 2627
2105 3794
1280 2064
3356 1530
4747 4410
1849 4051
1826 4073
3022 2052
4406 4373
2777 3689
1397 670
2408 3157
4091 3700
4423 2347
2640 4660
3349 4877
787 1051
4240 4166
4765 4252
1681 3124
2078 3033
489 4785
4834 318
1688 720
2821 4602
2721 1285
505 1115
2323 152
126 3931
3817 3694
2284 1
2851 1277
3665 4663
3067 3715
109 4521
1997 1839
2076 3428
1538 2903
2781 1451
803 630
3234 1838
3208 240
4009 4744
2481 1199
297 3650
1026 1235
2698 437
953 3895
2291 3757
2395 3508
1478 1609
1098 744
1814 1385
2492 4153
639 1640
3212 4837
3388 1095
2052 621
1154 3824
906 413
2674 4354
261 4639
2404 664
1916 3069
230 1757
2314 3972
4939 4669
2403 3420
3037 403
2904 1379
4774 295
4248 2258
782 2339
2359 2641
3879 572
3923 3529
2433 3598
4025 3298
3788 2181
3092 3638
2737 3618
3496 2180
2634 4091
3571 2521
4204 2470
1814 3677
1956 3050
25 4813
4216 2528
3836 2339
1635 3687
284 1851
3863 2493
4189 3746
1473 1089
3025 3698
3847 1207
4237 3301
4719 4772
583 4039
4734 1284
2196 3597
1366 501
3389 4316
3595 4194
861 1749
4674 3155
1344 1698
4429 3634
4853 2025
1598 3995
4972 356
387 4611
4974 3905
3773 495
2868 1997
2154 4655
2672 2646
2176 3867
3811 2878
681 1295
4264 544
4026 424
4412 3213
1794 4143
4610 4181
388 1885
4302 1886
2147 4977
1688 2931
751 686
4839 1472
4181 3295
213 1722
2406 1209
3183 500
1417 1920
1621 3114
3984 3851
750 2755
2939 4117
552 1429
4368 795
1737 1853
4045 2473
3487 4650
1365 455
252 3833
4876 3633
460 2840
3572 3780
1918 1324
279 3347
4844 3881
3016 1765
3297 2025
3793 1004
4666 57
439 2072
331 3964
4426 3787
1768 3697
1111 3865
3661 1740
479 1084
2762 3266
650 1746
4352 2931
259 778
2480 3668
3457 4195
631 2770
15 4223
4951 3893
3043 1457
3625 1698
3439 3799
4568 984
641 3905
2329 4486
4919 1177
347 1648
4418 2360
2454 4384
7 700
3986 4064
4636 3864
4431 1218
1304 4010
957 3731
2246 4847
2820 1931
880 1327
4149 2467
3248 4076
75 719
544 2675
2774 2820
1870 4732
3372 3083
389 3802
1118 3567
444 3872
3084 3348
4037 3908
3814 323
190 2720
1235 4481
2354 4091
4877 2948
1281 3523
4406 4063
2582 2065
4822 977
1358 44
