30 356 30
277 215 14
372 496 20
495 100 28
173 10 29
108 82 8
274 124 16
336 266 23
155 362 21
458 84 2
301 335 28
238 111 24
349 485 26
191 356 15
283 202 18
206 461 19
279 338 19
282 387 1
370 41 22
394 161 21
160 418 18
96 336 22
298 235 18
273 55 2
421 339 26
445 332 30
435 498 21
295 56 8
109 303 14
337 118 4
118 291 15
453 341
43 255
242 264
64 335
144 222
400 405
134 205
500 488
416 14
91 308
262 208
290 51
252 222
99 455
131 378
51 409
379 126
456 256
455 353
175 241
416 101
99 15
353 416
84 417
435 239
311 144
256 386
450 64
345 407
483 199
112 485
33 205
288 316
14 376
354 219
468 85
75 86
474 401
59 494
300 39
219 326
460 197
284 228
103 274
333 409
47 286
442 200
296 337
399 481
221 154
319 460
86 46
488 192
483 28
351 194
240 60
2 199
36 308
437 497
452 233
320 185
434 337
178 75
426 396
404 287
78 246
402 207
312 203
346 301
459 225
346 290
198 115
373 438
408 170
150 253
154 281
287 99
473 202
478 151
159 280
274 381
87 27
478 245
306 227
326 194
126 84
267 69
205 353
390 241
352 289
279 369
365 407
231 383
229 151
97 215
379 75
52 45
125 415
421 381
392 307
233 477
112 186
364 494
378 308
460 489
101 477
426 421
114 460
272 462
188 269
476 315
438 370
475 382
147 66
293 333
400 287
379 121
118 181
325 199
281 495
107 345
106 300
340 354
246 494
207 44
100 202
61 57
187 174
348 327
45 38
198 189
83 481
79 19
120 382
191 75
150 347
388 54
64 172
311 241
335 165
323 95
118 500
259 477
46 460
364 41
74 144
36 241
194 151
94 110
21 356
71 123
141 368
97 170
364 253
253 5
218 432
194 412
411 205
267 10
185 181
271 481
293 258
351 190
113 418
251 426
37 193
324 244
281 266
172 472
11 65
215 171
164 371
427 470
416 150
365 45
170 477
322 407
59 271
338 294
491 88
229 150
374 397
1 204
22 437
69 44
312 253
166 38
312 373
135 177
196 111
237 388
86 255
9 47
181 404
341 172
127 13
306 445
69 349
415 423
345 224
250 249
27 285
356 299
425 147
321 185
176 123
94 130
146 367
228 99
469 218
459 232
437 239
23 498
207 224
197 170
460 56
35 150
297 148
12 463
6 478
160 360
58 9
32 142
380 47
212 439
341 455
314 29
442 296
221 279
306 75
180 384
250 375
436 428
412 46
25 389
267 157
6 47
80 131
285 491
176 433
315 433
429 425
471 217
84 349
273 156
268 92
305 499
401 367
263 156
25 457
7 235
149 348
45 491
453 234
10 126
75 452
113 495
57 28
72 363
301 275
26 395
223 107
165 351
95 87
162 436
346 303
229 123
443 100
243 137
10 21
66 152
254 266
38 169
75 271
78 204
315 178
364 417
450 229
495 333
102 378
361 459
385 325
387 286
396 164
256 90
442 471
48 362
316 235
381 412
146 53
361 157
351 7
168 211
259 139
181 121
435 280
133 236
331 239
198 60
478 232
269 92
463 156
439 415
286 237
44 394
222 94
315 416
378 367
60 13
50 205
150 26
306 421
192 280
468 310
379 278
383 498
65 419
494 455
254 247
44 37
417 338
140 104
431 239
78 59
258 116
451 479
141 195
70 262
265 387
160 312
489 299
309 410
400 98
442 220
398 210
315 333
179 324
481 147
182 52
169 285
66 321
230 213
366 123
189 452
92 316
488 255
414 283
334 132
195 365
284 147
387 412
183 108
99 266
262 266
77 463
107 489
