140 1470 30
599 276 22
591 310 5
390 235 23
548 18 17
153 479 24
746 460 23
244 148 4
129 234 21
990 483 18
277 504 24
849 890 20
302 16 8
601 440 14
858 592 29
502 847 24
932 602 5
726 101 13
918 911 26
631 673 28
519 747 23
604 841 24
40 513 2
682 712 14
22 116 20
275 32 24
783 557 8
528 619 1
687 696 23
150 64 28
20 175 23
403 184 6
502 745 12
780 456 2
779 433 1
626 771 18
908 412 11
549 61 23
264 653 21
585 649 10
652 171 27
100 351 16
827 538 23
314 588 29
931 985 16
837 354 13
50 323 22
759 204 19
37 597 14
218 84 15
987 954 28
528 213 20
869 663 20
415 724 17
416 134 8
894 596 14
221 65 1
950 683 22
887 547 24
391 577 14
695 33 12
760 766 18
402 393 10
262 640 17
452 200 10
960 143 21
160 682 10
77 746 17
489 762 25
840 977 27
290 921 25
63 731 6
415 661 23
695 297 4
596 525 15
176 33 16
860 544 17
372 973 9
940 809 19
901 317 23
805 566 12
971 303 1
629 280 7
712 685 9
876 498 12
591 507 12
732 744 23
942 804 29
447 523 15
522 887 7
644 190 10
628 233 6
550 728 18
579 30 30
88 759 23
320 739 14
401 189 25
644 686 20
430 682 25
981 58 12
296 643 13
492 511 30
333 838 5
941 663 10
878 289 4
353 824 27
77 682 4
44 602 21
835 921 15
298 614 11
819 135 12
15 865 29
129 318 5
803 37 19
367 774 29
966 544 14
636 352 14
246 811 1
721 488 5
95 313 3
442 12 3
61 445 20
261 978 6
140 141 13
822 387 24
686 269 29
850 181 22
173 790 27
188 971 21
219 730 10
484 393 12
131 268 1
417 155 2
774 974 26
605 640 17
436 190 15
12 292 12
825 477 4
42 908 5
63 668 23
556 465 2
132 271
91 138
570 292
306 831
257 155
461 414
918 383
842 827
295 213
1000 758
574 566
317 523
992 425
768 148
16 964
386 593
827 42
95 113
808 683
968 322
641 582
881 921
619 213
515 320
141 451
824 610
747 865
710 990
387 162
376 244
875 523
248 815
423 832
659 460
85 673
127 658
241 668
219 646
819 390
675 266
852 621
329 98
469 805
711 288
960 499
881 584
689 609
631 402
642 607
608 883
622 910
103 516
118 817
773 153
113 108
288 489
388 379
831 393
923 937
23 469
342 870
719 765
618 982
689 72
740 822
628 944
14 452
96 873
981 617
916 930
163 211
169 850
3 902
450 122
252 358
98 689
646 721
795 602
50 939
729 593
375 149
701 148
182 364
817 662
194 417
639 288
98 483
848 89
531 240
566 256
308 960
557 565
68 800
514 158
188 58
400 72
439 368
697 301
348 637
32 141
480 148
148 804
186 413
987 97
980 275
720 550
887 57
34 324
621 539
33 966
859 810
942 551
941 644
890 279
658 30
355 268
89 97
939 18
890 7
678 268
55 390
991 954
859 761
157 815
17 503
78 265
453 794
476 278
664 556
87 372
131 857
747 914
989 618
322 540
826 987
456 94
855 360
837 291
164 302
472 542
331 664
951 453
330 256
980 618
231 936
899 499
953 160
800 788
694 724
920 726
797 313
872 618
83 727
728 830
310 835
573 76
592 419
150 991
135 455
224 691
999 765
884 641
91 123
322 923
285 545
375 202
563 852
422 685
970 400
21 161
926 953
399 433
735 339
813 195
893 129
932 359
349 923
521 101
481 944
241 662
968 918
162 77
91 646
802 617
690 328
542 895
512 811
889 892
409 93
403 244
846 136
647 959
20 576
188 891
172 800
930 444
881 839
322 296
700 872
691 411
221 507
347 34
947 112
396 87
889 160
1 35
353 251
154 44
961 284
888 584
921 587
200 298
161 371
230 317
783 961
450 724
102 737
657 759
738 67
17 636
818 649
260 924
750 288
563 306
412 175
924 836
506 129
446 869
130 263
107 509
121 283
862 381
948 635
156 643
855 517
476 666
323 491
231 45
732 730
156 534
107 431
115 833
113 446
875 112
612 924
521 538
889 868
879 74
573 928
700 198
24 787
370 584
30 154
302 368
79 771
737 227
629 698
514 826
94 460
445 410
739 642
588 619
371 138
879 940
342 758
624 590
368 657
991 143
385 585
64 312
631 360
102 649
752 396
683 315
348 825
528 879
489 213
636 1
811 351
594 309
973 460
214 965
832 770
425 887
893 937
921 119
473 707
830 779
58 258
478 345
146 556
290 152
603 627
177 454
700 66
704 686
500 218
919 407
966 99
425 34
545 7
818 856
69 146
769 209
139 82
463 454
288 580
525 104
184 306
488 107
900 885
941 750
119 983
208 544
368 486
418 978
343 113
718 919
458 800
269 999
67 408
421 729
168 955
720 105
819 638
896 806
329 977
885 818
462 504
351 405
649 891
636 429
598 559
537 217
626 518
740 762
455 524
950 120
331 348
191 429
729 377
403 788
290 75
137 96
152 459
230 406
780 305
516 155
207 638
188 624
427 579
26 242
779 12
578 458
558 316
345 195
966 614
607 304
571 947
150 592
723 274
678 311
138 841
165 705
817 405
369 35
192 630
760 306
513 870
458 247
286 607
160 220
62 817
565 218
290 335
334 877
732 146
496 558
705 958
374 58
241 211
98 998
45 798
87 826
547 191
224 49
230 600
894 685
609 438
58 14
114 596
83 201
134 49
919 423
111 155
79 92
33 854
567 13
966 199
814 823
944 451
109 356
246 607
121 234
290 277
48 746
323 512
30 275
455 514
860 688
457 563
307 463
137 1000
507 79
565 561
936 135
802 986
427 160
427 144
148 204
790 825
426 456
13 17
4 264
540 213
842 358
463 236
123 314
210 620
63 295
827 472
238 908
303 649
476 424
377 468
566 801
373 221
577 474
304 340
177 442
488 586
187 159
981 654
600 849
185 566
605 455
271 433
380 744
768 229
266 646
665 969
706 894
434 19
815 339
30 811
890 95
323 266
458 509
791 332
219 63
995 748
106 927
670 433
842 104
367 306
114 262
789 764
394 619
416 280
315 958
106 445
392 23
27 449
221 734
495 698
722 933
556 195
413 898
557 649
460 72
150 597
567 93
226 267
168 914
326 158
75 778
658 616
563 833
630 499
792 638
488 246
64 156
527 343
105 399
865 642
282 712
313 908
851 258
787 442
41 665
99 218
22 600
454 18
656 797
954 277
913 571
690 162
535 882
76 394
320 196
882 382
523 666
695 872
370 173
46 833
919 36
407 684
365 357
782 327
149 214
867 278
993 298
18 383
336 210
662 290
33 626
223 703
95 920
479 513
271 325
770 806
633 482
805 818
650 934
786 461
998 483
668 151
596 232
388 75
284 690
448 446
552 342
820 633
554 414
59 946
988 612
625 75
480 203
726 371
591 39
140 691
670 191
208 499
149 374
781 334
157 446
488 52
936 180
177 424
701 434
307 568
310 799
376 598
989 913
26 927
353 245
670 310
34 105
715 227
358 211
556 226
452 790
240 249
493 516
180 780
494 491
144 269
487 796
460 410
54 900
434 148
143 68
79 786
436 480
223 585
906 243
415 463
980 510
834 957
915 881
64 282
998 176
959 791
206 226
835 406
332 981
953 171
836 670
163 132
856 457
266 767
854 812
297 19
241 999
975 539
45 612
373 569
586 18
421 790
461 574
720 255
302 143
795 462
991 27
761 354
833 38
784 587
11 551
570 990
156 930
743 453
359 799
990 564
335 847
780 74
970 96
494 813
893 963
548 876
349 228
818 165
464 128
25 724
393 530
247 871
412 577
954 832
286 535
551 671
443 646
136 624
730 808
449 136
887 387
657 331
170 873
830 127
897 155
544 63
840 411
961 739
361 24
1 332
450 419
32 235
336 447
265 325
44 466
888 617
10 422
72 522
915 624
509 442
890 305
997 877
418 237
396 225
151 510
225 732
595 79
114 807
915 712
595 150
772 975
237 295
113 699
15 91
511 779
933 491
113 404
972 297
295 406
188 105
37 633
261 734
161 375
150 460
162 342
369 667
756 605
578 674
725 630
37 534
645 228
346 989
375 576
548 9
41 708
853 169
294 402
702 916
662 129
349 861
363 115
525 880
447 253
320 398
83 311
518 624
776 890
232 238
215 44
623 190
641 578
480 326
594 852
841 122
200 190
318 69
882 452
762 733
492 546
155 154
142 846
309 448
878 501
52 277
692 410
597 383
491 120
118 979
132 296
477 539
281 81
309 431
564 852
64 265
946 237
534 47
615 724
268 287
650 337
971 451
615 809
688 637
62 564
284 30
453 871
667 962
141 185
798 301
523 132
16 614
495 688
164 108
934 613
947 123
262 715
971 563
214 20
156 123
959 926
446 582
472 136
1000 989
941 355
567 783
963 664
882 637
105 494
931 524
202 321
95 249
143 933
240 938
558 789
111 861
153 234
722 196
164 904
880 716
489 215
183 780
804 147
850 611
196 740
55 759
793 272
541 936
63 534
795 392
506 814
763 965
771 207
963 185
652 308
210 150
974 362
773 313
540 552
715 3
467 506
139 547
354 374
185 628
253 895
511 433
423 486
427 139
187 273
76 823
651 795
685 10
689 985
979 775
73 935
844 861
758 29
374 763
636 233
247 435
917 980
695 453
709 244
245 736
792 636
863 299
829 616
789 569
848 56
620 827
588 335
105 150
983 377
432 97
88 239
802 27
654 384
121 845
128 956
303 597
469 896
506 400
526 83
93 601
104 977
928 119
106 558
355 73
290 456
372 642
315 625
438 588
364 854
80 604
613 422
66 861
284 259
768 941
377 401
321 763
645 46
642 604
771 345
462 285
602 338
730 446
957 378
137 844
693 637
812 974
776 457
328 728
891 562
457 497
338 576
122 659
754 699
175 514
557 496
579 695
22 595
328 22
960 31
550 347
542 899
401 180
977 321
339 250
56 759
435 783
387 819
865 550
893 317
726 196
761 53
1 183
954 357
437 734
829 883
225 676
352 988
720 912
943 351
937 799
87 331
233 486
955 162
72 612
15 656
210 90
548 208
911 899
1 501
633 377
317 745
937 138
371 433
867 446
955 267
130 668
729 482
842 39
758 924
665 923
802 213
706 871
302 236
356 706
983 395
5 101
798 445
638 456
995 917
985 327
507 421
932 643
351 840
379 752
44 818
247 570
192 185
220 129
44 917
302 725
445 533
791 357
836 109
854 406
859 148
456 276
655 646
707 96
194 702
629 811
406 69
422 992
876 759
590 912
869 814
369 756
861 353
242 746
287 64
909 802
582 122
686 75
705 840
320 160
183 540
740 511
251 974
474 532
978 161
607 495
993 105
607 280
81 35
390 64
343 348
44 60
262 420
137 981
170 815
63 867
955 415
873 864
352 273
331 293
355 500
498 510
543 508
980 440
842 485
685 955
588 140
87 779
883 648
767 281
447 424
749 789
197 811
560 260
606 41
46 188
259 289
480 391
161 749
252 712
101 800
516 211
82 294
713 876
793 175
206 715
558 482
212 171
214 163
144 325
389 811
720 429
53 545
31 717
850 14
956 338
108 170
879 786
944 41
401 871
999 591
901 73
618 261
886 756
678 214
100 845
621 333
46 157
992 11
19 375
64 659
784 833
548 141
219 702
890 470
303 328
311 536
216 660
559 39
839 160
751 945
542 539
322 578
721 292
675 922
937 962
325 470
937 344
758 961
501 118
455 78
637 999
602 220
269 861
489 645
307 340
99 561
643 749
228 949
68 164
978 715
338 552
917 756
86 875
820 887
153 944
1000 993
982 958
849 237
781 180
579 616
823 405
147 82
339 281
898 337
362 120
594 154
434 25
538 192
341 676
941 458
549 373
772 355
423 851
672 114
724 150
903 70
318 496
247 40
746 598
751 525
158 973
945 914
809 144
728 963
470 680
242 803
294 474
25 634
493 751
93 463
153 178
669 750
896 239
369 768
391 342
814 932
463 979
883 679
816 719
28 187
489 235
312 527
722 329
519 337
927 997
668 113
742 570
326 536
441 162
28 538
415 145
672 499
64 913
476 636
880 947
271 165
323 310
791 273
385 888
259 707
513 21
832 983
307 329
346 950
691 683
811 748
368 160
499 638
8 655
759 579
931 514
141 282
951 351
491 65
972 454
411 799
633 329
558 370
721 684
217 794
464 76
735 233
975 884
938 700
493 37
975 737
96 966
666 604
281 248
247 159
292 841
237 247
289 222
62 183
881 248
334 811
429 852
977 21
344 205
471 165
556 601
94 684
396 611
724 736
593 266
677 629
201 204
165 127
419 527
991 288
201 803
9 215
434 696
121 697
12 86
139 434
912 167
861 82
912 384
23 974
64 850
4 727
390 488
255 790
410 929
371 691
602 282
821 478
550 633
837 20
492 331
435 479
176 934
342 446
943 912
404 272
369 319
567 270
203 568
937 517
813 450
799 932
934 234
190 529
812 146
428 506
60 861
936 516
83 410
748 338
625 822
262 386
305 400
727 87
891 708
943 174
635 363
999 770
965 246
15 136
748 914
580 962
365 841
455 917
860 281
577 996
401 637
121 278
842 136
78 14
610 740
339 371
219 91
860 109
981 376
668 284
97 838
261 160
876 544
294 777
884 199
873 19
145 925
824 757
883 596
297 672
644 598
696 923
806 74
523 191
705 874
907 135
24 404
452 663
115 279
216 879
667 923
805 667
979 985
707 124
157 283
808 346
874 195
441 509
663 284
736 116
916 333
15 234
691 52
80 907
2 569
660 820
228 960
690 79
57 458
261 726
502 439
515 927
572 79
896 394
784 484
147 236
426 478
216 200
846 111
97 59
93 350
427 798
272 756
499 905
321 199
529 658
528 460
955 250
869 877
92 677
785 541
432 109
205 405
679 921
330 648
364 70
953 601
378 36
422 595
679 207
695 797
304 388
69 209
715 593
675 77
619 958
810 241
508 419
135 834
71 14
780 248
578 937
921 717
25 322
850 769
751 28
737 664
859 536
342 773
461 838
266 289
408 764
549 33
623 144
830 547
243 655
453 166
450 718
832 802
561 968
796 217
768 414
364 154
855 83
293 54
592 486
153 670
728 213
228 379
388 233
364 608
135 110
421 671
887 447
43 25
962 852
250 166
990 213
920 606
265 513
721 191
781 348
745 210
25 28
701 143
98 550
202 37
509 684
897 15
843 390
897 254
881 338
14 327
705 457
809 630
258 969
680 406
193 889
71 556
54 534
666 362
857 658
740 421
634 805
867 349
635 509
961 333
109 407
239 725
196 208
450 610
715 928
307 558
118 64
712 377
843 371
996 416
156 230
614 426
24 161
990 551
544 127
868 234
271 253
642 344
110 285
974 976
340 112
810 174
861 272
699 562
523 54
534 982
832 974
945 474
707 305
909 124
969 856
546 331
413 744
701 417
457 201
823 160
63 552
97 971
831 593
676 181
124 455
170 420
702 828
335 898
351 324
455 638
709 833
387 868
890 895
474 801
865 473
259 526
998 589
300 812
423 458
434 656
386 472
353 190
765 931
329 404
578 423
329 62
410 7
835 656
778 369
205 725
155 470
