50 110 5
1000 590 5
983 128 2
300 30 3
884 353 4
516 250 1
150 109 3
779 841 5
243 273 1
783 377 4
860 19 4
610 485 5
954 911 3
368 871 4
617 581 3
60 666 3
997 329 1
235 38 3
801 157 5
158 215 5
84 427 4
387 495 3
710 829 1
807 645 1
324 146 3
200 134 4
483 868 5
780 116 5
483 349 5
853 719 3
504 147 3
289 305 1
750 933 3
995 7 5
198 904 3
652 353 5
48 965 2
419 396 1
68 75 2
807 623 5
299 601 5
869 122 3
798 435 3
775 380 5
382 522 5
329 784 4
221 124 1
364 760 1
231 371 3
726 528 3
677 567 1
822 941
49 370
823 9
96 233
939 29
431 533
921 943
80 200
58 383
296 519
947 60
398 570
613 656
175 492
658 188
465 742
652 781
543 988
431 85
684 931
443 603
423 289
420 820
696 306
413 136
856 974
509 71
862 995
551 131
883 826
88 77
190 157
99 272
834 861
875 677
261 254
759 178
693 347
61 1
764 259
457 851
785 611
458 917
417 542
50 238
689 607
37 582
345 313
859 895
366 273
190 616
318 790
93 319
367 27
465 166
582 926
752 561
846 546
882 767
464 183
967 316
54 572
327 862
426 238
613 658
211 555
426 130
991 185
860 761
56 821
854 996
887 895
551 154
14 465
558 43
371 667
478 794
862 845
500 303
118 293
931 908
891 844
952 415
146 636
955 823
46 113
358 543
965 55
532 642
690 199
303 413
948 193
516 690
245 200
413 849
302 860
300 334
34 678
650 457
489 660
452 558
761 796
490 853
922 747
793 713
577 737
288 686
429 680
375 322
553 864
