80 406 30
2680 581 1
3066 1187 24
4287 2003 5
2354 3421 16
708 945 10
3026 3908 30
3200 3012 23
2931 4887 19
4575 4985 24
3562 2591 19
4399 3489 22
2990 3511 19
1918 3518 20
3436 2079 3
63 3137 4
4259 2934 17
601 1784 13
784 2386 9
2792 1543 6
4233 4490 4
3946 4632 2
586 2272 26
3805 2775 25
4705 3143 26
2049 348 27
1236 3351 10
2427 962 2
4515 4059 30
1481 3406 9
615 2931 16
3781 541 15
4660 1865 14
2100 401 28
3667 3940 21
2014 3143 29
4438 4407 14
3660 4188 20
226 3655 3
216 480 1
3450 2729 25
67 2018 27
2981 1563 2
3202 887 2
2850 4015 12
1752 750 9
4078 4696 26
3742 4922 21
1550 4446 3
1125 102 30
878 4498 29
613 3570 18
2686 1487 18
1515 3441 18
1701 4133 16
33 1084 19
3277 3345 19
2787 2181 26
1446 4609 19
4813 4682 8
762 3452 10
4188 2638 5
3042 4513 2
4841 2113 18
2580 3272 11
1737 4484 14
375 4894 20
201 675 19
2476 208 5
4094 2915 21
3927 1053 11
391 1015 25
3057 3879 18
4894 3686 8
424 369 2
3953 3534 24
4489 202 4
3019 3061 6
1720 1076 19
417 4301 6
1905 3842 15
4660 517
2333 1333
2950 4244
1761 2202
718 1024
1573 2794
874 3984
2743 280
4866 4189
3950 3280
2073 4746
2589 97
686 2600
4232 4969
2563 799
4929 614
1222 3586
2810 1761
2167 1236
1339 2220
3330 3248
3914 2322
313 4218
3430 2286
3160 2417
4599 2398
4397 106
85 328
1860 3686
4701 1605
1622 4729
4822 3635
4045 3321
4266 4231
721 4410
1777 1105
3234 2833
1837 3368
1811 2832
4931 2562
2205 4418
887 3443
4816 3445
2811 2318
1885 449
1776 178
299 2327
936 1154
3299 3351
4729 2423
938 3786
4553 2875
4987 2628
2517 2296
4885 2619
4622 599
532 2811
1359 3210
4922 1240
839 1946
340 2909
2055 3057
4365 615
3349 1218
1889 4331
4379 579
4537 939
4783 1527
2617 1915
1877 3479
2771 3792
4677 1382
2147 905
857 3689
1002 2761
1786 3749
2272 4378
3056 4843
1982 1543
4291 3484
4435 3256
1374 1302
2499 3588
3855 978
2103 4454
3436 4722
1607 1068
3343 4546
3954 840
4714 1487
3714 4099
1239 4071
1613 1281
2195 4757
2285 1685
280 1481
3792 1587
673 2591
2899 1365
2272 4295
876 1835
3144 2959
141 4786
1907 660
4889 54
2039 4320
3055 1814
272 2091
593 984
1733 4807
181 4466
1304 3587
4233 2086
1707 12
243 1810
399 4295
1496 4954
275 4047
3158 1566
1703 330
2122 1252
4977 2607
1515 4218
4379 2637
2716 817
837 2941
972 2058
4252 556
1482 3941
3551 4573
75 3796
2199 641
2399 3822
661 1788
1288 752
1692 564
2797 4265
1869 4191
4834 377
4534 2810
3466 1159
4974 731
68 4929
3000 269
972 4647
1666 600
351 239
4450 4845
1906 3963
1978 628
3460 2651
1193 2624
53 3893
2498 2072
3814 4668
2644 4474
2494 152
1030 4736
817 4006
2266 968
4399 3873
4548 1124
1830 4109
4847 2436
928 1981
3874 2162
967 2081
4974 3169
3211 4767
3080 3372
3127 3677
2886 2883
2975 830
593 1956
490 3486
3469 1082
429 2533
1152 1035
2029 156
706 75
585 414
1894 1735
2183 2782
3088 309
4781 2075
2083 2415
4914 2038
1418 3535
3064 2742
718 4399
1118 4605
3999 2917
1247 2835
4498 2751
2982 2389
3744 2735
3749 2370
2249 1485
499 2640
3570 1520
3282 3021
189 4662
626 876
4203 1078
2279 4693
1481 4532
2216 2880
3377 2489
227 1692
4819 772
4888 3544
511 786
673 3305
3181 2609
4349 57
3921 4758
1349 2902
4715 2579
1581 3198
4486 465
2497 2226
1650 64
4061 3168
3338 1220
3279 2347
2913 2746
1366 2799
452 3932
143 153
3159 2519
1633 2016
3865 3624
4926 3442
4564 4064
2070 1944
1850 1506
3420 446
966 896
10 1150
3557 4863
4992 1265
2866 4346
1791 2215
620 681
2469 2553
1725 3155
2895 2188
2475 2975
1034 3114
1756 423
4828 1681
216 3022
3000 661
2602 4849
626 149
3803 42
2220 4688
4425 4373
485 3163
2304 3564
4234 10
1836 3450
4613 2237
2192 4329
4259 1334
2566 3706
1150 497
1874 2749
3619 699
1450 315
1203 604
1961 2828
2758 97
4034 3141
3049 4495
3329 491
1889 787
4233 2732
1490 3760
4810 3042
1110 311
204 2216
3533 4618
3000 4533
1124 2735
90 4426
3286 269
3894 4618
1964 1055
2717 2933
479 4985
1171 755
3855 3379
3581 1927
499 2187
1489 4009
1617 4591
4284 428
2462 942
2367 3642
3245 4380
4246 3883
4120 4560
3842 4237
4955 4733
1881 2050
2400 3249
782 1740
1267 799
2518 4878
24 466
4718 1764
3612 589
4791 484
733 4323
4507 2663
4474 4193
593 1592
202 1002
4994 253
2781 1032
4860 1574
1905 419
2428 3216
4849 2381
1586 1178
4262 2924
662 814
3 296
2045 4831
1082 3190
1758 3439
584 1965
2416 3898
3787 1430
56 2074
371 4087
1701 423
3420 1684
4651 2335
4965 4778
220 1563
1466 987
800 2299
151 4484
3328 4428
1437 4519
3426 2495
885 1194
2392 2111
3482 4117
2075 3141
917 874
3612 4557
3082 2822
782 1324
1713 2608
2593 4500
4293 4531
710 3029
3433 1389
2821 3296
606 585
2236 1602
3962 1324
1972 2489
758 3001
3753 172
4697 745
1446 468
787 3593
4503 1435
2133 1970
2804 3384
75 1345
567 651
3647 2973
272 1498
673 115
455 3741
3930 2528
1610 1481
3059 3332
574 3975
3978 2707
166 4166
4496 1304
1009 1418
4655 1148
2917 1313
31 3243
1848 247
3193 724
3023 2433
578 4644
4679 3964
296 672
4795 4257
1083 3740
3627 4608
3536 2326
3499 3748
4955 3257
2230 3246
3531 4286
3576 3342
