130 709 30
1048 616 7
741 3096 7
1696 4723 18
2136 2158 22
576 306 21
687 1404 6
2537 2053 25
1988 3845 3
2428 4966 9
1882 4705 27
2493 667 28
1751 2952 5
709 2448 15
964 2405 10
2849 1555 12
3845 3701 14
3375 4235 24
3339 1496 3
1001 2715 18
350 2976 2
4040 2852 14
3986 1968 14
371 4626 26
803 1531 17
3760 2426 26
1655 629 27
2981 372 12
830 4155 25
1302 4381 3
4665 2227 1
4411 1964 12
2417 2855 18
1814 549 28
2653 2553 22
4389 3427 26
2972 2715 2
1305 120 15
4124 1477 6
2751 45 21
4791 3315 22
4013 1857 3
3703 1396 15
3033 2725 28
1762 3036 27
779 3846 24
4312 2612 16
788 4606 13
3613 747 23
2381 3592 2
1116 3656 29
1824 1041 27
2107 207 15
510 2329 3
4432 4203 23
3075 329 24
1299 1155 4
690 3527 29
4315 27 3
775 2019 26
3637 4758 11
3605 4376 10
744 3089 27
393 2766 18
2720 3611 29
3319 4504 8
74 1021 29
2380 2383 26
4204 2959 18
762 946 14
955 4168 26
3605 2556 8
98 4180 13
3346 2735 3
1777 1175 13
716 2864 13
4261 3826 29
3128 4051 27
4926 921 27
420 1709 12
2795 4298 20
4393 3320 16
3537 3239 27
4457 2206 9
910 4829 16
973 1913 18
186 2739 14
2459 2676 30
4406 4864 23
336 3247 3
1327 1957 16
1656 2333 9
3848 3347 10
1073 1839 19
3938 2519 9
975 1922 17
2422 1441 26
2174 2605 15
906 788 16
3931 4955 30
1709 4669 16
895 2459 10
2714 4998 9
1264 1895 13
2021 1851 3
4191 4599 3
4753 3791 18
3886 711 21
4695 433 21
3155 1322 4
4988 2865 24
4030 4307 4
1153 411 11
1866 1097 26
269 4106 17
4709 1333 16
3459 2400 26
1549 423 30
4983 2941 6
2974 654 8
4104 2924 2
4912 710 24
4137 4363 29
2395 3793 17
663 4732 24
3549 2532 24
2544 362 28
1595 1001 5
2265 3323 26
3712 1449 3
4914 14 7
3285 3295
227 2602
4798 495
408 1228
1789 2025
1788 2559
2998 807
1528 4155
3154 2435
2711 4277
2389 3732
339 4407
1012 3075
180 4803
1339 3934
2923 2327
826 2811
4032 2780
3665 1841
3846 3699
1152 4529
3065 979
3294 167
1535 2630
4129 778
3106 3981
4704 4356
1333 1045
802 3105
881 3613
3894 1363
3484 2165
721 3711
4752 3910
3523 4138
1256 1616
2262 4741
3057 2017
3929 3548
3885 2575
3842 292
4848 927
2777 953
544 1166
2160 254
2917 20
1297 1609
1823 461
3129 299
3189 3164
3625 1503
3900 1843
2879 3364
4048 2242
4892 3845
4834 4757
701 1863
519 4338
4879 1280
2521 3160
2543 3555
3728 1607
699 2703
4032 4170
2218 2011
4429 1139
2936 4821
95 1761
4059 3517
4830 1865
3903 4788
120 3469
313 1323
3652 206
287 4392
2793 1990
2237 2857
2343 4565
4363 2486
3227 4591
3712 1251
2448 22
4149 4897
2614 1369
3012 1870
2145 595
2848 451
4321 3106
1970 3825
984 3930
1271 2499
4238 4290
352 748
4145 1922
4076 3468
3205 1829
3856 3640
3599 4649
4564 2770
4438 1452
4863 1106
780 3809
3172 4703
3070 4908
654 1546
4666 4927
2938 2338
985 2954
3350 1098
4146 1717
4076 2208
4350 3645
4852 920
133 772
4633 2394
1995 1781
2785 174
3764 100
4468 381
882 3853
4397 1740
2368 363
4337 1612
1368 3813
2121 356
618 4469
2728 4925
3299 1335
4944 3356
3787 2531
4837 304
953 2272
4259 1308
3720 3588
4305 1632
1996 160
4633 3818
1722 2518
3037 3386
1991 2276
3968 3451
1975 452
1511 1084
4517 2248
4423 1810
3111 2113
1033 1642
481 2132
2472 3066
3200 4903
5 1478
2142 3876
4955 769
359 457
2202 2860
223 208
781 838
3757 1908
4152 2684
464 4401
4588 3790
955 55
3684 1795
4139 795
3019 3790
1575 316
910 1166
862 2520
4486 3444
2416 2938
2882 2265
3062 1554
1316 4956
1377 4968
470 4781
3599 3496
1488 1113
4549 1307
1397 3622
960 309
3387 2209
4987 1917
2784 2372
4538 4166
794 813
3332 37
4686 372
824 109
2751 4923
1739 2758
1320 232
4450 3542
1109 556
1248 879
2634 23
2767 1352
370 4919
1241 4698
4880 2375
4123 4167
2033 908
2964 3440
4624 1818
2996 460
808 1346
1242 1004
1817 4766
146 4296
1465 889
672 1286
956 4368
4280 4642
2454 1239
4430 248
1778 2847
4064 4534
1075 1901
1714 2741
2424 2903
3792 4135
4926 2332
3337 3061
1449 664
593 3023
3440 322
207 390
4985 2102
3017 4445
3212 4276
1962 1589
1959 395
4516 828
744 246
1023 1682
352 3842
1258 1320
1221 1415
1119 4559
1039 4614
971 4114
1135 1580
1485 4294
4697 422
2948 3584
2900 2309
2918 1294
1222 2306
1793 4707
4676 2450
4533 2512
3317 371
2407 296
1798 205
50 4403
4510 3495
684 2830
1614 1811
3095 2221
2836 1690
4783 4197
3544 905
4804 1036
477 3213
3403 2008
1950 3790
3790 3661
4853 143
4564 4859
3664 350
3149 1691
1129 915
4721 1112
2822 4156
2577 1043
202 1697
159 2434
4358 703
3826 4537
3568 3629
3760 2676
3575 663
1104 918
3187 4541
3295 3402
3976 1945
4612 3279
3261 1932
212 1049
316 618
4264 505
4715 4254
1260 1563
335 2368
3605 2592
3391 3843
2075 3805
1591 4803
2874 4525
2722 535
1282 1532
2233 1215
2926 3461
1549 3199
3421 625
2574 3379
4753 4935
3741 1399
2872 113
82 843
3929 2922
4394 1230
2321 1413
4825 4005
2847 740
4884 4124
2124 4187
3304 2844
970 2076
4492 3682
4955 3858
1018 4576
3882 2422
2643 3119
1915 4653
1711 3622
4149 4744
2660 89
3078 720
1709 2180
1722 3538
3099 629
4681 2421
1321 4033
2390 3786
73 4234
4036 4337
3077 121
2041 2741
3818 4600
4823 2265
4013 538
4947 4787
3726 1563
4338 1134
258 4083
2979 1193
727 2419
2252 1302
3757 20
2652 3135
3676 3597
4845 2034
1129 4724
4690 2712
4510 1618
303 4328
3129 3327
1256 1412
15 1575
1906 3714
2252 2369
4727 1896
1902 2426
4416 819
2403 4829
2478 28
780 1265
2629 1028
3777 4199
2196 2845
357 3258
3963 4829
2777 349
3918 462
4277 4237
1733 236
1793 4003
263 3575
436 2906
3584 3598
4158 1181
4114 1911
1941 702
4756 1268
3796 2235
3872 2151
3884 3178
2282 144
1998 3182
3720 3340
2139 3688
4092 3079
566 2189
3574 4295
4254 4749
780 4976
132 2155
4251 4751
4047 4636
2138 2516
2543 1466
2505 4579
1427 2847
3545 3589
3246 1988
2939 4158
3495 141
959 459
4911 2212
4481 2665
3730 561
1712 1472
192 870
1717 1357
40 3158
3505 2585
2931 1932
3547 3266
1643 1834
4207 4224
4098 3775
3341 1398
2451 2766
2439 1682
724 4996
3866 2846
1488 2707
3996 4643
837 4365
774 427
928 3670
1339 3133
158 1715
3333 4300
4521 2792
321 4640
2293 4878
2829 3806
4290 916
4207 4940
4405 967
293 2118
4566 2618
39 3472
1141 435
4106 4997
4498 453
589 3330
3722 1135
2497 778
4913 689
2759 4165
4036 4921
363 4526
2289 2635
2278 3976
1286 3575
2031 4104
2856 1622
4176 3252
1393 2313
655 1647
3037 4623
4107 2730
596 2129
1690 4611
3521 4710
2032 1228
4774 366
4654 2585
2905 3691
3273 4860
2760 997
3354 1129
3036 3686
1640 3218
1209 1249
1528 1561
3864 4633
437 239
3522 3131
4750 2868
495 1826
445 2973
567 1552
1797 2964
3551 4226
2443 4235
1469 4917
453 1783
1730 2947
3339 1093
564 64
868 372
2265 1048
3495 990
1291 3072
4876 487
2252 1207
317 1259
3608 3536
2657 2074
661 4904
3920 1161
3092 3250
679 2790
3051 2385
2802 519
2419 4805
4663 500
187 3257
288 4874
2936 2805
4597 1764
1688 2908
1136 1995
4256 2432
2422 2705
543 4398
4885 2988
1564 3897
3469 3259
3743 1884
3149 1112
604 4583
2724 3465
1051 2454
4154 3789
1807 711
3270 1822
4758 3449
831 2931
2103 1388
4971 2913
4247 4373
4102 1763
2418 97
644 3750
4602 4777
482 3395
3238 1979
643 4358
1363 1836
959 252
101 2839
1219 3970
4455 3745
2548 3157
2383 4965
2630 4359
1796 3758
3259 4264
4281 4438
2082 2937
1255 2639
4297 2060
2287 1227
3828 1966
58 1676
2050 4566
3923 2544
4564 220
4430 3897
1729 2696
507 1334
146 3229
2619 3052
3215 644
4502 3980
1326 1273
2159 3405
2095 3821
3890 4366
4544 706
3275 2971
3436 4598
405 982
343 4337
1812 3385
3832 4840
4555 3347
4173 4148
3589 4978
2620 338
1276 2683
2375 126
4466 484
3911 4962
774 1391
3384 636
1344 327
3665 2068
965 2667
3170 4304
3067 3222
2441 4959
4367 1207
4863 629
152 2409
613 1758
186 2969
3628 4072
161 4688
45 1135
3556 3045
343 1228
3256 2997
2102 4823
42 4401
3928 4683
4230 3413
4695 3024
817 2287
4626 2669
2942 3174
1444 2044
4696 2252
3276 2124
2823 2182
4270 806
2875 3162
2023 1237
564 2189
173 1127
3096 361
4200 4163
4559 2624
2305 554
4503 2425
4274 2126
3145 1873
1681 4280
4253 4615
2988 2302
1112 3312
3343 4815
3147 4073
4639 891
4309 2461
4989 2693
2534 2441
2696 3820
1166 2773
320 4703
2067 4152
1851 615
4002 4491
637 508
1951 1182
2545 1211
3233 4623
1726 702
1280 466
914 4711
2616 1433
4536 2526
1539 3078
2400 604
3633 2728
75 2120
3681 4413
4153 1403
2975 4807
548 1364
2418 3520
2922 3110
3553 4847
3844 1896
3473 351
1433 378
2298 1456
7 3650
389 3463
3161 618
3560 4922
911 656
2281 3397
3435 948
1096 4580
4035 4561
1746 2115
3260 3273
1876 4777
1542 2726
1758 3328
2301 3647
4181 1675
3387 67
4636 1703
3139 1739
1991 4711
484 3783
746 3735
3968 3641
431 2392
1534 2853
4124 2571
4584 4567
2092 2954
4149 615
1589 509
1383 3012
940 58
4698 1914
1018 4542
1150 787
3882 4833
3562 1682
534 2019
