50 536 30
4732 2215 20
3566 403 22
435 3218 8
66 4545 19
1657 4061 5
2998 14 25
2486 1 24
1962 4784 28
2079 2188 28
2940 2334 22
3875 1005 11
3772 3981 25
4725 1044 1
2048 2180 14
1317 994 23
3596 533 17
1721 3423 5
4410 2521 9
2593 192 6
2886 3109 6
527 4443 19
3800 96 30
3336 4390 3
3639 2966 16
418 320 24
249 3535 29
4931 3303 19
76 4936 25
4391 4525 3
815 2779 11
4553 1584 1
1608 3069 14
1110 2124 27
2 2789 9
4981 2745 5
3509 483 17
3777 4142 7
818 211 10
951 2104 3
2278 167 20
3098 206 29
801 2089 24
1513 747 29
192 4558 13
4020 1991 15
1123 1923 30
4653 4639 18
4946 1857 2
3556 824 18
1670 3278 15
2470 4923
2507 3978
2209 3081
861 1117
4855 3089
620 3254
353 4313
26 510
692 2314
1684 3837
458 4654
2331 2571
1824 939
624 244
3477 1085
747 3095
3714 399
1761 1439
4395 3113
2633 2203
435 3282
4631 2848
1861 4269
3520 4100
2307 938
2640 462
3323 4191
34 3805
2662 749
3313 4196
4213 2495
2511 4575
1979 2166
4477 3971
1482 4656
4065 3439
985 2018
4177 3524
4567 2618
4092 765
2324 1186
2686 1319
2544 1620
701 4520
1786 4008
2994 915
576 1132
86 3544
4771 1845
2089 1088
4159 369
4484 3672
670 3600
853 1365
55 3126
3 1422
878 1967
828 4645
1073 1235
2174 220
1346 530
4428 4274
3663 2351
4691 1183
2143 2014
272 4091
3520 4074
1320 2258
4151 988
2837 3640
3328 852
4976 2918
2687 1277
1373 3406
1988 1252
2524 1737
2606 4243
4731 3508
3397 1263
1889 353
4831 1086
564 994
3082 3531
2653 1212
2422 1305
1008 2474
343 592
1725 115
1461 2318
290 2493
4548 2712
1533 4104
2922 4806
2018 2990
501 2967
1598 1894
1045 4659
332 3622
4003 1064
186 50
1404 232
1661 1438
4500 678
3868 1911
2558 3034
4692 1177
3873 1875
2250 4494
230 1940
3339 3581
4211 1865
4482 603
4723 4754
4862 1614
728 3857
1439 2441
4691 973
100 1758
4270 2497
1169 340
989 2096
18 2733
3282 2327
2838 1027
4242 430
895 2799
358 45
4414 1718
2880 1393
27 1061
3233 1934
2899 4717
901 1164
1904 2999
3192 3370
362 4851
4890 1887
2761 2498
2340 4001
2957 1532
245 1929
4445 3451
253 4244
3385 3377
4623 1727
3262 242
1295 4588
4935 4832
275 3034
2485 1498
3203 4740
4985 546
1222 3498
1909 4123
4302 582
2785 341
4637 2058
4882 4398
4496 4379
807 2968
3781 3491
2467 1648
1225 169
1225 4004
205 3384
4100 281
3965 1191
2327 2126
2454 4922
3341 1123
3056 1601
3876 2142
319 4635
1674 4638
4139 3505
2919 4601
1683 1312
595 2904
2161 4950
72 4940
773 394
1977 3985
1006 3515
4984 299
1387 2522
2416 2568
1441 3631
3530 1103
3878 126
876 4057
1975 2146
3722 2355
3586 1596
4459 3053
1196 3485
2816 2053
2236 3328
438 703
4019 2679
3340 2314
974 4262
3410 3355
1827 4030
44 4212
167 3729
3271 3493
1391 4391
4994 127
622 944
1933 371
183 4189
2596 1399
2701 788
2055 1207
807 3139
3089 3348
2252 4163
4686 1699
991 1074
1904 2312
2701 4915
3286 1563
1360 915
1950 82
3759 4472
4560 2571
343 623
1636 546
1188 1977
2848 2938
430 3295
3348 916
3561 2575
3380 2334
943 4682
3826 4072
4421 2100
108 2565
4534 805
478 4843
5 1839
253 3286
382 4948
3703 2907
622 1268
3026 4090
3887 3458
1386 4721
950 2484
3946 324
446 1857
1601 508
4514 3911
4399 4744
1883 4717
1710 1479
850 4553
1731 2678
507 2149
2106 137
4043 3748
258 3514
525 1428
1788 4066
2194 2606
1420 1523
4784 179
3086 440
323 70
1438 1903
4504 4449
4397 4915
4256 4438
4963 2053
2474 2610
4593 2254
2411 2069
1257 1535
2660 3368
1405 4570
3121 2902
1788 2457
3027 4776
3658 4942
1974 4365
2824 4314
4800 3080
1487 2524
1828 3689
1938 3983
2120 3697
118 2018
2964 3013
4795 2598
2457 4620
1553 293
1244 3919
4776 4848
1242 3597
708 4218
3594 4110
3170 4076
4968 1476
2735 4059
826 740
3997 97
3102 3744
797 1340
1549 2485
4805 654
473 1298
2987 1706
2797 392
2966 1305
4387 4227
2195 1359
3585 415
4067 408
1410 3335
4701 1177
3593 2477
3674 3475
3544 998
1039 2001
3161 2956
5000 3254
193 3853
2805 4260
1834 84
4671 218
2496 3412
569 4695
933 1588
1144 58
366 219
1294 2378
1497 1328
3571 2823
3077 151
402 657
1950 668
2350 1612
4243 1009
2211 36
2621 3350
3463 3637
1819 1304
4687 817
3458 4894
758 2687
2137 536
2779 1990
1224 204
2315 3577
3756 2886
3821 1529
2635 1811
831 1132
4133 4005
214 4668
2907 4933
186 652
791 3153
1188 1385
3618 223
2552 1452
3469 3181
358 4605
417 2756
445 3314
1204 3705
812 4140
3907 2566
2137 3742
2653 106
2142 3439
245 4630
2481 304
3132 4620
228 4325
2325 3898
986 3667
3478 1929
1980 4528
4762 4633
4663 599
4426 2016
32 2946
1411 3615
3188 2745
4672 527
3729 1021
98 4492
1479 1294
4897 3959
671 843
1498 4659
4776 2970
6 1573
2108 4588
828 415
3762 3754
4578 796
4685 1390
3147 3468
452 3339
3958 4673
597 631
4218 2448
2711 2975
1643 1
2574 2685
4873 2952
1122 2203
4126 4265
1258 4202
39 1691
1555 2235
49 3625
639 1355
2087 4528
1114 3376
2065 609
1413 4716
3476 2126
3068 4398
2847 3363
195 4818
3763 694
4817 4770
2721 4917
4447 3737
468 4342
3578 1610
1872 3046
1450 481
416 895
3015 4982
2730 1544
4189 1651
472 1674
392 4255
3345 2908
825 2977
53 3966
4723 2062
3234 2134
1039 384
1535 4708
3754 410
1201 4611
195 2654
3864 3102
3060 634
3734 1149
3334 2165
3563 4982
1480 1708
969 4910
1945 122
3786 3111
4159 223
1884 2450
1194 631
3167 2071
848 3652
3040 3843
3771 1168
1132 2304
3353 4505
3650 1734
3753 1442
887 2917
3953 4996
1523 210
4227 4883
4296 1822
691 1559
157 2918
2676 376
3270 1943
4606 1896
3768 57
1177 2366
4197 4466
3611 3432
3924 4278
3302 4119
3233 518
4274 338
2927 4237
743 2124
3004 1519
538 3441
4666 1024
3295 4333
2210 2701
3227 3307
4808 919
1797 1522
566 1448
3409 3579
1357 1446
1994 414
3142 2407
1230 379
2327 414
4312 1417
847 2448
4442 3963
3094 3227
3677 58
3335 2124
662 4133
602 4587
4777 1442
2946 870
2334 3066
4076 3138
3543 3878
4736 1651
3539 3372
3687 1228
3830 1702
2072 4004
4403 4838
1065 1105
1113 4399
1407 685
2935 4555
4228 2251
4321 4531
428 2692
3205 3286
2492 3433
4368 1788
