20 40 5
509 1000 1
311 567 2
228 439 2
431 868 3
237 351 5
493 34 1
94 532 1
869 232 4
620 130 4
422 646 2
113 217 5
130 204 2
817 404 3
532 951 3
774 768 1
959 188 5
301 279 5
694 894 4
709 139 2
300 301 2
765 719
855 986
180 464
47 988
963 842
801 670
533 729
188 783
813 889
725 889
835 555
172 390
249 360
453 75
695 701
786 294
664 813
333 82
569 743
507 561
920 14
270 883
138 570
134 263
126 173
185 535
919 836
728 866
823 53
840 798
136 469
176 929
947 112
70 431
481 464
40 528
557 531
963 783
618 902
170 164
