150 300 5
578 507 5
340 585 1
735 503 1
173 173 3
969 224 3
549 828 4
199 301 1
430 855 4
261 996 5
580 202 3
145 915 5
78 771 4
589 390 2
11 388 5
49 283 3
639 643 4
653 788 3
241 978 1
937 852 4
612 344 5
672 343 5
7 145 4
507 442 1
765 769 5
785 133 1
264 273 5
203 68 5
30 668 5
362 251 3
87 563 4
677 595 3
909 837 2
425 443 2
740 195 1
334 595 5
970 55 3
532 743 5
662 895 1
99 600 2
81 640 4
674 142 4
349 118 4
880 589 4
684 334 5
581 500 5
968 185 3
894 652 2
461 813 5
699 954 4
286 599 1
135 236 2
479 340 3
173 628 3
12 662 2
236 406 3
220 57 3
63 474 2
280 765 1
601 223 4
549 126 1
962 932 4
537 236 4
276 172 3
849 44 1
409 231 3
481 967 2
551 229 3
318 390 1
468 653 2
444 127 5
893 559 2
617 438 3
645 633 4
780 295 5
314 141 3
231 965 1
671 810 3
35 98 1
53 585 1
824 473 3
1000 649 5
438 407 2
425 551 2
796 766 3
776 748 3
284 37 2
22 807 2
661 3 3
838 590 1
690 27 1
441 669 2
691 844 5
244 80 4
406 798 3
872 877 4
291 723 2
764 744 2
786 458 4
278 697 2
855 89 1
294 236 1
560 521 2
716 694 1
903 774 2
559 891 3
193 248 2
898 570 4
501 660 3
316 440 5
576 248 3
51 615 2
81 26 3
256 805 3
576 930 3
754 585 4
533 122 1
380 763 3
69 196 5
315 249 3
691 396 2
511 598 1
763 292 3
655 557 5
464 576 5
875 879 1
693 230 5
743 38 3
340 95 3
18 590 4
770 989 1
494 985 5
942 900 1
23 908 1
509 621 3
379 497 3
590 776 1
713 441 5
389 27 5
557 454 5
836 463 4
730 179 3
384 242 2
880 670 3
488 310 1
539 625 4
805 805 4
515 924 2
355 855 5
39 247 2
624 355 4
676 620
74 227
99 663
704 860
9 318
600 840
448 271
383 649
558 602
818 402
867 583
656 741
419 873
700 651
838 956
783 937
451 476
505 368
313 889
36 396
980 526
677 822
76 269
48 552
364 300
332 742
388 523
422 288
466 96
777 669
832 836
96 978
238 725
961 734
421 685
948 523
833 757
11 401
277 495
286 216
699 966
786 76
258 351
382 961
20 93
205 123
144 474
675 846
54 377
728 67
772 611
967 466
575 138
398 474
451 101
181 336
565 539
462 527
222 359
594 101
188 867
527 395
959 438
633 226
250 131
111 404
548 560
708 300
405 964
804 349
564 267
484 653
142 805
233 344
629 284
544 639
668 284
717 114
976 34
86 992
840 993
280 904
107 172
777 361
361 203
529 161
502 987
204 767
954 837
61 515
622 716
725 392
114 793
168 57
784 475
264 813
761 457
840 630
867 698
389 779
951 916
940 180
733 630
733 210
390 222
552 243
833 445
462 644
502 119
539 992
130 331
91 191
777 852
786 572
190 143
970 532
263 63
91 847
944 406
87 556
15 372
521 713
267 122
582 366
6 672
635 539
835 33
761 25
973 467
558 491
253 2
134 274
647 971
900 994
759 857
369 876
949 258
970 728
851 608
184 782
467 239
215 703
634 254
112 379
97 843
428 746
661 354
433 195
914 734
730 890
605 173
241 957
626 439
434 329
472 869
488 770
940 663
305 612
654 762
887 624
84 625
929 883
190 941
14 517
840 380
720 619
713 160
117 18
339 6
290 209
987 448
574 762
598 958
793 731
85 274
711 432
632 67
483 857
630 9
695 776
362 936
567 663
328 28
302 324
204 830
540 234
150 208
893 554
80 895
684 679
767 436
694 219
479 307
568 346
176 313
36 669
624 988
144 72
181 853
816 637
823 41
427 921
730 329
745 955
493 789
246 740
58 562
360 353
314 699
863 511
645 934
437 301
562 172
114 28
718 871
79 125
238 953
389 21
45 767
553 225
991 211
280 331
798 39
69 204
267 389
254 677
850 325
707 888
759 277
351 994
588 942
257 204
614 196
355 737
142 803
867 557
110 406
859 944
850 343
77 122
555 514
926 100
370 502
313 98
162 595
470 384
208 889
854 188
491 747
30 817
116 809
803 447
48 612
990 989
544 743
169 575
96 519
486 6
864 25
224 987
198 391
306 338
254 279
475 522
883 902
722 703
152 64
679 350
524 92
896 565
400 626
273 519
753 408
955 714
715 599
688 171
331 246
225 964
11 123
925 495
453 405
750 397
19 110
417 5
338 985
71 457
321 940
138 648
298 133
33 910
895 284
32 13
363 165
48 403
420 859
981 657
429 223
499 896
674 664
698 591
