110 1893 30
1885 842 30
1521 1441 21
942 3115 22
3471 4381 23
174 4058 26
2422 2396 1
1513 4205 21
3414 3527 23
2226 3478 16
4850 1874 24
3265 3399 18
2390 2557 26
4550 3820 11
2646 2218 30
2342 991 24
53 4001 29
3069 953 14
1929 1881 7
1101 1249 15
2519 3398 6
1981 4549 23
3446 370 29
3859 532 9
4719 4434 4
1138 4107 13
184 3684 18
1022 4123 20
1892 3959 26
58 2725 20
2712 1191 6
3123 527 3
1676 403 12
3530 101 10
1270 1765 27
3149 4731 8
748 2471 19
4927 1369 28
2299 105 1
1782 4248 11
4786 3427 8
1204 184 20
1391 3165 24
4285 4312 23
1180 3232 2
1173 3672 17
2759 1042 27
412 3635 9
568 3691 19
4595 3489 15
597 1910 1
4331 3046 23
3410 1150 27
1670 206 11
3700 3412 16
2547 226 16
2139 3947 4
2624 4928 9
3043 3191 22
439 1127 18
4026 2535 7
646 3119 27
4256 4683 21
623 2846 20
1543 3876 8
3979 1783 13
1123 4024 22
800 335 30
4414 3661 28
4678 2763 23
3508 1437 16
832 1748 27
397 3131 18
1723 2807 12
417 3381 17
4916 1387 24
1136 995 14
3398 2540 15
3313 2049 11
368 4972 25
1050 4937 29
4994 1909 9
4385 1890 2
896 2519 20
2771 2433 4
526 2876 18
4958 4706 29
2807 3529 7
2004 1014 5
3041 739 13
3873 3543 20
684 536 28
2878 424 26
1419 2187 28
3534 3303 30
957 2807 24
3307 2229 9
2947 3370 17
4330 4375 4
1012 4829 12
716 2083 18
4624 950 25
4525 3046 15
3232 659 1
2341 322 15
4111 4578 16
2524 151 10
3510 2635 28
3348 3031 28
4795 4426 30
4678 2189 7
1904 3474
2973 2507
1656 4220
2373 4576
1255 3968
3974 1925
4564 1055
823 792
3702 4474
3916 112
756 2933
2805 4634
3652 4824
2860 1639
1837 3563
818 1804
2268 261
419 1237
2306 3618
1848 4674
4681 2856
2878 1685
4703 2831
2226 1579
389 720
2755 1397
1296 3196
4459 23
3125 1459
3505 2166
3872 4327
4931 24
1258 4592
1095 1144
2790 1298
1083 527
1233 886
159 4537
1221 4829
1951 3440
2245 3883
634 2723
3043 1732
2523 4105
2638 2729
2222 172
311 3828
2546 1272
2335 808
4692 1376
4740 4508
2721 2570
3706 3901
2644 3637
4079 532
4549 3729
906 3471
2544 4450
4338 3265
4674 3501
2812 3230
2627 4509
2356 2258
3364 660
565 1989
3254 1780
2135 4954
872 4217
2871 694
4361 2983
1022 4866
2469 952
217 4865
3511 1309
657 4487
174 3633
3229 4067
2278 2532
4451 1664
2718 496
2481 3729
3255 4493
319 3544
1131 4436
2902 2106
4375 1137
3927 2128
437 1896
478 3613
4383 4129
4229 2806
958 3350
498 4654
4955 403
4607 1316
3311 3963
2983 1684
1378 3878
2951 296
947 817
703 722
2672 567
4277 2810
322 4770
1651 4773
14 4100
3903 2807
3830 3757
763 2638
264 3995
2441 2422
3853 3777
893 3768
2932 1285
57 961
727 92
2610 4960
4649 2283
1366 1909
1663 2032
4372 4644
3141 3611
3972 3489
2690 2022
3395 2235
526 1194
3713 3855
4407 131
3661 4530
2359 1496
184 1184
2080 4016
3657 2354
4163 1173
4670 3507
332 3228
133 1546
4878 1334
2902 1481
1748 994
1513 3176
2982 2372
1893 2897
1146 3481
3477 1113
3974 2444
4904 4040
2297 4585
3244 1667
4434 2126
4793 1852
4292 1161
4242 2902
1588 734
339 2551
1339 1202
2065 1209
25 2114
1936 2256
1189 4979
793 1804
2970 2709
439 4407
234 4173
2690 2832
1872 2460
4487 2861
1154 3593
2019 3586
3797 1064
2949 398
594 1709
3964 3523
1565 2053
1196 957
3600 4257
2794 952
2331 1916
4810 2030
2588 2189
3238 1574
2705 4619
4105 741
883 4143
4267 2605
4289 786
4483 2609
4869 4419
1193 481
2638 589
3396 278
2163 1814
2397 1048
4968 954
3496 1684
2092 809
4532 3395
4341 740
89 4240
112 1290
337 3261
4638 2007
1991 4071
1962 2271
1311 1497
2984 3811
2948 2761
1448 3860
3147 3098
973 3609
424 4182
1316 3311
2644 4323
3680 2592
1522 1560
175 592
1919 831
4485 2116
4904 846
2015 4296
675 14
1499 3889
4767 3400
2073 1554
4895 1857
326 2664
175 589
252 4272
4446 1705
4204 1028
3098 3913
1212 2983
3923 559
3411 4977
4085 459
1864 1171
845 3097
3755 3958
596 2911
2214 768
3721 775
4119 775
1972 1408
1911 603
2878 3032
1738 4676
1360 3892
3255 1542
3939 568
1720 1460
4085 1498
2537 2355
3832 4415
865 1314
4715 3185
1144 217
3431 2493
724 4485
764 4808
3444 3358
2309 2975
1570 2319
2232 3984
2388 1455
1031 604
1823 653
4298 4897
4347 1629
4722 4668
1908 705
3948 1147
1817 2489
1539 15
2251 3457
1437 4518
1491 4074
1560 4990
3663 3471
1713 1162
3665 2645
3901 417
4966 2137
1623 2358
4532 1399
1207 1142
4071 4715
4442 3902
2460 2200
473 550
4315 2820
4792 142
4319 4976
4070 292
138 885
568 2535
4683 4610
3984 2565
120 2329
2449 2667
992 392
3658 41
3 4317
3881 4274
761 3315
405 4780
3919 3256
2768 4135
3472 2870
4748 4973
1584 4472
815 4847
2639 1589
992 4553
4908 2080
3238 2905
1106 2828
4743 4092
2545 3344
3918 2430
2117 670
4702 3669
2259 2237
61 1546
3541 664
651 1699
4457 1207
4305 2206
4035 3857
191 4498
880 4961
2198 1333
3309 3650
2650 1000
27 2559
1444 4019
1886 3987
4697 1265
4546 4303
2087 2294
2158 1845
1438 734
670 3764
572 806
300 4852
4006 722
4039 2913
4701 1722
4994 241
716 4900
865 4343
3106 3504
3583 4611
1969 2468
4283 4414
3016 2115
2082 1217
1700 2275
1886 3260
2649 12
2354 4321
4411 3631
4899 3727
1067 4388
4755 1421
1125 489
1035 896
1276 1269
3516 225
4202 1684
1012 2521
3966 1613
2068 3183
443 1781
1246 1475
216 2325
1126 1556
4684 2835
3358 4373
2398 1867
1360 2033
744 295
3292 2740
3289 986
4687 3761
4643 1077
1492 442
3118 3469
798 4940
4035 3264
4575 4516
1527 3795
3291 4577
1118 2543
2587 34
347 2203
2074 626
1539 4354
2581 1781
849 684
3202 3555
95 1920
5000 1752
2467 3970
2531 2787
4036 4578
2138 1677
1065 3389
3044 3132
3877 790
464 3217
191 1479
2758 1347
1689 4393
3063 469
4624 790
1702 657
2716 1862
2111 2947
2599 4236
3966 4557
1257 2769
3183 2009
1426 995
782 2844
2018 3589
3425 1630
1289 2642
4174 1161
4021 2999
1852 1838
3284 3819
2051 4683
3472 2094
3434 4532
469 1722
4572 3915
888 3842
2157 3238
3043 699
4011 2230
2014 979
3300 1613
495 142
3149 1314
2186 4084
573 1164
1695 1297
4530 4621
3697 4354
4035 1152
1522 1842
4302 1132
1791 4843
1266 4882
1919 4893
618 3157
2813 3732
3173 4705
3063 386
1913 2684
151 3896
465 2029
2182 2421
174 1797
4729 4081
1311 3711
2290 1650
4178 3360
2967 422
1109 2264
3243 1653
4920 4028
2391 3441
3879 953
4487 1613
921 3842
2213 662
1135 877
785 2493
2432 3256
550 3026
4901 4793
1323 4163
4353 3998
1658 1536
4498 3694
2457 4956
3083 1977
2169 4283
1493 3421
2637 221
3091 2841
1443 1191
99 3902
3833 4051
3183 2033
2279 1108
2329 4891
1866 2939
103 4019
4865 3794
3910 4510
2397 2898
3195 220
2746 3964
4223 3549
416 3950
817 3210
3076 2841
644 1253
297 2412
767 4325
2689 3637
2316 2939
3779 3523
3862 1686
4405 4800
3939 1043
1169 854
24 827
4530 1201
1253 965
1963 2843
4725 408
3578 1504
1177 3296
4304 4050
2057 4201
3534 3887
178 2094
3197 4364
50 4342
4185 3328
1250 2025
4757 2780
4156 199
43 4908
1932 2245
2902 4279
573 1249
4557 1140
1521 3063
2908 1516
3461 241
3608 2171
1781 694
193 2052
4118 2169
2583 1317
3995 2702
3186 2274
2420 4542
3990 93
4461 1704
2977 3276
1645 1787
4228 987
1042 2818
2067 181
2058 733
2923 2649
4992 2134
3658 1563
3684 2262
3566 3730
3596 539
2951 3615
4201 598
2941 512
570 4863
1858 4793
808 4604
1663 1734
2634 3791
1755 3144
112 4030
303 3781
4945 246
794 839
4393 3463
1607 3004
3603 2614
4300 765
3124 4141
1802 2919
2950 4672
2592 4316
2994 3024
4142 2682
1007 252
4197 4359
3032 146
2453 4290
1191 3727
361 1894
486 1957
4170 1890
3653 4093
2565 895
3264 896
3327 1268
3021 3681
4281 2215
2395 48
920 827
2354 4529
3866 485
3692 2251
3187 618
3724 4658
3522 4399
3261 3722
216 872
3688 4004
2323 3540
2974 1002
548 571
1323 3231
630 3509
279 263
158 2920
2943 2488
1958 2473
1626 173
4730 889
1296 534
4762 527
4616 3400
256 1449
4009 825
814 3022
3310 4573
3559 3650
2146 729
3096 4613
4136 638
4007 1732
2561 1133
4007 4342
1471 2721
4890 1139
3503 3591
1275 2422
4480 4910
2849 1806
2264 4291
4868 3119
4476 4372
4037 653
3080 4839
3277 4089
1510 3104
3317 4365
4875 962
1055 1661
4640 4365
1777 1714
4829 961
180 317
2241 4593
297 2012
2870 1456
2442 2233
4537 446
248 1390
772 66
591 673
2100 2014
3473 1709
2811 611
2450 3637
319 1200
4546 1101
1269 4971
12 2748
3813 3296
2229 557
2592 2682
1955 4017
4598 2287
66 3772
4006 3662
2616 279
3446 4082
4754 1121
1740 3788
4126 2414
802 4184
2323 2680
3059 1060
4132 4250
3568 4968
3867 2848
1938 3537
4536 800
4424 2515
3565 2865
3013 4423
731 2566
4227 579
23 1068
4575 2978
4304 1663
32 4374
3678 4136
3731 2571
1538 1597
466 3863
2184 3530
1984 2009
109 546
727 3902
65 4423
87 261
670 1809
1295 1977
3082 3676
2714 2055
773 1185
3908 101
507 181
458 1455
3271 4723
1647 1018
3667 4353
1912 1443
1480 1765
4212 3531
2008 2429
796 1138
4742 1403
4391 3432
4927 4338
4345 4681
3797 3298
404 3318
254 3473
4336 4817
951 508
2245 1186
3232 4087
1399 1111
90 305
1356 4898
709 3922
1209 1018
1910 4101
3277 1932
3488 2509
4366 1641
3341 629
4168 320
1772 854
2029 1560
13 4614
2639 2445
4595 4102
754 455
1095 3289
4147 3184
386 2135
2452 1306
1738 3777
3949 3725
2166 3018
1280 1488
3163 1460
4279 878
84 2004
4053 2737
4460 4661
503 999
932 3005
2049 3248
1257 4498
4695 900
1230 2226
3413 4599
4391 1307
2854 61
735 4742
3668 1169
109 4373
1386 4556
4459 1290
4516 533
1827 597
2318 3489
3640 1909
2813 2746
1830 1661
430 2273
3426 3974
902 3953
1139 1403
3338 779
755 4790
4609 1587
3475 2710
1138 2136
3125 720
4609 4839
180 3955
2667 1575
1862 1414
3618 1245
2162 1360
4144 1219
2951 4551
3025 3906
3667 3964
2389 4982
3342 2039
1887 246
303 1364
3077 1481
2674 3710
44 3481
1550 4972
225 4486
3604 4669
3694 3562
535 2072
1620 730
1313 1603
1805 2209
2184 1091
515 3350
2502 47
3083 4555
4161 3926
420 4243
2625 3073
4031 682
3813 143
3075 4448
3591 747
71 4578
3688 1570
4173 435
1813 2059
4582 3029
2351 4545
1806 376
3614 1754
1610 4945
2218 1208
2043 2355
3371 3356
2388 517
2 4500
1090 992
3057 1795
569 2316
4096 2415
4 2907
4781 1341
2478 1689
53 760
1971 1332
2228 4502
4506 4497
1718 84
4239 4943
4803 1420
1290 1991
529 3341
4744 4761
2937 1762
3204 737
3333 2518
2854 3332
3309 1500
1655 4900
1274 1962
4838 4050
3254 2581
3581 1906
1714 3942
3673 4291
3937 3476
30 3815
908 1119
3329 1497
1803 4157
3692 3160
736 1168
2436 1280
4856 2493
2134 2015
2102 4651
44 37
4390 2945
750 4033
3438 465
4554 4183
390 3366
4978 419
787 1086
4401 3441
2342 1856
641 531
1880 355
4475 1545
3634 1182
457 3902
1700 2819
3641 3423
1624 3953
1925 2999
947 2469
235 2884
2689 304
1973 1198
2913 2846
706 1505
2016 108
1581 4496
4143 2280
1627 3573
3166 526
4837 313
2416 921
4149 10
3741 2314
4395 1498
3652 2580
1332 4706
1841 3289
3693 4478
434 3804
2823 3740
743 2854
4831 3820
1556 679
2178 302
1740 4290
1279 3731
3171 1048
4415 629
3815 877
54 3253
4128 3928
1504 1892
2253 869
4757 4067
2821 4642
780 108
477 869
1745 1813
4877 2947
1471 2027
4866 958
2476 3968
1274 1337
3821 2371
4771 2414
1339 562
2095 1368
2454 1133
1868 4923
1770 199
279 4186
2309 4522
126 1958
1360 2983
4569 4517
1083 4043
1613 3139
3303 567
1606 4583
4714 1806
1086 1835
916 4917
999 2775
2926 153
276 1420
3209 3275
1834 3593
4034 776
4676 2398
4866 2909
4984 3405
2288 901
2113 3978
404 3796
2193 4508
1946 830
4880 4452
4799 2725
1319 456
3266 2142
3494 4307
908 4902
2716 1020
4444 2246
2084 2982
4256 2412
1616 3374
4635 828
2418 3887
3501 1917
482 1103
3865 998
3187 3597
327 2227
764 2190
4768 2242
2003 4286
2503 2667
3419 4836
4591 3736
3862 517
1011 4944
4544 1346
3993 2968
4862 597
1432 1579
3871 3298
2687 4907
860 2051
1415 1155
319 1905
14 4033
4478 3310
4914 3408
2241 870
1296 2844
4991 1110
4073 2233
3240 1790
3441 1005
3841 3880
3902 1415
1602 2530
2580 3396
1014 2416
1682 3415
970 1832
3012 1351
4478 2803
1017 3541
119 3719
190 4702
2958 236
2726 4567
3071 3829
299 134
4539 3962
878 1330
2799 2997
970 57
4341 660
2926 2274
2299 3741
4319 2856
3450 4761
4001 2587
2949 1516
4114 3935
4715 3752
3759 3866
3458 2954
2685 4734
710 2702
3532 2549
2434 3007
508 836
2350 3451
1003 2848
2297 1093
3020 3881
3123 1299
910 2921
740 2294
1622 3537
2143 884
1188 225
2932 2930
2619 2438
24 3458
3270 3060
2821 1874
2496 970
3403 224
2438 3817
1991 3666
124 4481
1328 1595
1811 296
3478 1352
3678 4342
4262 546
1620 364
30 2364
1554 1488
3196 1432
64 2107
2109 891
2454 127
1607 353
4442 1671
1542 1931
2728 1143
3578 2876
2538 3387
31 4025
3215 1242
3090 1903
153 2747
3821 16
2725 3158
2673 4104
1509 923
4161 4267
3473 1772
2352 2347
867 2295
1926 752
1899 3725
3186 1505
4285 1588
187 581
352 823
2457 4469
194 1335
4539 1335
2279 696
4308 1211
2565 2326
1244 219
1617 876
2028 2862
3502 4408
3218 1062
66 1668
627 4714
1245 3999
2382 1339
3460 4254
3823 3578
3373 2689
1157 724
3720 1743
2109 4986
2279 3813
2538 1678
149 2373
1193 4803
4067 4782
4138 711
1756 2396
1940 4892
3931 4190
719 3698
795 1774
481 1847
4480 2182
4417 2320
4592 1459
1763 3484
2136 3855
2034 1515
987 4298
378 2000
4352 3071
4913 3668
1469 3956
4573 3460
4834 2399
1917 3829
1596 3898
2432 4775
3534 3806
2345 1977
2649 4342
2561 2592
288 2760
3030 4128
1726 420
63 874
2598 1911
2840 1795
2796 3698
2984 522
270 4204
2418 3905
2030 3065
4832 1058
2506 3183
3868 3606
4032 4066
82 2943
282 4014
3336 3466
1525 269
4520 1031
3807 2138
965 111
213 231
926 4635
3372 725
2024 4367
3274 4248
4339 2165
1446 3776
3800 3685
1770 1977
4151 2051
4274 3015
1154 4236
3761 3545
3621 1300
2522 4694
1939 4975
1030 4696
4003 4097
3219 3195
40 3002
2781 927
3022 3449
3646 914
1306 4327
1100 2430
664 4699
3949 3470
3066 148
1989 1797
2025 570
1531 2534
4116 177
2047 1790
1516 3496
2634 4361
1969 3759
230 3644
4827 2047
3363 1846
3844 2550
346 907
3919 1091
3572 4089
2045 1455
1744 3053
2591 3361
3296 1088
2352 2342
4122 2212
534 2368
3548 4823
3292 1559
394 2572
2520 4894
1087 3457
590 4428
4884 1479
84 4147
532 1634
2760 4530
1960 3336
2832 2287
572 2602
266 960
4230 2419
1664 3601
2846 2913
4243 2365
2302 4471
2078 2543
1594 3884
1649 3190
3234 4133
1114 3175
1374 4036
1659 571
77 843
1392 4843
2857 3045
4302 3790
1458 3080
340 1424
4109 136
4982 2896
3245 4302
1321 4483
2530 3104
4270 2861
4059 798
242 3531
1845 4445
1535 1221
2986 3240
1377 3448
3684 5
2615 3891
4654 3640
3934 3474
321 1922
1693 1785
1671 3392
3912 1547
4182 2133
607 4426
376 2878
3189 365
1143 4217
2319 4540
4992 3575
4540 731
1170 4263
2909 2813
3477 3451
3821 482
3753 4059
3930 4749
3087 4307
2895 1485
3276 4785
2030 4059
3376 4523
347 2030
3987 3855
1693 164
1371 2071
1751 3329
1357 4147
4517 4578
1151 4663
3337 1382
4361 3837
113 215
4663 3842
2799 3265
2825 4919
2380 4511
2882 2929
4030 4826
2731 1066
4747 3494
481 1944
2375 3567
3532 1206
4915 493
4300 3823
117 3096
3327 3450
1522 4281
828 1367
2979 2893
1234 55
3197 280
2080 2869
2009 14
752 1786
1866 2369
420 3502
1107 1004
1134 2379
27 581
4732 4700
1923 1375
4704 356
862 471
2477 1417
3750 1443
1249 3409
2483 2367
1895 512
1337 1729
70 4391
2389 2191
78 1013
4871 2404
2734 3094
1833 1906
4281 1773
1232 3810
4216 386
774 1532
2792 4979
4284 2913
1900 2313
1959 935
4280 3242
1822 1306
4930 335
2247 2933
2590 1286
4142 507
941 2717
901 486
458 4117
3719 1902
4931 976
4007 2693
2597 2204
3670 4827
4298 2612
4381 3879
652 3519
1747 809
4852 1492
810 1511
2175 626
1774 3361
697 384
2677 4686
2290 2500
3459 694
3094 4779
4069 4049
2138 1919
1162 4179
801 2507
2708 413
4532 570
3510 741
4674 35
1451 85
3012 3154
4673 2044
1914 320
3224 2985
680 1370
1946 788
387 4578
1613 3117
3114 3999
825 485
3700 1833
2464 1550
1892 789
3722 1381
1984 3757
3678 2288
2980 3855
2863 1684
3160 4996
2610 3105
3559 4048
1062 3143
1051 3709
2035 929
2565 49
1318 2278
752 4658
437 4703
269 3759
1600 185
38 4697
2247 2197
984 1418
3124 585
4077 2012
3046 2692
1100 262
4710 178
553 1526
4394 3975
2473 768
4440 17
107 2967
1238 3411
2299 4912
375 4507
3486 4333
3701 4931
2963 1560
2647 4160
4282 4674
245 418
3845 1810
3516 3421
258 3257
1656 4541
4914 105
4215 1552
2332 1938
1525 4196
3845 4981
1636 1968
4519 3416
1735 2488
1634 3705
1720 1604
4794 4964
4518 451
4633 3379
3471 1753
2297 3984
4821 4887
3442 2147
876 3112
4181 544
464 1985
1651 43
1507 1657
3865 219
4657 1796
4970 3538
2767 1821
3613 647
101 3185
3875 2840
2291 2697
2790 4707
4053 559
274 4971
4893 2816
108 917
3034 3005
1374 1050
3325 2491
3659 3557
482 3775
1775 2193
4884 2889
2870 3769
1314 3922
1668 4729
3632 3122
3098 630
384 1222
2958 2070
4077 1800
1914 895
1025 635
2542 32
527 14
1127 1565
877 3726
1080 3182
1891 2249
2134 1232
2957 3103
3831 246
3488 3224
3340 2729
1193 4599
4110 2556
1781 2430
963 1796
1099 3599
2166 168
517 1866
3371 1514
301 4362
1232 2403
2785 3936
3047 2718
1289 3613
2885 2110
4895 4663
1096 1409
1135 3599
4547 3384
2171 873
3577 4153
1170 1190
1304 1803
1352 2807
2190 4387
1165 4877
928 2786
3390 1110
1821 2147
473 380
2455 1779
4202 1951
676 2031
3094 3572
1066 2080
3703 4305
2696 3405
4813 4147
3996 1742
566 4549
4689 914
1455 827
1892 2158
1515 1645
2814 4537
2419 2248
1749 4206
531 2904
3726 241
2144 996
3571 3746
462 2600
817 3207
2528 3054
1906 3394
4064 2984
3379 2398
1901 4035
2092 924
1030 674
4885 2739
2699 2413
467 3174
722 2893
105 4463
3700 573
3352 4902
2604 637
43 4324
1734 239
4217 3774
2219 3430
770 4332
3138 3346
3784 3207
1263 439
2219 1919
427 1155
1685 4955
870 4914
2262 2748
4536 4272
3383 1259
2806 704
3438 1110
260 1427
4008 3950
3109 2142
342 1522
3896 2525
3144 489
2898 855
2858 3638
1096 2990
426 1743
1450 3692
2567 2078
1030 2875
96 1343
2473 834
1727 1678
4781 3997
2010 4826
2840 1778
4186 3018
1594 4788
1009 4388
3624 3606
4129 2932
3747 4201
404 2865
205 552
895 4527
1380 4964
3462 4960
4734 1299
854 2895
1968 1338
4242 4095
1514 293
4505 2435
4697 2128
1933 1183
3684 242
2543 369
2954 849
1983 2413
1288 2826
684 4393
2193 1442
149 1947
3024 837
1079 2657
4093 281
2828 942
2274 63
4303 2841
4426 1304
3199 1939
1377 2035
2017 636
1960 2374
2050 1666
4214 4793
4433 2455
1491 3189
1622 2509
940 2644
26 3153
3769 2955
7 90
4447 4835
1623 3283
4984 4952
1705 2315
3325 3647
2502 1712
3485 4372
3574 1549
2202 2552
1828 3424
4771 2253
4624 4690
1383 2543
813 4232
4478 250
275 4295
581 2974
3538 1196
49 4708
738 3972
3669 3992
4273 4430
1629 756
4879 2323
74 3702
4023 2738
3554 2298
2533 3935
414 4424
4601 2224
2153 3535
790 636
3801 3223
430 825
4657 9
2729 1810
503 1414
2394 603
1793 3678
2032 2020
196 4318
2044 3570
2482 200
3584 2699
1983 2248
899 234
4057 1547
3072 4444
632 4032
274 2347
3140 3399
2302 191
2780 544
3693 4278
3620 3200
21 2656
2035 4863
69 1486
106 1699
1440 1661
3190 4547
2008 3692
3477 4146
3272 200
3471 4926
4581 1704
1873 2981
1321 816
4398 4840
4338 3656
1528 3547
581 888
3617 4824
1457 2106
801 2172
4926 3676
4074 3310
4756 701
3378 838
1078 1753
1871 302
460 2029
3197 4660
501 3516
3979 3955
1008 2637
708 3709
2366 658
4123 2640
3844 1304
3306 3049
1114 4866
182 3142
3487 2647
3604 41
139 974
2988 2338
4416 4043
1595 4188
1029 3277
2296 4821
666 3416
1864 1810
1919 2146
3995 1872
1762 2803
2260 3696
4827 4645
4713 3844
1896 4552
3717 4004
2339 763
3501 2925
3862 1467
3409 4420
3903 4491
3671 1814
4988 4514
4696 1533
884 4894
4995 3526
18 1591
1088 3950
4033 3258
921 259
2590 4744
2935 2028
4108 2135
2560 1456
4112 2347
3314 1388
18 4499
1937 4812
4644 3500
2686 1651
4924 1409
2404 4485
1004 1860
1833 4625
4948 3473
4508 4761
1266 4679
4666 3474
2498 1683
2146 585
3009 4161
1798 4484
4922 632
3962 3159
1615 3556
132 1249
2324 3734
1152 384
4330 804
2254 2989
3753 307
151 4950
4887 427
4054 1988
1752 2014
3373 1342
3135 1315
1937 684
2377 3910
3400 1501
3752 2231
4530 3995
4262 3052
4456 1727
4486 684
4776 1920
813 4789
3382 4675
214 1611
4239 4619
3196 773
4724 1505
2666 12
857 1781
2010 2665
4846 4386
1020 3072
4309 1222
320 3063
3685 4
4731 3122
1290 3050
1990 4153
3502 4592
502 2029
3653 3809
1233 2559
3385 675
2124 1872
3712 1214
2484 390
640 1809
4169 1542
638 3662
4766 4551
3050 631
4119 2771
2542 3432
1706 714
2482 1886
