100 1036 30
266 839 13
912 110 25
701 964 7
723 834 22
157 328 28
659 11 22
460 814 3
329 527 4
702 226 11
406 176 30
5 254 17
876 684 23
764 667 6
788 807 4
93 168 20
71 34 15
275 141 29
834 47 15
468 304 25
794 676 23
885 10 13
466 940 5
354 607 8
942 277 20
445 784 26
140 6 14
511 613 8
842 392 5
326 123 21
402 899 10
419 729 20
214 221 20
352 405 12
219 31 1
312 980 16
223 401 15
433 355 18
580 968 5
284 339 3
659 190 3
454 3 17
851 680 12
813 753 16
535 86 22
573 577 19
980 941 8
127 437 16
894 45 2
807 250 9
556 824 27
883 997 26
396 919 27
865 695 16
727 385 27
976 554 2
434 61 26
642 713 22
400 297 3
649 896 22
968 901 12
974 819 25
160 464 23
249 824 8
471 287 11
112 110 21
837 530 5
352 563 12
295 513 24
44 374 18
133 857 1
673 337 27
483 82 22
48 192 23
368 512 23
94 583 14
342 349 9
396 900 10
299 493 17
379 619 8
696 781 11
50 834 12
367 512 7
161 574 12
351 462 17
297 975 15
777 298 25
441 890 19
74 646 22
929 414 19
292 481 14
251 904 12
921 70 20
972 359 6
473 156 15
735 889 16
514 918 29
226 346 21
920 821 16
723 172 23
942 259 4
896 313
941 143
885 676
499 777
637 110
49 357
240 644
407 434
193 276
185 288
772 949
452 798
559 606
336 193
16 586
59 807
635 529
339 51
859 444
3 962
65 770
291 228
752 760
175 436
463 351
494 319
397 882
662 312
964 209
631 278
716 507
202 808
134 429
182 323
443 417
458 650
826 954
238 540
525 338
634 340
123 142
810 469
757 341
293 921
881 491
709 424
290 573
222 86
601 743
67 287
738 6
116 952
785 546
320 791
476 622
674 887
27 238
477 634
500 698
779 88
143 892
690 312
177 593
179 914
455 715
403 724
670 156
370 621
316 13
449 106
463 747
756 770
840 269
905 31
15 19
393 880
154 421
470 730
861 820
546 810
513 902
179 179
849 976
501 778
569 164
586 257
782 455
842 660
226 486
725 287
628 143
453 458
86 946
504 931
838 38
888 468
972 875
904 173
719 137
530 911
207 446
988 584
401 997
210 374
327 350
173 623
599 76
768 705
120 538
618 817
693 291
763 6
827 325
40 616
93 607
919 921
865 241
785 343
727 127
298 923
973 484
42 83
359 151
916 357
364 584
160 324
499 224
269 748
578 560
796 689
467 485
983 596
455 848
409 917
90 266
144 481
206 808
910 874
639 831
992 914
997 36
112 159
916 223
313 520
919 890
430 992
325 463
315 793
452 576
215 339
462 22
331 622
264 154
559 874
154 861
609 856
709 912
378 354
862 150
891 542
695 342
310 27
963 88
224 461
20 692
980 24
272 337
381 944
112 206
60 363
593 899
204 208
195 734
198 255
523 119
806 674
307 946
677 377
61 381
781 717
521 993
441 686
433 786
445 244
173 962
531 35
928 888
613 366
597 63
404 567
91 20
934 802
605 524
738 380
739 140
893 490
302 549
152 648
167 277
737 250
207 811
944 166
106 713
93 887
424 84
729 681
201 499
538 292
386 483
542 573
887 829
494 937
566 689
763 623
249 317
760 484
124 291
418 484
437 752
671 562
195 588
801 64
551 793
347 12
724 862
996 435
397 955
454 801
781 302
62 981
194 586
231 306
818 58
270 710
861 161
416 597
288 831
134 619
59 603
360 126
997 593
973 576
64 903
196 194
977 220
769 283
134 120
256 596
827 78
809 67
994 607
174 352
672 402
386 217
645 229
568 811
974 953
935 851
461 528
302 310
275 940
896 541
338 296
611 405
282 559
481 294
685 401
641 242
448 264
813 428
201 932
561 605
71 636
969 443
400 874
827 995
618 710
13 481
941 890
516 113
846 995
825 938
856 976
200 882
780 39
993 387
985 451
273 408
635 437
152 896
140 355
921 777
44 782
342 720
338 928
59 474
446 748
692 108
234 535
82 648
954 564
28 742
108 584
214 561
152 856
843 640
7 428
924 27
861 821
451 2
89 610
413 892
624 449
368 884
860 612
169 13
311 704
100 788
909 457
343 27
730 766
837 478
497 221
828 981
516 425
332 405
931 539
408 537
854 621
150 28
852 800
136 795
385 536
556 469
153 417
805 918
670 751
663 162
303 428
613 115
71 324
360 458
363 414
262 792
386 235
406 197
409 480
672 452
282 418
820 563
693 626
799 337
202 994
792 958
131 560
48 476
913 769
675 533
689 971
282 39
763 490
805 979
498 833
606 480
816 513
903 70
52 675
437 348
89 245
370 792
699 483
392 507
627 141
69 611
332 88
700 366
783 675
358 385
475 914
264 780
850 397
862 709
664 241
815 238
315 213
514 261
347 599
987 169
72 699
983 898
788 405
899 399
528 371
917 624
37 519
855 71
725 696
525 227
11 512
226 664
14 166
373 506
876 537
862 859
154 685
891 856
28 306
511 4
38 516
73 922
266 789
728 803
560 34
338 882
503 173
579 797
360 561
132 107
443 554
586 235
97 676
659 813
48 479
681 430
935 118
231 739
283 926
410 984
417 997
501 951
76 747
983 895
264 445
739 468
825 264
450 238
796 683
512 504
858 606
744 741
681 722
772 58
369 999
908 323
727 741
962 106
881 289
395 151
685 695
399 864
803 381
892 962
413 153
349 919
833 124
339 523
899 899
373 44
241 387
304 50
225 110
10 904
615 955
944 197
260 974
71 213
725 684
741 45
722 353
327 400
799 932
381 374
307 16
280 526
341 713
694 815
495 203
328 334
667 208
130 172
220 349
539 273
326 526
811 948
435 145
99 804
490 819
813 351
344 702
968 262
605 260
861 127
313 968
560 41
1000 547
486 100
464 369
302 455
866 26
431 876
733 945
156 730
184 276
900 629
459 651
809 83
437 70
495 886
402 564
466 379
481 14
551 605
830 21
378 487
747 809
629 667
888 96
489 94
956 834
604 228
720 7
650 762
203 592
193 902
214 374
763 562
475 265
918 467
876 168
229 687
167 219
313 427
521 944
732 446
66 230
883 103
956 905
468 724
986 168
292 1
21 101
682 316
820 678
696 888
500 192
945 110
262 287
268 943
21 838
302 301
454 40
431 398
698 710
914 987
428 676
653 221
244 41
492 873
599 654
798 475
462 872
243 946
446 639
616 21
907 724
272 564
883 456
456 642
993 97
177 267
230 665
597 237
356 743
669 606
19 852
362 296
349 14
71 972
995 376
150 469
272 685
639 812
414 511
439 653
257 520
547 456
97 429
319 358
66 213
936 53
818 927
65 193
731 415
175 755
416 831
245 186
877 38
261 881
250 53
236 638
769 589
619 301
586 231
197 223
738 519
750 242
896 722
976 599
847 487
625 999
417 166
901 901
672 542
874 251
663 733
483 195
981 445
72 564
267 983
784 178
771 980
783 222
483 147
838 616
85 987
884 844
900 673
892 722
621 790
704 677
807 755
310 487
487 212
449 840
804 13
282 706
822 529
747 764
916 42
4 435
135 763
307 448
632 167
202 8
823 781
72 431
288 798
519 240
429 802
756 365
977 496
805 822
289 774
106 417
370 128
692 648
629 366
288 42
993 112
155 400
885 780
466 453
289 962
302 22
687 361
589 617
852 738
191 92
114 727
137 24
669 974
442 749
516 791
606 938
317 356
701 751
27 3
960 943
68 285
476 347
866 572
289 176
332 555
450 56
694 272
686 879
951 93
619 451
935 475
292 840
210 747
888 120
509 918
3 34
553 866
261 727
115 268
299 769
205 67
983 326
686 281
400 6
295 953
902 751
220 286
294 272
891 479
273 406
14 642
180 660
552 399
282 984
503 74
512 407
325 574
494 406
406 133
866 874
971 999
675 331
406 779
9 275
604 549
198 812
841 853
405 995
165 771
265 29
735 13
870 729
320 234
913 659
926 420
23 59
168 422
976 903
366 998
939 218
429 468
512 228
558 664
128 340
920 678
789 659
148 898
584 147
704 978
159 371
613 358
883 550
353 872
296 303
260 305
753 360
519 101
793 747
966 861
720 540
935 933
730 947
689 576
550 688
6 847
335 15
880 723
162 255
476 19
179 63
940 63
658 677
290 159
745 889
630 992
87 133
913 426
695 302
617 301
665 352
539 682
57 65
961 380
414 171
72 560
700 831
448 542
132 940
621 794
682 625
450 23
330 910
433 412
492 689
328 438
139 106
426 690
851 223
993 766
961 801
129 453
28 861
227 408
748 2
230 571
950 802
354 289
434 52
267 716
139 195
955 622
903 488
942 59
876 102
853 798
165 298
5 113
241 551
793 739
921 818
433 779
874 502
727 554
94 679
552 446
783 534
396 680
476 93
244 802
749 142
615 558
947 213
195 970
988 208
497 524
792 96
153 576
175 268
397 14
537 653
349 198
750 398
170 694
641 345
574 301
70 567
806 836
991 852
850 653
198 284
921 742
325 389
700 114
394 554
309 243
242 155
802 444
174 454
803 553
566 112
345 858
575 928
309 17
178 621
996 120
655 398
909 596
116 872
241 44
303 578
719 489
436 938
638 132
913 962
594 800
678 893
942 922
510 257
497 371
452 375
186 920
195 131
7 282
64 767
860 96
489 989
432 450
844 550
252 732
325 520
624 32
398 470
557 154
391 589
423 102
75 678
108 587
318 52
914 834
63 280
892 316
667 957
415 617
462 159
780 890
804 769
769 210
45 752
115 166
461 106
893 395
823 882
960 876
449 368
624 829
694 520
864 726
214 331
483 117
418 374
247 294
76 105
445 375
716 358
654 404
687 854
489 980
169 618
824 274
522 527
982 417
316 947
433 832
751 15
343 485
377 429
108 610
179 152
638 117
305 933
900 89
857 341
710 984
575 792
33 446
965 277
360 305
650 638
287 690
981 242
757 264
651 26
57 384
248 317
642 75
234 675
759 487
65 39
745 335
221 176
15 993
686 601
168 560
641 890
347 931
101 476
642 561
294 967
763 852
462 84
680 134
395 940
827 742
902 918
448 923
1000 202
864 91
336 435
669 83
786 699
537 417
727 846
929 246
665 350
412 18
289 876
903 772
43 750
313 454
659 573
995 619
945 894
978 854
803 451
117 149
83 145
939 181
241 175
415 822
164 476
266 663
301 807
262 427
555 611
966 104
389 224
276 462
573 492
438 250
21 271
986 949
453 508
798 901
131 793
736 287
697 834
123 281
1000 251
509 439
492 760
895 55
81 283
133 660
878 139
987 953
37 905
280 132
709 144
908 289
245 266
405 931
886 952
379 795
186 583
577 587
274 424
267 841
808 340
