80 280 30
931 730 4
954 110 8
793 966 7
495 695 4
784 377 8
94 315 7
321 425 5
682 650 3
142 511 3
702 463 3
578 140 2
6 344 1
949 238 3
138 791 6
785 504 1
317 874 2
530 882 3
254 73 3
930 502 3
772 384 6
833 224 5
336 864 1
994 191 8
48 178 3
948 377 4
2 408 6
302 937 10
8 853 5
740 828 6
139 279 5
45 651 7
301 782 10
139 660 10
666 629 1
588 641 6
295 397 9
366 179 6
588 99 2
789 889 8
624 801 9
331 96 10
378 264 3
965 222 7
515 581 3
305 462 2
36 557 10
640 272 4
962 511 9
156 67 8
770 121 8
755 430 7
408 639 2
556 781 8
525 189 5
272 411 1
369 434 8
182 210 8
482 606 1
300 301 4
662 561 6
551 613 3
429 462 1
314 257 2
317 499 5
58 569 2
99 290 10
330 537 7
618 405 7
377 683 6
565 589 3
270 954 8
143 271 1
636 658 8
449 989 3
151 421 3
285 618 9
923 206 9
151 426 6
283 756 6
947 706 3
302 885
809 618
352 737
916 129
857 623
642 870
826 47
63 552
528 812
946 460
565 586
678 383
600 426
322 405
320 137
136 549
123 66
948 156
654 361
526 901
230 598
719 433
575 243
567 228
610 752
83 470
185 533
954 14
281 712
532 189
229 9
383 446
650 977
415 795
455 303
543 642
511 132
260 2
697 116
833 564
111 673
150 533
548 646
708 676
258 919
839 97
11 235
234 112
520 115
283 399
257 65
313 455
921 140
707 176
731 298
526 35
499 203
474 964
118 433
889 353
88 550
495 426
295 358
972 354
440 442
691 967
420 235
43 796
99 161
329 296
740 725
556 932
8 286
484 30
29 249
466 997
48 793
887 113
819 604
168 877
601 323
10 848
238 229
886 296
574 544
777 662
79 570
760 804
821 988
856 752
88 787
989 854
436 88
520 499
53 915
340 115
263 938
83 651
564 307
557 72
18 195
208 888
659 402
514 910
79 391
64 386
813 526
654 292
890 135
303 370
859 302
748 595
52 220
571 782
782 599
364 728
195 446
888 663
325 866
980 72
569 749
487 537
712 670
338 223
73 507
789 771
964 840
420 597
572 755
902 392
79 321
46 448
447 37
715 944
139 389
419 428
402 153
24 543
671 530
274 500
44 33
522 497
223 79
352 654
487 465
411 702
833 578
956 593
648 530
923 653
818 414
427 493
654 659
840 579
538 480
912 777
780 11
110 20
946 139
690 953
241 115
560 160
195 471
967 942
194 667
973 815
406 726
41 161
635 371
30 897
475 248
410 398
599 987
186 230
647 231
63 766
484 857
627 920
259 837
911 924
339 359
461 396
637 31
628 882
736 493
917 642
300 192
679 677
939 526
949 537
561 666
794 559
78 7
392 994
879 960
386 7
700 231
293 785
10 577
925 25
570 454
894 570
925 578
11 22
198 321
845 644
864 407
987 229
853 217
560 413
603 625
191 379
269 955
652 393
746 726
560 538
494 771
281 632
285 234
113 298
644 499
293 715
819 53
364 474
821 787
414 510
773 604
165 863
505 49
59 416
121 370
685 13
579 369
940 601
459 638
579 418
961 863
907 772
279 394
138 632
496 896
31 695
504 232
235 11
554 613
825 797
758 284
19 19
574 973
436 913
215 179
216 243
251 149
869 567
176 630
244 917
580 381
1000 574
20 733
857 822
560 9
777 588
109 169
44 76
315 354
996 54
946 938
69 735
463 14
765 747
852 218
918 728
846 559
873 309
189 701
281 696
730 928
127 76
31 94
426 246
