90 502 30
3101 2681 26
1746 683 23
1919 2343 30
3187 3094 17
1890 71 1
3241 3595 27
1073 848 25
144 4367 19
2314 490 14
2102 4392 20
749 4673 21
791 2647 21
2561 24 26
1252 4333 18
1948 204 5
847 1324 29
2536 3561 25
596 3863 14
1149 1013 11
3527 786 6
1171 1336 22
1011 4734 21
1736 1352 28
4504 390 22
4307 3446 28
2031 3246 28
3408 3675 26
4797 946 19
91 2344 10
886 343 19
1698 263 23
3012 4827 11
4954 471 22
805 1149 5
4980 627 20
218 2997 5
3248 4253 26
2978 596 27
3827 3433 7
1000 692 1
847 4042 9
3358 748 12
4600 830 13
2089 1900 20
2998 3012 23
1894 3134 25
2461 2331 7
102 13 17
32 825 23
621 1503 3
2235 923 26
4996 3202 13
3382 1427 19
2785 3855 27
3825 1394 13
4618 3358 1
3944 136 14
1687 3698 6
3345 4805 1
2592 2027 17
4049 642 27
2365 4960 10
3035 4474 20
2546 4057 28
295 3288 15
2330 2079 16
591 837 17
2067 721 2
4876 4713 10
1732 4060 25
1756 362 3
4393 1924 7
377 1523 27
2299 1433 12
4291 3215 1
4512 2530 23
1040 4670 21
2459 4064 24
3035 2727 20
2303 774 28
759 2235 11
2910 2192 20
848 2879 1
4370 105 28
1004 1681 9
1180 3181 8
3543 1381 6
4130 4969 7
2179 4622 14
1102 2774 27
939 2248
175 1354
208 4905
4817 3407
4342 2670
611 2484
929 4772
4178 3420
2674 1187
4000 1867
1932 2785
4115 2908
2779 4149
532 2358
322 1192
4487 4107
1418 2439
245 2359
1729 1439
2475 1104
3948 857
1258 267
2724 872
235 2965
4918 3463
721 2982
4345 1569
2329 2437
4063 2262
1331 3919
4896 1150
3283 592
363 1107
1414 231
2180 617
84 4682
771 4219
4014 401
3870 1133
1343 4896
4314 3647
664 4597
480 4817
3699 348
4732 1344
2735 2568
1159 692
328 3575
2943 1084
4427 3299
504 594
2487 447
1757 4610
1541 1411
4055 1581
4749 307
368 2848
350 1598
4003 4298
2702 380
2091 1582
4634 406
3612 2998
3322 3886
2493 2559
1435 4588
2827 2321
4135 2578
4510 2241
929 3976
4386 3635
2647 1081
2934 443
1997 2703
4748 3212
3446 2679
680 737
158 961
1989 3716
4811 2900
1639 1237
407 886
4633 413
4552 2604
3585 2723
3265 4890
214 3016
2165 4436
1938 4598
13 1293
1815 1671
1638 2652
3284 4845
2532 3563
2295 569
4808 1948
1034 893
336 2820
3573 1079
3485 1685
1675 4199
2540 1833
926 3322
2493 3391
4716 4122
4839 473
3892 3394
980 844
2583 2058
3334 4456
1237 2423
3838 4465
3051 2157
891 1111
2351 1982
214 4997
4225 3007
289 188
3350 4276
648 4178
3166 2982
3031 1668
2061 880
1322 682
1068 1291
2557 1105
6 279
2792 4533
125 4425
3616 4689
2975 4925
2028 4106
352 890
3036 3611
399 3547
4509 2164
2625 2484
1 2727
3812 4962
4248 4879
2204 2027
1628 2349
3464 2087
4571 1919
2124 3294
1382 5000
1887 3709
384 2616
3355 617
935 2107
3328 3910
2795 2188
4058 3609
3666 2654
3153 4634
2747 1571
3397 3485
1178 1425
685 1771
4682 3467
180 460
2517 3369
103 3317
3865 750
3876 1678
926 4559
1973 3178
3570 980
4084 2165
1356 2942
4663 2220
3020 3658
3487 539
1955 2209
2053 1766
2985 3627
3509 2405
2694 4199
2281 3418
2146 4447
480 2493
4422 75
2510 2192
1115 4544
1058 801
2324 3202
4999 3614
2041 1676
2303 1701
644 908
1224 827
4389 1554
3149 1937
4296 54
3843 828
1350 3746
1313 4915
635 589
2538 662
1216 452
2221 624
3692 2206
616 4723
2573 3991
4309 3589
2912 4256
2992 3673
1165 1737
4715 4914
1850 843
101 4411
2088 2088
3684 919
4545 191
3885 466
1795 4290
928 4239
4949 3537
1961 2068
1634 4060
4979 1115
2031 4603
4769 1126
2232 1510
78 2398
984 2617
4548 147
594 834
3890 1144
1330 4932
3002 2654
585 3072
3411 3730
621 4934
4382 3078
1667 1452
1000 401
3076 3580
694 4578
1631 3294
3126 482
2110 1099
4389 3042
874 906
1152 3676
3783 2006
3104 2727
507 721
4931 4065
2069 2137
2697 4235
364 657
3771 144
1955 3273
973 2830
1347 646
4093 2582
914 1753
1978 3957
1595 704
4417 374
2766 4023
76 4206
715 1524
1523 330
3678 280
288 4123
492 1791
139 4754
2266 2723
1110 2882
2550 1220
4339 3453
2559 2035
3732 3209
133 2833
1784 1288
1205 4836
1157 174
4440 607
3051 2770
3707 363
4334 1759
4221 2908
1707 3227
4402 4793
706 2528
63 2450
4778 2536
1000 2465
4001 4902
3238 2439
2314 3818
1913 4152
659 4072
4840 2786
700 4963
3521 1372
4322 37
4226 716
2784 4285
2968 1588
481 4284
2082 3538
1894 4260
2004 3903
3442 3592
3766 4080
3959 1532
1008 3765
1398 908
2611 772
2679 2157
803 302
4162 4039
1422 4395
490 4537
4817 3872
1895 2372
838 1320
1742 222
2631 463
923 3610
359 1673
681 4561
899 4131
3755 1437
2140 3346
1158 1651
1489 3054
1009 3533
546 4549
4027 3210
3648 1631
2405 4221
4824 4311
1853 3123
538 251
3555 2566
1005 3664
2212 734
4203 1382
2329 4961
705 3934
780 3467
3073 3787
376 1824
4020 18
1996 2104
1838 1729
4984 3842
3556 4461
436 1645
2737 1770
895 4706
948 3568
3514 2481
2108 2407
4904 1947
2895 236
540 2648
4976 3659
2814 1593
1068 517
2661 1431
2952 4873
1994 3684
1565 1562
4836 1657
2266 403
3768 2549
2180 3700
4611 1234
3804 1097
2082 1885
1947 2111
2655 1079
246 4018
1736 545
4081 2384
2464 1489
4259 4979
2651 1850
4937 4310
3336 1698
995 1665
725 1195
463 4359
4834 1576
2224 4869
4259 2547
1319 1875
1728 3384
1867 4138
2213 4574
3081 783
3227 4681
1487 3475
4310 1295
3266 3272
4792 4948
874 1716
2687 694
3458 1201
3489 3148
1727 2467
2513 1714
2379 2893
4886 4894
3066 2616
3605 1050
1871 4091
266 4542
618 1079
2914 2466
1296 4683
1037 4133
2300 839
324 1313
224 2778
3673 368
998 3312
1203 2383
4545 4000
2666 4728
2492 2322
915 2560
4325 2591
2360 714
708 3043
4724 1041
4061 3498
2800 2283
2049 3102
3731 3022
3651 1089
837 4886
2696 308
2480 3633
603 4030
1699 795
1908 3523
1582 2603
3430 3399
2407 1332
1612 4089
1354 3407
3982 835
729 1223
2302 2630
3518 2217
4590 1719
2980 1764
4932 618
1892 894
1805 3420
4815 3890
3510 1967
2007 1272
2631 836
4854 238
1562 3808
1408 3136
1533 3678
4239 2559
2521 3295
30 3883
3385 4156
990 4850
632 4640
3909 2737
4954 2853
4024 1381
2120 4992
306 2412
927 2109
2190 2030
2410 3697
2274 338
4502 2852
3786 316
2550 2681
4435 1778
4409 730
203 2300
2953 1678
3319 4878
2865 4382
3552 2825
4898 4400
2998 3855
3074 3280
95 2960
3524 1702
3563 2608
1369 2795
842 1137
500 2350
4699 2737
2091 2614
333 268
4329 2267
