120 1120 30
915 935 19
930 679 25
509 875 13
157 973 6
719 622 7
239 712 5
399 451 3
277 255 14
740 169 14
117 947 20
802 801 17
745 119 30
29 475 20
594 929 29
609 638 20
639 395 10
986 699 4
964 709 29
850 87 22
637 504 24
57 731 18
340 665 8
899 463 25
473 422 13
596 993 13
897 918 26
251 414 11
853 795 14
63 253 1
348 527 4
88 296 4
800 250 10
423 882 24
286 950 19
115 129 1
141 758 24
903 95 22
315 242 8
494 190 30
805 731 10
627 608 5
966 798 13
75 169 1
975 798 12
500 306 24
786 865 5
236 862 8
182 270 4
590 839 22
721 875 21
746 154 4
982 803 3
241 780 6
727 599 1
373 650 8
210 660 27
675 510 17
276 838 2
910 85 5
434 380 30
728 397 4
51 605 24
486 137 2
529 354 16
669 633 24
634 942 24
164 392 25
125 710 7
6 785 27
776 540 6
956 637 11
718 834 14
822 596 25
743 975 28
118 368 18
474 232 1
641 478 2
337 210 8
76 613 13
860 838 6
928 78 6
27 959 27
364 683 10
433 370 13
718 719 28
779 484 14
864 106 7
617 62 22
197 387 3
818 993 15
941 50 11
419 783 15
626 52 5
229 341 29
966 939 10
299 507 23
637 592 12
176 810 10
558 421 27
961 159 4
32 646 26
470 685 6
795 831 24
749 252 10
198 441 19
708 45 6
390 704 13
520 501 1
952 999 3
984 292 11
888 977 3
716 904 10
343 164 24
944 190 25
388 815 16
897 234 19
414 762 7
529 607 24
611 591 5
10 146 15
775 221
327 74
479 669
764 677
914 656
534 430
180 649
197 518
132 907
814 29
405 775
795 674
113 958
712 695
887 249
558 995
370 305
284 36
61 308
597 658
287 212
624 761
367 405
319 640
521 389
224 684
689 582
405 727
463 398
976 662
204 657
621 768
684 866
71 289
800 648
25 390
458 187
355 539
977 904
748 693
959 346
37 1
896 472
644 749
520 8
635 895
436 690
47 803
52 720
73 333
427 7
255 344
207 924
404 52
820 245
426 935
218 702
459 537
694 862
971 782
654 992
588 314
269 34
784 129
25 823
233 377
777 452
82 242
536 63
828 630
649 817
578 987
909 47
602 42
167 795
632 265
47 938
216 646
690 34
766 959
317 420
622 971
928 401
567 529
831 999
993 895
680 911
223 154
50 992
45 87
852 877
697 972
473 646
433 865
357 37
94 732
890 664
713 116
259 259
543 979
290 350
519 510
434 580
65 104
224 207
223 344
687 940
106 489
583 685
731 545
483 573
716 446
370 631
508 755
720 434
442 423
746 492
338 255
187 864
592 197
591 27
535 440
167 714
883 87
182 237
80 852
721 241
833 932
137 122
751 967
365 60
755 499
104 957
502 782
30 43
717 224
254 884
990 84
863 629
434 548
691 86
996 96
281 738
196 140
904 758
677 382
44 401
498 285
320 559
935 985
501 582
783 438
11 978
729 603
549 570
878 95
140 519
578 702
696 31
442 523
824 90
379 125
279 636
755 117
189 709
410 728
320 145
909 696
556 150
627 48
683 568
993 699
591 170
39 308
34 531
383 4
509 532
941 515
453 578
189 586
182 964
850 61
871 251
295 272
160 319
818 21
185 236
53 324
787 528
367 12
290 34
748 419
493 800
248 360
618 965
83 795
356 561
919 362
767 722
276 360
377 263
974 619
806 403
210 898
653 917
55 596
199 224
227 874
843 354
149 308
686 44
281 355
173 669
732 1000
153 492
190 10
651 161
870 349
156 743
904 92
280 613
17 684
890 237
279 713
898 201
497 973
884 976
542 662
967 599
337 954
252 56
895 961
841 931
151 99
66 186
106 697
346 869
895 779
219 420
175 244
587 582
654 12
389 752
898 474
956 33
911 728
44 271
823 506
860 302
747 154
201 722
332 422
173 803
439 741
793 603
110 701
824 902
894 454
257 119
154 128
229 152
181 15
504 991
32 26
513 275
934 746
927 805
516 673
885 353
747 349
159 611
187 500
534 818
312 216
467 717
777 299
849 70
991 679
758 266
874 294
935 22
230 147
981 718
870 666
80 491
660 807
487 225
816 672
101 712
40 617
724 807
770 338
593 983
48 904
3 978
904 597
349 502
694 299
384 326
431 854
365 415
882 831
449 664
996 307
197 558
480 173
238 785
845 403
357 251
445 945
329 501
170 781
285 669
966 988
966 667
88 837
510 963
15 105
184 3
242 526
58 529
48 693
520 60
423 20
901 635
590 154
411 340
511 790
370 303
118 452
822 182
590 234
504 970
858 408
774 122
970 648
495 58
101 673
768 26
946 100
770 176
37 903
381 928
145 930
949 860
980 511
237 759
438 170
218 581
786 1000
286 915
263 91
280 761
102 124
736 642
921 242
136 407
98 792
581 912
357 543
421 98
186 732
721 174
325 666
997 692
212 920
285 775
146 621
584 272
758 48
683 832
737 904
979 277
759 711
48 546
84 876
271 383
293 38
995 691
103 289
477 789
683 587
328 611
928 475
548 9
790 987
543 240
242 678
66 674
317 91
340 274
762 950
688 117
333 423
164 425
384 201
234 173
412 115
957 718
513 252
45 101
42 603
462 548
260 670
631 736
559 944
630 352
825 979
523 67
747 124
457 574
211 813
67 829
686 660
896 752
74 633
313 546
68 35
787 783
617 458
60 2
498 499
369 254
107 922
567 250
946 680
936 223
429 305
440 940
882 632
849 53
257 538
445 576
969 480
946 98
626 719
871 825
962 492
732 886
285 181
221 988
202 317
684 103
924 804
535 722
455 518
701 154
349 821
721 525
214 351
204 964
454 520
867 227
910 792
709 136
574 135
576 338
243 616
629 904
455 754
563 496
294 37
557 513
947 727
464 908
339 510
124 525
490 914
758 346
582 326
522 144
186 854
199 954
387 128
389 855
997 799
478 405
883 230
57 422
27 400
846 598
605 826
842 398
152 578
681 593
623 964
39 654
137 510
629 324
425 322
843 23
431 476
632 778
299 512
484 414
270 405
117 938
403 910
109 943
883 146
321 488
113 402
274 805
197 323
577 356
350 384
787 857
553 559
797 596
874 55
245 454
974 271
338 508
294 40
795 938
739 514
928 950
129 274
298 484
337 806
965 667
658 733
313 646
811 340
685 713
764 148
740 187
971 504
111 127
903 545
449 436
47 156
774 695
188 827
850 968
663 322
880 422
999 136
296 708
982 504
12 601
127 587
323 97
822 301
515 619
592 129
649 555
427 86
319 101
775 84
259 340
370 313
200 436
980 626
400 748
79 627
614 725
834 983
342 435
13 51
661 997
977 962
879 613
254 790
478 447
24 314
769 253
725 580
855 445
102 103
982 462
520 570
214 989
214 250
364 150
816 787
146 753
849 772
112 887
628 119
445 926
754 980
823 133
449 705
917 295
335 368
787 777
251 373
658 969
450 520
727 757
197 868
586 889
358 357
119 550
902 936
66 273
805 925
281 242
883 753
182 427
901 707
653 173
394 442
23 890
874 150
953 393
289 556
104 772
815 693
400 490
550 147
806 813
248 89
314 102
435 145
567 882
661 98
959 243
957 165
910 219
873 680
669 740
923 907
111 23
742 814
705 127
654 4
907 720
308 904
821 413
386 319
843 822
747 190
112 343
274 256
852 942
578 622
933 775
439 239
663 223
313 18
529 837
11 912
558 476
19 253
470 342
985 554
61 263
225 794
960 556
160 582
689 354
968 140
187 4
834 154
538 770
884 844
393 663
700 500
369 579
642 705
535 379
673 387
78 809
747 486
34 773
223 302
221 401
202 577
697 330
986 608
618 878
881 976
446 801
78 642
110 436
893 425
782 407
934 559
520 128
178 717
897 135
839 526
183 251
733 805
546 18
848 120
185 527
882 606
413 158
640 224
891 813
4 489
366 642
611 47
569 59
353 296
188 55
521 440
241 925
115 242
835 367
850 316
534 821
720 639
537 831
385 338
754 74
495 878
695 696
592 999
737 340
351 668
298 593
165 779
633 846
866 382
520 639
152 626
408 378
968 278
506 603
512 525
511 4
91 362
521 770
798 961
428 989
300 93
895 274
551 835
894 589
884 541
226 140
106 988
338 137
478 464
831 635
42 127
346 572
237 234
259 421
836 492
868 482
729 517
972 557
537 540
470 63
717 641
705 89
322 111
793 525
126 13
951 656
605 769
46 263
599 4
306 459
346 427
512 302
90 247
482 404
569 781
64 963
544 495
821 761
262 426
272 483
300 826
239 608
102 401
568 728
712 12
539 89
557 27
685 875
72 797
821 159
904 590
505 659
811 596
396 724
590 807
432 235
939 772
212 478
285 876
399 588
990 278
303 646
778 414
160 332
74 536
151 831
251 431
137 634
509 873
153 615
934 428
655 171
330 714
126 466
878 231
151 536
87 172
722 583
894 898
310 962
757 668
995 86
37 520
142 301
681 790
751 428
856 529
263 206
377 809
394 120
956 718
574 139
491 173
467 961
375 267
948 265
960 942
52 807
738 910
803 651
559 226
279 275
882 656
284 73
24 739
537 131
312 413
938 692
276 959
469 778
208 789
465 399
92 950
739 317
939 995
451 775
897 417
405 50
509 811
311 51
825 311
114 778
660 347
858 274
827 21
360 156
410 204
424 382
13 815
183 367
800 792
801 675
891 485
555 564
989 360
32 480
9 515
581 987
803 675
230 130
866 74
833 542
323 16
748 315
811 837
915 807
591 966
420 288
444 103
348 948
505 635
186 924
896 539
204 352
569 260
330 58
26 1
929 731
764 68
868 632
421 874
436 274
18 939
752 942
219 49
279 843
133 133
190 404
940 596
427 808
520 615
785 893
322 525
297 704
379 460
897 559
773 69
102 692
23 484
861 652
928 119
266 351
185 878
217 948
365 661
87 375
716 177
608 590
925 813
568 197
800 240
228 697
557 24
161 927
815 225
922 555
474 892
940 995
285 684
587 708
415 804
841 632
407 568
823 12
729 788
66 711
447 906
300 670
295 372
385 597
804 669
914 93
600 103
988 693
169 119
716 187
325 967
791 505
27 954
133 63
839 838
509 572
589 196
372 807
63 292
109 419
916 685
190 325
32 521
89 382
796 784
990 681
408 742
128 287
55 80
82 244
172 335
753 994
803 349
389 647
210 845
316 485
171 429
878 888
589 336
919 148
630 308
668 911
151 105
262 10
220 324
838 615
264 777
651 838
554 662
679 348
59 265
618 707
182 411
136 330
254 652
299 577
211 47
578 558
391 320
687 560
755 882
12 623
996 294
531 794
60 904
309 919
601 189
747 711
191 116
935 176
387 372
148 748
365 813
436 269
639 574
161 453
198 743
653 421
557 115
360 159
804 654
670 478
812 885
859 341
725 284
274 115
34 4
900 372
384 420
74 829
781 448
364 784
100 720
165 135
657 839
618 738
213 478
650 871
252 344
238 664
352 709
491 950
118 586
777 719
366 708
506 126
629 395
582 339
751 284
206 320
211 428
499 367
69 662
990 209
52 805
738 559
988 27
714 630
766 899
880 187
870 297
698 639
783 834
333 567
444 800
22 504
750 651
962 916
226 932
844 45
295 697
632 109
423 890
199 120
295 412
629 454
720 458
698 173
697 128
459 35
765 583
825 704
394 342
233 202
646 185
542 526
320 661
718 744
270 568
498 8
409 730
120 889
672 202
332 968
830 725
415 754
102 965
45 939
645 714
503 326
987 535
108 636
847 525
476 805
435 740
838 40
645 947
99 347
399 97
761 743
972 69
957 555
715 283
221 943
215 354
791 102
834 151
897 37
588 750
342 185
230 677
368 671
957 881
82 613
662 261
