60 238 30
247 389 1
293 832 5
265 606 4
104 650 6
350 873 1
940 567 9
476 728 4
477 671 6
892 197 9
895 906 9
531 51 9
449 447 3
377 273 9
874 128 6
892 295 7
24 667 7
143 833 4
300 871 6
502 916 7
537 141 7
286 114 9
989 16 7
211 942 9
499 484 9
269 338 3
469 769 4
25 732 10
527 305 9
653 664 9
467 631 6
730 116 5
599 934 8
782 86 5
173 499 9
77 999 6
528 743 5
367 213 2
639 41 2
345 430 8
777 361 2
858 353 2
517 524 3
726 803 9
559 394 9
615 414 6
419 99 10
117 930 3
107 537 9
881 822 2
151 42 8
326 371 4
521 779 2
735 837 7
836 654 5
751 465 2
358 29 4
907 37 3
224 897 9
819 809 5
48 555 7
166 891
572 78
27 572
185 754
407 747
6 11
414 59
865 926
903 787
417 183
165 254
353 312
190 491
436 51
208 814
163 507
660 446
444 835
763 310
282 949
86 856
93 109
332 899
306 790
192 711
212 901
180 992
458 52
263 2
978 367
259 307
431 16
31 7
568 127
398 180
514 214
953 906
839 599
268 216
868 762
713 756
217 223
275 279
615 226
123 185
449 366
311 935
356 580
701 736
161 42
812 654
12 986
468 141
885 683
250 658
45 216
666 678
884 377
946 377
48 900
769 144
999 230
850 825
916 963
439 821
506 928
709 749
712 986
60 878
179 313
753 358
377 29
202 384
53 841
768 745
712 209
722 822
820 300
60 242
538 976
673 128
735 726
460 401
589 828
899 249
52 843
618 412
990 595
10 648
23 55
802 326
432 239
796 871
949 243
641 276
191 613
914 615
441 464
50 236
970 535
828 312
733 715
902 514
606 241
523 126
893 724
247 681
16 787
106 585
419 283
601 348
198 419
400 622
913 244
917 456
977 304
213 577
102 863
708 830
367 205
807 526
872 484
550 662
932 957
949 408
904 91
450 742
949 363
246 998
952 654
403 622
928 13
563 449
390 864
583 435
313 41
422 527
606 982
134 172
408 381
645 727
769 18
640 578
460 514
461 393
319 53
19 636
637 210
632 566
928 610
995 218
474 36
558 225
463 892
660 10
895 490
500 624
283 193
642 428
55 756
523 517
295 337
887 279
606 698
699 685
817 109
760 129
609 787
72 957
432 223
739 543
41 952
386 16
499 30
205 356
469 108
772 463
348 354
775 585
945 271
975 421
405 700
509 323
231 725
508 342
378 565
303 223
727 616
224 134
317 2
368 254
263 820
626 796
229 924
166 869
98 470
447 298
352 48
521 470
385 849
936 672
425 696
140 901
524 323
173 248
219 254
132 219
117 86
562 461
937 865
975 779
439 271
736 945
997 164
730 672
597 422
582 712
815 661
81 364
668 363
799 578
48 254
643 551
907 679
929 728
383 681
67 58
249 898
899 667
973 607
402 83
948 115
265 672
317 883
444 402
167 758
819 711
546 496
