90 344 30
352 830 9
281 606 7
425 659 2
681 368 5
319 503 9
309 2 4
194 261 10
895 483 3
881 16 10
242 617 4
928 677 1
807 480 3
592 391 9
954 45 1
670 218 2
552 264 4
465 306 2
66 550 8
287 972 8
66 33 5
705 575 8
761 326 6
278 768 1
847 778 9
206 475 2
150 656 4
283 3 4
643 740 4
997 119 7
410 691 5
962 373 5
653 391 4
640 377 7
451 838 5
554 478 10
75 634 10
601 244 2
340 40 6
47 489 4
174 764 8
111 120 2
108 449 3
363 165 5
754 113 4
551 724 6
852 348 6
359 34 7
514 431 3
63 790 8
513 479 9
377 783 2
365 354 7
776 767 9
962 911 6
64 74 5
710 447 10
339 165 9
723 48 5
832 424 4
139 136 3
59 617 8
105 909 6
508 971 4
636 637 2
616 373 3
54 475 9
73 699 5
209 918 4
159 128 5
370 949 7
635 301 6
479 963 3
119 848 10
324 700 10
489 102 10
308 946 8
591 168 1
890 414 8
254 182 7
345 638 6
48 603 7
842 594 6
3 453 10
322 174 4
309 744 9
452 843 1
892 208 8
617 705 6
93 801 4
185 531 8
146 183
429 187
346 300
304 532
882 704
511 834
381 883
440 445
811 776
97 849
769 210
903 335
648 835
600 384
153 776
94 387
979 897
850 662
525 3
209 997
714 747
888 566
147 506
121 602
820 112
274 590
255 659
708 285
960 973
57 36
959 69
995 853
661 65
635 995
381 240
403 961
884 799
948 913
60 13
836 222
571 83
631 989
595 571
895 541
782 104
836 856
599 61
258 965
566 220
978 410
816 629
370 390
370 879
23 657
507 398
718 240
600 751
858 979
630 639
729 868
124 477
410 821
443 621
159 594
17 952
954 655
463 867
874 219
894 912
400 66
727 575
472 230
351 701
511 851
890 477
820 367
783 520
981 768
667 458
932 130
52 871
878 237
43 473
570 546
870 500
407 250
631 592
683 405
545 848
203 277
840 737
749 364
19 46
829 714
865 132
486 784
831 901
155 954
437 849
24 827
640 632
239 325
539 938
13 44
993 511
286 970
402 324
177 943
895 291
338 793
189 253
830 894
219 198
981 572
702 801
218 522
72 461
337 403
404 432
852 815
893 846
989 556
216 585
806 835
808 981
782 332
554 45
947 683
830 810
131 154
73 674
510 445
858 638
778 531
344 572
514 574
506 353
955 493
154 469
972 338
472 330
561 855
544 371
53 405
195 926
871 242
899 745
102 625
828 123
201 793
780 563
234 833
478 601
90 611
456 159
448 142
568 1000
802 582
925 45
192 565
127 144
572 693
578 555
95 431
728 527
680 504
540 839
24 229
624 738
664 360
497 447
406 459
395 681
830 993
931 904
428 688
304 47
172 371
175 661
690 18
122 765
20 936
554 845
273 481
413 306
612 635
704 522
340 378
111 645
210 889
941 939
37 81
112 677
922 579
584 469
65 827
346 861
231 239
9 446
966 474
507 757
484 428
829 776
277 380
936 422
59 529
635 324
923 975
94 815
392 930
249 175
495 246
397 850
907 87
785 716
283 644
748 628
602 817
337 252
670 401
61 380
572 20
710 2
501 107
306 167
488 895
360 849
307 851
505 474
768 992
102 649
448 168
955 774
161 793
62 921
54 950
1000 975
327 715
961 296
828 775
567 357
470 792
611 243
409 476
705 934
109 5
398 218
3 653
783 165
125 157
127 583
807 451
319 130
446 235
288 909
349 613
403 835
2 215
817 478
88 910
369 579
960 164
970 550
609 505
139 534
175 868
976 647
77 798
476 749
422 719
163 432
773 981
256 617
604 875
909 797
953 270
411 598
86 833
759 709
905 925
937 701
115 423
903 936
125 683
469 146
899 914
863 68
170 848
563 818
360 41
768 139
582 388
353 302
278 834
456 216
875 644
629 714
235 378
487 555
139 465
925 548
378 530
732 52
696 691
180 968
974 572
561 462
72 355
649 298
435 316
191 517
533 311
757 489
877 869
569 933
412 45
548 354
72 448
586 790
562 27
272 984
30 651
980 449
419 345
667 208
698 495
86 226
34 392
749 656
587 918
690 188
10 351
771 399
656 262
866 758
764 340
782 165
135 242
320 432
216 873
575 152
959 256
706 28
627 197
