10 47 30
4014 4354 20
1061 4787 4
4909 3461 26
704 4406 26
1716 2643 18
852 1657 5
1985 4697 21
2331 826 8
2999 2471 3
526 1935 8
2711 1864
4726 3138
847 829
2244 1619
1004 4296
156 4583
598 485
2209 243
1798 4430
3346 3570
3938 2616
305 3994
3466 452
4280 4783
4995 3654
3155 1617
940 4438
4420 165
1796 2212
3103 3192
1112 993
389 3499
4377 3950
249 4906
40 1950
909 4178
3804 3054
4186 1524
3815 3732
2379 4240
4813 1631
2266 2437
523 3810
1597 4299
1721 3900
4842 4611
33 2208
1215 421
3091 2352
4428 3129
2880 564
4932 2281
4614 2860
4087 2464
3414 2904
1128 3322
3295 2029
