120 1150 30
2888 2144 30
4116 1288 28
94 1029 21
3752 2196 1
4916 758 9
2639 237 29
575 1317 5
3214 3635 29
1281 2165 22
2129 275 2
1610 4263 14
1909 569 25
1017 3451 22
4016 4035 24
1367 4998 6
422 3889 15
1304 2431 10
173 4340 12
4340 3575 2
4994 4053 13
1804 305 30
3280 2742 21
907 2116 15
4940 3471 25
4609 1463 28
103 1078 8
2104 1481 9
2405 2341 21
4054 4256 17
856 3707 2
4855 1785 18
790 4158 24
384 2642 14
2583 618 20
4911 1200 13
4289 3843 4
3177 4780 20
3614 175 7
426 2458 8
2849 4480 7
96 3346 3
2313 2855 20
3129 4209 24
3616 847 21
4973 2032 2
70 2192 10
2371 732 26
2575 4958 17
955 4689 3
4600 4446 6
4232 3396 12
2859 1101 30
485 4063 25
4440 3200 7
2873 201 3
3703 1558 5
3852 3904 7
13 3470 13
2879 998 19
718 1700 16
1631 4831 21
1960 3263 25
859 1443 18
3832 3012 22
3935 1898 8
4922 303 7
4216 4570 22
4609 2126 23
1808 1101 9
3801 684 6
3322 261 4
4362 685 11
194 2980 10
4483 4793 22
884 1808 11
1768 3299 2
2320 4001 19
1897 146 5
4082 2396 10
2657 3872 6
4411 3276 14
4145 3331 2
2937 4520 17
752 1109 16
2409 4264 15
4716 3045 17
3651 4656 5
1353 827 13
1292 1482 8
1352 2574 17
3938 4575 10
2864 3326 12
4662 3501 29
2940 758 2
3574 2216 24
736 2849 20
4950 1251 12
740 3155 9
455 4031 28
3177 4921 4
4554 1109 13
4462 2469 15
2195 2509 25
3723 4927 12
329 4782 30
1678 4632 5
4073 3750 2
3786 1810 25
2556 3001 8
3338 471 27
1653 4952 5
695 492 12
1995 3474 11
4499 1299 20
3195 4564 7
4908 1815 15
3516 2678 16
550 398 12
1461 168 18
1130 3349 11
1419 656
1870 478
2588 1459
331 3021
1124 29
3791 709
903 2791
654 2629
4087 3074
185 3611
1362 3277
1965 4339
4772 4169
4393 2804
3721 884
4427 1025
943 75
3508 1461
4832 1006
220 1083
4906 4074
4765 3332
1673 4284
3708 4720
3457 1098
1742 2841
3058 3396
2063 3426
4957 1383
2170 2522
321 4408
3761 570
3421 4334
2780 2261
3945 2416
3218 3416
2136 233
1399 3047
3774 1249
3414 3605
2903 2005
210 4988
4058 987
2983 1271
3547 55
463 1578
1982 2567
260 3164
3253 4893
2473 4028
690 3307
699 1864
2589 319
2745 4875
2507 1400
4704 1630
1608 380
2993 3189
1121 3225
4445 1227
539 4801
3309 1619
2010 2617
4585 3609
2848 840
2565 4313
3540 1709
4249 4169
2819 1453
656 2499
2276 3209
4152 267
3413 1918
4616 2387
39 200
1798 2157
3795 82
4849 2969
2728 4488
4285 722
1538 98
1805 1212
2524 1862
707 4757
4532 1602
3735 2081
2612 3678
981 3713
4676 1421
4126 1859
399 4626
3810 2669
146 1572
41 3203
292 3794
405 3783
1806 3431
2038 2996
246 1831
4036 27
875 558
3936 2086
2717 4444
291 3064
1264 969
21 537
181 1688
2242 3643
4756 2697
2703 301
1301 1236
59 3366
4954 97
772 2252
4178 341
2774 3932
2535 2895
1919 3043
981 2315
4982 254
71 2492
452 1294
936 2873
2366 2749
4618 1280
2688 4820
177 1268
257 2845
4125 3216
149 3722
3674 3602
2127 106
3643 3719
4318 4884
4029 4820
1721 1765
51 740
2071 3600
1654 3325
3935 1830
2298 1297
1776 828
3958 2689
3649 3393
4974 2133
3911 1458
4638 1938
4081 4991
2126 2127
2676 4991
242 4593
2537 4390
2908 877
3670 1859
2495 1077
2438 4622
3340 3202
491 903
3256 204
461 300
2534 1136
2536 2238
3934 599
3142 1355
511 1742
4112 3785
1963 4673
4764 3601
1851 1977
2005 918
3585 1168
4008 4202
1147 3297
4386 2137
4728 333
2866 4269
4042 1747
921 2231
1137 373
3035 719
431 1512
3836 2560
1629 2692
2463 2671
1210 4863
2314 1874
4838 3796
4168 2155
4033 1532
2687 4277
1101 806
554 1980
4588 478
4431 1546
2630 3403
2660 3985
1116 356
3226 2367
3038 2828
3244 705
2881 1113
1642 2688
4173 822
1899 4246
492 3525
4678 1509
3244 2414
4578 2297
3040 426
319 3151
4234 3739
121 4433
1362 4056
3698 4898
3140 4821
1494 2052
2398 764
4814 4542
4585 313
4445 3278
1490 410
2176 2928
1858 4039
1496 3610
2471 4982
286 4078
4250 1507
254 285
407 2566
3436 1064
1989 2279
4654 3984
2774 4551
1227 4136
4316 4816
3464 4888
1525 1352
2274 4138
3542 3428
158 2781
1782 4087
1386 2256
2502 4282
1003 2177
1997 3575
996 767
508 3723
3260 1423
4803 156
4934 3662
1075 3296
89 3729
948 3056
3220 3911
4455 4422
4275 4812
1540 2093
1570 3219
737 1494
136 4354
4956 310
738 3260
1233 1147
1328 914
659 3579
3325 1336
2720 3097
2066 1219
4344 1291
3188 874
3282 1030
4953 4612
650 3501
3995 1591
704 3973
2337 3295
3322 1722
2063 4869
1965 3628
3445 2418
4268 3076
3018 1690
1407 4219
4337 1958
4080 1373
1899 3762
3847 430
1155 1520
4272 3935
3840 1921
2191 3078
2538 3513
1606 2852
1054 3048
4856 1946
1187 3711
3059 2880
3451 1099
3717 2345
306 1937
507 1788
461 112
3242 2016
1657 4757
2127 3704
4783 4020
4182 3961
4598 3348
3145 3592
2175 3424
1221 1630
2031 3937
1579 4594
2312 3584
964 1114
563 388
674 4548
228 351
4455 881
4934 216
1162 1558
4396 4636
3290 1312
1269 183
4625 3997
1887 2903
4152 1958
3905 4234
3807 53
1072 3179
3001 4319
4643 1770
4855 3836
3602 2633
3605 340
7 3989
4518 2113
530 3782
1487 1512
4425 986
1273 4540
4406 441
2752 329
2751 497
2677 739
714 2064
4800 4079
4121 1935
2908 2741
4374 2871
1317 2385
3304 2854
4568 1034
4057 4822
4300 2225
2822 649
2818 487
243 3705
4089 4348
610 4056
2965 3182
4286 4918
1434 4740
877 4177
3118 42
2191 3370
1016 2347
1346 655
807 4825
2899 2310
763 1543
2495 4049
2072 4392
4207 4072
1593 2844
1947 2669
1170 1645
3720 2655
1948 2995
2312 885
4272 1163
4210 2403
2551 3273
2042 382
119 1327
4554 3044
1840 3981
1839 4844
850 2368
1254 4659
1504 3883
2306 2201
2881 815
1462 2903
1879 2869
1302 3168
459 4599
1774 1671
4375 494
3246 4479
341 4917
64 172
4223 540
4224 1368
722 4330
1654 1665
3759 1548
2276 3391
4453 4029
4583 3677
4032 4464
355 770
4443 4441
351 4531
413 4200
4455 3332
322 2825
3334 1229
2706 4198
891 2019
3479 1039
2463 2985
903 1115
325 3163
3568 2539
60 93
1741 2253
1984 4303
1977 1241
2478 1421
396 1036
2804 1994
204 1282
869 727
4412 1543
1553 4457
2861 33
1778 67
1022 2021
3651 3301
2167 4537
2126 1049
3938 3084
1667 350
3368 4758
4385 369
55 1041
2291 105
393 4961
1155 4440
2534 3662
2954 3297
1583 1294
4289 1460
223 3828
203 2373
104 1922
660 4186
2614 3338
4103 845
2570 169
3526 4692
3990 219
3600 1752
3392 4496
830 1717
3367 1125
3024 3227
1764 3113
121 1089
997 4337
3590 1213
2557 575
1751 1538
371 2127
2473 3873
2232 4633
1125 175
3923 388
4339 1354
3527 1144
3178 919
1599 556
2345 3800
2203 3824
575 2295
1113 2333
4617 3810
1739 4856
1917 4743
1807 2762
2959 1700
555 3523
647 1082
620 4571
3844 4524
529 1128
4464 269
809 2284
1652 84
2882 2534
1341 436
4032 4322
4415 4968
1398 615
1391 4378
500 1355
2811 3042
3880 2667
4066 3512
1604 2420
4927 351
3756 2665
4227 2653
1156 3459
615 2117
3192 2381
4589 906
3181 4017
1818 1041
2262 3992
1699 674
3177 3842
4418 2277
934 1143
1308 250
1959 1260
2677 345
416 4914
3068 4108
3989 2521
888 3225
575 1464
3870 39
3219 2431
829 1799
3863 4306
4632 2462
949 3384
3984 4209
1424 334
423 4185
1109 1539
1346 3490
3168 2080
1675 2107
4764 45
3777 1804
4601 3291
2575 2143
182 2496
1471 4535
2471 1338
4515 205
4984 1933
4131 1969
4027 491
326 4441
976 91
1740 3402
4603 2472
191 4886
4514 1560
3225 2346
4357 1793
4242 2213
4131 3244
4344 3135
4294 4237
3899 4333
4898 1900
3548 3006
3535 2053
223 4257
1706 2938
643 794
2589 2087
2505 4560
3398 1183
2314 534
1567 3585
4073 1927
4888 4304
3796 1082
1731 4781
2261 2303
1811 1571
3446 1083
146 4844
373 4817
4236 3649
2888 3939
949 4133
416 3945
4255 1845
2183 84
3860 2224
2232 2719
195 2894
3849 2675
2468 822
2270 3079
1546 1663
1352 2131
895 2242
3485 90
2457 1240
651 1832
1318 4743
1398 1645
3605 4657
297 4476
1652 3594
150 907
3350 3765
2602 3949
4814 4882
3763 2867
2442 4628
430 2087
2824 1858
1388 3781
2 2627
1107 2179
2933 1219
1071 2377
822 3464
343 829
1362 1789
2481 4528
482 2349
3964 2182
1051 447
998 2566
1547 3178
3820 369
880 2919
3350 737
2759 3042
3845 2358
299 424
4037 3874
4965 3569
2009 1281
2657 2788
3050 3370
4292 1318
454 526
1725 513
4481 84
1173 1608
549 2184
2649 2462
3920 2237
1331 2040
2953 2802
1432 4779
1256 3434
2399 4127
1675 4550
2694 122
1810 3309
1066 4487
2798 3553
3411 2360
3001 4
514 4939
1498 2267
567 2411
967 2123
3514 1819
2097 1843
3416 3184
1399 1838
3126 655
4189 1723
3235 2901
1133 4813
462 630
537 4217
2861 4220
2148 211
4884 1160
936 3752
3570 3336
1563 2464
844 1191
3702 3688
2485 1518
3075 4023
1972 1590
31 2397
3674 2238
897 446
1698 146
1698 4015
589 345
3091 2329
3677 849
1145 3365
2384 173
1652 1787
987 603
4385 470
581 126
4980 3017
1617 971
1182 4086
758 2811
2552 3593
3480 3334
742 3406
4094 1688
4776 3957
132 143
1549 116
2906 4976
253 4658
1835 4488
4352 4744
4732 100
2805 2824
1578 580
2276 402
3390 4194
4053 4626
1632 4014
554 2322
35 2774
2986 827
4445 4840
902 4485
3484 4571
2824 4315
2561 463
658 1882
4278 1968
2989 4622
768 4158
833 2991
4514 4675
4306 60
1170 1438
2756 2284
1044 2437
2942 1361
3730 3564
1805 4941
644 183
3447 4653
3777 2135
3873 4497
2238 4650
1106 869
2304 2465
393 4965
1330 2005
3960 352
2726 949
2043 3961
4295 2503
3176 4116
4543 2278
1995 3238
4554 3039
1671 4669
1029 4031
3715 3037
1800 4563
2176 2229
912 210
4356 523
1708 3922
2302 1199
4807 908
4590 2700
4336 4094
3365 2243
1259 2187
4997 777
340 954
3932 3873
1142 1302
3505 3906
3648 1887
3182 515
1517 4677
3523 764
1119 4519
2449 693
4639 2536
4965 137
4333 995
1103 898
1589 1419
482 4724
1247 271
1063 4753
4190 4300
293 2482
3335 3201
1513 4281
3544 3191
1685 4498
1854 3816
3745 2686
386 4233
3873 2372
4616 572
4646 402
4768 4364
2317 2555
1152 3980
4896 356
4393 1580
551 934
3046 112
1211 1357
4804 3936
3171 897
3808 2240
4877 3289
2632 3139
1633 4043
1253 60
2393 1373
448 1715
1973 3942
3072 1987
3929 3785
1250 4365
2558 2537
3462 1394
609 1572
1610 1582
416 1352
2248 2491
95 3447
3903 3819
337 1812
4356 747
1080 1432
3718 505
1307 2579
1932 2067
1808 341
4912 2440
3611 4257
2782 297
1422 2855
3777 555
1499 3718
3170 489
133 3467
4887 4810
860 3744
3120 3170
3126 4401
4582 1008
1518 4688
271 2581
1187 3808
149 2533
3777 3769
757 3642
2007 3205
4979 4784
4236 4124
562 854
3948 4107
4935 928
1261 4182
3314 4455
417 1843
630 4614
3277 4861
3727 1460
2585 4289
1827 1225
1647 4417
1081 583
1596 4406
534 1294
4051 2727
869 1480
2339 390
1806 3188
1086 37
3727 1310
2925 2518
1573 1645
4457 2627
396 1623
1574 4240
4992 960
2109 48
2963 1630
715 1116
3166 473
2814 4930
4354 3345
4085 3071
304 3015
1870 2730
1721 3002
2441 2828
2481 1670
2904 439
3027 244
2382 331
868 1099
4570 765
4618 3404
4180 3562
2454 3100
994 1396
1268 3095
1779 2496
3240 4711
29 4553
482 1299
3783 4948
1684 3691
534 1152
712 3366
610 163
3221 1739
1590 887
1000 3223
3084 4272
3303 2082
3187 3407
4658 3632
252 1053
149 24
2681 553
829 3086
4194 903
1242 4548
1341 4599
4903 886
1075 1510
3172 4072
2439 3324
1180 618
333 839
2652 2998
1073 2992
633 1673
74 463
1904 1067
4758 2623
4801 2736
4098 2119
2680 3914
3716 710
1412 3935
2593 4574
432 1369
3951 913
36 4577
2968 239
1755 1571
4450 2586
32 4109
2811 2596
3860 991
4595 2070
3271 806
4897 4997
4774 3156
872 1577
1954 2723
4691 4568
800 3358
824 1734
442 3650
2041 1824
1155 3142
827 2554
4110 106
3074 952
2399 1425
2437 1562
4081 2352
2411 1172
4637 2175
3144 2171
3081 520
4801 3112
2203 4951
1564 3323
238 3164
2341 3149
2136 2931
4856 740
3177 603
1016 1292
3011 3295
3106 231
1097 4877
4630 4431
712 1486
2300 3018
1627 1609
2666 3342
3162 2260
4994 4227
2996 4912
1406 3199
3187 4174
3007 4399
2974 688
2448 4613
2392 120
791 465
2943 3821
3917 2125
3624 4733
814 1720
3241 2426
784 2022
3099 2628
2723 2736
4944 2124
4624 1548
951 575
4782 172
3229 1281
410 2323
1327 1559
1688 2510
589 2534
2666 3966
3872 38
4573 679
1028 633
1308 1495
3384 890
2153 2249
417 3674
3595 4205
1083 262
4266 1044
3013 1764
375 2708
3392 2911
2151 1684
2337 1639
4127 2270
1601 1613
681 927
3983 2680
2985 435
4222 224
1901 2438
4333 1986
2632 1424
3530 2305
2426 246
1713 4662
1621 4597
3133 3802
2229 3742
4635 1663
3702 1810
2054 1226
4617 609
1136 1985
106 1146
1793 2803
365 700
881 372
1312 921
2264 2519
2734 4198
295 1642
739 2953
950 469
3972 4286
827 1804
1328 4743
2645 2084
3497 1782
3979 2664
1161 356
1172 4970
4988 2623
3343 4837
4544 3676
3123 554
516 591
4697 2984
1872 3915
1032 3010
4078 4625
2879 4559
2075 4245
1137 4919
4512 3132
2599 3863
2837 2791
1182 3827
877 4646
2698 4133
4192 4347
3026 393
1368 3722
4479 60
4282 3893
1181 1274
846 1873
1397 3496
4185 4594
1551 2816
3979 4520
1805 4509
77 1153
1183 2278
3879 3939
4105 4127
4002 603
3498 803
3842 4903
1827 491
3142 640
3495 498
4699 1150
1062 4173
646 2844
2556 2837
4552 1556
2511 3086
3108 4871
226 2851
2758 1509
1879 111
4805 4750
2030 1978
4373 4152
765 3356
128 3359
1483 3014
4327 509
2991 975
982 205
4486 4279
328 4028
1856 4063
1716 430
