40 376 30
249 708 8
572 279 5
131 333 11
507 958 9
80 673 15
65 461 10
537 136 1
677 194 10
164 655 23
728 291 9
761 176 11
246 455 30
355 576 4
454 6 2
144 633 5
270 259 30
84 485 6
796 628 14
877 349 16
187 9 24
619 716 26
192 166 7
243 900 13
960 391 13
936 144 3
964 816 22
864 402 18
869 893 8
768 371 17
112 975 1
120 739 25
577 555 3
567 780 30
166 852 12
134 547 27
771 89 25
318 36 19
300 519 6
892 570 16
819 63 29
688 912
903 14
435 688
73 852
752 183
353 527
266 752
546 293
748 211
972 328
219 896
813 653
121 171
374 153
615 366
809 369
889 389
315 257
494 75
914 996
748 399
537 566
381 636
652 960
59 570
504 655
985 840
779 723
728 274
116 353
509 150
735 214
394 210
460 505
501 273
528 185
620 920
257 341
638 764
361 673
815 384
565 691
61 932
576 462
706 965
176 849
960 207
29 835
175 739
523 993
243 77
307 821
301 438
842 875
42 685
857 55
578 168
32 217
393 289
268 874
439 787
252 856
776 307
262 814
596 383
298 129
777 949
564 222
592 701
862 631
354 224
308 173
658 441
987 114
928 170
834 392
626 808
173 226
412 63
517 646
782 980
443 592
128 878
318 35
154 912
37 156
735 379
395 943
999 900
38 713
487 250
351 90
779 205
558 765
375 860
125 586
619 434
359 422
361 470
672 723
558 101
210 947
827 983
183 732
407 416
976 861
212 163
946 615
161 625
402 781
772 727
38 183
316 145
233 493
848 842
343 372
778 15
98 589
484 191
31 165
438 992
951 815
144 568
848 394
727 846
382 515
813 666
75 545
526 566
736 129
17 683
179 477
542 180
118 922
216 487
714 307
255 264
65 484
715 493
686 22
483 144
337 285
174 120
22 838
823 679
524 727
927 908
880 659
664 682
604 67
226 899
172 410
251 821
464 808
902 121
909 363
609 86
411 127
666 857
293 36
737 355
915 142
239 807
271 868
165 471
296 175
443 448
444 37
511 994
582 309
818 647
145 507
314 97
376 968
323 671
656 229
994 588
370 877
725 510
669 868
807 879
645 953
948 615
121 71
531 906
402 997
239 866
805 943
983 557
891 567
359 114
896 312
773 78
247 214
901 850
863 343
867 166
843 899
352 249
433 827
106 182
589 304
699 770
101 455
144 997
255 112
634 988
484 407
11 19
595 995
114 105
343 608
955 984
534 435
958 208
805 139
507 561
706 219
100 498
656 144
251 898
147 355
338 472
630 694
900 376
962 281
807 114
983 33
114 469
257 540
433 700
538 821
838 996
147 471
170 27
377 184
553 805
625 663
323 889
243 363
899 504
83 201
559 422
973 225
408 843
145 67
614 329
489 744
518 501
116 122
501 801
432 298
658 307
623 157
757 524
884 819
24 444
37 677
845 610
488 342
159 264
873 410
436 271
459 92
634 936
932 194
833 746
621 3
662 954
494 589
80 788
330 549
806 381
305 461
508 782
137 282
796 707
852 525
562 692
429 560
744 769
106 901
864 95
234 150
368 309
284 520
508 876
245 410
209 453
157 111
788 862
626 419
143 790
559 493
773 180
43 721
5 857
64 170
837 743
80 633
9 996
94 346
484 822
365 858
38 930
192 484
602 627
942 310
614 401
682 327
582 618
413 140
651 538
496 246
325 261
24 473
630 594
742 232
358 706
913 235
285 718
619 488
418 281
942 628
23 72
77 393
453 557
352 672
387 942
744 394
903 353
119 889
520 154
727 629
644 786
542 426
251 757
992 66
716 738
576 908
718 117
841 889
28 718
844 59
67 707
717 557
121 419
489 264
559 752
713 275
993 622
623 299
581 735
205 337
419 568
10 169
222 822
193 27
378 932
853 625
376 626
856 635
23 20
190 859
312 270
723 217
241 950
913 595
98 461
257 61
815 803
385 826
66 246
176 331
248 156
135 899
