90 886 30
810 494 21
589 905 16
996 175 8
580 255 10
103 992 29
870 277 20
681 918 7
212 443 7
751 350 6
417 589 22
405 528 15
740 86 20
167 357 20
161 365 7
831 362 15
111 445 26
664 226 13
198 677 27
65 31 11
755 612 9
285 270 29
568 708 19
832 990 3
125 481 3
659 856 24
216 678 3
993 143 20
737 360 9
719 798 3
405 467 5
209 39 24
746 793 11
565 238 22
655 611 23
285 3 7
594 867 9
669 711 22
614 243 24
439 484 14
761 328 24
374 841 5
728 520 30
438 807 22
780 79 7
211 996 21
353 969 26
994 758 11
775 376 3
55 871 13
359 438 17
695 389 3
138 228 28
200 850 1
248 695 20
413 41 8
858 242 11
890 382 1
777 40 16
897 117 26
343 799 27
188 671 28
24 370 30
516 273 8
993 723 5
467 672 3
153 370 12
508 876 12
817 145 15
37 148 8
457 152 3
484 490 15
685 315 9
466 411 27
368 8 17
722 375 20
418 592 3
242 21 3
348 976 22
280 483 19
164 531 17
139 782 10
201 749 25
929 357 5
938 710 13
715 881 11
926 556 9
840 660 9
756 221 29
26 865 24
859 232 12
891 233
403 167
793 428
670 609
697 214
642 809
597 689
838 348
581 60
790 401
551 535
573 253
441 963
543 601
701 468
354 403
136 450
685 359
833 791
391 573
691 881
19 624
924 188
984 235
749 905
102 641
270 364
446 745
213 852
356 470
641 764
560 685
63 392
121 411
624 680
107 165
239 742
778 385
763 557
124 436
178 289
594 237
6 615
990 470
34 746
94 691
160 899
370 222
147 347
577 875
909 767
724 874
621 750
512 486
277 166
515 200
928 991
804 493
41 944
328 860
327 242
854 165
857 202
8 299
999 989
287 905
359 666
893 808
985 972
391 779
474 766
430 576
803 889
660 24
453 390
191 816
710 379
606 760
336 788
170 279
877 610
30 692
261 429
653 709
830 494
602 365
334 422
423 516
842 118
900 166
108 199
462 853
987 739
710 178
616 935
586 303
193 461
339 548
427 717
904 811
458 356
998 366
557 809
666 737
906 881
363 887
13 26
650 316
352 377
700 40
292 614
447 182
146 884
197 919
534 585
954 459
154 863
812 923
804 661
367 665
556 528
171 511
609 201
956 509
390 201
921 631
109 878
720 734
236 749
258 201
389 976
942 929
66 517
47 46
646 433
313 371
243 672
380 476
510 768
893 41
353 614
632 32
896 361
430 988
665 55
787 9
883 938
311 398
819 905
836 283
894 604
900 405
333 583
661 544
660 882
971 103
573 142
708 950
107 33
54 117
534 533
659 371
877 786
654 894
801 182
533 302
434 872
232 430
256 513
248 549
827 474
897 494
900 559
388 493
135 426
736 950
499 59
575 784
234 800
269 753
978 140
301 6
685 137
489 815
994 202
481 181
240 689
853 32
402 378
785 271
256 201
179 31
932 104
681 749
521 646
485 219
67 440
848 617
944 985
861 889
84 353
837 940
779 982
736 713
327 550
102 293
22 727
465 85
458 1000
981 935
529 344
710 641
102 467
193 960
56 901
226 198
972 977
829 342
995 347
626 716
385 253
454 394
632 659
343 719
937 264
575 263
146 997
856 803
592 251
149 71
139 761
88 169
373 255
205 134
884 325
389 532
828 818
819 911
82 68
946 240
468 948
259 565
452 370
881 301
683 800
279 930
928 881
630 983
515 512
603 902
47 304
188 365
389 899
869 543
181 792
907 128
621 879
452 36
365 567
70 447
750 595
207 569
8 332
325 629
45 299
499 827
303 149
801 725
231 667
129 614
44 46
976 162
964 193
639 346
615 221
629 757
477 708
385 293
683 511
302 145
2 304
896 362
586 830
71 237
122 319
96 164
648 81
321 890
630 979
731 373
899 880
795 615
810 528
689 478
336 125
768 475
775 721
687 535
784 623
34 991
666 297
648 633
454 347
151 145
301 93
761 150
565 984
199 686
377 93
659 649
933 743
182 624
431 311
885 617
927 309
871 586
527 716
369 283
976 846
271 620
347 912
196 896
881 97
298 262
18 517
912 551
202 483
258 923
80 965
96 994
902 282
883 722
870 450
345 174
622 714
720 778
174 722
194 451
627 506
388 709
401 841
134 220
661 641
618 664
728 605
459 719
107 132
732 499
196 797
170 239
773 114
836 897
18 332
216 126
847 990
524 567
115 551
116 778
407 526
219 859
635 558
865 533
364 983
268 346
447 17
301 157
422 31
931 616
54 904
814 155
521 239
638 66
501 4
625 558
293 4
183 842
202 780
239 500
881 495
906 775
339 964
739 876
821 296
145 176
695 356
828 128
554 609
135 771
478 633
837 4
859 486
928 537
838 219
315 866
491 16
192 284
639 617
523 445
403 133
44 647
511 434
983 768
129 936
818 422
438 539
636 92
697 52
610 781
560 139
402 733
405 294
43 530
538 12
62 677
55 763
199 136
478 152
2 103
610 818
418 743
578 287
120 260
29 377
877 669
232 32
966 478
166 33
573 551
336 658
65 184
758 874
176 96
771 572
126 274
364 450
626 774
617 690
846 212
793 791
833 347
241 85
860 837
727 288
262 778
420 523
229 292
571 464
962 697
320 985
366 649
149 616
179 389
398 667
619 12
875 236
374 513
514 817
168 353
523 879
391 115
960 260
505 802
962 502
686 376
7 160
669 436
502 592
1 172
592 487
137 854
368 562
50 243
830 670
459 881
114 805
495 276
442 45
532 699
176 361
913 639
25 744
306 775
480 72
240 248
375 62
426 784
762 61
103 967
107 225
674 938
942 188
310 864
178 559
765 560
723 270
45 873
989 747
111 666
866 849
332 525
136 224
232 436
893 670
388 9
798 666
527 276
467 566
51 446
227 694
58 605
217 455
298 905
440 964
502 30
603 681
638 768
273 311
545 476
856 815
497 275
737 979
575 267
497 661
830 928
640 666
484 2
817 344
102 607
838 509
730 644
451 462
934 139
824 879
397 64
859 734
403 955
102 677
511 371
282 625
292 446
318 775
27 832
826 759
240 610
490 28
428 130
676 111
568 750
167 74
3 2
988 286
208 464
228 400
244 15
568 872
849 790
718 317
228 74
231 521
499 163
819 287
795 294
763 237
486 377
136 413
223 105
827 116
222 363
267 281
857 390
543 943
862 227
121 135
913 895
804 395
460 135
593 101
424 659
853 41
720 67
321 496
794 747
432 27
571 424
383 139
101 713
882 400
461 893
637 358
116 925
595 260
628 26
681 909
255 539
234 951
749 844
459 273
751 311
535 499
102 41
813 790
691 326
243 753
759 161
764 988
863 721
863 415
545 945
362 110
93 606
380 838
160 557
798 309
130 731
95 678
576 482
833 2
633 684
186 898
157 302
851 594
812 174
869 645
124 282
983 719
385 205
859 878
533 749
74 354
734 158
837 594
396 595
380 26
568 915
401 451
502 8
41 719
172 341
84 912
147 520
897 638
164 315
857 53
665 349
407 254
891 340
727 412
978 181
285 673
268 851
202 812
479 945
615 153
12 48
531 846
328 991
147 481
450 185
410 865
766 557
758 699
507 744
424 730
277 424
686 123
894 905
408 707
880 191
584 773
103 206
181 870
248 572
500 598
940 955
123 345
706 544
154 791
555 164
306 267
445 995
75 811
289 320
68 730
220 168
691 585
533 286
665 450
123 41
286 430
966 908
472 110
798 624
629 396
513 369
973 21
893 876
823 149
151 62
774 918
181 990
811 153
196 731
711 254
714 235
624 237
793 23
791 191
202 139
523 723
558 511
151 431
737 111
159 143
985 887
489 829
413 536
453 755
741 879
447 477
197 815
566 118
313 587
35 586
506 87
125 288
160 776
258 348
767 727
987 145
210 918
994 429
809 693
500 408
71 488
825 689
398 203
61 577
192 12
823 366
989 363
867 633
594 425
282 102
377 797
252 303
738 646
262 228
635 800
977 51
464 655
714 314
616 609
757 375
192 641
649 897
40 577
228 49
835 619
214 447
506 902
920 534
575 549
746 182
47 104
147 564
475 8
360 735
4 704
331 558
629 111
839 271
399 486
656 42
985 264
734 192
151 148
927 394
134 352
800 750
14 112
915 392
390 296
560 714
31 737
51 482
268 813
544 251
407 48
668 958
956 530
883 510
371 42
223 154
307 776
849 642
825 637
536 332
164 474
356 707
974 563
499 354
68 569
71 923
707 407
547 899
931 647
817 774
900 897
429 906
596 378
622 534
282 528
407 927
974 175
818 380
894 171
167 25
79 89
348 604
588 257
117 694
201 946
787 28
293 420
843 758
80 533
68 529
224 538
444 44
517 629
460 206
852 760
505 592
934 678
607 674
825 138
640 671
126 946
400 36
281 457
918 379
526 389
662 399
580 661
735 169
560 68
740 470
400 2
929 530
878 857
410 92
471 162
129 978
192 493
263 123
580 725
575 666
782 864
439 976
642 714
78 927
773 147
254 289
725 747
587 845
886 161
384 107
994 809
880 195
341 615
595 661
31 893
840 242
267 103
921 142
234 865
886 270
877 451
82 210
477 598
371 884
957 1
107 462
198 915
352 184
113 516
