80 938 30
582 145 10
251 479 15
820 604 27
332 142 4
723 824 11
152 263 4
968 117 2
477 548 27
452 912 30
246 619 3
958 165 14
319 787 15
192 702 12
524 144 27
553 959 16
778 827 20
535 92 20
880 492 25
40 718 19
912 433 24
338 900 7
766 92 11
571 358 19
393 583 13
766 745 8
607 367 9
234 408 18
361 844 26
592 312 24
730 251 21
104 841 18
512 726 25
995 831 27
726 901 19
448 338 29
456 100 21
434 389 17
631 557 22
193 880 23
812 397 23
981 260 29
990 940 9
574 334 25
579 252 11
883 529 30
363 483 28
604 95 12
39 718 22
179 5 23
937 745 27
454 585 3
509 59 10
44 751 5
685 850 20
455 608 3
423 656 15
367 540 24
142 588 11
521 404 13
354 248 23
942 97 11
809 676 7
473 321 23
901 441 17
468 953 24
664 790 19
86 209 20
578 461 29
210 535 18
619 123 12
566 243 9
139 608 6
822 844 14
868 609 29
36 918 23
956 37 23
18 405 26
696 894 13
554 915 28
398 53 5
7 609
674 118
544 257
813 572
563 908
334 251
71 834
51 824
38 179
363 192
904 244
185 299
251 914
425 466
284 349
211 721
250 790
478 334
19 734
791 261
385 161
28 89
469 412
236 94
219 252
303 666
949 968
300 182
98 607
775 352
436 448
557 280
732 877
1000 298
268 628
12 643
85 261
859 65
203 38
531 390
767 634
679 294
566 991
328 358
526 765
932 919
346 763
925 239
752 571
258 539
481 186
713 499
291 21
57 441
631 302
20 127
869 91
178 590
856 777
412 980
430 930
139 621
988 942
806 859
997 251
958 649
320 334
636 208
829 413
275 579
211 729
987 252
651 569
415 132
728 368
136 151
136 461
351 760
888 724
318 340
385 678
304 523
947 586
994 739
172 534
874 882
808 245
819 693
387 540
290 188
215 278
220 589
644 167
591 372
351 208
967 700
857 960
883 333
998 57
844 688
848 174
476 895
391 963
134 985
166 416
289 535
116 69
69 420
458 857
651 821
299 327
200 602
437 334
390 510
895 958
541 582
606 645
591 207
533 186
320 825
407 259
793 957
932 501
276 600
778 541
994 187
508 659
767 416
436 810
36 275
4 642
237 826
841 239
101 128
534 646
571 304
957 52
353 949
521 318
776 893
388 801
929 814
990 262
834 992
164 498
624 327
157 773
530 104
854 829
320 541
483 491
20 290
214 815
307 150
334 446
626 759
22 789
533 991
503 202
423 738
594 624
333 609
886 526
671 899
62 468
269 489
247 27
221 761
172 577
994 866
458 813
127 457
104 137
651 613
445 907
586 480
973 825
805 959
755 200
594 280
745 442
309 497
363 68
928 156
795 40
936 636
991 785
161 338
4 988
257 368
933 254
917 75
881 632
739 146
70 460
977 698
639 164
337 57
354 943
461 945
425 175
258 753
535 828
151 116
769 847
128 788
262 250
883 644
491 933
38 787
614 185
233 170
232 356
17 32
352 676
684 512
968 613
715 790
629 538
112 718
784 253
919 13
895 542
171 957
102 509
847 124
414 687
577 53
206 125
892 403
912 715
986 59
367 980
799 577
227 32
213 539
757 518
679 666
145 984
811 786
919 480
472 27
354 213
330 65
99 448
5 76
717 755
674 817
442 825
814 883
486 504
665 842
953 470
273 449
57 282
704 28
190 17
951 478
931 977
317 533
645 249
453 845
889 769
314 413
621 949
539 834
138 485
840 39
421 13
268 125
715 719
92 854
146 279
126 577
440 384
417 398
920 117
237 53
574 728
310 915
428 84
191 724
189 63
830 39
371 630
782 340
977 90
155 864
728 608
948 853
659 842
444 468
232 115
366 417
812 585
939 309
678 19
735 624
706 400
453 88
220 927
15 319
946 370
284 247
573 946
288 999
560 244
532 228
63 772
599 631
229 715
250 436
279 491
76 670
161 467
179 605
656 577
721 993
762 646
199 515
895 224
240 411
600 138
218 103
643 686
870 201
50 62
977 736
34 805
673 463
653 744
100 56
176 956
4 665
654 649
99 401
614 630
36 632
693 159
978 98
1000 845
273 455
575 13
583 182
214 685
92 593
169 584
402 281
563 709
938 234
715 931
19 197
719 713
350 945
177 998
612 59
912 384
464 693
500 362
517 217
939 855
916 977
82 804
516 461
2 150
757 212
419 970
872 564
849 328
464 104
74 365
316 274
169 313
803 893
459 318
573 915
93 736
857 425
408 810
584 744
605 599
910 878
119 780
38 524
979 129
934 944
824 538
267 916
93 175
975 810
40 18
577 357
933 657
695 679
451 906
410 264
259 153
13 917
673 965
181 138
569 774
488 660
889 86
6 644
913 462
615 899
324 321
78 636
235 342
781 781
716 551
704 71
776 47
197 257
585 217
186 344
154 29
200 496
544 460
989 36
560 612
449 702
651 986
705 73
761 693
680 229
202 300
368 728
264 436
793 636
968 621
354 975
565 739
131 474
50 772
98 326
519 737
288 887
473 569
988 587
316 999
385 148
756 633
688 899
846 866
24 589
937 187
767 481
291 634
753 734
714 676
743 452
598 755
849 795
282 785
246 905
972 116
62 440
508 492
556 956
482 241
865 925
664 823
787 920
813 665
675 305
694 242
841 572
676 715
764 807
897 732
885 520
391 30
507 510
76 302
459 690
964 235
922 501
863 40
958 955
749 787
954 907
648 358
537 418
289 866
206 758
802 915
235 336
715 128
19 859
130 359
158 439
814 571
792 443
916 148
2 186
273 997
673 262
999 372
399 893
916 710
276 581
501 766
697 251
664 227
213 198
394 371
250 995
961 236
196 319
634 135
567 337
180 736
717 123
604 715
831 934
603 568
933 653
410 986
713 721
988 931
917 609
920 185
384 344
87 634
259 809
215 673
862 542
320 32
189 760
767 856
155 778
49 576
334 555
663 587
201 427
644 42
998 372
691 110
227 133
662 996
450 890
591 400
68 373
398 238
362 536
604 484
168 95
794 826
163 487
568 282
975 311
165 584
650 663
331 482
919 58
450 439
927 758
569 831
797 875
735 262
34 806
768 653
708 35
795 535
864 554
187 567
608 738
873 762
706 984
763 958
736 494
932 272
822 14
322 972
609 199
885 621
187 384
42 823
200 116
931 461
378 975
484 13
267 281
895 394
488 304
671 320
612 119
923 339
660 355
459 90
621 502
766 669
148 51
803 415
22 962
73 69
920 543
213 411
839 575
360 884
848 158
337 968
768 734
841 285
35 742
591 532
133 701
532 797
776 692
664 747
369 827
596 211
83 69
348 978
593 457
488 451
58 774
929 135
678 132
709 118
409 26
452 210
132 964
108 817
271 664
978 140
390 876
70 423
701 698
656 605
587 529
980 587
857 59
43 370
578 417
770 400
992 168
586 3
309 79
369 401
338 690
640 176
174 582
446 694
14 117
280 170
34 757
395 881
533 264
191 169
670 291
693 438
207 60
178 610
80 535
296 283
663 542
187 452
582 219
433 956
759 51
900 489
703 766
647 123
662 365
984 653
549 524
560 51
118 875
101 752
714 174
359 547
14 617
914 945
601 333
440 217
200 828
554 88
798 2
176 433
33 973
999 723
823 451
293 745
102 481
381 322
106 729
90 700
607 494
440 426
998 960
835 765
161 213
824 812
818 261
331 111
830 696
626 712
468 689
965 942
453 624
250 166
626 823
114 831
534 966
360 111
287 946
912 558
545 858
83 28
90 312
384 992
436 349
101 202
550 290
995 403
610 979
780 262
290 112
761 161
66 50
372 926
283 244
737 157
596 283
195 209
589 183
875 797
742 257
600 987
303 806
464 695
896 340
9 756
202 41
524 141
916 676
252 633
274 455
464 788
99 30
399 877
548 161
476 590
244 117
687 473
670 528
268 909
900 515
394 415
734 875
986 920
312 996
210 618
951 805
985 252
467 462
698 336
796 90
94 352
760 189
166 637
101 47
465 948
583 843
888 738
166 777
897 51
894 55
281 710
778 580
469 913
750 694
185 404
588 551
187 11
863 411
764 330
279 571
536 576
539 951
729 727
620 657
684 116
862 533
292 622
477 793
510 753
736 638
882 934
439 394
198 928
856 441
581 630
468 637
847 758
574 216
900 74
924 561
757 140
767 79
619 223
282 47
301 935
477 614
748 736
2 702
691 323
892 607
904 89
244 89
710 931
684 998
90 397
859 208
968 780
942 219
159 99
832 217
827 88
803 640
333 303
427 806
181 222
831 513
750 262
277 990
220 889
713 963
551 729
200 713
827 201
47 5
205 741
282 515
21 561
111 121
462 819
666 893
2 417
164 566
233 261
260 417
273 240
246 710
705 94
297 979
861 804
297 760
874 77
913 167
266 196
385 934
547 522
786 522
814 6
295 704
886 536
129 794
566 617
469 601
175 741
174 394
64 174
351 651
8 736
925 964
937 964
696 162
638 64
542 650
886 822
947 857
707 653
298 641
411 747
429 468
774 926
218 573
479 861
379 560
13 239
846 215
434 524
129 88
292 210
977 660
728 549
594 602
873 289
240 771
141 293
972 763
261 99
822 390
315 303
509 51
114 128
810 454
27 708
354 764
648 107
928 903
414 922
981 739
58 560
203 157
770 208
31 209
521 625
807 134
23 564
254 119
547 870
462 118
346 798
920 639
848 278
733 134
737 119
957 576
209 790
647 218
665 850
262 646
768 322
990 883
221 499
769 131
625 94
826 805
950 506
26 1
487 799
209 582
778 13
775 836
