130 2160 30
4534 3938 6
1186 4363 28
3750 1026 28
1905 4520 7
4736 352 5
355 450 14
1099 2489 21
2362 2902 3
2264 421 12
3561 3645 14
1415 1299 18
2259 992 3
3168 4628 25
2099 3693 25
3858 3108 24
3621 1009 24
2133 4511 26
412 1543 21
4836 3032 5
2362 3226 30
4153 2623 28
3673 4448 9
3404 3741 26
603 1932 20
2936 3316 30
2941 1596 30
3762 3924 23
3903 3362 28
3795 2502 30
2305 1819 30
1145 1094 24
262 4432 2
4601 578 22
2337 2684 15
2952 1880 30
1666 2828 28
1397 756 2
2681 3732 4
2639 1452 8
285 968 15
4377 1436 8
1506 2930 25
1194 3728 8
620 3297 29
2100 4401 15
3565 1319 24
1521 1060 1
2503 2269 21
378 1078 28
762 961 25
547 203 1
1996 3034 10
4046 4291 8
3347 3979 27
2297 3969 22
268 1546 5
2304 2725 4
3919 4085 21
1700 963 24
1492 1014 25
47 2697 29
2500 1177 29
1860 159 7
1601 1296 6
4536 2953 23
4920 789 11
2612 1164 13
2244 4858 11
1640 3174 2
4151 120 14
3115 3695 11
632 3883 10
144 3211 14
1145 4197 15
4940 819 28
3621 525 6
4996 1118 7
351 3119 2
712 2966 30
1214 3994 1
2872 153 26
45 2690 22
2099 628 25
4500 2341 30
2947 4620 1
2960 2892 18
1230 2745 25
2547 1430 5
1662 2712 4
3046 2055 14
1374 2682 27
376 3137 21
1073 4233 27
2290 4841 14
2188 1857 18
92 1818 3
4005 3616 15
2939 3717 21
1847 3431 9
3382 3983 25
1760 3283 30
2499 2199 5
2175 360 18
980 4172 8
3422 1022 21
2151 3003 10
2715 51 19
3919 1727 1
2188 1172 17
3469 4818 12
3733 1644 1
2694 1221 9
857 2296 16
4303 4099 30
3308 4642 27
2576 2761 14
1867 3170 16
496 4015 26
248 103 1
3793 3352 30
4877 4518 13
2174 411 14
4241 4972 16
913 2757 26
3232 3733 2
3809 1833 8
4569 3409 4
4030 2281 21
4815 1640 27
2880 2158 24
3368 4898
3011 756
3320 2542
3908 4356
4673 2022
4985 4086
1741 2048
3388 3396
1220 3678
1643 1560
2795 1033
2296 1714
3618 3825
3133 4805
4835 1303
4930 2937
3242 284
53 3545
1227 183
1037 3309
2009 1821
3156 2601
2044 3819
3305 2881
1378 2766
4045 2975
4834 2702
600 1653
4724 3983
2532 490
4407 245
4909 3131
3933 2331
4555 4560
3092 1512
1168 2885
4211 472
2230 165
1774 1968
1612 711
3862 1897
1258 199
834 742
3626 2685
3903 629
4847 3482
2364 3923
2108 3620
3731 4862
552 1281
2826 4638
2060 4070
3144 613
2948 4362
4200 1825
464 155
4870 4178
2945 4946
223 4281
1223 2574
688 3448
3759 2565
946 3595
2525 4899
2108 1105
3935 1092
3195 2296
479 2954
1831 1209
4685 3209
3130 2343
2487 3237
3362 4621
2645 3635
398 2937
4893 4493
2558 3696
2944 2252
4280 146
3257 4801
1728 3830
1244 4217
2337 3489
4260 3984
804 2604
3550 1957
499 3874
2628 15
1669 96
3797 973
804 2507
3622 3096
168 3751
1634 2229
1134 3513
4012 1731
4317 1789
214 4539
4503 4412
1513 3393
2196 3968
1501 2045
4680 2816
3898 2108
4047 4365
4461 1233
3337 364
4781 1541
3873 3694
3129 4370
2984 3172
4641 701
2348 2122
3421 3453
4337 2538
3644 162
2996 4512
1438 1101
3522 3988
2797 1477
3530 2052
274 1708
4851 1042
3339 3510
2360 736
2437 2389
2210 744
2111 4118
3581 1141
570 971
2311 4512
4707 517
1260 4962
4140 351
2844 3100
2852 49
3476 3260
2732 3785
4303 4945
4820 1672
4296 2105
3806 2340
929 3212
1311 1021
1234 4913
333 974
2592 275
1652 381
1180 1414
3038 4758
2755 1812
2723 215
2862 1142
3272 3016
4157 3403
3765 1543
3532 3142
2354 3876
3139 1902
2248 389
697 4954
3471 4847
4153 4918
4388 4049
1143 3050
2740 944
4535 2519
646 1302
3621 4242
23 2292
4395 4798
3346 1952
4626 3264
1312 4400
7 4947
2726 1610
1895 116
2390 3867
48 4446
2867 3065
511 3542
2275 1917
2109 2884
2019 2012
4736 2586
3358 3269
15 4144
2473 2814
844 681
1454 4052
4314 2013
3763 2282
2213 655
3504 305
4684 3039
2015 4115
3483 1368
361 2685
1629 4511
3380 2947
3519 3640
1729 2024
890 665
1740 1289
2180 484
1503 2177
4688 429
1973 4793
1489 407
467 740
2003 2937
4382 4798
579 219
417 1674
560 29
4715 4792
4006 312
1758 4177
126 262
1504 3087
4710 901
1198 4470
4086 3599
1636 3470
2724 1001
3530 867
1524 3253
42 4248
4340 839
1647 2164
2393 4355
1996 880
42 362
4660 3514
615 2645
178 1380
2805 381
664 4809
1961 4527
1274 4269
65 1461
3303 2940
513 2061
873 139
3439 3103
580 4871
820 1228
3770 3680
1050 1468
4840 2992
3776 689
4447 4547
2094 4276
183 3217
2225 196
4276 1762
3601 4660
1886 4081
4571 3205
630 3328
3726 2801
808 618
1490 3944
4035 4330
991 1827
3529 669
4801 467
477 4951
4951 3449
3212 3271
4149 835
3826 4838
597 2158
4953 3570
2102 2723
1913 4297
4054 4995
4568 2632
968 2896
71 2025
3387 1039
2057 3552
1278 3962
2438 4785
519 731
1619 1443
4489 4128
4609 2472
3358 268
2161 4811
1730 4571
4827 1271
1243 1787
948 487
1483 3529
2715 1737
4115 2529
957 4112
1895 694
1107 393
3527 2973
57 4486
4346 2300
2929 3497
1866 1335
3251 3243
1946 1268
2864 3369
1718 356
3928 1920
4980 2412
1168 1335
1408 63
4981 184
842 4488
4098 3605
1133 3977
2353 2025
4968 3828
2823 1952
2173 435
1026 1641
3633 2440
1609 1195
4592 4423
4800 3910
2345 2671
640 2047
3725 2331
4618 1446
691 423
4353 3458
2147 820
1145 88
4647 3709
3471 414
1677 651
2485 745
4489 217
1080 4303
373 594
2210 2991
2907 4051
2755 4335
4590 970
2759 3249
1971 3521
1198 2176
806 1909
320 2206
4101 1144
1852 4172
1910 733
2260 1874
175 2461
1161 4108
482 4867
901 4680
3932 469
3469 730
2720 4462
4534 3654
900 4224
2544 1856
2377 570
4638 626
1494 1491
349 1711
3439 4277
3247 4391
306 3110
1183 78
4577 4541
3154 1907
120 4081
4381 4275
168 1879
1331 3770
1529 3430
4340 2171
4344 4941
4709 4594
4691 4524
3956 3543
4636 1091
3671 11
4775 570
2309 1050
3473 4438
2772 2676
2013 4475
3017 3678
2739 4470
2447 3305
4021 325
201 482
4728 4044
3519 1638
152 1689
21 1496
396 1346
4483 4940
145 331
1536 1620
1040 316
476 2536
1141 1379
3466 1692
3448 2702
745 4003
3621 3136
4337 4937
2551 3756
4995 2220
3764 2666
2197 107
1942 2931
4007 242
1369 3637
2721 3276
724 2995
2448 1920
4012 2290
2276 1415
877 3674
1687 213
987 4675
3550 4792
1707 3017
1754 1046
4912 952
3671 1980
2203 1555
2228 1761
2166 1260
4295 4326
1558 1544
2072 1414
713 266
4383 4255
1718 2337
2359 194
4821 1706
164 4155
1974 3105
526 2078
4646 1572
1379 422
2172 2179
4543 617
1403 83
3561 3949
4511 1622
3598 671
4809 4986
287 3893
4487 4080
2745 2655
2656 4782
423 4625
1825 2937
1132 2823
2831 4182
2754 1760
4041 72
1548 970
1333 329
4341 1268
1287 1030
1684 3803
859 1091
708 3068
3045 667
1515 3710
3567 2058
993 1918
3197 2664
4599 1749
3829 3804
4561 1293
2157 3255
1762 351
3821 4080
549 3714
4080 629
1663 4308
3205 1775
1692 4904
2281 4731
535 3953
3644 2835
2731 2270
1048 4678
2536 4836
3160 3558
4401 2002
4596 3005
1575 4031
4485 1039
2826 1487
991 3768
716 1005
4046 2659
2174 2671
4792 1285
2314 1473
1270 1243
4547 181
1799 3985
2830 1286
4315 2420
1017 4562
4387 4147
620 4714
713 2241
768 611
2997 3909
799 4578
4508 476
938 2946
224 1032
2417 2508
1886 2587
2764 962
782 2513
1427 3723
2111 337
3009 172
3220 2876
3554 4500
3800 4482
3645 3322
4014 4677
8 1987
1191 345
2583 3547
1035 4116
987 523
482 2485
713 738
390 964
3325 1900
4825 2359
2910 13
1832 1495
955 747
2568 550
1093 3797
3226 3521
2808 1079
4033 2132
1848 2829
2411 1464
1082 3533
1668 2384
2163 4898
3493 3585
3622 2782
2159 709
4633 2883
1263 4904
3282 4824
2326 3463
4456 3774
4364 1014
514 1717
1670 3969
157 4684
140 2996
871 4458
4179 2441
4827 1660
3460 2024
4786 2681
4586 3816
2957 4306
927 1131
795 4346
3060 1359
758 221
4540 3491
4780 3322
4129 3428
2348 4456
4502 2616
2349 1674
2139 4791
4136 3192
3222 4111
4851 1140
4103 4717
1074 1999
1500 265
4167 2903
3541 2500
4208 3261
2652 1226
2437 3046
2949 883
1500 146
2824 4736
4589 2657
2701 2508
676 170
4297 4413
2716 714
1075 1590
2588 2452
2177 832
1859 2616
2940 2305
4579 4352
2288 384
1394 518
1002 4310
3553 4924
2141 1985
4383 1232
835 4821
152 4821
3962 3081
1510 2308
2057 4895
4694 2657
2357 4876
2634 1967
4001 1983
2842 7
4585 2938
129 2713
1615 4867
3313 3795
114 3491
1530 4424
1644 3484
866 3050
109 79
2104 4813
2991 793
1304 2343
4598 2559
4259 4877
2811 3494
2727 806
1773 55
4972 3128
4983 2789
2618 1143
1625 1370
3123 230
1199 4531
3278 1167
3540 4812
1815 4416
1973 4372
4751 1484
1359 663
4125 109
3302 258
3285 928
2269 3973
1787 572
4487 2867
1059 3302
290 699
3745 2891
2461 3598
2407 2484
2058 4685
4085 4903
3262 1467
4715 1863
286 1909
3246 1549
1885 4764
2738 2597
3169 2546
400 2774
343 3207
4156 798
4668 3598
1131 4190
3506 690
1187 3303
2321 4167
3216 3315
3284 612
3976 649
2600 89
4921 4853
4898 3917
2629 288
3717 3843
972 2624
3650 1650
1049 4475
2944 2424
29 2193
2570 3438
946 833
3323 4035
1673 1300
634 2349
2252 4315
2066 3374
3459 4824
1926 3095
4935 4762
357 3673
4237 89
1530 2702
1954 3020
3521 79
1849 3954
4279 4068
4768 716
4264 248
2165 4674
1037 35
4712 4058
3285 4715
4030 4085
4071 255
3567 132
1750 711
2695 211
440 2800
383 3884
4844 3648
2455 3593
4420 703
3807 4915
2963 1965
3880 2106
4473 4594
1024 2197
1071 2400
3000 490
510 1186
2556 851
3933 3490
2281 4115
2849 4384
2258 2037
3920 2015
774 790
1828 784
3214 1565
174 1982
1492 3334
3428 2014
496 3811
2410 1351
4529 2586
731 255
2175 3733
3181 996
3009 4999
755 4119
645 899
2953 2636
2201 4785
2359 2576
3121 1490
1140 505
1254 1379
4337 4284
505 2866
1900 219
2565 4258
3176 4941
3675 3578
2544 13
2986 1031
978 4190
194 3984
3199 4742
2752 4105
242 3200
2133 1057
2442 4302
282 1814
4749 770
425 4950
3290 4226
2537 2682
16 2569
2673 4776
283 3107
4223 2446
3869 3573
1666 1484
4892 4670
228 3141
4320 4873
3983 601
2580 1266
2436 3350
2113 3270
28 147
1379 3956
1833 4796
3451 1598
504 4707
1444 2119
4949 1473
688 4366
3229 2296
468 2035
2672 3256
3599 4547
3184 283
523 2343
4911 169
2598 3052
2933 1203
3922 1596
978 3308
1740 697
3663 52
198 1041
3787 3640
3030 3823
4319 605
2221 913
2831 821
960 3329
4270 3206
3314 1862
4127 185
3615 3662
2767 3176
2775 3167
2364 3074
2433 3247
3397 1487
125 2921
95 3586
1275 4794
3485 1443
899 172
1559 4318
4408 9
2691 3683
3059 3859
4434 1041
3664 4667
3696 4289
3547 4828
4554 64
3651 904
2772 1496
2426 179
3240 3503
366 3683
3143 4970
1107 2198
979 1053
2153 1039
3823 2995
2325 1059
520 190
3349 1127
2654 3741
3963 3178
4099 2942
127 569
2603 2129
2297 3271
4753 2975
2811 583
4184 2415
3391 3712
2345 3319
2426 2062
433 3401
67 1088
5 958
2689 41
2302 2068
2704 3694
2897 2743
2357 1181
284 24
4024 4060
3793 4935
3050 2986
560 3536
1416 3555
1898 4423
4884 2933
2972 2265
3566 4680
4272 1405
1745 2272
4613 3986
2696 3139
837 1138
4093 4607
2345 1834
871 894
4252 3227
1723 2202
999 1369
4473 2497
1921 158
4720 3670
3194 4680
98 1300
2118 3014
2025 393
430 3810
3494 100
4127 4230
3154 1976
2004 2311
374 1384
2193 1392
4846 3405
2832 3040
3002 2691
2508 4081
4704 4897
1091 206
1264 994
2151 3945
4783 589
491 2742
730 4506
3759 3808
1248 1322
1426 4436
2284 2345
1799 1059
4532 528
1270 4575
3413 1739
4260 221
4696 2070
2463 3087
2025 3605
2317 390
3970 1587
4306 172
1496 4263
744 83
2816 1650
4853 4515
526 3735
2150 1675
870 4114
3976 422
573 1923
2825 1940
4201 3465
3705 2567
4954 1735
504 4155
1369 1116
3112 599
18 112
3105 200
4494 1947
4720 4705
525 1875
866 1669
3438 804
1137 4902
2570 378
3066 1209
4097 4337
3051 4096
1608 1050
3152 2354
2595 3997
4448 572
2185 628
4639 2336
4544 4292
1614 1855
3397 2605
438 2329
1629 1874
1602 3307
1542 3188
321 724
3338 3933
103 3181
3344 1585
611 1182
987 4887
2210 4817
4128 92
808 802
4762 4008
3263 4667
1447 4988
1981 4375
1371 1183
3427 3206
4891 1655
3996 652
2327 2731
3342 3854
906 1461
1276 2219
2764 3459
2925 4086
4794 3893
1614 168
170 553
2470 3788
2010 4772
584 3593
4299 4885
4613 4180
1345 3700
3776 3301
4131 2419
4699 1440
3875 4342
731 1396
4923 3631
3813 2073
2037 3048
4230 2968
237 2060
3653 3946
1474 1837
2252 3608
1538 1621
387 3569
3679 3188
3616 3160
2232 4612
2157 3212
4255 3690
3739 4013
3797 2925
3305 2158
2381 39
1486 4681
2644 4857
4197 423
1952 4857
815 1309
1775 3904
3581 4448
183 2496
3619 4500
2590 3327
909 4843
2183 2910
2927 3248
3486 1857
635 4293
1331 4204
3018 4589
190 2582
488 947
3578 4306
1348 284
4914 1174
1785 1380
3150 1103
2646 1312
2806 4024
2893 2787
240 514
3772 4373
2153 377
645 313
350 946
3159 1837
341 2126
3448 3010
4340 4028
4981 2955
6 3156
2559 2149
3516 2538
1406 1800
2639 3724
3182 1983
84 3179
2957 2146
1918 1453
1668 2448
1497 3607
2952 4741
366 4303
1297 1327
3536 879
3387 1814
319 453
942 3708
4727 2002
1021 52
2333 4679
3193 599
2872 2626
2416 3353
2348 3266
3459 4457
1290 2712
3072 2308
4365 98
2796 1953
4488 3512
984 4740
2092 701
701 4681
2422 161
1135 4132
2399 2341
4558 3005
3835 2803
1881 2662
1999 1299
3658 1590
4059 1312
3655 601
3067 2324
4143 1995
3104 2591
1670 4766
4029 4159
989 1246
1743 552
1639 2164
387 3042
4745 1376
1851 3042
56 2535
4616 3152
3364 139
3534 3136
3282 4348
3597 1138
2345 1420
4676 3791
4682 4568
4156 605
2957 3985
731 1465
4682 3583
3668 4730
439 3371
4524 4288
667 2494
502 4301
2000 862
2707 413
1870 3677
529 2535
2854 1743
4967 4177
180 3248
142 1692
2804 4535
233 1510
4773 4791
4281 4425
2000 2491
3503 362
3525 3748
2042 1377
3748 4455
2356 2485
2937 344
3747 4259
711 4576
4725 2667
2009 2306
1900 3893
909 2485
3930 3621
364 4632
2787 1487
4049 2869
2073 3817
716 3532
4845 2365
2159 239
3795 3967
1586 726
2082 4825
467 2901
2819 2241
4035 4072
2386 4543
4194 1761
4009 3270
1331 2262
4207 4698
918 3641
114 1528
4595 4822
1290 4261
4840 3663
873 802
3460 2051
1958 4326
311 77
4677 3565
4597 1226
1213 3923
1775 202
4408 2545
3814 3216
2215 89
2890 3866
3021 1959
4226 2201
4338 2567
1157 2312
841 4461
2471 4238
2997 1451
2033 2774
4019 3077
4236 1041
64 3375
125 993
3339 2962
4988 526
725 653
1845 2399
2271 1233
3938 1020
4572 2746
1323 1171
269 1071
3097 3977
2061 4717
3769 3589
746 4279
523 563
409 99
1863 2824
2068 3157
1050 4928
4829 3276
2958 1182
240 1282
1931 1636
4415 1764
4403 4352
3609 2859
4305 3242
1999 336
2131 1539
4895 3422
4721 88
4159 2053
1706 585
1972 4263
4784 1211
4774 4519
570 1131
3794 1409
1586 529
321 3256
3920 4818
482 2820
2541 3365
2203 2595
4873 1586
1041 1877
3910 3290
4038 2496
3226 937
1973 570
908 4198
4055 2714
1761 1283
2426 3894
1799 3092
471 140
2663 2875
4908 1155
58 4236
2912 2973
2067 902
1069 4385
2698 1185
3836 2686
2013 1654
1097 4519
458 583
1731 831
666 525
246 875
2099 1925
596 1554
3797 1159
1737 4186
499 3858
3811 1308
2674 1860
4673 3126
3795 202
2707 4425
3287 4964
1548 255
4317 438
4928 3633
386 530
3919 3046
211 1951
3255 59
1971 2585
615 3026
2646 259
4365 1290
1701 3795
1538 2230
1817 4035
3013 3214
432 1238
2502 2991
3520 582
1040 3016
1795 265
1535 1842
1481 1191
4706 2058
4299 3645
3083 875
250 4570
3022 917
976 2630
3011 299
3150 4093
2749 3784
4075 4275
450 915
3955 1712
3129 1596
4024 3933
3856 2941
2454 3171
1419 1546
3770 3100
1904 2511
933 3414
2622 3210
2350 4118
1679 3596
967 888
3712 1780
3896 490
1044 3574
22 3996
4778 2319
2426 4939
4173 47
726 3511
1280 4470
1047 3808
2497 338
350 2403
2623 3598
2837 465
2045 1621
2789 3812
622 4216
4792 3680
3481 4748
2628 4750
1698 1851
4645 727
2112 152
3869 2292
1993 2579
503 4642
3411 4397
2137 1640
3182 3400
2623 4406
4752 844
1287 4606
2962 1686
4746 1682
3653 4630
2973 4920
4154 2152
2856 1231
2762 4035
3054 2714
1445 4385
4731 4523
2007 1293
1451 3307
4011 620
1223 2241
511 3283
4008 2629
3745 2187
707 626
2669 4682
3828 3949
4524 1464
3750 4343
3908 1867
2900 1935
2841 2693
330 4026
2282 4163
3610 4909
2063 4928
85 2352
1519 3367
3056 477
4663 292
1006 3037
3924 4389
998 4530
4063 4668
1860 2699
2651 884
738 433
4994 947
189 1243
4825 3218
1184 877
4723 2754
3711 2536
2073 1564
4280 1491
2190 2669
791 1856
4806 3881
1521 4451
265 2923
3029 1606
2611 345
2628 3699
1321 1341
322 2124
954 1349
2352 4904
1345 4810
2805 4166
880 1892
4377 1135
4408 2151
384 4527
1337 4432
4815 3168
256 4910
2929 4774
2315 2246
3633 4714
3971 43
1707 2152
809 1370
1955 3148
217 3179
4746 4373
1368 148
1833 4719
3834 1316
4951 3296
1702 1223
2004 217
4369 4710
4166 1209
2149 3788
1510 2040
551 4299
4155 806
1919 4192
1445 1095
1676 1379
494 796
1594 118
4993 1516
4762 2404
54 3478
2322 2484
1819 2460
362 1674
4335 2397
1002 4732
3891 4302
1205 2497
4285 3685
2328 3716
2058 4593
4106 2769
3032 3435
4160 567
4431 2446
4303 445
3431 1830
811 1623
3461 1078
3890 3719
1124 4271
530 1241
4478 4971
3033 1905
2588 4311
4652 439
2276 4831
838 3855
2049 4459
116 3041
3764 4538
3123 3113
2829 3053
3379 1375
319 1839
529 2234
4579 4120
2563 4558
2253 1689
2732 1958
3272 2408
2227 4806
2665 4617
4754 1282
269 2719
3972 4883
4661 4687
3954 4361
1620 2112
3874 2273
2875 3930
513 1710
189 519
84 2594
164 1952
2416 2963
1109 95
372 1120
3689 937
649 1171
2974 2504
3862 2128
1538 432
4794 4623
1940 2977
4324 2828
396 4158
3475 304
902 4813
3178 384
2900 749
2796 4887
976 1674
4223 1906
515 2735
4169 1622
1956 1843
3707 3940
1136 3601
2213 4055
4426 3894
755 4575
3788 125
4865 1495
4765 748
3549 721
4781 4861
4117 1819
1392 2163
4046 266
22 2544
4075 1300
4040 614
4629 2962
2053 565
4430 2368
4064 532
4721 1071
1894 1864
3006 3912
2040 2547
988 2951
1902 4582
1910 2042
3749 666
1475 482
3206 1463
2523 4228
1889 2757
391 314
386 3871
2160 854
999 206
1389 1659
3886 4969
2291 3346
4843 3864
3229 3400
3931 1891
1666 4385
3222 2812
19 3279
1074 2108
4302 2403
3488 2804
4380 4359
4754 4487
4 4135
4868 3822
2868 4177
2371 4093
288 4981
1226 4390
266 4827
899 2783
2955 122
2688 2322
2654 4815
3443 2104
3024 2414
1860 1623
201 2189
1747 480
2911 3871
4425 1936
4916 2930
4690 4214
2493 4965
3155 3233
4787 2013
4108 3095
2111 4088
3114 4770
4385 1810
1725 2418
68 1362
344 653
3756 4777
9 563
4966 2459
442 4068
3539 3934
2303 4613
1651 1165
4763 2152
957 4470
2827 1917
514 990
4987 3619
971 2859
1261 370
947 4310
627 912
2567 4375
4087 313
2004 464
3043 3285
1189 874
4129 2
4908 3442
2229 4782
3342 331
1650 2428
2459 1107
3252 3774
1464 1596
2567 3866
3904 2534
3532 3422
2740 2902
4799 1784
3040 299
4942 328
4208 4512
2847 743
1568 3853
2014 1558
326 3790
3003 458
4506 1924
2589 4410
13 1960
3296 4151
450 3663
2259 481
2788 1825
938 2467
2961 1573
2405 820
2425 1892
2377 2146
1122 3491
2932 3414
3898 3097
1196 2193
2755 440
2607 391
1707 1795
824 1765
1232 559
342 2210
4289 3278
4682 3744
4486 3068
1087 2765
4930 1661
1998 1025
4419 3844
267 4122
4851 4700
2169 3737
758 4336
3009 716
1624 2023
3551 4720
3896 4623
4141 1010
499 2101
2407 4681
1049 51
3211 3593
2576 3883
1628 2439
2209 3705
584 1331
432 795
3139 74
2560 821
3214 2396
2492 1908
2961 968
968 2087
2010 4673
1750 556
3100 3709
369 4855
2944 2373
3176 1136
4430 697
1485 1122
1086 1370
1292 2339
2707 157
4682 4274
910 2874
876 4567
395 2483
1025 1074
3652 2235
976 3807
1336 2345
2330 3958
4221 488
1761 3441
3317 2958
349 3193
745 2962
323 1036
1225 3807
4140 4575
2922 945
4284 1588
1977 420
1160 186
2567 3914
3193 4498
1569 2674
1619 3267
2060 2924
1380 868
2509 1238
148 738
2590 2958
2080 2567
3319 1051
2663 4080
4792 977
3571 3309
752 1461
2939 3054
3458 1167
1911 1158
1961 1044
608 2804
2580 1927
3608 4698
1204 1517
3593 3283
3441 2634
1360 325
2761 2718
1718 1892
2462 4934
1219 3403
4569 332
4106 2680
3749 1933
3179 3063
2401 3133
4169 2334
4027 138
2293 4299
603 4741
1432 719
3608 3329
410 2389
630 2526
2727 2817
710 220
4442 4077
1230 2339
2817 4048
2217 4703
758 1526
231 171
3372 2320
1702 1558
1305 1149
1828 1990
3165 4994
3511 1592
4651 1746
3167 3301
2440 756
3215 1109
2386 539
3916 2052
478 2636
4357 542
2856 2831
795 1126
2761 431
2498 3586
310 3829
2627 2059
682 3256
4663 1526
2574 3704
3167 208
4480 4261
979 14
3587 2077
2778 1072
4532 3056
4242 1343
4922 2937
2994 1927
891 2789
2835 3598
3732 3544
1779 4628
4737 389
4170 3358
4161 4269
1940 299
1782 3438
321 843
2614 3284
843 4220
1536 2683
4710 2702
4868 3391
3486 406
2343 4858
271 493
4775 3456
3409 2526
2733 4994
303 795
1520 4250
2446 3435
4868 666
3919 2617
4935 4244
798 3111
4446 637
622 1441
1827 4677
1945 99
911 439
631 4375
50 4861
3628 3779
2660 2740
4417 4092
4968 1071
1502 1113
635 820
1865 4671
876 3154
2666 4271
1297 909
3905 4344
1454 1560
4921 4143
927 2946
2233 4817
4312 2193
3057 2537
1276 3047
1235 4978
1517 1411
4929 4447
4959 427
1343 115
767 3026
4981 1168
1080 1685
1293 4408
454 3651
672 3726
260 1509
4490 1304
1194 819
4875 2920
3792 4231
2680 364
549 3252
2807 2820
773 4044
3167 4495
52 1419
128 4096
1564 4081
1375 2240
620 967
4118 1821
1751 77
2656 2658
4994 2612
260 4203
1875 3898
460 405
117 2074
3734 1712
4345 1850
3204 2549
3487 2036
4916 1969
717 4872
4895 2578
1808 4321
3715 4022
2305 2255
4545 4803
4794 3515
134 3258
425 1915
4446 930
1969 3744
4813 4857
438 4365
3374 1270
3656 1348
2467 2568
3796 3697
2826 3634
3966 543
3974 4396
520 707
351 1607
4830 2753
4426 2935
2097 2218
3103 1393
2834 1989
4854 4648
211 4299
3019 4362
3389 2530
2596 4301
767 680
4307 1292
374 1517
3466 3254
645 3469
3330 3232
3980 4849
4192 2829
2728 717
1671 4641
2620 2497
18 513
2681 253
1468 958
4258 4408
2876 267
1390 2252
3796 424
4899 3832
4205 1350
639 1059
4039 4326
1093 1571
228 2916
3801 3857
3533 700
2959 3917
4692 4806
4189 208
3925 194
4604 3003
2969 2842
809 3865
486 4229
1857 4176
3635 3813
3927 1650
2453 2482
3646 3206
4633 1749
4989 700
2895 810
2488 3429
4957 4221
3357 4601
2270 3929
4729 1689
3073 4079
394 3436
4112 3426
3785 3175
2040 4313
2704 415
4295 726
524 2970
699 3088
3397 1236
2428 2007
1951 4253
3650 1218
4712 1586
1879 4497
182 872
3168 4825
3769 4669
2312 4882
3093 3348
2347 2934
304 1753
2533 4599
3561 1658
4509 2841
4244 1700
83 483
2815 4612
4820 81
2927 3437
2331 2656
2123 1094
4384 2369
4606 3422
2038 546
2875 2183
1974 4049
891 2393
4088 2624
2707 1186
1499 1503
3762 1170
4091 1667
2421 1006
4182 4615
374 835
1570 3640
678 4175
3608 3688
585 2017
2987 2438
2012 2854
843 4026
2888 8
4763 3636
4167 641
1102 4689
2805 410
497 363
335 2566
4828 4277
1323 2481
690 2767
1061 3826
4326 4187
2 4519
529 4232
4222 2401
3219 192
4689 4536
406 1085
1742 3264
973 1259
454 4572
1405 2180
621 2914
2737 1703
2735 4820
3316 2688
1156 3343
4600 4799
916 1675
3972 387
1525 1912
2333 4847
3892 690
3332 905
3121 4395
452 4597
4494 3822
2035 3576
2816 1685
3934 3891
2540 2634
3308 3328
2784 41
2065 1883
2762 2816
1903 834
1591 1248
4885 4015
3926 3502
1250 2268
4007 2826
3175 73
2989 2446
2045 4592
2647 4779
3945 4548
3432 4780
3503 865
3255 2197
3738 2522
2386 2101
70 2446
722 517
1784 4134
3074 3141
1313 409
1795 4520
1049 3710
516 19
2004 4292
2965 53
1904 159
4931 1170
4066 4830
4117 565
4679 2112
2026 2108
4180 4668
1929 4234
1615 3024
2200 4293
889 3920
4611 1459
4123 1578
2182 552
3679 3459
1807 1371
4300 1931
3954 4904
2447 4127
