70 686 30
354 149 29
913 53 14
644 33 16
84 676 28
696 303 23
434 896 18
902 669 4
742 6 17
800 474 1
428 649 7
158 802 13
251 488 10
570 47 4
534 923 17
922 556 10
798 856 7
406 958 27
562 307 16
662 405 27
716 901 2
38 530 15
317 476 3
310 373 5
308 685 16
873 281 22
645 703 15
475 673 9
632 328 6
112 473 15
55 35 30
999 996 5
278 12 2
425 71 2
444 191 8
611 673 28
318 333 3
552 67 19
648 871 20
594 629 2
863 466 15
941 679 23
252 360 11
710 861 21
378 72 22
202 62 16
726 997 7
214 432 6
303 60 4
303 492 10
515 52 7
860 781 10
233 890 29
535 5 16
122 5 20
497 175 21
635 70 26
491 698 10
154 783 29
792 691 30
718 697 19
49 523 24
241 629 14
430 369 8
162 159 29
822 881 15
822 563 19
17 189 5
339 777 13
30 569 5
781 447 28
295 643
806 240
548 883
531 277
821 368
857 568
703 814
336 494
482 370
441 142
526 397
812 634
828 347
557 985
928 233
228 83
548 682
986 896
697 140
508 525
958 699
780 787
94 75
167 196
886 77
169 85
149 226
476 316
856 73
336 463
884 209
744 60
163 593
368 506
885 308
481 513
459 489
100 829
244 128
1 103
408 150
325 683
159 754
653 260
496 589
165 493
331 757
132 42
167 452
498 36
333 405
151 251
441 942
422 841
313 522
79 980
441 577
333 237
443 864
343 707
223 721
485 194
787 733
383 731
245 398
502 207
187 256
804 657
704 325
138 168
862 612
791 592
350 918
369 731
790 214
119 522
118 990
253 15
465 724
64 980
7 531
269 794
651 313
146 987
920 992
907 258
46 513
851 645
789 320
775 229
945 60
771 757
492 318
768 502
284 691
836 804
602 380
648 717
3 153
953 289
274 645
186 914
482 497
467 703
127 339
886 740
83 799
682 927
846 309
532 490
704 143
37 228
505 237
990 405
211 882
94 336
265 721
359 763
426 852
785 313
823 518
417 638
504 748
206 536
686 707
12 351
207 743
182 120
353 303
239 105
977 808
214 924
272 605
753 635
87 122
98 631
220 241
214 686
553 823
209 42
696 760
569 136
388 948
675 701
185 612
701 472
320 789
870 202
398 595
54 980
939 80
743 946
450 697
439 127
162 585
502 971
102 397
260 790
432 235
70 795
859 31
19 970
994 691
14 965
994 296
653 258
444 261
48 154
104 179
422 851
546 904
765 193
523 974
929 769
534 421
754 886
783 280
814 301
876 893
935 300
644 374
594 2
756 939
683 610
328 850
945 170
34 772
500 677
548 193
836 344
285 74
640 279
86 132
856 859
34 25
957 229
537 122
847 706
600 799
342 884
398 445
438 76
422 764
267 483
732 663
777 911
335 91
187 480
244 139
518 814
976 903
977 322
989 977
866 424
575 41
369 816
629 817
864 977
253 854
400 423
353 728
698 116
187 184
301 117
908 928
96 798
46 547
616 95
90 79
196 816
284 24
746 639
298 245
522 363
897 533
466 566
463 299
325 646
531 267
223 83
165 551
118 380
52 639
572 643
728 905
245 232
1000 788
905 618
250 807
181 348
41 472
60 642
726 26
300 602
332 955
616 697
798 57
499 270
68 879
49 825
871 391
699 694
975 379
326 516
97 88
583 829
855 219
734 29
817 477
168 971
940 108
121 822
450 586
981 300
951 266
11 921
978 456
795 908
113 314
992 643
31 364
88 252
644 179
326 483
2 458
170 310
916 182
840 169
534 587
163 674
84 554
633 18
113 421
823 180
928 531
357 694
432 299
930 401
76 764
613 646
873 634
978 371
346 888
817 517
928 485
336 574
411 875
432 290
402 970
969 378
523 314
107 323
531 418
694 210
431 857
344 43
735 557
571 497
291 515
62 519
324 765
972 873
607 928
437 66
509 137
690 308
725 504
871 94
721 364
288 943
692 560
311 168
988 286
20 500
97 290
382 945
562 191
354 590
59 466
980 370
807 12
918 500
170 161
536 346
772 970
788 255
673 43
983 982
385 484
37 31
851 537
385 364
838 167
88 56
585 32
88 139
991 74
892 750
439 399
979 23
635 904
455 93
287 112
781 891
254 754
63 437
511 319
891 328
73 384
613 640
470 277
337 548
914 745
382 707
306 182
66 638
78 822
79 462
836 125
834 414
741 957
2 43
373 149
129 177
81 865
977 163
870 997
869 495
199 907
699 130
864 272
674 586
703 867
901 627
74 471
262 41
45 725
660 591
669 497
497 750
994 2
363 363
680 475
561 792
304 616
250 841
599 581
980 167
156 863
996 37
128 211
779 77
205 891
201 754
667 567
957 420
69 711
643 401
534 655
989 920
18 959
73 752
318 53
802 818
718 899
887 171
769 525
29 649
991 28
773 434
861 607
972 290
271 703
917 145
540 533
484 132
848 705
692 191
203 654
767 300
955 164
361 717
198 797
113 842
531 509
384 753
583 798
128 22
5 130
682 801
265 718
565 214
547 750
69 822
391 142
666 520
604 263
939 68
687 787
627 195
290 951
345 278
410 390
456 994
142 665
155 225
222 567
997 298
905 799
731 223
251 78
437 748
44 592
107 559
339 742
735 837
159 386
13 302
901 502
260 34
848 994
209 742
284 830
380 65
6 731
67 304
256 576
614 707
138 788
408 489
958 767
776 315
529 853
40 704
262 103
182 491
759 575
942 191
835 702
441 231
44 954
201 587
287 649
324 375
924 913
765 442
874 833
96 796
408 525
566 304
979 628
887 866
866 99
758 496
423 77
53 283
143 748
252 918
934 277
654 163
837 561
125 878
675 784
510 912
316 15
223 750
792 574
249 806
568 397
876 905
173 644
974 53
973 989
432 963
628 423
802 939
720 652
436 924
541 347
763 663
301 810
779 441
931 473
138 34
775 839
543 591
390 892
906 323
812 648
182 899
665 875
713 817
146 83
905 292
814 600
840 990
83 83
727 840
945 884
713 832
273 610
627 829
512 664
838 941
114 240
86 256
201 945
819 150
18 348
370 518
873 341
226 46
381 404
251 52
751 369
689 41
39 148
615 203
249 349
940 421
740 822
813 23
988 76
855 862
844 96
30 126
107 318
636 117
766 154
145 781
46 111
975 301
258 178
598 916
617 172
639 817
576 481
99 663
620 928
286 751
80 18
480 766
103 750
580 783
163 315
811 45
296 903
755 326
443 414
886 763
723 781
352 38
761 412
502 398
942 11
619 408
167 916
213 43
252 110
213 645
828 224
554 38
938 493
162 55
318 433
226 650
279 734
441 464
631 992
594 562
726 124
285 576
520 795
99 756
592 923
908 515
308 284
712 475
549 465
770 381
162 490
796 723
982 90
10 762
307 718
383 728
694 56
680 490
175 573
576 438
305 593
728 626
115 691
48 77
988 439
353 244
464 502
394 956
274 457
158 230
838 640
811 745
41 488
222 847
18 77
233 683
299 216
861 535
330 208
209 53
263 432
428 604
469 31
62 908
757 831
975 572
791 690
469 797
121 859
379 42
122 918
136 361
483 542
108 407
705 257
521 866
