90 1461 30
201 148 27
4507 1163 18
4061 1755 12
1080 689 12
2740 1201 9
4268 3648 13
3668 1508 20
4562 1548 16
3976 4164 5
2043 3317 20
4218 2310 15
4833 4660 18
3331 502 17
29 4555 30
3449 1782 20
2760 441 4
329 1551 5
1328 2326 10
2673 663 9
2637 4155 30
4434 439 17
3099 522 5
3076 283 20
523 2740 27
2106 3068 25
4298 45 13
4392 1918 30
4411 1411 10
1971 1561 23
687 1543 17
2808 1639 1
974 4908 10
1173 2527 25
1777 4282 15
2638 2089 28
3981 2170 25
2928 3403 27
350 3694 18
2338 142 1
2292 634 28
1731 2088 2
3530 72 21
3693 2246 25
4224 4398 28
3483 4624 21
1495 4584 17
1889 1293 28
1360 2364 9
3967 4244 29
2978 4831 1
1902 4987 7
1876 4290 10
1496 3262 7
1658 877 16
1026 4927 10
4481 2542 30
2996 1755 11
3432 482 30
4958 635 9
4412 1882 25
261 4750 6
2905 4248 12
2847 4343 5
3973 4383 14
688 4273 16
597 1637 6
2887 1981 8
4697 1609 3
3844 1924 23
4994 1703 27
1725 301 9
3700 3657 2
2497 1459 3
2917 1831 23
858 1722 3
3750 1683 28
4020 2045 1
1710 2803 30
2190 1268 15
3105 2209 30
1951 2331 14
2136 4922 22
4548 2517 28
3975 3305 28
2300 735 4
5 1446 20
1729 3831 15
2174 553 12
716 2239 16
694 1346 25
2997 4000
3476 2747
832 4010
4466 2562
1173 2675
1885 1496
603 3007
4147 558
2547 1694
940 3276
1529 1429
503 1989
1589 3192
1730 1028
4599 1006
3164 2085
2371 4309
3246 2746
4733 1827
1405 4212
285 4531
2956 1195
71 1155
514 2562
856 1737
1553 33
3258 2404
2449 1164
4792 843
1699 4856
777 3233
1037 3094
1242 4408
1266 703
510 2545
2390 3341
1986 4326
3362 4700
1937 479
3084 3710
4282 741
924 3843
2168 1102
2752 207
2618 3265
3532 3580
2205 4721
2920 750
283 507
3049 1508
3828 1855
4725 4065
4101 4146
177 2654
3030 1959
4843 3984
3120 4626
4353 2251
3247 2670
3999 3043
4946 2054
2777 912
387 4266
4382 3125
394 2704
1730 1552
421 457
4968 4930
895 4777
294 1705
3445 1878
3768 377
1032 1791
4410 3947
1149 829
1941 3558
1194 3105
660 4846
2747 2266
4588 2869
2951 484
4908 374
572 2613
1973 3681
2474 4114
934 156
2626 949
3095 4497
4214 3866
4178 3545
61 1532
4236 2510
3955 3948
608 1697
4670 3000
2040 3205
4156 4377
1460 4928
1760 1426
40 4424
4977 2544
3293 1142
3966 1412
4818 4009
2252 2025
1600 1749
2569 4566
2124 3734
2576 333
4305 3646
3587 4448
1791 277
4182 2140
4848 2109
4055 2470
3819 4980
2176 4017
3877 4138
3369 1367
590 425
1980 4487
3669 4679
1083 1545
356 2830
765 1039
4653 1473
1502 2139
4541 462
3098 3672
4018 4708
2761 1128
964 1452
669 4571
4449 3472
673 391
3524 107
881 2014
2685 3421
4154 2431
1234 2210
1907 857
1376 4989
2510 4364
3857 3280
4684 3010
1854 4231
2313 4620
4080 961
4628 1891
1635 4234
2497 2652
2182 3183
1283 4023
2223 4121
397 2187
2987 4618
728 4153
1595 1398
999 270
2885 2513
1987 3672
81 3378
147 520
1819 3797
4696 3448
2615 1648
2111 4421
2977 4895
271 1763
2742 1173
1193 3956
3264 2245
2676 3528
1935 3319
2196 3939
2859 1356
4158 1088
4215 2776
759 3999
1837 3894
3790 526
659 3988
3198 1015
1830 824
387 3133
171 478
1472 1754
3012 2561
889 1117
435 1060
4115 3918
4278 3013
4998 674
311 4372
2947 3549
3318 1652
4926 4992
1306 2163
4591 1374
4976 3131
1102 2875
1634 434
3066 4947
1244 2528
551 2108
3293 2490
3779 163
1621 4934
243 2254
1951 4558
2192 2208
4817 4757
2530 4146
1922 3991
422 3111
4994 1690
3525 1502
1130 1333
3899 1171
3441 2537
4527 4136
2719 186
3538 2422
4727 1808
3765 2897
4477 4460
510 2485
4129 4911
2009 4682
1962 421
1582 4853
231 4824
1894 3757
3614 1344
4454 1818
2922 1080
4812 539
3850 3537
3073 535
3306 2382
3132 3775
3109 373
4141 1000
4830 267
4777 4759
626 1255
494 1017
4556 3180
3948 549
775 1084
3798 4251
2349 4190
826 3820
82 3964
1803 4503
2044 4790
294 3867
334 1295
4023 2088
3667 1192
3746 3028
4998 2333
1904 1016
158 1627
4939 1307
651 2648
1862 1822
3625 1619
2040 4733
4940 2169
3288 3304
1122 2912
192 3774
3178 330
1524 575
3122 4225
3908 4466
1149 4361
1341 2580
1897 1839
4190 513
530 620
926 1797
1123 2097
1002 4845
3810 2212
4885 207
1952 3866
1079 2965
4264 1077
4770 626
512 2853
4751 1084
2510 337
2114 1122
1206 2726
370 4395
3770 2144
1598 103
4289 133
3134 1012
135 4262
1987 1953
3378 4666
2484 3490
4599 3943
879 4624
1219 3827
4236 1545
1323 4403
3712 1497
1570 3451
3555 3339
1332 22
3151 4310
1770 4895
4514 2216
1881 4572
263 1654
3817 4613
3048 3903
3926 2178
2182 3897
3323 3223
95 3631
4594 845
4844 775
1071 2893
1017 2965
1993 1112
1581 3621
861 4197
4183 2767
2415 1567
4000 4987
4904 3421
950 2854
2694 1715
2270 2937
1245 2045
95 4501
3620 2434
695 1356
2907 821
1605 2094
4840 1883
4523 2274
242 612
1231 422
1966 403
2654 4610
2008 456
4270 2948
4087 1564
1502 4335
2460 3601
3261 3022
1841 756
2732 246
4600 1691
1365 1051
2993 906
188 1973
1153 2304
2208 4200
2151 960
1808 3806
1463 2736
2333 3860
359 2414
4324 2202
3581 533
4811 189
3704 56
3699 2493
2316 1088
1473 4747
1782 2065
1805 1099
500 3383
613 698
1790 3736
545 3037
3867 781
1474 108
3599 1155
2796 3428
2148 205
3586 3045
2582 1048
3973 1811
3440 1020
2787 639
3162 2202
2289 490
4254 2050
3118 631
4628 1031
584 4350
4929 4525
4991 696
1228 4613
4656 3755
2365 2883
3222 110
1898 1763
3234 2491
1481 341
186 2316
3084 4207
569 3453
4122 344
132 4840
2940 685
1857 1696
2446 897
4452 938
487 2142
3304 1879
1471 603
4734 2265
2782 2008
1895 3426
3375 1734
4262 4868
4477 836
2196 4052
2777 2733
1199 701
2545 4248
4540 712
577 25
4102 344
4379 2867
3203 2724
3755 677
4149 381
4241 3408
45 3155
458 2884
3206 1645
4800 3890
4341 3202
4507 317
4679 795
3461 2151
1598 892
4511 678
2647 335
954 3958
4129 2836
3081 3568
4755 2063
2600 4953
3391 3008
2641 4640
2402 1104
2843 1192
1620 4186
2848 1399
2134 2403
3134 3276
1646 444
2612 877
381 813
2518 3674
4950 2140
745 4443
2231 198
3820 2972
881 1567
3203 1629
1004 434
1623 1055
3901 4893
2478 1413
4843 832
4729 1237
545 4600
691 4326
3100 1815
3850 1092
723 707
1543 2254
2991 2386
4382 1582
1061 4586
2720 3455
4480 3464
3883 3198
3670 2632
2364 4197
1104 82
3468 3825
3795 4228
3725 2850
671 361
2385 4923
2873 1597
3278 1187
975 3783
2033 1777
3864 3096
1945 1237
2232 4072
304 1866
2269 144
1742 3741
4256 1796
1166 4343
323 4382
4652 4097
2883 603
3160 4357
2416 3420
3532 3605
3456 3004
3948 277
2956 3562
4697 1357
4029 565
2298 1460
1593 677
3388 4448
4594 2805
4364 15
1178 3040
1737 4270
3203 825
401 448
1598 4663
3626 4898
2076 4252
3680 2212
952 223
1071 824
4741 1499
1132 3555
1533 2602
761 1361
2806 4555
2095 4499
1345 928
3009 955
3994 1358
4077 1729
4126 179
186 3752
2792 443
1753 4485
158 3652
1131 3980
2103 857
4965 2355
992 4487
2272 1153
3358 1228
2169 2795
13 2013
4000 874
1861 1100
1320 4676
4751 4416
918 10
3655 595
633 4267
990 1132
2718 4548
255 4573
393 1320
3039 2576
3948 2695
1028 3762
432 3926
2470 2051
3131 4912
3571 1608
3438 4199
115 1700
4891 393
1583 1025
1963 3802
1807 1994
3681 2665
639 4584
3775 3006
832 1908
2670 2043
1519 4309
3527 1166
2596 2095
4234 4652
4073 3292
1221 4683
3545 3953
988 1601
1681 630
4383 4298
3585 4928
2661 968
1904 4794
1552 4626
2049 2150
4497 713
3497 1223
2356 4868
2000 614
2666 3041
3751 4695
85 1449
633 482
2057 4716
3076 4760
3944 511
3267 2332
2484 3688
4560 3544
4388 3380
3449 4518
312 103
2025 1534
906 3824
1822 4859
2930 4243
1398 1974
1791 1192
1254 4679
2621 727
3865 3873
400 504
3505 4837
2320 406
1596 2408
2523 1593
3669 4560
4774 4718
3400 554
1902 2542
3909 62
817 2281
3071 1090
657 1685
2987 3692
1254 2666
1848 4082
3600 1203
3997 1135
1383 2508
1531 1435
475 3373
538 1579
105 2612
1760 4233
3623 1535
4491 1682
3909 4876
4169 1606
4990 3427
715 4411
4100 1989
4990 3924
462 2992
4240 4238
2271 2015
3491 1250
3982 2575
1235 2883
4271 3082
4077 4376
4394 1338
1300 972
2255 4547
2740 4756
4577 2498
301 2900
172 1584
2400 1626
1375 4175
4896 844
4217 4290
2506 3733
989 124
1309 1969
2387 3594
386 2326
936 2686
3141 3589
3563 4336
1200 4202
685 3068
3483 1580
2556 1211
2416 2236
2028 4072
3317 4901
3989 3522
4039 456
799 3451
4106 1002
4218 1541
314 695
2716 3157
2537 629
4114 758
2363 1667
1364 1710
2760 2134
3455 1690
3235 1874
2782 3225
4048 1681
2439 603
2906 2046
3116 1812
2513 2052
4301 4494
1029 1861
4971 2926
317 269
3848 883
3040 1019
2201 4277
1510 1118
3176 3881
3630 2595
4336 904
4029 3558
3262 2226
1120 673
378 4595
2773 2779
4856 2671
4108 317
4329 2284
903 1673
4719 207
2910 4197
4495 2234
4298 2714
1000 3774
655 1356
4900 2383
1620 1209
2697 4584
4596 3170
1069 742
2929 206
4954 4272
2851 2173
4852 1627
3114 3121
4980 1195
4145 4282
468 601
1049 2827
2635 842
130 3358
4761 4766
2322 4464
1833 2644
746 4807
2874 465
1631 1378
4496 4653
4546 966
3234 22
497 2768
1805 3886
1465 2805
4410 3201
3948 3873
372 1872
1200 558
4931 3718
2715 2613
2755 4023
4152 1807
4469 13
1009 4935
67 548
3647 364
3186 2706
167 4007
4989 571
279 2498
4106 1779
617 1645
1390 4039
1290 203
4888 1693
1521 3800
1230 3094
3075 127
2101 1366
4001 3560
4576 197
1346 2378
1917 249
68 2171
695 2592
4187 3929
4850 4632
4192 952
111 324
4759 1805
2442 1223
1188 4177
1418 2464
1679 3007
4609 1593
1715 385
2425 2312
3425 1562
4124 2992
2144 3392
3487 4854
279 3661
268 2119
4090 1112
311 1551
4325 124
2184 2118
1045 3900
2409 2150
4902 2808
3398 137
4690 1254
2342 4050
3570 4182
4406 2263
2130 879
2521 2194
2556 1116
95 247
638 672
412 3768
4981 3495
1858 2969
1553 3951
2529 2748
977 393
4959 1186
3535 4601
3158 3224
2132 3945
1801 4481
2155 456
3722 4698
3932 4270
2136 4084
3133 4405
2305 3284
923 2736
4855 496
2259 2367
273 4579
2085 3396
3827 2518
2379 1337
984 372
4821 1715
2981 4337
4856 1257
4884 4513
4706 3974
1501 3195
576 4753
4775 1927
4939 3630
3158 3515
121 1693
2424 1039
4115 4093
3836 1714
2633 3428
1527 4217
1633 3711
2188 528
3041 2721
740 20
708 3018
3164 3251
4263 268
1611 3955
3470 4931
1393 130
3222 4496
2532 4996
3303 2770
1090 1332
2052 1984
3067 1686
1469 2866
3823 231
4639 3498
2157 2334
4272 2708
2907 229
1055 539
3672 3157
2951 3086
1948 4751
904 4266
4879 1793
609 273
3371 4015
1467 1921
4367 3594
4286 2482
4230 1554
2881 4717
4884 1303
1835 722
4658 3327
905 3331
1255 1990
100 461
3253 4543
3431 1372
2499 4604
3266 1834
3707 4237
3704 2028
3839 2063
1496 2957
334 1176
261 3312
4436 1370
4627 1937
2890 2097
2059 2492
2601 3671
525 3827
2471 319
125 2766
557 3660
2491 4400
2017 758
958 2550
1682 3763
2624 4327
1638 4571
922 1330
776 950
2647 1017
414 4793
3025 1544
1575 293
4902 422
196 2889
1725 4509
488 3723
2764 2914
3997 980
2045 4470
1744 2275
1896 3689
4189 3562
4098 2206
2508 2792
4626 280
491 737
727 3123
417 3736
68 2117
2543 3406
3581 815
971 1852
3439 305
1151 2658
2329 1379
527 4962
2761 4566
1352 489
364 1694
1947 2195
4663 286
1467 4411
3004 3530
537 3802
1856 3327
1685 4800
2211 1466
699 1728
3644 3278
1415 597
137 1299
4028 1766
3082 3207
990 1875
267 1365
158 3381
4699 1611
2469 383
2304 107
69 4153
702 4607
830 3200
227 3022
3701 2289
1913 142
4924 973
1974 1277
2945 4732
458 4762
4717 1836
2468 4656
2979 3561
967 2963
2457 529
4251 3221
3459 4954
1386 559
712 3851
4811 1807
1367 424
317 808
250 1483
2714 423
3733 2336
3146 718
3752 3446
3326 1462
1205 4601
1472 1235
2855 1941
1267 2951
3813 93
4073 3510
3560 1679
3691 2519
4138 190
4577 4051
1457 2497
807 113
212 1476
202 1414
4737 2543
1294 4780
2985 2185
4171 4627
3660 3543
2169 1300
2334 4431
1892 1953
2313 4361
4273 2542
3206 589
4640 848
3271 1175
3155 3769
842 1247
3386 2618
989 3782
4571 3231
1509 922
1787 1550
1357 606
4827 716
567 3481
2998 4181
1372 3442
159 2085
383 1654
4106 1371
2807 3523
3745 4376
4089 2979
4028 1366
4711 1816
2964 3492
3064 3563
4600 1855
170 4788
4676 2594
1634 617
1492 4109
2952 999
4583 4792
4731 486
3425 2372
842 2375
2318 3214
1792 3795
1975 660
1169 2353
1874 1593
1917 1106
3738 327
12 2857
2363 4237
1758 4123
4390 4158
1610 3071
2311 2747
3864 4925
472 21
2112 2146
2861 67
3813 1056
69 2110
11 1392
877 1897
4292 2531
1074 4270
165 4617
4900 127
405 1767
1216 2632
4745 525
3600 170
519 600
461 3325
253 132
538 4332
3596 396
3719 332
625 590
4783 945
2205 2096
626 2851
1227 2265
1699 3814
1606 2908
2673 761
4892 1151
4520 39
4500 4706
1355 613
4497 3949
4940 2959
3615 4209
3661 1670
4443 71
749 1960
3062 924
1871 3751
3028 776
923 1007
3709 4041
4806 2390
2129 3923
2017 2537
2389 610
1940 981
3971 862
4449 4535
4435 3579
1485 2824
1178 4185
432 3658
46 338
4177 3045
107 3141
2744 3572
4836 4662
1284 4284
923 1069
803 3434
1564 3026
2470 2849
365 3907
824 1514
1685 887
2834 2267
2560 823
4740 602
1981 3624
4696 3908
3881 1799
3219 1636
1525 4333
2711 2790
1454 1219
511 1201
4994 2341
1281 2430
4516 970
1702 751
558 565
4971 3832
1551 1053
3235 3269
2971 4978
3059 1831
2732 3981
3029 1144
1120 3711
2648 292
2167 3973
4895 4645
2529 4861
3583 1099
4146 3169
1281 605
1239 2383
3319 4269
756 4326
2347 4659
395 2632
1994 3121
2020 4909
1174 1537
2 3768
3490 1174
4206 4139
4949 742
1962 2990
1763 820
3407 3041
3033 2974
3892 2995
2547 3391
4249 4255
4722 1819
1378 238
4628 1758
3403 4642
3914 3156
3306 1193
3091 3510
2434 3924
2035 2352
194 1356
3764 1762
878 1179
121 379
2614 3687
4488 117
871 4533
1611 624
732 2056
1234 3130
266 2947
4621 228
3232 3132
1451 3467
4197 2560
3691 1707
1206 988
545 4450
1065 248
4842 3449
4304 2911
4917 1392
3976 863
1212 2849
1777 472
2360 3710
2001 2544
2566 3271
1278 2588
4916 3744
4662 2197
3876 2499
2061 2076
2950 4673
1614 2250
2243 4167
3640 4170
1835 2467
3776 3351
3481 4737
591 1705
4083 1310
853 4100
2140 4974
1413 3118
541 1962
1426 2142
1899 86
4069 1152
834 1633
3800 3085
2260 4159
3988 2099
581 2844
4885 2117
4942 2587
3809 1596
1718 713
2959 2415
2058 4372
3837 597
432 126
2294 1533
607 641
3550 2331
1842 4972
2796 4508
1681 3332
4940 4593
3849 1484
4416 4496
3454 2461
104 2233
4969 3193
3360 1036
2603 2237
1385 449
4250 2339
1978 3871
863 4506
4835 105
1831 663
2613 761
361 1701
4358 4838
4969 2260
3527 214
4059 432
3794 1630
1232 3154
1639 1526
2439 2279
3035 4624
3285 2466
4749 4569
330 913
787 1748
3881 3907
2470 3795
389 4147
1893 3065
675 2290
789 19
2599 3359
4837 624
1651 182
2816 4550
4948 1752
4720 242
2030 322
4464 2237
3444 2649
529 1003
2791 2387
3785 445
2944 4929
619 4634
3709 3067
1481 1702
2791 573
3845 2387
3448 2768
48 4970
1013 4796
4458 2623
4327 3867
3706 4521
2008 4682
4739 4177
1392 2962
854 4523
2588 3708
4006 1160
3434 1292
3193 3648
2911 1240
2774 1243
3800 2712
1462 603
1276 3747
781 4262
4966 1286
4069 132
4709 2661
4045 1195
3427 3951
3801 2663
3026 4253
2460 926
589 3949
1169 4815
322 1923
2333 2472
2671 1444
2393 247
2072 3578
1508 2506
1859 3372
2603 1924
4561 4019
838 4780
1988 2617
744 4741
1929 2172
515 2175
1931 598
3113 1427
3165 4824
515 609
2909 1749
3735 3838
1819 287
4917 3664
3111 1478
4330 1312
870 83
2132 1798
2748 3107
3862 1406
3688 1211
1269 1924
1518 810
1970 775
1723 494
1314 879
4046 1002
2929 4135
4357 3099
2033 4976
1057 4016
4260 4941
116 4956
2584 3871
1147 141
2525 1623
208 4873
2129 3956
4938 1143
3618 2694
850 4440
1630 3936
4320 556
856 3792
3433 1782
3199 3445
1386 3238
4 4938
478 4947
1501 3190
4620 4765
313 2249
1533 1399
4601 3530
1301 358
3922 2739
1480 803
1582 2158
4520 703
101 422
1530 520
4828 4770
567 4167
255 4617
4490 1196
4799 4531
1733 2927
1066 589
4568 888
3379 451
4386 4978
3644 4167
3927 4202
2853 3601
645 4572
94 2314
3332 4769
2940 4482
4852 80
