70 1212 30
2131 1305 3
2515 98 12
3621 3504 11
1813 877 27
643 781 16
2473 2260 3
4856 4035 18
3401 1340 29
1199 1716 12
4792 4745 29
1071 3226 9
2163 736 16
4070 4541 27
2760 2179 20
48 2598 12
310 43 27
683 2569 11
3033 2540 21
581 4410 7
3500 1678 27
37 2014 22
2447 3982 30
600 4850 23
4840 2995 8
1697 761 30
746 885 13
671 4404 26
2118 3768 19
977 1493 12
2176 3503 13
3222 1350 9
389 4270 16
3601 3333 19
4925 2507 13
4869 1103 15
3636 4576 2
3223 2598 17
3569 4479 21
2870 4985 28
596 1483 15
2778 2459 2
3038 1122 10
386 2887 29
545 2801 30
1310 1633 9
2873 869 14
2061 1459 20
873 3219 16
630 932 16
4423 2422 26
417 477 14
980 691 9
2253 2544 9
4574 588 24
2484 4521 10
1364 4930 17
2159 1003 28
2315 499 7
1518 4323 3
1469 4828 23
2352 815 12
3985 2307 26
3416 3316 16
2596 1178 29
220 4299 12
3492 2687 28
685 4637 27
2276 4899 23
4747 4715 18
2899 3660 15
3077 4007
2397 776
4860 1731
3593 3218
872 1667
1304 538
496 2609
4502 2595
3472 2627
754 1858
3504 3933
98 4074
4228 4848
4799 1190
1220 235
2974 2369
1209 1252
4880 4216
4258 3731
2980 2547
4865 728
4749 1294
3315 1103
4945 3972
3713 2867
1264 3600
4110 309
1955 1891
940 388
2623 2726
1297 1573
1064 1128
721 334
2162 4698
3908 2116
4419 2376
2357 2860
1401 4571
3714 632
4042 3580
2262 2433
1443 4453
4413 769
1294 4690
2078 3422
3163 4021
1600 2531
2893 188
3327 4918
1774 2526
2911 1436
621 2317
2879 4024
4238 2746
311 3420
1186 898
2457 2435
3896 426
4403 755
3271 3564
2181 444
1855 3289
897 1996
4667 4750
2301 4016
3119 1570
4318 4395
2821 143
172 2689
2322 3375
34 1483
4582 2125
98 4216
4711 298
3563 1350
2078 2560
3976 3820
1965 3903
3754 4287
40 1301
4627 4060
68 215
1168 85
1646 1589
1672 4815
1583 3483
1444 955
3500 4941
1682 4287
3646 666
3792 3650
2335 4152
2769 3161
1582 2570
1662 4258
2181 1661
3460 3276
103 2081
241 4665
1776 416
1945 815
3360 2726
866 3801
757 1384
3918 530
4501 2213
2469 3630
4608 2893
2708 3932
717 1074
4323 3415
1505 1044
3274 4873
4659 4551
215 2099
4049 2855
275 1661
3015 2644
2444 563
2549 317
43 3519
3371 3050
4366 2474
2478 218
2934 4068
3146 4618
997 2906
3999 1893
991 438
4547 468
2214 4256
4813 16
2698 1260
4015 808
993 738
2857 4032
3166 276
2829 2373
2386 2714
2206 575
2842 4057
120 4646
2558 2117
3622 13
310 3989
2591 4761
560 4601
2126 4722
2288 4564
4390 3554
4047 1427
634 3061
1796 915
1298 3029
1730 2769
1291 4398
1258 626
2716 3135
2093 3603
1283 2274
4025 1535
4472 3562
4329 362
2349 4959
4858 4308
3949 1554
2147 1265
2270 1092
4323 2033
2807 3899
3060 1896
1204 2352
3632 2292
2422 1315
432 394
4754 4886
3438 3121
2547 4722
4464 1876
847 167
1611 3041
1226 3591
4650 3321
4177 1027
1232 4647
4881 1187
966 617
3938 42
65 573
892 635
4617 2863
3572 4513
173 1423
3895 915
3502 987
3145 3145
3828 2807
334 1490
1951 2694
4786 1930
2142 4155
3499 2296
1505 946
769 3880
1 3794
2675 969
1556 4775
4980 4896
1345 2364
4310 1132
1964 568
4004 736
2328 815
816 2497
878 2020
31 4110
1517 1914
864 3404
1144 1609
4042 2500
1501 3562
4015 2884
4405 671
2336 4832
122 3225
3170 3861
135 4111
4766 4687
4303 3315
2086 775
102 3949
2432 4146
200 4467
4153 1414
690 3675
1145 3743
3992 878
196 2900
2496 4176
2930 3493
487 3952
4077 3519
541 3111
131 80
1159 3013
356 12
1060 1707
3622 1781
3203 1746
620 3327
2744 4851
2800 1643
4332 1969
3085 2000
4597 349
2837 4326
2472 2560
2668 730
3854 4217
3190 2040
1247 3817
3833 3995
3323 3809
4677 3748
3132 4360
4988 4863
81 805
4185 4258
3080 4458
1760 4781
3722 328
2260 356
4712 3770
2455 3104
2715 2268
2894 1582
1130 2074
4321 351
269 4625
3526 4172
28 1723
3577 4284
1483 523
1668 2639
2491 2159
3858 3297
4854 3334
2069 4873
3896 3466
945 1711
2237 3418
3604 56
447 789
3957 2551
131 347
4797 1673
4288 2583
3448 3611
4008 3369
545 2209
3986 2686
4301 2938
2493 1128
2724 3279
2827 4655
491 4908
4296 3866
296 269
3931 992
3172 1792
2003 2349
4779 2733
4269 1282
2240 4328
2300 2444
267 1149
332 2155
1691 4860
1567 3635
16 4539
1213 2747
4248 3749
409 3981
945 3572
742 4887
3035 3326
881 712
2544 3181
4828 691
2783 3823
3740 4076
3802 1416
4478 2215
2876 448
3582 898
1287 275
3037 2721
2898 4957
2015 2923
2636 1319
378 1495
3740 899
4714 78
1234 3198
1369 2401
3931 2996
1623 1713
3222 4431
1686 525
1804 4215
2428 1743
3824 1513
1893 2058
1134 4789
2289 2113
4814 4080
492 4352
3687 4265
3157 2831
3435 4663
3409 3722
223 3646
3219 521
1813 875
2290 1287
568 2186
4886 659
1977 2576
4754 2005
4835 2297
1093 3899
359 344
673 1486
2612 3713
2901 3830
4687 4517
3575 3710
4764 2051
2031 729
399 857
3967 2355
289 1315
52 1234
4993 4363
1221 3267
4041 1743
793 1653
4944 64
1222 1840
1553 2368
3710 2414
3563 737
2303 578
4209 2317
4580 4194
411 712
4175 247
3286 1793
3440 3116
301 996
2180 3494
399 1919
373 1116
4874 4775
2698 4508
3988 1528
2881 3013
2370 634
2487 2706
39 4387
3761 2595
1737 2399
1025 4119
1334 4783
1542 2063
3422 4123
4925 4232
1533 316
1259 3749
1625 4693
2010 4461
2136 2774
3387 1005
462 3392
1661 1932
2858 4747
2604 1766
4790 36
2569 807
4252 744
3502 1824
2126 2089
3010 1302
3974 4125
276 676
1708 4210
4908 469
3407 1530
2578 3298
4452 3901
580 1467
3843 3416
1060 2983
4592 4406
55 2055
3692 1433
1848 2319
71 1026
2989 3519
3051 3852
2181 539
4250 24
719 2201
3512 2837
4799 579
352 3962
3420 16
1411 1791
4373 4274
1321 4600
205 4323
450 929
239 1940
2968 1267
2352 2081
2828 226
2170 3639
915 1589
2685 4518
2257 2832
2542 2548
1433 2764
2002 1082
1475 3455
1166 1407
917 2494
4833 1368
1060 993
3138 1996
248 3998
4091 2735
3898 24
4039 3855
3213 4681
143 2612
1919 4717
153 4891
1577 3561
4080 4881
2531 1190
4058 3272
164 3682
1340 4971
4878 1390
2288 1183
1571 2728
1286 4751
2833 1055
2770 908
4200 708
1829 704
3730 4662
3840 3246
3616 2349
1840 3675
2242 4797
1633 1817
434 4770
4585 2305
3669 3569
2366 2714
4238 294
4382 2329
4117 64
3051 2640
1754 3897
1199 4533
1215 2482
4602 2176
3858 1891
230 1510
1221 4788
3990 25
4164 515
1801 1174
4521 1005
1910 1630
528 98
3177 3635
2811 1662
683 3058
1137 960
3964 1230
3353 1856
1343 4680
4633 3033
3600 928
738 1265
325 4774
562 2592
1575 3914
3768 1017
85 3401
205 4362
3881 441
3178 1119
4514 4642
414 4174
4151 3118
318 990
189 1685
1794 2721
4669 631
2570 3550
2885 4649
3456 2500
3437 3052
4577 3076
2425 4132
3218 1933
2052 995
3007 2790
4083 1145
2643 1823
359 3929
4660 2112
306 1731
267 3617
1306 1344
182 2598
3838 4586
4035 546
3627 1396
861 831
2732 299
2815 706
1168 4887
1833 1480
3674 2375
3939 1700
2348 1822
196 1267
553 2849
4714 2399
1337 914
4557 2926
4756 3494
1429 1937
2167 2569
4234 3573
1130 4733
1545 3670
1958 2960
4808 2272
168 3235
1256 4010
3985 2603
2226 3673
4108 1867
1841 1536
2225 1655
4147 3604
1579 3516
2751 3889
757 1951
3805 476
935 787
4087 1724
2676 1725
1922 4910
3806 4690
3337 3254
1880 2137
80 809
2926 674
2599 2963
2100 3803
1213 1554
2729 249
810 919
3696 1947
3671 3417
1556 1625
296 328
2400 2629
99 3388
3956 3368
3319 2901
4955 4059
776 1281
2707 2138
368 4262
4557 2879
3775 648
4429 2730
824 4037
3571 112
4463 4380
1823 4124
1946 2653
3537 1400
2749 4350
909 4148
3794 2035
929 2382
1331 819
1651 2832
4785 4961
4450 1950
1174 2773
1813 621
4448 1889
3953 2990
2938 1722
1066 374
1751 2829
1775 1709
859 3824
1615 3090
827 3197
3271 4321
3177 1167
4584 2412
267 4008
2852 3416
2173 1003
649 3337
1175 961
1040 432
2718 2712
2852 2656
3487 1811
2 4444
59 4953
4315 1965
4955 1596
430 2056
4835 3278
2576 3491
952 1347
541 4785
4338 1882
4095 631
4993 4719
1635 3784
1312 1308
116 162
439 4126
4725 144
617 2959
2774 509
971 998
1180 1777
934 3469
3977 2771
2187 248
3474 4901
2745 3265
2851 4718
75 2009
2926 4323
3264 1628
1755 3054
3599 2537
1511 96
860 3789
2010 1372
2281 2501
1151 4562
1988 4509
40 4652
4947 278
3420 4590
696 1307
1652 1439
4516 1826
1258 2877
2057 1472
697 2214
2408 4905
4785 2367
108 1752
4061 2464
996 1574
2247 170
611 1402
4030 3834
3205 3276
761 1403
2665 1865
2632 361
4037 2131
1402 4471
1779 355
1528 1825
2431 4555
1624 2458
3880 1628
1488 3647
1200 3693
1984 1311
3790 848
2628 1940
2841 1587
3822 1769
445 1298
2007 4959
3602 2260
1910 4250
2231 2559
3483 4003
4552 3162
4389 1343
2541 4099
1973 983
96 4787
4102 1410
4842 3954
4552 3419
2396 4922
2045 4293
698 2121
4327 411
4351 3807
414 3944
1062 3237
2975 2648
1480 3151
4844 4083
1082 2588
3159 4080
2701 2627
3906 962
2823 2961
2103 1961
3518 7
3027 3079
605 894
4720 4663
2825 4183
2110 120
2013 1047
844 1640
1760 2979
3485 722
1414 1645
2652 1509
2493 501
15 4199
2854 2752
4916 1879
3051 1620
100 127
612 3865
4876 2807
4063 1442
4327 1955
1588 4620
364 3729
1371 1390
3329 2028
3075 2212
1223 4259
3067 3117
220 1228
259 3488
4285 4513
982 3953
1149 1192
2161 4549
3206 300
5 2714
1555 56
338 2090
4285 872
2152 3273
704 1421
1920 4006
2825 3396
3927 3176
1859 2913
1496 1182
3199 4203
561 3410
3638 1443
4303 1327
4469 4741
3282 3215
888 4516
3279 3530
4881 2417
747 836
1840 545
2594 3407
4795 1453
1035 3002
6 195
2030 2126
1468 2757
395 1203
1767 3509
4948 294
3306 4896
3592 4571
3705 1879
806 4896
3538 1528
3491 4693
161 291
3677 2761
2914 353
1528 1832
1855 956
3508 1324
2430 2469
2997 53
2430 876
541 2475
4257 4438
3796 1761
1595 3286
4183 4382
2036 3907
4236 4209
3716 2034
1211 645
4987 2235
4502 3594
3339 49
2047 4734
853 2574
885 905
3088 834
2776 3588
1764 3890
3169 177
3095 2607
2689 4722
3868 4136
3954 2847
15 332
471 2219
413 1554
4894 4850
3812 1788
212 1103
1326 4709
1587 4913
3649 363
676 896
2871 1000
1870 631
2323 1028
4536 4284
4460 3294
1160 1092
2387 4062
2793 708
60 33
420 3964
309 937
3959 3861
2634 2432
1812 1682
4992 4372
3595 3924
3871 1787
348 133
1413 1133
2700 4449
3865 1783
412 4006
3915 1270
2548 164
2115 1959
4825 3110
3815 4782
2577 4644
2678 347
2699 1332
3121 268
358 2069
3085 949
594 2069
4571 2661
1752 659
950 1955
4935 168
3967 1863
4758 3056
966 1824
1193 1855
3292 4522
3399 4498
143 2042
1923 4280
2772 3420
1169 4030
3096 4981
4400 332
2903 1114
1429 2994
2137 4401
4844 2352
3941 3025
3930 4211
4570 166
3326 4674
1116 1634
666 4036
4687 4957
1985 3884
3897 3852
2472 2539
3662 3367
2337 1327
830 3022
3602 3986
327 303
4219 2124
3784 3924
901 72
837 3838
4203 1415
2044 2282
4356 3527
807 41
1497 4145
4050 3273
4656 1135
845 4140
3415 369
1724 136
4 812
2043 4787
1004 2288
4405 1525
3168 3614
1907 4256
582 1868
4985 2289
354 4447
1701 4418
2586 3004
2367 3698
525 3393
3766 4319
3913 491
822 4029
3795 1838
1590 2412
979 2764
2243 1004
1219 2313
632 4982
53 679
3223 3978
2832 1345
1476 2029
1382 4192
4424 1415
4931 847
1465 480
1294 3712
4329 4205
821 2233
747 3705
4314 3291
855 3924
1648 234
2064 3575
128 3101
224 4007
4375 1077
1070 121
1910 2903
893 1360
2710 3534
3679 4514
4319 3709
4472 3400
1246 513
3902 73
416 2473
4119 4486
4601 4677
4303 4231
325 223
3621 650
1464 773
2012 1598
4197 2416
3165 1959
1077 3519
2664 359
3935 62
579 1588
4454 2966
2970 1987
4182 480
789 1946
1159 1364
1721 1903
2281 476
324 1439
4895 810
3440 1509
1268 1733
1360 4340
4580 953
1492 1907
3461 4464
3637 3346
776 4958
4602 2022
3874 1530
3694 3533
336 435
895 2790
3272 1849
3242 2977
3159 1094
960 4841
2921 501
804 3945
3224 2605
567 385
770 1039
1311 4427
818 950
1984 3394
3492 2637
2964 2874
1162 2425
4231 1851
2962 4012
988 3104
1802 1813
124 3875
2993 3967
3940 1936
3992 3755
4432 418
4527 465
3972 822
1397 3468
4291 205
2849 4192
906 3721
2263 2923
3110 1399
1991 316
3826 1197
2225 3363
428 1915
653 70
413 1323
36 2096
2792 2262
4372 4027
4967 3076
2358 2748
2344 1586
2271 4095
4441 2961
4577 1943
1235 3058
1153 4063
2502 3366
2785 2665
3182 2459
2402 1042
3495 205
4945 4141
3509 2171
2397 4277
2296 3502
2994 862
72 1297
4025 988
4952 4
2365 396
3049 2975
2675 244
851 3010
4072 2356
3837 415
3135 1120
3130 2247
4037 3798
4428 683
2278 308
2721 2915
1277 3108
519 3348
3343 4615
1972 1006
3625 2356
2286 4815
2350 4470
3178 3332
4354 1952
1759 4240
276 2071
4974 1226
12 3153
2208 2034
3768 1671
770 2972
1700 645
2416 1757
3959 4995
171 253
3261 28
4199 33
2811 2831
2741 1084
383 1264
2462 1597
278 85
4992 513
4367 4275
1868 2825
1029 1609
3617 4981
2283 1597
522 1856
3480 3270
1774 780
3339 1786
2519 3535
3299 1384
637 2290
4789 4810
697 3174
3935 2084
69 3476
4526 3747
3392 384
4136 2137
1990 3560
2886 963
2502 863
4746 2053
4042 1452
3322 4709
2444 2869
4342 1468
3490 757
3524 3678
1825 2923
1753 4923
4056 4626
1612 296
916 2977
4501 413
442 440
4261 2841
1242 2039
1124 2861
2196 3351
2485 252
2408 796
399 4949
2895 3341
4982 2781
8 3890
361 3742
685 1992
428 3041
3773 1276
4939 3424
