80 162 5
912 280 4
982 832 3
357 961 4
523 511 3
977 922 1
375 224 2
337 986 4
830 794 3
685 482 1
191 546 5
457 290 4
579 107 4
915 491 1
871 465 5
584 278 3
270 507 4
751 221 3
73 897 4
964 114 5
162 849 5
234 975 1
859 293 3
851 879 4
605 738 2
772 284 1
331 524 1
816 56 2
693 413 4
67 369 4
204 11 3
356 38 4
686 495 3
569 341 5
973 97 1
353 660 1
953 386 4
300 684 5
1000 172 4
497 980 3
95 325 3
735 446 2
397 755 4
878 272 5
892 536 5
347 299 4
475 68 2
630 118 1
822 356 4
230 639 4
718 339 1
198 804 5
533 852 2
426 923 4
634 811 5
47 322 1
646 49 1
447 534 4
306 559 4
470 861 2
742 215 1
743 685 3
700 378 5
250 540 4
593 218 5
360 518 1
835 663 2
748 157 3
930 245 2
523 800 4
483 293 1
113 771 1
753 633 4
351 776 2
30 563 1
150 947 1
195 928 5
719 17 3
753 113 1
362 189 1
253 903 4
511 358
541 267
871 757
323 682
233 99
694 824
482 978
274 374
145 606
20 979
169 268
249 794
299 644
805 986
609 21
334 11
372 433
234 826
30 738
531 823
886 147
349 530
467 870
534 272
281 64
787 766
30 35
115 572
794 147
321 95
102 487
441 180
615 126
479 628
257 367
647 213
980 237
565 907
564 71
827 589
739 82
722 764
191 424
425 324
10 78
139 499
451 528
715 361
721 266
818 413
512 423
757 306
982 781
121 568
814 843
84 912
367 86
802 247
517 872
281 130
174 369
725 857
957 447
739 274
285 654
424 577
508 896
599 720
271 412
665 138
798 895
126 531
800 812
797 997
671 884
650 297
5 254
34 814
677 446
520 873
464 665
92 668
853 658
479 749
662 731
80 79
265 556
385 386
29 120
444 869
752 421
171 26
809 804
626 189
547 608
194 129
690 524
662 393
494 292
60 267
605 717
733 131
382 935
999 743
647 807
337 547
81 985
143 897
163 134
165 294
991 480
338 434
843 822
530 871
674 828
97 524
79 627
683 213
731 299
536 42
936 824
508 115
184 949
650 831
542 479
149 793
492 236
799 617
848 46
427 237
395 392
706 848
933 672
464 268
511 724
63 914
563 206
865 978
270 949
88 553
90 285
800 90
782 417
811 421
599 861
961 536
740 800
519 251
696 341
570 1
820 351
790 110
804 831
155 947
329 238
130 18
584 10
568 888
592 713
564 266
142 884
193 384
