130 1356 30
537 240 6
134 4210 5
2902 3940 27
2186 982 15
3125 2052 11
4219 1938 12
1514 954 5
2162 4363 9
1319 4108 25
4487 2046 29
4760 810 21
1778 4004 2
4635 4259 6
4822 510 19
2883 2115 13
2637 897 10
368 989 22
2303 4002 26
1722 358 29
3484 3881 14
3976 2026 5
2154 1820 24
452 325 2
4471 4616 11
2760 2025 22
2860 3990 20
1197 4929 12
4416 1744 23
2791 386 27
449 4335 26
2877 2352 9
4376 1834 14
1455 3119 26
3650 1537 8
4714 3349 5
207 4200 6
4647 4167 24
3996 3802 3
1283 4662 5
1995 2021 14
3269 4598 21
1075 2620 21
1391 3625 9
3056 4559 11
900 2761 30
876 1116 7
3480 1804 18
863 3536 19
1738 2278 16
4765 3497 7
4095 553 20
1445 2985 6
2861 1795 15
440 3767 18
2623 297 2
1832 4157 6
3532 1701 9
2242 4364 12
4140 2187 25
3184 179 4
1032 4409 23
3851 4757 3
743 109 5
3890 4079 27
4492 4421 11
3719 2068 26
1028 399 5
2439 3323 6
3770 1512 25
4444 720 4
605 2208 18
4597 1437 3
3615 2031 5
3858 4256 27
908 1240 15
2900 2829 24
2565 1226 11
3935 1216 26
4426 4037 22
2821 2929 8
2289 1520 1
4805 2778 22
4140 3982 22
3834 1017 12
1183 1008 28
2718 4878 29
2074 3872 23
1896 1243 13
3560 4808 22
1878 1086 18
4628 368 16
362 1039 7
4316 547 28
1696 2296 16
4805 1266 18
2521 2438 14
2361 1497 3
4349 2497 26
1290 2633 2
2196 1821 11
1690 3442 25
3789 269 5
1138 2210 12
2362 3777 5
4640 1226 12
4952 2484 5
3278 1166 23
4357 506 28
4949 4747 25
2129 3100 2
3482 1769 23
882 1410 21
479 2547 22
4834 1424 2
1939 3151 21
3045 874 18
1467 736 29
3113 255 27
4410 447 22
1931 4864 8
478 3370 15
2391 3933 6
2266 4375 25
4915 1867 29
4904 3486 23
3607 3694 23
4365 1300 14
910 2950 24
3775 786 22
578 2374 22
3923 1596
4023 807
570 4411
1292 4218
750 1807
3808 1280
273 4494
4902 3143
3707 2216
4502 2865
2292 3638
4720 2387
2638 519
567 2083
4367 1096
4382 2173
1692 2026
928 1607
1672 1636
290 702
1840 2082
2571 264
4737 2965
4435 493
713 839
2399 2604
4138 4219
2114 3190
4722 3342
1405 2044
705 3593
4264 1189
1837 3237
4444 3793
5000 3551
3604 765
2775 2382
3947 1267
1648 1149
4758 4128
1191 2308
4044 4627
4963 4066
2589 4601
2691 2369
1565 3297
2444 122
3193 3705
218 1807
2035 1625
4263 222
2345 4933
3427 1238
989 1379
1954 3571
3365 3580
3742 3670
2274 1321
3008 3055
1879 2292
3257 2799
243 2944
3944 3263
298 337
1786 511
2162 874
2017 3177
1625 938
4587 670
3270 347
1162 3702
2427 2701
66 524
1999 286
2873 23
3925 19
2465 3558
4260 67
3558 711
3285 3247
4692 191
4197 3871
3482 2717
2927 4530
4783 1670
3698 1070
1825 1000
696 2176
594 1251
3398 4910
100 3400
662 4820
3438 3905
3700 2904
442 1579
4787 1773
663 2653
761 4505
1614 3487
1979 885
4786 363
1956 924
2942 3505
716 4603
4359 1112
4200 497
3656 112
2192 3080
3337 3609
999 4656
4159 4816
3189 4597
712 3423
2753 1835
1009 1500
3344 1320
219 578
1431 1588
4596 3558
1039 524
1811 612
1033 1287
2680 1740
3405 4748
956 15
3396 3837
1921 1716
4691 4693
1647 2278
4355 1772
1782 4166
1375 3393
3549 1899
2385 3305
2830 259
2575 829
1526 1142
4486 1069
4601 1865
3518 1685
138 1329
1552 3833
2456 4239
4355 4172
499 4256
4267 2853
2334 1561
4608 4064
3159 739
961 4311
3629 4023
1981 269
3521 4002
4240 850
1895 363
3061 1925
3057 4735
3632 2754
1332 3558
4338 3780
167 2592
350 4780
2677 2454
557 3468
682 732
1079 1647
192 331
2934 1901
995 1320
1121 865
2725 3411
4899 3741
1803 1348
4736 2308
1383 2727
843 2252
3148 4335
530 1838
1332 4247
4524 2859
2747 3345
2075 3962
1338 4575
1377 2248
1458 3084
1064 3790
4738 2354
2161 1520
2839 4081
4931 4634
4670 3508
508 807
2024 4552
4471 4177
3755 4333
923 190
3429 212
1471 2469
881 2704
2316 3093
1915 1779
2915 3452
428 3295
1561 1625
2540 1950
1129 2769
1019 260
76 4874
2389 1106
724 4954
3568 1240
3160 1883
3861 449
3913 3637
1118 1708
4966 2395
3653 1757
1277 2186
3767 3830
4100 1443
4089 644
3833 4820
2528 4675
666 584
4520 4244
4168 3384
4479 1663
1820 398
932 3208
1553 3734
1080 2147
934 3637
1070 1448
2075 3568
4518 4350
4430 376
3596 4213
2265 1236
4106 2417
3821 4339
4039 126
4379 3897
544 265
4359 3176
2138 1586
2692 2460
4998 4498
2693 1356
2018 1220
1834 3926
1847 1608
2201 507
3890 1784
3642 1756
2853 4928
3487 1724
4112 370
76 382
3093 599
2019 4481
1271 2307
1164 1011
3130 3521
862 2073
3868 3063
4467 4135
2482 4592
1764 488
3192 2740
1300 4252
2390 4556
2670 951
2871 4404
4817 4190
537 4864
1538 4119
3824 4373
2702 2614
2274 971
3343 852
3759 4903
1124 3490
3737 1861
1247 50
2587 4763
1020 403
3854 148
306 1144
1097 2595
818 4198
1811 1275
1750 2995
780 3589
552 3415
3007 254
4479 807
488 613
3501 4849
4016 4780
1191 1546
3245 2028
3775 384
1924 3004
2357 466
356 1179
2527 814
1645 992
2961 1731
2253 3245
1395 2719
429 3228
4650 4529
1094 3491
3488 385
1555 592
3060 1364
1075 4025
861 620
2854 2914
563 2949
4074 920
608 496
2194 3754
166 1940
4648 3294
3991 2233
51 837
2859 4116
2474 2816
4941 1511
1994 209
4254 163
1554 4720
651 1408
2896 1091
3753 1903
3705 883
2184 1554
4344 4708
4368 4007
4229 4630
2960 295
2707 2328
598 3561
3631 2701
951 4875
1573 604
4274 2543
4285 4219
2078 215
548 4219
4576 2426
3614 4049
3380 1585
3431 3694
432 3856
4859 447
2175 4132
2751 4924
487 2705
1787 3336
2413 722
4855 4336
3258 4817
4342 4252
483 2516
4165 3187
3966 3203
3279 328
1517 810
4765 4234
3023 2307
3949 1768
1473 1488
2338 515
3747 2834
1409 691
1168 2806
4114 1896
755 3176
455 1630
2410 2846
1129 1802
268 2215
4611 4780
3663 2918
2123 3880
4421 3643
98 1570
4528 3802
2410 3371
3593 4570
3589 1866
1118 3137
1586 4060
808 3316
3794 3525
3788 4918
1482 1868
3582 211
2920 859
2754 3082
7 4466
2161 4933
1462 4260
736 4660
2716 4169
2212 3216
2083 166
302 4312
314 2250
2778 577
393 1564
176 2147
4056 3
2020 4979
3051 3628
1034 1903
3541 10
1745 3667
2108 610
1007 821
3999 1161
2032 3554
2609 3435
3236 1593
3947 1992
4315 3171
311 2981
3209 1767
4146 2425
3261 992
2312 4239
1094 1278
3592 266
518 4277
869 4544
4477 2995
2035 1304
2144 2172
2325 3057
2543 3088
3090 2451
3899 1540
237 2337
3528 3405
959 602
4234 4764
4987 1438
503 1857
1683 3774
674 281
1212 686
4656 4786
1919 4539
1786 4536
620 337
3572 4900
2238 2037
4301 3331
1661 1589
273 4615
1160 3166
225 1893
4547 1022
1892 81
2232 140
3611 580
3119 1891
137 4961
1569 4592
2911 891
265 1579
59 3346
2738 4190
4930 1131
740 414
2984 709
1400 2045
890 4611
704 367
171 801
1949 712
4042 4412
1953 3543
2036 156
141 2411
1785 1830
1880 3845
1909 2388
1858 4659
3331 1307
1896 4877
1691 2095
3648 566
4828 1126
1572 4306
3274 2495
178 4805
2451 4205
3409 1521
3858 4044
4450 237
458 4663
1853 4546
420 1619
4279 2009
792 1778
4668 1983
1838 1180
2419 1530
1455 2759
509 2976
3928 3034
173 4178
2976 1085
45 82
903 2520
4442 2845
162 2675
2867 557
3860 919
2528 4956
4252 2642
1789 3446
1206 917
1953 3535
3076 3893
2499 4832
4664 847
3905 3940
2064 2586
4133 4918
925 3016
1553 3758
4169 4151
4555 36
4257 1263
2056 2178
1480 4161
2663 3140
1544 2787
4841 66
4899 1313
1817 1753
446 4189
1103 1655
662 3758
4304 1381
2772 762
3021 1341
2376 3459
3808 3834
899 4982
3765 3798
4111 773
4449 922
516 1811
3240 3637
332 569
4062 4986
2839 1765
2378 2380
1663 2583
4964 4654
1595 3345
2926 2653
1392 3542
1371 4536
4338 1990
4466 3476
3617 903
2625 4539
1184 3830
4039 4159
1192 3426
4949 4585
3052 4875
289 4686
1289 2408
3201 4176
379 1824
1145 275
208 4699
2381 1751
1843 141
3861 2299
712 271
3944 2733
4114 4472
2430 1887
588 751
193 4624
3859 2473
209 1903
1517 2384
4540 1528
4473 3240
2843 3988
841 3086
965 2016
1093 2966
1552 1725
972 4069
1631 1887
2757 581
3456 3639
1382 2593
4277 3669
4674 1114
4121 4896
3251 2872
2709 3791
4629 2397
634 2032
418 2982
1237 1048
958 2307
1443 1734
4972 3160
858 4361
880 770
737 1267
2578 4737
147 573
3293 3026
4908 2790
2978 2615
1414 3902
545 4555
4368 4872
4735 3657
4479 1784
3718 4491
2230 3531
2620 4592
1420 237
2653 261
3438 1321
4824 3772
3748 1724
372 3456
874 827
210 1315
2083 1857
3853 1307
3211 541
1092 2948
2468 906
3289 303
4134 763
3433 2444
2422 1800
2583 1392
3186 1727
172 4515
4330 92
1739 4109
2378 4416
3352 523
2326 93
1454 3505
1753 4832
3230 395
1291 4116
829 949
4691 944
4278 4221
2263 4518
3428 2660
4802 2863
984 3723
4684 2581
699 3693
1282 3298
979 2969
1662 3346
3608 1149
2703 3770
3870 3935
4904 2067
993 633
179 3596
4777 3891
2796 2076
658 2864
1854 2370
896 4197
2565 727
2947 4878
4371 1753
3788 4804
2981 3206
83 4417
2535 2243
3970 1366
2206 4065
4911 350
3985 4966
282 4838
130 1395
188 2844
960 1316
1095 4122
1268 4820
2787 1606
3124 3799
824 1878
3035 3567
382 3097
2351 3241
834 923
2632 2096
528 1830
1556 973
1651 891
1903 632
2372 2313
373 1841
2907 2880
602 4615
493 733
288 2670
2306 2730
1217 441
923 1088
151 2405
799 4867
1505 2643
2999 1493
1976 3576
85 820
3030 3129
575 3564
754 1229
3521 2844
428 437
959 615
1532 51
4454 579
4866 3794
1755 121
877 378
1582 3385
1059 1478
4021 2393
3774 2674
4344 4244
2778 3913
3192 1312
4364 1941
2857 1673
1016 3662
1296 1240
3448 1194
4924 4763
710 4569
1046 432
4417 3409
3992 4061
713 28
4754 1606
2298 4492
3478 1077
4998 4879
1903 1554
2514 3367
685 1228
577 1415
75 4009
3233 3383
1936 3416
2240 3175
85 3975
212 3469
1215 1628
4649 4872
4294 234
3394 4547
697 3570
610 62
2787 2103
3823 3484
2728 4004
3280 1697
2795 4402
3855 3140
1173 4486
418 2633
852 1776
4010 2943
3358 802
3230 4970
3224 2983
2653 3672
1946 2756
2713 2730
1720 333
4507 3579
1338 2172
1416 4611
4459 665
3390 4882
1277 2961
802 2873
682 4265
1974 1908
790 857
3413 3155
3399 2881
532 3861
4050 3969
145 1740
1177 1780
2913 83
2573 623
4262 1572
3750 2347
3978 3913
4238 1117
4259 1540
4945 139
68 475
2653 3461
3462 310
2183 3661
2259 3420
510 2022
921 3681
441 4567
3195 4501
3173 4766
4668 3693
907 3428
4052 1035
884 51
1095 4651
3521 667
4824 1499
3815 516
2073 1398
472 4156
4225 2910
1971 4791
3303 1585
4867 4572
2950 894
1617 4916
610 4655
1638 768
3074 633
4074 2465
2107 3184
473 2860
2511 2280
4386 2738
1632 1565
1857 4228
1361 1742
2319 594
3500 1269
4203 1613
191 2471
3731 933
819 2130
626 4342
1333 1609
1806 1651
561 4912
2574 1014
2808 4117
349 72
2597 3394
244 3084
3070 2045
196 1144
2824 896
1760 4158
2639 328
1722 29
219 1273
625 2842
383 640
1477 652
278 1144
2441 1775
3766 2302
4283 2055
2790 358
1992 3852
4159 235
616 3622
4054 4198
1797 1639
386 289
1086 2234
2261 1324
4123 1189
2785 1233
2459 1809
1431 2133
1344 2582
1406 1844
3055 2260
2946 1371
225 1155
1763 4328
2246 4640
3814 1404
3415 2104
3820 4679
4950 2296
956 706
2270 561
2632 379
550 3973
4387 3796
1071 1269
4621 3589
1236 1251
806 297
513 140
4032 4842
4857 2139
1331 4256
3233 3813
4734 3332
2324 2605
1074 1462
2485 3293
4713 2238
3661 882
3078 4798
1476 1857
4480 4033
461 4012
3602 4845
2978 267
2181 1050
1840 2787
2782 4732
4015 2519
4124 4326
2469 271
3095 2401
2854 4507
4155 4116
3399 4164
3142 2728
3148 8
4005 4312
1617 3504
1537 588
3808 492
1985 4484
1722 1927
2280 3804
512 1048
1180 4879
4113 1232
3170 1390
1634 1708
3041 4464
1320 4298
3636 2056
532 4529
781 127
2927 3915
3391 3566
2512 2733
2737 1622
4187 4354
2917 2118
2368 1876
2856 3512
1324 3296
2985 1761
109 3258
4882 1802
1247 3472
4834 3509
377 4196
3783 2649
3602 1658
104 2073
3778 2633
1753 2767
736 3088
1773 1305
4551 2884
2793 2531
310 2275
3803 2414
3790 328
1690 250
1536 433
2213 3517
3659 2219
3828 4686
1746 1093
2442 1683
3498 4821
3756 976
3064 2172
118 651
3290 1249
3887 1712
4342 3299
1547 1150
4899 941
316 4298
2404 822
320 2578
3623 172
398 1972
1861 1172
4962 1028
2713 701
2258 2423
2693 148
649 2024
4436 1972
1890 4466
4271 689
1891 1556
1681 139
4029 1504
4382 2974
2791 2718
4798 1437
2198 577
20 2614
3725 565
3268 65
649 533
3873 2276
2502 1610
2214 857
4432 4909
1524 4534
1985 1384
4152 2786
800 4982
1817 4807
3638 4162
2259 1081
4900 2617
526 4378
4480 3308
1988 3725
1268 1679
4693 3009
3979 1645
214 4263
189 4132
4990 3279
1058 4885
3775 480
174 1908
941 3170
1481 3505
1612 2584
38 3581
1115 1485
2092 3025
1919 1628
938 3688
474 2764
1628 52
1650 1910
354 4027
2375 4965
149 2991
3774 531
1307 2926
4033 1530
4825 4241
110 4697
141 168
4791 2412
3773 2147
1560 3201
2041 2512
1457 979
435 2044
2083 4237
1050 1897
1983 2627
4095 3854
2398 149
1372 2145
38 132
3364 4020
3867 1051
2144 4877
3282 3647
1034 2540
139 1499
2210 3062
2179 2442
4254 1927
2604 1986
397 204
4787 2327
1951 589
2111 3414
2740 987
1402 110
948 2076
704 977
1411 2763
823 2490
2317 587
2124 1562
2289 199
4835 2029
849 4034
4243 3375
267 1367
4817 3306
1326 2110
3778 3316
4579 3535
889 1136
405 4398
1640 1348
3676 2024
1639 2078
1653 94
38 3033
4606 4763
742 1800
145 555
925 2300
954 229
3298 335
1599 2392
2842 4150
3700 121
2089 34
4185 4643
1548 343
3259 1699
9 1208
1915 611
1751 2234
2491 4779
1440 2236
1028 3076
739 1064
1928 2358
4557 1000
2620 4509
4222 2526
2325 2973
2276 1433
1916 1994
1893 3912
4502 280
969 2163
2720 863
3310 1576
4067 4003
334 2276
323 2962
2408 215
694 1454
4895 2543
3426 1585
1637 2104
3582 2485
1841 2308
1953 1422
910 369
4095 2261
51 1543
1619 4529
1214 2337
4041 1585
2521 1352
1556 455
2092 329
2112 1180
1464 1052
246 2145
2684 4253
4664 1100
1845 1040
570 1815
3023 2614
3065 3507
2950 145
407 4418
369 1265
3110 4378
793 909
2932 1598
1001 4380
279 3827
4040 108
1825 3905
3598 4692
253 1143
3772 4729
3390 3682
4548 1151
2262 4735
3517 505
1370 4592
440 1785
3018 1415
4854 1322
1985 4849
392 1922
224 1483
2989 4983
2560 4908
4609 3384
502 4381
2605 1760
1428 448
4625 4348
3010 1819
298 2429
3117 1497
4389 1883
1957 1486
3543 846
175 3531
4072 4177
4906 314
3876 4675
2489 3435
3203 413
127 1707
372 2738
106 4505
1056 761
2861 694
1208 96
1177 4030
3049 3121
1429 1111
4322 2842
1853 4358
1716 4173
3341 3903
1704 491
4084 3821
4597 3284
1480 4847
2098 1005
1516 598
3865 3442
1914 2734
4196 583
4201 1737
1234 1433
1131 1653
1582 1684
3636 244
4130 3570
933 3981
677 4041
1807 2638
1773 3251
3061 2177
490 2399
2884 2034
1770 4630
1816 1741
3025 2388
4780 3750
4265 1549
1791 4011
2967 645
3417 1684
202 1151
963 947
1149 59
58 657
571 1842
3588 1785
3481 4679
1127 3479
2907 2956
2076 3441
2665 375
1108 1769
2396 2378
165 2255
1911 3922
2854 2776
3188 1248
3524 3646
1207 4815
2422 4081
157 203
2476 3931
339 778
4522 3047
4151 1105
4416 3323
3439 2705
16 2240
732 2155
3898 3532
1964 4750
432 4426
3462 1065
370 3217
2725 2654
1322 2274
4353 3557
2978 1987
3330 3241
2676 1509
4295 355
2662 4196
4704 4003
1303 1420
796 2131
435 1102
476 2253
3318 1935
2966 4494
654 1202
1596 1356
833 676
3311 1695
3897 1492
4121 4029
3034 2937
180 3680
3438 958
1653 1894
3458 3276
36 1759
3210 3391
1996 659
4296 2141
1067 2698
1840 1237
2614 2104
1548 1261
678 604
3178 4707
4379 1732
3511 250
919 2405
4517 1886
4835 3570
4279 4846
1399 3442
2820 4699
1966 1680
