90 452 30
1715 3179 28
415 4896 27
2007 452 2
1311 1974 20
3580 1155 25
4600 4602 5
106 1072 24
4188 2491 9
4140 3709 2
364 4377 3
1649 3031 25
4325 1620 20
872 4675 30
3894 4620 8
2440 229 8
4337 3133 17
2924 1275 10
4255 2279 22
3838 346 22
625 2552 2
2968 2021 3
3412 3042 10
43 1168 20
723 2339 17
2930 825 21
3012 4078 3
3611 3366 19
1338 2204 7
831 3440 26
3047 1951 11
2427 3862 26
3129 4684 26
3386 2498 1
2093 504 22
2722 2283 17
287 704 29
4189 1414 10
1793 1439 20
2450 3735 14
1798 2981 5
2720 1156 27
727 3538 4
532 4890 15
366 4137 26
2162 4069 30
889 877 9
1156 4839 10
2470 2195 11
970 1758 3
3332 2526 28
3179 825 26
634 1463 22
4313 1300 2
2743 1101 12
1804 1287 19
512 2151 22
1382 2557 6
3828 1424 12
4033 338 4
2910 1979 4
3819 1429 17
1149 4807 10
1380 1950 16
92 1698 7
4471 4471 8
751 1869 24
1302 1847 21
3010 1063 10
2966 4696 5
3151 751 2
2215 4162 6
3166 3954 12
4346 4630 22
3549 3809 21
1634 3767 18
743 4984 21
2152 4978 21
1285 605 2
1898 11 27
4686 2513 19
4825 498 4
4275 471 27
1906 4095 12
1738 793 14
326 3028 21
2231 1293 16
2958 3762 20
4033 3987 7
4390 2774 15
2622 1248 20
3279 4
3575 1219
4689 2452
4466 168
1795 4323
4563 308
3037 3072
4186 1535
2170 317
4109 2265
1056 4396
3927 3874
26 4716
2078 4355
285 2897
2299 4908
3384 4524
1045 4600
2469 3362
4860 253
2964 4476
3725 4772
4080 110
4949 2740
2027 1044
1712 809
1964 4104
4769 1314
2329 2362
4746 1095
1074 2249
1037 1553
432 4860
922 3151
2010 3511
3750 2848
2034 1017
934 583
223 2338
2766 963
2893 228
1203 3670
4894 1653
766 1871
3543 4727
3567 4772
2993 331
519 862
3437 4328
217 1258
2156 153
3689 4217
3073 4234
3706 4271
56 4551
4401 2219
515 1394
3250 2060
2316 4704
1855 2126
4863 451
4993 2758
1865 2219
2235 4997
1157 2707
3533 25
3031 4216
3108 4336
4182 3534
1362 4422
1686 4577
458 3070
3426 1041
1457 3945
2653 4813
4934 2948
2425 632
4639 4081
1538 3924
1044 3259
2094 1839
4817 3752
1822 3961
1556 3430
1578 2126
4995 1162
1143 2603
181 2536
292 2988
3880 1668
4548 4003
4164 1544
743 328
2158 1047
101 4273
2128 1936
2207 4999
2287 427
3915 3006
2313 1288
4957 939
3236 517
909 1623
383 2490
4156 297
3317 3287
1502 2252
1839 575
621 770
1942 529
4386 1313
3631 3050
2564 4891
4595 4989
1100 3137
3189 4582
3007 349
98 3530
4378 3366
1888 2364
3835 4594
3638 74
2189 2006
1863 2101
875 1945
1500 1520
2596 3311
4157 4269
326 980
4163 3364
3534 3573
3597 1684
1267 1273
456 1396
562 493
1424 2604
560 1175
2084 4381
590 4771
1204 2000
3891 4631
2580 2147
2969 772
858 4312
1892 3629
1802 2869
4662 2550
773 4052
4929 620
3822 838
4317 2644
2798 3024
1467 1020
4734 3814
1986 2142
2180 4716
267 4651
4980 1508
1060 3628
810 1925
4654 810
4360 142
3639 2407
4638 244
1303 629
2820 3989
1712 42
2828 2661
4748 4167
3759 4873
2285 1639
2973 189
180 973
3647 4285
2492 3795
2563 2975
300 397
1541 1775
352 1745
3569 4917
4657 214
1400 3996
2684 232
4859 2480
1501 2753
3352 2558
1990 4582
553 4778
2252 3332
3652 2620
288 4710
4171 1121
2997 667
4891 3962
4408 3434
2462 1763
1083 550
3943 4543
3325 4815
794 3735
4421 4221
3450 3546
3648 2819
4450 3755
93 4005
1071 2276
2220 1530
450 1685
1535 259
2113 1056
4442 1874
4236 2065
4623 126
362 1432
3467 1215
1452 355
4421 4198
1180 718
4912 1953
1657 2902
3418 2972
203 4041
3069 2946
831 2201
641 3637
3312 3832
1885 1132
4345 2482
1521 237
4355 2420
69 3673
3594 4426
4937 449
3679 1912
4917 1652
3795 2966
4405 2889
1009 4624
775 4711
1399 3273
1008 2442
4468 373
4816 488
2349 1068
835 2986
600 1670
1518 3598
1554 1828
855 4791
1060 3437
804 2470
4389 450
4722 74
4179 4538
4753 1487
1443 2027
2181 3771
2567 3308
2274 4952
4410 2412
2260 296
2586 3749
638 3522
2767 798
2214 3522
4037 1475
344 1159
1798 1122
2016 215
145 2715
2241 4735
2373 2756
2067 3441
838 3904
2742 4746
1118 3967
4624 2408
1105 2925
3639 221
538 1534
759 591
1316 4211
1936 3862
80 3003
1718 4166
1840 1735
3346 409
4927 4063
3598 1402
4579 502
2983 1666
3032 2801
453 968
226 3505
3204 2319
2286 2666
139 429
4225 1894
676 190
3986 4978
4204 1131
1964 616
2524 3961
453 3111
1945 2696
1937 366
1281 702
2889 4854
2862 2527
1016 3923
3253 1179
3177 4200
1906 4268
2552 1208
436 3962
3178 2316
2527 4367
3090 1359
3528 139
2970 4129
2866 654
2922 2596
2522 3166
1338 901
1054 594
1208 2484
3543 451
158 2801
4730 4866
1930 4532
4914 3701
403 4118
1408 1118
39 4040
2100 3961
3150 2911
2607 3562
1952 2267
4870 3670
4934 2696
283 4125
2667 4800
2604 1935
3764 3085
62 4661
2833 3719
3295 78
845 542
1836 772
422 1097
1992 4293
3441 748
3362 3529
1744 3669
3410 1002
1820 669
737 3943
3758 4816
2206 1440
3422 2830
71 4293
862 4881
2391 2872
1645 785
4269 1244
2300 2652
2250 2584
1471 4480
697 4347
4007 3416
3738 1020
1087 1964
4581 2778
1570 612
2741 2129
342 3023
3644 4967
399 2116
1329 953
2632 1642
3105 1192
999 4517
4555 3716
4173 592
3593 4307
2948 3342
3111 846
4586 3878
1570 2894
4686 1787
1381 664
121 4983
1961 2499
4407 900
4068 1015
4819 2326
871 1454
537 1674
4913 3733
3672 2487
2278 1993
3965 2762
1828 4914
3948 4682
3890 3223
765 4707
1990 1389
1182 3114
4490 427
4063 136
144 906
2115 3206
4351 184
370 1523
2545 2206
1588 1117
2099 4398
842 2521
4387 4338
4908 4940
4266 172
2975 3897
2897 1628
247 2050
4288 4127
2317 238
1482 3826
57 697
1537 4270
141 2702
4591 860
3357 4776
2302 1152
143 1422
3713 2880
1107 1638
774 2505
3173 3213
3952 1278
4702 4311
3020 2885
2852 1207
1591 3027
307 3042
3839 1939
2309 4291
707 3500
3131 4772
1172 4079
3255 4622
4255 696
4156 1616
