110 1144 30
660 1148 19
3131 2862 27
4918 3458 10
2504 1730 25
1536 3590 21
4921 1870 13
3862 869 7
1479 93 19
3982 727 23
1958 305 13
1163 3900 20
3488 1270 27
4395 2796 14
2379 4814 14
1736 3595 7
3442 3918 9
4175 4297 17
2855 1155 3
3962 1262 10
798 521 21
1857 3935 8
4831 1126 13
646 2484 24
208 4573 28
3716 352 12
3141 4414 21
345 4393 30
2029 4825 8
3927 4770 8
181 491 11
4750 940 12
556 4444 8
814 2235 19
2301 1908 16
3074 1535 12
2798 2076 16
1295 458 22
4631 3489 28
1827 1854 17
4900 4902 29
4056 1412 27
2575 2275 29
1265 1089 27
2062 3667 25
1645 3565 11
3433 1706 19
3628 716 20
4192 3300 6
4079 2823 20
2825 3753 16
4638 3592 12
230 932 12
1329 2964 29
877 3708 7
3268 1768 21
3268 3972 9
3976 4062 30
4378 3018 8
1503 1285 6
3729 3149 12
4385 3257 4
4392 2216 2
2816 2844 3
3740 2730 4
3289 3179 29
3080 2076 14
4147 2550 30
1370 1442 7
1981 2488 26
963 8 15
2404 2661 21
463 1625 8
903 413 27
1983 41 4
1198 4351 14
4306 4744 22
3743 3385 19
4245 2064 19
1356 2828 19
2891 1747 1
2632 3103 28
62 1773 11
821 2088 2
3722 4733 14
118 217 5
2614 3174 17
2527 3541 30
194 2791 20
517 2884 22
1959 626 1
4258 4063 4
4487 3011 1
4011 3626 16
987 1501 24
3005 616 5
3153 3857 4
4732 4102 27
224 3531 24
2314 4250 3
4183 3642 8
1636 3154 24
292 869 23
4362 16 5
1778 3248 14
395 4419 5
4555 3851 8
4855 882 17
3132 219 25
1323 247 30
844 3641 2
2944 2754
2494 3773
354 2216
1626 2634
3185 2358
320 4521
669 2321
1620 4544
4109 4179
670 544
2858 1035
4320 3216
2633 143
731 3084
727 2815
1108 1248
1849 4847
2206 4179
2990 1533
3191 1405
1840 1591
3499 251
1669 4734
3404 4648
3183 4024
2058 806
3024 3600
2619 3245
2767 1992
3121 2392
236 1934
225 371
2002 3019
4712 2431
186 4434
4357 3200
2063 3189
2374 4415
717 2134
2591 3853
2142 4604
2436 3065
4726 877
4684 2546
7 673
2345 3870
271 780
4459 3094
35 1845
126 1698
955 859
3316 4501
2021 951
1119 4597
3781 4799
796 2167
1999 814
3026 4787
1275 4491
2166 2952
3644 1914
4636 4783
342 4492
4001 3572
508 267
1050 4684
4706 5
2334 105
708 1021
4851 3547
1787 4503
216 1659
3027 2940
341 3674
2859 1171
3583 4173
3089 2550
292 1802
3509 4832
4279 2341
1267 2886
3954 3186
3870 3701
4058 2344
3158 3836
1326 392
235 4230
3795 234
3913 2854
1206 181
1813 3933
2581 976
4593 717
293 1650
4671 3061
3652 2915
2978 148
4794 2390
305 1647
3438 2899
3970 3432
827 3522
1445 4300
4836 2204
3800 1614
1569 3746
1587 287
980 1911
2838 3585
2733 3199
4325 4928
3549 3835
1675 1979
2672 2045
3147 710
35 4820
4739 757
4645 219
2143 3058
4137 2154
4396 4422
1528 2310
130 3821
2620 1730
37 285
3788 4946
4966 4681
2350 2637
3669 832
1922 4778
3826 526
202 4349
1200 1216
3082 1974
3775 2352
1283 3632
2327 3919
2420 4511
1038 2392
1165 124
3797 982
271 4559
518 624
4388 2711
4271 1017
871 4906
3545 4122
4596 3567
1823 3230
3477 2527
4720 4970
4742 2898
1723 2520
4166 3806
4402 1573
242 291
4147 245
3287 2838
3751 3778
2605 3709
2136 1398
74 2804
3032 2531
936 4311
1546 1132
724 2206
4350 1767
1292 1616
743 4906
1986 2217
3038 3781
2471 3228
3074 4711
4502 2029
246 3115
1216 96
433 1524
364 2056
4502 4312
3632 1316
430 212
2667 4719
4239 187
3864 3142
2841 3067
2918 2685
2022 4284
3685 3935
4837 2367
3329 2649
3694 555
1345 2871
2968 3591
292 3991
1909 1888
775 2729
4162 590
2774 749
2201 4485
160 2593
3180 1189
3820 4735
3822 3717
2917 1223
2970 3482
3198 2778
2391 3357
3722 2037
622 4927
1741 2092
1896 65
47 3161
2372 2475
88 2504
3878 4791
4247 1785
1167 3652
2079 4961
3698 4147
3863 4572
1170 39
194 4181
382 2437
3592 2896
53 4484
2689 2330
3945 4761
3056 946
3106 2908
3863 4111
2161 855
4111 1312
3690 2263
1834 412
1710 1894
4419 3020
3417 2503
599 4024
2742 1335
1713 1351
4377 372
3251 4788
3445 309
2496 2475
416 4343
3666 1364
2621 1744
1621 3373
1263 2689
4826 1609
3048 2893
4954 9
3423 4932
4530 4591
1489 4550
1906 203
1106 1494
4127 2409
657 798
4839 1148
3032 4533
920 4352
1982 2123
3177 1450
1197 2168
2536 4889
2564 1444
4540 2012
512 3605
3582 898
1435 4767
3548 2684
3837 3865
3995 2348
1387 4776
90 2384
60 2687
2987 4599
2169 277
643 3263
1909 2147
1588 3535
3612 644
4493 832
2934 2381
3417 1541
879 4952
457 2174
4376 2410
1440 3355
89 2431
4093 2456
3865 4404
1360 1525
4052 352
1356 1370
736 2309
1724 3956
2193 2822
3198 2064
442 2073
4133 1292
40 4351
1490 470
803 2441
4186 3584
2383 3988
131 2467
4777 4487
4292 1588
1398 1929
2484 1044
4254 2151
2599 4043
3095 4549
987 571
3270 4957
3239 3674
3330 2421
4959 3615
2120 3118
765 34
99 933
3778 3441
792 3538
1771 1075
1232 4660
3279 4776
2708 951
2204 4573
2854 4392
3902 751
1074 2793
1948 345
3071 1943
2466 1000
2531 483
4831 4123
2253 1156
1143 1618
1947 4608
1338 430
1671 1146
3275 1023
3401 4985
1211 2495
2665 347
4549 3993
3063 1817
150 471
3725 2289
4685 4390
1722 2756
3015 301
3911 768
4661 2539
2340 2492
4506 2644
4279 1508
2753 4197
1470 3124
3549 1510
1361 2352
2828 4217
664 4989
1488 652
4369 4308
2821 4636
2851 4946
3488 3795
1497 1559
2989 4748
3314 265
4462 1033
1161 2553
4889 3702
1685 1921
2475 2945
4375 3111
2477 3649
466 2305
4175 2764
3176 4371
4009 1231
3637 4183
179 28
1724 4872
3635 4675
4728 728
2225 4873
2114 1708
2216 4122
3979 4165
544 1895
4068 3440
4622 1684
4429 3518
3381 708
41 4623
4900 2009
4820 4759
3248 72
1482 753
1015 728
2643 4943
1592 1432
3785 1963
3280 1358
3518 1260
975 3660
2307 341
4924 2878
3109 823
1974 1208
382 3265
2594 4513
1358 3633
4572 4019
4691 4303
169 1699
3827 3354
4627 401
1719 3296
510 3379
2472 4248
2555 3036
726 2826
666 1118
3335 2809
745 2387
1954 2409
1134 3258
3941 1581
2883 862
4195 2167
3559 4743
4268 300
2550 301
2623 3447
4720 3551
898 289
493 278
1389 616
3586 4488
1383 4122
1031 1119
520 1388
2839 154
1485 809
4062 3052
2530 3546
4828 4255
971 4904
2781 1145
675 4132
1304 4463
640 569
3336 3883
4257 1376
2358 694
1009 3732
1139 548
716 541
589 637
4628 4489
770 2924
3179 4534
2652 1364
2140 1087
495 3018
3545 3083
2475 4054
700 3169
3636 1315
3665 4547
4031 1177
2329 735
859 3605
4757 755
2068 1525
2872 1718
1931 893
3093 2805
2582 1115
3707 2168
4773 72
3472 2680
4061 1675
3229 4631
1890 1439
2937 2321
301 2055
1626 2886
784 4217
2926 3821
2705 2138
2811 1112
4735 349
222 4311
4871 1418
4486 1369
3136 31
3608 1379
4783 971
2221 3496
3325 4736
3185 4981
209 4089
3015 3120
659 4607
1798 1454
4305 2088
4918 3915
1491 858
4606 1931
2189 4666
1699 3131
3232 225
1309 282
3190 2148
3267 646
2126 1458
1191 2380
3509 3767
3204 271
1518 941
4298 175
460 3863
3818 2793
1979 621
3052 1029
282 3708
4013 53
4737 463
235 4097
3970 348
4897 1533
3439 3845
2771 3277
4972 4500
1253 3611
2768 2353
4168 3976
1073 2358
571 4068
3988 3476
1563 2626
1564 4121
165 3049
2302 3779
3177 4265
2495 275
1473 978
238 371
1087 4645
1683 1505
3389 4943
4985 4614
2830 4866
2893 3440
2468 3589
727 2551
582 3596
2878 4549
3470 3884
3097 2399
4381 3089
1316 591
3063 2128
1583 4870
1264 3636
3824 1263
141 3815
1146 4065
654 1546
802 4869
4090 4144
421 825
2995 1200
3372 357
1486 3039
1949 1827
289 2349
1234 3929
1505 353
2625 2023
4655 180
3235 4603
894 771
3592 6
370 617
3547 3313
628 3083
1860 904
4640 3894
1551 3781
3552 739
4995 4084
896 4957
2443 1317
4438 1826
2342 2146
3453 2814
2620 4457
2505 2277
2925 4163
1517 3511
2470 2877
3539 2093
3286 3935
366 3981
2992 1545
2391 4561
4070 3350
3377 287
1010 438
1302 3718
2468 971
2417 3871
2627 2514
3298 4643
1962 2948
585 1203
1219 4746
2985 4027
4025 2771
2217 3169
561 3603
754 4012
4145 4153
4445 2583
1747 4355
3539 2612
366 2939
3895 4613
2459 386
13 2047
1474 1159
3699 2504
1476 758
1992 3988
4955 1214
2949 1607
3512 534
4965 3677
2216 231
4808 3351
1684 2048
2500 1865
1926 2995
4916 1466
1922 4357
112 2056
1165 586
3622 462
4378 1080
2825 4048
4092 4694
2349 3027
3805 4711
4112 3226
854 3805
2112 76
3771 3702
53 2921
4363 2760
3816 4994
3882 3392
4582 3668
2251 1899
1339 2586
2231 2098
1802 2512
465 1507
341 2072
662 1260
1085 2168
4236 4921
1558 721
1590 1006
1446 3856
3325 4684
4928 1954
457 3321
220 4551
2701 3270
3947 4541
3139 647
2848 2701
2938 596
3825 646
4446 102
2014 903
4208 3176
686 2384
1165 4585
636 4540
4516 4663
3497 1768
3189 1655
813 3799
4722 3971
2872 4455
1035 1586
2150 3202
3968 802
1704 2048
4115 793
386 4723
919 2401
1429 3834
1980 3172
276 42
4998 2741
336 3505
1093 1879
1150 2748
4165 1793
3862 2466
582 4419
849 3546
242 2100
3591 4841
816 2221
2444 4751
74 1467
292 3937
4728 4982
2312 2204
3811 645
217 4133
4518 4438
370 4887
3552 3714
2484 2751
2793 668
1984 3040
1950 3603
4565 4501
2445 3199
3076 2888
4172 2150
22 4073
4560 263
1988 3273
1176 4626
2414 838
548 147
4880 3006
1128 4334
1211 3774
2735 4430
2003 4771
4637 495
3353 1070
3 4002
3882 2888
1382 966
2370 3373
389 1489
4536 1465
2107 3258
584 842
28 2730
1490 2265
3209 4587
3581 254
4784 1107
4434 160
4067 299
753 172
1877 3216
3831 1648
1178 1641
328 4279
2191 944
3162 982
2976 2331
640 2138
139 1883
4880 2001
3497 4412
1938 2100
2399 1924
3071 812
569 3768
3389 3211
3456 1034
2001 2600
4424 4745
3755 521
2803 709
4689 2983
3428 1586
2467 2912
4909 1191
4028 263
1151 1672
968 2279
1404 3145
4968 4666
1723 11
4315 3151
4046 292
1139 3779
688 3828
4238 4633
3120 4598
1088 1149
208 1484
1703 1867
4535 1888
3696 1058
2496 3175
4687 460
341 3750
889 4412
4319 3283
1577 4715
2040 2780
4039 2598
4923 807
669 4711
2361 43
726 4441
1826 4703
2284 4539
2256 2938
757 1237
4458 3519
771 648
2684 2712
739 4536
853 4762
1802 2625
401 2587
3872 1742
4651 2569
2952 3063
3346 3969
2280 2153
3062 3032
2110 1360
1180 2433
3602 245
2889 789
1912 3685
1079 4883
499 3478
4394 3083
1867 858
4606 2793
497 3389
466 2385
1795 82
270 1939
1776 817
3736 4176
4057 4151
3305 714
2965 3737
1099 1052
3528 2302
4761 844
2583 979
4968 1885
629 3958
1793 1547
2839 4726
4592 4852
4066 1051
2818 2741
4893 4421
3990 2090
3414 4125
233 4687
2709 3137
411 978
1301 4498
178 1965
2557 1952
1597 2731
4545 2325
1907 1464
2433 1714
2005 87
1049 1064
4802 3425
4491 3136
4085 928
4116 3922
4497 2860
3121 4748
739 2686
3431 2228
2694 2914
1553 3937
1118 258
331 1344
2483 1032
1029 151
4126 1666
2752 3312
2608 3019
4775 2595
2822 4133
3054 3154
3188 4519
1352 4988
1264 450
2668 1432
2215 4761
577 556
3669 1606
4843 1438
2590 343
637 2334
753 1614
1672 1346
2146 2323
745 2940
2698 689
3020 2770
4192 3136
4699 3481
1651 1358
2318 4017
2237 2258
1599 2750
2510 2989
3156 1437
2922 2094
4656 919
102 4683
3631 1699
3486 2020
3181 3025
3699 947
2290 2571
75 709
3448 2448
1712 1093
2801 3982
2165 3971
3670 4547
3582 1909
3350 1504
338 2184
2310 1940
1864 1138
2576 3111
3018 4324
2858 3190
3983 1370
2582 1148
4101 4079
295 2805
1186 1591
1866 3035
241 2081
1015 4653
899 1039
4213 4565
2353 1509
800 297
258 2359
3469 2202
2599 2004
3185 1629
244 390
485 2563
1933 324
3340 3035
3226 2072
751 3693
182 138
2483 4200
3345 3333
3710 1925
722 2360
238 4086
2940 4555
1729 2337
1981 3456
2914 1391
4644 1581
3580 4128
173 2176
4420 2323
4680 346
1433 3939
1055 2869
2436 4660
1254 1826
2079 57
1600 1671
1586 4726
3467 1103
3707 3274
2507 1420
3149 4814
1516 3266
3156 1487
4396 4804
2341 1186
4596 3485
4710 182
3110 4480
4536 1196
1081 4437
3440 2788
1651 4323
3334 2004
4354 3575
1771 3002
1439 2008
2316 2197
3421 705
4223 3417
4704 4914
2980 3150
3422 1075
2683 2347
2870 1044
1437 1506
1601 463
2091 3861
3759 393
3609 2815
3341 1438
2377 2164
3920 2653
572 311
2902 3146
4531 4667
1650 4586
4263 4342
1019 816
4958 1365
3079 2279
1237 111
2398 2249
4609 3335
340 545
4316 4011
963 2360
4044 3819
1787 4489
1916 2125
1823 2639
2664 4255
2652 641
3967 3562
3457 2299
2496 771
4367 173
952 2698
2055 1435
4529 4432
4077 4287
4140 1203
3176 879
1697 3752
4410 3967
3896 3187
4143 2856
27 2814
2851 999
4822 660
4394 2509
2374 2326
3781 2823
3099 3290
1324 3077
4204 4689
3796 4120
1638 2678
2421 4767
1657 1074
3677 2241
345 263
235 4955
948 3975
1604 490
4151 4633
1277 447
1843 1569
597 2722
4895 1920
4062 2668
3450 3031
3576 4734
2316 258
2612 1317
4853 1183
4371 4123
2534 3514
3810 4166
1128 2905
562 4389
2723 4107
3014 1267
2812 2085
2248 1911
3150 2155
2082 635
3247 3833
3419 711
4483 283
3884 108
622 2083
4347 4814
3523 1605
3097 2246
1203 821
3667 1893
3085 4285
4489 3353
4828 3670
340 1855
3274 3849
1162 1643
2698 1661
1064 4166
3613 4045
4846 2834
4310 3307
1847 4385
1801 335
1982 618
2721 3279
172 2186
3911 3586
1342 2771
4653 2223
2505 4610
824 1350
410 2031
378 2426
4536 3457
1274 3326
2879 1948
1119 623
3640 665
