70 270 30
896 485 7
958 754 5
73 517 10
185 789 3
912 167 10
520 621 2
415 12 4
425 46 6
930 787 5
253 677 9
681 951 9
318 882 3
995 81 3
327 603 1
408 412 7
592 675 2
207 391 6
783 180 10
884 699 7
27 969 8
458 835 1
863 94 10
756 151 3
30 982 2
420 900 10
226 681 6
765 533 3
538 708 1
390 794 9
60 259 10
752 683 6
185 963 8
853 563 7
240 418 7
880 148 8
446 100 4
837 600 6
374 668 5
202 634 5
276 902 9
31 958 10
632 289 4
988 219 4
352 106 9
542 143 1
225 376 7
226 355 5
42 115 4
664 411 5
316 93 9
189 175 9
460 16 8
111 922 4
483 221 6
501 208 8
487 628 5
587 834 8
100 791 8
80 645 8
514 34 5
920 469 1
322 168 3
422 420 4
805 73 6
324 582 5
723 315 6
229 365 8
84 550 2
152 902 2
694 244 2
446 454
494 681
196 77
184 714
374 324
549 344
470 541
466 384
189 872
790 289
434 939
250 233
802 46
818 166
388 809
137 551
828 676
831 874
771 236
553 909
422 680
374 650
102 601
101 98
938 978
411 299
633 483
543 252
346 752
282 59
139 159
770 433
69 465
2 429
70 798
997 538
596 683
702 926
474 197
661 904
626 472
655 765
366 979
710 43
948 250
905 477
174 204
650 698
859 664
316 460
356 918
667 193
664 613
912 208
384 729
604 929
73 225
595 777
190 632
44 920
541 26
920 9
738 406
544 315
2 958
445 3
479 666
974 185
648 781
850 307
255 406
828 344
939 874
274 802
538 572
861 40
557 152
141 758
884 244
112 515
267 393
268 310
400 442
657 805
150 224
110 298
718 273
905 131
378 662
176 884
742 295
327 413
78 737
919 150
302 654
150 554
706 581
982 481
559 93
962 576
527 454
228 568
677 309
318 530
564 779
868 291
803 940
57 935
824 979
294 341
526 404
885 773
934 281
907 242
251 888
899 868
209 244
619 652
129 582
88 424
555 56
704 149
536 55
325 72
935 904
912 185
845 183
998 526
363 788
359 121
159 84
455 883
254 87
100 942
174 105
21 714
962 892
741 313
96 737
847 795
593 399
952 848
461 262
459 354
353 475
965 535
238 387
748 682
351 366
539 130
276 751
561 344
57 728
642 453
580 12
363 672
900 564
487 739
26 296
943 748
543 729
587 133
786 812
98 450
692 435
854 461
60 942
623 818
748 233
501 148
665 973
694 16
171 984
552 833
64 292
191 119
799 734
605 528
885 758
300 810
530 333
928 430
901 310
112 324
124 127
69 856
29 630
594 309
719 205
327 792
878 685
553 601
140 548
297 396
314 370
104 784
643 89
992 505
321 24
758 695
68 418
594 41
270 886
356 983
528 788
469 296
140 726
784 67
185 1000
292 79
120 528
49 605
858 685
650 90
994 792
500 270
740 650
351 676
315 768
825 394
38 466
909 519
367 404
542 947
324 398
29 406
972 615
999 717
508 187
301 48
60 75
393 127
348 392
63 30
506 758
70 802
76 249
783 536
167 435
634 78
885 382
256 985
347 669
286 417
104 367
302 31
776 439
325 93
592 712
872 33
364 952
178 268
804 369
458 343
54 858
529 329
12 909
950 318
334 102
668 99
834 279
59 46
910 545
929 175
275 684
248 894
27 376
242 833
696 705
50 506
