40 80 5
772 594 4
645 702 1
124 459 2
989 887 3
489 729 3
432 95 2
713 393 5
508 731 1
484 939 5
42 402 3
810 122 4
886 612 3
746 216 1
980 360 3
429 263 4
17 358 3
106 904 5
483 972 1
133 902 3
888 895 2
440 125 3
261 213 3
546 13 2
239 248 3
307 670 3
874 557 3
21 381 1
754 833 2
373 233 4
829 931 4
184 460 3
516 219 2
425 600 5
916 194 4
815 688 2
557 198 1
537 74 3
85 389 5
561 372 4
350 670 2
829 188
522 413
855 942
264 907
888 181
342 931
648 317
278 231
638 663
974 97
265 495
360 310
850 15
865 255
874 976
228 137
316 741
301 411
587 134
260 466
586 803
963 510
128 412
825 7
420 30
43 72
593 265
237 590
622 503
107 694
572 168
152 213
496 95
388 486
839 839
161 25
424 570
861 978
116 203
991 469
821 88
825 75
682 382
881 293
207 532
170 830
184 611
39 369
543 294
772 177
862 76
73 74
566 885
506 971
187 643
557 552
703 675
85 349
436 776
925 456
557 81
911 499
140 305
743 463
664 243
814 64
27 743
136 217
496 44
988 51
847 767
363 841
71 595
313 374
516 297
287 804
548 195
12 121
775 363
707 705
