120 1142 30
336 682 14
257 175 24
141 215 8
990 646 7
254 748 28
454 399 2
272 287 5
490 735 21
126 321 4
657 748 21
152 338 16
899 608 2
672 628 26
410 183 14
494 352 21
874 785 22
921 476 23
776 833 4
207 910 20
931 153 26
282 435 8
765 127 10
183 40 28
272 22 2
854 91 14
45 813 14
232 127 5
488 682 3
673 191 2
266 939 7
5 18 12
152 859 14
924 599 11
71 159 26
81 966 22
921 995 8
138 160 28
714 183 2
752 143 6
355 341 16
407 632 17
343 983 23
473 759 19
214 683 13
746 568 8
602 656 11
955 624 1
734 190 18
497 562 22
111 233 2
368 154 19
292 518 5
461 766 14
811 321 12
518 960 2
551 673 2
832 465 5
517 280 19
442 208 28
911 955 7
236 401 19
727 52 2
680 851 4
848 139 26
580 437 25
942 127 13
554 907 23
716 223 4
788 583 23
228 900 13
968 984 19
407 879 26
952 433 14
618 686 8
809 696 25
497 560 20
662 87 17
76 198 20
694 39 27
258 770 26
27 796 14
251 554 3
451 360 23
132 902 7
848 416 24
32 799 3
810 207 20
1 89 15
690 762 15
598 204 23
598 684 4
187 181 29
276 223 28
679 622 5
628 389 22
148 751 1
124 42 18
916 528 12
899 595 29
280 780 8
897 377 12
274 238 4
905 39 28
443 423 12
575 522 6
565 116 9
730 252 19
437 606 27
465 991 5
281 91 28
8 949 17
981 684 3
458 397 2
138 336 11
606 159 23
670 587 16
872 686 2
577 739 10
732 198 12
118 686 16
523 527
431 709
442 629
358 543
452 624
659 445
130 804
524 601
409 50
639 484
383 643
839 140
963 651
858 304
587 868
863 475
732 333
487 191
754 298
446 733
640 544
77 133
650 395
974 903
347 911
174 950
82 242
643 624
153 261
10 387
936 237
62 787
582 899
218 601
326 863
384 146
73 486
315 361
630 143
61 121
701 401
107 705
920 122
675 687
644 247
411 246
372 528
59 204
991 299
635 742
407 489
985 650
310 658
270 119
62 120
702 192
262 581
110 812
29 687
984 574
371 860
503 101
381 660
341 197
290 462
633 212
643 506
528 843
945 233
628 39
435 18
604 353
799 60
291 530
527 221
106 683
634 694
55 335
178 692
300 440
55 366
654 519
652 5
692 685
828 688
655 867
357 778
125 552
180 640
466 6
901 37
776 832
421 480
747 402
791 895
654 285
671 861
147 467
13 525
48 305
920 477
505 95
988 734
573 932
231 333
30 92
515 400
543 929
38 925
157 807
456 467
227 695
573 226
247 570
265 768
153 801
834 328
642 537
23 458
409 800
932 172
967 236
907 559
526 943
110 104
660 657
474 508
549 936
28 589
733 687
232 82
265 340
198 321
285 449
194 101
806 629
574 589
251 144
126 180
922 829
733 267
159 48
696 538
943 410
916 326
420 30
217 75
270 380
36 921
959 394
316 784
585 567
973 262
86 656
416 965
178 961
130 176
126 846
688 177
265 647
239 120
721 734
30 558
485 458
760 205
598 393
689 787
141 683
958 188
1000 995
845 842
409 961
614 618
436 312
598 647
512 966
120 689
744 745
28 291
710 121
174 963
179 862
674 870
565 88
21 698
95 520
522 120
989 79
374 348
346 20
129 805
532 151
216 719
340 89
270 110
406 235
246 972
883 31
156 818
124 472
926 612
242 249
700 887
949 634
463 720
186 125
413 737
477 269
826 928
672 823
830 439
766 109
976 325
323 816
699 701
278 246
528 397
713 823
381 154
617 380
848 582
748 238
496 410
418 581
40 189
870 429
795 280
987 497
562 579
999 230
906 257
508 494
544 388
374 346
360 253
668 458
436 288
298 757
331 386
515 829
97 995
114 10
332 995
481 420
1 765
384 227
882 814
708 584
506 655
241 348
370 42
314 974
729 586
970 647
286 996
387 323
671 297
782 793
137 655
54 135
452 23
763 33
365 652
563 342
672 12
393 476
276 300
533 16
685 359
511 557
146 816
919 245
767 725
791 690
165 254
463 447
109 93
213 513
697 255
904 520
869 375
765 668
655 77
228 18
418 61
694 912
596 255
417 34
511 149
53 80
66 354
901 320
861 360
344 913
573 173
334 7
192 629
430 760
796 729
854 645
358 813
437 359
863 97
756 809
720 963
492 173
389 892
881 229
397 276
894 536
490 829
181 827
260 106
419 551
786 911
61 481
839 649
557 847
226 405
801 569
80 874
785 896
379 290
685 55
189 331
192 537
95 383
113 606
519 252
283 24
91 50
397 713
557 264
571 873
277 862
755 173
105 12
957 266
622 596
655 190
876 868
263 703
242 30
749 907
642 90
663 716
87 921
758 19
528 371
245 338
893 700
376 574
502 236
830 781
992 641
650 133
96 123
633 622
816 810
929 685
978 958
225 68
602 182
878 642
316 472
844 57
651 624
597 84
6 791
28 305
768 630
977 125
645 300
177 572
574 789
797 582
560 290
687 229
548 766
536 211
38 663
857 839
279 623
164 309
727 174
267 539
487 657
995 511
854 154
437 878
24 774
991 555
374 298
41 67
489 170
542 836
297 699
749 751
96 506
661 339
267 51
748 419
362 777
248 807
531 224
841 339
979 227
228 712
245 878
992 784
403 645
21 271
635 983
448 628
397 597
38 237
204 883
701 624
419 535
139 847
750 974
556 998
325 541
810 562
453 388
391 33
372 219
890 232
248 93
365 268
461 726
220 919
557 422
257 492
282 731
805 961
984 835
729 776
501 543
267 146
780 970
243 780
459 989
158 461
366 20
487 584
638 612
795 391
324 165
124 226
424 841
947 4
830 351
507 910
255 317
391 529
386 636
713 864
936 83
857 654
629 740
530 343
670 797
491 63
604 298
234 921
348 449
100 304
821 21
319 855
440 431
98 92
718 379
352 720
838 18
649 963
588 162
419 932
220 462
175 535
389 529
645 593
990 215
156 180
930 324
528 335
860 557
129 848
993 576
550 522
131 719
438 177
68 530
420 160
793 137
731 884
535 571
989 999
24 939
491 99
429 242
271 719
874 216
203 514
880 15
693 933
891 618
18 732
237 771
947 221
383 328
284 403
560 536
189 332
266 493
323 830
37 293
414 752
131 576
789 14
184 650
436 927
543 585
708 693
980 107
820 789
45 779
941 766
280 691
511 575
435 308
879 767
444 114
55 996
876 207
49 546
156 357
383 499
241 953
890 177
53 708
976 342
166 879
459 19
736 746
909 444
265 249
235 992
273 731
295 793
161 251
364 721
478 261
69 522
142 207
744 465
928 146
811 629
788 278
651 546
350 111
141 342
934 76
103 326
555 627
341 268
832 404
428 493
400 176
221 588
275 458
528 13
542 650
549 791
876 849
609 155
354 657
845 468
192 8
604 599
457 529
733 871
434 798
124 34
883 393
717 711
124 684
84 913
876 921
601 675
372 48
887 439
210 728
354 246
184 556
103 925
717 194
524 970
816 503
590 794
452 362
877 566
35 442
757 784
327 39
279 500
589 612
412 366
193 858
213 980
732 978
360 539
536 468
545 275
953 811
288 846
779 792
579 701
766 995
270 844
772 823
566 804
815 591
332 75
42 104
66 944
267 638
626 97
971 73
945 204
844 928
503 354
383 283
47 304
916 142
55 345
894 937
80 471
805 367
871 911
89 481
972 461
22 655
756 926
947 872
46 611
122 815
315 715
453 783
546 78
244 692
298 798
926 730
148 655
247 595
368 213
277 119
401 609
270 878
774 682
143 902
671 149
84 627
103 261
135 751
325 97
764 376
577 522
480 292
674 609
895 477
422 908
664 266
956 417
837 610
851 288
540 947
394 534
649 71
837 272
792 869
562 132
923 346
727 661
307 247
222 892
564 683
647 780
949 123
164 60
416 749
297 824
619 632
652 443
759 39
901 918
11 527
979 923
609 636
363 938
871 969
815 786
275 798
507 569
548 866
980 904
333 146
593 860
784 443
76 333
779 508
606 189
188 943
96 571
127 790
414 428
527 823
690 622
144 146
553 709
877 452
819 116
477 924
207 789
558 265
412 239
616 168
344 486
446 534
872 332
185 111
417 335
493 907
842 758
139 75
603 966
10 364
791 14
591 897
652 303
244 312
658 113
100 25
199 587
521 943
357 189
351 213
541 629
432 638
420 182
881 250
938 808
60 594
880 133
864 604
85 452
724 590
34 679
967 940
294 615
487 986
27 671
716 776
997 356
640 80
799 746
470 137
433 467
14 874
467 727
261 366
489 135
7 997
526 623
988 726
845 823
923 2
329 139
209 448
375 827
990 496
489 480
301 373
478 689
615 615
776 144
484 551
441 674
292 170
796 140
281 677
88 292
908 821
997 436
525 694
600 912
318 436
196 909
350 194
315 268
474 921
48 704
530 500
856 230
335 813
293 988
231 79
694 482
663 844
197 977
878 817
400 32
167 259
800 541
114 312
941 920
961 6
731 513
269 324
571 422
394 864
583 245
291 462
474 752
540 995
633 857
268 731
47 773
369 243
216 631
888 957
940 545
836 515
930 986
949 167
959 107
993 289
651 576
135 280
791 910
206 505
320 323
549 152
950 669
333 275
441 973
853 988
483 939
415 729
616 968
59 604
386 520
479 157
224 665
993 551
182 812
7 275
937 617
457 327
511 54
5 889
86 90
268 666
912 179
938 809
296 8
369 143
761 601
706 291
631 263
387 43
992 807
707 112
119 507
955 778
624 276
190 519
268 929
260 919
657 825
957 725
233 11
458 213
994 154
182 346
489 899
536 716
753 363
515 198
157 236
646 508
400 717
174 17
595 131
868 608
948 805
47 123
720 74
754 908
920 530
843 690
371 34
750 164
372 595
722 631
272 725
772 40
15 429
311 65
535 113
929 513
705 162
309 164
241 807
73 259
39 506
799 16
112 361
602 687
440 161
547 111
606 801
134 582
844 598
881 306
970 356
694 803
517 262
73 770
721 90
941 522
557 471
500 404
603 435
531 129
86 366
320 551
802 543
651 432
969 450
332 436
146 857
766 802
403 895
535 257
778 400
228 598
237 327
912 114
750 722
64 373
564 995
895 248
787 288
944 294
687 658
468 891
863 479
739 297
760 275
692 872
642 97
80 121
861 230
703 450
362 412
829 132
697 38
141 175
734 688
785 910
595 854
96 307
429 845
227 656
82 232
710 387
62 592
323 721
779 312
704 211
213 592
875 554
411 111
449 440
135 535
756 970
784 698
731 451
121 178
513 521
307 810
20 258
94 367
249 377
76 842
97 339
577 937
194 407
730 144
118 21
981 363
143 397
545 49
23 820
442 849
293 408
33 361
751 627
402 122
98 33
668 626
547 343
507 53
597 723
983 780
517 515
530 737
233 866
830 267
503 125
197 863
959 62
121 392
26 495
34 369
729 1000
605 522
59 119
180 253
601 918
888 247
139 487
24 55
405 232
384 703
85 988
725 441
858 901
580 672
650 918
900 927
723 48
953 127
794 37
623 452
913 316
426 416
928 683
219 711
905 482
87 876
998 976
240 494
437 21
137 581
333 416
864 755
323 573
720 30
671 958
784 839
641 814
621 925
700 367
821 562
972 511
322 673
327 593
329 179
94 214
683 269
496 159
172 928
922 175
716 264
872 240
5 568
395 331
222 51
815 195
183 641
82 407
619 715
25 990
543 947
41 560
456 657
41 931
848 319
870 617
550 547
982 939
656 439
884 694
652 223
401 162
388 376
814 773
675 856
896 693
946 719
167 179
441 732
14 397
909 379
298 306
930 299
908 419
987 523
867 455
630 347
122 360
309 112
958 269
155 339
31 514
837 213
803 168
135 736
222 39
324 162
85 763
326 111
168 370
767 803
910 472
974 397
121 24
199 421
877 787
382 450
176 355
111 462
580 109
750 884
677 95
702 725
998 939
884 280
314 239
149 382
