40 80 5
965 345 3
634 419 4
580 581 4
927 447 5
644 687 1
929 415 3
873 781 4
986 669 1
571 6 1
411 233 5
713 296 2
619 802 5
414 714 4
159 393 3
36 927 4
272 777 4
559 547 4
330 264 2
112 412 1
339 12 4
365 459 4
884 59 5
569 605 1
306 597 2
672 304 3
707 141 2
243 359 3
660 204 1
856 685 1
72 127 1
643 984 5
281 114 3
709 910 2
772 693 2
944 860 5
199 668 4
243 817 1
501 644 5
573 721 2
951 702 2
569 631
928 52
460 621
798 377
882 219
400 566
566 112
158 410
590 951
950 843
322 311
622 900
881 872
225 223
539 970
256 686
221 422
847 835
298 21
355 987
463 944
150 740
890 965
252 163
701 143
464 325
230 527
393 1000
719 344
131 747
834 951
880 321
249 710
892 248
216 419
17 704
689 302
883 444
721 839
312 964
224 440
654 326
637 214
537 907
538 135
264 930
359 48
377 158
382 564
658 552
174 855
78 298
799 93
632 287
631 989
332 639
256 338
977 207
29 761
732 687
524 626
56 640
824 450
714 2
62 559
970 426
866 746
132 368
940 313
457 684
75 639
354 661
142 19
259 114
779 752
617 926
348 939
95 171
774 306
157 555
