30 420 30
2377 1768 29
3509 2402 3
1300 3893 30
3802 1020 24
2465 2504 29
1171 771 5
4552 218 15
3388 4153 12
1525 1307 8
4734 2616 4
3877 4406 7
1936 268 29
3590 262 13
2874 787 3
2754 558 7
4214 1085 18
3297 4185 8
2784 3199 5
61 1218 6
3128 4958 18
3093 4479 21
1448 2594 1
988 4168 14
3608 1556 19
3609 1062 24
1308 4439 8
320 4685 9
991 4930 12
1896 261 11
1640 815 27
3321 2173
435 4102
3137 837
3672 212
1715 3580
3249 2616
1589 2475
1139 171
328 2908
1519 3827
4196 3486
2500 4431
3958 2075
1262 53
4539 4332
4352 1087
841 4685
432 2286
1487 1462
3225 4910
1017 3665
94 4594
108 1634
696 1738
3710 2930
2401 1178
2747 4530
312 3375
1277 1896
4287 4974
1503 2908
4185 2197
232 1271
2836 3529
3357 448
4117 1959
3774 169
731 4236
4560 1067
1694 2078
1137 2940
2807 3599
1244 2519
3465 3912
2121 3749
4058 3511
2554 67
4931 821
1209 3786
4515 3649
3480 790
108 1815
2871 2214
1350 2174
4217 2586
3324 1491
1137 4028
4816 1667
4580 2290
2236 3904
322 4913
717 2508
1589 441
463 2276
3482 2917
2874 3206
1076 184
1980 407
949 2050
1757 1176
2613 906
1794 2367
3088 4724
2080 2683
2503 4434
2307 2829
1869 1766
2870 407
2620 1296
2560 3676
2297 2692
3972 4712
3522 2248
184 2595
3266 2205
398 196
2206 3643
4516 3043
1340 1903
3056 1559
1910 2610
1487 731
1018 2729
2905 2209
4631 698
535 4959
2404 1560
3195 835
199 3025
137 3790
2310 536
3511 709
2814 1709
2523 3664
720 1549
1702 3445
798 537
2740 2831
3422 4177
3774 4064
500 274
2131 56
3492 1877
3325 1045
2112 4205
2167 3448
1883 4962
2997 2779
4006 1832
706 1098
1105 2414
4384 424
1491 3419
1961 4924
3347 417
2264 2568
425 2735
4819 4494
1642 2257
2081 2991
665 3680
2712 3263
1544 4961
1562 2604
289 2784
3338 3316
684 3732
2158 1569
202 4956
4585 4281
926 264
2258 2392
1280 3692
2419 2952
2955 263
411 1922
239 3714
1188 4859
1592 2115
2434 4166
65 4326
4739 1927
4280 377
716 3996
4181 865
1926 4148
2040 2019
47 4625
4261 4501
248 1039
1645 2747
2439 1376
3689 870
3991 2310
198 4684
1780 607
4627 4785
1670 3161
4434 2056
389 4419
3906 2322
1642 4518
2842 845
1674 4112
4998 3666
2196 628
4644 1204
3486 4485
1903 1508
4071 2133
2274 3808
4115 1591
1376 1337
2945 4776
3950 4794
3038 2456
1212 4505
2126 4569
464 3829
3380 2953
2053 3646
2157 4080
3826 1302
4519 307
4976 3342
540 3078
4456 132
3380 2214
1674 117
1694 654
3203 3032
3338 4799
4797 690
1113 590
1365 2225
807 3385
2193 2074
168 2548
4098 4162
4397 4332
2512 48
3957 1419
3094 3529
2641 655
3853 2869
4271 3480
4533 921
4054 1039
1235 557
1619 84
994 995
1272 2910
734 4267
3023 148
1712 2490
1531 4008
4038 4723
2063 3427
2883 1428
350 2450
32 2723
4908 927
18 816
1912 1345
807 4827
2428 1033
2913 2635
445 3514
2562 490
3678 3302
3850 85
2958 2218
328 3153
664 3679
4069 2059
2883 2533
1866 2379
2116 4953
2822 1616
3072 4774
2697 3189
3711 3657
1689 1845
3627 2010
3687 3467
958 3062
1170 4068
2143 2999
2353 260
1471 2866
2771 3781
4016 2220
1117 348
1745 4279
2878 2828
1376 3141
3208 510
1310 207
799 3061
4186 1491
4135 637
69 311
414 3728
3691 4260
1417 1489
3723 2018
969 3972
350 4694
352 962
542 1374
856 1673
60 1706
3371 1935
791 1844
1201 3618
821 262
783 1714
2025 781
234 1691
4022 486
3608 2500
2917 1583
1436 4058
3094 775
184 2746
3690 1876
3837 2157
1708 3884
182 2675
3272 1150
2736 2683
1802 1066
1977 481
732 2370
3051 3421
70 2885
2637 4452
2375 4143
1566 3011
3602 4712
3445 3071
3437 1472
4914 4243
2555 3046
698 4014
4935 2843
1765 3078
2348 2073
3972 547
4915 4143
2157 3020
1675 983
1008 4900
2392 225
4953 870
3345 915
2214 3849
569 1009
3013 2171
1194 953
667 121
3204 2401
1780 3217
1230 2263
3908 4329
4260 1219
341 4670
510 2233
634 3404
3684 401
3028 4785
4302 1032
1846 1293
1263 3724
87 3814
3743 2577
3180 4726
239 1827
4699 227
2686 3747
1376 1570
996 776
1971 2372
3150 1478
4824 3882
1377 3528
2731 2069
3141 3264
1067 3827
2523 3
4251 4597
3130 3748
1661 4495
4890 955
1423 4925
2891 1493
2232 3840
984 3996
2570 63
3271 3477
1274 3200
2021 3111
4706 3149
4968 989
1238 1703
743 3434
880 464
1305 3882
2370 1109
1588 720
117 2519
573 1532
2233 2625
4502 2042
4100 4170
4247 2352
2464 174
2094 1086
1287 1714
3658 3294
2179 3358
787 1696
1064 3062
2148 2439
4374 2278
4730 1476
3161 452
2133 1443
3670 4684
2960 4993
502 2573
2514 3308
4158 2798
2936 3644
1531 2307
2438 1277
3804 4524
2631 1662
4252 500
2940 610
3711 4697
4682 1697
3363 3824
777 3693
363 1691
3592 3550
2000 4786
3607 4848
3865 4348
2231 287
