10 108 30
321 370 22
49 144 18
290 458 6
30 431 17
201 393 9
338 243 14
57 17 27
38 425 1
360 208 27
312 248 20
491 385
242 213
387 26
241 46
369 156
260 298
297 155
141 466
249 210
24 119
285 234
171 424
491 388
377 121
207 24
349 96
48 47
3 292
251 438
254 457
43 89
159 257
78 11
170 223
277 86
220 4
271 271
230 293
356 121
359 260
243 151
444 287
314 265
424 168
434 11
480 317
460 228
51 212
382 338
327 164
66 242
418 327
407 367
257 57
269 229
118 247
127 3
296 394
80 407
421 486
409 63
90 81
158 289
112 368
155 60
326 172
440 77
198 185
19 210
97 239
424 377
420 300
450 267
349 31
349 240
278 125
12 73
70 178
240 389
48 208
58 203
203 87
32 449
497 296
231 274
408 491
295 417
55 51
313 430
31 323
255 304
294 255
370 361
323 175
7 7
23 435
134 60
29 82
244 321
100 498
484 338
422 39
411 269
344 262
198 287
427 390
30 146
58 279
89 388
305 493
399 339
181 390
274 155
446 491
400 189
243 229
35 80
210 333
