120 1202 30
108 686 3
919 749 23
965 644 27
95 533 1
874 580 10
736 385 16
559 839 7
108 193 4
827 883 5
486 778 2
352 975 15
478 309 27
50 973 18
420 962 4
216 949 22
894 814 16
792 342 30
811 648 2
182 597 28
88 621 11
982 65 16
316 511 2
569 55 14
540 124 12
961 627 28
83 502 20
473 392 3
759 166 13
193 705 23
591 723 23
900 173 6
918 145 21
707 192 16
789 449 22
891 301 21
430 228 27
256 838 30
731 497 30
506 892 8
406 410 8
367 51 11
958 403 2
609 286 15
13 856 24
65 101 17
612 170 20
565 608 25
998 532 7
621 49 9
689 540 12
774 703 19
663 349 17
952 667 18
248 476 12
560 527 20
763 440 13
956 623 21
882 475 14
66 495 15
922 404 3
990 827 9
159 5 9
637 899 19
109 857 8
581 365 16
100 900 13
132 887 8
477 539 18
961 970 3
390 871 29
50 737 13
508 819 23
661 219 1
118 287 20
123 592 28
35 5 17
85 824 17
424 116 11
968 471 6
492 645 14
895 270 28
168 996 12
335 575 8
749 526 5
557 369 7
930 928 3
333 92 15
489 53 22
915 811 29
558 256 30
271 172 21
810 219 25
625 348 15
726 365 27
412 789 3
565 759 15
906 893 10
47 904 27
111 814 4
286 501 5
626 422 16
751 285 19
72 193 15
498 744 14
641 512 11
442 688 5
512 737 11
430 15 20
232 237 20
787 261 10
299 751 13
59 546 10
89 204 29
997 357 22
80 916 16
306 234 10
379 552 21
415 14 11
904 173 8
425 64 20
859 119
410 78
707 349
17 55
519 1000
61 327
79 264
539 706
726 977
637 897
79 172
898 401
810 727
232 492
634 729
672 737
14 629
981 749
281 76
765 84
738 317
22 990
704 526
983 317
128 666
574 713
460 911
659 428
233 777
847 538
960 699
925 997
620 306
120 185
860 145
121 236
900 754
937 265
975 491
75 315
594 210
896 531
888 569
967 554
263 497
592 229
26 97
494 885
739 978
670 981
767 513
992 791
55 444
233 912
406 620
785 418
870 860
791 563
249 136
751 518
415 585
283 385
663 845
265 420
721 963
335 785
704 983
149 375
184 124
130 729
485 848
687 316
181 376
588 997
47 202
474 459
420 235
152 83
96 501
686 132
522 536
827 455
922 533
643 928
734 985
890 218
572 622
589 139
340 423
787 114
718 157
553 803
608 819
544 784
879 300
927 430
61 265
784 450
439 739
806 988
80 739
955 766
916 862
778 926
104 165
405 330
509 22
78 107
549 605
491 791
943 824
781 363
969 766
144 150
656 558
205 748
501 782
570 710
124 764
202 545
144 312
842 508
38 197
551 586
657 948
769 466
568 799
810 715
291 84
855 629
76 386
683 3
504 816
790 442
995 808
805 187
265 747
903 64
991 661
36 572
677 908
177 112
25 687
45 148
900 902
645 617
653 294
221 920
846 105
476 182
798 397
398 944
357 1
159 350
907 105
131 120
261 202
62 654
581 2
403 815
568 80
265 373
460 15
845 768
881 779
916 173
746 833
616 269
971 353
836 497
531 359
423 43
799 256
887 542
199 610
340 252
423 813
791 752
830 556
231 643
518 180
505 892
819 927
303 902
324 75
961 835
504 59
643 641
611 39
276 578
226 777
722 175
350 278
884 117
381 799
642 315
177 777
382 139
206 141
111 558
645 931
767 860
959 26
395 535
481 767
678 302
363 504
928 409
731 398
406 803
638 30
237 437
670 568
84 179
422 638
945 49
241 298
589 191
630 253
235 996
777 192
989 813
237 748
17 306
282 205
608 723
796 208
825 168
651 841
332 862
583 342
122 901
391 563
410 899
870 46
252 463
865 945
94 551
966 196
846 598
868 111
834 248
957 122
135 41
490 338
420 993
647 443
430 931
880 949
151 854
831 282
789 689
321 542
262 341
413 472
900 278
326 888
49 439
748 509
305 910
586 97
85 460
766 104
404 705
9 696
330 934
144 91
726 794
834 900
610 64
928 974
492 232
221 398
819 509
901 636
215 583
527 827
368 48
92 152
864 454
957 669
483 287
972 167
84 882
536 752
884 223
882 117
949 865
729 684
369 247
61 507
746 442
386 975
67 999
362 815
545 225
617 793
233 812
678 74
643 257
485 949
246 204
860 402
76 473
905 874
476 271
972 965
382 461
30 478
864 297
393 627
382 550
960 641
815 918
26 370
999 838
67 852
403 289
719 869
938 296
384 316
920 743
567 101
669 675
354 952
605 242
281 208
879 518
987 869
612 830
301 226
419 290
604 421
385 704
822 993
826 473
625 289
149 240
150 385
141 972
617 514
844 754
996 345
277 918
718 548
419 776
836 352
998 436
95 200
182 456
64 320
441 28
108 838
624 905
533 211
325 43
267 384
704 182
189 495
833 829
902 478
624 71
643 387
23 223
675 432
119 992
810 394
427 800
208 550
119 178
537 115
206 948
208 936
51 875
206 818
964 621
606 767
946 739
144 666
292 766
741 184
76 954
109 58
163 197
508 503
533 901
895 748
991 67
19 514
826 162
112 323
470 317
773 841
97 424
938 608
547 656
762 331
84 903
695 573
797 125
520 1000
42 880
711 903
715 742
978 240
14 28
847 80
671 617
949 228
881 355
573 217
392 974
858 660
432 906
729 137
537 314
16 316
308 623
243 199
443 995
830 678
361 666
619 727
755 493
605 753
229 229
124 891
942 898
504 340
270 322
96 809
936 313
839 294
873 574
932 887
782 403
951 704
275 613
260 667
291 977
917 896
757 947
857 141
395 487
356 309
111 947
722 119
867 180
520 194
244 275
13 103
172 241
546 421
711 184
527 507
733 239
757 121
753 200
958 60
772 356
90 748
333 386
186 536
1 66
633 327
923 922
265 217
169 235
639 23
905 934
216 166
333 559
575 479
830 813
357 683
113 411
657 584
920 643
434 644
762 355
214 523
278 139
126 8
386 691
598 918
439 56
530 902
473 417
390 338
501 275
296 693
664 811
722 743
141 198
832 173
332 814
311 178
90 645
353 160
445 593
736 21
276 61
74 766
744 828
25 901
569 201
517 721
398 70
866 518
85 333
297 496
302 227
264 734
780 825
89 302
113 742
127 620
485 899
687 669
206 70
892 6
634 786
805 235
61 340
18 464
412 503
854 225
432 750
937 488
367 535
787 263
554 168
786 124
350 6
959 555
750 12
788 326
871 15
883 940
346 613
665 232
295 100
42 954
943 395
461 459
702 926
228 755
40 784
903 989
837 534
76 154
274 628
323 161
617 445
388 144
524 132
725 918
273 650
958 252
565 337
196 508
40 953
194 341
873 827
570 838
232 94
650 987
373 707
340 868
827 608
2 581
635 187
889 553
867 305
762 917
336 331
312 883
615 991
654 729
283 959
441 372
859 683
188 225
224 262
595 929
894 587
655 259
738 644
350 887
733 135
61 209
516 364
378 825
477 394
215 999
933 822
849 515
683 812
338 606
765 406
994 331
909 852
957 750
175 877
706 958
739 53
94 320
346 384
741 861
800 362
505 92
280 232
445 477
149 27
101 199
131 480
712 265
355 446
690 659
735 723
54 351
191 70
934 123
571 400
232 643
634 555
753 388
879 875
121 818
429 353
931 457
700 523
16 884
549 603
295 959
798 795
289 728
195 790
858 911
648 15
521 490
760 988
149 780
96 672
95 795
108 467
684 302
973 265
499 972
118 915
81 844
565 961
159 660
810 86
167 807
754 350
76 438
947 687
336 258
440 204
111 40
299 8
254 414
863 782
961 397
770 949
575 474
7 209
370 202
927 684
82 928
272 606
387 82
405 280
649 198
487 211
751 501
275 624
395 970
633 86
96 881
50 814
555 849
641 30
573 919
472 227
89 463
464 547
146 544
239 239
412 961
323 475
413 540
788 720
333 294
632 737
402 354
811 636
930 528
907 725
580 675
313 394
631 565
196 159
849 433
605 275
2 615
842 853
968 491
20 641
803 367
469 237
985 465
806 292
82 445
786 285
807 851
861 372
685 716
938 20
351 332
849 947
496 888
613 270
435 501
156 304
165 237
971 23
227 778
916 897
929 335
910 483
251 802
706 593
156 211
467 826
805 163
460 234
525 382
733 992
881 294
312 553
166 676
866 348
951 293
728 907
320 177
816 185
816 794
313 702
999 212
606 51
208 71
627 438
445 659
271 154
905 328
419 632
579 933
736 427
13 537
502 182
995 256
225 924
8 78
938 518
303 530
260 235
362 310
918 924
522 470
755 756
225 24
605 210
363 644
390 617
653 232
378 847
845 962
912 380
585 870
663 743
294 62
371 873
562 648
337 238
233 61
219 943
486 873
977 969
8 788
695 71
982 334
144 759
821 55
959 53
829 861
656 422
709 246
833 470
424 835
305 239
101 447
521 777
234 900
768 653
843 821
408 315
277 16
936 509
367 16
918 864
308 422
532 251
161 281
246 253
259 339
671 150
202 797
987 564
578 698
957 245
440 772
633 904
520 637
882 401
184 838
830 689
242 91
527 381
294 46
100 357
820 892
733 668
410 613
351 591
700 518
698 846
249 180
767 697
369 708
567 823
53 888
706 275
598 16
400 984
394 276
777 92
897 287
516 407
102 862
930 924
698 240
35 766
705 199
351 637
865 409
407 491
967 995
608 419
530 111
436 261
6 779
493 755
987 90
423 802
51 901
116 870
457 202
780 336
548 435
193 153
410 92
463 337
960 566
804 741
172 380
794 989
570 703
190 895
395 530
274 771
796 898
179 660
856 547
419 638
749 907
654 313
895 643
997 244
966 913
373 879
787 745
507 189
946 254
229 514
904 41
949 685
79 688
923 297
846 763
174 858
147 952
223 837
989 412
131 760
476 604
852 263
359 772
453 414
928 18
660 995
129 148
554 900
806 15
989 784
464 306
395 307
551 832
651 878
796 838
600 370
891 649
808 288
185 157
728 357
238 871
307 365
573 996
720 568
827 956
14 322
246 243
628 277
156 142
466 830
392 254
210 646
530 629
719 152
780 968
183 959
596 73
813 214
475 992
76 163
957 163
638 948
751 661
775 305
715 263
982 758
704 411
713 147
208 47
215 352
657 535
539 77
259 189
207 833
232 506
693 460
904 481
777 940
442 976
963 399
54 688
805 569
604 113
493 461
814 954
472 415
309 833
836 861
695 451
105 870
161 276
575 224
916 877
863 985
281 270
145 266
837 179
540 435
14 626
121 286
99 982
271 525
867 712
659 27
179 126
215 658
39 873
833 72
550 562
768 51
567 864
212 825
719 275
804 787
690 582
66 149
975 354
337 628
702 311
982 528
907 846
782 934
816 411
182 142
806 331
708 545
456 371
183 69
960 612
172 701
808 150
303 813
239 74
982 445
764 51
547 691
256 547
639 58
481 43
556 163
716 786
965 807
816 701
957 580
86 202
389 999
328 656
849 808
8 711
744 55
798 850
201 776
530 171
7 411
872 100
986 436
370 3
559 532
407 420
459 384
852 744
344 600
114 954
251 369
955 195
835 848
59 132
910 909
232 418
800 282
658 527
101 16
803 841
41 39
72 804
69 499
663 503
343 820
355 644
950 877
790 178
372 80
166 470
572 436
399 972
79 158
970 77
638 8
997 356
802 545
667 416
276 581
119 370
374 613
995 723
713 530
202 87
234 94
32 244
865 22
361 731
647 57
807 400
601 859
919 274
593 307
508 537
781 152
120 478
849 875
348 56
858 109
743 886
497 540
253 245
471 203
83 101
96 899
45 629
628 892
515 405
886 571
652 83
331 536
727 236
738 748
93 914
347 28
169 16
512 947
996 706
577 452
182 572
691 433
236 37
621 286
682 77
300 56
151 900
977 945
552 889
804 527
6 597
909 371
73 747
581 122
706 723
642 816
564 103
991 554
833 870
778 748
863 251
379 338
480 127
862 993
433 467
333 188
725 267
97 244
570 54
206 193
636 775
218 391
466 320
585 574
965 609
383 681
147 625
389 121
137 338
951 449
303 872
502 82
358 356
760 246
552 196
73 70
516 256
486 490
267 749
62 847
729 185
216 499
545 265
891 244
448 103
114 231
771 452
822 206
737 332
908 907
112 555
886 342
427 416
645 480
743 603
170 295
899 790
37 234
319 338
301 164
794 410
483 531
178 546
962 629
129 509
946 210
319 778
806 652
920 844
414 288
164 36
641 489
768 3
170 837
