90 958 30
617 743 7
247 188 18
540 53 1
289 48 15
948 34 26
726 957 9
874 530 3
734 152 17
664 283 15
48 405 10
855 707 10
7 249 16
146 506 22
335 332 2
577 51 13
856 26 20
211 583 17
351 385 1
733 521 5
304 495 22
360 936 8
592 862 25
809 398 14
58 779 4
294 222 2
383 94 9
418 165 28
184 989 3
589 346 18
809 271 16
397 162 29
981 545 30
281 928 23
152 465 13
509 831 24
305 397 6
963 968 14
198 341 9
427 135 6
160 296 26
634 398 29
736 915 11
904 337 8
95 374 25
293 201 21
174 664 11
18 12 1
959 467 30
24 661 26
391 773 26
20 840 18
457 35 14
842 963 19
727 818 16
226 811 26
305 462 25
609 916 27
524 403 4
741 60 16
502 775 24
573 888 23
916 970 15
12 511 21
413 867 13
202 940 11
40 765 16
540 381 29
465 316 4
82 963 9
843 821 3
390 390 13
248 330 30
274 788 21
993 696 25
70 151 10
857 466 17
151 675 18
261 423 26
35 625 26
532 724 16
172 590 25
60 712 10
958 465 7
622 554 21
523 878 2
128 112 13
371 27 1
531 583 29
308 88 28
119 969 20
561 111
956 423
710 25
671 313
247 717
618 221
151 839
342 82
329 125
168 100
113 664
479 89
241 570
316 276
359 644
760 980
119 169
85 156
203 76
760 471
199 14
929 200
102 807
341 946
627 872
274 378
756 955
166 860
199 402
387 411
230 990
437 342
421 945
375 371
539 627
940 248
547 641
238 976
116 836
512 293
644 756
540 950
713 33
700 55
116 114
657 793
77 895
789 542
247 969
325 178
735 870
472 259
279 562
918 769
454 651
841 156
178 264
754 724
521 500
228 733
213 853
210 841
807 136
788 178
184 563
836 447
961 790
203 687
321 295
784 855
124 737
12 247
902 188
890 645
582 514
435 127
759 503
670 320
287 892
463 782
781 411
235 125
32 703
655 122
150 872
967 501
475 539
431 66
519 313
157 30
798 218
872 799
540 657
670 920
372 287
246 444
103 661
491 28
598 504
318 436
99 226
346 208
225 783
111 110
126 792
602 294
318 955
256 858
871 733
4 253
190 559
167 298
79 104
549 858
585 839
118 75
45 534
540 594
465 706
487 258
714 334
151 861
673 764
550 42
117 28
69 162
551 394
726 602
513 703
355 215
492 300
403 218
700 885
757 262
904 759
447 91
387 841
245 656
399 849
371 778
873 916
108 431
472 27
897 861
49 46
997 620
94 682
829 469
753 730
956 325
712 618
725 323
361 612
48 624
900 636
864 852
508 225
109 815
118 285
118 346
771 208
904 81
645 331
717 641
191 834
333 17
127 451
361 594
588 14
773 838
138 860
50 583
923 129
587 531
31 117
25 624
218 555
822 572
593 140
657 988
890 824
290 790
772 157
361 783
39 178
495 359
412 673
109 83
200 370
789 127
935 966
570 138
856 822
802 203
627 449
188 404
452 934
502 594
514 238
150 354
184 328
69 257
648 30
498 95
366 258
358 303
136 479
284 59
368 996
289 218
376 899
284 953
748 247
778 757
847 452
731 54
542 633
621 256
794 113
814 637
428 5
893 113
782 69
966 388
895 560
239 47
491 166
908 127
231 621
985 315
349 947
416 346
783 291
734 623
975 112
453 789
207 62
609 433
446 311
830 406
909 428
438 349
989 593
442 235
848 955
11 262
135 640
830 360
977 875
422 52
424 598
24 438
688 364
628 499
924 297
308 142
665 797
602 490
13 388
801 301
348 556
617 432
289 490
851 766
714 395
355 248
331 20
101 567
493 721
392 610
286 649
711 930
681 687
955 457
620 313
298 824
250 768
835 661
424 711
498 932
856 891
377 286
387 58
324 108
804 965
168 635
468 198
753 873
40 412
197 68
390 615
192 796
203 103
669 831
285 425
491 915
318 454
892 796
961 376
414 122
876 73
146 1000
652 362
13 755
150 311
51 558
661 539
937 573
652 414
163 228
537 202
965 338
221 190
936 717
64 594
749 870
869 984
682 703
116 906
837 348
909 628
165 139
504 375
611 376
28 357
243 551
596 990
914 827
866 749
640 733
31 866
488 183
384 904
364 555
646 84
383 725
551 618
401 459
608 411
29 872
113 860
866 929
475 128
971 916
869 202
339 185
743 759
321 761
116 631
462 923
777 663
102 717
481 274
896 252
781 638
460 794
903 782
441 159
558 596
159 156
724 557
308 644
976 799
380 480
751 247
975 723
903 981
884 928
161 249
8 838
506 151
415 845
486 276
8 992
799 626
704 798
373 724
139 49
354 552
858 904
836 139
962 645
773 376
763 464
147 484
981 790
747 758
520 354
346 292
68 963
420 221
329 944
278 953
85 247
95 560
414 879
461 680
695 368
528 352
247 431
107 280
205 791
523 546
563 839
962 253
155 65
612 713
688 568
862 582
77 346
498 222
165 264
904 833
438 399
694 280
345 500
9 461
773 797
965 654
260 824
698 189
785 876
376 323
728 694
43 555
702 436
773 666
792 104
101 936
458 690
368 960
824 235
22 183
820 434
502 379
854 725
909 323
761 841
29 790
59 811
78 277
332 679
55 500
524 923
136 650
754 393
924 187
713 342
865 913
19 145
694 179
962 661
199 676
193 498
741 5
905 870
333 303
24 522
777 986
558 730
497 579
802 32
722 914
230 960
181 623
899 760
286 778
104 52
591 916
99 998
732 13
862 575
317 430
42 481
726 468
248 167
763 270
785 981
272 914
927 850
869 60
226 896
167 951
65 467
369 266
730 229
207 784
930 929
636 895
500 704
286 759
289 252
307 200
966 891
693 346
236 734
271 26
432 825
65 104
514 801
624 120
51 653
383 86
706 500
481 417
1000 24
428 217
422 423
173 355
889 186
633 43
157 213
761 643
974 353
633 426
944 746
126 959
169 951
413 777
529 447
621 367
396 88
460 895
100 59
258 711
116 77
497 384
818 997
604 396
813 672
635 370
90 538
488 325
636 697
783 134
950 638
869 695
774 53
440 292
944 687
903 719
833 592
786 24
643 393
575 228
366 597
513 452
768 436
267 569
555 104
769 469
478 600
383 242
175 740
710 594
797 395
390 361
302 848
745 736
205 446
798 59
596 624
407 612
97 192
267 149
296 766
204 63
83 774
17 634
171 286
895 941
748 542
13 242
87 534
340 405
122 308
439 736
765 230
44 215
964 833
234 806
886 843
560 148
337 839
19 30
448 82
714 887
742 36
516 264
523 732
485 816
49 826
715 211
671 651
525 854
932 30
555 958
628 586
898 680
114 645
15 638
580 133
804 733
790 991
859 702
975 210
800 424
230 217
96 73
1 215
819 705
632 823
150 182
645 308
370 173
556 716
718 385
958 473
533 843
112 535
684 50
999 44
103 426
582 440
975 879
389 406
401 175
521 304
299 797
56 171
278 375
175 113
893 755
876 350
118 836
168 203
722 576
380 405
965 875
51 71
513 399
381 720
979 166
961 985
525 601
79 436
719 267
674 604
857 238
585 136
337 262
691 18
558 325
375 959
546 824
223 36
417 396
811 521
509 927
979 460
709 364
9 714
730 382
546 8
555 565
397 420
737 964
262 808
936 927
629 233
289 129
200 958
275 80
79 857
2 896
596 147
193 587
382 749
857 207
262 379
551 625
852 534
451 562
295 32
835 456
675 372
218 480
503 98
201 317
429 589
383 896
584 17
288 332
428 307
80 900
772 588
418 123
328 756
932 972
201 540
891 957
11 416
1 58
124 640
531 533
51 915
134 888
483 104
333 681
28 923
128 968
196 763
728 236
836 86
764 722
28 585
814 404
972 28
923 173
994 418
157 549
672 875
653 740
246 524
426 761
584 23
386 251
109 13
832 288
467 250
255 360
266 248
884 981
757 471
468 56
399 400
378 326
317 638
39 135
669 711
199 590
761 130
824 409
635 324
219 18
46 543
711 76
17 826
843 802
802 670
585 167
195 812
493 98
751 862
176 931
68 632
664 681
103 369
580 650
351 850
3 868
422 110
452 360
353 724
614 474
945 366
977 681
661 360
347 195
527 198
495 779
764 599
289 766
89 877
807 154
130 525
549 541
118 458
786 489
534 306
865 169
614 254
880 15
402 491
921 227
234 393
900 191
354 916
338 774
605 17
308 734
615 692
440 164
961 301
750 489
217 24
506 231
704 948
274 649
298 428
659 464
843 678
118 246
594 234
314 746
707 522
894 131
527 472
356 431
788 417
805 951
165 771
13 823
986 423
109 896
568 208
394 603
892 414
835 592
522 136
311 77
496 204
206 593
89 732
902 386
26 459
294 608
310 872
740 789
578 991
190 330
727 1000
557 407
467 323
758 726
798 815
410 297
944 560
492 885
288 529
348 755
351 323
342 411
430 854
960 998
382 769
646 349
868 229
706 961
155 616
910 364
425 92
180 55
741 787
743 128
992 302
245 170
6 301
812 344
861 891
126 175
790 747
372 406
448 717
341 413
826 736
297 582
504 525
462 690
303 623
35 966
201 299
394 314
240 65
591 630
339 759
121 233
61 167
286 57
281 61
920 684
544 749
330 550
969 200
311 440
811 218
734 621
449 283
417 791
433 422
123 97
236 692
42 939
61 436
565 304
900 786
468 187
509 271
798 957
151 744
631 249
900 746
226 11
588 249
613 573
961 163
628 503
955 719
242 792
580 461
251 624
172 153
192 220
981 310
751 431
964 807
91 129
237 117
860 870
80 583
822 344
639 366
502 924
989 687
298 169
415 117
712 165
999 472
184 335
512 192
745 251
293 233
907 17
377 520
284 578
469 876
349 89
290 869
622 766
112 558
412 393
162 62
854 3
671 591
852 86
699 402
717 137
364 798
457 154
484 760
461 98
856 812
155 174
777 47
500 383
492 849
884 233
528 661
