150 1610 30
197 479 29
236 92 19
194 253 11
481 29 22
278 308 17
250 217 16
355 398 28
268 257 19
61 360 20
248 120 4
473 409 2
428 117 6
345 181 22
309 17 25
318 6 16
391 432 1
70 485 9
287 463 30
240 91 28
482 133 20
478 386 15
445 122 25
41 153 23
166 309 15
46 27 16
159 46 30
33 287 18
220 396 27
213 232 26
390 31 27
175 428 26
118 70 27
496 58 22
187 256 29
395 268 27
323 333 20
27 138 23
453 139 20
413 252 16
131 390 22
416 330 29
431 362 12
356 95 18
168 145 28
196 108 2
295 374 14
403 449 6
125 185 3
237 289 29
149 378 26
316 486 7
81 235 10
178 96 8
223 143 9
327 375 10
103 437 21
381 51 23
175 358 14
189 394 1
138 304 3
60 337 6
308 383 16
279 496 6
210 343 13
394 243 26
116 124 12
269 111 16
439 409 20
59 62 23
420 63 28
355 214 22
116 254 1
350 342 6
140 387 2
486 179 11
280 406 4
55 200 22
99 134 29
204 458 27
101 437 16
163 259 11
403 166 11
218 308 3
201 414 21
305 379 15
10 459 30
275 184 2
234 425 4
330 294 29
430 337 8
420 490 24
415 44 24
200 482 2
216 175 8
28 192 7
72 125 23
280 277 13
394 119 21
126 32 27
42 233 3
254 155 19
295 173 8
414 269 14
120 161 1
7 285 15
168 244 16
210 176 7
9 244 8
142 344 12
227 84 3
95 491 15
71 57 26
487 359 13
12 20 25
304 349 26
75 232 15
352 489 11
296 488 29
146 276 30
395 227 28
80 320 29
48 353 7
279 355 10
348 29 9
295 453 9
196 232 1
159 346 4
150 357 6
224 364 14
55 51 21
142 488 29
428 452 3
76 142 2
34 277 26
401 351 7
446 44 6
58 268 24
359 329 26
200 189 5
208 490 10
236 410 15
300 299 23
53 182 27
100 248 21
23 498 23
410 359 16
184 282 22
489 222 3
245 95 12
377 324 19
190 434
123 98
447 107
96 105
397 342
29 275
208 276
225 24
190 17
7 347
168 57
466 305
117 165
146 257
160 482
291 227
312 450
486 427
143 78
498 62
220 154
347 365
394 25
487 429
203 12
397 349
496 332
93 304
273 476
228 238
410 33
294 300
98 131
55 383
407 349
338 359
293 22
335 375
336 83
4 170
76 330
304 290
366 337
245 478
308 349
144 273
277 435
20 476
60 314
15 353
203 150
429 403
204 154
81 277
37 144
132 462
50 41
278 300
269 287
316 129
337 452
77 124
416 341
66 60
263 396
316 472
83 362
255 91
367 397
248 225
139 148
350 391
95 161
85 261
27 480
454 58
370 473
209 311
80 365
37 380
332 54
460 95
44 490
91 309
420 453
362 390
400 89
59 86
168 212
407 328
228 488
272 278
405 163
218 27
485 441
155 445
388 45
456 406
24 175
372 326
398 389
51 158
445 304
99 257
265 446
65 364
500 148
409 238
21 325
398 277
96 66
210 382
158 444
305 117
347 13
470 115
61 181
381 149
33 28
310 475
146 422
197 231
167 331
32 497
122 423
50 74
252 98
73 238
177 63
182 171
289 442
26 267
487 351
467 99
387 419
311 449
28 469
201 41
419 184
88 176
133 466
28 225
357 15
406 341
43 364
202 134
174 452
266 171
429 349
495 359
449 187
50 306
268 272
192 51
123 156
413 371
157 482
479 327
256 390
222 345
245 136
127 149
277 170
85 402
258 233
398 272
113 40
218 311
104 303
469 474
441 484
400 270
194 128
233 16
72 429
231 45
475 439
245 372
154 37
169 409
268 294
226 321
428 164
290 298
291 381
159 275
284 403
158 256
346 271
89 268
87 260
283 464
298 321
173 82
445 59
204 110
91 121
334 278
321 285
3 75
48 429
196 25
298 191
279 94
494 15
259 427
384 297
301 371
47 51
172 468
306 457
295 424
39 287
295 300
32 465
32 50
403 62
217 353
326 182
100 371
33 396
485 114
234 183
289 126
225 81
450 270
376 407
228 63
213 279
200 460
189 433
406 296
64 47
330 66
457 43
4 20
190 393
169 147
353 445
351 392
146 119
425 24
394 222
340 256
327 472
367 403
461 360
158 125
365 25
481 237
307 189
212 448
490 349
113 268
204 206
68 107
143 169
306 101
269 238
354 500
243 280
494 18
173 431
126 252
389 171
387 58
183 215
265 448
410 395
465 365
59 147
434 424
313 223
363 352
71 152
447 235
399 39
322 152
391 226
160 477
83 138
176 249
446 485
28 159
205 275
442 232
380 261
373 169
299 400
33 16
165 109
144 123
153 221
477 211
290 302
419 392
374 82
183 226
325 457
414 39
289 180
93 115
25 2
326 446
268 418
97 355
24 490
108 398
85 241
185 451
26 401
93 441
88 475
11 232
286 90
309 394
156 140
97 349
302 327
491 216
417 12
256 284
472 44
203 19
176 434
115 69
326 100
218 454
369 82
240 259
27 39
387 178
467 385
462 106
265 27
305 45
58 97
331 305
292 168
320 449
446 214
62 159
491 112
354 481
337 168
292 78
476 224
452 221
16 115
88 499
6 460
483 335
315 339
38 310
411 28
196 10
334 190
66 291
252 320
18 150
113 367
452 103
344 428
430 131
400 41
279 126
398 319
428 177
125 362
97 388
41 146
217 409
445 370
473 479
182 431
129 143
302 356
132 224
384 264
232 414
67 100
24 361
421 390
412 39
7 13
479 118
3 239
133 473
159 144
148 367
465 219
466 255
180 124
97 474
82 290
403 207
388 260
459 385
221 226
203 215
381 86
431 298
417 5
436 237
376 22
306 223
117 140
55 81
389 332
6 357
78 417
469 251
336 302
95 67
353 212
268 438
414 421
45 155
234 223
265 474
498 29
353 233
267 490
97 236
217 199
261 242
474 140
406 392
289 319
255 333
81 87
431 95
416 119
192 230
210 275
21 134
492 103
211 333
495 179
215 376
153 68
170 478
236 242
120 157
19 429
190 366
494 293
84 425
372 391
29 21
242 346
267 109
478 126
461 61
209 315
147 312
118 347
297 69
294 367
406 188
262 430
221 469
436 253
169 416
133 215
66 180
219 398
362 259
81 13
109 346
471 92
5 147
443 111
290 264
404 77
328 165
380 242
219 436
341 398
212 141
158 268
89 349
466 119
354 106
3 305
372 45
123 16
12 27
204 71
297 435
278 355
189 496
292 359
437 203
329 217
98 471
28 345
88 161
70 198
74 103
350 487
406 269
231 3
356 462
8 469
392 487
352 239
38 292
265 466
363 376
245 143
388 243
146 107
458 248
216 97
283 459
432 30
247 339
322 206
314 498
96 154
196 333
442 157
39 158
48 326
432 296
411 172
428 253
274 229
284 349
471 425
310 434
389 271
424 20
395 279
355 228
174 61
8 474
152 246
30 270
227 426
317 238
262 73
75 281
69 413
268 354
157 274
77 7
163 448
16 392
199 207
361 182
481 472
497 207
62 105
209 88
317 293
180 77
68 368
153 480
90 204
295 432
362 66
301 416
204 289
141 187
452 438
240 215
10 178
287 280
1 374
416 309
429 469
171 438
471 44
480 458
171 72
312 406
80 38
303 465
45 147
313 238
159 309
358 297
409 219
77 171
59 122
171 264
446 162
300 193
402 345
100 193
411 288
2 398
284 134
302 65
479 208
173 414
448 389
414 258
254 324
102 498
11 53
383 378
219 14
4 368
217 391
176 294
303 84
30 190
5 100
143 260
456 404
408 75
227 334
306 485
230 479
445 291
233 319
95 25
391 101
302 468
119 159
186 236
412 377
39 115
35 198
187 118
292 327
403 394
131 126
221 237
436 391
43 236
291 468
265 69
89 381
277 264
75 124
299 356
171 154
51 192
95 21
34 329
192 433
3 326
374 493
315 202
14 95
223 493
420 94
393 133
391 86
349 323
181 280
152 20
217 58
292 95
81 153
414 14
305 71
275 99
356 277
292 154
242 215
355 87
495 485
238 472
183 439
23 388
337 128
472 60
461 437
447 373
154 33
339 9
6 411
476 180
146 126
281 415
482 404
280 31
464 124
43 50
154 315
347 71
137 451
391 472
186 194
307 491
263 243
355 221
55 46
251 206
363 210
69 200
34 71
313 491
251 209
483 353
211 426
125 267
15 212
72 493
138 10
9 115
41 303
194 484
449 56
441 98
225 402
6 69
492 320
177 281
30 343
243 386
52 91
296 284
416 77
264 107
303 398
93 121
235 250
181 259
129 460
301 11
83 5
26 460
71 102
492 392
413 135
213 223
271 423
473 249
175 134
416 128
362 237
65 126
274 272
140 422
231 212
107 389
432 310
180 430
152 178
161 163
2 385
102 386
457 47
407 284
160 15
285 391
311 462
149 357
492 167
111 167
322 304
63 400
202 485
480 55
473 22
122 117
414 301
479 5
44 195
213 53
491 294
219 35
220 120
36 70
380 32
66 431
365 127
368 324
369 24
465 211
129 196
22 317
222 489
58 437
8 201
243 461
39 500
159 266
343 189
433 385
224 235
394 429
9 421
473 485
154 415
32 101
328 167
403 392
439 396
219 171
373 341
440 216
37 7
41 284
150 202
40 376
98 341
382 295
330 375
30 464
35 48
79 491
368 383
17 135
201 194
2 273
82 481
67 194
458 144
385 100
455 286
159 482
177 241
442 299
239 294
38 313
467 301
73 45
205 153
381 197
176 177
317 175
289 347
454 307
72 280
434 131
441 276
168 376
420 307
289 21
31 31
104 119
36 490
387 286
132 377
210 243
92 233
116 372
304 82
170 191
380 457
103 290
297 124
177 203
166 339
392 204
228 294
92 107
56 317
128 283
340 217
388 281
315 366
52 9
189 492
164 191
373 310
384 322
398 366
166 441
351 191
136 225
232 281
492 100
9 239
313 442
353 251
139 254
120 415
187 290
294 267
442 100
425 239
440 382
79 194
485 493
428 413
77 456
298 162
369 368
426 98
221 132
270 417
443 457
202 391
180 343
461 488
114 4
426 462
241 263
94 112
386 420
98 40
306 197
234 312
347 126
358 462
358 298
280 225
264 419
482 213
174 156
159 464
54 440
68 119
250 439
184 488
115 339
76 254
323 486
409 500
232 194
422 368
64 328
438 375
496 21
144 112
129 384
120 384
369 338
423 415
339 290
303 205
88 6
328 347
159 288
71 169
490 159
339 316
287 349
28 363
170 155
333 402
144 478
282 406
480 135
67 169
290 148
441 321
461 70
451 369
226 387
50 477
53 25
160 118
282 444
128 145
298 151
206 325
335 182
352 387
116 465
97 153
491 302
159 86
480 125
416 185
332 382
280 197
73 452
172 262
142 384
202 251
141 7
190 261
330 331
262 420
282 123
377 70
189 273
87 405
120 127
404 417
134 64
271 280
73 480
129 216
175 43
318 175
39 107
81 198
128 202
337 180
271 219
321 152
240 406
147 175
405 335
52 66
477 164
112 136
241 419
450 13
217 213
185 495
451 467
109 359
80 410
252 223
228 115
212 319
425 380
393 399
73 425
472 86
226 468
126 303
190 385
343 121
380 88
3 243
33 220
115 37
49 86
346 203
2 453
397 355
236 149
437 228
249 302
166 414
352 122
317 20
24 38
425 392
163 349
445 281
252 124
123 14
288 319
3 362
196 50
457 61
241 336
333 229
148 122
338 54
265 349
95 351
82 38
13 399
180 40
308 14
275 166
162 157
249 212
498 301
435 321
282 448
298 450
388 468
328 266
189 162
77 440
368 457
426 36
288 479
358 265
174 49
406 271
489 344
109 86
278 386
276 129
16 468
305 400
187 314
251 80
439 462
95 66
150 265
150 105
12 244
465 77
27 118
19 384
483 309
169 235
183 65
398 193
51 486
273 410
67 482
251 78
282 252
116 410
318 368
492 189
256 90
395 401
313 295
82 45
248 485
329 76
405 137
52 45
32 423
183 464
202 463
318 167
10 340
371 119
452 251
246 335
347 244
39 280
98 132
176 63
355 245
474 451
386 214
28 487
25 414
184 150
302 157
76 438
151 274
381 242
182 491
238 355
403 12
358 5
35 240
188 91
329 30
154 433
377 169
434 469
454 295
248 139
138 63
146 140
40 495
491 101
393 389
291 253
7 453
316 43
168 127
2 154
480 36
442 159
183 128
474 289
231 22
84 472
458 101
153 250
236 56
445 139
374 389
476 51
30 308
124 409
240 253
471 272
146 312
117 50
73 499
380 164
54 235
246 462
19 267
48 49
406 259
393 280
289 419
366 54
485 194
194 119
430 430
94 266
279 346
47 492
86 37
79 260
159 33
460 65
296 399
412 342
145 26
218 464
165 311
242 247
451 246
251 459
383 338
142 371
270 131
352 121
461 463
263 117
463 433
420 388
390 28
90 143
139 497
163 149
264 79
275 80
192 39
345 400
407 197
477 57
446 491
453 40
256 407
99 40
29 442
487 229
94 67
34 79
156 479
250 447
58 248
144 29
281 441
346 387
270 262
182 245
363 363
65 80
428 395
232 362
197 218
56 466
55 338
150 161
419 167
477 289
399 114
445 208
161 242
50 132
78 321
409 197
168 302
208 220
458 146
1 1
120 112
332 436
12 108
194 74
473 58
283 63
420 413
178 338
319 278
260 97
474 31
460 1
311 412
108 495
100 465
370 162
368 178
425 498
276 13
76 79
352 105
224 150
413 109
109 405
474 408
371 67
185 372
280 318
440 254
405 98
444 438
497 443
10 141
87 256
390 7
12 212
272 189
146 270
412 92
475 152
258 40
355 447
296 375
490 229
151 304
372 357
380 314
143 452
338 255
399 121
146 284
123 46
61 88
122 53
46 371
121 287
35 72
370 365
354 470
126 50
195 41
54 91
425 308
442 208
89 356
449 482
251 117
47 28
292 11
279 492
274 331
217 157
171 138
257 456
474 270
67 238
310 330
251 142
236 306
298 375
128 288
225 70
225 228
185 478
437 134
204 208
499 103
151 293
455 223
430 288
257 123
228 252
369 480
111 165
120 408
480 93
314 443
481 17
102 287
245 353
10 380
215 419
15 230
31 287
113 397
332 55
49 176
400 492
348 230
261 465
83 203
246 400
421 452
127 474
376 315
1 89
149 399
97 41
337 327
198 131
288 51
315 225
239 17
102 142
113 189
436 360
95 285
384 500
462 30
436 323
8 265
460 315
249 250
354 156
77 438
337 363
258 413
40 465
336 471
14 239
120 449
139 196
215 184
322 153
354 369
409 273
296 313
74 257
343 319
107 3
68 84
87 130
112 264
56 383
220 341
369 277
105 346
167 258
257 202
403 155
402 152
317 41
447 148
391 319
202 187
362 151
322 52
232 392
93 494
451 412
286 195
65 127
315 54
200 40
332 355
439 331
341 88
22 154
372 166
297 247
235 335
352 254
418 379
433 64
144 474
250 94
40 32
419 215
240 42
311 444
261 288
314 384
15 445
424 455
385 294
497 273
13 276
121 340
31 46
77 333
417 274
199 159
473 4
15 318
350 165
293 349
245 64
320 98
93 359
290 10
437 124
421 334
437 281
201 84
310 419
306 249
482 139
191 445
110 143
476 247
110 15
288 400
348 191
248 67
466 436
83 402
188 133
315 304
71 90
73 234
376 237
452 479
278 271
469 49
167 167
429 119
452 185
299 87
77 329
239 457
363 270
348 11
474 118
414 163
427 81
251 262
364 307
25 184
379 253
217 3
24 482
109 56
69 219
458 2
102 487
271 73
494 54
357 151
498 56
68 192
99 473
144 32
431 500
436 435
326 398
222 165
131 344
245 14
482 498
455 317
212 308
350 414
303 472
396 105
339 277
189 440
369 250
131 185
329 275
344 163
262 110
415 14
178 245
241 213
467 492
248 110
333 46
420 417
200 86
305 228
497 390
249 371
26 190
99 490
422 154
389 176
418 344
251 389
83 413
29 258
448 360
327 109
288 302
430 30
90 279
480 363
353 209
496 496
363 247
265 294
200 318
428 131
130 253
389 116
256 458
400 81
465 235
424 169
312 144
131 66
419 302
347 356
30 86
293 50
496 440
255 396
279 16
124 44
375 254
441 88
236 239
451 225
102 162
494 282
153 349
3 111
362 171
65 6
449 113
149 57
330 423
464 378
102 466
187 192
244 43
307 280
390 295
80 432
222 434
308 400
246 300
417 280
292 286
170 211
308 340
77 431
191 172
304 407
192 165
18 145
86 309
363 454
267 400
446 107
