90 888 30
3976 454 16
1117 2584 24
3037 2098 30
113 3038 14
4102 733 27
414 3122 25
1017 3172 6
2627 3114 12
732 60 12
2798 1748 16
2116 2811 17
2284 3373 19
1823 831 20
4762 2151 14
4196 4386 3
1149 1711 14
2788 1248 15
901 2953 6
534 676 4
916 1278 22
4310 4825 2
3131 1278 19
4863 2235 12
4659 2879 21
1037 4313 1
2255 775 9
68 2188 10
3195 2277 22
840 3606 11
3156 843 22
4435 2052 10
4854 3949 6
3457 4661 4
4161 4425 4
2563 3893 2
1031 422 22
649 2492 21
2682 2078 15
3736 2748 7
1053 2109 19
4583 4669 9
4714 535 19
2026 2670 29
1459 4833 21
3955 4517 22
816 248 9
105 3374 9
4984 1973 26
3451 4931 27
1559 1674 16
2209 533 26
3696 4072 2
1155 1020 25
3835 1173 7
1747 2822 15
4257 2567 5
4348 889 2
4767 309 16
1022 793 27
468 2496 23
353 4888 20
3041 1781 23
40 4341 18
1170 1884 17
3645 669 2
2554 3336 21
4881 4196 15
3006 4390 12
1147 296 26
2449 274 26
3297 2567 3
3766 2151 29
1677 2712 11
4483 3491 17
2140 1039 23
1920 432 13
4365 2890 5
2642 2818 15
4531 4124 16
4946 4019 25
4589 3525 3
1460 4805 1
4473 2086 3
4926 605 8
3245 4429 14
2661 4914 8
96 3843 8
364 2330 27
1839 4384 25
133 3429 6
1571 3880
119 4356
3419 3238
2058 4001
4801 128
83 1690
2651 816
2768 4051
4175 609
2725 4008
3769 970
4659 1579
2891 2613
3688 4495
1158 2139
3823 4289
3820 76
4716 2981
863 1184
2186 3649
1858 1780
593 1036
447 3186
4214 253
2201 4984
4749 4817
446 4564
330 1985
955 2009
3151 4128
1817 3866
4205 4360
1293 2404
519 3761
3793 935
3736 937
3091 592
4159 4805
2344 184
4838 4142
1384 3843
2439 2425
1149 2774
623 1652
2861 2517
3822 1671
1786 4307
4707 3692
967 3422
745 3239
2340 590
346 1278
1067 1049
1355 723
824 263
4146 3393
4848 1383
2513 473
2889 3203
3615 3269
1310 4661
4424 1259
1131 2693
2999 765
1437 840
4 2872
1251 2760
3536 4808
391 2082
934 765
3342 2599
4217 2072
2715 2289
1571 2388
3518 3773
2064 2256
1154 57
3926 1668
447 3303
22 3191
519 1835
503 2305
3887 4663
448 4641
2176 3381
2181 3594
3719 3292
3577 4834
2504 92
1670 4349
893 216
2598 2784
3294 1182
2598 4609
4613 1278
1189 1109
1727 4428
2922 816
4597 1753
530 4988
742 2181
1040 1849
1776 3134
1648 1374
807 3709
9 2289
1076 3049
138 4357
1634 3501
866 1844
2373 3605
2490 3970
2733 944
4128 17
4311 553
770 4235
3484 1119
2235 2476
1804 608
3766 1477
4564 614
3939 952
178 3961
694 4077
829 4137
1347 425
1497 603
2957 3974
452 23
1509 3143
1028 3838
2766 4407
2837 1061
3963 2259
2822 2232
3726 4753
3565 847
4835 1575
1229 3378
2350 61
3791 4716
1072 1400
3292 1222
4950 4040
2774 2759
1162 3959
3089 1770
4076 3897
1758 1687
4109 4356
2521 1077
569 1882
2441 708
2153 3829
2039 237
1249 3370
1981 4979
891 2551
1007 2925
1095 795
629 3014
1850 2358
2690 4382
738 4598
3801 940
3566 699
4305 441
519 3072
3407 1321
2159 3950
3477 409
553 4432
2654 1255
1530 1196
2990 3843
1109 3818
4152 1170
1514 3111
4338 1915
4527 4295
3717 3644
4756 725
679 4280
4408 2543
4450 2155
4074 4567
2201 4437
2627 1932
2704 2639
3204 4790
458 3512
29 3108
2591 3798
2366 4510
1803 1849
2170 1398
4789 251
1444 186
3315 1341
4518 2931
1191 1258
2158 1953
2176 4782
4181 1151
4601 4266
909 3329
65 735
4654 74
4935 889
2995 3685
4384 846
4779 3504
1311 3592
1256 2990
3996 3573
3623 3589
1064 3177
4946 2202
2543 3057
4132 4597
4825 3060
1901 4890
4109 1318
51 3492
2178 3101
3160 1380
140 4680
2562 4920
2768 4927
2010 1724
778 4134
4413 2552
3725 3403
922 296
1113 3803
3136 47
4255 1135
1124 1714
548 2364
4074 865
4604 4658
487 3870
3869 2799
1238 3826
2133 2990
4698 2448
4742 191
2150 1025
2742 3850
2623 1360
4293 4276
1044 835
1441 4210
2954 306
1961 2130
4407 4456
4064 3039
3138 2969
2683 3291
3326 4275
2809 1323
2897 662
1671 2720
3581 2062
1211 2742
1853 850
787 4875
4116 1685
4186 3157
4439 1399
3944 2901
254 1925
1665 1322
3763 3555
4062 1886
50 913
169 3671
4515 1192
18 4701
3 635
4506 1908
2947 3274
4164 3667
4788 374
2776 1210
4572 2198
2560 4208
355 1790
2325 2602
659 220
493 3537
4862 4886
4501 2870
3299 1685
927 2686
1919 609
3636 942
2610 2527
2388 4040
2316 1679
621 985
1866 810
4285 4450
122 3557
1081 3748
3198 2253
4379 2321
4190 4955
1045 660
3301 21
1720 1874
3192 4849
544 1625
1293 3102
4878 549
1116 1721
4598 3266
4878 4546
2813 3514
942 148
3345 1192
3700 3305
1977 3009
4545 3863
3579 1448
2620 1252
1596 519
2675 4520
761 4473
4199 4137
3365 653
4991 4819
342 4197
4497 2369
751 2648
1524 3749
565 2707
4353 1312
2299 1098
3953 4161
4325 1583
3465 536
3957 307
598 2784
1462 91
4721 4626
3050 3139
936 942
4290 4060
4808 4701
72 412
4161 4606
4308 2335
4324 4341
1643 1174
1127 3469
188 476
1085 1675
249 3052
2277 2656
2021 4110
4939 3007
3612 119
3074 90
3835 2124
2731 2973
4642 3024
1748 3909
2499 2722
2991 2187
4833 1076
602 3552
2263 529
1679 1227
3094 403
4488 2023
4437 4725
1337 817
4152 3016
4785 864
1232 3130
2892 3515
298 3325
2599 3021
2369 3761
2531 2477
2083 4998
4768 3236
3863 4541
2981 4571
1032 2657
2090 156
3081 3603
2588 4998
1828 4990
4707 3159
1211 2317
3933 4089
4233 2612
2405 799
1169 1995
796 1178
2527 2239
581 3794
4167 1691
661 2556
235 1577
4245 3913
2163 3560
2848 2176
291 463
3652 368
19 3225
2262 3155
2204 1155
1133 4130
3058 2341
3324 1877
350 4343
4121 960
321 178
1707 200
1109 48
1332 4948
1630 4752
672 1894
86 1863
4930 307
4038 3287
4243 1349
4265 3551
3825 4698
3117 3480
2863 808
3163 3089
4562 432
1869 3955
4477 1634
4686 3625
2322 3327
322 507
613 421
761 4632
3418 1056
437 3270
4353 1007
240 2663
1972 397
4739 402
2157 1100
3052 3421
4525 1960
48 717
975 488
3845 3667
1771 1046
1839 1288
688 1149
934 3996
3094 3301
804 993
2217 3204
2115 4931
2061 2207
4107 1258
2858 3149
3330 2245
4785 153
1811 2946
3176 646
4765 4524
396 294
3251 908
2060 4229
4451 4931
2936 1368
3668 923
3038 3123
3333 1055
718 1226
4108 3519
4376 4215
4903 2121
3058 2164
1747 2978
1421 2888
3888 1423
2883 2633
4321 4454
4328 1208
4528 1115
3038 2716
4638 3202
3883 2665
3694 3283
3184 2063
207 4598
4506 2927
2046 2262
2664 1941
1277 213
4588 3156
820 2824
3055 1599
1410 2006
4767 2848
2385 217
113 2822
4581 58
2155 3965
2645 4427
1682 197
1006 4245
36 121
3112 4052
3807 3630
4471 4375
1279 3622
4016 3910
94 728
4329 2665
4508 2027
1776 2372
4073 4763
3687 1222
3886 120
1710 4397
4143 3375
2912 3550
1522 4200
1219 2238
2852 419
4640 2733
1621 2963
427 4755
173 3364
2510 3883
4171 3081
1472 2881
776 4715
2954 4950
633 909
4927 1206
2184 2521
1174 1119
2404 4709
1420 3510
4479 1581
4285 4871
1272 806
3895 3097
3357 4473
1331 4041
3749 4361
618 4607
2613 3798
3352 2353
572 2457
297 919
801 4401
1716 2765
2905 4042
4579 2494
758 2095
4133 1912
447 769
844 4110
578 4795
1477 2218
3439 4571
4735 47
195 1985
2288 1222
4397 1043
4433 3948
338 2694
4941 2182
884 1151
2697 2079
3198 1470
2927 3016
685 4535
2937 4232
4458 2685
3749 4600
3813 2724
4993 864
2966 3839
2282 3994
4362 226
2141 1682
4969 1422
4644 325
415 1970
2096 4107
489 3461
3111 104
1498 4291
3707 1544
2321 975
1310 3637
3215 1285
527 2878
3009 987
2396 4625
1693 707
4434 977
4495 3620
4599 56
4064 3343
4159 1870
4050 3929
4065 2697
2054 299
2970 3413
3512 1039
1623 4408
4629 4959
201 2607
1544 1210
3198 2792
68 1991
3644 3652
3599 2773
677 3974
1503 1663
636 2175
3963 718
3549 4288
4579 925
969 1748
1641 3871
4415 3007
4101 2355
1607 2363
345 4352
2404 3580
4327 3168
4261 1537
379 2911
3562 672
388 4508
162 2381
1636 2012
4255 829
1636 639
4751 4282
2528 3895
4671 1797
1470 4271
3678 3302
2771 1719
387 1610
1863 1108
2746 4820
1638 2113
1624 4248
935 3630
1213 621
4236 317
4974 3485
3899 2774
2867 3200
491 4225
2937 1250
2305 2323
2241 3198
3184 3108
2416 2538
4399 4375
3402 3821
3707 2170
767 294
3609 3122
1064 4771
124 3877
2340 1858
3583 1851
3359 2056
3063 3799
4145 1110
1401 2730
3104 4660
2324 3218
1600 1127
674 3048
2836 923
2826 1716
3369 559
3602 3186
945 1441
4187 3560
3439 79
1262 2328
3122 2785
2580 1216
3617 1130
2581 4829
215 2961
2305 4182
4203 997
4628 408
4793 2040
4663 2294
1339 2344
3213 4674
263 3745
99 3929
4191 4931
3421 3297
428 1765
405 2978
3865 3721
3774 1051
4332 482
1615 3976
2203 341
2308 4389
842 290
80 4066
2733 2415
1726 764
4657 4173
446 3520
3427 4179
1077 2974
1100 1586
3412 2466
3886 4875
4340 671
2210 510
3 2311
2676 3109
332 4496
3022 4386
4956 3438
4429 4648
4497 4164
2500 3907
1288 4166
1975 4644
1153 3006
478 475
2608 711
4262 4866
2220 1997
2350 2925
1405 2657
2293 3454
1526 945
3456 1486
3411 3193
818 4400
4637 1804
1179 4578
797 4513
2589 4177
277 1217
1273 2886
4848 2151
1221 2537
3001 1471
2074 1927
3703 3686
1880 419
623 1019
2227 3688
4419 4025
1432 1798
3257 214
3792 2674
3145 2911
1132 4326
3135 4083
3994 1964
1369 3984
4656 3544
3093 1875
2401 432
1829 3241
1517 3509
3106 3169
398 1571
3950 4506
3619 307
1470 3336
4904 431
3371 3197
2565 287
1130 4998
671 1777
2238 46
1921 2192
3180 371
3325 2807
152 3296
411 1172
2422 478
4418 327
709 154
480 3087
1224 3202
738 3242
2887 3717
3830 1586
3585 1267
4473 2933
981 196
2928 3838
1894 3415
2213 1291
2254 1908
254 4289
137 360
756 4267
893 3089
1841 4922
1406 3311
2451 1803
3275 2197
1250 337
4557 1907
3661 2909
4935 1136
1230 4317
4969 549
2963 1727
3884 4135
1063 3751
4672 3272
3973 4825
4635 2366
1691 312
1474 317
4915 3037
3835 1351
2057 3121
834 1348
4690 549
3359 326
4013 3296
2105 3092
3889 2267
3767 1153
1516 3041
4065 1750
370 4805
4350 4500
312 4013
3951 2378
3568 2334
3534 529
2410 375
596 4809
1672 205
3941 3426
832 1844
4215 3459
4281 2527
3712 4336
1431 3437
3892 2806
2970 2720
3059 4946
2695 1456
180 1334
4504 2101
3002 4918
4203 123
2331 2049
588 1787
904 1042
3874 4555
4563 124
2621 1919
1453 3708
1327 1188
4871 4409
3816 2843
2746 3939
3926 4376
1680 52
350 1862
1508 4024
1169 2598
1659 515
1570 3972
3790 2483
