70 347 30
31 2485 25
3401 4618 24
1479 4092 22
3920 3282 9
1146 4651 8
1446 854 17
2261 3375 23
3983 4159 2
4537 3042 21
1204 820 29
2602 1942 22
1768 76 12
4653 2710 6
2630 1957 8
3547 1020 4
2044 926 22
1537 3226 1
3654 2724 25
410 4760 9
4390 3309 3
1774 2911 27
1712 3194 16
4260 919 8
174 645 10
3898 4786 3
2126 439 28
3334 1161 29
2504 4656 28
2744 2276 29
1022 2303 22
2112 4974 24
2427 4189 24
2382 4924 16
2600 4374 10
2211 4641 7
3520 403 12
3543 3448 9
4844 28 30
3006 4629 4
4304 188 18
3247 4413 9
2866 1798 1
1293 1471 17
3410 303 22
825 21 11
4625 4419 29
2633 2497 29
3262 868 1
1695 2513 17
713 447 28
750 1413 10
4100 4603 12
4139 4356 21
701 3566 5
283 988 13
1501 746 18
3107 4384 1
570 3715 20
3552 3493 25
3296 4973 22
4787 1707 3
4798 4372 1
3604 3447 1
2522 2205 13
4827 1961 11
1578 4482 8
3389 3493 6
4646 4011 15
2132 2504 12
3284 1017 13
3108 4068
1301 2822
3127 2536
1473 3282
853 1049
906 1364
3929 4102
4860 3357
672 962
2774 4483
124 4682
6 2048
73 1307
4754 1741
4785 1173
1782 2273
289 2026
3503 2024
558 4093
2563 2942
1665 4328
3453 2240
3127 2278
3033 3660
527 4064
2375 4203
3526 2484
2065 4274
3148 796
4051 925
4239 4821
2763 1088
97 4876
2513 543
3430 3464
3145 3364
2683 4625
79 2433
3841 125
2102 2171
4018 142
55 4019
603 1726
96 4667
2801 3608
4486 1043
2000 661
4892 4801
323 4530
2844 771
1574 2762
3923 1389
532 3741
3959 4502
4373 146
354 3847
2191 1600
2423 3052
3674 2174
4256 1274
4947 3361
4101 787
18 3695
4815 4278
2618 2088
2166 4264
4456 4288
3473 844
3458 3343
1934 4561
1419 3036
4322 2879
3410 2931
658 439
4324 4429
1281 195
2930 1144
4373 375
1414 4864
1418 3092
1303 2799
4183 244
2471 549
3010 346
2697 790
1489 1159
3692 4177
3144 4288
2438 915
2349 3003
937 3178
4192 3646
994 1893
522 1978
3761 4113
533 4697
2219 140
2917 4729
3856 3482
1058 1334
2886 2572
3592 2077
1415 1100
3344 3787
2517 2913
1006 1334
3308 1262
4106 4008
3303 382
940 4752
1658 2815
2004 1556
3688 2673
2238 3474
4973 708
1380 2589
2863 3728
732 2583
168 4942
2031 3065
1797 2305
773 3192
3695 2018
4402 2084
4206 284
914 3361
4228 3069
2875 1138
2804 3738
2992 2729
3912 2264
4060 707
4658 3170
1690 190
2104 2835
1096 2756
4489 4104
1685 3130
3746 4439
4882 32
492 2032
2167 3834
1427 2134
3312 2662
2253 3501
3986 3425
2609 3591
4891 772
2269 1120
3095 3660
233 1275
4996 50
2774 250
2264 4528
2033 3021
2842 4030
1115 119
967 2206
473 4356
881 2255
4239 3979
536 1216
4012 3034
936 98
4584 2464
4934 3611
2538 382
939 398
3981 4564
821 215
3357 3066
1456 3359
4586 15
3136 1307
2872 678
2929 2008
3012 2210
3851 2730
3191 4249
3794 3040
2442 4299
486 2596
3778 2907
4267 4560
3988 2094
4641 3140
2282 4949
3521 1422
4751 721
1336 1589
2810 3298
1008 4504
129 573
941 4221
2682 570
103 2409
3690 2917
2280 1222
2117 3096
3400 3699
612 2419
3255 62
963 2957
789 4123
4858 2974
1448 1887
907 2445
2106 1319
2867 430
4619 1685
3654 3888
2767 1823
1640 3345
3748 1217
1549 3335
2184 1834
1397 127
3540 3872
1205 2193
2898 3701
3610 1824
479 1425
2556 1934
1321 4161
4665 504
2555 955
1522 4034
4095 3113
897 2603
3326 4449
2574 1698
4490 2271
2750 4243
482 4230
4448 156
764 509
3205 741
4740 4703
1968 1836
2829 3425
3396 2508
1348 2203
1695 4884
2754 1280
4622 1721
2157 1259
3463 3091
2441 3985
2618 2643
2460 3497
4549 1830
759 2413
4210 673
1943 3055
910 4850
697 2483
1510 222
4133 1653
2088 679
2558 1551
2667 1618
4187 2243
4840 3782
331 985
3060 620
3733 235
1269 667
3411 4301
701 3501
3732 2046
3716 2035
1261 1082
4960 2165
3499 3743
4090 1185
1051 2333
3740 3784
1625 1539
1252 4494
4820 225
3927 1707
239 751
4428 494
2188 1948
1661 486
3161 4153
2300 2049
2649 331
1851 335
3873 2576
2908 4411
1372 1746
3619 3979
4514 2448
1715 3017
2824 4305
1361 4884
315 3783
2107 3390
2871 4116
1808 2264
4376 4893
287 807
3458 3631
35 2289
2502 4869
2172 4335
3999 744
2394 2233
715 1913
864 4606
4309 2476
2677 1244
338 3786
4358 826
859 3730
1153 3123
4802 3444
266 3206
399 4574
444 670
1974 3335
2972 1715
348 2387
2934 2837
1669 3386
1211 1280
2295 2409
3905 625
1367 4406
3390 2349
1635 3742
2972 4546
1580 4320
2992 1668
3692 235
600 336
445 210
1738 2910
3674 681
3064 2259
4781 1867
191 3896
4352 3478
2380 777
2230 2496
2599 2681
