130 666 30
2434 118 28
3425 3883 3
1608 1614 16
4012 1925 19
3886 4222 27
4328 397 28
3504 1829 26
2944 2074 6
602 1747 28
4973 4720 14
1593 3662 1
3217 3979 29
2398 2797 11
3322 3471 20
2357 1530 16
355 1892 19
2987 168 16
1033 1727 25
3312 3382 7
3252 1210 6
890 2167 3
1585 3660 25
2064 3457 4
937 4582 22
137 3694 3
674 4797 15
1425 681 26
642 2897 7
562 3285 17
1151 619 2
35 4718 9
2300 2998 3
2029 3522 12
12 3198 5
294 418 22
2903 3655 8
364 2959 1
309 4281 13
4128 4743 14
3993 4673 25
3493 3390 15
1334 3606 16
2101 2312 26
3485 799 14
1615 2789 17
317 4869 2
2093 2098 10
1245 4918 29
1443 2659 22
3405 2633 4
4527 1139 27
116 1946 6
932 1103 20
4474 604 8
96 436 18
405 2362 6
3252 1106 14
821 2301 27
87 1486 16
3319 1159 24
2482 4942 20
1960 1889 27
2048 1643 22
1527 970 20
496 1968 22
1653 1231 14
1669 1373 22
3261 2617 10
2672 2316 19
4536 2477 12
3146 3756 5
1325 2150 8
3024 3275 8
527 3799 4
3373 2312 26
3030 2725 1
2016 3743 27
1100 4380 19
1557 4425 5
1765 2559 29
1680 57 23
819 4960 20
3399 990 28
4895 4141 30
1651 566 6
4135 4627 6
3044 3942 9
3150 846 23
1772 95 2
3454 2130 23
4316 4577 6
3983 2513 16
1424 3725 16
3638 3567 5
3867 3622 26
2954 1945 3
2065 2207 11
4295 976 20
3037 4388 21
4712 4706 11
3083 305 27
629 4198 28
4171 4972 18
4225 4188 4
1724 94 24
1868 4077 23
1777 1777 17
1868 2814 6
715 2445 8
1241 4450 15
1499 3208 17
192 342 11
1005 3177 6
1022 1793 11
3446 4535 9
3277 1047 8
126 4356 21
2049 3755 10
4913 3818 28
3934 4113 19
4080 3506 17
3145 4172 19
1901 549 24
2704 3080 18
2347 3762 8
4273 1844 25
594 3031 13
1706 4529 13
4459 987 20
4508 861 1
513 4426
4868 250
1545 1274
2848 117
1772 1877
3337 2122
4147 2559
2555 1044
4835 1142
2278 2478
89 2790
2528 1065
520 2477
720 3561
3434 3686
1435 2058
4081 2916
4551 4660
469 1633
1260 3340
697 2574
3655 3113
1105 1619
884 1804
1136 1375
1376 2709
3775 4769
3317 2945
2448 3362
2014 3238
4808 4031
2311 3273
3262 3228
126 1426
717 4081
3936 1628
1089 635
1106 4410
3587 268
57 2972
560 4905
4152 890
2794 4005
1301 2067
1367 4079
3086 2206
3687 2751
964 4377
91 234
3228 738
476 3966
2754 1905
2013 630
3991 3364
1143 1337
1859 172
566 3168
710 996
3851 2190
1281 1327
3227 1943
3121 4554
571 1577
3491 1398
2411 1357
486 724
1699 436
3730 2025
3858 3315
4283 3190
3344 1140
3551 2244
3045 940
1232 3774
124 1093
878 1550
4302 4166
260 1558
3938 2677
2624 1117
2025 5000
143 224
4644 1212
1327 3976
1891 2888
1725 2726
73 2963
3932 1670
1749 3822
1744 3846
1635 118
4235 2101
4296 3337
1724 762
243 960
3772 2331
1986 1121
4797 919
4189 913
1957 4347
4036 4403
3937 2036
4636 613
2297 4061
1874 2595
2772 497
3199 474
1727 1273
4039 4096
1743 1139
1454 1436
4397 2114
1806 4133
3441 2343
4194 365
2417 2433
2347 2182
4917 1171
44 2054
3106 2030
1573 4019
4037 2795
4163 3572
2624 877
3031 3404
4590 113
737 3957
4787 3233
4995 1725
779 819
773 1421
1171 4058
4411 2578
3125 4680
2387 379
2237 790
4863 3183
2061 3564
2250 4233
2413 346
1768 1207
864 465
3479 2988
2640 3837
4992 1394
4952 4093
1805 138
1196 2184
652 2721
2937 4690
664 4015
4994 3899
4016 1562
4542 2863
2620 2111
566 4143
2288 879
1173 4727
1201 2799
441 559
1149 1933
2783 617
4031 3622
1893 104
2456 1198
4247 2748
3573 181
2111 2225
1855 704
744 1803
815 2599
53 200
1143 3237
3319 1637
4935 2560
1471 1982
3083 4978
1616 3910
2669 3489
1192 330
505 249
1276 2643
2357 4926
3063 2651
1111 2856
1515 4020
2625 854
4777 4002
474 550
4101 105
4566 1997
425 3749
158 626
4024 4614
3854 13
1318 4971
2282 83
941 3143
4584 1380
1308 3812
4190 986
3144 3714
4062 2502
2297 1186
117 3154
4530 4809
1761 2730
3840 4965
4588 4075
2793 1294
4825 2515
4457 3106
3373 4898
4798 2026
4121 2663
1726 3400
3235 781
1814 4652
3589 2856
4047 1855
2218 3158
4375 4213
3847 3561
4734 2928
4782 4383
2769 3448
2345 4221
4506 4185
3039 410
3383 3552
2977 2278
1075 466
2605 3096
2710 2329
2807 595
3812 2793
3135 949
415 4037
4685 4461
4858 4852
4715 4734
2489 3913
4007 745
4577 4011
4202 3873
2985 4831
3383 196
1317 3933
773 1455
4525 3707
1462 1453
1841 515
1218 3094
3301 3497
3236 4925
2575 4909
4577 1981
1175 3381
1203 3923
2651 1388
2420 473
866 3903
231 3657
2424 2780
2930 2757
4834 308
3712 1129
2899 4051
92 2135
1355 3860
3577 747
4864 1543
441 1248
1186 3634
507 604
480 187
4957 264
2412 1168
3606 2525
3478 4997
504 2272
2640 2500
2912 2567
1589 4251
4694 2104
4852 3347
3989 3678
3387 1878
476 1950
680 1137
2707 2450
2728 3923
3762 484
3245 693
876 3900
4850 1704
4368 1988
2577 2116
420 2395
4402 2585
4055 4570
3393 886
1972 1920
1491 1710
2319 3566
405 2156
2132 1146
2966 842
574 3153
2188 4909
4424 2759
3414 3149
1208 1108
81 1225
4225 2527
3729 3275
3668 3956
817 331
4899 3274
1404 4600
377 1226
2142 2884
739 2606
2679 3371
1454 4660
2196 3067
274 438
3955 1201
4973 862
4260 267
977 1159
879 4313
2441 4918
4850 2024
3218 2793
2298 4147
1786 3348
4344 4542
3215 2162
4417 3050
174 4846
3209 94
938 990
3848 2653
4857 2655
3941 3953
2603 2744
3449 1081
506 4487
1655 615
3490 3741
4601 2919
2044 435
4938 915
1232 3231
11 2894
3420 4415
2714 3377
4599 4903
2222 2905
3012 2565
2750 4958
208 4534
3714 2769
781 430
2653 2112
213 4999
544 1569
4600 643
1410 3186
490 3439
4667 3551
3275 1480
2177 2142
4295 4379
4277 4687
1856 1384
1139 2023
3964 3908
4485 3317
2837 4091
3170 4227
1932 278
2879 1625
2364 275
3175 3302
4531 1732
1780 1207
1555 3973
2767 1348
1402 3856
4526 1829
4611 2818
4779 3970
3875 3211
4365 4262
2141 3183
4186 2413
4186 3775
4804 2286
4469 4181
1558 4119
4907 3023
1810 4421
4898 2062
1832 3510
1221 4475
1106 52
3560 2354
2557 2024
1649 659
1088 1161
571 4703
1845 4804
169 185
1999 4450
4289 4129
1688 2702
4451 4375
1532 3155
1410 1496
1148 3509
2724 2008
142 1244
1736 3588
258 309
4598 4967
3695 719
779 2378
2769 2248
2887 2175
4381 4710
1194 4433
2284 4638
1934 993
1939 4271
1729 2320
187 3841
2539 53
1843 2035
1076 3822
3302 684
4586 1433
3050 1784
3422 3639
4160 501
3223 2798
847 23
1124 3813
3188 3616
3434 3866
2041 1549
4747 3563
772 3527
1582 2498
1666 20
1227 3632
4136 2154
1095 1345
1759 2908
1625 1537
4013 358
1464 4155
1861 2821
3066 4039
3779 3755
161 2983
3600 448
1889 1298
3488 3882
537 1875
3608 3709
432 4105
4876 3510
3188 1239
4899 4205
1322 3566
1355 1844
2548 652
1133 2757
3646 1596
4138 1995
3222 3649
3286 3407
2044 3152
4627 4030
1230 4897
2043 1510
4916 2574
1349 3226
168 3581
4152 1821
2254 4733
1359 922
4334 2604
952 2074
300 2984
728 3586
224 3777
3905 2340
3003 2992
3702 2061
4020 154
4698 1884
4124 4778
1533 3468
4650 2138
433 2344
919 2805
3035 4002
4483 614
3869 3597
505 3944
602 486
3616 2888
459 649
270 2809
4740 2210
1867 4756
3750 1162
2738 3983
285 4420
1487 3642
970 3929
979 4801
4677 3374
1387 2833
3592 3503
49 3899
2456 2502
1978 1690
1989 1684
3682 4784
4786 1042
4018 4567
3736 2391
3873 4374
1890 200
3876 1415
3105 4187
2481 989
4865 4744
1947 1523
3544 2239
4558 4411
3642 3345
3228 3374
4825 966
915 3039
1461 1141
2918 1671
4668 1732
1577 4045
3052 2783
58 649
1337 3945
2164 4814
1178 741
4717 2433
4140 3100
610 632
2543 833
1668 1335
3460 733
4170 1661
138 827
4182 2458
2592 534
3052 4094
1682 4541
2571 2490
4184 3432
3217 4555
3281 1189
1841 4201
2104 4855
4043 4621
2927 2562
4050 2459
2671 3385
2970 2119
3739 1985
2992 3399
1381 1713
4687 3989
1646 4934
1482 1480
1872 2116
1983 2261
1750 4419
3074 4427
241 2922
3432 1676
2444 1129
684 560
2651 1516
2827 2377
2494 4957
1601 4638
4187 1952
4284 2286
3918 3132
2549 2737
1507 967
3465 1808
1984 492
1892 2130
338 1589
1338 2740
3876 2629
4014 3542
2438 1899
4620 2676
4348 218
4184 2072
3664 3485
2618 1013
4269 2248
2427 3655
1283 38
4570 534
2544 809
2798 2172
3023 2399
4808 3266
1916 1991
100 1564
2545 440
4673 3298
3701 3764
3676 4301
2462 1200
2582 4390
1511 720
3898 2907
4938 391
2957 478
932 2503
4640 5000
2949 1946
1727 4833
2419 3156
3939 3459
1853 4540
3900 4266
1982 1184
2963 744
1075 4578
1331 2266
958 3034
4279 1549
2455 2398
495 4633
859 2666
4066 2647
953 1428
2464 4427
2938 12
3681 1336
2481 267
3499 3198
4082 3180
2739 2852
2421 137
1816 1927
2074 3969
