120 1256 30
13 138 26
222 461 16
313 40 8
90 484 4
344 451 30
96 469 28
10 201 27
416 278 12
311 193 9
441 63 7
426 320 29
371 220 28
273 216 21
192 354 25
425 297 12
98 372 6
183 436 30
333 408 3
459 5 22
247 390 21
431 276 9
245 127 1
258 404 11
117 115 8
14 488 28
273 407 18
256 229 28
239 348 11
479 68 29
365 383 8
360 40 24
416 75 25
492 131 7
194 126 17
384 126 17
56 179 26
381 172 22
4 81 7
322 146 6
137 97 5
443 234 11
70 269 2
264 176 27
212 458 24
359 207 13
178 416 4
380 107 25
270 211 23
109 44 13
30 299 19
34 427 21
47 228 30
4 152 4
181 108 2
306 76 4
92 179 17
253 378 18
64 296 22
208 402 22
24 298 21
28 468 15
457 95 7
3 493 21
287 497 19
103 233 29
443 237 26
356 257 24
222 357 25
225 370 23
406 329 9
248 267 27
272 427 15
477 141 27
140 337 15
428 14 20
394 94 18
324 205 8
349 388 18
379 254 24
156 209 17
120 34 16
154 198 8
370 306 4
258 286 15
432 238 1
57 199 14
344 486 10
404 464 11
5 147 2
251 140 6
233 454 22
284 452 28
247 357 7
4 404 14
321 392 3
470 443 28
273 183 5
493 247 6
56 42 12
354 249 1
294 290 15
79 373 9
415 437 5
138 124 14
205 402 7
152 254 18
56 278 29
194 471 24
296 82 4
392 94 2
468 103 19
305 143 1
27 486 18
89 436 21
226 120 28
336 114 20
373 440 24
104 107 18
162 54 2
463 361 10
294 243
493 8
354 120
256 391
31 182
29 305
142 333
167 11
36 13
300 85
222 90
181 109
118 92
106 266
45 348
216 215
198 316
81 327
216 123
396 440
424 38
89 422
469 339
218 424
254 180
471 354
110 83
42 248
65 50
354 173
455 296
498 77
266 117
318 140
280 93
312 267
63 302
169 122
41 180
79 364
277 416
442 201
149 289
481 331
328 206
439 236
85 246
46 297
340 142
2 353
315 200
229 199
313 235
79 249
186 141
270 382
290 495
13 212
453 457
255 20
217 196
152 449
332 482
268 247
438 65
326 373
383 149
257 121
204 102
356 376
194 45
245 221
33 46
164 230
435 34
161 361
152 129
183 22
103 310
65 72
33 369
312 477
498 459
483 459
75 61
281 236
96 322
258 98
372 33
330 467
301 280
402 142
22 140
451 107
132 68
316 85
452 468
321 397
6 272
164 193
259 101
400 201
209 125
384 416
288 331
462 107
118 196
227 375
99 159
265 348
424 396
98 160
296 5
205 137
274 242
442 283
351 253
85 327
388 385
53 68
237 478
348 348
308 225
449 294
178 59
12 481
242 468
327 121
380 294
139 279
247 302
154 137
477 130
183 397
310 449
225 162
139 105
361 423
460 264
33 23
487 221
442 90
443 500
477 389
118 407
220 3
359 462
4 71
29 309
375 16
11 56
439 132
61 308
93 113
77 344
249 396
397 107
260 368
484 92
55 17
163 348
193 392
171 167
466 105
173 197
100 56
162 16
92 89
424 345
424 76
255 478
147 491
334 152
236 253
485 119
420 300
82 139
128 225
79 100
156 132
196 247
6 59
489 65
486 126
291 160
231 411
121 42
113 201
411 414
186 185
140 403
38 230
315 201
208 139
328 279
157 280
490 368
265 96
342 226
378 208
364 34
232 21
50 391
300 93
482 133
368 373
330 303
336 90
94 312
313 379
116 398
232 318
153 334
34 186
432 138
89 99
186 267
175 85
127 166
73 277
165 22
345 164
115 33
245 359
42 310
335 323
229 458
148 30
57 25
437 424
43 177
332 330
52 75
101 283
266 294
45 275
423 82
392 203
284 365
232 219
223 105
398 335
62 12
136 442
176 147
9 433
138 59
317 438
401 476
224 33
142 500
309 148
224 386
423 486
53 249
492 322
113 197
487 372
69 9
79 437
140 419
222 196
420 209
202 65
405 129
344 123
236 428
19 164
89 396
169 396
149 450
95 221
149 435
3 383
202 253
445 194
366 145
176 152
15 404
131 492
415 402
197 103
120 211
421 96
352 112
69 199
283 51
196 68
347 8
422 179
205 68
143 79
380 470
387 489
142 310
234 343
193 293
193 152
259 9
71 248
302 162
423 351
3 369
229 377
203 233
195 74
390 237
382 333
172 152
240 160
243 99
139 31
218 347
451 496
38 95
226 365
471 180
498 196
342 97
335 333
359 208
157 80
92 438
137 292
361 193
469 106
87 371
38 368
432 363
398 193
219 407
299 286
308 493
388 99
168 56
172 303
351 101
229 437
61 431
248 295
289 183
470 88
298 318
409 343
495 413
351 360
487 408
245 253
233 374
285 419
316 362
366 352
220 204
114 260
102 455
51 484
253 371
301 449
483 140
439 228
81 101
206 443
220 464
90 276
215 390
389 170
233 388
315 45
456 443
243 406
69 171
160 216
54 156
491 197
136 346
234 9
378 109
97 268
250 159
180 192
208 255
215 295
27 257
142 185
163 142
391 6
139 285
126 486
202 61
4 167
409 78
60 216
149 497
331 480
82 19
21 126
172 378
467 148
482 158
466 33
102 4
216 220
319 22
300 272
6 51
485 434
350 162
173 496
248 240
273 460
495 136
158 134
97 208
224 49
93 302
391 230
300 2
119 73
4 324
241 22
75 402
217 301
367 429
72 116
188 156
434 335
427 377
430 182
386 280
222 322
384 367
151 274
332 442
7 37
451 188
396 192
14 215
112 488
374 346
154 283
20 132
136 467
153 135
138 304
173 376
400 469
330 466
339 166
230 265
442 316
220 9
145 204
409 291
295 7
175 280
457 47
435 500
456 104
161 351
245 171
151 109
470 403
299 372
58 26
352 414
271 385
251 37
180 430
404 242
475 83
442 300
326 335
124 339
76 98
312 122
473 431
138 67
66 105
481 276
471 176
55 116
391 388
119 359
332 65
366 158
386 437
386 366
415 96
105 149
225 188
38 141
319 195
46 417
329 152
146 276
251 342
95 283
134 417
154 224
277 150
215 355
339 226
44 425
270 309
488 346
390 381
452 484
76 414
409 363
47 198
161 37
126 223
474 353
60 139
431 126
135 181
275 481
9 52
458 249
302 392
305 233
474 319
358 239
194 339
179 212
140 204
16 481
86 365
178 291
365 185
222 263
148 72
332 57
236 101
193 126
28 106
379 256
256 260
157 164
491 25
228 190
132 119
216 386
22 326
43 389
23 80
148 287
293 379
393 383
487 192
284 49
82 107
220 345
409 382
101 481
291 144
279 265
385 170
321 317
458 176
174 297
129 10
321 134
279 62
6 484
122 485
150 435
71 152
359 28
13 386
466 312
232 47
322 462
81 65
236 53
299 100
184 465
258 340
163 36
432 359
307 463
258 350
123 108
452 77
313 378
258 495
116 463
77 266
203 326
318 499
335 43
44 343
287 298
32 392
256 368
248 398
257 145
252 292
63 369
440 147
335 289
266 210
240 1
469 294
349 90
323 10
457 56
164 473
445 278
465 229
107 29
6 164
467 242
469 287
378 444
177 276
68 228
110 204
149 224
13 181
326 395
399 223
22 355
297 72
226 82
455 480
65 194
477 143
455 385
8 313
485 464
91 129
217 67
452 353
437 144
484 342
79 66
403 392
161 383
262 152
98 386
490 83
407 436
468 274
211 233
440 39
288 253
485 56
374 151
288 378
221 471
18 27
375 231
436 377
437 120
369 158
40 70
447 432
106 215
225 253
4 399
261 56
308 299
13 29
426 316
226 157
382 262
56 73
356 466
171 308
100 321
438 145
133 480
181 207
81 297
311 163
264 435
217 7
27 235
284 31
203 357
229 262
485 184
166 18
226 287
196 214
452 494
355 346
245 431
259 366
180 69
228 426
256 364
429 386
30 213
416 303
93 428
95 419
354 409
275 37
455 398
499 197
457 275
223 83
378 179
21 454
327 311
149 158
177 360
174 481
318 114
5 327
44 367
199 7
220 445
27 292
467 161
323 100
112 409
196 394
337 237
82 157
475 333
490 477
458 141
350 201
455 165
37 284
39 444
402 388
347 173
236 277
329 179
59 398
387 101
466 226
134 482
250 21
15 410
17 443
477 44
91 243
170 302
155 405
492 365
118 18
489 361
462 117
314 353
407 35
81 219
339 33
179 174
178 151
238 411
168 366
72 35
266 163
201 396
179 88
424 166
201 337
57 456
84 484
171 109
244 250
60 394
409 310
326 186
366 214
453 281
253 222
180 135
123 163
69 407
340 355
314 333
185 149
278 473
127 463
33 107
110 451
296 91
104 209
333 253
279 431
405 277
107 373
35 61
355 215
327 453
471 166
22 266
104 285
253 375
120 123
477 488
353 224
56 369
140 396
373 357
120 60
142 384
57 102
474 145
231 221
91 277
361 333
357 383
360 65
447 375
445 500
25 74
368 84
120 352
27 409
244 164
111 216
419 262
258 311
147 71
1 383
169 207
380 256
154 397
30 123
400 447
272 249
273 152
58 174
223 38
258 339
78 58
41 100
246 432
68 439
400 391
7 388
427 240
349 183
292 468
380 51
273 478
123 351
59 216
361 489
102 120
401 484
124 164
434 419
249 138
73 242
193 432
153 178
194 411
486 98
111 201
296 460
226 166
417 292
100 159
171 484
171 435
380 326
363 98
474 335
149 287
166 397
367 143
422 475
283 22
69 299
198 313
251 409
182 264
453 177
117 154
386 10
23 161
499 268
301 369
291 106
247 119
371 382
240 275
253 126
347 426
277 202
206 370
83 317
216 130
95 163
46 26
361 54
213 54
474 482
80 243
399 365
195 456
315 465
300 248
212 253
122 227
99 359
310 97
374 349
203 419
184 485
12 161
177 466
380 246
142 122
376 297
108 108
304 392
424 257
307 450
140 8
399 5
218 189
151 358
461 293
379 411
62 24
178 129
439 241
413 91
65 479
186 443
186 238
267 231
140 306
56 24
306 259
13 121
249 297
304 377
47 399
403 103
331 429
208 230
292 494
430 467
81 304
422 162
497 482
194 379
7 237
154 134
183 258
67 468
413 315
11 76
96 449
72 378
466 23
411 254
456 208
279 254
290 122
406 22
268 490
93 272
42 370
302 447
497 338
304 373
340 29
420 471
489 441
92 159
244 331
173 138
257 33
273 401
130 320
427 457
160 149
456 487
474 384
401 354
22 285
344 30
132 499
95 359
106 34
428 251
24 354
425 281
187 185
175 44
379 192
430 371
242 363
208 405
155 268
122 479
467 48
105 431
476 252
118 44
264 270
462 339
121 437
53 86
39 224
418 394
226 299
127 416
73 46
364 52
231 415
341 459
409 58
166 363
47 128
133 41
459 212
171 500
187 172
489 194
13 83
284 134
100 307
139 370
106 316
98 439
115 200
104 219
291 338
37 266
96 323
118 40
83 437
287 354
254 77
356 498
101 420
187 26
416 325
497 25
329 314
115 85
119 475
157 205
36 404
302 123
2 64
110 479
52 365
441 235
118 424
209 33
92 231
22 27
197 44
384 410
327 23
354 196
60 444
169 383
94 128
60 16
164 437
129 330
256 432
217 430
189 37
103 365
137 61
408 434
464 462
438 484
204 152
60 214
500 121
13 443
461 306
411 436
306 246
136 444
76 231
59 113
34 41
399 184
29 156
130 99
360 222
48 157
319 206
362 91
458 75
408 385
415 142
69 193
165 414
212 426
119 99
189 344
28 73
349 391
32 362
203 232
357 22
314 428
427 419
97 412
67 51
476 275
213 139
430 306
103 214
318 69
401 141
488 397
335 216
26 417
72 281
346 447
274 105
328 322
364 115
175 440
409 135
71 163
193 163
164 388
372 143
261 94
68 99
198 337
412 487
50 309
407 141
395 269
106 384
362 139
46 308
469 40
456 43
255 75
187 339
396 119
126 373
388 309
361 206
141 491
378 160
417 361
455 297
419 235
89 418
136 186
92 219
218 220
448 411
376 262
488 97
168 353
184 330
155 429
64 213
176 122
354 496
67 188
498 87
319 145
391 246
255 214
314 235
259 308
444 95
408 421
320 453
203 22
434 409
84 245
141 500
241 372
82 229
230 79
35 317
261 344
418 292
296 218
331 482
400 179
54 364
385 235
426 463
293 309
320 472
95 210
412 9
480 373
487 331
195 291
160 92
62 242
51 268
294 186
265 494
94 6
20 226
162 482
234 326
302 20
330 425
405 418
354 428
198 452
98 261
163 18
465 252
248 328
160 290
363 103
7 184
412 375
32 128
35 319
244 178
10 165
74 261
423 56
336 170
495 69
395 411
204 191
189 214
59 304
467 414
406 299
497 118
230 154
280 225
54 386
93 157
293 39
165 12
288 328
287 210
297 488
112 162
331 71
3 412
380 150
397 170
36 477
322 144
300 274
483 104
446 196
151 435
226 241
260 60
