30 260 30
3380 3070 6
1104 2249 10
452 1807 29
4083 3835 2
2207 4204 5
35 2259 10
3614 2330 6
3188 614 18
580 4994 14
660 1017 19
2222 3917 10
102 3280 28
57 1246 17
4244 2604 27
1779 4565 19
4583 973 4
1532 2016 4
1028 658 10
3300 2191 23
4250 613 2
2916 235 5
1282 1319 16
1683 752 20
3829 593 10
3433 4771 16
4874 1833 5
2755 2043 21
1504 3312 7
892 1792 1
4784 3331 23
53 4784
3900 3216
1892 3219
526 2753
579 4893
2102 1989
3351 3944
1534 2359
1700 4903
1122 2238
3518 4801
3923 4850
2602 285
2449 1763
1945 4114
3244 4249
3267 4254
122 3045
1684 1359
4256 2346
3632 1067
247 2954
4653 3945
1846 2161
669 3674
1858 3185
2661 2958
1672 4575
4365 899
1823 3296
1404 3258
527 1646
183 3367
3004 2386
2184 2541
258 1840
4100 144
3268 800
2171 2271
2922 1054
2725 4910
3086 1517
3684 2390
236 604
1286 2278
43 223
2975 2771
2158 2925
1445 2383
4803 938
1263 1551
1417 1930
459 1013
3982 3169
2633 1821
1946 1686
4602 773
3299 3652
3643 2583
1483 954
4165 3426
3167 2826
2790 2941
3934 1096
4520 630
4286 3361
691 605
3757 4686
3253 3148
679 1284
257 3137
4891 3631
1802 2148
1422 2937
1438 1871
1724 549
1424 1526
4311 2857
4661 4650
857 1657
973 1594
855 1100
1139 2006
3523 4293
4110 3332
36 4545
2019 3921
1414 3786
3045 735
2087 3066
164 1649
2636 4364
2567 698
1148 3523
3165 104
2990 801
1374 969
3185 3264
819 2906
2140 1671
2798 1946
2291 3584
2257 4558
3926 1125
3558 2445
1632 3604
3473 474
810 3901
2385 1027
2031 446
105 4761
3349 260
4286 1031
2806 580
2675 320
51 2533
4309 839
758 1354
3054 492
3988 2428
854 2539
766 2259
327 3921
1583 175
1290 948
942 3790
4056 1244
3103 4963
4755 2078
1681 1910
1278 1297
3952 1344
4353 305
1273 742
1801 3802
3939 815
286 3949
680 1791
4580 4359
214 3283
1389 3117
283 3498
2231 3490
4280 4447
2751 3154
4018 3802
2261 4857
1501 4005
1507 4813
2650 2884
620 1024
2104 1978
2883 3599
4453 3858
258 650
749 1342
572 3112
1561 4372
1748 3039
3107 3697
4789 352
4863 3402
2709 1211
1425 4588
4730 4477
4879 4843
3077 1527
3898 2576
4879 2156
4642 459
2384 1230
1057 3534
1888 4991
4157 1724
686 1739
4197 257
3948 2721
5000 1022
548 867
2944 3687
3572 3509
3470 4649
4280 2243
2834 362
858 3186
474 336
4776 1415
2490 671
3985 3010
1526 2723
735 410
1296 3508
2955 4626
3482 2223
3764 82
2258 4246
4536 1331
3112 2299
1808 2062
1824 998
3287 3616
3623 2015
80 1315
2801 2607
4119 2618
61 457
2418 213
3144 3923
1883 2936
53 403
3728 4399
441 3151
2445 3197
414 1093
3531 2275
3851 4615
3355 1802
1553 4023
3991 18
204 2222
4026 1001
1212 1021
2438 170
2377 1799
4187 4576
1916 4534
3945 4585
4732 1242
2161 3346
378 896
2996 4084
2861 581
1163 44
579 1891
1139 2540
2576 1499
592 4761
3513 675
1487 1645
1926 2239
3146 4625
4998 295
3598 3307
2730 4354
3377 3772
2305 2575
4565 1890
4016 4919
4933 4338
4891 2266
287 4584
4166 2536
4951 2534
445 4505
3999 214
697 2326
1489 3816
3201 4538
1817 175
4341 3152
