120 1743 30
2306 1589 25
3848 937 20
3574 3455 17
657 4054 1
1356 3184 17
2637 2083 28
4386 2041 23
1980 4360 23
3612 3983 6
3390 3675 18
4615 936 17
191 1693 28
193 3973 17
462 4472 15
4227 1705 25
1641 2391 18
4 1377 3
3094 3358 12
4458 2072 13
3166 1047 8
4206 1253 6
3871 2832 1
3143 2756 12
871 3034 30
2043 852 14
979 4932 6
2003 3189 21
3527 846 15
2315 3016 21
1630 3603 9
1040 249 11
28 3365 9
31 171 27
2055 2621 11
1115 2215 22
1528 1061 10
3162 1434 4
3698 2046 2
4040 848 10
2336 37 14
1984 855 2
3121 2350 4
4330 4255 4
419 1117 3
2419 934 1
1928 833 3
4131 2397 25
4120 611 10
3502 4212 8
340 268 5
953 399 8
720 2865 22
3537 3192 12
4784 3134 27
1339 1889 10
3480 3960 16
2428 2883 27
3284 2280 9
324 1250 11
4503 2463 21
4154 1123 12
4932 130 6
3817 1560 22
1509 1014 18
3890 4234 14
3078 1209 11
2543 497 28
4005 4174 25
460 4561 12
1313 4444 30
844 1095 5
1733 1176 7
853 644 24
2292 4445 27
254 4715 1
1159 3323 3
1419 502 30
2699 37 16
2986 3398 9
2801 1869 19
4740 3627 10
962 1132 1
4983 1843 10
2470 965 28
656 573 14
2211 3021 18
3753 1630 13
1388 3394 5
887 4114 18
3653 3754 28
1694 2170 21
1999 2822 10
422 3005 21
337 584 6
1619 257 29
2509 1473 17
3787 1467 30
1070 4093 6
3706 3 14
4388 2704 22
2489 328 11
3329 599 13
4342 2867 5
4035 2493 10
3488 2012 3
28 3575 13
3497 3536 4
3265 136 24
955 2065 2
975 1635 24
24 4446 27
2125 1083 23
488 1456 13
2162 3120 11
782 2399 20
3565 55 1
374 1036 28
981 2937 20
2773 78 27
747 4377 4
4566 110
1372 2896
29 4197
1900 3484
3033 2289
806 1518
2181 4840
3030 914
1150 4722
1214 3822
4733 2912
3340 4662
2662 716
1271 2068
1558 4785
4177 807
2293 1052
1814 4100
2435 2134
4639 373
3083 1859
2686 1905
442 3527
1876 1092
777 2962
3195 4149
1674 1383
1281 2629
4213 2321
2672 3101
1954 2399
4752 494
1091 952
2129 1120
2218 2591
1099 4264
4336 1869
2666 1723
4297 4876
392 3960
3291 1784
2976 3528
4568 453
4369 850
4798 3387
2588 4228
2563 347
368 12
303 3239
1127 1398
2881 4262
3218 3613
3328 4951
4737 1761
3956 2858
945 1123
4866 1478
868 4140
2846 3134
3670 1926
2891 2854
2144 1207
390 2805
4008 1085
1983 2782
1528 3211
1121 547
2765 145
4187 253
1702 4515
3161 2338
953 4494
3327 1909
4520 1101
3743 2555
2056 224
2545 2106
690 1343
1443 708
2494 4797
1049 262
3015 1232
2749 3482
1429 4452
3591 4506
3365 47
4349 4434
3826 208
2805 4418
72 4045
1063 3613
335 2667
3778 2591
2077 4175
698 4206
648 4975
1634 4621
3327 1119
1686 4198
3562 3287
2710 1219
4949 2545
3203 790
4874 90
1670 2158
179 2745
4969 3718
3056 3929
3145 1262
3468 3497
1499 4088
2871 4457
2610 2079
2400 4345
2904 2830
1895 562
4168 3499
3961 4636
2352 1767
1487 110
673 2373
1565 2989
1265 3179
3898 3337
4676 1861
446 2981
4735 3992
2609 4901
3684 2948
3459 3480
4488 1466
4414 3528
3744 949
1027 981
3598 4184
1529 1610
3612 3866
4503 4962
2204 2638
2827 1832
381 1383
3228 161
1440 4267
3683 1526
4554 2547
536 3099
143 1383
1564 2502
2950 2535
1714 2888
3334 2662
289 1990
1116 877
1376 1639
664 2812
4896 1264
1584 2366
3512 667
2557 2846
1019 4081
4015 1287
4136 4561
3082 1838
2540 4371
1159 4332
4073 3239
3427 261
2337 1375
285 4181
3640 1905
4451 3060
1546 3224
4892 4514
3590 2132
849 2705
1525 1240
774 971
1200 1278
2190 2667
17 4219
3084 2161
4861 549
3144 4359
4712 1056
326 3669
261 4113
2328 2891
2927 4826
196 4091
3937 505
4823 3582
3732 1493
1524 426
2592 2827
1978 1754
4747 4622
1206 3369
2608 2992
4069 1688
370 1672
1077 2588
3187 108
379 600
1290 582
4825 99
806 543
713 4049
1664 795
4056 2775
4418 3019
470 4059
2307 343
2055 928
1037 2521
2750 2237
4186 3796
3442 2572
4766 2033
3989 2741
798 4100
4432 4787
4576 4
714 1131
4088 1779
4709 756
4741 4231
3383 3079
2417 3890
2506 1583
3893 3308
1392 2524
1973 3072
1958 4352
162 168
2014 4880
4294 3906
4627 1774
235 4393
2624 3280
4055 2770
2301 630
4891 2491
1667 2375
347 3107
4489 1090
782 4474
3761 1509
3764 1062
3034 1161
525 1151
1639 2973
280 3096
2903 2412
4253 574
401 2098
3578 1416
311 3531
1427 2707
484 4640
4690 4878
714 1945
1495 2008
524 2132
3244 4478
1177 4029
3713 147
3315 4985
2287 3701
332 2758
1971 1703
3058 920
3174 5000
1693 4107
4952 4024
13 2710
1478 1937
1579 1352
4645 3479
3430 2227
1598 4761
617 3963
2519 2439
794 4688
2807 666
977 2609
2692 4146
4112 700
4482 4989
2171 3752
418 1890
3908 4803
3899 4117
1740 2247
1044 2982
4507 1667
2245 4257
1482 1716
728 14
1320 1483
3308 3343
746 226
2298 3973
959 2777
3678 2932
4993 4722
2714 3669
1410 2344
1744 4372
228 1689
100 2290
4618 2535
3316 3252
4010 647
2291 1708
2347 3852
818 1977
3285 4336
192 4742
4069 2961
3 3062
908 1332
1434 2115
4405 1180
2702 4976
446 4541
1393 4117
3354 4807
4174 1975
4449 4801
3171 1294
955 1781
508 1201
2047 3535
782 3012
4368 2083
2244 2382
1193 3918
4825 1414
3137 4984
4078 4205
4541 556
3926 4722
2394 4362
253 3342
1047 4904
94 1483
1749 889
4387 1237
1065 1564
4584 827
4995 3681
2742 2105
738 4347
3283 341
1621 4520
4048 1504
2381 2252
978 611
3128 2373
141 3114
4683 2416
723 4171
2239 1734
2951 843
4679 813
2376 79
11 4589
3740 4449
462 3280
913 4334
1930 2593
4711 690
2464 1316
4453 2125
4101 2759
4240 3501
580 1131
1159 734
1140 756
4133 3125
4988 1147
1713 2606
2532 4146
1438 3518
3028 3720
572 3472
3944 1169
573 450
3319 267
1509 4365
822 3177
294 1641
1730 4313
3585 1787
4789 2962
349 761
4174 2873
1026 29
202 4257
1772 4877
924 4607
1069 2678
4011 3176
2587 2373
2219 3692
539 2517
3885 2531
2182 4375
3504 2655
3263 896
3724 2701
99 1100
4742 3315
1783 4967
353 4683
4248 423
295 4020
752 4330
1713 3284
2991 4111
1909 1240
2946 3694
113 4525
746 2986
1897 1368
4459 3332
1736 1609
603 69
1604 467
2669 367
2832 190
4658 3678
1642 4114
1985 3719
2371 4785
1701 3437
4415 1142
4558 2127
4035 539
2901 4505
2177 139
4501 2842
2948 1944
4297 4043
744 1982
1536 2962
4755 1487
628 3344
3777 3790
639 1309
3884 3588
1783 4134
3141 1484
4917 3540
4655 4798
60 3047
4730 2326
4861 2042
1186 2132
2889 3160
1987 3086
3449 2615
3248 3808
3329 4829
4572 2646
3445 1437
3478 3717
933 2553
4416 3673
3395 1065
416 981
4369 4194
602 3755
487 2875
1942 3937
2289 1385
4201 1598
1979 3246
4615 1942
2628 2539
4373 1964
966 1875
2477 1061
517 1541
4352 1397
4770 165
2731 4413
3389 1883
4559 3472
3871 811
2511 3892
3423 2298
4253 962
2550 4489
4600 4976
3758 1538
538 4958
4275 2726
4878 2288
3387 2476
970 87
3563 3117
892 4454
4175 3692
3680 1839
1873 2750
4357 3726
4428 4016
3518 4583
2298 1670
668 4170
2614 4182
3279 229
429 2532
3649 3649
4781 2680
2806 2332
2117 1806
3730 4117
3209 2988
375 2829
821 2102
4809 3831
3799 3632
3221 4643
4260 781
1826 655
878 2778
2630 2158
4569 2201
2120 1566
25 4663
1788 3588
4450 3486
21 2941
2572 3498
1049 3477
2374 1103
3406 2949
4238 2949
1686 1247
1430 1095
1885 3247
4704 2899
1926 860
3240 964
4608 828
819 1469
4638 3245
2086 2086
498 3450
3945 4023
3479 3423
4030 4408
959 2322
1170 2631
4475 4025
4640 1733
3080 3987
746 3286
2154 3144
1467 1161
2000 3062
1643 2375
470 3290
4924 2958
4666 1412
2003 678
3022 1872
2921 3404
4890 3668
4600 759
3322 1685
1477 2223
1519 4951
990 4727
4240 1050
449 1986
4271 4848
1690 4374
498 1913
1149 2781
3911 3111
2240 3224
1583 994
1356 1964
358 2235
2114 3755
3613 3647
1718 2629
2999 4820
4556 2056
963 4443
1183 4507
4789 3664
2723 2388
3912 2643
2935 3917
4870 4912
2677 1581
891 1290
2524 430
58 2500
640 851
230 59
2563 4270
579 3707
81 3283
2715 2906
128 3529
981 1375
4572 4919
1346 3055
3553 2635
3648 534
4667 3370
1522 2130
2477 2253
4953 3481
2762 3292
998 4242
1053 4856
4060 984
3416 2510
402 2155
3861 3916
65 2102
4894 1162
3544 4263
3486 2106
287 1453
2985 3154
16 2833
2337 2767
531 4638
58 4178
2552 99
3819 1214
1747 1554
2134 4333
3066 2623
1436 2157
1969 1132
4925 4684
1277 989
2677 4723
4875 4929
1772 4394
3576 3966
3569 2674
4056 4202
3376 2889
3337 743
2300 2224
2224 2202
2984 3696
58 2196
4710 1219
793 3186
439 3930
2940 4266
611 1648
788 2930
385 3538
1302 3876
4644 3383
4736 2265
1970 852
1705 326
1226 1800
3938 2935
4562 4714
3848 2572
3398 1121
3097 869
1905 2896
2998 4126
368 3957
4805 2201
439 2513
696 3256
949 4280
2039 4634
972 4054
2351 4575
2512 4155
2240 4643
3103 2676
443 2970
960 2590
4734 3162
4842 2197
2194 2682
3479 2484
3377 3053
4399 4770
2522 2017
691 3403
2508 195
2865 2954
1925 21
2782 220
2154 1839
2077 3438
3569 2793
767 799
4901 2770
1126 3245
1030 2034
4895 2808
2643 2608
2494 2955
663 487
106 332
4625 1335
1991 3052
1932 762
751 2578
3969 2188
198 28
1520 392
2458 3311
307 2785
2646 2772
3292 4094
553 964
4494 2509
2989 1830
1374 1443
3281 1514
1499 502
776 248
4229 250
3093 79
3279 1576
3838 2960
2487 1547
4438 404
2436 1469
623 3790
3184 4538
3663 1981
595 3412
4458 3384
1800 2645
2367 807
831 4609
1742 2866
3264 4653
3869 3559
456 4649
2132 3157
546 1947
3838 4124
4319 3685
2940 2344
4181 326
2720 2033
710 2729
2205 2333
23 4231
1814 2650
3000 2971
3819 882
2077 2178
2990 4346
4317 545
4280 414
3775 4947
273 3838
3185 2291
2214 3684
4757 758
454 520
262 3383
2118 457
668 1400
3683 4669
290 889
3610 2640
823 1616
4433 4321
514 3236
716 3592
321 1869
3609 4092
3881 3912
3336 2400
4560 3157
4668 2276
1243 276
2472 4238
1539 1355
227 3451
4399 1122
3663 1445
3570 4784
2382 2075
84 178
1331 2204
896 3231
4392 2700
3448 3515
1528 1971
4409 2763
2810 3485
1203 3058
1688 656
2973 3965
1753 3912
4688 940
2547 4603
3540 955
1621 4151
1446 2086
1599 2317
118 1043
2979 4777
2906 1886
75 3847
1542 3173
4683 2819
3895 3079
1787 1055
4765 2165
3486 3974
798 2953
660 3408
4372 615
2271 4512
3219 2627
4629 4097
3595 3150
1630 1250
1447 1553
1649 547
1145 3942
3432 3765
882 2818
3679 536
2392 2013
1656 2714
4288 524
1064 3434
1853 185
4772 705
3954 1788
2692 1212
2990 3621
3594 2724
3235 2817
608 3161
2365 4644
3981 1053
3190 132
4105 1126
1257 3889
1175 1382
2099 3412
3602 3296
3043 1794
186 349
3958 2734
1071 557
2622 3387
4201 4651
4390 4443
4088 3380
3232 4113
3851 1290
213 4129
895 4080
2467 1376
1227 3685
2278 2956
1811 120
1290 237
238 2939
1566 202
747 2342
4359 273
84 1453
4540 2446
3577 1888
1367 2527
148 1697
151 2246
3704 1987
1226 28
2923 2139
1682 4536
3664 262
2797 2501
2467 2142
2221 205
3263 1431
2149 874
2219 621
4434 2510
1053 4215
2029 580
4602 2249
1009 2135
1218 818
2323 97
3188 3045
3189 1284
2329 2011
437 2944
415 1775
396 2892
444 1391
3456 4992
1512 148
2401 1723
4386 935
2259 2226
4600 625
2861 1341
4428 4643
4925 4526
2765 394
3856 1936
1854 2719
1481 357
4863 1325
274 1811
4705 3195
292 4978
3740 2251
2283 785
537 4481
2873 4944
3257 4292
4547 2801
1544 1602
3344 1672
3368 831
3832 2028
2505 1190
1349 2138
4003 531
2152 3908
1510 570
2820 1624
1930 136
4673 3830
424 3918
3519 895
258 4009
3271 867
2124 1318
2058 842
3783 1580
1380 4563
2441 458
2838 1779
3364 1401
747 875
4649 690
890 644
978 611
1443 1277
4786 4427
2840 4926
1944 1957
3056 3986
2707 2190
182 3237
865 4859
3575 992
2662 4286
2370 2255
4745 3871
639 2587
627 964
3718 3066
4889 4783
4819 3389
1777 731
2003 3234
1950 3225
2205 3227
2487 2090
139 277
1188 2979
4930 187
2973 366
4467 1638
135 718
3194 2753
331 1134
3864 5
3092 2339
4206 3361
1981 4653
2559 4696
3947 1233
1592 3587
207 959
663 2855
1024 1699
2812 2400
267 3337
41 4487
1301 4695
2470 3632
1817 3212
682 1934
4793 2315
3030 4603
4178 3097
4119 2727
2532 4385
4376 3171
1477 3354
4973 3131
335 4564
2620 2267
976 4408
4685 4379
1243 779
845 2274
2029 2522
4749 323
430 469
270 462
1837 2935
1342 1504
3205 1573
4249 3628
54 9
4974 256
2028 578
2650 4041
1966 1565
2355 51
2582 698
2533 2129
2380 2923
4533 4467
2594 553
3272 119
1737 225
3316 1131
1656 116
171 1537
1872 256
2042 488
648 4176
4699 4455
3601 577
2607 2332
634 1797
2124 796
2854 4927
934 518
3111 1723
1991 4842
3730 4300
2898 767
1792 1985
4222 413
4611 1181
2661 78
4233 1780
443 3572
2161 1276
3395 1753
2531 344
1472 584
2809 1426
4087 3292
126 3581
2286 2449
2941 3139
4629 2023
1491 3479
3447 2228
4031 4353
2543 4984
365 2795
2705 1222
4224 1637
355 1098
2362 4128
2487 1610
3174 1761
711 264
3947 605
2407 3091
2071 2270
2350 682
2617 4524
411 4247
1413 4996
2874 2055
4087 1084
3789 663
3128 4515
2672 176
2166 4300
4975 3327
1801 2631
594 1110
4448 3805
4433 2577
3513 2465
1325 920
3297 605
4607 268
3191 3436
118 941
3596 420
4977 3401
1614 1385
4430 1030
4829 699
4971 4950
711 2349
119 2791
1187 4492
1061 1828
2377 1035
3693 2706
224 3387
85 4778
3842 4634
3713 624
4435 1844
12 4181
3867 2740
1219 4312
1404 2066
4606 1851
1768 4019
2822 1820
1381 3136
4274 140
3884 753
649 4737
1094 3611
320 4638
3271 327
3713 3904
980 3429
4876 2927
4485 4119
1109 492
4917 2687
3542 3243
885 3
3809 687
3306 322
2532 3929
3486 4006
1490 807
2070 2408
564 639
4897 2413
3848 4731
4464 1231
546 879
2435 4852
2894 2603
2394 452
4098 2890
3825 1396
4021 1294
3226 4183
4890 872
4939 4677
4422 1656
4385 3607
953 1754
4974 2380
1358 3528
4932 4679
304 1605
1979 245
4525 718
3458 4944
17 2089
1099 2036
4372 2229
4740 3373
282 3804
2795 588
4026 3088
2445 4914
4073 3937
4049 666
2075 1493
516 2137
3791 3860
2321 1006
1935 1531
1154 4748
1400 2978
3121 1106
3470 1566
4936 4409
1653 4111
710 2928
4226 4611
1783 2817
1738 2319
2330 2311
3283 3400
3611 1396
3171 4392
1742 4252
4921 4522
3794 9
92 875
4348 2781
703 4238
2613 2171
4630 2525
3264 1533
3589 2280
1984 2330
2027 175
3758 2800
3723 1510
4424 4754
36 3338
3833 3234
2480 545
3012 3735
623 3100
3133 393
4843 1324
682 1975
2571 3365
4259 3697
91 4773
812 3201
3473 2922
4953 2430
2458 4642
2115 700
2851 4298
1063 2596
3001 4293
855 4761
3230 619
4032 4579
3610 885
540 3886
2855 480
988 4555
111 4418
4682 4546
3911 2581
2484 4991
2298 2272
1412 2504
1994 4107
2866 548
4443 4040
738 4952
1570 2832
47 996
3779 620
1572 1672
2026 2939
4096 3508
2970 2496
2865 2534
3992 3974
428 798
4563 2017
1470 4862
1433 1134
4125 4873
1865 263
2874 3038
1970 387
1953 3953
4135 1707
856 1341
3045 2820
1027 3774
1723 3676
1050 584
4621 4091
3663 4202
604 1553
4140 1044
3223 4447
4701 4843
632 4931
4939 2755
4146 1332
3959 4573
2726 3653
902 121
4980 3227
3477 1156
1685 1406
1542 1672
2407 2149
4294 4004
117 1347
167 1264
3799 3201
3930 141
1162 3958
1777 2896
4680 2732
1376 973
4964 1402
4120 4594
1243 2662
1353 1076
2728 1240
3415 2468
4586 4745
2410 3729
3497 3290
2272 29
1726 122
2577 4865
4651 1426
4374 4072
1300 1276
4173 4629
2818 4825
1551 1801
4252 3018
2823 3402
672 1544
1044 4207
3092 1604
2958 3257
361 267
3871 4351
157 361
4909 4807
1589 1604
4078 3212
2877 3577
2051 4665
475 3930
3436 851
2913 4381
1262 725
236 4900
3321 1732
4082 4360
2326 3501
2198 312
4189 2714
1378 951
3211 4462
382 2400
3005 2364
262 2710
897 930
3947 199
2021 889
618 498
1103 988
4346 3940
854 2293
4705 3809
2861 503
1682 1229
425 2320
1193 4451
22 4881
2371 290
3302 2592
1894 3319
2627 557
3521 4811
451 4444
4168 236
2914 4242
1444 557
994 2750
3661 1389
1718 1201
3314 1576
1726 348
3528 1744
2931 21
4464 3735
246 1925
3471 4024
4168 4621
1779 4602
4189 1005
2119 199
1118 3062
1059 4558
967 1682
3206 4103
508 2548
2763 1720
1912 1539
1231 161
3307 2551
4072 957
1861 2333
1886 2449
3610 4075
2439 906
436 1758
1594 4484
1855 3768
119 2832
2463 3164
140 1509
4367 3741
3436 4866
301 4467
598 109
3390 2242
4702 1217
4862 1461
132 3866
1503 508
1438 2854
1491 4950
4595 2993
713 4831
246 3745
1323 2721
802 3249
4923 2039
2010 4476
1748 4829
2634 1118
3521 4878
2366 416
875 1841
1562 2590
2321 4346
1136 1702
4850 1803
4377 1900
1122 2093
197 4977
2627 1809
4627 4306
4389 3999
1579 1664
1622 2534
433 2971
1612 3932
290 275
709 2372
2526 2598
4448 296
2432 4699
1678 2260
963 2218
357 3078
2020 1975
3970 3565
4682 2661
1310 2482
3412 767
4616 3481
1367 2956
2639 2712
2684 2961
1836 2498
2429 574
399 1307
2771 4843
2984 549
1397 3823
3921 4419
1576 2535
1816 586
2948 236
87 3608
1088 4210
1305 957
36 1492
725 2843
4067 501
2666 2883
2089 2858
628 625
363 2151
2935 317
2848 888
663 1412
3725 3297
4257 2505
3463 586
586 580
3842 4898
761 4998
3621 396
1478 286
539 4912
4156 1158
2821 4254
3757 3506
20 385
2541 4206
2221 2412
4204 4185
2354 4374
2552 1547
2623 4405
1261 3008
4751 287
212 4980
1319 2397
14 3182
1301 184
3809 4631
379 1644
1675 726
694 2211
596 4402
4022 4378
2681 4259
1239 1397
2415 1874
4561 2528
2656 2587
3324 3548
3186 2217
3040 4446
1136 1530
2325 2097
485 811
93 3165
4086 3410
3505 134
4448 1651
3792 2357
4166 3956
2453 1413
4557 4183
4108 2564
3623 4839
221 1807
3463 1236
2761 973
895 1428
4172 1000
2586 3005
1978 4839
4060 3361
320 124
2486 4415
2955 1906
4524 4575
1596 1046
1700 4248
4456 3356
4990 4296
1159 248
1485 4486
4108 2064
4664 3301
2845 1092
3627 2589
2875 2789
4814 4572
1279 3189
3712 3010
2833 2104
1713 4014
3956 3104
4204 4711
2557 3056
2348 521
1805 4077
3172 3640
536 1111
2414 3850
1757 2418
2353 2921
3388 156
3083 3829
604 1862
1117 3580
2699 4763
199 496
2081 245
2479 1841
4489 2951
4636 209
2045 1779
2363 3250
2163 2004
1309 454
4927 4645
1868 1126
1194 2424
935 1522
4673 408
4570 3578
4245 2693
1331 4853
3586 2244
714 2970
1544 1378
1517 1913
4149 4580
4187 4742
1750 2719
753 2379
162 3947
2891 225
2493 2242
1542 4929
1939 4370
3000 669
3155 53
3701 906
4815 1724
3751 2442
737 454
4541 175
4442 2890
3116 2823
4867 3085
3882 3956
3298 4280
3665 2575
3377 4679
3934 2649
1572 4875
640 1871
401 1274
26 531
2206 3561
188 1687
897 1442
3618 4222
3392 188
2900 1060
4834 2777
3307 4356
2403 1868
4825 3260
1939 1482
2332 3597
3301 4558
2908 3686
4824 2849
720 2678
610 4732
3142 3675
1848 3455
3990 3855
4166 1801
4091 2216
1122 3260
3788 4476
1090 1022
3671 4772
626 3343
2637 3355
3006 2598
4629 107
3575 1466
4095 899
2544 2341
1396 1382
3924 1781
2991 248
1387 901
3216 3196
1555 2959
961 2064
4152 2750
811 4508
1857 1747
3913 2468
3529 3584
4360 267
3407 1608
1951 4674
4178 453
4236 346
1675 2500
3127 127
1184 1924
1004 4065
2826 57
1924 3407
1902 1424
263 4341
1795 329
3928 230
3293 2972
2378 2971
662 90
2898 3986
3799 4079
598 866
996 1429
1362 2772
3092 3947
4989 674
4746 4985
2651 2761
2072 159
4132 610
1250 3697
462 476
1321 1062
3245 3749
3323 4609
727 4183
3668 1004
854 70
4030 470
532 495
4889 1088
692 901
4229 906
3159 2528
2766 3988
4384 4833
1778 2096
815 1788
1475 3675
362 4819
2915 4719
2224 1678
4325 157
2138 3200
2137 2221
1990 4361
559 773
73 2512
1305 250
2163 229
806 3414
1854 2210
4705 3637
