20 68 30
300 101 10
945 419 1
488 226 9
155 586 8
17 638 1
141 758 10
12 170 7
986 546 2
778 721 7
115 946 9
787 57 2
489 142 9
229 496 7
809 56 1
344 591 3
26 937 2
951 806 5
557 238 4
650 214 3
714 304 1
417 245
207 14
135 74
576 668
181 200
696 674
816 358
695 845
386 845
452 35
414 494
743 623
442 980
726 335
747 241
17 62
786 194
906 718
922 655
929 972
95 502
668 199
630 774
25 665
310 346
903 493
160 430
421 171
527 986
738 71
692 538
498 525
876 10
646 908
311 239
905 5
834 580
585 354
974 369
437 8
504 243
803 543
532 55
483 9
242 809
384 900
960 410
127 470
607 288
553 189
306 989
854 883
574 30
232 41
161 646
758 243
568 769
742 595
997 650
824 250
610 157
859 52
898 75
827 462
559 573
452 800
743 843
92 182
