120 464 30
71 769 9
291 593 10
26 468 6
29 966 7
625 570 1
37 797 10
945 18 2
651 66 10
343 54 6
851 960 5
872 308 10
699 839 2
118 513 3
29 896 3
587 519 10
923 23 6
528 199 8
844 998 8
761 361 3
46 338 9
627 74 5
287 944 1
299 57 5
61 668 7
766 344 4
812 375 9
97 965 1
947 433 7
81 317 8
514 359 6
570 229 8
824 705 1
283 401 5
370 532 8
126 613 5
691 585 2
776 436 3
503 882 6
725 497 7
16 456 8
237 354 10
715 517 8
932 587 6
226 422 2
4 444 6
280 987 9
296 293 7
289 507 8
536 691 7
586 586 5
372 97 6
200 190 1
395 570 7
693 414 2
3 576 1
603 658 7
209 714 7
716 572 10
886 572 9
548 316 6
722 130 4
916 991 3
823 311 7
718 909 5
994 517 7
956 837 9
87 225 9
460 825 4
218 748 9
755 675 7
566 895 2
285 512 6
444 493 3
949 690 3
228 647 5
595 40 8
455 933 10
705 189 5
560 596 8
424 684 3
903 809 6
386 83 9
496 348 6
479 522 10
634 929 1
356 177 4
978 741 7
87 564 9
475 475 4
17 413 1
183 756 7
304 170 1
909 89 3
19 162 8
211 433 10
864 586 2
406 791 4
109 305 8
659 860 3
741 574 7
231 784 2
2 3 3
227 613 7
969 938 5
534 888 1
264 896 5
923 845 9
296 752 4
7 416 9
852 408 3
384 381 5
492 924 6
365 21 4
104 446 4
943 670 6
607 884 3
549 615 9
257 183 9
614 383 10
251 352 6
349 590
953 875
558 52
677 794
105 503
93 204
28 935
262 918
161 938
45 231
260 727
614 980
67 906
614 443
88 3
774 452
285 313
123 676
125 67
279 122
405 752
579 210
321 927
547 520
963 122
777 788
542 578
445 137
774 467
318 350
321 477
86 804
893 347
598 167
795 211
302 606
716 598
326 131
545 567
428 749
141 797
910 111
172 461
701 222
690 847
453 765
896 446
538 593
797 740
128 587
647 476
713 890
974 937
756 464
768 511
243 598
155 698
424 320
931 268
204 940
55 889
587 823
302 745
365 108
624 2
279 906
953 749
668 290
377 947
745 1
535 465
278 280
596 869
230 903
892 778
285 195
472 389
598 156
787 132
344 393
121 536
10 170
520 439
362 145
604 627
883 241
464 5
283 658
201 909
906 172
968 520
248 344
131 670
502 375
39 455
253 699
124 285
866 811
169 716
194 185
147 99
310 158
261 243
295 325
476 448
98 37
671 910
307 918
80 559
360 977
40 757
934 470
266 993
701 977
339 340
509 737
502 587
575 761
401 895
299 493
632 12
380 271
570 194
915 667
648 626
19 244
830 737
21 841
271 51
986 474
282 146
351 479
548 120
867 970
227 778
38 570
657 735
33 185
391 878
943 604
850 543
451 544
927 186
854 38
337 88
426 3
37 18
173 235
156 650
916 414
193 854
126 141
349 907
581 864
232 85
854 743
545 347
660 945
467 462
835 164
940 346
220 932
22 474
211 630
863 917
471 669
253 727
143 286
87 518
585 259
397 432
615 956
595 826
979 451
101 411
792 341
152 596
672 678
563 657
121 728
423 811
401 545
73 594
839 941
804 375
848 222
554 942
161 562
801 518
80 829
730 613
678 64
934 1
208 721
621 479
64 164
278 62
505 681
770 412
981 804
24 355
505 474
226 180
402 924
813 825
889 110
196 750
108 35
644 311
389 435
871 557
504 147
376 50
127 906
986 310
299 269
518 129
41 530
139 893
42 519
315 202
746 865
472 641
401 609
70 298
747 212
857 331
562 74
211 997
935 714
561 703
22 971
795 560
709 991
767 246
749 268
174 425
814 635
132 608
180 10
828 274
509 880
749 970
4 179
164 91
409 751
625 53
858 430
762 658
412 492
401 771
625 234
425 168
496 473
11 339
436 151
550 180
215 836
173 591
437 792
22 37
663 603
500 434
207 226
944 100
400 438
844 273
69 315
626 511
16 896
809 991
598 615
157 470
261 574
890 286
826 450
974 958
336 587
505 224
543 371
324 319
902 551
775 642
111 572
365 246
353 234
118 423
451 529
803 856
626 401
94 616
132 867
595 143
56 934
407 174
796 299
285 956
14 660
452 10
128 35
347 626
862 193
176 899
650 85
556 843
853 233
556 755
317 138
796 798
80 162
831 367
566 84
443 637
450 138
721 332
585 375
942 659
232 230
344 651
366 897
732 478
814 471
208 398
209 279
798 926
616 295
153 654
183 402
734 820
646 925
976 842
995 538
824 201
704 911
706 644
466 255
985 227
564 905
571 605
118 810
58 263
879 761
317 129
771 280
132 435
510 479
897 710
311 970
143 964
251 638
80 117
332 833
919 860
723 365
777 959
755 436
167 184
181 261
804 534
362 7
532 941
942 887
673 580
233 625
187 773
552 851
933 692
853 53
954 309
361 712
97 149
84 95
484 459
220 823
984 763
633 293
205 563
888 444
962 567
574 10
321 487
123 70
446 808
190 675
167 831
432 565
997 665
586 900
846 660
814 659
81 921
359 140
503 633
527 785
453 363
543 707
621 51
897 893
20 792
18 854
273 8
104 627
803 675
534 308
621 127
946 988
195 380
864 249
867 557
449 118
925 72
547 890
281 550
942 742
520 997
483 83
566 738
149 120
479 737
174 580
546 289
528 935
548 115
709 372
757 513
143 447
868 20
83 30
174 918
35 704
645 753
925 135
301 561
43 619
807 591
12 668
939 420
221 657
592 597
931 332
286 457
735 866
820 294
171 867
99 214
784 306
316 230
404 519
75 861
914 793
831 772
143 3
475 278
815 511
541 594
751 671
853 891
457 839
270 54
809 623
410 339
731 758
565 619
649 647
