100 1064 30
3432 3799 8
793 4436 26
3389 887 22
2609 2617 19
4509 69 3
850 3503 27
796 421 9
1097 1551 2
330 4289 17
1787 1688 24
4363 3537 19
1420 1971 22
1420 2141 6
4389 593 4
2105 2192 8
109 300 3
2046 2516 24
537 2970 24
4937 3949 18
2955 1989 29
557 2565 16
29 4510 5
385 2852 10
4123 675 8
2823 2888 3
1179 4103 27
3586 3658 21
300 2309 18
2447 3931 29
4506 2275 27
4645 95 29
322 4730 15
1244 1828 24
3372 3198 12
1237 3223 4
2660 309 28
4413 1136 24
648 1803 26
4581 2603 26
1951 3971 28
3016 831 21
2837 1695 1
754 1616 23
1861 2840 6
1964 98 27
443 1220 28
1238 2053 21
4456 289 25
2203 2310 30
2403 3060 26
44 3788 19
2601 763 1
820 1865 10
2314 2863 7
2310 4688 9
1480 2739 20
4100 573 23
2390 2566 3
127 1572 23
3093 4598 8
3492 1683 17
1824 2522 9
4773 2892 18
1 2448 16
1290 3107 20
1238 2496 14
2725 1883 15
3131 758 21
801 3875 6
3125 2979 1
133 1414 15
1564 3918 5
259 2846 7
4483 1642 23
1512 3247 17
1844 1189 19
166 2769 12
1593 3982 10
3630 3260 28
3125 3269 19
4500 1577 5
979 1568 13
3705 3303 10
339 3357 12
2827 2523 18
1865 3303 24
50 2426 18
4035 3402 20
4742 2933 13
2566 3678 8
931 3551 21
1110 2696 20
3360 3751 10
4034 3597 16
3789 4016 16
570 3512 11
4514 1953 19
3355 3907 9
4173 822 8
3836 2363 5
2365 199
2625 4769
2916 3298
1529 2523
4432 1186
216 1256
461 409
3577 2432
4423 294
637 4367
2772 1125
3628 1998
1443 2493
1725 3350
1811 3244
4235 1909
4280 1851
216 1063
1257 1794
2172 217
694 4542
3143 78
4133 533
2756 416
4177 3410
700 2873
3242 3717
3805 1471
1597 1391
3105 1049
797 487
1828 569
1824 3252
649 1398
258 4134
4889 2473
2448 1358
2684 1839
2721 2575
4828 4437
2754 3335
4083 2861
1819 2321
1141 4827
1168 3900
4692 2843
860 667
496 4577
3239 209
152 4138
2455 973
3008 3046
4428 4546
2726 901
372 1608
2542 2720
1814 2734
2389 4681
764 3709
2844 2471
4369 3332
1781 4637
1850 501
937 2782
1307 980
45 3302
3143 3769
2643 3855
2111 2945
2795 993
42 976
3788 1640
641 3587
4567 1358
785 2202
3178 897
2290 3352
1777 2173
4749 2251
3543 153
2763 4708
3713 3146
2079 4891
3671 814
842 694
223 3729
3824 2938
3061 1338
4561 4123
2626 2468
274 3545
2869 4834
3574 987
3786 1055
4357 3842
4969 1459
3015 4663
3491 1880
297 3235
660 1526
4023 1222
1318 3193
2824 2197
3210 4674
3726 162
3181 709
1367 517
690 3465
4211 2459
57 1753
766 2085
4151 4084
3417 2918
1256 4890
2344 4196
558 1136
2689 4719
1909 4887
4996 4340
3474 1369
2739 2866
3011 4258
3167 897
635 3967
3821 2604
4598 2426
3939 4239
2665 4609
98 3612
905 1393
4195 4082
4189 4428
220 994
348 3052
3363 3339
3771 3307
2875 4285
1665 3999
4131 763
2371 269
1275 2303
3520 2349
4746 3824
213 4412
3313 568
4878 3473
2869 803
4128 3036
183 1633
1215 3097
2495 4772
555 191
3904 1149
1063 2035
4065 2615
4906 791
365 2850
779 2050
1004 2206
4746 1959
3068 1210
4963 3138
1902 3415
4328 1576
4278 234
2719 4528
3080 1409
1375 1440
3031 2934
3516 2669
3186 2932
165 3309
2616 1634
3853 516
1589 285
361 4985
510 23
3336 71
4746 1495
4063 920
1206 4819
1163 4144
4676 3708
2816 1600
2830 2004
4991 2940
249 1901
2010 3519
4395 3854
31 2283
3545 4056
1977 2163
1794 3513
2215 3622
1753 890
1748 2992
3371 4765
2361 1773
2230 660
3677 1569
3604 555
36 4366
1223 926
288 2597
1930 4965
3169 1841
2295 3995
15 4951
3094 2609
4430 4410
2472 3946
4488 3620
3919 3806
1939 1299
4110 3970
4046 504
2802 674
2123 279
3154 914
1900 4040
3942 1103
4228 3381
2856 3596
1813 1955
852 2134
1132 2498
3978 4613
2871 2583
2138 827
865 2524
613 2457
692 4616
4985 4100
4144 4048
881 619
2662 2216
2144 948
1186 3930
497 366
1140 817
2497 2274
1416 3736
4750 2836
3867 918
3233 2048
1475 1011
4471 3213
3919 3631
4083 1864
328 510
2348 630
3305 2078
2987 362
341 4060
955 1367
2115 313
2252 1716
1636 3980
4585 2384
3749 3975
343 4096
588 3151
468 3548
4946 2595
3983 3402
3985 898
4736 2313
3219 726
4165 4401
1467 1319
677 4966
4473 732
752 536
1664 3066
1328 74
68 4652
2685 4981
704 1470
1551 2744
1107 674
3997 129
39 512
1779 968
2804 3299
2709 2374
4948 4722
4203 4628
4751 3158
3606 3202
1285 1551
1577 4458
4382 3467
3388 3051
4363 3287
1980 4300
1846 1605
456 3973
3805 1422
995 4020
4033 2535
2199 699
452 3939
264 847
3404 3229
823 1384
2841 2920
3511 3190
2020 3939
755 3069
1012 1933
3444 4664
4807 2928
2041 3693
49 39
963 2755
2632 4031
4419 801
3925 2182
61 652
4119 2961
2534 4090
2228 3110
3656 2082
4853 4573
81 1230
256 147
3262 4208
3704 3203
1481 4388
884 3514
114 707
1079 3449
4589 3979
3650 85
2791 4879
3104 2216
995 1107
1953 3518
4411 3290
4409 2299
3674 1873
433 383
1332 4958
3104 3318
3444 4385
3792 4749
2130 1954
1920 235
4441 1162
2561 3670
3770 442
2019 1330
19 3287
1884 776
1308 592
3360 1313
4877 255
3084 3058
2743 640
2083 1791
4421 671
2040 3924
596 4150
3877 1001
1695 602
2443 4236
1205 314
2914 1730
4543 4090
3397 4197
4402 4185
3921 4543
1260 3606
807 2519
2829 2655
873 4184
945 294
3601 2769
2748 693
601 754
3012 272
434 762
2427 3238
1645 3717
2676 4012
172 3822
1807 2656
1385 472
4835 4071
1712 1050
1813 2869
4084 3924
2163 2503
1520 2045
483 3609
3741 1240
2334 3181
6 4440
858 3990
4375 1056
948 2160
4600 695
198 1311
1602 1031
2857 1902
3634 747
4615 1599
4238 675
4140 795
4471 995
4972 2205
4648 4633
564 1790
3040 2511
4681 1338
3733 1474
4656 1163
2478 1662
1180 4088
4032 3874
3033 334
3911 3078
3679 1901
574 3264
1424 3098
3312 2514
3036 2510
4444 4975
3220 3275
1165 2051
4847 462
2652 741
1274 1145
3805 885
3263 2715
2353 43
4142 4254
1162 4554
214 4082
1714 1172
4725 255
1097 3529
1889 2795
1319 1087
1077 1927
806 2839
1946 3691
4548 580
3060 2526
2499 962
4992 2094
4720 2615
2844 3134
3568 2378
872 916
1736 4132
4245 1950
794 1929
3842 2735
288 3176
1666 1202
3236 782
4121 4026
2101 891
65 3208
3507 3988
442 2124
1517 1094
4540 269
2699 1316
1794 4389
507 3736
4087 4682
494 2402
1348 2983
2633 742
870 3702
2788 977
2138 1313
3101 3185
359 3539
4757 771
2368 1434
4991 4361
767 3561
3240 3793
4846 2539
740 3505
1011 645
4580 3249
1845 2185
1132 1778
2728 3344
914 3405
2097 4907
3561 3072
1848 661
4515 3736
3400 4117
2293 3247
4902 807
4707 2794
1918 1422
4707 2724
2056 2104
3401 769
3370 830
774 597
3998 4399
1513 1288
1883 3132
2444 2658
2871 142
4452 1175
1186 4012
3397 443
3806 1376
3952 3948
4180 2086
1172 2249
3490 3063
3411 4615
4863 3302
383 158
698 4643
3399 4737
3081 1695
4019 2561
2173 3079
3913 2425
143 1798
2057 4473
2432 4775
1850 596
1335 34
143 561
3752 2914
4571 1718
3138 3514
2342 3383
2785 3109
2316 1352
2164 61
4762 4286
2802 1430
489 4941
3725 35
2084 4200
1293 556
3652 2153
678 3057
4448 2392
54 2495
1124 2924
363 2857
1198 3325
3577 3446
659 3960
1730 1155
4427 4028
3987 4431
3591 2027
2553 3131
107 1059
32 3774
1878 1731
4774 1244
1961 847
4527 2358
4543 3728
1942 4029
2708 701
214 2689
4314 1242
1265 1153
1908 3718
3043 57
2387 388
2508 807
3012 625
4659 2302
2291 1643
161 3491
1611 4051
1829 1454
3397 303
3621 3388
3603 1836
1316 3039
4568 4690
648 2266
1636 4755
2681 90
1412 3701
2387 2568
2377 3865
4767 1763
4881 2916
3174 2268
4111 1373
1705 793
762 3707
1582 3506
212 932
4125 2074
97 1793
4505 4539
3751 1606
1675 1978
3319 2254
1535 2624
3031 4551
102 2511
2996 185
3155 2853
1615 2702
4226 2721
2107 4545
1447 423
990 1090
2967 3324
146 3083
2638 2974
3015 241
2317 2378
3549 2878
2124 866
1197 50
1592 2453
1552 4252
4552 54
334 4357
2037 279
4835 1964
3006 1433
1758 4196
114 3303
519 4221
4767 4749
4572 1409
798 885
2784 1862
4470 3612
5 764
1293 4541
1288 1217
33 3828
3315 3710
4643 1250
2360 3492
741 3914
4991 1666
1593 1044
4938 4182
3666 297
1560 599
441 317
555 3738
662 632
1096 1473
303 3113
652 4520
2317 3649
4002 4811
2305 2812
4659 3916
2964 2148
3227 3375
3218 3130
3399 3566
4810 1736
1613 4222
3219 819
2689 3420
1306 2987
174 1729
2416 4939
3770 979
2170 3244
625 758
2553 3912
2083 4157
115 4322
3891 99
1818 3111
1078 3723
3030 4417
2348 237
3531 3887
4007 947
3630 2398
360 1027
3759 1708
1671 4242
3416 4652
3538 4061
1136 782
3358 2994
347 4231
4473 1979
1888 1074
2150 3592
2862 3110
4297 3564
4103 537
3461 4569
657 3656
2895 1993
2954 2075
4482 4198
4469 3597
4124 222
4148 1813
2411 1137
1455 1327
63 1487
3600 1751
689 222
4585 3007
1225 2381
964 14
4730 346
909 701
3522 4000
1493 4656
1160 6
3371 999
1108 1402
1319 3280
880 2292
4802 3585
2001 2356
3696 1630
3339 4462
4230 3712
1718 428
2514 4582
1000 4243
4521 2984
3689 909
315 4600
4842 4468
362 3276
4848 4098
2490 1147
3885 3150
1130 2547
1840 116
269 1587
616 758
854 4883
2516 3256
2322 1626
1854 3600
1500 2204
2099 1150
1712 1639
843 824
4085 4105
990 2072
2907 4412
279 838
2612 723
1936 3050
4695 1852
411 2019
1192 1892
1017 4920
4859 1832
2226 4149
492 3329
2105 2069
1594 494
3337 3109
1087 541
1130 1569
484 4305
4363 1743
4412 277
886 1230
1288 3392
4642 4658
2330 2564
2762 3098
830 4486
4760 4026
3777 4427
2349 4297
983 2333
2260 4597
1440 4385
4501 4201
2762 3737
638 1038
724 727
4442 2980
2318 4793
161 1163
1645 4285
3966 748
1579 2326
3775 4546
1557 1793
1700 4001
4041 2229
2920 4695
1270 2324
1013 76
597 2338
1290 47
4478 1428
4124 300
2513 3395
4784 652
4160 4403
401 170
576 345
107 538
620 2418
1182 1865
1737 120
3511 4129
3260 1848
4720 47
2474 196
2924 4010
4176 4858
4976 1010
2155 3403
2728 3438
3700 4299
265 4543
1447 2022
2822 4932
3579 3097
4333 2510
4460 2381
3818 2050
106 867
3159 2127
2531 1395
2251 2876
3360 1896
265 2118
876 458
991 4009
969 3959
267 2715
3255 1941
433 4353
1994 4287
2867 195
317 3352
2918 2083
1792 2878
2167 1580
676 702
3600 2425
641 4232
3275 352
4528 2213
1266 1186
2343 4725
389 384
2178 4584
4671 364
1964 3095
899 1978
2029 4598
3253 4705
4831 3131
3825 202
3754 1494
3160 4370
4678 714
4122 780
2286 4664
3445 347
1740 38
97 456
4806 3215
4759 4198
4063 1252
545 985
4297 3541
919 2005
2516 3665
307 794
3398 3172
3957 3562
3842 440
4231 2466
673 4423
3825 227
3246 3935
1754 2052
3215 4325
1207 526
3252 2074
4565 4321
4075 4246
837 2946
2643 3748
3565 782
2540 2242
3602 1630
267 4260
10 1560
1004 2794
1568 1392
2954 245
1510 4821
3055 575
1611 4961
2744 584
4719 1265
1446 1497
3065 234
1489 3375
272 2672
4071 268
1651 3681
980 1062
4777 2089
1183 3587
3227 4169
1467 1539
439 1349
2819 4092
1872 2946
826 2341
2189 1597
1202 213
1474 3609
1218 1644
4049 1699
2915 1061
3136 101
357 4675
2016 2984
2434 1617
3713 2269
4856 4759
4018 3291
2566 2878
1671 1478
929 1093
2533 4342
611 4655
3586 3845
2843 1388
2579 4749
4361 4556
4046 3990
4438 3052
1286 3380
203 4094
4012 3430
4683 1072
4256 4822
214 383
4866 4601
1018 736
721 2827
3579 2252
1118 2022
3854 1915
2875 477
1724 1839
3823 1344
3299 2272
868 2747
2847 4110
2646 4099
655 3544
1697 3467
4146 433
2353 2491
4073 1345
1526 3778
2259 2298
2180 1781
1750 2625
3625 2492
4161 513
2254 4416
1101 1713
2734 2849
4667 4128
3904 120
1681 699
645 3161
4935 95
4323 2617
1412 611
1312 576
2020 4472
3863 3957
4338 1106
4578 2785
4514 6
1288 1679
2039 276
2796 1431
2207 2334
2042 1144
1668 735
2831 1143
1353 4157
3331 3913
2737 3236
98 3500
4535 4428
3624 4986
933 4135
240 4809
3395 710
4521 803
711 2735
3528 2907
3342 666
2856 688
982 2149
3084 596
3673 943
3377 3483
125 1690
652 1363
4344 2502
1789 4420
428 2786
2 4963
1130 4924
1146 169
4134 4572
3294 1605
3682 3537
372 467
4097 2176
1468 4813
15 1752
4822 1970
897 98
4770 1017
4290 1403
3963 2510
4897 132
3580 3497
827 1559
4601 2614
59 393
1389 309
2586 4004
2193 4994
1214 2434
1497 3674
198 3923
3083 1498
2451 3456
3222 4346
599 3161
2753 128
4338 2797
4813 1637
