90 188 5
947 878 1
978 541 1
77 410 3
833 417 2
849 132 1
949 918 2
243 46 5
734 398 5
897 853 4
640 332 4
354 479 2
914 569 2
869 648 1
682 653 5
961 370 5
348 706 4
74 712 2
544 790 2
10 564 4
907 264 5
256 364 2
685 63 2
442 919 4
270 934 3
653 114 2
107 251 4
353 813 4
163 558 1
64 403 3
283 31 3
2 6 5
802 314 5
855 438 1
399 661 5
61 153 4
802 683 4
829 910 5
214 956 4
84 235 1
443 224 1
35 584 2
143 730 1
208 275 3
55 11 2
110 618 5
286 249 5
691 35 5
742 752 4
75 295 2
172 367 5
764 59 5
481 475 1
224 782 3
676 779 4
818 525 1
881 855 1
689 910 2
688 727 2
690 517 5
537 742 5
21 476 5
807 672 3
789 377 2
105 997 1
94 505 3
564 638 1
849 329 2
464 100 2
748 228 5
354 638 2
937 271 2
215 355 3
803 73 4
155 3 5
184 827 5
96 357 2
852 287 3
318 642 4
843 899 4
34 574 5
323 339 2
209 392 5
468 222 2
813 914 4
934 375 5
325 572 5
28 814 1
555 647 2
3 818 3
639 647 2
684 401
78 66
113 517
682 670
987 926
119 207
472 280
340 187
627 303
230 559
244 764
560 156
703 607
12 816
905 387
426 19
650 69
615 405
35 759
749 857
834 584
824 176
161 296
702 626
276 71
246 826
799 425
144 940
296 368
224 77
790 570
542 107
564 714
344 66
99 501
324 132
238 95
929 383
827 610
695 187
708 894
38 945
337 690
361 503
985 911
401 879
663 131
111 694
827 384
966 581
848 151
660 821
889 74
713 768
844 210
428 322
317 543
903 967
256 365
171 896
727 999
726 634
843 543
577 900
386 96
915 434
396 582
462 406
806 305
274 699
330 287
469 558
468 881
179 578
383 842
325 917
710 940
835 957
969 356
659 182
8 840
68 689
811 763
151 357
366 451
724 44
732 775
422 685
384 71
638 421
846 877
190 362
614 134
728 550
533 760
938 597
594 846
897 163
738 865
744 306
302 168
172 837
317 789
309 223
989 9
484 859
33 760
508 306
245 317
768 191
345 165
151 228
111 952
961 94
623 801
509 178
514 556
632 380
181 846
464 983
206 944
757 15
185 793
299 673
429 688
771 999
422 670
518 757
137 779
790 578
829 509
633 245
689 679
246 421
154 219
431 951
157 661
188 672
894 646
719 570
730 175
670 5
507 924
986 19
190 574
192 880
954 457
309 362
222 780
517 127
370 286
125 512
329 833
40 57
682 249
114 570
751 703
828 990
864 705
927 381
37 109
869 222
916 938
331 810
877 4
87 691
34 999
754 701
726 30
290 396
107 432
232 143
878 775
741 283
147 754
757 272
833 266
52 410
282 206
375 877
702 790
146 931
596 486
157 525
416 502
802 175
439 44
922 65
