70 346 30
1838 2734 18
3412 3548 19
4023 1323 15
2982 2722 7
1991 2693 5
3949 4534 6
2454 987 26
3505 3221 12
450 328 30
2835 3989 24
3052 1121 24
1035 3886 15
632 3212 8
1451 3924 3
1293 1709 2
3789 1154 16
1731 936 5
4807 785 29
1078 1250 3
2939 4192 16
4496 2577 29
4736 2348 29
237 3327 19
107 2296 4
3886 4152 18
3293 855 4
4112 4183 7
2598 285 22
614 2824 7
2779 3107 3
4300 1097 29
4309 2294 13
4098 1614 24
2097 875 30
1082 469 24
4231 4933 9
837 2705 1
2428 1126 8
2994 927 26
4703 4509 20
3507 2970 3
874 3193 12
406 1001 3
4372 4598 10
2907 1226 18
3446 1467 21
2657 3751 19
4446 606 28
4664 3656 30
2745 2782 14
3722 3864 18
4419 3057 28
1428 2469 16
3180 4689 1
2449 4111 1
1948 1966 2
473 4918 27
2317 78 8
2749 4436 15
3455 4949 12
2172 277 28
1690 3619 9
3453 4685 7
1295 349 14
1915 3229 19
112 1877 12
3068 3998 23
1941 4182 4
1177 672 6
4670 39 20
4014 4615
2126 4032
4142 4100
1634 3012
4967 1674
4594 4585
1924 1878
3980 796
546 1646
3330 2137
349 1595
1453 2385
3828 2449
1161 4756
4978 3942
3815 728
2144 4532
4466 1879
3587 2201
812 1626
4509 1966
4261 2237
3131 2127
3236 4391
3411 3431
4147 2331
535 2664
1347 850
2202 4056
788 2470
2909 3699
1963 344
3014 1826
514 3247
3980 3614
121 4776
1237 3775
3936 2167
3589 2190
1480 4870
3580 271
4961 855
1050 2686
869 1342
3459 3784
892 4620
1630 1027
292 245
693 4815
860 4669
1082 3895
4480 2965
63 3360
2669 1213
3604 2113
1526 4584
1677 2191
1143 1814
307 4724
1640 1215
536 3234
2978 4444
729 1248
2069 4591
2533 1035
2646 1994
764 187
1933 3435
3458 4622
1969 771
3885 4503
3915 4239
3117 1349
2368 3024
4406 1797
4197 1297
3847 2787
3792 4695
4161 1486
1813 2748
2129 3255
2284 4629
4482 361
4769 629
3874 922
3815 762
589 3450
2094 4519
918 1118
1249 3876
4823 789
2548 2322
3297 2180
4302 3210
593 1687
4082 592
3468 2911
580 608
1192 3452
3098 410
1536 543
3174 3748
514 1399
574 761
3293 3037
4250 3292
1004 4386
3170 568
4901 486
2233 608
2562 1969
4209 2989
4106 1947
3240 3887
4646 1086
3392 725
4004 4198
4740 4133
1845 4137
4641 2576
2487 971
3183 138
4248 2936
1715 2179
1962 989
4574 855
4138 2622
674 4265
2975 2878
2406 4354
553 3134
4408 2549
3973 4144
3135 2916
4324 4099
335 4163
794 1033
3938 3672
265 3795
4186 1245
1390 3977
240 4950
4360 1001
4017 954
2304 4755
1150 1394
4500 2262
1619 2443
283 3165
2568 3900
2391 2081
976 1753
2838 813
3211 3414
113 848
2990 4914
3557 1635
2326 2074
2397 1957
4331 2269
2695 3303
1997 2505
2646 49
4646 3314
1489 3437
2715 1331
4682 2904
157 1225
4870 2645
4299 1952
4877 4368
1932 758
2515 34
603 1827
256 2669
3139 266
2576 2307
3369 3448
1478 2427
914 3082
2260 3666
3664 514
1806 936
3654 2640
1581 848
1181 2889
4570 3032
2922 3287
1762 2326
753 818
47 2326
1253 2214
1897 118
2004 3968
2072 1869
3550 2124
383 3849
4409 2739
2449 2950
278 341
1923 1452
55 151
4986 3174
1635 161
754 3312
3737 1561
3626 3941
4706 107
2579 2770
1007 3273
2566 4572
109 607
1727 2365
620 185
3594 664
198 2659
4216 3111
2796 2923
4356 1185
1902 4557
642 589
2870 532
2480 1299
3442 3615
3124 4307
611 3140
2554 1175
749 90
4467 1503
615 2914
3674 320
4369 1588
4266 3291
4597 259
4840 2864
3020 4519
319 1493
1206 4677
2878 3832
4784 1708
4890 3063
4922 1515
341 1311
4986 77
4413 3919
1309 2468
3386 3747
1233 1899
3417 4409
648 418
592 4582
1198 2132
3360 4083
566 2724
1868 4793
4361 1267
855 1391
4185 4977
4080 3402
3394 2795
524 1451
3868 420
603 2818
1860 827
151 2407
4797 3492
2295 1911
4201 1176
65 391
4969 3859
157 515
2440 3219
850 3388
1060 1324
3255 3340
3783 4665
2947 3543
1472 269
1714 3504
3639 4728
2304 4001
4075 3824
1727 2959
3300 1904
1051 2991
4562 4167
1344 1967
2799 432
4499 156
4604 3430
2506 725
3782 1609
3900 1137
1687 4585
2737 2113
3680 1726
1389 3402
968 1625
3722 444
1134 2759
1697 3867
2464 661
3004 3301
4421 2742
2040 2381
4818 1583
3592 2395
2802 4112
1135 433
4911 1700
4718 4193
2437 4400
1478 4119
2591 2010
3687 3119
4578 2201
4973 240
2234 1074
4676 2639
2865 4269
4935 4052
4371 3516
1365 290
1328 2740
4883 137
4039 826
2754 4013
1500 2670
2082 25
100 1537
1600 772
1133 756
817 2561
89 2283
4841 886
2982 290
1343 3891
3183 3097
4366 1584
4825 3260
4668 1718
2564 3581
1628 3128
3403 3931
517 1415
3108 780
