30 98 30
756 446 2
621 271 3
840 368 1
298 165 10
424 974 7
930 492 2
791 419 10
103 983 9
729 597 9
104 533 7
34 783 4
625 740 2
826 806 3
436 498 1
606 397 8
986 526 1
562 74 1
193 608 2
53 840 7
753 15 5
664 985 1
265 367 10
451 285 6
17 492 1
955 933 10
769 714 3
970 505 2
599 775 9
49 305 4
685 179 6
227 105
885 662
687 717
709 822
139 536
515 90
342 529
79 403
912 194
74 990
599 459
532 301
266 26
16 884
600 720
125 700
250 648
36 872
21 854
712 641
912 690
843 161
780 981
946 418
570 334
989 715
472 705
284 787
309 853
628 269
572 508
73 668
465 19
272 133
558 315
996 449
417 396
478 253
51 146
560 330
919 866
825 379
494 374
103 275
926 238
749 952
153 835
639 508
913 366
249 404
16 956
388 634
210 866
768 467
472 324
816 242
130 575
311 484
82 151
158 888
503 513
170 186
955 915
376 232
859 824
848 454
40 668
184 74
120 663
258 562
993 385
487 494
525 206
913 689
57 899
536 627
198 908
747 422
191 17
984 700
542 920
919 415
964 797
452 536
906 697
736 798
747 177
668 556
854 787
189 335
92 305
946 548
847 760
394 54
246 680
65 298
104 36
857 658
