50 426 30
91 555 21
579 918 10
748 13 1
879 657 18
797 925 27
142 835 27
283 161 5
103 860 10
289 312 10
808 893 11
461 897 9
848 80 4
641 235 16
86 514 2
914 61 7
740 686 24
954 333 7
773 229 24
591 642 19
128 307 5
716 771 29
42 90 4
458 348 26
911 238 5
99 340 12
907 959 28
179 181 13
433 667 16
988 600 19
948 799 14
601 830 11
928 479 4
922 567 4
736 917 10
66 868 2
331 916 7
141 519 1
451 401 1
114 476 21
566 636 4
248 607 17
121 805 18
869 385 11
661 770 19
111 276 4
925 977 26
57 499 11
647 653 15
582 970 17
286 331 11
347 75
812 656
745 654
581 47
756 517
839 141
121 539
809 965
678 377
20 833
213 784
163 621
196 969
381 581
619 94
525 158
132 213
288 873
848 580
592 558
451 52
442 175
419 604
8 242
494 350
691 566
238 185
331 528
934 719
73 53
553 249
969 879
766 866
788 766
501 743
18 344
983 830
315 778
498 273
731 256
207 533
201 425
621 69
188 438
132 547
284 576
441 657
260 672
436 462
502 781
362 957
37 343
176 22
222 499
401 480
280 639
715 606
997 191
664 27
350 499
854 660
885 50
969 514
65 699
876 252
991 452
120 139
858 929
159 484
481 459
56 283
171 630
430 938
990 244
633 534
570 6
543 345
532 281
131 828
883 601
467 443
373 302
133 430
856 89
999 172
237 582
773 199
500 614
687 973
652 3
216 805
180 46
153 874
38 738
598 816
64 519
827 224
723 691
939 167
764 43
80 468
42 587
340 450
38 407
464 314
581 604
806 85
717 135
36 126
450 429
632 192
66 976
376 711
374 205
739 333
973 713
914 762
595 566
57 140
969 725
324 267
332 320
177 147
395 826
737 819
483 808
243 323
446 100
332 364
475 723
424 553
713 581
62 453
44 761
25 517
690 706
54 448
694 181
758 79
954 198
627 875
192 684
978 771
325 335
272 245
868 818
55 903
287 460
333 391
413 949
495 171
315 124
468 192
389 152
353 480
425 258
311 472
873 565
755 102
160 774
855 390
82 993
672 427
395 160
695 99
594 968
475 527
525 514
882 913
61 831
849 961
971 974
50 145
801 544
138 385
637 869
595 44
200 457
978 837
974 702
164 826
688 678
874 277
975 859
854 789
935 427
653 753
794 978
704 767
785 375
579 409
988 369
288 850
271 668
84 186
859 425
854 328
851 652
162 862
473 277
572 245
69 602
221 921
961 677
666 796
511 152
472 525
799 133
999 703
914 628
576 130
110 328
504 266
671 596
756 64
379 488
207 672
244 186
978 748
907 695
152 940
729 124
880 580
995 77
230 569
934 794
594 440
686 465
965 584
911 930
305 677
473 216
274 752
947 435
433 856
882 845
452 274
199 35
542 491
732 640
62 335
664 207
206 797
724 65
464 551
243 626
493 314
619 224
306 985
11 72
771 137
179 94
518 546
447 678
189 54
357 192
287 160
730 596
19 567
242 925
737 720
776 21
301 813
546 631
75 161
221 476
790 119
719 586
694 185
510 301
307 203
952 807
709 31
13 529
256 358
112 410
105 296
836 980
706 148
195 706
301 292
227 171
317 983
281 816
122 703
640 347
105 301
90 413
258 137
113 688
393 188
629 395
167 467
565 409
866 417
713 869
150 729
212 625
835 643
506 536
971 141
451 942
558 932
167 718
407 930
11 580
821 272
760 456
896 753
562 234
285 130
152 66
600 347
671 467
433 266
385 831
520 214
78 201
55 139
172 47
820 905
296 604
937 352
795 241
142 667
359 493
533 931
406 882
306 807
481 35
460 619
892 812
11 736
679 224
236 304
21 324
219 335
676 566
380 229
440 824
190 737
837 360
675 131
64 312
411 102
167 451
649 269
742 768
189 618
280 323
258 268
752 950
658 400
852 654
733 202
242 348
779 201
850 745
128 352
162 117
155 47
476 336
971 563
27 245
44 269
360 685
463 490
771 607
466 165
797 865
77 822
871 662
119 485
136 975
127 346
474 640
477 455
284 261
301 62
590 361
793 446
252 589
172 606
212 383
142 354
286 727
386 158
517 673
365 49
318 666
239 589
422 650
837 320
198 580
215 71
390 149
824 20
734 550
891 4
197 408
180 694
161 520
353 9
793 851
743 162
793 91
413 532
190 163
556 619
559 552
705 604
549 722
618 377
715 102
734 92
494 532
837 859
297 831
193 571
239 104
651 634
687 528
783 935
422 421
397 695
196 6
