10 104 30
530 769 1
562 292 29
530 171 4
806 360 17
421 606 13
337 666 17
786 379 29
568 611 13
349 617 4
119 948 28
817 545
905 354
449 981
182 454
600 379
155 267
227 332
457 252
500 808
21 592
170 371
827 24
403 960
991 207
704 850
697 217
696 19
548 182
869 258
389 746
501 585
376 628
71 302
97 767
50 440
641 212
847 38
37 173
583 8
307 867
512 530
822 406
241 629
924 109
512 247
158 829
562 59
559 155
491 936
143 491
848 784
677 586
214 562
553 624
371 809
562 678
805 407
367 996
504 430
591 64
44 439
813 385
36 865
109 48
35 69
659 768
90 625
648 623
788 80
508 440
461 55
568 554
479 583
875 272
646 912
245 620
245 64
982 390
441 553
189 21
956 662
108 235
78 575
613 865
936 430
846 637
522 403
312 253
792 812
498 838
256 552
595 423
43 439
276 47
347 147
431 133
658 311
355 312
552 77
980 745
245 255
464 48
480 12
850 94
997 15
253 144
568 276
26 798
101 12
178 920
91 240
803 734
726 156
62 210
