60 136 5
35 188 2
979 837 5
373 479 2
194 906 3
388 460 4
724 156 3
685 901 1
147 877 3
995 101 4
309 805 1
860 27 3
289 373 4
675 28 4
428 769 5
437 758 2
722 528 1
558 529 5
272 403 1
204 18 1
476 489 4
762 884 4
183 599 5
45 38 3
989 342 4
728 611 3
612 948 5
317 873 5
953 494 2
850 753 5
936 167 5
582 273 2
866 752 5
281 104 3
624 468 4
713 846 3
544 262 2
948 622 1
282 859 4
394 525 5
647 853 3
522 260 3
544 410 2
105 383 3
898 644 4
92 103 5
32 305 4
778 677 5
151 767 1
571 184 3
131 595 5
741 843 4
318 446 3
894 92 3
71 399 4
692 146 3
82 864 1
538 895 5
442 213 5
833 959 3
287 185 4
96 533
424 888
837 266
323 275
152 443
869 149
157 276
604 196
671 420
514 308
135 861
364 816
734 423
565 2
581 517
912 577
21 619
821 739
286 805
92 802
701 300
440 58
940 248
490 68
897 176
229 416
961 884
292 627
805 323
721 142
501 588
371 524
866 176
4 788
23 987
410 806
770 187
54 270
441 741
473 648
736 566
797 461
903 720
505 420
502 261
317 353
760 558
206 200
78 170
69 114
444 615
549 880
217 502
953 792
5 669
311 641
417 663
139 189
232 134
142 335
695 199
687 683
862 124
703 434
610 783
118 632
735 783
548 157
284 544
404 658
553 857
435 204
918 924
403 686
551 198
601 484
39 419
12 396
868 353
341 937
761 569
134 476
981 280
356 499
370 651
76 187
432 655
25 943
119 25
144 847
804 247
579 313
230 280
463 432
234 791
397 679
103 661
655 847
334 417
483 862
212 791
200 587
644 271
752 411
65 634
963 635
207 818
113 775
744 659
956 853
13 232
529 363
325 930
489 667
751 366
930 45
981 234
120 744
146 583
84 446
68 118
750 427
340 938
636 751
736 957
662 259
435 761
946 379
178 749
128 227
355 280
241 726
294 179
552 892
408 715
276 515
