150 1520 30
118 79 17
63 235 25
326 93 6
167 202 23
460 434 8
465 404 13
228 234 30
481 90 19
300 12 17
288 421 5
470 93 1
229 253 8
135 334 28
125 271 10
203 220 17
479 322 20
5 409 28
99 440 5
97 61 26
129 429 29
203 237 28
370 84 20
325 377 3
465 409 11
451 125 17
454 294 18
14 500 19
2 283 9
323 23 27
308 443 7
92 150 4
470 32 1
350 275 9
472 465 13
361 105 11
250 70 11
115 203 29
352 80 14
24 205 15
181 500 21
49 1 11
161 47 22
401 38 6
407 30 29
295 370 16
111 165 20
269 211 22
177 105 17
144 12 29
39 236 30
85 339 22
391 450 5
45 82 16
307 365 13
119 185 4
444 450 3
185 359 11
416 447 1
221 17 1
115 379 17
68 194 21
484 330 24
326 210 8
176 128 30
305 194 27
424 309 1
12 126 14
30 422 17
341 360 12
372 70 12
220 61 23
305 446 13
333 179 25
15 451 19
324 7 18
450 234 23
223 162 7
338 122 4
175 384 11
499 369 6
409 330 12
480 261 10
305 132 16
400 446 15
435 76 11
263 274 19
368 285 15
265 452 4
176 169 4
63 48 9
430 124 17
36 442 8
350 153 25
19 103 14
190 142 12
274 369 1
120 227 26
134 337 23
320 353 29
214 207 7
119 33 5
99 373 6
24 477 18
314 185 3
384 219 2
25 168 19
50 77 20
426 349 4
302 336 14
171 383 20
215 463 22
336 484 19
249 239 21
353 166 11
22 193 3
348 85 12
310 266 13
344 120 15
267 383 7
3 120 29
475 126 20
183 463 7
373 221 18
463 154 11
98 108 26
279 156 24
484 448 22
165 401 15
427 57 7
164 251 7
447 468 24
456 8 1
269 132 24
109 277 25
354 370 23
436 52 29
384 290 24
272 369 29
291 86 28
71 377 15
468 137 19
466 197 16
200 141 13
462 107 17
138 297 3
232 365 25
497 63 14
44 292 10
269 245 3
315 448 8
466 432
59 436
459 8
35 184
106 251
156 404
291 82
328 111
56 84
249 75
91 314
10 184
415 440
481 82
173 274
8 448
227 237
451 53
200 499
263 201
120 136
213 419
340 126
396 246
150 421
36 50
169 345
483 170
462 464
88 164
237 98
28 56
290 320
190 188
294 330
429 158
325 70
59 479
314 239
1 359
238 302
481 157
268 235
375 479
229 268
340 433
356 295
468 310
374 204
96 211
410 203
210 100
138 5
335 43
42 117
262 442
36 126
185 454
130 115
323 255
144 200
405 231
353 281
168 300
336 158
436 366
241 111
458 186
106 212
440 59
350 26
438 374
399 443
421 355
344 83
295 203
449 269
96 9
76 368
112 100
412 359
66 215
260 494
129 276
255 320
376 412
410 77
153 450
451 379
71 386
317 246
92 483
166 223
481 78
120 222
197 126
198 497
371 206
271 298
384 394
494 184
224 332
70 399
168 472
289 2
380 66
302 277
371 22
378 378
265 25
396 285
200 39
206 88
297 410
23 490
385 145
50 143
485 218
263 222
381 118
334 87
419 373
399 318
434 35
495 223
212 348
168 213
96 333
427 67
393 434
418 51
284 424
290 81
189 312
408 454
303 448
357 270
4 160
189 500
302 55
410 318
218 109
293 270
493 161
169 372
41 405
458 184
489 90
374 78
500 4
272 127
87 364
232 88
228 147
471 268
462 220
278 259
226 311
495 126
32 148
376 312
341 162
174 65
68 123
281 395
42 167
245 294
374 467
48 119
15 183
29 367
130 359
37 102
458 427
432 217
446 161
59 346
204 192
293 405
311 397
141 250
490 125
226 499
385 278
306 157
166 476
397 83
8 213
69 18
30 335
149 21
373 236
201 299
432 48
285 144
214 23
404 266
277 21
404 84
48 307
168 428
387 215
330 416
425 447
135 209
75 247
366 349
357 154
78 104
165 361
436 226
289 466
427 479
175 336
432 472
108 421
485 80
78 14
357 498
259 255
345 126
334 109
251 26
89 132
489 289
437 475
108 152
461 470
192 253
251 350
375 81
19 319
286 234
122 408
487 269
438 373
225 414
343 6
211 297
336 462
327 224
34 54
142 437
103 193
340 82
209 450
239 195
279 2
161 34
404 432
237 99
55 75
226 310
25 171
274 497
208 5
198 50
220 34
29 240
230 52
255 280
292 125
209 257
313 277
338 262
48 33
194 261
387 238
363 458
285 256
32 144
263 110
2 465
258 254
130 195
116 80
283 389
181 29
153 261
448 320
38 21
360 145
48 154
177 108
370 494
358 100
187 240
426 463
365 12
36 403
303 134
254 430
9 314
331 281
499 392
378 231
100 382
44 328
429 287
107 269
472 385
296 277
345 351
136 236
227 256
57 493
137 473
330 20
313 251
294 450
108 292
406 10
123 305
246 130
358 232
219 107
195 476
331 357
355 303
310 349
49 296
475 133
423 154
478 38
446 191
200 367
66 468
31 330
140 90
266 149
387 98
29 232
361 429
368 181
198 449
219 66
232 349
282 317
381 2
146 114
70 266
153 429
97 92
495 461
310 308
476 78
205 476
138 402
224 112
413 97
164 242
46 214
152 475
177 98
59 115
418 313
187 359
466 373
240 457
271 138
42 262
154 125
100 308
299 442
145 201
225 197
355 130
496 331
387 330
245 86
5 250
108 246
78 459
105 231
204 320
466 468
213 208
235 11
87 404
118 52
12 453
460 4
29 317
220 339
490 296
91 291
466 120
245 319
447 156
484 147
497 314
79 412
447 408
366 131
211 255
462 189
429 223
234 271
102 383
387 13
413 152
221 256
10 428
186 230
433 397
26 100
110 124
165 352
339 450
52 391
395 311
279 402
306 50
402 246
255 259
334 182
150 227
305 439
278 59
258 364
393 440
77 157
377 380
160 58
454 228
326 176
239 378
425 317
107 264
204 349
233 251
41 352
452 174
208 270
358 263
64 65
179 370
359 150
499 281
464 107
205 86
491 381
228 227
484 409
291 129
478 209
1 494
167 324
346 39
338 244
203 472
185 242
211 68
376 57
317 268
255 213
423 164
250 480
300 58
62 200
105 479
178 230
401 73
109 444
206 381
204 54
382 177
84 287
476 158
80 401
55 408
261 137
375 89
123 356
356 285
47 295
305 436
449 375
238 398
7 35
361 262
394 441
436 234
23 23
111 335
358 417
102 127
182 446
71 387
470 174
17 79
465 431
323 369
382 448
90 390
139 78
377 453
431 443
207 416
442 83
20 449
22 463
39 56
310 445
28 325
294 398
346 147
169 117
354 362
252 335
57 128
202 311
476 253
404 91
354 239
472 73
96 410
155 302
171 242
391 325
266 461
259 484
498 70
84 242
167 311
372 292
419 115
256 414
109 270
443 48
117 293
18 191
385 467
151 141
224 259
367 331
153 452
266 492
327 428
496 368
109 269
154 145
448 113
293 380
220 68
413 292
347 492
348 346
159 337
228 251
400 196
12 456
53 17
179 115
269 146
126 376
440 152
415 346
431 63
104 129
495 201
431 151
338 376
390 149
102 76
326 28
262 330
323 370
307 11
426 489
354 75
128 366
347 72
478 43
284 223
195 62
364 196
311 404
136 206
234 399
16 277
375 249
131 49
422 150
46 19
453 333
176 157
358 225
393 276
104 492
183 434
142 188
413 137
374 490
363 306
228 323
138 151
166 232
193 256
450 301
134 182
107 471
194 214
422 45
40 298
288 4
355 460
413 170
483 99
90 281
39 159
382 109
120 22
285 143
301 16
80 455
112 423
141 39
163 193
299 114
322 212
32 71
120 379
92 127
384 409
237 262
471 498
10 126
115 59
183 283
176 40
61 284
75 493
303 55
93 449
63 209
149 484
115 92
18 399
199 120
435 90
189 319
350 205
359 470
316 283
195 24
160 426
455 312
110 156
407 492
160 364
215 62
166 113
165 167
44 321
311 177
352 211
157 342
449 348
95 345
27 279
248 33
130 121
239 146
20 462
473 380
369 277
446 88
336 375
12 136
272 37
378 458
296 300
85 444
348 456
123 107
43 200
477 232
171 444
193 34
102 292
224 302
326 56
482 169
468 289
91 299
213 71
89 269
496 189
99 129
304 469
82 470
168 271
315 308
8 235
408 303
137 226
375 175
176 439
404 317
111 25
90 229
129 3
477 287
275 34
314 171
125 312
308 372
448 104
215 4
421 281
403 229
441 244
153 301
478 116
5 174
327 310
139 463
224 359
139 194
19 358
452 274
264 309
124 141
348 160
298 218
188 245
22 274
340 71
20 239
280 188
298 262
470 65
306 212
188 295
458 86
353 18
468 277
250 472
248 6
258 144
412 495
387 10
500 471
238 319
158 461
109 56
56 152
425 285
476 249
306 28
88 233
200 198
129 323
192 155
468 460
210 157
368 348
153 156
247 324
408 301
489 51
126 106
475 352
354 110
362 236
407 207
385 11
110 398
82 66
305 11
381 223
234 236
88 135
127 331
188 49
108 96
289 212
228 181
114 400
395 404
274 361
317 64
162 53
196 405
268 448
401 225
485 180
130 129
306 465
9 468
28 82
176 385
198 103
58 288
144 498
167 269
29 6
384 15
322 216
81 210
489 222
124 183
291 54
389 498
327 474
56 195
151 347
79 192
212 386
140 491
420 192
214 76
299 285
263 315
272 438
390 412
262 428
312 401
108 78
441 416
155 74
419 55
441 429
368 81
94 14
364 65
265 293
47 369
461 116
498 463
200 7
67 421
250 300
103 153
473 466
114 394
351 195
321 333
70 205
195 331
397 1
309 9
461 226
381 190
341 6
268 25
326 269
223 146
252 496
466 86
238 46
196 156
353 16
221 163
415 35
289 458
56 69
415 255
84 452
337 32
404 333
102 82
305 125
47 271
32 216
337 177
290 227
22 50
344 323
331 412
75 439
366 10
343 463
225 215
33 478
498 372
264 495
477 438
155 181
120 187
307 293
9 108
273 432
415 295
103 174
161 1
462 57
206 21
23 473
437 72
463 102
204 264
192 341
142 271
158 79
407 462
362 314
252 411
160 106
209 328
379 44
57 499
137 13
269 182
335 379
92 218
152 7
251 152
494 339
325 413
346 332
81 397
481 403
79 330
278 445
57 341
214 334
38 344
190 74
401 405
161 13
390 210
43 493
300 227
89 309
293 263
288 334
179 299
111 66
40 430
370 323
70 275
132 380
49 147
205 412
236 17
399 79
174 457
103 347
220 395
420 169
82 422
162 290
304 174
8 265
57 333
40 422
429 81
112 294
374 485
245 334
363 87
291 258
468 391
15 427
215 3
395 426
470 398
185 297
46 279
157 246
173 68
295 130
32 233
122 109
103 80
114 227
475 200
26 301
381 230
135 44
408 113
204 209
367 50
11 133
40 429
101 463
324 377
72 293
304 485
352 280
276 82
467 464
152 130
158 76
493 297
28 223
206 409
295 270
369 174
365 404
428 360
321 88
8 139
49 127
323 98
118 373
314 332
329 283
215 37
484 162
42 249
389 294
276 265
247 333
351 72
12 461
186 267
482 361
307 36
61 349
53 7
69 474
402 33
339 486
377 162
59 486
45 383
389 42
141 402
242 488
245 486
483 73
284 122
201 56
400 39
47 141
141 67
315 409
268 201
253 471
252 256
17 338
287 277
421 487
264 276
403 65
451 325
2 353
373 313
169 350
17 351
207 258
305 94
230 144
109 12
271 252
272 20
457 58
189 293
442 397
216 460
50 205
249 274
390 480
173 182
230 353
443 66
337 151
403 324
341 54
119 172
201 412
10 366
13 294
194 127
401 419
479 252
91 40
77 466
132 10
151 187
387 290
311 358
255 291
90 262
383 217
51 267
224 333
3 134
20 499
492 95
69 177
145 297
253 151
109 456
90 55
403 218
280 406
192 322
272 55
281 465
172 331
105 453
243 46
249 408
434 240
299 343
488 57
427 180
380 184
91 379
222 95
8 152
42 47
51 382
355 370
440 296
346 160
384 321
230 77
91 69
297 21
79 202
113 364
26 28
201 397
359 212
25 393
169 251
27 106
318 452
271 442
255 367
74 435
291 404
203 83
317 279
8 349
38 327
351 121
297 359
377 118
372 29
164 393
29 211
297 61
313 231
450 74
115 175
145 376
397 149
134 114
65 171
473 143
14 240
497 381
256 282
357 467
7 90
109 306
266 456
45 471
86 62
23 472
115 212
319 73
90 419
122 66
148 393
423 223
418 322
368 234
146 7
5 224
149 250
115 76
478 213
175 215
145 77
402 423
41 407
148 55
376 337
296 376
108 16
307 386
99 429
243 242
188 271
322 29
147 487
486 192
241 116
17 11
60 449
168 421
38 102
362 12
181 201
190 211
467 108
457 1
26 424
442 295
8 187
2 420
139 444
268 97
186 7
417 494
319 428
148 417
55 192
73 26
232 83
9 236
180 348
471 336
128 386
419 62
160 17
122 104
445 149
242 229
232 288
415 107
119 327
73 282
364 59
283 442
188 80
243 311
4 324
421 481
410 223
304 199
155 85
307 418
229 99
483 100
41 381
36 405
72 28
290 418
311 278
451 398
436 245
100 200
106 408
453 496
360 376
248 179
90 170
98 355
400 25
96 181
382 49
261 457
275 213
200 226
330 470
18 159
325 172
450 495
24 42
215 208
133 88
123 405
345 472
391 352
249 229
191 263
431 246
442 252
359 438
87 77
464 364
125 7
78 461
235 234
48 138
300 233
22 374
288 310
235 469
114 420
496 448
278 211
345 392
261 9
299 417
197 257
94 391
256 122
187 466
116 89
263 424
430 273
352 66
56 232
268 295
49 416
114 160
81 306
423 205
389 14
136 169
270 113
22 307
305 354
192 76
368 170
213 499
10 270
331 35
3 101
376 362
229 195
76 168
117 472
13 6
417 190
336 107
341 476
461 448
328 292
287 184
476 134
306 171
229 257
170 252
73 446
26 90
17 310
105 107
228 243
451 141
435 422
64 20
174 394
464 404
346 309
122 216
318 353
414 110
419 33
207 144
45 232
232 175
409 164
452 157
88 230
325 99
444 389
475 164
388 447
264 79
289 16
336 437
371 493
279 43
280 179
155 290
405 356
117 78
143 6
434 189
393 81
160 64
135 204
344 412
356 305
339 339
342 13
483 310
218 269
283 241
34 228
227 41
1 167
317 147
347 154
356 370
208 433
315 129
437 425
151 246
427 152
35 205
82 381
240 454
244 249
281 182
484 262
257 13
394 130
168 47
466 87
454 231
482 23
445 66
436 438
251 131
218 84
184 212
402 376
460 469
263 352
336 488
114 221
316 415
16 494
494 326
466 267
500 226
458 177
404 283
109 487
96 280
403 371
468 374
77 65
435 115
25 280
18 198
266 355
413 167
219 131
103 443
448 102
74 441
222 297
160 118
385 462
397 86
335 220
486 495
358 353
347 109
267 97
187 114
338 332
443 488
308 89
55 260
13 350
290 95
395 32
412 266
176 267
408 307
123 129
72 166
395 382
432 2
469 349
167 154
409 11
477 157
346 176
57 68
17 333
271 83
36 90
142 166
199 61
44 116
257 391
97 388
285 166
15 406
71 12
400 200
295 109
168 226
247 471
9 402
266 73
493 332
37 59
446 367
443 311
497 453
59 103
10 181
403 211
335 112
127 429
336 165
98 51
287 206
245 281
277 351
285 51
307 67
321 35
257 258
105 438
157 144
250 117
409 95
479 402
281 7
135 411
180 142
299 270
202 363
298 29
428 265
228 35
369 496
282 20
347 214
29 476
174 145
428 296
49 239
3 47
385 24
50 281
164 164
191 325
408 398
324 105
411 166
198 296
426 88
167 383
