40 436 30
2415 668 3
3453 4605 13
3172 256 26
4393 3741 6
79 4414 20
1609 4306 15
520 1743 30
3092 1865 8
3792 2365 29
1109 2803 3
4472 3459 13
2790 2742 29
4011 2403 27
1055 3792 2
4156 1657 23
3308 1172 11
3855 1507 1
4499 551 16
4346 994 9
1995 3675 30
3291 1271 29
2755 736 7
4274 4145 22
3494 4789 1
2961 1601 10
3003 2560 28
292 4447 8
1974 1457 21
3889 3179 25
2216 2351 25
2346 1752 11
332 4711 21
1812 4850 12
3319 3666 23
4059 4437 22
3208 2997 8
1651 4464 18
1368 354 20
4836 2187 2
1464 2197 24
897 4740
1237 2000
2097 3297
4014 362
639 3509
3754 1951
657 1273
1194 756
3027 2074
3083 4944
3867 4105
410 4596
1517 1231
2565 3353
4851 2385
3970 513
2355 4594
159 3541
4449 245
768 3583
2226 2076
871 347
4458 1682
977 2844
1517 1430
3855 3645
1254 1560
2904 3046
4339 1399
4813 4719
4674 4014
1100 878
3805 2556
2984 3573
4271 3450
4689 450
4151 1917
3996 2742
4604 2283
3734 2993
3578 2220
457 4518
2171 433
2657 454
1181 645
989 2926
4998 2935
2865 4408
4739 3393
3737 3755
1373 407
4725 4485
3004 940
3035 215
4812 4554
29 2702
3067 4904
3283 2858
4810 2071
109 3422
1889 530
3405 4468
1832 1720
4806 1543
1161 2371
193 4784
307 1497
747 3957
3597 3360
3118 3814
2543 3832
2064 4821
1471 313
4668 3388
772 3497
3514 1039
1342 3350
799 36
4800 2455
3621 2207
4223 2861
497 1719
3411 581
912 937
3089 1519
4255 2591
1821 2352
845 3946
4144 1794
495 3737
956 136
2035 2716
4163 180
588 158
1170 4936
1292 4485
193 2199
1529 1420
4591 488
1124 3802
4558 277
386 147
4358 4223
3925 536
3202 4427
152 4610
2857 1485
1176 2627
4206 4975
3571 3389
2401 1499
2890 4386
4050 1565
2461 2120
4562 3901
4549 926
4623 2203
2888 3748
2117 1373
4505 2936
2166 1325
2577 2576
1834 2038
4668 2469
3542 1563
2813 1338
4435 423
521 4844
369 1803
930 4226
648 876
3099 4869
1251 160
1613 828
3503 896
3697 2726
4825 358
339 975
3353 959
2124 4873
1200 4464
2229 2379
2170 120
3428 595
3719 3665
3039 1560
3714 404
2792 2706
3928 2693
4022 1450
1099 2339
4263 3088
1924 376
575 1323
4754 2033
4198 2941
3435 4346
1684 1361
2814 3789
4992 923
3316 4584
1947 1012
40 125
3933 3195
1935 1654
1081 1839
4579 4379
4751 480
4399 425
4226 2652
2421 1453
679 2827
1897 4012
2546 1004
4949 2201
3940 701
3036 4071
3589 2202
707 3147
2570 49
4806 1281
1061 2329
3436 3656
4403 195
1050 710
1836 1988
1282 1654
3392 650
914 3655
1668 2535
3175 1243
3226 4921
2196 3631
600 4514
653 662
871 3429
2635 3960
1412 1012
2443 2817
1225 2763
532 4976
977 4382
4289 3363
1317 729
3395 4586
894 3974
4458 2466
608 1598
2280 4232
2771 4441
4880 3134
3312 1783
1763 1730
253 1045
1415 3228
4243 4241
2947 2576
3102 1080
620 3550
765 201
3626 495
4353 1187
1103 618
1569 3476
1173 2449
3589 107
476 2591
91 1158
4253 3401
2283 2542
1358 3614
1946 3658
1021 597
400 2363
1564 705
2825 665
3097 145
2438 3906
4407 4593
4596 768
2932 901
1307 2123
199 3064
3477 4033
3319 4597
2795 1002
4270 4267
3243 4087
307 557
4971 1186
2521 2669
1732 409
1597 4634
4080 272
4368 3066
1976 1676
3479 1516
31 3173
1764 338
2944 648
4752 297
2481 3511
4210 4171
114 4353
700 1455
4134 1505
36 2823
280 697
2347 2068
776 4792
1765 614
3052 4360
2049 4303
2029 2170
4165 4177
3597 1187
2764 3720
3249 1678
4007 4483
56 629
1198 3805
4149 4909
4700 1084
1711 1039
1382 3059
139 4022
3930 1739
454 4535
3272 1483
1097 430
4185 1606
4071 1619
4907 1650
107 1203
3926 4061
4483 3528
2099 1353
1894 3829
4545 4869
2321 470
1594 1113
88 4029
2190 2939
894 3534
2899 2583
2478 4857
3927 10
647 458
3461 3284
4490 4879
429 2842
4009 2935
1718 2943
1117 481
4977 3871
1461 2324
252 131
1400 1023
2452 1757
4161 2896
3332 4753
4746 3028
786 530
2645 3619
3962 3086
269 44
2933 4510
4505 2515
1437 1435
3814 1280
4244 75
4699 866
4805 4822
838 3878
2983 457
3703 4514
2879 1519
2914 792
4248 2499
1235 2181
3930 3931
4202 843
3156 4849
983 208
3154 4197
2967 3209
2348 3320
4469 3548
3613 2120
2006 3417
3781 4431
332 585
2753 1551
4916 1925
906 1180
3570 3172
708 3081
800 1306
263 1517
1032 1823
4976 4659
641 1753
2537 4535
3718 643
1118 3059
4906 4927
3790 2488
2932 2939
876 3449
3689 4669
4408 2195
29 4024
4308 3818
670 663
4458 2666
2203 491
4353 4076
3026 3635
885 3938
24 4557
2351 2046
3760 1497
2040 3554
72 100
1121 2469
1593 3493
2830 544
2198 113
297 4448
550 4817
3745 365
84 1162
3327 3710
3886 2782
4865 4462
419 1430
1236 1952
824 2497
1875 4300
3290 1186
4420 4722
4357 2799
2233 3552
4683 1206
2098 2669
2987 397
959 2334
2813 2637
4177 1901
965 1785
1510 3379
2306 4688
1004 3657
2324 2578
916 2470
1244 4616
4453 3935
4177 2400
4949 4165
3984 419
3422 202
2246 4777
2919 740
1130 1878
3798 1557
3333 4549
2925 4864
4189 1081
3096 267
279 2094
2775 1131
4888 1692
3669 2148
1482 4971
2010 3766
4444 2545
