110 1174 30
494 835 24
250 536 26
877 535 18
971 300 28
537 496 16
377 25 8
526 615 8
64 422 14
1 664 17
577 146 19
452 617 11
944 983 28
386 322 14
778 28 14
724 571 19
404 5 28
404 275 22
152 232 24
493 617 17
990 855 15
832 380 5
915 203 13
615 239 22
674 175 17
338 895 5
102 670 8
270 348 10
571 908 25
806 962 30
77 115 24
524 574 26
801 288 13
922 812 30
148 94 5
149 645 17
361 521 3
315 677 16
563 654 14
883 590 1
608 768 11
847 584 23
589 613 3
677 226 20
736 266 11
901 44 10
970 427 6
517 100 22
630 703 13
683 116 29
978 517 17
477 801 19
25 88 8
374 794 5
290 230 27
581 987 14
869 647 15
518 555 6
388 749 8
378 962 5
604 452 16
220 40 12
375 158 16
292 776 23
563 216 29
758 182 30
679 110 28
421 230 27
181 197 10
871 987 8
971 533 22
591 937 10
382 142 25
339 759 6
868 911 11
780 40 11
804 904 12
973 516 10
598 575 3
105 187 29
462 906 23
829 360 5
803 717 28
277 359 27
734 838 19
588 669 25
879 169 25
918 358 24
586 35 22
704 12 28
685 429 7
931 416 18
298 385 1
623 234 12
426 413 23
951 489 5
450 263 22
797 495 29
789 92 1
864 600 18
289 538 7
167 268 10
666 485 8
332 623 20
702 728 15
174 7 2
204 621 10
403 803 30
603 43 28
792 360 1
687 846 1
768 5
496 451
477 557
228 284
16 103
44 749
817 471
886 124
881 552
956 485
652 481
475 28
490 337
98 902
253 397
380 915
223 439
516 709
523 811
376 41
409 768
877 494
223 435
208 764
636 927
427 260
104 208
910 265
919 733
834 983
900 515
655 277
728 528
721 965
748 936
287 880
171 742
731 415
311 377
695 867
274 771
649 569
814 830
420 182
942 937
119 430
180 102
139 186
924 330
274 786
313 634
490 888
748 717
971 665
435 912
217 938
967 944
872 469
613 164
396 122
859 897
853 205
35 49
113 141
511 924
800 525
172 38
104 190
538 985
225 17
503 31
174 176
808 262
359 37
958 343
937 771
673 527
804 761
227 708
760 537
186 895
911 398
636 641
127 893
381 221
510 263
905 621
19 681
913 907
807 369
805 847
813 182
24 957
555 729
232 478
579 121
590 423
557 797
442 373
187 310
331 570
3 44
321 756
920 991
624 815
803 364
265 112
525 812
119 975
276 179
887 826
109 820
279 765
152 346
38 6
660 870
533 925
880 73
204 923
217 434
769 596
859 833
22 696
128 798
658 930
863 679
558 844
520 683
416 940
528 100
731 45
658 9
387 620
998 270
775 594
250 882
456 997
780 516
887 231
254 370
500 47
615 621
764 928
599 655
416 600
851 38
892 11
657 240
719 115
219 985
981 466
934 826
729 24
247 725
946 620
649 905
186 144
866 585
96 517
539 190
581 87
871 727
373 190
251 197
911 929
39 380
628 309
49 47
372 197
329 822
931 876
150 215
677 558
704 238
619 399
409 60
390 516
175 67
378 423
618 566
575 710
598 856
30 62
154 112
254 748
874 294
930 84
568 75
289 657
823 768
254 395
898 375
491 932
231 865
668 51
190 612
168 907
68 632
672 809
299 940
894 169
495 352
117 922
553 61
741 4
98 263
964 40
417 234
156 631
613 820
760 355
466 503
955 693
731 979
428 248
828 267
706 342
912 919
471 809
843 114
924 67
338 64
330 479
507 133
626 146
189 2
149 248
370 13
788 184
607 283
102 127
421 572
27 875
578 979
191 451
65 997
933 777
931 64
140 492
403 213
477 517
973 25
97 827
372 619
322 678
598 208
282 781
491 474
928 852
125 766
897 289
256 97
845 448
460 454
835 659
430 816
841 367
93 509
962 175
911 301
438 229
853 81
291 781
567 596
606 607
385 402
703 223
617 20
908 188
653 210
480 432
330 860
6 762
377 936
254 121
6 281
599 350
643 330
501 710
1 891
475 663
578 310
499 330
85 994
983 141
819 406
455 402
301 911
186 742
416 827
91 151
589 694
769 492
466 924
844 68
1 316
695 273
307 359
512 667
95 921
979 702
25 195
568 957
338 275
27 507
735 260
992 3
972 606
105 895
80 136
474 187
506 375
958 838
619 923
361 63
725 17
327 950
35 231
236 805
321 506
468 820
87 678
809 930
670 226
996 354
168 526
159 735
310 232
866 425
146 776
468 840
181 277
826 10
789 601
683 836
389 184
664 490
661 183
808 338
613 939
635 771
727 944
909 974
221 354
953 233
906 314
430 402
451 676
792 296
271 382
185 770
885 751
245 727
561 456
884 363
311 837
811 103
873 826
541 600
256 277
297 306
34 244
118 321
555 438
327 15
326 777
797 255
411 639
21 467
127 643
839 351
176 338
916 962
699 14
432 754
864 238
500 396
840 166
772 690
678 559
580 136
566 926
342 511
809 753
488 791
245 681
144 36
313 901
988 203
522 656
724 817
629 829
899 494
442 616
317 367
916 268
509 688
377 599
339 641
722 844
313 435
599 470
489 198
278 194
197 951
656 774
533 698
649 936
625 426
486 327
226 919
818 294
75 479
818 930
365 518
823 798
689 434
562 966
272 533
378 248
277 549
281 830
69 246
801 256
502 817
511 150
401 2
146 322
924 45
395 554
110 29
422 856
788 799
508 31
95 716
723 677
87 647
766 967
404 635
681 759
501 327
500 227
968 378
985 140
399 349
590 27
294 510
333 730
681 115
610 818
447 124
758 815
195 208
963 229
303 569
662 359
514 207
909 864
690 500
351 777
423 452
764 696
256 898
471 532
657 123
631 87
961 36
257 456
960 321
163 602
757 94
119 687
773 368
969 725
406 207
144 252
58 84
797 582
403 391
971 165
444 99
547 601
880 524
48 24
198 797
957 210
274 616
327 529
422 536
940 339
345 635
368 648
994 175
541 735
879 912
303 20
918 412
694 228
148 623
79 215
718 593
218 751
145 525
912 72
653 475
555 680
777 128
549 26
825 217
175 691
809 279
699 658
817 821
194 947
275 840
213 87
955 732
321 394
191 132
921 344
7 835
330 449
88 739
357 68
154 889
107 933
311 139
116 480
752 395
677 383
155 198
172 960
197 796
465 392
238 245
746 684
233 539
436 60
561 340
37 319
61 507
435 595
1 889
942 210
942 515
110 917
568 545
104 629
321 11
824 729
924 98
251 487
615 773
351 110
721 831
618 494
278 479
480 668
185 583
647 139
922 167
386 508
266 180
718 118
608 728
357 782
729 905
569 611
891 730
11 936
767 789
300 657
504 337
896 239
22 909
972 530
166 582
471 150
405 254
401 620
354 7
59 455
669 314
310 361
630 618
42 466
512 127
239 328
879 62
852 451
23 419
291 496
853 76
385 766
299 639
433 970
775 89
565 115
774 376
951 197
306 672
97 870
65 833
440 370
652 718
82 466
507 650
315 50
715 468
54 544
701 947
415 352
86 880
99 334
529 712
265 139
925 848
918 904
384 747
72 94
822 153
670 174
813 746
368 39
417 53
715 649
740 755
723 158
951 903
675 393
229 797
355 325
743 495
152 138
291 839
695 615
180 203
170 242
867 739
827 589
771 37
143 616
682 264
843 367
671 251
798 898
622 284
656 361
800 76
308 544
846 167
810 947
76 773
61 183
360 567
237 318
654 575
389 666
266 545
169 433
639 895
465 869
302 393
22 743
904 510
676 420
22 366
99 625
788 625
774 60
300 742
152 774
720 726
869 448
273 318
595 609
613 261
339 131
243 866
374 220
816 875
304 170
222 729
315 157
730 898
499 830
197 308
572 137
453 888
55 345
305 349
680 278
392 669
268 743
384 493
248 387
794 655
871 924
598 38
59 255
244 71
528 353
49 107
421 578
600 152
410 567
336 977
810 641
709 535
620 245
674 823
774 591
80 316
414 474
326 942
611 528
62 698
395 583
546 63
520 129
107 374
94 516
530 816
371 58
267 70
964 531
578 809
286 384
253 765
822 396
916 130
92 516
42 142
896 132
751 543
292 304
117 440
888 282
464 261
464 96
770 132
426 725
899 789
410 444
728 501
605 790
38 688
942 271
279 971
313 852
609 10
19 557
165 914
71 726
785 598
801 479
169 708
418 464
473 44
215 374
748 845
240 254
886 804
155 135
14 453
529 928
706 767
879 103
372 540
685 355
125 86
721 583
164 976
998 331
45 592
537 971
506 823
895 32
141 206
841 846
289 891
525 385
91 738
883 739
133 278
570 850
715 314
129 812
898 401
90 805
269 231
800 101
815 102
786 223
80 353
20 175
133 712
844 428
349 925
249 502
455 47
940 405
129 431
506 6
831 416
678 615
821 536
765 196
798 636
777 615
255 950
603 185
469 190
309 683
553 235
836 421
612 77
369 785
547 879
967 259
881 356
213 440
741 314
604 727
670 359
112 2
674 361
470 343
562 686
741 897
771 138
565 53
670 105
519 916
341 661
107 414
399 101
643 460
276 782
356 535
287 674
189 236
76 47
237 412
902 468
670 593
471 120
732 278
765 845
125 95
312 366
530 742
901 989
156 276
978 668
724 293
217 577
576 482
928 674
569 922
1000 214
310 759
182 330
207 373
34 7
816 952
934 527
237 391
783 730
727 761
638 596
554 808
558 500
569 950
502 33
595 48
869 260
161 657
551 949
40 264
768 305
296 887
401 726
547 706
182 997
992 458
674 277
292 920
730 123
314 249
206 691
345 766
925 647
981 934
686 718
700 545
492 837
687 512
414 903
603 174
524 217
163 286
752 99
13 585
579 28
196 887
119 831
862 508
262 106
570 490
610 881
572 143
660 87
479 284
287 439
197 187
199 752
894 886
575 166
683 289
875 393
421 745
189 602
735 550
187 191
927 725
827 540
414 592
193 89
657 416
135 244
633 691
104 172
895 292
696 880
53 16
850 240
980 466
478 903
749 144
227 107
254 981
10 81
497 245
100 326
536 86
478 440
667 732
43 589
927 800
399 56
574 261
798 797
939 312
154 744
629 549
329 976
434 404
573 491
803 628
654 621
422 689
646 773
817 581
1 12
928 307
307 418
614 397
202 366
986 649
274 897
792 65
912 759
554 563
792 467
832 293
288 490
527 387
823 453
249 930
814 685
982 258
30 209
909 13
637 766
39 2
847 60
747 4
13 469
396 474
964 640
825 384
626 788
887 618
201 652
661 336
619 372
315 609
427 122
50 213
909 256
630 348
127 444
580 771
541 209
740 126
732 633
115 284
489 505
335 626
125 96
434 569
927 554
62 4
868 534
390 664
147 817
221 368
351 672
837 183
494 532
332 895
650 88
697 912
121 911
523 379
871 873
375 860
112 146
607 177
476 595
272 175
176 794
447 33
838 463
267 654
45 105
224 792
488 329
647 448
769 516
881 880
646 568
595 918
918 798
134 778
988 558
538 356
161 902
127 633
71 96
320 715
897 912
158 378
696 537
505 97
362 334
358 510
794 630
902 88
265 956
799 757
732 65
712 908
52 382
885 899
924 989
889 531
77 284
645 951
323 353
956 13
710 215
55 560
990 561
168 570
726 403
69 110
283 665
184 292
988 723
769 185
939 60
877 754
71 647
261 292
811 47
757 647
547 834
869 328
996 248
814 902
767 374
998 840
393 706
891 706
477 822
901 764
205 268
817 773
515 793
453 716
777 253
137 768
303 473
463 264
790 480
280 314
222 344
434 86
53 381
354 429
573 555
475 896
880 277
924 401
621 787
730 8
123 715
404 962
137 150
613 754
293 185
984 458
875 147
808 363
563 253
952 857
546 295
485 962
218 584
529 31
429 840
252 776
464 594
382 490
102 130
692 151
742 724
860 207
366 399
343 625
187 5
341 635
822 955
733 685
572 663
242 572
107 182
680 677
673 493
324 36
148 960
722 119
668 829
176 60
88 711
822 823
626 204
470 837
953 558
467 866
914 606
920 356
180 637
725 327
570 501
906 813
116 666
382 40
788 112
551 568
846 699
764 665
