20 192 30
565 14 5
911 1 2
603 973 1
116 266 28
646 169 28
911 713 22
692 439 30
825 215 3
914 988 12
568 734 5
714 87 8
689 911 22
136 611 10
837 343 2
251 424 1
977 699 28
697 436 27
842 73 17
96 763 10
952 766 25
72 606
500 492
318 153
107 651
941 411
697 196
904 105
455 78
177 447
587 197
628 35
345 602
34 207
520 87
327 122
805 851
700 522
60 871
210 206
55 673
369 20
270 552
597 4
788 921
672 70
658 351
461 873
448 464
616 325
623 869
215 816
775 153
342 895
834 433
974 227
166 323
576 704
577 676
290 961
449 986
668 688
839 263
493 279
988 534
536 176
27 310
396 502
455 757
673 131
230 954
213 209
16 267
525 625
247 126
431 397
86 44
276 278
298 231
69 13
463 224
124 428
294 863
959 531
684 2
966 350
682 451
329 410
580 815
251 161
448 319
710 667
513 703
227 93
566 948
325 436
69 755
295 510
555 479
302 391
214 140
340 190
249 156
920 52
530 726
311 190
863 805
979 7
207 866
450 344
893 528
396 562
874 607
455 224
914 812
784 940
170 473
551 808
693 916
332 752
784 933
149 394
847 660
333 294
280 935
731 218
147 856
814 677
581 3
459 85
152 434
11 36
736 792
21 776
636 843
147 465
999 902
863 171
972 306
664 565
554 424
27 385
967 874
979 406
59 933
359 731
88 519
817 51
811 53
724 232
18 825
553 786
790 796
481 721
175 897
564 595
849 620
923 750
532 803
701 752
10 358
188 143
460 807
208 406
115 498
16 793
869 180
897 224
614 220
376 759
812 867
152 768
535 628
998 81
825 930
928 680
882 514
307 46
473 213
477 641
377 368
105 623
3 260
436 408
240 133
710 364
788 34
454 152
194 158
2 827
290 75
130 169
525 856
336 513
696 433
519 591
724 369
61 915
222 718
551 524
468 167
945 285
702 40
718 395
876 266
445 614
120 339
149 890
924 839
348 901
41 618
122 135
635 620
