150 1608 30
827 625 3
929 736 6
566 806 4
443 131 23
180 647 12
464 827 9
957 596 9
864 776 8
289 921 24
95 121 13
649 253 21
370 315 6
223 95 22
848 813 9
133 250 30
912 573 18
855 882 6
236 96 5
656 986 20
715 926 15
551 211 16
842 129 10
943 697 28
754 14 10
521 496 10
745 221 25
287 354 10
63 212 13
277 903 7
695 391 7
508 29 19
736 459 5
350 863 27
708 143 5
463 436 19
46 179 29
431 383 21
247 339 30
184 900 8
601 102 28
493 932 22
565 118 14
178 61 26
132 165 12
518 821 4
40 809 13
502 220 25
773 255 25
94 950 28
762 647 18
122 17 20
145 832 1
571 470 13
979 979 8
852 29 26
656 651 27
826 172 29
875 352 29
767 643 27
684 584 16
653 340 5
970 440 3
305 592 2
191 129 28
606 862 30
2 262 3
499 413 2
728 446 18
667 590 17
128 950 9
981 331 12
314 368 26
986 864 17
96 277 3
862 137 13
322 746 27
949 236 16
239 891 28
627 885 14
571 691 24
750 829 17
712 485 28
828 470 24
259 874 14
235 554 22
834 615 23
419 272 4
606 559 8
297 485 16
37 138 3
308 745 19
927 690 29
230 905 6
41 16 1
889 339 3
984 181 11
862 835 5
299 306 10
122 839 7
643 922 16
763 466 19
856 438 20
774 156 23
470 968 2
287 834 22
200 463 1
262 470 6
489 512 15
178 368 26
666 965 30
724 63 3
51 456 28
172 230 22
508 400 18
492 787 21
1000 705 20
739 945 19
236 566 4
923 338 30
488 634 29
372 853 11
892 360 26
481 276 6
446 985 22
737 809 24
745 864 28
175 377 11
659 912 10
19 654 6
296 993 24
322 359 19
121 661 4
894 196 27
254 542 24
138 333 1
881 636 8
44 722 24
926 530 16
400 864 16
40 628 1
108 809 28
928 532 15
51 247 13
226 371 21
738 115 10
923 950 25
986 564 18
757 528 27
24 978 26
928 750 24
205 257
173 826
13 432
60 4
933 436
928 205
874 780
874 427
552 174
150 304
388 384
139 233
29 592
167 713
609 300
184 151
821 531
141 647
735 237
7 172
425 85
827 191
598 467
580 499
173 929
802 791
246 135
440 489
414 821
440 165
866 808
903 68
534 654
724 798
222 544
508 740
283 580
495 289
175 263
854 811
700 785
526 182
367 806
763 154
349 361
172 750
942 794
784 643
892 690
299 417
708 799
624 695
106 890
555 50
805 247
3 596
366 179
428 127
245 128
26 173
723 804
299 99
260 424
539 906
395 609
888 792
147 833
786 177
920 82
803 980
587 341
431 29
567 916
430 581
773 511
96 820
682 940
584 162
489 515
641 214
291 263
345 77
436 522
85 142
910 199
283 844
730 788
880 565
482 751
532 568
721 992
549 546
382 404
756 411
919 870
915 816
924 487
612 495
788 541
674 101
130 681
653 231
635 478
80 823
808 127
926 424
178 577
475 669
84 768
526 716
125 106
322 121
893 823
771 731
302 204
802 897
850 628
559 514
962 230
705 766
138 314
151 667
362 705
151 137
636 40
645 794
937 724
792 265
529 388
630 620
424 213
650 389
753 428
892 459
399 204
453 96
546 588
938 670
637 16
360 458
707 761
610 480
496 429
898 764
294 486
902 793
47 264
957 564
778 542
174 856
139 122
632 47
276 577
920 724
387 428
560 281
874 469
829 200
14 294
522 82
440 829
399 156
717 961
576 474
507 329
160 327
338 749
44 403
394 607
320 38
875 739
152 263
13 171
160 641
785 628
917 526
759 384
632 591
589 166
930 784
192 150
880 558
131 625
611 963
711 779
191 775
733 627
100 290
713 181
379 367
64 30
924 947
5 250
973 474
557 815
797 471
480 60
536 244
576 49
294 388
61 958
690 108
582 412
364 773
754 130
357 409
785 856
511 332
271 612
285 699
411 528
498 185
532 223
872 409
209 734
987 562
540 954
547 183
315 280
518 480
539 855
455 53
38 620
583 189
57 27
325 920
542 846
306 773
494 293
229 542
769 402
471 134
77 539
178 31
740 264
936 493
652 965
713 417
446 151
961 80
547 916
343 189
982 995
876 278
129 890
391 136
96 144
846 876
803 854
553 116
766 372
943 493
541 444
503 887
275 700
151 224
940 804
402 738
363 651
163 561
544 781
259 140
782 769
531 502
977 195
423 662
13 242
779 588
29 520
653 125
983 762
245 504
984 337
565 794
341 618
489 467
802 305
62 816
546 834
535 445
291 981
961 746
506 848
498 482
96 228
335 831
443 279
22 989
955 25
594 951
745 507
768 656
333 130
656 517
2 678
512 239
360 346
365 668
680 533
292 28
662 918
594 682
478 502
538 324
332 881
896 141
356 275
915 353
926 334
278 421
221 896
511 716
814 258
89 466
800 261
725 724
237 426
557 1
392 283
267 558
465 827
296 754
120 51
129 942
453 203
960 892
174 965
727 792
263 440
520 430
710 14
734 828
904 292
611 738
432 69
77 58
807 127
596 577
579 570
777 987
79 480
205 523
964 395
53 587
761 661
282 725
199 549
739 651
109 701
368 967
364 862
80 351
778 154
267 156
322 461
386 658
866 112
360 691
98 636
843 319
161 188
217 293
53 653
1 608
485 134
71 992
727 295
822 121
103 548
215 4
725 972
418 167
287 333
432 774
754 219
681 892
631 886
840 216
621 139
959 143
888 896
634 182
515 700
357 952
909 122
309 368
393 962
611 735
505 152
640 768
71 304
356 643
837 438
696 390
836 857
967 637
440 943
739 201
917 53
575 625
312 772
718 479
355 371
878 468
675 508
201 563
848 219
944 947
153 990
268 23
500 648
92 104
83 978
188 643
148 593
366 817
435 865
434 910
319 774
348 439
524 800
456 453
508 543
486 338
591 363
712 498
952 692
124 907
122 756
666 254
141 7
202 658
879 33
554 47
679 179
487 975
73 348
298 579
585 828
362 570
979 21
300 921
114 940
747 217
268 310
477 774
233 293
16 220
121 66
328 270
160 979
13 157
940 973
734 706
361 111
799 666
34 328
827 546
680 420
703 812
846 665
930 739
33 560
928 902
322 960
236 429
549 269
522 69
224 421
150 996
638 866
568 289
139 686
74 406
375 935
780 890
866 297
265 693
105 752
827 285
337 351
504 462
360 627
130 645
185 705
100 263
994 846
465 8
361 787
871 929
212 105
58 840
694 366
787 407
217 760
623 211
557 908
819 797
886 797
674 473
126 554
444 178
560 565
505 69
607 473
952 375
83 391
173 483
788 287
416 706
253 959
426 931
280 546
956 539
357 181
571 409
734 871
898 553
880 80
771 250
107 657
850 568
651 18
448 383
31 670
721 676
445 815
473 730
236 253
526 878
614 436
667 849
357 680
911 297
265 679
156 495
191 379
101 719
49 499
69 798
980 923
604 477
282 449
350 458
216 974
618 54
681 227
208 501
866 765
995 484
170 348
538 989
228 616
193 124
830 599
14 610
67 151
671 941
75 423
448 861
34 291
639 561
553 778
912 407
467 518
14 387
223 375
170 424
185 375
75 197
63 609
482 990
204 765
910 646
450 2
429 754
20 910
487 259
967 548
292 867
411 370
820 68
230 892
13 387
372 661
179 238
10 643
664 418
386 53
596 722
302 515
331 778
824 699
368 246
684 470
288 599
514 969
668 337
651 281
613 78
771 182
222 100
1000 648
524 448
584 93
553 301
92 636
757 987
673 416
213 215
231 959
695 141
347 238
482 496
683 706
850 27
836 916
502 937
633 362
68 872
320 725
143 734
856 848
661 761
190 571
596 820
880 110
726 673
438 524
492 390
534 950
619 573
16 65
798 517
44 597
657 374
873 342
369 829
536 403
413 563
86 759
387 545
227 699
338 196
935 243
76 310
242 326
715 534
401 28
423 269
687 65
5 398
966 150
904 840
51 292
405 101
417 104
417 960
295 979
589 355
244 170
743 609
102 24
875 81
868 893
378 517
745 228
554 811
501 739
582 232
493 5
891 351
45 760
652 794
624 951
517 106
193 767
665 158
356 129
644 984
352 961
655 873
220 957
328 680
292 956
618 130
150 776
285 285
307 71
958 362
894 8
863 936
69 162
649 287
256 811
743 911
639 863
411 662
27 489
782 274
647 748
817 75
421 289
934 522
486 487
330 928
431 789
609 697
814 555
546 614
871 647
152 66
821 761
145 691
559 802
869 538
146 77
691 486
636 181
724 587
2 873
596 531
723 174
288 333
720 141
611 82
617 2
870 692
916 408
71 153
897 743
464 415
129 778
498 563
318 50
876 417
780 742
7 244
32 315
408 497
148 109
94 789
470 328
397 790
524 287
460 831
686 430
659 332
487 885
381 277
720 212
926 166
683 359
576 762
711 516
925 975
826 190
320 510
898 716
701 974
264 877
574 287
357 248
977 372
731 865
822 24
522 231
79 822
296 619
432 672
976 26
417 512
618 446
139 110
79 806
202 692
511 361
97 182
805 187
870 276
118 528
949 480
837 297
312 867
867 445
76 579
113 5
875 58
817 821
401 127
449 389
153 131
21 544
864 926
729 650
162 631
955 410
667 692
586 766
606 775
916 892
657 249
841 984
748 216
475 109
56 105
787 740
72 748
3 985
540 47
586 682
165 728
62 243
381 487
305 619
658 721
66 6
843 705
459 648
364 127
538 139
184 80
992 183
776 235
643 349
233 438
681 14
665 77
452 790
638 287
265 269
158 719
570 746
443 612
153 292
112 311
358 94
854 271
84 237
466 405
923 308
746 30
618 984
887 585
880 324
72 628
48 519
850 708
346 244
190 795
43 601
831 315
448 585
987 358
664 129
576 976
224 547
232 129
89 299
385 176
34 464
905 640
991 368
10 975
240 993
796 789
274 990
709 521
541 843
494 458
380 858
394 828
100 898
477 278
101 613
431 415
989 95
850 294
137 898
716 500
923 768
510 829
743 262
919 986
243 961
593 849
836 891
393 360
885 464
222 685
545 773
397 895
938 228
331 143
774 460
12 897
975 913
897 380
221 790
572 914
635 931
43 744
231 507
147 610
229 786
129 729
18 903
44 771
671 61
101 800
33 360
538 835
555 422
562 3
830 968
859 540
283 484
48 694
382 578
942 76
433 931
499 726
217 573
22 102
27 424
377 145
484 987
1 29
315 162
775 737
836 681
178 138
794 626
755 722
607 292
319 711
143 225
639 418
277 990
556 743
315 74
543 901
511 443
275 981
329 93
976 575
715 494
370 77
92 17
964 296
998 74
565 708
387 481
330 233
518 769
751 380
212 208
765 960
55 409
177 837
679 650
347 465
392 915
163 579
312 41
277 771
531 958
999 276
656 613
114 902
369 69
896 385
344 87
406 880
285 553
89 350
64 188
60 252
254 856
550 800
975 577
640 105
56 485
9 370
541 89
113 988
841 149
362 305
709 529
95 587
168 66
856 383
502 682
179 656
758 925
566 359
725 801
94 703
530 787
142 192
793 987
428 850
21 95
718 997
973 247
178 186
707 658
163 398
13 142
137 53
282 282
431 949
477 175
607 452
221 501
818 262
248 180
245 791
250 882
58 267
978 527
512 75
14 645
198 870
19 172
947 189
423 919
503 999
954 471
152 179
595 703
935 568
629 734
177 312
870 48
645 867
763 160
294 845
90 169
92 197
375 211
483 173
466 882
853 887
895 639
496 350
259 757
233 493
658 493
637 547
763 882
631 306
195 389
268 269
24 475
910 685
90 705
963 877
135 498
178 518
71 795
864 743
652 19
264 131
450 28
914 56
6 971
50 840
76 540
114 535
620 361
580 477
953 592
26 699
567 392
894 622
727 626
860 127
534 328
316 148
592 464
519 973
898 376
669 548
63 95
297 349
126 36
607 264
404 730
780 55
408 973
75 584
980 15
894 136
713 589
114 845
88 79
338 358
368 817
295 381
798 955
683 381
182 549
830 722
515 184
850 83
785 368
432 835
366 145
685 828
470 135
860 227
828 414
719 235
275 214
862 390
619 644
565 991
153 996
249 880
988 796
173 137
205 327
640 303
41 240
223 931
541 168
590 222
64 61
844 731
950 166
579 364
717 906
195 524
532 772
759 609
515 947
519 1
561 800
703 180
626 340
840 571
563 408
894 588
176 663
53 342
345 384
24 372
246 234
843 709
598 848
756 385
140 583
72 865
955 109
716 319
438 257
51 37
751 888
871 644
131 974
790 253
108 811
672 883
940 507
865 61
575 524
768 631
539 510
472 524
118 287
434 795
546 6
846 679
832 559
999 234
430 396
757 889
84 441
859 403
450 421
640 315
100 539
607 738
591 216
910 186
772 565
632 994
705 964
717 199
817 309
516 959
854 456
473 549
936 518
367 904
102 284
429 580
31 571
279 820
660 897
497 177
959 811
54 9
724 399
851 626
571 174
211 77
308 434
495 772
43 665
180 809
477 633
547 591
457 144
236 581
302 634
95 553
867 910
606 709
318 372
48 774
434 277
750 362
259 765
729 747
292 379
448 156
669 498
592 267
176 170
651 909
495 855
71 356
371 3
484 672
604 994
167 784
233 194
694 723
616 641
920 130
407 206
565 158
791 567
832 966
609 250
393 180
30 310
341 300
832 178
629 255
654 450
783 245
398 303
536 323
352 888
513 640
827 566
793 899
679 493
83 556
336 657
742 634
798 290
824 551
518 496
343 802
918 909
519 354
983 334
803 78
208 937
363 453
829 578
900 55
658 526
320 228
570 141
250 604
291 445
932 35
944 836
343 361
386 921
345 171
852 312
292 374
395 485
909 834
743 198
609 374
262 15
418 349
898 791
38 492
949 692
304 726
560 670
730 890
455 943
802 926
887 115
993 655
280 457
672 836
454 709
121 470
540 483
24 18
67 74
751 978
756 626
459 778
723 790
701 161
629 398
704 225
386 202
129 367
346 321
909 695
963 319
918 704
274 69
258 810
648 935
106 249
68 542
12 25
565 554
290 430
791 443
724 993
680 412
968 399
811 13
374 593
569 713
117 892
804 305
678 951
977 348
173 971
111 808
887 701
536 830
597 524
793 418
232 420
862 161
616 281
359 612
675 689
566 753
97 647
932 991
587 922
705 3
972 617
504 658
110 587
118 409
793 749
967 72
654 138
357 658
340 994
131 60
76 801
552 603
235 826
120 251
33 572
532 952
903 175
141 862
456 776
106 61
365 297
996 181
544 893
119 898
667 37
80 992
485 593
515 699
623 916
923 172
335 988
722 731
921 225
569 716
695 581
811 430
519 886
232 975
177 654
947 887
239 744
530 933
835 64
760 433
486 914
511 623
867 888
641 110
448 356
586 945
783 638
963 227
781 477
366 465
12 2
57 796
189 134
383 60
409 171
936 74
372 904
186 113
975 562
24 951
759 307
958 352
341 130
507 34
15 545
909 458
473 358
970 796
959 12
353 981
707 384
70 253
625 840
804 621
20 612
251 746
308 659
144 942
64 184
238 379
858 755
175 718
32 733
284 896
33 150
481 303
169 315
65 613
387 569
436 685
492 370
729 171
507 213
876 310
349 972
500 937
821 778
296 674
757 882
389 288
463 880
737 300
663 842
239 447
608 978
160 211
677 324
367 901
594 931
888 33
157 222
7 243
973 175
163 767
540 921
241 626
679 53
513 909
893 174
781 618
415 332
708 520
939 902
442 844
826 701
106 78
178 131
7 356
507 819
506 463
676 426
562 821
431 633
32 695
44 132
968 694
491 623
649 58
327 194
616 337
807 157
571 424
482 245
397 896
689 737
842 859
349 382
205 180
897 305
664 26
855 260
959 868
583 110
995 307
992 631
723 660
839 924
337 306
240 680
94 340
207 595
445 752
45 684
175 702
475 749
884 545
102 105
832 590
856 917
153 748
246 869
828 531
287 225
906 133
892 45
897 36
268 397
523 854
333 724
172 410
469 338
878 187
415 426
213 180
531 773
139 13
761 94
578 836
647 838
85 647
387 592
476 408
32 571
295 599
280 200
654 178
60 608
352 621
607 790
721 950
148 104
272 694
22 579
587 472
139 791
279 803
4 950
299 354
943 49
619 366
550 977
361 310
1 239
648 344
601 589
468 858
696 803
399 206
117 617
859 819
105 394
266 391
913 491
826 759
281 541
29 713
6 115
651 286
813 467
899 106
272 984
861 209
512 335
998 775
950 839
669 510
495 949
799 194
532 936
867 726
357 914
85 698
306 933
765 752
399 516
