50 164 30
212 791 4
944 123 2
192 157 10
794 744 2
478 663 6
366 873 4
570 315 3
573 67 9
680 473 4
93 120 2
634 509 6
114 338 5
423 116 9
63 940 1
868 203 3
299 115 10
820 989 7
829 625 10
456 113 1
792 726 2
911 725 5
163 246 6
973 902 4
481 288 8
741 861 2
340 689 1
488 975 3
704 807 2
656 630 2
35 611 1
437 795 4
483 468 6
496 989 9
747 935 8
16 506 8
32 446 10
191 634 5
425 257 2
111 528 5
429 109 9
558 862 2
771 549 1
749 800 6
396 919 5
852 742 5
608 918 7
703 13 4
187 788 4
36 166 2
50 14 9
407 116
186 573
156 568
937 978
563 794
686 556
980 262
382 476
870 251
312 661
80 489
82 636
599 153
209 900
28 226
888 100
800 618
380 294
646 917
939 235
227 112
680 72
328 197
928 320
316 11
886 367
498 567
318 63
422 827
863 123
692 360
829 984
722 368
311 13
65 824
999 810
412 876
85 998
877 76
59 794
440 336
651 719
977 342
875 221
660 463
447 326
450 74
510 144
423 234
94 113
294 24
501 509
878 648
841 502
860 280
206 469
172 970
218 105
992 573
85 754
99 976
605 302
124 242
49 804
705 939
579 594
889 236
595 824
145 652
301 810
588 218
136 910
943 989
728 708
111 608
92 612
790 341
497 546
713 832
947 331
319 204
865 810
116 244
922 970
83 831
246 967
300 721
602 515
182 797
554 99
61 138
631 596
324 594
437 442
610 535
861 419
901 937
866 446
883 786
18 905
781 214
947 553
455 152
166 370
319 921
575 816
141 612
995 271
508 133
313 349
767 392
762 690
798 757
961 880
791 463
198 238
542 56
799 359
500 873
670 114
816 22
526 301
207 58
206 131
553 60
150 226
894 505
791 874
233 688
658 488
727 449
9 575
666 368
558 372
75 879
587 677
686 570
524 509
589 437
190 834
90 380
425 577
800 993
589 933
646 470
284 295
929 722
170 346
5 536
592 821
804 358
313 797
135 745
569 109
40 915
698 610
866 606
233 237
252 520
38 915
761 409
279 73
3 634
407 642
