110 1128 30
3853 899 3
3120 3932 2
1021 1227 17
4795 2290 27
691 548 24
1065 3190 24
3669 3257 4
3310 1031 9
3069 3441 14
327 3489 25
713 4721 18
4221 1107 24
2063 2294 12
2205 2847 19
343 2906 9
1697 3690 15
3981 2940 13
349 4447 29
3294 4772 16
2249 4638 8
2782 2916 29
454 1972 30
4669 76 13
3922 2922 4
81 986 4
1974 3998 15
920 2724 22
582 4196 7
1057 4222 30
3424 4687 30
2562 4817 7
3674 1339 12
4098 545 11
4157 4054 19
4203 707 25
3440 2546 19
4001 1201 30
2047 2391 20
3192 4203 25
4501 581 27
3796 2855 3
3214 880 11
799 206 11
1100 4372 7
4563 2360 11
3259 4658 27
4957 4462 7
3008 2209 9
1110 3033 30
2146 1418 7
1666 1141 27
4911 2478 26
4040 4851 11
3398 1232 18
1102 4998 3
2821 2752 25
257 3528 4
2631 1655 20
3659 1695 16
3570 4526 15
2000 4687 9
2500 2969 17
2967 1606 20
4967 3233 3
1201 1911 14
3193 4681 3
3115 3398 13
2722 1271 18
2936 4320 25
930 2339 15
1498 2114 23
2900 610 24
742 683 26
1358 1353 3
1850 1575 24
514 3517 8
3187 731 27
2332 1970 15
1248 1686 19
4876 201 2
599 3295 13
1203 810 19
2792 3980 23
38 1889 6
2957 220 14
2765 1618 13
4643 4174 1
2066 782 20
1235 1308 25
3699 3889 16
588 185 14
231 94 4
2363 4569 3
837 4525 22
4451 1466 21
3419 4109 19
4001 1403 25
95 3625 11
1867 4643 10
2508 2984 2
230 4577 21
3573 4116 6
3992 3378 26
2880 3740 11
4838 2843 4
4936 1494 7
624 268 15
1042 733 14
2603 1485 17
3294 2610 1
2355 2881
2264 1469
996 1016
4372 3674
3270 3411
4840 438
4361 1422
3160 3306
4109 2900
635 4334
1745 921
4727 503
2926 1725
374 499
645 447
3192 146
932 1851
1434 4859
243 1264
2796 1749
2367 2488
1751 866
1011 4922
1645 718
2006 2539
4732 4850
4774 4327
3669 3014
2934 1789
2868 1519
1350 4323
3222 1695
4699 4085
4579 2552
3354 1860
4455 2305
4461 4065
1064 3536
3381 2164
4198 1130
3492 1633
2854 1394
1980 578
2454 1925
2878 4196
4101 1912
2575 2656
395 1534
2084 3094
186 2195
1404 3058
1111 3068
1603 1677
117 4184
4108 774
3784 4031
858 1697
2665 3237
4598 296
909 2088
2954 3248
2226 2837
4789 4927
1688 4830
4105 4562
3743 2190
4796 452
3182 1978
537 1881
437 1922
146 4986
4868 4817
2359 613
3896 948
639 4907
4344 2766
1784 621
3039 1260
1990 476
3622 1128
369 941
881 717
2290 4834
4706 405
3107 3935
4162 2423
1991 559
714 3563
899 809
3086 3588
4655 3127
1601 4273
4529 154
699 2764
2944 234
4857 3384
4183 3632
4788 2522
3381 4046
1341 4238
1867 4108
719 3586
2811 2285
1126 3988
1895 641
2435 1026
4443 4118
3115 4731
1949 504
4255 1462
4158 4979
1720 1436
3746 1960
205 1525
4410 3719
4825 209
175 2013
127 4501
209 4880
3370 2112
4578 55
4703 4392
749 792
3233 3650
2444 1531
2248 197
2678 1598
2949 772
305 4227
2505 1902
1589 2851
4957 286
4432 1671
3372 2227
4385 4700
2836 3917
634 2987
291 2994
706 2538
640 3482
2486 596
3471 4470
1495 4054
3542 1673
4728 4326
3582 232
826 2626
3349 4779
2111 890
3442 2292
808 4286
2400 4114
1636 3500
3647 4838
1004 597
2228 3113
4975 2261
4031 3787
600 1139
3601 2853
104 2633
2683 3697
3108 3166
2462 4857
3087 2329
4021 21
1965 4626
4638 4639
2173 4653
4697 3752
1938 159
1239 2558
1558 663
387 4647
4854 407
3960 1086
3319 772
3898 2082
3592 2316
324 3033
2583 4657
4093 4054
593 2407
1632 698
3050 869
3766 2829
3452 4981
4893 1021
4038 4248
141 728
2651 1450
906 3152
3818 181
316 2969
951 1945
2111 298
4817 774
2722 2425
1562 1762
4324 1349
323 1356
4139 1558
3059 1034
1388 2734
4526 3048
2134 4521
12 2113
2932 1515
1258 1684
1857 279
455 2938
2515 1024
2835 1252
2527 4923
4713 2636
162 4453
1960 3893
879 2584
1883 3784
3691 1422
2793 2745
1358 2461
3083 4972
2480 1587
663 1979
2641 2316
4901 4843
1553 845
458 3087
1779 3257
2563 894
1701 1449
3409 105
3308 3275
2041 2798
3563 599
3389 2632
4946 2535
2480 2928
3450 1355
3135 3769
1516 4020
2081 1462
180 3364
3411 4251
4997 3297
1201 3684
4171 5
2522 842
4277 469
4194 3306
1826 3085
4622 2057
2277 2720
807 904
1834 1732
2286 4377
3048 4779
1247 1365
2373 2806
3541 1151
3523 4171
2236 3548
2197 2450
4248 4868
3813 2449
1021 3711
1688 1751
2335 2852
1202 3767
3225 1344
4050 670
4639 850
486 4385
3185 558
800 976
4317 4132
249 1712
894 1603
4492 684
1658 1335
3805 1821
822 2765
1795 379
4797 1743
2539 1904
4184 37
4497 2754
2883 1703
1521 1274
4527 4715
771 3213
1242 773
4047 4411
2042 4159
4378 4017
3342 2802
2715 1052
407 4391
2301 1325
313 3136
3528 831
3173 2897
1471 2442
4132 71
2523 4284
2006 3092
1924 1459
4796 2582
3004 2072
1686 4557
2105 4335
3440 3664
4246 3791
954 305
1107 3105
3634 3330
3003 3412
3410 587
667 3931
1116 3569
146 1214
4989 4991
1098 4315
3858 2890
3835 3201
4444 1429
4954 395
1557 1881
1264 3276
2412 1746
3459 2640
4462 3977
3483 211
1120 2713
2792 1434
2403 3533
4878 164
2499 4811
4596 3288
3315 4696
2561 1298
1686 2874
1892 589
1248 1010
1337 4539
2847 3403
2649 2444
3943 4113
198 3342
228 1761
3815 4621
770 4323
3397 4660
4459 1287
508 3524
1147 3343
3121 4708
3411 849
1522 1885
1556 3389
4148 2456
1921 4618
4058 836
4060 1092
619 3057
547 245
4649 2360
726 3727
3285 1011
254 3713
767 1725
1920 655
1717 4969
1637 1839
370 3729
123 260
2397 3511
2073 1021
3802 2389
373 2377
4053 30
457 1550
1633 3509
1998 666
1386 4311
1193 2916
1864 1334
3373 3539
2383 3792
4994 1806
1904 3153
632 3866
2693 2870
3257 564
2886 2726
4822 2885
515 2802
3629 345
4507 1503
4210 3026
3600 1933
4231 3142
1968 1568
1505 3661
1717 1834
3140 1330
3718 3082
282 4261
2102 2843
3470 1796
4452 4036
3781 611
359 2063
4666 4785
4069 4412
1005 2910
1821 1374
3793 4022
1516 3203
1635 3438
4844 4776
1918 4287
2936 3893
2959 3479
24 1326
4907 1987
3810 4949
4081 3055
4578 4772
417 4443
3837 3028
3181 4169
1339 1278
21 4704
3682 3066
3131 1114
4447 4421
1271 4665
3758 1407
4181 1485
2681 1946
902 1856
3650 1888
2124 812
278 228
1199 1810
1233 4872
389 256
3401 1841
3686 583
555 2134
4284 3378
2309 926
3681 928
3353 18
2195 4199
3862 1921
1728 1059
179 928
2665 4808
160 3160
1234 1900
4388 3306
2658 413
2932 3416
2897 3255
1331 4558
1941 2479
4313 4742
57 3834
4656 837
3210 753
3318 1824
2982 1149
2911 1429
2368 84
3488 2628
3458 741
590 4297
1456 1483
425 4585
2772 2126
2110 3792
2677 1423
4467 3094
1619 2032
790 3200
3025 1316
2505 1267
3053 1933
4480 4587
2663 2652
3514 2439
308 4776
3073 3063
1131 3425
3019 4959
4456 4777
1788 1390
3302 461
2627 1279
4944 2933
544 338
2297 449
1778 3406
65 4316
1946 1054
4857 453
1007 3366
1860 3863
1499 975
605 3003
1088 1075
3521 2731
3604 199
4862 2790
3032 3186
4856 4787
3638 1046
2486 3463
3209 4322
2036 1538
1931 4042
1062 3549
923 3983
626 131
3386 1089
304 1578
1273 2985
2073 3257
1481 4378
1369 2678
126 2648
751 2361
1897 2040
3873 4586
2931 4081
2021 924
1658 1251
901 2966
3882 2391
3629 222
899 1719
4035 4058
4326 303
2070 4638
223 4550
1974 1875
1058 366
1264 4308
2050 179
345 1857
3472 4956
4451 4754
3336 2136
3557 4456
4704 3118
1951 3960
2486 2633
3578 2033
1306 104
3195 294
3462 437
179 3981
1561 213
3285 3404
4439 1316
2700 2947
2218 266
2709 3141
935 1456
1580 482
3115 3235
2206 4832
1337 1380
2800 2135
4736 1553
2261 237
3464 3748
694 172
4477 561
3937 2829
1719 1352
230 1858
3645 4789
2770 150
1910 2167
2547 473
4637 1773
1890 2161
4360 443
394 2949
3402 3099
4648 4734
1547 1227
10 442
360 176
2671 2514
121 2951
4644 2045
1563 2628
4940 4732
2665 375
3141 4245
3612 3615
836 4654
1262 166
4658 4130
3382 1384
2750 2220
2775 4787
3916 3095
2774 3361
3259 940
2469 342
2310 4216
772 4548
1198 659
4310 2582
4163 546
2750 875
4995 31
856 3835
4970 2696
4130 1726
3947 1254
1200 3267
4655 1950
932 4250
1494 2918
3245 1385
2233 2313
1097 355
673 2171
2603 2518
684 4790
3092 4542
2994 2350
2597 4731
1884 4729
2003 3828
527 2478
3373 4985
3086 3126
3326 1628
3769 4555
2857 2110
2302 1925
1109 2611
87 4005
359 4143
3729 224
90 3722
4478 1238
3236 4994
1272 1018
1712 4637
2434 2787
342 3030
1201 4440
3068 4765
4453 3140
1209 1764
3946 3395
837 3048
1221 1373
1352 3051
4071 614
1231 4702
1612 135
2769 1766
3865 355
4408 2102
4434 2129
1404 4721
3742 2118
1955 1956
101 116
120 1241
4469 2319
513 4385
1359 2214
2253 4122
2298 2658
4086 221
2586 892
908 2851
372 2005
4141 3993
1234 1862
3734 4167
4396 3102
4468 739
385 911
741 4338
1508 1637
3174 2024
2652 2625
4579 323
1199 3221
2618 3416
4488 1235
4996 1603
3507 835
1967 605
4387 946
3990 4520
1170 2954
4239 2053
450 2877
166 467
1734 382
3740 1861
1722 3437
432 2982
1701 3900
3136 1414
4643 1715
244 1404
1978 4693
3310 4544
3855 2765
3904 4000
1270 717
1046 4412
4503 658
460 232
2946 2001
4966 1344
1134 4799
3671 4877
2664 3356
1246 4094
2017 2488
1970 3310
3367 3094
3293 947
3549 864
2547 112
4420 4380
4807 1684
2389 2349
4103 650
3562 3311
3197 3896
2792 3338
3564 4041
2894 4267
3608 1787
2261 4350
4511 4472
3683 4470
1619 3094
1483 4678
2390 422
2526 4948
1435 2098
1700 4557
3740 2
3111 241
3863 2608
4367 4479
2374 1205
2589 418
1817 200
2258 1355
3597 4986
1516 218
1096 434
4593 1709
1102 107
2784 1972
3291 1814
4561 3785
415 2716
85 4625
2349 2109
66 613
4947 2844
1697 1231
1614 4169
4332 851
4034 4676
1133 3296
248 4084
4162 1280
3996 2709
3514 2612
1490 2866
3208 3491
1508 1451
1270 4418
3632 4274
3761 4931
1963 912
2802 1184
3418 3691
672 2887
3343 4136
2238 3542
4848 4418
3263 336
2513 4000
3988 2727
4362 4151
2468 2007
655 1984
1996 3947
3848 2412
2920 1491
357 3307
4016 1046
3999 1982
109 4278
1519 2402
1983 3533
4851 703
4153 1931
2763 21
2186 1326
1969 524
3618 634
1459 2749
2246 4436
414 126
1261 35
32 4501
4384 4869
4239 4342
2076 2400
667 759
621 4419
2130 3145
3048 3057
461 3012
2606 2267
4141 1853
1017 1568
2384 961
3840 4848
1892 626
1909 1288
4560 4471
1932 3110
1137 4895
3677 4075
3895 520
3648 3278
2590 1973
1318 58
2019 1045
4921 3948
3695 100
2836 2826
3572 2237
2053 1575
564 329
4171 2044
4560 3214
1666 1983
1734 1955
4419 1475
1844 3716
3888 3113
1751 4041
3485 4018
1684 1135
2942 1629
4283 2936
1691 613
4566 4222
1820 2029
3842 3037
2638 1249
2047 4537
2516 3881
2403 251
3182 1842
2195 3031
2018 3227
3928 4953
4387 4140
3155 1043
2966 1454
1949 215
996 2211
2674 3844
4936 1974
4037 1830
4664 2099
2866 4460
4505 201
1820 3963
230 3269
2759 1335
1204 2908
1264 2602
4401 4410
4710 4670
3878 1106
956 3212
1242 1866
3240 1858
4561 3629
296 2255
3615 1124
136 1493
620 3925
1479 2146
1896 3131
2028 4529
3616 3019
280 404
12 4315
2149 1416
4775 3738
4277 2852
2196 3500
1914 3168
4071 4218
4914 2032
3049 1191
1645 1256
3690 2445
3435 3011
4152 1080
1980 45
42 3797
1274 123
623 3609
4012 932
37 2113
3641 2176
1458 4162
4237 612
3604 2206
1938 4114
2729 2014
1504 4133
2334 181
423 4005
942 1344
3471 4158
4390 1204
2740 2101
1229 4440
1758 572
3501 1250
28 3240
2785 677
727 1560
24 350
3080 4899
54 1197
4474 2039
1453 864
13 3809
2061 3301
1021 4035
3112 3680
2049 4064
2498 870
283 2718
1658 829
4170 3829
4735 4935
2725 4424
795 933
885 3156
3089 3938
4225 333
12 2415
4498 86
2554 4388
4645 1190
1347 2352
1816 4450
2275 2098
218 4761
3580 3782
210 4196
2939 2742
2232 3442
3330 2313
4038 2202
1757 104
2463 1701
4014 850
4400 843
4997 1652
2120 1659
2873 1619
1617 3997
2392 2271
296 4224
4964 96
2484 1596
848 3702
1437 4937
4010 3901
4824 2627
2012 66
4960 3375
476 28
1209 1192
1070 4632
78 3559
4173 2296
1729 2990
586 3300
4446 2650
737 3432
4925 1145
2452 2680
2098 4026
4811 1065
2510 2098
2542 3855
135 505
3735 4249
4737 1014
517 3127
4765 77
1783 171
3131 2947
3112 550
3720 4981
2311 2939
3240 2341
847 4074
1429 2258
74 4181
4545 2411
3975 4492
2164 1376
1618 2319
1749 2863
4605 684
2951 1406
3802 1340
3098 844
4801 714
3603 258
2116 4330
2122 2222
3383 1308
4013 1566
2302 3253
2899 2951
1275 1399
4308 4290
1220 667
3137 3563
2920 4828
3531 4636
2453 1983
2298 140
4933 1529
4343 4006
4846 2415
4372 2871
4657 1769
2193 3402
2250 578
4205 4652
4187 3624
3818 2167
4943 2878
4334 2742
4757 1048
1143 297
3554 1933
199 770
3972 1138
802 2161
2657 1860
4743 920
2764 3010
4114 1812
3491 3391
3295 1902
266 1743
2971 4778
2324 4593
2501 4858
2786 1551
4276 236
3629 1258
1335 4970
3629 3651
4161 507
2475 496
1101 4029
4735 1422
1610 1291
2262 942
1263 363
874 4774
3693 732
3687 1633
1548 2503
2268 1377
4136 3106
3478 2010
910 4067
3018 3967
4923 4231
2974 625
3347 3706
4758 4521
964 3966
1385 945
2337 666
3214 2405
2581 1974
3147 4085
551 3911
3654 2279
1677 609
4971 4298
4446 2529
2354 1484
4975 3369
2431 333
2924 1974
1426 489
3783 1872
