120 230 5
859 568 5
330 598 5
134 341 4
472 575 1
663 157 1
821 33 1
801 544 4
321 272 2
446 958 1
618 859 2
201 284 4
539 765 5
63 268 3
936 537 5
132 982 5
621 884 2
943 895 2
816 530 3
463 463 2
985 686 1
103 844 3
834 527 4
486 153 2
551 526 2
225 264 4
955 554 5
389 106 3
373 622 5
278 53 4
983 895 3
69 739 5
91 523 3
782 419 1
821 501 3
762 460 2
707 104 4
357 198 4
146 53 1
774 592 2
886 948 4
901 261 1
742 403 2
311 167 3
212 25 2
128 133 5
540 193 3
957 40 2
333 737 5
579 53 3
213 139 2
787 922 1
997 504 4
554 825 3
281 159 1
944 257 4
327 846 1
193 925 4
934 888 4
900 75 2
140 946 3
299 772 1
726 154 2
608 832 2
767 772 3
384 734 4
579 605 2
184 703 4
67 836 3
409 33 3
59 48 5
962 965 3
458 889 5
967 988 1
155 305 2
575 596 3
944 224 1
160 398 2
220 323 4
394 171 5
98 427 1
145 90 1
894 918 1
932 9 1
639 418 2
451 210 1
380 703 4
583 627 3
544 144 5
456 916 4
211 792 5
51 96 1
574 20 1
639 523 3
91 794 4
395 680 1
872 301 1
808 802 2
534 56 1
267 25 4
498 21 2
510 839 3
455 368 4
14 84 3
931 550 4
913 569 4
435 120 1
795 837 4
795 810 1
370 309 4
697 544 3
626 656 2
442 763 5
173 779 2
65 887 5
695 67 4
486 651 1
20 370 5
248 644 2
649 84 1
628 826 5
998 864
100 949
992 461
544 983
698 18
652 270
217 981
476 654
92 119
558 558
291 853
81 499
162 663
760 966
630 511
844 363
245 450
220 311
410 788
816 692
170 636
910 154
246 235
123 943
797 32
730 176
957 235
463 18
212 220
35 591
229 69
317 100
330 623
302 961
582 407
707 421
701 617
676 147
477 318
604 675
93 455
223 824
903 191
863 250
868 774
416 239
574 498
580 116
383 834
393 863
439 795
213 282
564 19
886 340
74 365
264 264
740 368
534 844
782 74
627 527
14 18
266 977
380 566
196 425
750 187
537 873
554 967
627 177
652 530
968 100
15 152
829 704
163 175
993 625
384 706
440 487
260 145
503 801
980 437
885 273
962 319
730 279
85 645
745 160
813 390
889 752
479 516
480 331
959 583
458 846
751 177
402 483
146 669
706 471
661 950
991 242
404 36
253 698
282 163
452 842
258 126
154 126
950 909
755 157
672 93
870 393
737 318
130 121
996 278
346 313
166 789
182 90
891 889
276 32
657 927
182 674
554 406
145 599
574 527
58 318
592 131
181 852
171 149
685 105
749 726
318 196
856 979
481 365
336 303
306 986
675 56
808 202
828 371
615 528
524 402
706 911
441 593
988 806
50 307
901 177
26 905
14 435
253 822
124 658
262 580
819 852
940 243
319 719
499 139
411 630
777 863
700 812
991 623
930 701
273 381
783 345
677 272
946 683
949 490
291 754
89 68
678 808
992 348
180 944
616 569
793 231
763 232
874 686
402 582
206 129
521 104
968 352
768 663
684 621
127 834
169 41
907 51
332 295
191 444
944 296
434 960
908 562
204 985
517 494
148 399
721 666
109 282
428 466
472 654
79 935
752 83
983 265
826 909
20 309
290 186
108 366
433 334
85 1
73 746
196 999
573 420
833 407
435 85
35 3
846 309
322 98
540 231
401 389
169 441
739 207
845 675
612 848
743 830
29 578
392 809
57 758
663 797
527 978
263 343
182 642
571 98
862 849
441 14
58 149
47 197
778 156
836 313
22 218
342 849
825 560
