40 370 30
233 60 6
48 348 29
347 389 27
169 89 11
162 418 14
63 358 18
115 162 26
125 446 18
409 460 7
290 422 13
485 337 26
485 83 29
288 166 1
410 144 15
468 267 24
92 427 1
40 302 17
6 411 10
297 434 5
52 129 25
343 76 6
196 467 11
295 172 7
238 135 13
231 260 2
359 473 2
313 379 19
214 335 10
444 443 22
468 223 20
163 384 12
223 23 3
351 2 4
433 320 30
161 35 9
117 303 10
355 452 5
174 15 12
97 224 8
500 140 27
484 71
131 102
116 265
183 299
76 143
423 286
461 96
48 43
56 466
68 65
443 116
72 48
202 443
318 251
369 159
300 240
146 463
479 365
179 74
359 345
158 45
138 452
378 124
378 99
199 370
380 449
217 454
389 7
209 399
435 397
186 434
236 336
37 123
132 385
411 485
383 116
231 484
106 376
143 381
342 28
310 38
370 191
43 387
277 173
157 468
9 32
93 282
445 28
361 177
110 287
229 102
274 268
66 127
103 67
260 104
293 241
362 340
325 74
370 202
253 317
65 333
39 265
383 424
210 368
416 193
26 485
169 121
392 449
48 193
280 277
243 255
192 362
255 402
28 27
248 208
139 40
24 161
8 365
384 254
56 121
393 371
190 245
363 434
258 460
181 252
376 362
360 256
146 350
268 149
165 15
290 387
84 114
314 277
438 301
81 306
334 291
159 390
458 128
209 460
229 363
423 448
61 408
231 189
448 40
441 258
25 388
181 144
116 13
484 174
86 326
205 160
113 43
161 402
260 59
384 306
14 366
239 126
235 216
241 121
435 107
125 163
430 463
328 379
493 217
201 60
225 331
73 80
229 267
59 312
368 215
182 86
418 219
147 499
346 87
74 340
453 305
77 276
462 54
457 197
468 303
169 33
451 198
303 443
102 329
123 24
471 249
390 420
25 82
306 239
77 477
489 269
304 177
352 99
15 98
149 354
241 138
304 335
183 162
79 454
484 157
178 6
391 255
254 60
106 441
14 331
419 112
484 195
173 79
499 272
239 352
152 256
469 301
209 238
361 464
218 436
370 344
294 251
94 153
160 431
392 269
246 230
152 479
214 477
336 222
346 103
52 478
114 235
447 365
170 158
429 110
428 204
235 88
134 312
429 403
76 327
12 304
35 2
224 253
425 286
379 216
189 131
404 92
316 330
341 384
337 305
481 321
104 468
413 128
217 429
1 215
113 440
274 471
127 368
277 265
487 241
117 67
456 315
413 118
156 23
447 280
253 58
77 228
375 3
77 416
65 163
88 328
48 361
209 283
105 188
294 25
197 16
109 140
469 496
243 230
256 194
315 440
336 498
251 416
277 283
151 172
10 98
442 252
228 77
354 440
308 277
35 378
143 146
216 97
418 52
305 195
393 91
184 257
233 445
261 107
68 36
78 97
234 476
198 309
144 365
427 396
475 436
292 431
291 210
340 373
411 285
13 240
132 59
276 296
16 161
478 245
422 108
48 404
382 171
458 126
308 339
442 308
149 95
473 489
258 285
424 7
192 311
471 178
125 293
236 84
133 385
55 417
489 243
260 54
225 390
350 207
287 105
155 91
158 53
348 73
494 307
53 26
98 413
11 74
484 87
342 417
413 359
351 341
425 119
144 283
185 208
176 226
329 115
457 177
45 353
257 182
114 294
302 291
30 331
438 81
17 139
447 153
402 382
342 221
130 244
230 342
129 249
316 222
84 250
280 191
82 114
330 179
111 343
232 12
271 3
225 220
266 480
446 499
26 345
191 420
53 453
110 159
494 177
264 215
194 84
249 122
490 61
260 1
470 403
109 176
127 204
239 3
499 446
300 321
2 185
19 262
237 18
81 207
49 372
307 165
150 472
478 34
117 143
399 230
277 468
198 206
480 68
165 282
88 475
478 83
428 358
376 143
243 379
494 269
30 93
252 459
