10 192 30
4728 3672 30
3844 4480 26
2139 982 17
368 2234 17
2903 1210 20
3238 2717 22
3613 581 15
4440 4778 25
1487 4364 5
1023 845 14
2080 1506
2237 714
1833 4942
1325 4454
2409 2068
665 4368
1238 2088
220 1999
4077 1163
4233 627
3136 654
3537 381
2679 4435
266 4638
130 714
921 1405
3806 2574
3516 2721
1443 959
4917 4077
411 203
458 1853
3087 2198
1527 1426
2580 1237
1889 3980
527 2780
3159 484
891 2047
187 1193
299 1606
1194 516
461 1757
2601 4735
2943 2513
2330 4278
1786 326
1827 4253
4971 4776
1402 3087
4815 3104
226 2088
3101 4871
2915 4554
1998 95
1179 3482
4683 4570
4314 98
4578 2046
4830 470
2305 698
4167 218
2033 2181
1772 2401
2601 505
1859 2890
4169 1778
4529 786
444 1731
236 520
1640 751
520 3611
1995 4298
460 797
610 801
3550 1358
4024 1426
4065 1107
1961 4806
661 4281
3202 2064
1913 1080
1336 1330
4909 1446
3642 61
4657 3933
2532 1823
3437 2773
4972 1473
2448 3591
1060 1602
4551 4292
4731 3417
938 4685
2405 1757
4851 3661
4940 1785
2854 1256
3231 1647
2200 4066
3039 2966
883 2273
837 2199
2042 1872
1037 2189
3411 1071
4699 752
846 2922
1419 4968
1512 3951
2391 2515
724 3126
2744 1730
4525 1166
3446 4639
4429 4585
3472 1106
3423 4540
1417 3187
3052 594
2389 4226
198 2968
259 4246
3351 713
1196 2989
700 4653
1790 1030
895 1070
256 2730
4544 1685
1220 1817
3028 3233
3305 844
4604 163
1722 1942
3997 75
1173 2510
2961 403
610 864
4079 3544
1729 1927
4169 4622
1979 3107
4406 4645
3820 2199
4566 4759
1623 1210
4940 4311
3126 3123
897 425
1650 1931
2820 3612
3540 2250
473 2715
2907 1789
316 2877
3187 3119
604 1033
4869 3041
3077 1923
4276 4244
3186 237
573 960
3477 2204
4883 82
3492 1693
1681 2795
3305 2710
2583 3304
4130 4933
2462 1117
1502 3331
3595 4682
2298 1803
3774 1620
4279 4249
1559 1819
2166 1329
3267 3602
4114 3042
2850 2484
3257 1697
321 2714
2812 1383
3775 1221
4129 2936
4254 1509
2185 3242
1820 694
3781 4408
569 2402
1659 1195
2218 3780
4256 4431
2298 141
3024 589
1532 857
465 766
4262 652
556 4272
1095 597
4424 2385
