50 180 30
826 289 3
613 336 9
633 266 9
918 977 5
168 747 10
725 880 2
603 892 2
264 191 9
506 692 2
355 105 8
181 867 10
648 311 1
87 767 3
705 227 1
7 581 6
789 277 8
208 56 2
488 394 1
145 93 2
890 492 8
61 410 6
564 554 5
927 718 6
347 237 3
11 593 5
321 521 6
44 19 9
892 418 10
396 726 5
196 219 3
166 394 4
600 325 1
281 16 8
388 290 5
111 162 5
101 506 4
132 795 9
240 100 8
734 830 2
580 751 3
78 329 10
140 339 3
328 860 8
320 509 8
369 152 9
603 661 1
398 521 7
555 617 8
974 99 2
761 684 4
704 18
376 564
64 720
868 851
726 399
932 921
959 802
858 370
663 292
750 82
532 983
808 112
287 686
662 218
980 473
658 887
697 402
580 417
991 393
538 428
868 401
856 608
284 618
718 48
27 668
727 663
840 65
408 693
757 246
201 270
151 160
832 110
752 496
280 473
940 74
22 899
755 428
325 229
978 91
524 102
890 162
192 40
487 626
42 251
46 354
160 589
513 792
789 148
481 803
945 481
982 300
823 209
533 699
953 317
922 661
750 725
190 330
782 904
100 93
912 197
439 732
358 814
958 789
698 918
158 239
531 418
350 536
603 292
641 135
763 208
712 829
948 876
190 556
274 705
427 666
904 413
403 426
297 140
453 755
685 127
982 823
332 315
825 482
636 745
192 765
590 794
919 256
42 392
801 544
969 628
592 237
738 204
393 347
298 362
440 782
527 232
164 382
433 628
236 344
441 972
360 795
486 626
869 988
233 540
130 304
407 20
328 604
186 911
355 377
103 661
66 951
964 460
467 381
126 93
792 80
850 797
689 249
699 821
813 279
823 507
588 244
532 653
460 632
766 242
570 208
601 16
745 400
764 632
905 981
91 934
27 391
820 564
511 966
18 614
333 480
75 946
78 465
5 629
138 645
423 546
545 335
835 443
989 541
240 759
639 873
661 214
858 309
186 799
359 926
459 196
537 43
839 689
594 581
195 593
199 972
18 598
686 712
537 844
594 447
866 165
396 796
975 757
986 935
297 741
915 818
278 997
559 249
446 952
906 471
395 371
848 8
634 570
837 592
233 258
255 347
737 316
622 971
997 266
917 563
339 259
