90 874 30
408 197 28
381 187 7
300 340 3
13 266 15
375 321 15
227 34 13
292 168 1
351 466 5
322 227 8
241 205 2
29 194 27
366 187 18
58 98 21
112 290 10
147 21 7
70 275 22
361 110 9
67 229 1
174 96 11
218 498 13
12 462 20
120 317 5
191 78 19
269 174 28
77 204 9
445 20 25
145 311 7
123 413 6
135 466 1
422 323 9
481 430 21
362 118 26
281 340 5
416 287 21
407 147 16
9 288 18
147 288 22
156 229 23
267 87 20
93 194 19
190 467 11
332 344 19
127 314 11
17 239 19
70 397 10
98 20 18
138 356 28
10 464 22
427 76 27
168 215 15
483 15 20
203 153 18
316 222 22
55 351 21
493 467 11
93 261 1
321 250 2
65 498 6
195 434 20
433 70 25
135 242 16
430 360 13
33 276 4
398 366 15
401 272 8
462 312 14
200 241 11
267 292 3
256 233 11
87 441 6
276 473 1
239 408 17
121 456 29
412 370 11
32 21 15
338 454 13
425 248 9
7 154 2
83 124 30
460 49 21
331 91 20
328 488 29
435 480 29
263 126 15
76 400 21
204 124 9
320 40 12
190 123 18
187 272 23
292 379 3
183 137
54 179
109 261
291 61
336 342
58 24
452 495
81 19
17 115
426 139
14 499
10 449
439 84
358 494
144 475
469 194
335 412
20 172
306 397
335 315
416 58
173 85
232 279
193 147
415 479
458 315
93 7
290 328
97 260
305 341
221 390
136 127
302 43
305 380
138 472
206 411
77 47
190 324
496 328
83 114
428 364
94 421
410 78
167 423
102 71
260 213
326 186
245 173
139 414
194 48
51 289
333 58
91 96
63 445
263 369
332 162
314 426
309 127
82 368
486 106
485 462
35 176
7 493
163 114
298 418
71 231
324 327
142 389
237 256
124 423
221 83
204 77
293 263
409 176
331 48
295 455
87 41
335 11
436 286
150 371
17 487
135 307
75 12
217 132
14 18
273 288
92 269
176 333
326 347
208 11
412 393
258 409
486 233
498 100
45 102
474 143
20 463
298 359
102 414
270 207
302 303
70 159
111 131
425 332
337 119
279 91
224 161
66 264
336 495
113 282
385 110
53 379
321 263
365 458
62 331
499 187
321 244
83 275
366 349
282 404
85 124
276 349
76 77
369 432
189 314
137 80
446 384
290 292
152 179
149 263
177 317
358 340
101 314
369 87
431 166
115 274
301 342
429 470
381 10
168 72
75 320
194 336
4 142
177 1
286 416
403 113
264 129
86 296
138 217
253 407
133 14
331 308
454 469
177 18
194 38
412 426
102 356
281 324
304 415
255 425
34 393
411 279
124 358
355 415
262 406
32 400
247 280
20 441
322 220
244 371
259 456
271 221
247 101
131 165
376 238
118 192
251 344
448 457
415 415
196 159
486 78
186 227
56 476
86 450
93 177
277 316
186 183
368 294
183 127
352 420
299 469
141 239
438 390
390 499
108 177
142 193
76 134
398 94
308 348
389 163
102 154
447 175
461 295
24 421
87 191
294 51
336 494
210 263
169 488
465 423
219 172
52 159
285 360
61 155
206 282
298 108
273 122
425 324
192 292
77 451
275 196
27 1
319 222
116 241
404 310
89 399
302 495
474 117
283 105
280 412
199 4
24 475
80 132
329 20
203 498
92 401
265 129
141 459
42 347
156 54
42 433
393 19
298 104
103 305
285 295
413 348
39 430
374 471
458 207
432 118
360 81
466 444
145 115
120 1
198 363
337 482
72 342
432 54
167 400
496 93
2 331
95 28
313 421
149 52
361 484
384 236
131 482
26 21
50 313
126 223
382 249
321 144
423 61
229 125
68 191
420 378
414 224
243 437
280 195
149 253
441 382
326 75
83 107
283 35
179 294
232 187
39 404
494 150
368 447
451 134
497 85
389 403
451 460
230 5
166 4
209 253
399 94
238 118
121 368
441 284
401 418
437 281
47 265
316 182
373 49
172 417
459 165
115 404
47 132
404 150
343 473
491 247
434 449
89 160
496 356
361 425
435 290
484 400
314 13
6 156
15 307
213 324
213 70
55 253
275 362
392 431
22 292
397 416
131 395
368 115
458 27
179 401
397 346
91 470
4 276
201 39
194 316
334 85
113 444
380 188
84 87
478 158
160 347
346 347
368 499
396 466
148 5
286 204
429 367
29 267
488 15
488 349
55 262
178 380
142 205
438 165
84 301
49 456
392 34
291 434
273 86
326 250
494 427
73 440
40 324
102 336
384 418
150 494
268 176
274 66
253 191
314 97
28 82
187 118
73 392
227 67
264 332
43 23
264 186
300 209
41 119
448 419
449 413
438 228
497 51
347 282
487 294
199 161
242 46
383 57
230 188
178 39
145 302
330 12
490 82
75 231
242 378
110 35
268 269
410 460
494 29
100 85
332 446
220 3
20 224
296 95
217 263
109 71
325 249
120 284
82 191
344 143
207 436
434 348
187 268
85 328
401 464
77 335
342 304
6 43
228 273
80 133
333 460
485 137
309 435
344 444
198 241
125 344
403 368
327 317
359 246
272 141
155 380
262 308
51 26
195 78
415 103
160 92
291 348
251 441
378 157
298 42
429 321
287 218
373 451
139 195
245 434
319 24
360 87
94 464
428 106
399 346
246 184
344 185
401 219
412 75
461 138
198 85
61 268
441 165
277 210
492 111
13 187
403 417
131 224
331 336
221 247
499 347
57 328
258 260
356 70
41 397
331 194
405 368
454 495
30 443
336 428
66 65
214 271
271 229
295 70
449 18
277 421
382 208
244 164
225 428
343 211
425 499
321 225
312 92
387 139
292 29
315 404
274 153
451 235
61 271
180 284
153 230
251 64
298 169
372 283
238 451
106 158
420 103
88 83
468 389
290 79
293 305
485 493
446 111
2 183
425 417
483 480
295 426
496 438
58 424
413 292
470 361
45 285
67 42
213 111
235 429
180 36
254 429
437 442
193 20
103 406
379 68
18 349
415 209
214 435
281 498
102 112
226 389
159 100
98 73
137 43
425 10
312 412
454 161
446 212
5 177
57 119
285 391
384 385
322 497
402 435
338 370
240 207
414 492
28 283
226 238
251 255
356 282
241 15
265 373
370 269
364 419
144 120
282 204
215 101
289 472
143 162
146 142
248 499
63 171
143 349
267 456
150 280
204 36
419 499
138 168
236 349
480 412
266 35
233 109
194 17
482 168
254 315
63 225
39 280
293 81
189 151
285 380
245 160
464 449
387 432
354 329
484 236
144 342
26 211
127 258
47 202
329 174
446 206
274 53
171 214
124 220
464 255
450 127
172 307
356 366
147 440
238 43
209 260
376 374
162 110
487 466
387 235
121 143
478 9
41 239
144 234
281 167
6 461
60 332
192 332
241 157
406 213
29 205
334 407
497 386
131 213
322 431
287 459
100 242
216 395
333 77
77 226
483 241
407 221
225 281
59 419
466 272
269 430
110 294
388 341
373 397
258 447
284 485
243 247
2 187
304 67
447 476
111 148
191 202
239 415
418 9
360 378
241 51
298 172
483 108
490 423
353 54
181 382
35 177
103 351
464 467
484 63
330 399
500 330
155 90
20 189
467 258
242 139
310 228
81 250
86 453
458 438
71 265
394 36
255 139
323 90
488 120
323 107
17 95
359 101
76 56
11 430
270 149
285 397
16 444
40 500
301 276
14 145
115 96
195 15
1 140
243 292
119 312
393 396
116 35
129 398
326 257
36 105
154 291
328 94
484 439
242 155
431 459
199 157
198 31
274 342
427 434
149 343
281 343
410 42
122 59
363 12
406 165
130 102
85 100
492 267
267 452
458 60
316 27
258 145
256 481
247 208
332 311
299 286
114 86
359 168
398 62
475 113
490 5
162 393
355 276
314 137
253 454
457 338
68 22
360 487
278 245
202 96
18 467
296 426
57 63
248 116
153 81
172 389
118 294
24 225
43 151
359 400
452 119
146 183
257 208
497 318
308 160
15 129
53 89
21 195
115 427
328 500
163 495
288 230
142 146
415 286
428 254
282 47
409 217
203 400
139 374
191 332
51 367
474 114
473 81
162 10
76 248
245 110
333 28
248 12
96 219
336 487
103 194
112 336
422 442
475 107
175 426
275 130
333 141
332 271
215 159
26 151
399 138
45 407
465 429
487 224
227 413
272 11
388 493
148 378
151 66
186 36
201 267
53 401
50 476
408 345
114 318
62 98
94 341
238 82
102 344
233 207
490 158
75 364
475 449
444 109
203 24
322 289
21 14
54 458
175 231
384 415
255 344
465 199
191 496
259 255
471 75
47 22
330 51
47 380
250 381
419 131
108 481
220 31
271 405
311 446
65 500
300 365
45 206
327 89
70 4
325 111
349 445
480 423
341 380
430 285
383 354
434 71
366 390
359 250
483 415
441 137
278 254
383 316
63 67
461 401
201 466
54 288
340 356
239 267
13 373
32 14
130 146
312 137
273 123
11 138
102 307
254 458
488 49
397 242
389 438
459 93
394 317
196 55
385 184
47 247
165 489
26 180
374 81
237 251
420 443
