50 260 30
154 3393 15
1398 3270 16
2142 4963 5
591 4030 19
4557 4836 11
795 786 18
4609 3290 25
4653 1242 12
2200 1014 19
3675 432 20
4005 3679 21
4831 2342 7
4413 1247 14
187 1261 3
2400 2500 28
1496 3947 21
344 1534 26
2853 1230 2
2650 664 27
3057 4949 17
3302 3467 30
3036 2500 5
4454 3078 30
4558 602 27
4854 3113 30
2407 2216 29
3835 1978 17
117 1384 6
3880 1660 10
754 3459 14
3985 3562 27
3607 1799 11
1741 4040 9
2604 4745 18
571 2827 14
2464 3279 15
191 4739 7
479 4715 25
4903 1821 16
856 3069 10
4034 1227 15
3013 1453 9
1167 3935 5
2416 4411 6
217 825 22
829 9 4
4134 1409 8
1591 632 11
4036 4411 14
126 703 7
1293 4452
2022 1532
1197 1931
2607 525
2625 1138
2154 3011
928 3812
1125 2937
561 3678
2198 1745
4409 2706
2369 4726
2268 2591
1746 194
4296 470
3140 555
2344 339
1831 2670
677 1182
2052 2372
4503 4500
3624 719
3292 939
3137 2396
155 644
3561 3577
2130 1156
3990 3480
466 1156
305 811
4907 4521
461 3688
4668 4391
2408 311
4658 4174
1691 4051
4219 2213
3599 3410
1234 3850
3952 1642
355 4992
854 1871
2003 3745
1571 1811
3603 2596
772 2503
3119 2283
2498 796
2239 3552
2353 2830
381 310
2388 1449
3907 2174
4976 4795
980 3733
1942 2501
74 4151
4022 2350
848 2230
3591 3518
222 2163
4798 213
3422 4250
3561 3622
615 1402
3703 2832
883 3975
4829 3065
3907 645
4473 4776
1542 1017
1089 1000
1627 4696
2534 1654
4622 4495
3079 755
246 2164
492 446
2194 983
3844 1540
1045 2181
4678 4582
1515 3344
1679 2975
950 1215
1521 2622
1904 4687
150 3552
299 889
4797 1394
4409 4346
4689 3678
315 83
962 718
3141 4612
1062 3410
3186 3458
4472 2343
1693 627
1137 4369
2411 2311
2034 3448
1633 3980
907 1592
187 146
1911 3073
3784 3600
2646 4208
2138 2022
3014 4582
2629 901
2778 2009
3880 1676
2720 351
1515 2161
903 4702
3766 4880
1988 1747
1040 2329
1743 4753
2250 3516
394 3210
1073 501
2589 191
1844 1740
1082 1617
4009 3835
389 1001
866 2047
2794 2322
2736 3538
4955 1402
3503 2811
2461 603
3157 2490
3969 3031
1887 3663
2637 4142
313 1944
776 2101
2126 2945
2749 793
972 659
2569 3931
3041 4668
4777 2152
4371 1676
1644 4180
3074 1091
2792 3973
4736 626
1145 3139
2200 4626
3959 3216
1067 2000
3360 2280
1159 2045
1262 4976
1864 3610
3085 2148
3155 4459
3879 2739
2722 691
4442 616
2272 1637
1761 2279
134 1532
3784 4874
3390 2464
2126 4395
2496 4696
3776 734
3223 4597
2734 3627
3457 119
594 237
2749 4151
59 4685
3174 919
3775 196
142 2409
2334 1729
3423 4057
2259 2194
1271 571
4332 1071
2076 2090
489 3658
2544 333
2402 1160
3400 3709
3936 3390
4038 1810
3773 3369
511 4055
1225 985
1660 2111
4012 889
3261 2438
269 167
4343 4156
4455 3323
2779 4277
2881 3822
4883 4718
4266 4405
926 1967
2800 773
1093 1056
886 284
385 1674
2705 86
4117 2823
3187 3386
3583 800
3642 1313
1585 3330
110 4554
453 4419
4926 1835
1850 3461
4254 1576
3387 3284
3307 1592
2098 1810
2186 4191
2361 371
2508 2653
3465 1879
4919 520
250 2232
337 24
2122 158
3777 3646
4473 1138
3975 1826
4233 989
1624 3298
94 1455
2057 41
1563 3246
123 4787
683 4125
862 275
3642 1246
4030 3288
3623 2303
2136 2017
3309 46
1148 638
3964 2703
2825 836
2039 2566
4872 167
3381 24
2057 979
4346 4659
901 3660
2039 4291
1794 3628
