110 1216 30
73 88 29
923 40 20
245 195 23
785 627 27
2 370 25
162 338 11
653 426 6
851 589 14
615 512 20
37 992 25
102 433 12
143 847 26
96 816 8
962 774 29
839 857 18
816 615 9
469 851 3
987 755 19
136 794 19
343 206 6
960 676 22
843 741 11
331 15 19
875 575 21
80 797 4
307 422 20
289 635 16
289 21 6
196 671 6
159 703 21
607 852 18
449 326 16
68 95 13
363 885 21
183 808 26
581 931 12
727 612 10
164 713 13
272 637 25
58 158 5
67 560 11
859 428 23
279 283 2
497 381 10
655 782 26
801 636 30
151 691 6
78 783 29
776 393 29
235 512 6
208 448 11
715 373 13
507 808 4
206 508 16
789 324 20
881 634 10
361 247 18
147 660 21
493 839 12
127 877 2
712 36 27
52 711 1
98 62 21
244 431 19
847 378 29
724 925 9
31 715 29
590 684 13
89 189 19
519 526 8
226 237 2
46 97 6
209 922 17
993 847 1
89 359 11
781 576 30
952 554 25
212 587 21
487 761 8
711 974 3
83 289 27
226 475 29
190 682 14
35 306 25
105 972 29
979 854 6
325 257 11
202 655 22
858 637 23
905 218 29
921 782 25
177 987 17
973 416 19
623 132 17
289 39 30
248 666 14
957 45 23
49 727 29
170 779 16
617 917 3
302 890 24
862 285 10
869 415 23
8 557 13
797 573 15
700 550 7
63 255 24
39 938 2
279 368 29
743 47 14
648 680
512 833
697 604
466 404
918 909
898 853
599 127
859 351
175 715
498 561
960 433
343 242
369 730
321 794
360 646
632 609
119 804
906 749
929 945
191 73
284 106
927 339
896 352
284 268
458 825
449 745
60 742
60 572
773 124
134 364
595 35
293 249
172 373
381 622
899 861
287 548
718 723
448 425
656 114
869 345
324 858
256 909
223 933
730 319
908 212
387 203
386 83
594 153
777 18
748 571
954 878
875 589
788 895
318 426
769 484
475 883
897 887
848 819
582 226
272 883
83 899
917 367
23 648
174 915
302 515
820 396
89 732
1 103
672 918
983 142
580 774
130 297
157 634
24 212
945 551
867 550
758 740
692 488
23 287
495 251
786 413
45 344
837 40
71 76
581 812
371 62
879 608
129 668
871 419
447 943
331 429
579 426
832 268
67 424
345 997
488 822
558 875
186 193
964 217
543 621
22 598
326 530
419 711
437 343
556 896
107 204
186 252
224 978
805 85
842 968
327 273
975 623
845 414
45 80
180 680
677 743
194 340
973 566
696 742
857 308
962 848
31 726
938 256
673 558
232 668
890 785
400 595
317 88
677 125
983 119
667 667
570 173
83 338
162 676
605 991
909 737
24 554
393 671
891 728
679 150
920 242
862 1
48 924
708 541
434 233
984 16
382 523
210 876
583 448
55 927
892 61
261 121
468 964
984 174
458 339
607 724
376 192
98 785
996 894
527 622
838 439
698 53
601 742
535 835
240 520
224 178
826 180
87 763
15 144
462 427
631 657
160 558
129 414
712 445
796 275
347 30
48 907
424 145
648 729
47 70
387 45
876 214
798 75
399 74
528 448
712 20
514 469
898 980
892 653
612 5
125 433
287 218
688 702
9 505
147 869
198 613
839 106
265 13
402 993
85 208
617 317
805 468
181 167
966 241
115 349
259 492
180 308
341 315
711 902
608 675
437 915
576 92
991 24
342 883
580 136
279 271
85 65
665 435
732 73
33 311
793 891
124 551
433 84
171 559
103 631
45 607
17 494
214 357
844 368
61 74
14 244
544 983
537 401
353 568
831 163
850 28
202 870
972 244
1 624
908 225
457 414
709 721
299 345
777 639
307 402
944 7
669 601
788 17
352 252
831 699
335 881
166 325
442 470
701 135
495 74
273 403
381 369
150 619
379 876
866 569
965 730
15 891
759 56
921 243
465 413
569 82
721 671
708 237
377 635
160 170
203 810
836 465
118 70
144 400
1 114
430 763
664 332
782 669
970 394
489 154
663 933
229 462
482 987
285 988
219 933
832 201
723 657
68 4
707 268
718 937
405 356
976 671
547 305
174 935
461 195
67 963
807 752
633 1000
154 668
757 351
298 597
916 165
967 242
928 838
14 397
393 66
861 21
704 229
809 886
157 941
44 424
663 248
222 377
207 520
291 625
732 266
772 422
621 798
476 303
445 101
809 467
936 218
773 104
630 201
547 763
7 198
148 689
688 442
413 862
326 885
848 196
852 591
284 915
747 199
124 793
367 192
280 287
155 953
546 303
325 243
680 388
43 548
307 805
72 405
788 14
637 446
623 923
398 382
726 184
415 995
47 245
922 444
389 781
707 886
175 273
852 498
585 656
12 724
937 270
563 47
261 101
831 729
798 119
245 295
868 677
719 992
684 772
189 164
293 457
518 644
757 107
216 622
381 779
817 116
860 612
307 25
461 60
606 158
219 714
359 779
301 999
847 77
891 48
34 234
218 534
160 883
551 815
1000 878
217 695
996 766
11 111
340 275
858 303
889 541
884 445
2 747
335 436
426 587
750 160
896 679
189 883
655 700
383 365
490 714
724 164
325 274
304 446
610 755
917 429
161 582
68 284
755 768
738 843
679 142
217 431
248 848
336 618
662 737
284 396
125 760
995 801
579 308
313 513
432 445
257 510
212 79
591 544
225 168
162 77
894 356
499 425
178 519
508 563
876 279
573 327
33 705
29 795
163 33
701 348
795 621
703 974
711 231
860 451
916 713
978 1
331 482
868 237
40 750
274 185
915 529
645 805
428 924
547 572
321 604
103 377
826 97
781 978
456 843
520 479
38 386
474 238
810 975
868 539
747 248
411 857
468 552
294 332
363 203
617 421
587 700
309 36
303 767
662 546
4 660
78 8
822 778
684 298
859 55
831 775
902 688
323 677
270 134
985 349
461 268
39 923
362 378
455 751
104 591
491 823
693 471
905 891
458 473
25 695
84 777
113 89
231 645
546 411
497 21
830 484
813 575
397 848
153 187
195 820
528 628
267 337
770 427
466 274
351 569
866 615
348 153
281 25
231 379
632 598
314 887
105 686
797 415
721 983
185 294
618 332
664 286
226 41
623 566
564 893
81 723
616 59
1 360
894 805
210 103
206 828
571 882
416 617
912 318
632 300
786 37
527 701
808 345
206 474
664 987
742 572
5 866
130 3
31 627
773 293
334 485
124 45
736 934
434 210
454 195
798 137
185 521
975 552
584 763
406 512
813 158
577 34
429 371
637 886
548 512
426 12
252 852
770 814
458 274
764 135
88 372
455 871
735 497
291 786
802 834
622 124
102 304
633 236
527 691
97 43
384 767
930 416
2 555
416 687
909 718
324 440
37 53
996 304
613 401
765 630
158 133
102 470
857 684
264 667
544 521
693 752
230 698
83 592
857 380
658 645
970 159
421 367
796 198
307 450
99 694
985 99
277 329
760 963
232 293
222 418
501 563
437 528
464 79
691 211
719 579
989 538
500 605
764 78
367 835
564 426
822 24
995 851
302 989
183 635
21 405
121 945
417 156
34 602
690 936
279 953
372 413
30 808
577 10
993 503
301 70
36 684
23 96
143 768
825 892
345 386
978 160
833 364
487 79
24 391
458 924
896 155
447 907
581 105
63 524
132 14
34 951
775 736
505 249
469 900
500 962
504 745
65 78
768 952
574 924
189 591
281 248
811 60
995 132
896 848
521 178
780 390
259 537
460 396
972 232
983 576
583 226
392 284
884 150
862 896
961 110
714 469
413 683
413 425
556 608
992 880
199 136
468 286
231 170
143 883
813 992
670 631
238 264
574 920
868 509
56 266
258 219
654 683
761 655
879 749
378 447
17 536
885 703
250 767
538 560
754 79
481 780
976 646
410 240
845 713
357 903
582 906
108 337
510 688
250 94
10 982
318 698
407 976
679 377
729 822
61 581
874 201
384 952
979 476
454 336
993 540
484 444
628 484
362 507
955 799
242 810
506 84
847 109
298 201
675 294
988 42
686 615
233 719
917 619
835 781
155 509
993 846
667 481
551 186
218 902
919 625
350 460
176 230
913 249
917 314
769 997
417 188
802 255
331 327
1000 264
39 899
803 262
668 953
172 188
990 953
321 754
400 917
759 679
700 330
499 364
311 817
175 69
256 739
101 182
577 860
757 596
562 913
120 173
861 951
882 715
193 207
958 912
353 767
737 70
612 34
618 420
419 407
292 403
396 256
729 301
337 850
97 757
209 640
922 46
308 13
713 631
618 729
34 640
876 656
920 697
494 348
319 377
901 445
328 580
43 543
437 790
288 168
981 435
562 974
558 760
751 934
609 469
535 338
102 181
939 779
461 43
66 122
618 675
668 332
973 633
613 424
25 907
53 231
864 305
17 707
875 736
403 752
259 822
422 736
429 154
465 104
525 42
17 671
894 87
965 751
569 880
430 335
675 540
351 944
588 730
251 845
230 50
229 271
664 849
798 385
443 935
378 13
686 100
867 253
316 401
997 712
79 957
640 689
307 676
819 959
177 650
764 805
614 759
973 312
767 184
318 173
245 63
61 911
413 231
180 483
506 598
713 706
665 672
475 145
879 19
490 774
395 547
983 834
989 851
413 647
564 1000
687 422
456 658
862 468
208 202
103 695
243 350
871 773
855 707
616 508
386 86
741 366
219 988
504 251
45 265
772 438
174 699
390 951
584 492
784 829
194 334
91 168
504 777
936 259
221 465
291 90
134 217
471 489
515 365
908 824
359 931
817 308
497 222
99 566
77 653
165 118
377 841
895 455
798 397
478 838
624 454
637 88
365 376
653 571
575 467
262 455
290 424
971 253
155 388
706 430
419 917
274 931
941 272
11 153
130 417
18 972
147 70
874 759
613 611
819 600
853 275
987 118
853 874
422 774
276 512
447 616
513 377
926 684
388 729
290 306
522 230
596 171
183 113
550 852
600 401
865 771
177 916
306 792
472 783
403 261
795 232
683 63
179 306
387 423
433 814
709 806
966 944
10 368
762 601
927 543
263 519
125 459
732 401
54 616
296 277
230 252
923 891
101 782
97 859
621 705
805 936
437 490
239 408
519 58
501 394
607 208
869 961
17 423
752 617
286 951
679 572
909 653
86 375
21 92
634 193
723 605
142 199
868 802
586 299
293 385
518 972
90 780
546 479
792 181
954 71
15 324
885 885
868 159
378 635
323 579
795 697
556 965
9 779
373 460
584 665
623 778
140 294
102 995
753 776
719 441
556 406
193 764
139 164
201 78
989 181
331 484
946 88
873 600
518 336
19 874
400 805
632 932
563 632
466 609
489 838
481 714
205 274
720 424
338 68
488 194
308 986
836 250
406 888
277 418
505 428
676 11
806 553
760 184
934 293
552 624
571 224
304 239
239 31
93 49
682 757
729 828
464 585
162 24
816 95
414 933
429 639
910 476
817 850
981 959
928 352
90 763
24 814
611 364
5 378
863 234
672 286
355 922
551 528
935 368
656 227
551 523
615 355
291 133
218 542
87 978
653 921
700 892
677 239
387 733
965 116
708 154
114 908
718 993
757 66
790 682
793 938
171 3
766 519
42 376
722 791
974 639
1000 555
892 340
77 302
35 922
604 767
789 652
132 401
596 320
599 658
978 971
590 527
874 525
993 287
147 836
749 848
394 175
533 461
863 221
538 441
818 976
39 717
902 210
308 812
260 2
443 522
916 155
760 371
408 777
792 423
154 1000
581 744
594 560
750 588
145 521
695 370
823 586
461 401
205 532
159 575
195 156
913 382
725 997
807 834
622 329
248 483
62 577
875 850
465 118
967 301
11 714
35 11
395 430
911 152
113 612
905 86
73 887
201 65
716 524
628 3
783 234
618 307
329 367
542 352
229 322
394 28
980 108
965 590
631 536
149 448
348 754
496 97
1000 317
596 601
172 633
896 919
141 961
43 538
258 612
707 716
732 816
503 774
675 97
475 300
982 367
772 197
702 392
736 260
727 794
463 2
798 162
994 950
535 155
598 813
566 82
383 804
684 510
219 935
657 659
208 713
734 479
482 487
187 557
997 370
830 491
987 804
174 244
188 244
212 291
60 704
794 285
345 157
774 758
681 624
421 25
283 976
546 465
914 682
974 97
367 798
503 746
112 591
656 389
175 282
559 507
125 371
676 614
951 325
948 297
399 742
144 602
396 475
617 249
552 784
138 368
483 336
903 358
578 115
604 219
986 606
895 50
666 586
635 969
574 692
