60 652 30
1871 4013 25
1776 2810 15
3524 398 25
536 3320 18
486 103 19
2045 4687 10
299 2639 3
1562 302 5
4743 1594 4
98 1390 11
1719 4185 15
1926 1340 9
3608 3713 13
682 2234 22
3418 4463 21
3621 4761 30
4466 2775 17
4135 1921 4
3749 620 23
4034 4386 14
4538 4011 13
1006 3968 23
4796 4762 20
4311 2585 18
1100 176 12
574 888 16
3810 2270 19
4079 2842 17
496 3504 13
2213 3783 23
2556 4795 30
800 492 30
4599 2017 2
2530 1086 8
2733 3767 1
4837 1531 14
415 3108 21
4334 79 1
681 2042 21
1009 2706 3
2977 902 9
1476 3257 6
1389 4308 20
264 1761 16
19 3207 19
383 3999 23
2863 2270 12
3577 79 25
269 3610 18
4197 1237 5
3158 3768 18
4852 497 20
4114 2443 13
709 3916 26
1434 2213 22
3905 1149 19
4916 4761 16
1268 2158 30
2009 3825 25
377 1915 27
2813 2162
1394 1014
4546 2989
4070 2124
1961 2281
253 1606
443 4355
114 73
3764 2136
1578 680
2295 3698
1825 2157
3178 2659
1997 1130
3886 4880
2825 1773
2010 733
4632 4214
3321 3527
2590 108
4524 763
2744 3046
1905 4511
3792 1628
1966 4433
476 1653
584 3129
3735 1994
3772 250
4359 2339
1800 3582
3657 2634
2242 2442
4038 2760
3918 2784
2945 888
4889 4591
4014 1808
3339 973
3072 2397
2660 2503
4489 2614
3021 3862
4806 2174
1021 4916
2874 710
354 104
76 3871
1102 2205
2080 1113
1384 510
282 4919
1149 2100
249 1516
4878 4464
3045 1329
1069 3922
2127 2155
3034 2488
1700 3263
4498 1046
840 2409
2363 4144
1254 144
3416 2473
4650 3961
61 219
1012 666
1153 529
4560 3185
1228 2938
3568 3934
1824 4731
4695 1877
1862 2190
2570 2653
2932 329
1452 1286
4944 3008
1950 2671
3006 1457
2942 2519
4024 2293
2873 2352
3901 1816
3865 3603
426 4848
544 2445
1738 1112
4749 1468
4141 141
2619 2485
2598 1598
4350 4092
4408 1105
1715 4574
1537 503
3491 634
1735 3655
1287 3400
4256 818
981 1347
557 2008
4865 3805
1056 2880
2079 908
1261 4766
4704 2859
4946 1756
2192 3171
3651 2565
3986 2665
3062 1211
4410 4414
1804 4508
2239 328
1311 1066
2466 1451
1768 367
1995 1501
3404 3415
1243 4021
3495 562
1065 802
1039 4822
3724 3055
1075 810
1793 553
4477 2093
611 3535
1177 1966
2016 713
3457 3878
2349 4461
4697 3154
3366 2520
4271 4947
3234 1471
2903 3067
3156 1527
3995 52
2665 1545
1054 4440
1620 1418
1614 1554
3421 3602
820 160
4874 406
3620 2249
4389 3808
71 1184
1501 2761
1872 286
202 2749
4541 2708
4432 4842
3160 2347
4150 2939
3436 1873
3017 3508
1428 3230
1060 1995
2785 3352
2006 2227
613 4347
4488 4877
63 3525
1924 516
4607 1199
453 379
4951 1636
3631 1510
4749 2307
2121 596
583 1992
424 1272
4381 1425
4680 424
1960 1313
3423 4931
2540 1247
4111 194
3742 2405
4659 281
2886 4418
50 598
814 1768
2475 4467
2121 1769
3896 3835
1659 618
453 3845
3600 2715
1512 4841
4074 1432
4839 2337
2782 4994
4315 802
1231 1688
2615 2574
2737 3900
3485 4675
4876 1870
4606 203
2429 478
721 1124
2763 2237
3876 3913
205 1628
2010 4278
1861 4974
1204 1873
2231 1141
4780 4747
225 3262
4224 1384
4082 2685
2721 4882
4781 214
1727 4302
4480 61
3896 2377
1985 4938
4070 4933
2766 4005
978 2560
1803 847
4374 333
4034 729
2010 4809
3864 15
445 1030
4199 226
4910 2230
4085 1950
4037 2978
4164 4738
1025 617
4727 2700
3036 3863
801 388
4426 3253
1634 1472
1530 1076
3830 3250
2397 2869
855 21
1730 4062
4221 833
486 2293
187 4532
4708 1337
1840 4523
2638 3772
3787 264
2503 4815
2522 1647
1504 2716
4246 2800
4425 4779
4166 2219
3043 2808
1184 374
2852 743
1724 4429
2827 2309
3846 4105
2800 2462
2588 2633
926 1779
4553 32
4436 2969
3547 1825
65 4906
4999 3476
2099 1227
2316 3132
4045 2334
4340 3902
277 116
1235 2545
335 181
3450 4825
2382 72
1755 140
2989 3811
2390 4521
402 807
3352 2405
1540 2430
4247 4762
696 1100
4974 3605
4047 3817
3573 2345
3638 2984
4033 976
4250 2235
3980 1495
2993 3614
981 1540
2051 1563
1417 4689
669 1505
2890 3230
2369 555
806 4070
3809 1703
4750 2301
352 4949
3072 3711
3073 1693
2027 2173
2138 1111
4670 2812
1138 1974
4346 3111
4440 4853
4435 2302
1693 4153
427 2614
751 65
59 2554
1197 3466
4886 2594
3049 2162
2497 2120
4855 4718
4640 544
4723 1932
1081 3780
2554 3277
4287 3281
3057 1107
1787 1560
4481 4689
1613 1230
4135 2892
4128 861
2516 2657
1486 362
79 2241
3477 2259
4733 4922
1204 4714
1530 581
1690 1541
4845 2343
3016 2230
228 2360
730 4251
116 1290
4885 1650
3390 2727
4800 395
1719 3224
94 4668
459 4910
3646 366
4705 3156
4828 696
938 1835
3713 11
4477 2497
4746 2051
4915 3158
1047 484
867 3427
3085 4859
723 1671
1597 3134
2568 208
1599 2725
3971 1772
3862 1287
2254 128
387 3316
43 1975
4741 184
4333 745
2520 3720
2616 91
3954 4427
3525 1053
691 4539
2175 1827
4250 1254
3924 1649
832 2122
3406 3842
3815 1283
275 1440
1572 3777
490 1550
1781 382
12 1353
4759 2718
481 911
1830 4216
3045 3219
322 4535
133 246
3916 1784
4337 1590
3177 495
1215 3184
3294 4577
3608 997
158 4433
1040 3262
3974 2601
16 4715
159 465
2130 253
2904 3707
4117 4161
829 4278
4253 3743
934 129
2269 2955
4496 1330
402 3271
4719 4347
1528 1103
917 2164
4601 2799
3489 4686
1018 4948
1976 3818
1118 4664
1589 4429
953 3704
4522 4079
2196 597
869 715
4911 1632
3781 287
1481 1652
4685 4283
886 4653
3966 1528
2940 2196
2823 773
1534 2974
2066 804
2112 1187
4643 3539
2558 1736
4818 4304
2248 3687
2876 1903
2746 3544
2134 2520
4398 33
1253 4217
2131 2484
2763 1123
1411 2263
4740 560
3148 3517
3002 2434
2799 1236
1347 4056
4201 450
1491 157
815 3942
3909 1077
492 1387
2214 926
3112 1495
161 2936
569 3309
1528 247
3799 470
3760 1877
3233 4438
1811 3554
1646 3374
2570 3408
4857 2801
2495 4285
4371 1342
1988 729
4793 4993
2991 3249
3179 1391
1239 85
4076 2805
1370 2116
3344 4188
537 2198
4416 877
3825 2899
3446 4717
2245 13
1642 93
3721 1644
2621 3405
1424 1433
3973 4426
688 2985
4142 1292
3789 2673
771 3215
589 3664
3690 2973
1409 2460
3009 2398
2960 4800
144 2960
2114 583
334 4338
417 71
3296 158
3746 2250
1187 2759
510 314
3652 1273
726 1170
683 4457
2582 3944
3853 3077
1125 246
1893 1936
2685 767
507 1897
3811 518
2421 701
566 3879
1837 859
3626 684
4095 3167
1302 497
857 2522
2467 1071
3015 785
647 1779
114 4940
4927 4053
3203 1202
4378 4972
4095 825
3750 1366
2 319
1287 3330
839 949
3244 1254
3470 3878
3814 704
753 2918
1731 1628
2558 1393
3607 2755
508 2025
3749 662
4523 2372
2856 577
2956 2295
3780 805
2133 1407
1923 1254
3558 1832
978 144
1485 3244
4202 3148
1069 1845
2605 3242
1390 4803
2846 2269
4300 1488
2524 3171
1922 1915
3403 1584
4245 1481
2571 3251
3047 1736
3747 4551
3327 3749
742 1703
3861 4167
3733 296
3828 1731
1050 674
455 4641
584 4747
2002 4320
3543 1803
1997 4408
315 1188
1781 1
1864 1351
1983 4219
3773 4526
2902 1622
698 3452
3533 3999
131 4727
4006 882
196 780
4312 2424
4217 781
449 4399
4462 3670
4881 400
1152 1626
3796 2538
1419 1386
2213 1457
1593 2988
4579 4519
705 2207
1013 4493
3487 512
2933 3159
1964 4895
3514 1842
2317 4025
3791 2206
3552 2811
3687 3798
1349 1040
3487 4127
2534 3115
3362 293
3068 2569
1938 4190
1599 4860
2370 3770
4733 2401
1503 1235
4549 4483
4395 3030
3751 1282
2744 4051
963 4179
144 2813
948 3893
2898 2148
3351 4761
3555 974
979 2965
2200 3064
2402 166
3262 3417
2670 4621
691 2153
292 3239
4289 3295
4426 2713
147 1209
1895 3784
4967 4077
