140 272 5
543 262 3
991 876 3
15 701 4
863 267 4
97 661 3
975 781 4
293 888 5
173 251 4
696 272 2
778 416 4
248 373 2
743 309 3
282 233 2
200 200 5
25 191 4
914 444 4
330 944 1
417 85 3
244 49 5
220 929 5
650 954 4
534 375 5
269 402 1
100 220 4
257 303 2
488 546 5
666 311 3
207 523 1
12 217 1
8 543 2
384 627 2
793 18 5
139 346 1
314 984 5
273 102 2
474 758 3
356 164 3
95 464 4
865 698 2
733 388 1
374 4 4
250 143 5
550 586 1
168 859 1
818 181 4
157 651 3
480 735 3
541 64 2
854 298 1
832 218 2
569 334 2
531 364 4
375 769 4
970 694 1
465 203 3
338 251 5
468 745 2
545 597 3
28 567 1
401 952 2
331 141 2
77 942 1
384 335 2
337 618 2
675 244 1
105 345 3
97 57 1
784 535 1
243 872 3
573 429 4
69 59 1
155 716 1
193 336 2
655 208 4
633 261 1
330 536 2
538 893 1
823 569 3
219 875 3
43 155 2
188 668 1
496 886 4
280 11 5
82 546 3
324 351 5
333 963 5
14 325 5
374 605 3
781 63 3
37 989 5
91 279 1
58 612 2
592 148 3
950 565 3
749 127 3
974 983 1
815 896 5
788 928 1
337 662 4
186 505 4
970 704 2
671 521 3
513 916 4
60 587 3
715 952 2
804 110 4
449 735 2
110 583 5
716 571 4
532 34 2
753 544 1
855 177 2
280 652 2
488 471 4
273 796 5
578 416 4
852 419 4
440 525 1
780 806 4
60 692 1
284 88 3
489 138 3
567 447 2
184 152 1
723 954 3
986 141 4
917 319 3
913 904 1
268 435 3
755 136 4
417 636 4
562 91 2
123 807 5
286 170 4
722 230 2
842 449 3
101 120 5
534 176 3
474 606 5
378 524 1
510 683
434 470
863 49
537 503
686 914
143 445
161 460
810 435
795 274
209 740
708 28
503 346
999 497
987 296
364 730
167 937
965 497
628 426
139 797
288 852
653 370
192 859
329 308
350 608
395 924
309 939
916 178
785 297
475 374
32 989
235 902
926 478
534 11
71 756
810 684
431 154
18 183
764 581
935 504
815 383
218 956
580 815
723 933
102 871
177 410
689 806
902 169
918 910
932 10
727 550
267 809
564 824
275 61
951 784
742 499
831 346
540 631
88 570
832 881
436 875
594 170
424 923
291 5
962 678
691 88
525 454
881 471
636 102
357 168
825 793
131 340
451 113
872 584
140 175
700 891
745 385
49 99
819 234
110 179
991 361
58 365
167 792
703 622
938 292
131 910
379 186
906 44
655 433
271 903
32 730
956 64
203 977
72 588
316 176
108 547
638 416
574 106
698 381
194 465
940 807
437 791
201 154
910 827
100 843
474 634
709 237
74 766
679 693
808 570
853 242
194 629
960 890
266 728
818 797
16 499
144 738
985 939
760 805
422 940
154 560
331 671
261 328
839 406
358 913
94 314
630 868
990 547
844 259
917 15
936 603
396 835
693 597
702 330
747 367
253 847
839 597
651 447
449 281
10 734
51 976
816 200
926 459
507 396
625 931
324 886
685 183
351 679
191 568
432 590
675 83
49 309
930 472
416 461
950 699
298 268
123 721
516 465
525 133
467 228
936 614
461 814
119 487
424 879
741 519
957 766
400 126
640 625
588 324
923 71
941 800
122 757
258 868
364 21
638 300
86 521
846 861
690 930
695 616
807 31
184 208
127 549
493 217
308 807
452 195
929 645
409 643
877 800
546 521
869 693
681 794
784 268
845 124
571 353
614 974
321 149
211 627
833 176
802 205
75 122
532 17
901 252
344 908
290 8
375 248
645 332
850 854
995 952
474 226
950 285
825 436
88 961
171 462
337 569
425 41
192 868
368 778
795 369
59 101
786 896
807 348
337 540
990 544
100 48
429 993
610 856
948 466
947 878
631 803
863 919
414 75
923 791
817 825
405 586
258 456
386 330
324 210
365 55
554 585
520 292
876 258
158 551
81 397
201 494
647 36
168 295
778 715
59 695
793 100
437 520
739 544
977 851
787 518
167 130
920 776
651 74
969 888
960 148
388 879
512 252
454 392
802 943
676 468
172 795
233 281
825 943
615 655
849 902
37 177
166 435
192 758
416 892
622 737
