150 308 5
964 9 1
671 372 4
647 41 4
49 940 5
279 787 4
190 468 1
519 77 2
386 84 4
435 777 2
318 217 5
245 557 1
544 798 5
925 739 3
16 454 5
910 905 5
149 481 1
265 721 5
582 562 3
601 872 3
514 578 4
522 658 4
606 837 5
553 626 4
899 820 5
162 401 3
636 441 3
1000 24 2
489 410 5
622 508 2
926 955 2
301 349 3
792 980 2
640 63 3
452 840 4
239 586 3
901 995 4
591 582 4
494 52 5
476 651 3
930 998 5
154 28 1
980 328 5
948 176 4
407 744 2
417 443 3
973 442 4
199 144 4
93 984 1
761 374 4
222 576 1
838 687 2
841 79 4
595 755 5
407 416 2
257 866 2
679 264 5
625 53 5
786 686 5
913 43 4
231 527 4
839 145 2
753 389 1
578 696 4
656 403 2
586 695 2
60 177 4
840 219 4
375 48 3
378 670 2
25 789 3
434 759 4
491 408 3
323 526 4
530 919 1
971 589 3
1000 864 1
559 502 1
209 557 5
190 301 4
441 87 2
934 386 2
720 128 5
367 335 3
781 78 2
454 48 1
233 278 4
607 73 1
758 632 3
274 438 3
170 200 3
101 913 4
826 363 1
242 319 4
753 493 4
764 577 3
176 227 4
655 346 1
528 646 3
31 483 1
858 126 3
835 82 3
475 721 1
976 124 3
107 111 3
92 386 4
308 181 2
789 636 3
674 688 1
876 563 1
829 833 4
873 516 5
120 957 5
395 885 5
682 617 5
491 140 2
351 769 1
310 696 4
488 657 4
901 60 1
168 585 4
32 394 2
124 101 3
161 313 2
152 277 1
673 109 2
69 65 2
742 421 1
428 948 2
118 128 1
364 836 5
75 116 1
590 647 5
463 797 4
361 170 1
175 249 5
832 104 1
927 642 5
447 216 3
712 856 5
594 558 1
242 910 3
489 761 4
684 815 2
129 855 1
776 759 5
257 801 3
522 521 5
83 573 3
23 147 3
881 488 4
943 935
901 335
640 827
78 376
850 261
633 852
275 518
432 42
863 675
990 799
585 196
960 57
436 572
810 199
45 428
305 123
841 618
646 637
628 824
75 323
831 636
884 237
210 535
344 674
615 792
357 157
606 828
613 946
791 6
537 836
516 224
489 925
110 599
67 315
614 31
358 108
596 372
646 665
76 940
739 188
493 318
217 498
990 968
962 529
857 147
290 330
856 783
592 839
629 568
125 946
85 7
662 668
70 453
111 81
330 766
761 467
790 698
426 91
1 356
707 17
552 486
524 206
903 27
565 419
417 623
678 259
325 41
906 570
677 107
676 244
90 564
994 880
606 715
107 497
849 333
650 209
282 420
459 433
312 32
683 414
571 221
327 726
414 385
85 932
922 527
951 813
64 995
357 191
883 157
638 692
445 995
394 471
940 753
424 121
341 523
236 457
770 842
681 881
918 67
381 67
240 33
158 613
532 900
138 302
825 969
793 873
63 810
801 337
715 966
961 62
930 87
980 204
745 756
909 808
759 727
811 512
35 206
806 899
477 61
824 343
674 262
373 736
681 915
412 772
424 923
978 474
342 74
530 844
375 582
535 649
167 792
962 836
994 151
654 303
196 618
41 661
612 273
219 80
220 515
159 647
400 573
206 349
461 535
54 48
562 622
653 232
903 866
500 798
186 248
962 911
723 213
530 683
552 993
959 167
789 912
24 106
879 145
258 505
377 389
896 324
330 390
904 90
592 11
143 252
707 723
271 591
625 324
464 463
396 11
475 854
497 526
754 36
36 642
94 457
394 82
352 237
576 31
530 526
753 195
463 784
231 83
744 480
247 687
670 102
547 293
555 100
957 88
993 465
598 495
939 399
59 615
85 371
877 204
62 251
165 21
598 727
984 107
280 459
8 340
237 600
841 277
986 912
591 179
432 602
301 542
153 860
972 743
656 831
960 546
103 249
225 735
441 273
872 495
743 455
667 435
146 309
399 843
266 247
142 772
545 67
783 940
714 550
571 928
320 298
640 466
145 756
813 495
434 401
773 510
219 185
464 863
319 71
15 287
729 509
122 770
911 204
322 392
194 489
278 128
636 644
650 993
69 178
989 594
922 689
820 855
791 137
807 450
440 172
529 290
748 785
45 418
692 29
773 638
931 838
262 549
56 290
177 265
661 835
24 357
640 266
190 940
774 51
681 748
115 623
15 959
497 602
576 249
29 941
222 599
16 971
869 628
387 297
176 776
25 799
460 139
340 392
722 346
672 46
503 433
184 482
483 934
843 133
49 566
651 490
679 388
676 545
332 52
985 903
705 725
129 299
254 581
292 475
459 652
812 121
163 250
675 980
43 572
376 377
938 993
236 320
285 832
654 822
871 223
138 271
339 615
53 258
356 773
892 887
