120 246 5
666 817 1
988 528 2
678 572 5
534 15 4
508 199 3
677 713 5
641 156 2
843 981 2
359 891 5
249 675 5
651 110 1
806 575 1
42 770 5
757 504 5
878 671 3
366 465 1
137 605 3
969 238 5
484 953 1
534 569 4
178 863 2
858 681 2
463 561 3
484 177 1
213 630 4
769 970 4
167 775 1
820 251 1
148 601 2
740 699 4
257 862 3
973 628 2
498 109 4
318 355 3
633 288 4
65 634 1
4 455 1
730 151 4
409 243 4
285 916 1
161 818 5
750 798 3
777 697 4
527 320 5
563 338 5
714 241 5
628 294 5
517 828 2
548 196 3
245 827 1
112 373 1
316 311 5
843 585 3
760 282 5
110 27 5
774 66 3
912 459 5
681 251 2
744 665 2
299 922 5
684 989 3
618 754 2
457 70 3
540 269 4
472 2 4
466 1000 1
216 855 1
715 7 2
454 848 4
92 717 2
868 865 1
21 904 4
128 718 2
780 993 3
923 372 5
736 98 2
716 52 4
133 417 3
149 313 2
113 620 5
178 898 1
753 881 3
961 117 5
323 262 5
259 560 2
229 906 3
467 994 5
672 153 5
385 139 3
471 529 5
721 974 1
183 937 1
287 580 1
241 123 1
949 830 3
606 49 1
539 501 4
16 962 4
714 632 5
173 326 1
563 416 3
174 768 3
384 369 2
829 58 2
470 498 5
54 477 2
26 804 1
885 296 2
90 71 2
247 575 4
215 529 4
746 474 5
427 739 5
12 367 3
650 966 4
77 651 5
55 227 1
715 590 5
356 502 1
566 555 3
914 966
17 945
411 781
291 605
93 674
125 373
318 366
134 113
851 49
382 690
617 809
978 772
112 894
240 169
530 384
730 621
601 126
170 598
190 20
648 266
719 531
512 925
909 114
459 266
190 108
380 500
539 906
209 317
442 194
164 715
473 380
13 224
747 183
900 65
875 263
611 575
906 50
94 421
479 731
277 700
458 591
364 941
911 741
540 445
125 638
106 258
337 444
133 681
696 576
149 215
99 289
476 835
716 146
410 127
488 990
905 134
88 210
202 818
227 800
200 791
253 425
571 259
633 108
362 781
54 400
788 818
274 83
560 44
357 469
19 1
179 768
73 375
891 846
654 670
504 299
598 293
240 848
567 364
927 323
965 100
757 203
525 148
444 513
669 114
910 404
992 76
940 805
114 346
669 799
716 819
885 897
546 652
364 496
595 552
139 687
511 544
233 435
182 364
102 683
836 833
468 737
365 870
468 627
689 982
792 135
688 760
915 236
158 150
30 358
586 67
59 185
117 173
292 754
640 637
721 803
419 349
799 469
913 144
637 274
448 970
39 846
874 431
300 666
17 959
274 15
629 229
656 68
504 582
182 341
202 324
611 730
527 698
428 159
974 515
912 637
618 595
430 730
75 826
922 275
299 153
40 83
186 419
509 873
922 297
266 436
498 617
331 350
243 437
973 593
517 433
480 48
85 306
645 600
147 601
562 846
883 967
556 942
462 731
711 519
683 462
345 725
792 560
811 322
90 293
924 499
287 786
337 544
167 466
634 379
997 680
673 960
891 8
560 930
483 387
315 755
212 793
993 770
835 705
814 113
549 239
98 744
253 378
256 956
156 864
337 643
931 499
790 459
191 502
1 143
170 369
816 340
362 509
616 431
384 199
174 352
549 846
612 471
622 224
634 327
361 154
305 752
40 166
282 462
497 366
665 459
699 392
729 304
700 854
928 397
482 359
893 689
9 766
893 284
677 399
476 663
302 719
73 660
808 136
789 833
204 738
74 519
890 367
741 503
320 556
310 193
20 759
571 81
739 65
658 960
830 652
601 868
312 895
987 548
871 460
371 498
809 456
116 141
369 836
814 292
794 742
826 780
445 940
644 580
503 278
478 635
320 164
