60 945 30
1710 4205 8
3835 602 13
989 3164 16
4627 1204 19
4461 1655 25
2258 2573 6
1983 1199 16
1188 507 29
4813 2564 15
1252 2944 28
4721 2042 10
3009 1600 7
3427 4388 21
4944 4925 28
3163 1884 11
75 1653 8
3748 2145 22
3221 1063 16
2224 3587 9
2853 4029 18
2812 310 2
2022 1520 5
1316 2626 20
41 748 19
792 2663 29
3598 990 25
4690 1691 2
483 1881 30
2367 1202 18
3258 1091 10
305 1628 1
2037 2661 19
2100 3263 2
4140 298 6
1903 2266 1
2856 986 11
3635 1180 11
817 2538 27
4259 3385 29
3046 4873 16
1998 1788 20
2661 1937 30
3988 2944 18
1306 4916 29
3711 4371 25
57 2431 15
3342 2697 4
2321 1299 2
1723 209 16
4680 417 15
148 3124 29
3670 3976 14
386 4558 8
2137 2219 20
3692 4211 23
23 3564 12
1002 3048 10
3427 1410 20
2986 4200 10
4639 1253 16
3844 2811
3017 4662
1860 1548
222 4602
3117 1277
393 359
309 495
4041 1537
502 2619
3942 3122
549 2685
4386 906
3965 2917
4939 94
653 3271
1712 3307
3569 4440
1815 2039
4463 381
4883 4792
240 2228
3805 4281
3495 3925
1144 1928
2733 3896
2829 4547
2110 2122
257 1422
4225 792
4288 575
3228 651
4291 4675
638 2357
171 4407
527 2848
1333 2814
3266 3597
1009 203
1630 4073
2767 1119
2301 4216
3083 3416
4109 3516
3778 4255
2412 385
287 4939
2111 3360
3323 2190
4512 3880
905 313
3491 3140
342 410
2536 1722
3117 3084
3202 4130
4929 693
1725 1651
1719 1948
2622 1018
1457 188
298 4643
4 3727
1693 1150
864 2710
20 832
740 331
1244 4883
1992 1520
2167 2613
3971 3872
4023 981
352 4309
1383 2787
3151 4458
3825 94
4061 4472
2518 24
1470 2043
1552 2870
1203 2175
3973 674
3100 1698
3794 2370
3819 3852
2217 2451
342 3435
4450 339
977 3962
934 1190
4670 599
3330 4254
4872 2538
1002 943
4160 4421
2502 3686
3502 398
2118 2060
2841 2002
2722 3446
4494 1713
4605 1968
4400 4489
297 4248
4889 3678
593 3047
3487 2170
4973 3124
3566 3653
242 227
4813 183
3828 1682
3360 2257
3467 3091
4586 3402
1597 894
995 1902
2320 2713
1275 2904
4067 3168
2531 3805
4769 4986
3028 1964
4710 1860
1561 3620
3191 4859
1611 3659
4890 1745
667 2051
1653 3312
2549 3671
307 3447
3205 2957
991 1641
2413 1625
2425 4078
267 2521
3435 3565
1354 4720
539 2639
2372 3306
2166 2136
1267 4247
2896 1159
478 4371
4952 4240
938 2999
3769 3137
2047 632
3327 3983
1627 3299
3787 4811
4251 3136
3364 747
2829 4646
2941 1936
2442 3222
2254 3592
112 516
4213 2843
1510 1580
2452 3560
3534 2235
589 4709
4599 2076
30 128
1220 362
4047 4305
1604 4226
4810 2724
196 4288
2200 3099
1226 1078
1345 3531
4968 4447
3639 3585
1363 2210
2795 4695
3427 4317
1219 311
1437 36
2900 3394
715 1405
2322 2258
3009 4143
2373 3688
4853 4343
3423 155
1198 4941
2315 3402
1927 3068
2771 3759
1099 536
3993 2568
956 3695
840 1394
804 1293
4398 3484
566 1528
3722 1787
4806 3385
3908 3293
1808 15
735 4447
1326 758
347 4301
2906 3485
1484 3677
4869 4141
2059 321
1685 4384
2804 4000
2396 1364
3947 4645
2308 2191
1858 1063
4562 4350
1746 676
789 3942
3231 766
19 1427
808 1947
2046 287
3533 3532
3562 1697
1499 4074
3875 2163
4684 3031
2067 3755
200 1946
3390 2739
989 3929
1707 2962
3096 2604
3044 986
677 1285
405 2267
1842 4210
4633 1223
4620 1470
1098 1816
1708 3659
4333 4982
4804 2403
4946 262
3866 380
3155 1730
1442 4842
652 2323
3161 621
867 551
730 1713
2650 2269
3092 4331
4766 1835
4359 1350
4652 2287
3355 2877
3662 2477
729 42
1786 66
194 2738
2644 1092
3599 1686
806 3742
2409 2564
4615 3889
4189 2486
529 1739
863 1640
3076 2814
3198 4327
2143 1759
3865 2111
584 3754
2976 4661
4970 2965
1143 3111
2387 4407
90 1928
506 352
3149 92
4297 3426
4109 2692
4988 1082
755 1636
3046 4888
2370 3945
4748 1454
2066 4008
3867 2156
1992 3233
4862 2797
3427 1867
2530 4889
716 3369
3544 2547
4363 2771
3233 3128
3332 1418
2968 997
3714 1902
1369 2227
266 3217
2305 2650
1046 502
1149 2182
2727 467
4604 668
3379 1140
3418 3059
2229 3057
4204 676
1489 1438
1869 4501
3050 3574
2966 583
1390 634
2048 2293
2129 2299
1812 3026
837 2060
3683 3333
1593 3812
1355 2745
2878 4725
1794 4941
2689 1961
2866 4951
481 2362
2960 2859
4110 736
2519 2157
748 617
1984 336
3971 1807
2740 1248
2057 4559
2524 3256
1652 219
1248 693
3219 2359
4899 1160
3988 2398
297 1138
4290 3783
4110 3807
3955 374
4590 4523
4643 2912
1682 1891
2064 2404
4455 703
1037 1296
484 4607
1477 3582
566 1765
391 3051
4050 3735
434 1839
605 1840
3591 1791
2891 615
3989 2524
3560 2051
4753 4325
742 4948
1564 137
2671 3871
2842 4800
1259 4887
2527 4727
1957 4478
3013 1906
2799 4832
3450 1093
728 4617
1114 2263
2618 4806
4050 438
2277 2824
579 639
108 677
3709 3199
3458 3996
3265 102
4663 3136
2869 217
937 1025
1200 4310
2831 2039
47 2119
1020 182
1350 2618
2271 227
2523 1805
955 2355
1138 1208
2016 3408
1953 3338
419 2676
3880 1768
1782 607
4969 3274
4122 3277
3733 3477
90 1770
2234 51
4761 483
167 1915
1021 151
1389 3367
2438 3044
4780 3563
2825 4081
2013 3300
2225 111
2715 4523
1771 4947
725 4826
3533 289
719 2660
2074 2181
317 2340
3774 4594
183 1647
4623 3717
4127 3092
3169 173
2480 2860
480 4973
2316 4784
2699 1785
1025 4214
3655 419
2932 4110
1327 256
3933 4259
67 2803
4152 3249
3202 2947
251 609
2491 2283
2568 4561
3488 2150
3643 3745
3420 1933
3166 3020
2475 1119
739 3227
351 3534
3151 1997
3869 4133
3173 4169
2025 4322
1133 121
3948 330
3477 1567
609 4520
170 4887
3785 3798
4607 4282
255 98
3405 1003
1218 4658
3525 1962
4468 833
608 3470
4325 4010
4959 762
2366 1010
2438 3441
3246 1764
1460 779
3784 1440
1495 4435
4728 1418
1506 1512
2133 460
2180 3787
1232 2294
497 3726
2941 387
876 408
2977 3521
1579 3087
2384 3266
17 1238
2665 446
4336 4667
4018 3673
1695 3544
1480 4199
513 764
3150 3859
1995 4863
4809 4340
3196 3149
3283 4122
1844 4870
3898 305
2973 3646
1343 80
4656 54
4965 4266
4030 3345
3094 1668
1920 2992
4060 2735
246 2638
4766 3794
4234 1756
4228 1252
4877 4768
67 3621
1314 217
4384 3351
3941 4666
2379 3319
161 3196
1357 1039
3630 771
3670 789
3322 3924
1297 2940
333 1289
2187 2472
4125 284
1615 45
1348 4407
2069 3028
195 1915
4511 423
1440 1596
3368 3519
27 2593
3845 2444
3284 1683
544 4102
561 3522
2244 3946
1948 1128
2417 4146
2918 3327
1227 517
4265 481
3866 3017
1327 1309
1494 3982
4693 677
2941 1780
2214 3789
2364 2622
3625 1981
2781 2438
3422 3202
3680 503
191 2093
475 11
1495 4687
2144 912
2260 185
2602 404
1542 3749
2186 4526
4869 474
537 521
684 3964
4133 3576
3054 1863
2737 1161
913 2569
3397 3638
4429 1906
3774 4177
3969 3202
2147 977
4186 1534
3091 2160
1279 3571
587 2082
1372 1769
2299 3383
1831 865
1832 4696
4873 3875
377 460
617 4913
2041 2307
1946 2835
3124 1346
707 2305
2010 217
1233 3069
668 4537
283 688
5 273
2092 4859
3088 1676
2274 3224
2617 748
1419 3405
1446 3362
207 909
1625 3924
2116 2018
4546 1417
3789 680
4026 4482
975 180
3069 3027
37 27
3207 1762
2996 2087
3211 2514
546 3142
1169 2014
3842 1012
3609 2254
3582 1972
4796 1921
4819 957
1103 3176
1417 305
809 909
896 4671
4420 3466
1061 4319
3496 1127
1135 4564
1665 1001
2558 4856
1251 3695
370 1125
3739 2531
942 4439
3379 4985
4055 3370
748 1719
4342 4345
3880 4273
3197 477
2962 2960
2688 76
3866 163
387 2469
3395 4300
3054 4841
1580 4233
3329 452
1791 2588
3782 3570
2407 4085
1055 1564
974 2588
869 2826
3867 93
3039 552
1853 4235
249 4304
4810 1897
3038 1823
4643 1389
4457 1300
2115 2409
662 3074
20 253
4593 4632
957 294
4858 601
4737 2894
1739 4226
4796 818
601 4806
1940 761
3861 3099
242 4978
840 1260
398 872
4049 4056
2054 261
1528 712
4959 1766
3904 3769
4397 1543
1653 2353
3651 4667
2836 2890
2283 1399
3877 4045
2608 277
685 1308
4807 3550
1100 4009
1213 4796
1001 198
3136 4788
1702 4310
4619 4821
3904 633
1237 1144
2980 1820
3953 770
2356 4471
75 3958
978 3250
2568 3808
2759 3441
3615 3174
3127 717
4311 4092
325 2997
2781 1777
2599 4767
3442 2903
4791 2575
3955 1546
1702 3117
3136 2961
4535 3184
874 3443
2837 274
246 1337
1741 4040
4204 2448
4537 4710
4612 4563
3905 3283
2918 2741
3824 715
573 3767
1090 3568
1599 1081
3564 1301
952 2847
2019 4862
3758 1009
3103 1926
4731 303
604 3054
3926 3886
3680 2266
4892 1618
1968 4547
581 888
3252 274
2098 302
651 1135
1238 4353
902 2140
2454 643
4657 2232
4595 14
684 1380
3058 2773
4496 2104
2406 1700
3060 2245
4627 2720
935 1696
2350 4737
4600 798
1571 2659
556 3872
4482 2162
840 4103
710 357
122 2651
2888 234
1027 435
2423 4270
3824 4046
1718 1348
816 3743
664 1931
4272 926
909 2559
1680 456
528 4398
2587 211
3132 490
59 2646
3318 2048
4752 4332
3549 129
4689 191
3869 1209
906 4512
4633 3335
402 4380
4908 816
1535 1963
3327 2888
1165 1110
2063 2410
1811 138
497 855
2570 4732
1636 3118
2377 610
2257 2267
683 1833
2991 319
1042 3545
1917 1296
378 1202
2667 230
510 4290
4276 1887
988 1358
3475 1077
1594 4368
2123 2117
617 299
2316 1465
324 2129
1008 151
1333 2167
3324 4087
3049 1572
2648 4989
4969 4004
419 2013
30 635
1544 3622
3248 3261
1356 4322
333 134
242 506
3578 2181
28 343
254 2533
1636 4895
2079 2402
4462 3301
1274 3715
1231 4241
3117 2879
3195 114
1246 3835
582 902
127 4519
1853 3044
2015 2146
2134 2396
3013 2582
1401 4734
3422 1509
1405 2870
3933 3926
2494 2265
2060 4671
3069 3418
2443 3754
2040 3182
1172 4086
4512 258
652 918
4135 3855
4850 4180
1538 2978
2137 3138
3151 4794
1052 2424
4700 327
1228 2124
2626 1557
1290 4058
1598 261
4120 3035
3606 1232
512 4216
2399 4992
4636 2179
2016 3556
4613 3381
4758 4914
4911 3956
3880 462
2343 2627
910 2525
2233 1614
1030 3004
754 3458
2416 1149
673 2518
857 93
4704 2456
4048 798
932 9
736 1697
350 3427
1377 3617
4285 4688
3890 784
4770 4570
809 1516
2962 4076
4260 2970
2188 2968
3372 4479
2329 2372
963 1197
4915 955
4530 1259
3666 2012
1786 2609
2172 3831
1969 4324
2014 3080
1845 4590
2693 2367
1295 637
3969 2207
1961 548
4828 2234
3636 4022
4096 3937
4325 3569
4246 90
4982 2967
1986 1242
1460 3898
149 4338
3154 1886
2288 3413
2218 736
4004 2409
4893 4300
882 3309
2532 3838
1084 4004
587 3409
4414 809
1667 2673
2817 3832
577 2712
2263 4778
2111 4821
490 4744
780 1357
4807 4833
871 2135
2314 285
2923 1219
1125 3661
