90 485 30
4908 2930 12
404 966 25
4463 4574 16
2249 2534 22
2735 3113 28
744 2275 16
1266 3460 28
4666 3429 29
3227 1423 23
3733 2561 15
1199 3852 23
58 2810 17
4893 4173 28
73 1300 13
4694 4540 10
2592 2905 23
2730 4918 6
3102 571 18
3170 2503 28
2076 1669 19
3893 1002 24
4035 3888 4
4066 3760 9
790 2041 23
2942 1459 6
3198 3662 4
4186 1697 11
1244 1575 13
2961 2892 18
1290 1147 30
3886 1386 21
4894 2932 7
1670 808 23
3949 4003 2
3851 1455 7
929 2527 2
1895 3510 18
4209 341 5
2462 1084 29
1399 3660 3
2460 2599 3
2719 2143 23
66 360 29
3051 1195 8
80 2864 30
2068 182 17
1132 3585 27
1286 1104 14
3001 1968 13
2653 191 19
207 3374 11
315 1656 6
671 4540 14
264 4978 16
991 4517 1
65 4578 8
2663 670 10
2081 61 24
1189 4395 21
2751 2003 14
1434 2859 22
4257 560 25
1531 712 3
1319 3554 29
2383 3203 23
2217 4474 20
1623 1342 4
4362 892 21
3921 1528 11
1765 3082 2
1309 2262 1
1956 2939 21
538 1253 21
2924 121 20
3639 991 21
1951 3757 7
1596 2324 6
4372 4158 28
3143 3869 27
318 2320 27
2792 2043 19
416 4508 5
3877 987 10
3054 2949 6
3165 3031 30
1029 4737 12
1427 4395 28
905 1978 7
1461 1198 18
4362 4511 12
4609 1126
4375 1963
3125 1855
2818 1111
4892 4173
2587 3896
4483 3922
1682 1801
2422 3252
3378 4566
1494 2914
4021 3391
3226 109
1305 2680
980 1368
893 2684
2401 4158
645 2803
2099 1724
491 2
3456 3343
3168 1843
902 491
2592 4676
4149 4077
540 72
2478 2160
1049 1199
696 4812
3715 2507
485 2376
2160 2896
1074 3660
3668 4191
2095 4564
1917 3765
2079 118
2474 2992
223 1059
2731 4753
1780 3761
257 957
187 3235
4056 2933
3461 3712
651 3670
2076 3688
1100 1542
690 2706
4822 1602
1330 4697
588 4832
2415 4422
3300 341
3879 3066
2075 1263
3618 2121
4300 1829
2483 4501
1602 1253
977 2840
2990 4082
4562 3285
2102 3765
4325 133
4984 4130
429 92
445 3457
1846 3564
2969 1699
3036 1606
2229 1399
680 742
4227 3324
524 3336
1690 4637
4729 3861
575 2521
4940 3820
1104 3756
2543 4038
2612 2319
1404 4687
554 3017
1905 1748
1630 3026
2 2133
1173 986
3615 3793
1270 2157
3858 337
401 4598
190 4410
4845 2305
3698 4921
3468 4442
2297 446
3135 2300
3744 3866
2899 3310
3316 69
2888 3675
241 649
3938 1117
1936 386
4078 1880
197 323
3233 33
4102 1414
2638 4316
2135 4368
558 581
4631 1024
243 3050
1049 3236
2378 1613
1116 1678
3370 1859
1364 1321
3768 771
324 3788
4011 3371
2125 1443
2269 3215
4148 4118
1352 1989
3801 1795
2798 4401
3402 3379
713 3350
1431 4249
2136 395
3986 4258
1746 1827
3657 4520
2290 4884
3416 3653
4219 3554
4701 1690
2726 263
3724 3329
2104 4748
1393 753
3391 3792
4508 285
1592 4611
98 3806
1255 3334
1642 2442
1702 2149
4499 3277
4620 106
2086 2991
1700 734
746 3388
640 4967
4332 1568
579 4643
2696 3376
2746 2696
2417 3135
2762 1079
1871 2862
3575 497
3266 4330
4373 4274
3666 4110
699 1144
4416 666
3234 3231
974 1253
4820 100
1157 756
2801 3247
1596 3457
274 3301
2581 3901
3941 2987
1993 758
2181 4682
745 3177
411 3859
2597 1212
2987 3512
3103 1777
338 380
4171 1598
1297 727
4101 4340
4648 1764
3256 945
1780 661
3073 1302
1417 4508
949 4631
4406 4578
3698 2056
2289 2566
1108 915
3505 270
3321 599
3571 2876
2132 3771
1688 1373
4701 1297
3815 3266
106 778
2631 1711
625 1910
158 2773
1595 4966
662 2753
977 3699
1777 2635
3676 4017
947 499
851 3542
3741 1451
2760 3834
3469 981
2375 220
1117 4322
3919 4536
2208 2532
1036 2341
4648 48
2540 1316
4293 4158
882 3867
3519 1176
859 3840
266 1249
4174 1413
2150 3423
1473 4865
2731 4709
2026 1645
3866 4102
58 1468
1515 1460
4567 3962
3289 3236
3926 4265
4788 3487
1670 831
1515 4338
2311 2486
1707 3098
393 4428
2241 287
2427 1529
4200 3730
1070 2609
3067 3229
363 335
1395 660
3137 2500
1064 1854
4626 3778
3679 1558
4015 335
176 3886
357 1364
4241 3661
1192 4426
4534 2701
316 2641
1145 4633
401 1808
1882 2719
999 4485
4285 1988
703 947
4875 4793
737 3301
3802 900
3204 4348
3655 4557
4898 3374
4989 394
1905 2357
3188 2287
3135 4634
1474 1132
2389 520
3121 3264
4526 4645
2495 1433
4188 1969
2113 2160
3492 3284
635 2620
2060 2393
2893 4505
1255 1372
3563 226
2243 2696
1373 1633
2499 4437
1606 2847
994 2708
2466 3602
4679 946
591 148
96 3478
1294 3958
538 2147
151 1967
1587 206
3512 1344
1649 1720
394 2486
469 36
4854 755
2299 3324
2300 2679
832 4452
2130 1939
2035 3079
4404 3401
2304 2938
953 3353
3546 888
4025 3787
2691 754
2877 1484
1149 944
1149 4897
2944 82
1033 3793
4785 1117
1151 10
894 4664
3667 4659
429 1591
1487 3611
2230 2666
3745 1259
4889 3118
2293 3180
1924 3106
935 3091
3143 3448
411 4186
2921 4064
2953 1253
3659 3451
4256 280
1916 3938
1130 1413
988 3391
4175 1928
1899 2587
4064 4543
2829 354
3884 2795
302 712
433 1788
1055 2370
3835 1533
4629 1647
419 1770
779 4056
4533 651
965 2014
2626 4439
2122 634
1518 521
943 3002
3813 86
3753 2461
957 2832
4596 4506
187 1531
588 4507
1821 67
2473 3023
3499 567
2209 3249
2680 4513
961 2017
129 4748
3603 283
4555 4951
4141 4826
148 680
1918 1697
3201 942
702 2235
3455 828
2820 2282
720 929
2521 1118
637 2519
3817 3471
3950 4731
2049 2391
1012 751
1435 2514
3469 1056
1035 4147
3096 4739
4081 304
1203 2265
4366 3862
1246 1087
428 4728
1104 3680
2188 1984
1741 3876
3698 978
1993 1825
2985 2363
2994 3801
906 2336
1442 400
1568 2442
4071 4180
3032 3502
66 3859
793 270
2663 4281
4550 2682
2396 3025
3477 1251
581 1280
522 3193
2191 4144
125 4992
4748 3549
3981 4127
3709 1637
51 4894
1096 2262
1222 2951
4879 687
1482 519
3611 4937
716 4279
829 3494
536 4340
2380 2365
910 2815
45 3897
3123 3459
137 4190
1707 4130
1733 2127
1627 151
4602 1126
710 2133
4373 991
2781 773
1153 1457
2758 1663
4336 3777
1987 3376
366 3136
1261 2379
3798 4804
2744 3204
3859 4038
2168 1901
3077 3262
3413 22
3751 3619
1167 3069
135 3683
2342 2279
1594 3137
626 188
2766 1185
4511 141
2056 2592
918 722
3033 3000
1511 255
2663 3979
3370 891
163 4063
2630 3279
470 4802
1122 4657
1234 949
2197 504
