110 1150 30
687 586 8
592 253 24
333 304 2
909 860 30
692 454 19
521 698 19
686 650 5
542 360 4
88 731 8
946 977 1
2 438 16
677 820 25
407 820 12
604 61 19
978 235 21
306 424 4
857 918 18
646 524 20
825 774 30
441 972 2
757 361 3
891 49 30
638 831 11
741 524 16
703 529 27
288 254 2
492 679 2
477 279 24
936 414 22
673 311 13
336 451 28
566 183 24
853 122 29
4 240 15
278 817 30
3 991 6
668 773 24
332 556 6
895 939 9
856 800 9
587 27 29
228 218 22
211 696 4
774 971 23
819 839 3
796 379 14
846 199 9
446 612 16
714 973 9
946 182 1
152 350 4
353 634 22
85 681 17
811 754 1
768 217 26
422 74 1
799 668 10
641 386 20
534 19 22
445 829 19
482 823 17
836 558 1
443 538 17
790 72 28
670 914 15
145 715 24
742 725 10
886 26 21
826 172 7
938 864 15
685 37 5
819 127 4
178 29 12
243 223 10
432 911 21
12 677 28
417 862 25
38 128 29
350 45 22
94 713 24
796 552 20
944 754 6
248 251 25
50 994 11
427 672 11
30 613 14
387 991 2
458 673 22
422 436 24
425 692 22
261 538 28
42 821 4
622 177 29
923 84 21
397 339 21
716 162 7
66 796 27
660 186 25
417 993 2
614 880 8
761 691 7
947 85 14
962 985 11
804 573 12
264 78 24
938 264 9
172 836 28
866 910 24
72 245 18
490 462 23
179 779
619 794
766 357
974 324
101 803
211 666
862 572
779 533
528 273
921 628
539 367
882 668
783 919
741 317
171 29
464 813
306 443
97 389
423 189
981 385
936 665
129 109
212 623
802 481
459 442
101 657
854 935
960 34
86 530
934 110
14 904
652 601
425 594
941 86
916 9
738 985
569 971
421 536
975 54
302 144
624 800
67 251
68 531
190 561
813 813
875 119
131 978
75 626
326 226
981 930
762 480
285 455
977 443
969 252
762 887
205 155
826 474
864 919
936 969
139 258
816 231
90 259
482 131
800 399
108 219
140 31
262 485
952 710
367 845
811 392
862 161
826 334
493 935
914 311
738 79
698 364
368 598
551 219
708 352
103 324
935 950
838 929
703 774
775 954
330 320
346 647
661 950
291 10
899 509
687 776
647 41
186 479
960 394
608 843
152 651
431 237
795 907
198 929
165 772
90 296
228 246
542 108
687 741
857 775
719 842
22 644
121 943
307 985
230 894
798 442
367 877
280 421
350 99
685 473
301 15
97 612
969 181
362 355
917 98
97 392
598 229
34 915
994 667
94 718
65 176
970 930
623 761
119 818
52 335
464 224
141 370
413 946
619 75
288 170
385 942
803 167
763 65
651 352
555 730
729 728
189 661
815 179
94 358
753 617
873 909
562 364
173 515
57 452
7 128
831 750
716 782
592 42
642 4
375 757
548 291
635 80
14 160
610 887
298 525
535 334
902 322
480 620
449 472
130 743
805 126
983 195
596 815
395 70
802 297
40 357
831 254
271 545
161 510
589 856
227 691
506 50
276 411
709 93
468 74
310 283
728 155
24 191
384 282
569 315
110 197
369 85
7 428
129 161
490 538
635 847
211 290
812 656
988 522
608 196
63 108
526 181
176 91
369 308
33 86
110 696
684 983
814 175
354 886
24 219
650 570
387 6
585 796
274 359
439 388
729 7
319 875
287 366
418 470
817 398
910 446
743 935
499 583
712 542
656 799
671 964
547 126
149 344
31 14
395 824
883 641
141 635
105 330
867 912
140 10
523 429
857 166
11 709
746 717
52 842
522 355
209 223
905 906
278 575
525 438
140 217
588 267
885 257
380 333
56 508
317 586
929 141
509 721
41 753
187 652
576 979
43 702
775 173
44 573
207 230
153 13
711 345
21 250
14 879
552 742
445 606
947 494
456 900
898 206
234 596
657 660
15 962
807 490
765 759
731 788
920 79
623 9
832 846
161 747
515 973
52 903
363 226
503 795
905 443
873 36
497 312
871 204
795 243
709 451
34 541
846 856
941 769
760 487
341 491
693 35
850 746
529 435
267 804
146 214
800 163
834 228
23 316
948 766
298 808
726 883
198 182
203 118
773 734
701 503
319 894
356 137
719 313
615 460
765 598
124 990
439 620
762 815
774 666
497 351
266 24
220 466
845 198
691 323
446 969
316 971
29 469
464 918
821 858
346 988
990 453
62 706
232 299
371 504
338 851
715 355
206 479
379 194
738 166
861 194
677 467
379 253
715 971
536 540
708 224
54 993
66 256
650 859
597 812
277 349
838 920
447 611
32 358
612 458
551 127
319 592
319 253
688 595
662 982
293 294
943 815
432 882
158 822
618 954
135 243
673 941
25 318
736 571
633 190
678 587
785 57
723 118
457 182
975 545
886 363
896 895
924 212
596 152
307 315
169 352
954 597
908 40
345 618
585 735
762 379
470 247
356 299
487 208
444 545
976 690
433 31
496 921
99 964
613 727
542 560
280 367
680 575
604 915
317 860
552 548
591 591
506 844
827 310
902 702
511 46
927 363
329 338
56 349
951 331
885 587
231 34
706 22
781 176
241 65
87 660
389 427
613 863
389 374
346 452
747 267
556 785
649 38
298 697
689 711
811 674
727 605
78 752
732 633
145 205
268 884
580 417
989 48
627 793
582 516
290 506
670 938
228 939
573 710
772 626
28 387
964 447
921 253
493 353
950 814
16 440
52 206
719 262
784 876
688 895
834 971
49 187
787 686
837 136
973 285
727 448
232 209
596 607
603 808
838 694
508 329
491 10
309 12
358 914
69 837
82 902
514 830
525 11
79 881
432 661
774 257
270 201
687 400
793 226
32 757
936 297
761 66
981 326
916 845
947 470
283 599
651 881
370 809
24 504
97 433
426 252
104 730
140 937
381 511
41 293
559 845
576 348
168 405
651 232
68 321
703 701
865 221
908 167
461 247
547 827
384 941
918 604
614 867
24 592
238 372
978 191
382 89
996 187
534 38
709 999
481 79
673 86
729 428
8 350
657 110
639 344
667 550
523 450
224 688
893 545
504 556
791 164
837 640
628 620
471 744
121 355
738 637
369 889
226 652
413 313
933 897
426 343
12 167
159 975
992 448
42 706
238 180
971 747
529 426
371 630
553 421
854 930
754 509
673 23
209 592
575 649
811 340
723 70
709 862
549 633
462 135
768 571
406 505
448 744
75 557
116 705
483 837
933 963
11 788
159 391
487 652
938 695
85 940
271 125
446 345
199 172
306 677
240 979
32 611
612 61
232 878
949 6
317 825
174 596
280 220
692 336
528 549
999 332
212 294
411 850
296 4
512 56
927 195
507 41
876 573
786 878
24 291
493 658
915 140
587 836
317 794
795 784
355 123
62 585
627 744
914 892
532 764
250 218
543 963
104 979
619 295
927 608
954 479
429 769
880 792
930 560
549 933
629 831
512 891
318 352
905 104
485 935
935 333
416 271
826 793
107 986
834 505
150 993
732 833
198 594
611 767
803 698
411 365
724 43
933 346
222 481
812 182
755 809
687 703
458 101
223 574
5 775
402 722
820 604
117 840
362 822
852 194
462 490
278 779
500 355
437 843
883 554
422 44
192 100
498 946
788 625
162 585
301 562
663 425
191 877
260 782
57 465
792 700
908 295
583 488
476 423
249 489
491 160
17 706
894 733
693 941
986 319
216 343
95 232
101 192
9 962
351 305
706 752
728 109
679 476
643 104
460 805
797 631
797 708
427 392
922 931
630 571
754 863
220 291
337 442
783 569
459 43
366 22
984 717
917 564
58 166
433 908
257 808
192 338
845 871
653 989
111 311
455 5
884 781
836 306
341 341
977 839
611 742
67 565
321 990
774 515
881 306
83 373
824 140
666 399
529 285
400 542
449 923
983 493
424 798
665 887
735 595
957 785
409 370
666 875
685 368
493 766
587 897
695 866
960 886
538 656
156 947
712 227
950 631
613 203
366 204
327 312
182 114
589 168
162 313
794 740
459 837
740 36
289 476
142 530
18 634
887 562
977 95
833 796
245 955
983 611
237 865
284 633
469 946
147 141
231 626
801 624
566 9
114 624
61 259
266 712
953 478
302 539
626 60
416 188
958 165
293 232
793 658
659 233
795 599
492 613
700 972
915 853
835 899
813 415
471 596
450 228
566 887
323 621
349 604
316 441
501 610
113 606
137 541
383 868
339 982
454 951
714 490
965 976
946 474
117 653
111 504
278 98
761 743
429 113
915 810
567 681
649 807
106 474
642 142
132 489
871 844
195 762
249 166
135 736
669 840
411 413
156 926
722 848
152 490
396 537
990 911
374 725
427 896
907 986
758 94
53 180
188 493
725 923
65 812
77 263
326 361
680 364
352 585
51 557
947 582
706 434
770 543
472 574
778 604
789 178
812 490
328 53
14 720
706 198
901 205
770 448
337 853
28 84
259 157
690 237
55 433
190 707
53 425
4 857
246 259
189 318
169 367
76 243
548 453
552 988
796 946
587 93
167 839
486 626
133 744
341 287
41 174
847 369
666 477
875 975
264 450
232 333
918 699
236 157
548 562
561 645
321 632
763 919
296 994
678 548
385 991
666 59
379 591
141 335
757 635
689 567
824 422
54 813
592 662
426 503
290 598
986 788
952 108
790 587
481 979
533 633
65 845
616 158
655 289
838 755
421 897
726 157
762 898
323 4
153 283
432 646
57 683
582 580
627 462
243 541
795 285
715 737
936 233
621 424
164 986
822 961
266 151
754 868
714 366
309 747
709 211
132 759
765 966
496 808
833 856
484 969
830 812
20 172
993 832
242 6
998 424
365 709
670 9
33 801
810 482
530 43
138 539
838 580
385 264
52 197
443 729
456 316
756 260
337 156
771 124
452 320
451 781
201 671
990 88
218 23
188 23
178 802
711 378
14 603
804 732
636 136
421 550
602 769
723 529
485 13
787 785
523 343
804 608
626 421
219 280
917 346
825 568
760 840
965 246
151 90
803 432
173 983
694 278
357 729
87 767
881 899
444 902
961 622
636 497
964 957
36 194
626 793
2 862
487 35
614 269
415 404
230 582
398 1
572 361
931 431
747 790
859 897
840 777
220 151
387 464
812 317
627 768
878 272
84 74
937 139
826 577
242 809
942 345
505 642
998 504
388 626
745 331
509 734
252 899
887 614
160 999
53 688
433 270
24 36
390 529
607 996
116 971
528 353
890 527
63 747
250 436
514 866
357 889
997 389
685 102
921 550
980 730
770 343
938 356
983 23
497 342
676 404
1000 186
445 83
83 716
126 605
983 826
271 608
229 249
330 982
986 574
549 565
49 35
995 685
310 761
670 110
621 421
249 984
647 834
484 868
239 945
467 576
53 863
892 915
983 448
167 623
506 433
946 505
781 133
678 664
90 298
929 288
134 444
753 435
954 839
135 1
519 575
687 392
581 122
838 947
211 984
71 470
293 640
327 400
411 433
900 30
203 945
329 240
976 717
150 17
838 642
120 594
316 207
863 619
601 568
845 727
168 807
971 815
995 749
692 82
495 990
406 773
947 48
84 799
856 699
551 502
938 184
353 75
318 134
165 858
577 253
111 10
527 611
392 585
391 616
390 248
268 863
134 498
829 779
610 475
244 395
244 607
132 703
754 676
436 161
281 172
495 277
175 868
46 675
573 612
487 552
275 592
130 874
205 603
354 961
951 784
301 469
479 319
340 952
233 192
25 963
278 328
938 696
561 967
784 834
713 686
897 37
189 172
971 581
435 895
715 316
891 861
191 482
683 587
145 566
949 971
741 716
834 599
897 993
302 8
542 661
46 435
886 150
679 435
888 344
97 892
681 839
330 509
356 862
64 110
880 164
731 165
482 449
484 655
420 208
626 590
449 625
899 247
439 811
292 35
559 8
831 669
273 229
580 309
3 808
370 859
167 7
