90 200 5
561 376 3
647 754 3
165 872 5
957 297 5
539 216 3
308 278 5
923 623 4
425 169 5
370 425 2
549 317 2
254 837 4
448 542 1
180 652 5
677 587 5
100 748 3
838 515 4
815 779 5
203 559 3
346 897 5
652 30 1
406 49 3
733 371 1
396 735 3
136 883 3
923 846 5
88 83 1
909 857 5
704 816 1
804 499 4
797 639 2
378 605 5
919 171 3
640 818 2
40 16 2
156 809 3
871 743 3
770 71 4
382 799 5
707 184 5
241 866 5
555 51 5
512 520 5
140 335 5
332 248 5
274 675 2
281 992 4
739 543 3
110 581 1
13 228 2
883 390 5
61 961 5
472 736 3
802 8 1
281 25 1
797 418 2
422 648 2
127 331 4
182 453 3
731 50 5
208 341 4
144 263 2
591 519 3
487 853 1
651 638 5
270 41 1
985 428 1
560 339 3
760 442 5
485 211 5
773 329 4
396 71 5
988 385 1
772 180 4
405 26 4
527 379 5
327 458 2
317 595 5
144 183 2
706 183 3
417 313 1
389 602 5
927 318 4
526 791 3
828 602 5
256 722 2
376 331 3
90 195 2
811 665 2
567 617 4
512 121 2
24 804
831 931
594 711
684 784
440 579
424 31
580 580
701 655
123 433
692 310
368 22
372 122
597 821
558 166
221 445
238 820
263 507
415 646
775 329
134 653
497 203
291 681
870 534
416 401
385 5
590 653
418 960
584 817
562 115
639 253
968 669
649 715
633 467
205 986
282 748
637 945
501 893
496 565
180 168
765 901
287 475
577 18
751 526
781 673
796 294
233 83
850 770
302 334
674 628
756 540
500 710
509 591
558 698
878 981
845 827
80 881
111 736
803 429
569 771
324 642
499 868
85 986
96 764
137 11
403 597
366 224
247 830
435 517
478 598
707 498
630 229
280 900
960 479
639 820
641 443
813 186
102 835
316 77
518 564
892 541
816 795
478 555
1000 311
155 183
359 854
101 963
14 362
438 785
385 461
505 796
579 562
363 254
73 970
354 34
692 817
258 585
414 952
201 770
433 792
572 556
584 555
868 874
300 90
199 322
782 537
962 673
643 618
367 37
930 29
729 264
494 55
944 813
624 686
665 325
725 956
484 763
296 251
794 722
856 936
704 169
522 556
364 421
960 919
840 445
236 342
714 414
12 55
883 493
338 334
337 253
388 157
202 823
957 62
666 206
317 165
346 391
445 352
918 326
672 455
322 44
417 426
975 803
365 609
273 412
958 556
965 749
729 298
345 798
443 136
757 211
359 667
128 701
385 244
108 217
515 757
547 715
974 869
630 73
239 915
55 486
511 459
712 995
99 675
104 304
657 955
981 121
773 863
12 382
390 32
340 327
376 204
185 321
571 209
433 359
586 783
335 620
624 258
899 986
706 533
151 700
879 511
477 852
770 526
548 461
859 454
830 178
430 12
434 167
128 888
500 596
77 436
466 980
677 256
334 783
103 94
111 38
722 308
835 239
362 336
874 165
