50 524 30
670 455 26
252 775 11
763 673 6
693 984 17
262 799 6
280 148 30
410 972 3
890 27 10
550 807 20
268 92 10
111 713 10
47 944 2
998 82 10
270 260 17
29 347 6
505 649 12
19 909 18
608 752 19
234 819 21
481 658 3
491 420 16
617 628 9
174 124 16
112 991 9
841 242 4
759 64 10
845 468 19
151 780 27
378 662 18
30 387 11
684 461 3
576 517 30
421 497 17
951 708 26
100 31 18
551 679 16
906 101 25
699 460 30
503 523 22
369 673 5
468 583 5
391 620 8
471 442 23
422 885 18
512 14 20
109 539 27
691 737 25
448 733 24
675 247 17
896 973 30
78 722
527 346
30 632
714 61
335 80
470 270
329 876
95 624
665 492
216 525
182 543
74 407
311 846
378 104
691 547
17 154
610 890
841 365
654 866
723 239
313 442
531 724
838 296
823 503
751 835
253 975
78 938
196 730
255 267
66 509
188 549
788 543
74 174
658 929
512 868
307 34
645 149
308 108
170 574
710 647
532 794
213 473
3 643
614 687
200 887
185 858
170 433
18 813
349 138
49 82
830 43
907 646
870 122
907 600
808 379
317 255
688 713
151 816
149 894
139 511
844 26
932 929
571 370
62 881
520 449
710 216
105 689
993 727
562 936
994 9
370 896
453 828
89 117
671 572
12 300
705 628
947 894
979 243
21 973
129 554
296 338
996 868
246 926
785 603
659 624
74 18
668 73
987 975
435 29
853 886
96 833
196 428
373 921
923 858
500 622
918 623
609 880
343 918
586 330
306 766
388 420
910 801
219 196
261 299
924 916
833 298
702 450
107 528
442 260
265 814
507 530
763 821
49 628
450 62
561 231
995 198
223 296
745 873
911 531
269 106
19 787
617 292
621 992
55 836
888 97
483 476
790 304
810 110
677 101
649 201
474 640
320 921
471 556
354 545
991 792
958 479
613 429
149 501
611 767
428 983
268 119
577 385
18 949
672 96
606 464
479 763
985 199
263 457
302 806
289 710
72 173
379 286
456 438
450 573
791 718
798 129
228 166
770 831
242 35
918 546
579 133
38 114
21 152
60 335
682 660
877 747
560 740
60 888
325 492
796 192
802 479
105 920
251 544
392 374
691 976
498 668
569 678
663 444
289 349
614 276
337 761
101 922
35 588
840 554
320 308
197 128
621 205
423 374
579 611
141 686
917 437
311 502
386 452
141 667
16 914
163 265
422 468
903 818
848 972
392 66
12 692
288 758
140 570
207 411
161 470
881 25
133 940
892 626
138 522
907 502
769 29
282 221
67 473
569 356
330 802
406 594
696 70
41 591
239 286
362 361
441 562
641 641
576 298
159 483
413 966
593 649
515 644
946 620
969 728
336 63
725 872
720 596
558 748
56 968
98 489
15 823
942 786
752 671
759 824
921 582
973 577
344 502
945 737
108 161
976 623
201 445
683 362
851 71
559 715
646 504
675 842
6 420
746 98
731 316
165 645
542 990
485 31
768 665
662 514
375 530
437 501
786 364
400 669
554 838
252 684
806 446
448 510
615 664
964 844
939 805
119 185
230 165
477 397
611 491
530 58
950 136
42 34
813 885
956 497
984 943
172 330
616 14
867 753
59 456
601 168
648 348
776 500
287 441
635 321
899 309
469 336
939 511
231 65
331 589
240 409
521 98
366 997
136 706
743 914
501 391
648 701
561 531
594 263
131 975
206 818
462 231
553 995
866 972
157 17
752 431
154 601
938 553
350 952
335 893
910 104
888 789
35 460
275 545
464 970
626 838
732 669
419 15
94 878
570 830
429 26
791 524
802 24
447 62
167 586
986 47
440 163
981 508
566 901
84 244
574 28
367 476
606 802
326 109
157 982
499 404
981 976
747 588
272 153
952 346
71 517
10 38
189 624
799 878
606 319
235 591
785 769
914 760
773 675
559 301
239 655
426 28
797 2
941 609
597 799
669 724
878 425
982 941
83 871
147 709
144 909
137 814
881 825
910 946
935 849
638 481
265 739
522 814
102 142
336 969
363 138
487 435
745 710
404 354
822 588
892 824
107 298
992 566
950 419
920 394
112 128
999 374
851 284
843 314
7 697
333 96
558 484
313 620
589 605
788 143
849 961
48 602
693 38
113 173
595 995
274 213
750 284
318 393
617 548
381 448
673 724
153 693
858 4
776 730
796 764
683 147
693 251
398 615
582 551
675 77
285 501
333 557
826 813
675 394
740 8
772 860
31 990
358 842
241 193
27 19
838 652
174 661
156 266
577 377
915 63
698 319
880 117
274 132
272 858
965 996
997 34
527 369
371 959
415 991
598 62
631 77
635 405
986 202
781 460
432 474
125 913
474 711
165 217
905 993
471 688
570 294
933 139
967 45
38 304
562 599
882 900
106 325
611 887
494 455
20 47
690 438
886 690
132 720
484 30
36 553
546 318
903 986
398 361
815 159
991 103
491 474
427 322
191 321
41 298
366 766
98 481
338 208
917 267
817 224
627 745
578 888
472 188
56 292
677 280
857 522
306 454
716 83
261 961
488 667
684 804
970 888
735 743
922 904
45 764
304 74
309 164
772 225
306 206
194 574
720 517
725 243
266 244
126 938
696 401
198 407
394 747
494 331
41 416
766 680
949 954
601 435
73 61
460 301
613 898
198 174
379 797
283 314
369 38
283 738
90 622
404 403
808 351
859 261
703 203
218 49
