80 706 30
196 996 19
920 692 19
908 713 6
456 375 7
413 908 5
511 270 12
1 694 8
521 672 17
925 131 18
508 604 9
505 170 11
206 113 14
856 353 16
519 78 17
692 337 12
621 636 8
276 159 28
539 261 26
376 698 30
657 846 20
488 585 18
167 400 30
525 174 11
259 532 8
36 124 1
588 199 21
437 452 4
549 102 14
332 55 17
891 859 13
833 440 21
629 936 3
780 211 6
367 256 6
543 994 3
525 807 15
375 550 1
799 400 8
816 182 7
963 686 20
854 374 17
359 730 1
506 747 20
856 489 24
47 586 7
358 226 12
299 603 8
407 547 9
117 938 3
648 768 22
398 487 3
500 320 19
622 977 18
643 96 5
434 148 2
317 449 13
805 961 9
283 314 10
209 937 23
672 847 10
65 884 8
240 523 7
818 797 19
447 82 26
644 136 10
85 580 27
797 866 1
874 803 7
947 165 13
38 461 26
25 43 12
912 285 11
144 951 2
118 985 8
379 823 3
187 138 28
130 713 26
522 435 21
417 199 12
781 792 26
73 519
737 483
470 261
871 141
414 923
22 527
393 181
706 875
797 994
425 926
448 500
203 659
815 713
533 986
758 792
551 477
3 302
312 881
668 495
244 914
690 985
489 389
477 880
85 577
328 650
427 924
761 287
547 749
997 604
738 410
895 249
523 365
532 118
93 868
6 777
28 262
552 119
215 303
917 460
640 971
758 814
651 829
6 868
947 105
941 941
463 665
453 724
994 992
613 491
441 433
794 352
976 297
858 203
410 999
54 369
599 708
55 164
592 779
923 947
223 363
262 487
973 260
179 582
653 103
787 563
610 208
522 104
952 479
994 626
276 549
863 641
134 445
904 31
728 538
528 114
555 373
495 813
604 981
448 188
335 841
836 115
508 418
920 697
666 679
605 333
174 824
619 587
311 291
847 782
548 789
703 547
965 484
125 640
140 580
584 920
422 655
620 826
72 881
649 883
837 91
225 446
405 835
407 63
488 375
33 791
375 867
289 961
528 903
84 694
810 878
266 315
20 355
388 941
732 437
76 208
823 969
302 682
574 508
776 285
113 353
885 73
403 168
791 232
314 312
739 614
143 77
301 244
633 150
140 688
785 430
979 874
19 168
650 581
776 218
774 832
240 916
564 105
481 75
62 737
583 547
331 216
519 846
355 998
35 547
711 526
183 328
726 351
798 487
627 261
483 487
398 931
955 981
297 822
85 959
937 920
313 363
327 234
38 676
143 595
544 720
14 140
108 97
922 962
245 902
949 552
905 870
897 216
277 172
593 737
827 374
891 958
350 976
906 867
926 12
60 830
816 598
341 49
528 47
21 231
639 872
48 8
621 749
592 158
845 618
558 55
944 963
854 125
696 64
696 397
511 602
708 67
728 208
810 473
493 930
801 419
970 85
511 97
745 879
551 250
453 178
249 721
694 930
100 747
777 559
192 671
397 464
84 374
86 841
603 393
726 202
650 805
540 310
804 185
930 606
884 109
79 600
747 886
506 949
543 134
943 273
147 870
180 137
991 302
718 722
188 234
562 664
516 260
376 719
474 152
569 780
479 18
598 161
397 462
603 874
299 396
282 956
979 839
744 675
374 25
247 48
809 12
105 508
961 158
124 936
72 95
726 462
847 536
147 803
349 104
261 18
423 330
886 514
354 935
825 261
586 988
548 291
25 924
406 139
1000 490
462 913
867 363
936 876
591 139
612 249
293 69
163 925
438 969
645 278
401 782
811 747
180 690
799 834
422 572
255 92
260 320
740 843
799 369
273 355
1 107
140 632
247 113
495 394
354 853
250 622
913 193
800 626
236 205
360 477
958 37
644 976
637 588
485 204
848 464
557 865
294 130
287 514
984 727
212 142
111 27
658 869
655 200
810 630
457 113
152 336
917 116
1 606
671 378
376 125
144 878
675 595
336 255
983 13
430 470
921 729
599 451
652 605
764 670
133 572
250 304
828 687
79 874
76 912
121 98
651 491
78 472
616 843
204 847
136 711
300 386
762 665
137 886
449 796
990 432
786 458
223 480
905 763
282 188
672 387
998 484
956 198
61 469
240 468
508 750
655 163
997 761
26 153
136 542
954 118
280 974
394 178
420 283
780 82
312 402
459 677
683 450
23 802
386 667
559 513
799 411
699 787
188 231
907 328
356 129
586 871
765 663
951 610
445 448
856 227
332 47
299 466
892 736
466 722
105 33
339 912
104 913
979 958
787 704
338 78
192 204
953 378
166 131
25 698
546 214
73 142
551 768
731 802
884 460
859 690
634 407
435 930
566 892
86 755
288 87
2 164
51 614
999 338
917 430
909 894
438 747
875 451
521 311
12 252
742 962
375 733
737 369
126 429
958 104
775 104
636 575
454 94
348 844
473 246
800 695
638 432
25 389
245 75
988 716
681 941
37 464
598 852
573 377
807 560
309 606
405 213
866 85
799 415
453 370
663 880
424 23
907 702
416 240
460 421
194 146
734 934
338 483
496 322
982 132
175 619
610 633
141 915
952 767
841 92
512 102
279 525
891 408
233 465
269 703
32 954
382 592
170 225
680 71
722 660
321 793
381 66
920 995
916 153
718 864
385 135
988 916
532 90
218 371
813 760
877 776
766 657
412 784
260 139
443 943
471 687
496 345
959 799
523 492
103 368
15 18
57 885
886 975
558 342
442 325
598 208
306 234
209 435
228 926
501 765
241 629
213 860
287 660
426 579
856 503
587 328
243 832
989 494
800 242
673 135
984 902
238 570
690 465
113 886
400 667
296 810
387 654
171 247
519 321
802 690
402 238
669 406
901 693
352 794
214 277
363 898
783 118
16 504
778 542
469 701
115 986
968 620
807 79
241 2
913 838
399 321
432 517
934 780
192 911
309 492
629 19
396 443
738 632
580 289
151 253
911 31
896 897
379 812
214 721
297 526
95 185
80 931
969 203
933 331
571 840
584 19
110 223
573 499
810 617
23 827
953 441
564 941
83 999
269 635
496 987
272 445
11 287
662 295
215 994
338 654
966 644
635 964
795 593
415 959
200 935
728 44
967 275
258 196
355 135
168 25
261 731
899 445
426 920
374 192
918 69
735 212
637 428
306 874
727 229
80 173
850 91
734 891
214 743
840 634
475 134
264 100
168 941
77 783
779 869
853 188
767 281
876 892
839 300
443 950
43 627
918 617
732 375
136 436
607 125
95 164
177 46
938 241
848 229
257 908
176 785
392 241
111 357
54 622
865 779
899 254
526 546
302 605
815 501
433 779
907 305
70 668
5 498
30 119
914 550
350 761
809 784
725 186
703 800
913 65
474 87
344 148
221 560
286 743
636 44
175 401
247 537
924 35
149 751
569 672
94 269
100 577
898 688
616 720
710 942
983 812
845 655
600 836
891 682
791 787
107 83
855 319
646 399
377 803
422 284
263 639
624 468
90 426
249 679
838 559
707 568
658 398
967 34
523 265
32 5
109 213
969 986
986 65
665 410
730 799
260 121
426 77
818 560
162 148
743 408
939 335
494 896
281 987
932 912
408 799
82 162
286 226
148 537
538 195
254 4
728 866
212 741
340 751
503 16
797 157
812 779
739 256
242 239
535 169
44 840
116 957
880 112
698 799
318 999
638 447
303 340
15 504
365 596
573 985
76 552
195 288
557 740
811 580
123 536
810 539
949 713
423 440
403 137
249 114
559 37
10 927
456 950
40 193
3 538
579 191
