80 804 30
389 394 26
909 762 17
364 835 13
394 582 9
568 866 8
8 590 23
808 82 5
999 610 7
365 845 9
877 435 21
408 344 9
939 950 11
524 851 14
345 111 22
946 648 14
523 55 14
82 802 24
33 200 22
708 208 13
108 316 7
413 566 16
143 246 17
548 766 30
326 881 7
401 758 16
421 783 15
659 430 26
455 473 20
462 507 9
134 55 2
292 317 16
747 831 14
64 521 28
870 402 9
672 166 16
167 630 18
81 646 9
215 302 30
828 531 15
211 718 25
241 817 23
351 335 20
40 864 4
894 547 6
965 734 7
537 178 20
628 349 25
223 456 12
148 148 13
616 80 6
426 36 18
181 513 3
333 864 30
164 973 16
268 378 14
870 876 29
86 74 20
536 951 29
365 994 3
513 224 20
680 667 6
701 923 22
322 559 6
674 585 25
556 868 2
198 185 23
118 361 14
226 632 18
902 350 19
5 792 19
119 143 7
349 623 20
983 574 8
493 297 7
384 47 13
395 264 14
574 59 11
609 341 17
309 57 5
766 599 4
40 64
529 624
507 759
842 33
812 592
178 889
232 184
55 26
241 910
894 559
676 372
194 479
533 490
479 726
21 894
881 599
450 46
395 284
20 438
694 411
714 573
582 239
973 146
337 159
950 951
865 795
855 804
100 789
871 929
80 881
489 25
540 646
132 321
370 583
637 526
520 776
642 190
37 684
560 749
409 4
939 724
165 238
286 106
961 908
557 353
521 792
223 420
636 439
6 531
526 486
961 269
21 398
751 612
410 720
666 159
486 241
462 451
885 8
213 362
494 348
346 32
56 264
407 262
906 481
392 907
784 752
421 719
294 667
588 343
99 64
537 685
884 525
954 800
248 335
628 241
669 762
492 137
301 694
668 956
150 914
287 573
906 647
257 818
330 709
565 257
524 853
390 916
565 992
617 161
419 665
459 589
269 713
708 80
542 476
644 64
518 854
62 393
654 607
647 470
517 66
860 310
264 365
399 513
811 180
776 927
332 201
526 15
975 338
771 599
407 173
959 821
110 802
236 814
561 650
662 583
182 452
954 487
906 181
331 912
893 89
646 666
98 239
538 43
795 956
82 401
892 132
581 128
700 283
788 749
734 176
815 258
128 497
922 910
762 173
654 239
729 110
937 755
417 512
468 851
503 720
183 332
724 330
996 130
111 593
261 512
727 4
265 62
164 472
564 45
225 514
617 211
164 812
79 642
196 878
812 183
793 61
851 188
462 10
323 75
160 729
804 882
544 353
404 244
958 724
829 510
87 503
72 298
249 790
559 657
234 620
351 209
415 540
505 2
15 218
509 783
823 155
571 535
573 504
818 300
984 579
192 157
355 76
492 232
260 657
320 329
247 669
144 874
184 555
850 26
153 59
222 928
989 571
128 420
98 133
458 695
889 382
628 948
424 77
226 911
506 921
439 353
430 737
438 879
302 755
773 703
160 553
653 357
160 9
612 387
497 590
670 17
265 311
886 333
587 932
641 141
784 487
847 283
231 838
391 920
151 426
687 263
33 765
714 163
81 306
410 792
694 679
988 999
870 833
791 922
683 954
64 924
556 362
806 894
598 343
415 953
256 291
843 237
829 429
121 6
416 729
583 264
464 196
53 184
969 435
935 692
215 262
398 285
437 853
971 314
258 317
550 761
44 86
743 992
637 692
941 95
145 508
369 154
488 701
492 558
835 688
377 581
660 604
736 499
776 776
793 99
916 128
327 205
139 504
533 969
658 630
763 733
136 772
649 380
774 751
524 238
662 359
330 980
518 211
100 865
332 11
284 858
219 595
842 905
92 446
634 626
24 943
712 858
519 711
44 366
953 945
975 909
864 528
35 836
107 264
8 725
793 543
806 590
183 852
959 271
782 734
939 398
835 436
378 1000
694 680
686 641
779 381
604 425
278 803
43 125
195 931
952 155
793 169
131 752
253 70
541 598
389 28
154 591
566 655
271 609
48 86
538 279
983 966
338 25
493 777
147 265
474 13
833 776
414 968
85 258
810 101
884 381
795 971
136 376
497 372
220 730
661 764
936 520
659 910
6 273
988 291
978 845
667 962
231 564
722 966
758 424
221 177
774 692
269 735
582 737
609 604
731 231
43 740
573 74
331 497
818 514
971 431
644 93
925 180
206 261
658 814
819 321
552 604
318 66
436 295
294 187
761 761
685 790
982 506
176 101
398 399
363 592
104 505
141 341
954 963
399 615
15 914
536 847
822 241
873 944
888 974
279 165
38 828
72 739
792 869
526 812
566 856
954 670
899 188
476 609
481 432
914 974
395 948
186 206
815 383
403 35
554 439
129 922
965 350
291 606
633 266
722 436
328 809
274 669
874 303
144 421
176 634
725 375
518 370
5 723
32 678
585 146
526 134
301 970
322 476
435 648
782 543
23 52
594 106
936 524
513 750
79 232
11 716
729 773
7 163
83 953
773 157
677 681
734 549
287 158
432 506
114 985
885 931
336 80
839 310
892 853
218 581
831 353
635 186
324 594
799 110
52 957
992 781
975 186
100 824
239 372
634 322
585 326
18 92
338 794
891 663
942 274
388 438
160 31
85 794
508 249
83 450
444 958
390 652
123 990
272 436
7 342
218 648
62 468
332 848
466 161
220 868
477 514
642 934
250 201
630 576
428 89
704 6
247 199
761 264
890 270
996 656
261 112
682 913
407 624
132 418
979 111
91 93
398 885
889 847
251 363
570 209
614 247
369 743
651 728
631 522
883 250
479 664
67 853
888 996
577 359
846 502
193 118
713 788
824 591
393 450
867 802
74 951
328 728
873 921
490 993
557 122
373 759
732 636
162 567
166 42
825 996
849 263
501 895
916 378
786 991
319 830
422 785
423 422
81 830
396 119
461 679
231 260
291 162
330 358
565 215
675 44
721 981
183 574
792 355
219 152
73 834
361 73
673 51
891 870
48 759
85 815
465 510
608 606
314 888
845 178
294 71
130 577
307 437
834 907
481 266
546 444
113 236
832 541
33 812
87 887
115 612
95 976
428 619
808 977
983 723
857 649
609 199
240 670
325 614
882 75
320 729
518 794
968 339
808 883
347 990
645 737
104 703
763 227
804 487
848 706
711 916
408 538
6 46
336 876
28 608
235 971
686 304
831 759
653 285
684 205
4 122
402 922
345 777
17 281
562 643
487 302
557 635
151 873
744 978
196 365
474 263
114 490
754 240
986 225
694 828
935 272
165 812
48 664
626 826
475 466
707 253
33 645
618 111
647 640
895 445
925 945
12 332
520 3
301 909
67 595
847 933
465 512
473 486
446 603
360 582
148 305
377 258
266 754
960 965
773 846
174 254
699 35
137 482
513 574
16 426
710 884
450 406
742 396
585 1000
623 193
636 486
825 559
658 23
851 357
645 603
58 873
957 270
873 949
44 161
373 602
880 987
275 84
399 25
768 60
455 898
59 688
547 839
703 963
250 649
857 717
351 148
901 502
88 23
82 161
696 296
513 41
785 8
483 88
700 213
621 52
751 906
243 912
922 331
964 55
797 815
196 726
139 343
923 315
133 206
996 150
984 89
720 530
113 679
127 848
552 998
942 187
506 127
823 672
20 444
679 301
362 230
734 340
175 605
172 772
210 740
686 61
881 858
876 602
486 45
683 29
37 756
15 350
359 153
994 196
294 722
247 325
566 881
348 576
259 913
107 28
6 7
630 870
541 63
577 512
445 752
146 151
946 235
474 849
652 737
609 740
685 933
561 333
594 403
121 399
277 741
810 735
547 136
190 667
197 55
19 53
762 747
6 891
93 849
854 569
220 820
7 861
805 923
726 996
17 150
215 389
17 455
695 491
19 36
806 359
793 472
883 76
534 830
992 423
575 575
888 35
227 933
741 516
746 657
86 922
505 695
791 28
701 748
307 892
543 235
395 612
404 977
111 193
528 412
243 966
930 762
152 957
9 122
603 863
410 805
755 249
562 684
195 16
320 798
450 963
454 49
820 294
902 853
809 625
421 89
309 765
214 859
384 663
116 544
30 705
671 885
34 572
922 942
70 597
746 481
6 934
156 897
386 383
636 294
582 203
518 41
304 88
110 517
614 719
162 600
861 311
61 894
182 34
842 180
101 824
418 414
718 716
894 164
271 828
441 306
370 73
123 372
566 91
952 510
303 69
