80 820 30
66 350 15
227 48 9
36 160 13
494 420 6
158 69 10
150 160 19
46 496 27
425 153 5
197 217 14
161 250 30
182 326 29
411 415 14
125 439 9
480 282 10
377 93 5
100 495 28
491 262 1
90 275 21
460 303 8
277 53 25
62 407 17
270 393 8
123 130 13
318 327 13
61 8 7
2 24 26
183 32 12
206 139 28
415 384 29
86 499 3
500 486 5
11 194 25
279 53 24
493 222 30
475 326 11
302 461 6
471 305 3
358 200 28
398 34 15
493 474 14
277 272 17
78 474 29
184 281 12
39 322 17
225 373 12
113 291 13
200 185 19
259 477 17
113 277 4
35 499 30
445 309 20
436 223 28
229 250 20
387 260 6
409 494 23
411 235 14
7 340 3
436 467 25
278 188 4
126 67 27
119 381 2
431 466 20
145 201 23
113 443 18
432 17 6
199 295 6
420 64 15
232 266 9
339 137 26
330 74 15
399 426 15
214 171 9
8 282 21
162 95 14
356 365 8
145 298 5
236 177 2
382 178 15
494 272 25
311 38 18
486 302
461 27
151 374
261 479
383 218
62 107
463 6
379 404
494 171
281 191
146 275
69 488
348 375
466 379
457 387
16 369
295 290
313 473
138 425
330 236
496 52
275 95
351 468
176 19
246 92
495 372
74 198
404 89
367 3
49 7
386 438
143 304
267 96
380 334
327 74
221 348
272 70
458 271
198 28
88 30
279 481
30 255
470 197
93 166
60 107
481 446
168 244
95 137
75 120
442 84
414 119
288 359
136 278
437 154
167 413
191 268
477 349
168 217
113 354
169 422
117 101
471 416
172 106
451 182
471 465
301 465
80 248
290 77
215 306
407 165
376 132
79 141
256 241
143 297
233 221
375 149
458 120
395 330
130 281
100 121
71 67
418 289
223 262
74 230
472 379
321 404
271 257
111 116
29 450
410 98
478 148
352 356
245 298
142 15
98 294
299 475
52 62
155 368
58 154
35 309
289 325
452 8
128 180
264 324
460 386
360 44
239 233
462 78
120 442
421 284
367 32
354 351
239 391
223 280
433 251
103 142
482 254
162 81
402 329
311 388
492 149
394 234
489 365
222 6
230 357
438 293
321 271
429 61
47 118
462 13
74 285
269 365
156 396
135 226
62 52
284 288
455 190
45 199
393 322
268 352
161 335
382 288
195 84
49 367
361 385
206 20
4 459
297 18
256 438
442 475
370 101
290 122
33 302
253 83
153 356
308 214
132 442
136 440
316 322
276 117
143 6
439 459
125 135
269 208
239 8
19 18
28 94
286 236
120 391
195 14
319 138
286 5
375 281
473 138
18 257
112 137
88 460
369 441
183 227
275 200
497 110
236 41
246 398
330 8
241 284
99 493
412 334
462 240
202 231
59 151
237 148
378 368
407 229
496 434
221 43
308 62
193 464
34 356
207 495
117 468
193 307
213 279
38 341
336 381
475 284
460 379
295 391
394 200
105 275
413 212
365 289
472 376
474 379
94 242
302 20
355 69
114 214
12 7
40 335
441 443
464 344
5 423
355 272
62 100
323 284
196 489
108 228
321 239
257 79
107 35
474 60
294 392
379 281
45 137
155 425
164 125
305 187
213 409
319 168
362 240
105 48
291 40
221 379
390 326
205 154
498 300
144 207
208 475
155 380
98 482
61 212
197 18
342 474
5 242
499 264
396 406
466 50
370 266
178 466
236 71
462 356
150 376
86 3
480 235
312 12
98 376
391 271
498 325
301 206
152 186
196 45
455 481
473 389
132 268
404 175
326 65
488 350
480 473
346 377
288 408
101 151
316 168
461 175
419 224
136 247
342 337
499 389
33 244
39 312
38 286
112 476
188 364
190 170
334 201
414 266
317 213
146 384
277 298
412 250
499 124
65 8
119 261
108 17
202 349
361 170
404 87
360 170
387 10
291 446
31 263
224 113
435 343
273 52
59 262
308 498
494 27
96 491
271 234
203 463
73 35
226 175
442 482
393 82
132 500
233 382
72 160
293 404
400 263
342 295
468 440
387 15
471 447
371 86
209 65
257 376
143 364
193 72
269 196
471 422
215 410
24 225
99 397
196 198
62 44
192 475
96 317
108 488
48 269
418 96
478 203
370 445
285 499
445 184
374 426
387 298
371 414
145 257
188 72
169 41
375 417
263 170
38 96
311 338
262 363
277 457
464 162
186 135
336 463
451 330
244 23
116 362
62 209
452 82
486 408
151 152
33 445
21 378
263 90
136 489
422 238
411 146
263 12
285 34
391 459
198 174
196 425
446 305
324 97
389 220
96 454
42 331
150 21
437 435
132 462
441 229
471 216
375 158
237 21
230 88
226 224
282 104
35 194
183 310
387 386
497 244
11 278
125 9
5 251
210 226
72 259
8 308
16 59
166 438
106 102
45 462
330 394
327 300
262 433
103 207
23 293
182 375
492 91
347 55
219 150
482 371
318 270
259 445
452 10
237 310
294 254
62 379
68 22
98 436
300 435
454 410
155 8
149 25
45 225
26 340
90 91
369 402
350 237
223 320
225 53
175 340
258 142
237 101
149 420
333 348
311 452
327 78
457 246
435 230
375 207
101 98
62 240
319 137
255 49
156 289
224 130
342 442
186 449
19 213
384 313
441 341
364 463
348 449
87 218
253 63
411 252
20 433
194 369
209 424
184 185
439 122
202 149
357 231
100 215
492 413
234 446
304 39
252 43
293 273
4 254
486 131
466 11
316 405
262 340
142 415
488 223
159 391
410 19
342 373
138 394
99 316
84 380
223 498
243 353
344 394
280 87
107 464
467 138
22 374
353 411
297 349
470 7
65 113
276 411
421 167
484 132
268 164
194 463
80 335
204 328
206 454
385 348
471 149
19 309
306 245
137 489
483 401
171 320
420 237
397 468
166 478
212 361
124 69
263 200
375 429
375 380
75 203
236 316
79 11
262 248
22 363
409 283
15 415
255 426
222 202
141 319
107 158
376 372
83 81
363 292
64 100
257 46
139 192
118 289
145 385
262 406
22 34
476 494
406 6
217 469
336 362
377 460
316 264
385 88
455 399
168 126
106 342
86 301
138 48
228 178
455 321
342 185
165 422
321 409
476 79
448 183
136 125
250 358
420 363
207 183
193 94
47 469
277 139
426 59
480 458
197 83
478 205
293 314
160 431
3 427
261 248
160 217
28 484
296 472
142 78
197 475
408 218
383 295
142 183
20 330
11 247
61 479
388 211
421 425
395 37
76 461
29 382
336 69
168 118
210 447
55 235
39 434
248 17
78 243
421 61
259 494
470 84
36 398
215 70
286 463
172 3
195 131
375 377
340 295
493 4
80 476
498 293
334 350
24 187
189 163
467 136
491 248
415 290
385 408
191 352
415 491
327 340
176 446
438 335
383 131
358 307
248 171
434 225
139 174
15 189
129 499
76 36
258 466
317 394
80 68
198 45
496 329
51 320
40 192
30 221
320 473
320 212
8 52
478 219
266 169
7 473
194 269
200 492
13 330
83 307
50 419
4 126
140 50
448 471
487 341
486 106
488 325
211 170
391 303
175 382
385 455
18 348
483 214
151 304
37 44
199 481
441 281
231 123
37 483
353 401
263 281
233 373
195 2
441 104
493 102
209 397
99 276
131 117
232 257
360 414
49 154
471 418
125 178
202 134
117 202
15 51
223 219
79 454
36 302
57 92
3 154
263 80
24 276
368 4
253 58
341 373
486 327
459 89
116 76
248 217
394 37
439 19
405 162
10 334
235 125
458 424
131 186
220 186
93 106
26 4
1 126
380 50
499 7
230 63
3 117
498 134
121 233
125 394
284 474
102 317
14 202
273 380
33 45
17 352
244 326
403 399
253 347
107 64
357 303
17 234
22 334
446 376
394 416
303 354
185 14
152 462
332 17
32 192
262 461
103 200
138 188
12 285
335 226
248 425
305 208
14 140
445 294
381 211
125 265
348 136
322 404
339 178
246 448
377 493
389 312
133 423
495 99
314 459
458 151
202 42
19 237
201 371
113 350
93 87
219 480
270 7
284 102
327 57
55 420
38 360
389 166
319 219
272 85
31 292
419 335
482 79
456 3
496 85
450 315
207 129
339 156
376 373
380 189
18 306
59 320
202 203
281 174
342 334
353 24
195 341
159 93
456 305
409 2
283 368
261 181
421 491
163 167
277 387
140 53
227 63
280 307
349 445
468 360
369 485
400 105
435 69
249 232
91 334
368 379
280 382
484 37
