100 1046 30
215 446 14
392 470 9
344 71 19
75 59 13
220 363 12
230 361 2
485 280 27
373 28 15
235 160 17
19 21 20
479 373 29
133 350 14
390 247 23
433 257 5
393 210 5
315 3 16
55 320 13
220 437 5
342 439 5
267 381 26
87 481 22
497 471 18
168 486 30
202 472 29
212 70 24
259 436 1
423 333 22
217 42 30
152 14 9
179 127 27
169 406 19
97 370 15
350 30 13
60 288 11
278 475 3
220 318 15
441 45 14
240 327 1
255 238 12
492 15 21
450 24 5
193 239 30
93 197 27
479 34 7
5 102 10
419 215 10
309 257 11
194 55 19
396 366 17
200 50 24
308 113 5
22 107 4
105 335 17
34 327 17
306 237 29
40 481 15
40 137 28
312 361 24
39 24 10
92 193 15
373 312 11
322 460 28
382 14 17
171 363 16
489 187 16
496 207 25
232 246 28
62 463 22
301 48 5
120 110 13
182 373 29
449 423 1
282 186 23
37 58 12
380 297 12
277 181 4
481 402 24
420 248 6
338 266 7
475 95 20
364 46 5
334 451 21
464 88 1
447 470 23
237 250 5
406 327 20
351 407 4
318 132 18
469 348 27
52 116 18
353 15 24
288 26 8
292 118 9
492 34 16
359 145 15
253 265 3
157 191 23
128 416 25
386 191 11
169 449 24
22 271
465 278
420 116
176 35
204 213
71 191
83 14
410 398
50 358
146 446
130 52
79 98
363 443
230 457
189 282
310 116
13 431
13 243
59 340
53 419
186 141
32 446
150 415
496 107
118 471
41 331
187 134
117 496
24 8
331 439
176 315
96 329
164 493
386 36
442 204
377 245
434 443
249 55
322 375
87 354
158 118
211 199
112 358
415 71
386 479
371 73
38 352
457 280
443 493
130 345
473 273
426 451
305 121
73 79
17 146
371 54
433 248
39 62
492 150
460 172
39 266
283 312
252 71
34 390
443 227
68 141
340 240
493 286
219 45
334 396
285 424
233 239
184 383
3 395
465 375
102 59
21 355
39 151
311 342
448 307
134 137
430 16
97 339
126 201
184 332
443 173
418 1
279 458
370 205
410 383
18 498
29 90
319 453
355 204
417 142
283 202
273 348
254 130
217 397
260 85
163 303
212 268
164 446
27 394
402 497
243 430
403 52
140 140
463 318
416 141
285 464
241 400
296 160
76 280
99 277
133 494
319 129
235 329
79 303
336 139
396 494
445 11
147 150
270 91
146 309
95 122
23 235
80 308
497 374
23 407
113 371
328 373
104 14
72 395
373 449
451 381
156 226
482 351
64 98
434 292
305 175
390 439
182 189
168 20
319 154
271 421
9 489
392 403
418 15
152 58
479 115
440 212
149 458
154 221
122 160
70 489
71 310
417 318
477 203
419 76
407 366
470 340
195 245
127 255
84 394
398 262
175 11
143 496
458 418
138 153
291 494
358 167
124 492
334 266
356 276
331 87
32 199
215 255
364 453
67 480
198 378
461 128
52 71
378 248
178 128
202 276
326 345
477 343
139 303
479 399
197 61
450 246
176 237
79 484
273 353
213 80
126 324
78 287
146 99
497 333
450 317
196 425
364 238
491 58
265 372
318 448
113 220
469 132
239 263
9 253
253 183
294 164
26 441
422 475
116 156
409 337
352 152
343 315
358 9
294 432
303 158
144 373
284 481
406 90
40 220
483 413
72 156
335 327
17 386
450 450
498 180
393 189
74 348
420 70
251 268
237 375
155 164
444 80
232 457
88 368
238 496
116 260
82 155
315 74
80 447
247 292
5 391
94 79
175 189
383 80
240 157
159 500
179 10
312 220
389 219
271 499
409 412
140 55
45 383
73 283
89 445
187 284
193 305
21 395
198 393
295 116
454 499
31 482
36 406
361 87
451 158
212 21
426 280
278 380
417 329
488 467
286 84
197 35
210 5
262 304
79 193
442 327
90 379
298 121
174 415
111 194
435 295
392 280
325 145
75 267
462 472
202 220
353 291
322 306
408 229
447 432
274 461
224 181
140 113
133 141
92 209
130 205
297 467
307 73
72 384
77 23
182 214
189 348
368 367
138 55
370 284
416 299
53 320
417 179
412 354
87 111
431 9
264 300
110 351
175 146
364 486
71 359
41 446
94 496
21 204
443 459
210 367
474 334
199 246
156 243
276 432
431 279
375 466
349 201
468 451
492 64
254 169
18 204
358 153
76 353
374 392
372 385
374 337
43 104
231 84
215 85
269 214
459 243
38 74
344 54
276 402
12 368
103 453
375 21
321 396
238 103
444 229
13 354
70 199
79 367
101 23
82 276
443 72
384 390
399 338
38 294
318 188
401 493
56 369
449 32
500 297
180 443
437 97
110 205
114 16
291 423
79 93
85 36
453 393
94 479
444 326
64 88
135 311
393 488
113 391
469 108
226 56
465 67
397 438
315 68
279 424
187 358
274 192
442 44
175 119
466 24
73 257
310 70
326 138
231 192
432 420
201 176
197 140
348 271
348 175
392 102
180 406
336 162
120 458
433 402
305 374
491 397
315 146
220 323
469 479
420 280
259 491
456 468
42 455
423 29
207 236
222 368
27 347
477 405
215 202
270 384
110 33
49 363
89 431
311 296
245 157
70 316
405 15
394 460
120 169
182 471
47 46
418 171
414 488
443 285
133 124
54 254
315 22
255 280
314 176
289 488
273 99
94 1
305 40
61 160
358 80
249 374
409 257
220 257
73 21
353 229
318 454
341 321
66 305
283 334
157 6
172 347
310 324
432 440
139 386
222 286
317 447
354 427
238 221
29 20
141 81
399 461
497 42
491 358
231 210
271 64
297 45
122 484
421 311
252 279
462 210
474 36
450 319
480 445
360 32
410 168
96 74
91 447
271 481
441 137
104 230
164 282
284 154
277 339
65 418
284 225
451 159
267 249
173 330
364 402
266 87
94 336
249 247
452 214
97 499
56 250
143 270
377 60
202 340
472 95
283 446
95 458
137 383
498 237
398 343
437 250
266 58
465 22
83 500
145 403
257 61
335 45
470 79
106 402
384 303
311 437
370 31
188 174
469 85
407 464
239 276
391 56
340 55
466 94
309 466
143 374
406 244
287 7
383 237
360 331
42 313
438 193
158 335
488 487
194 373
443 302
287 390
257 104
232 235
136 332
20 149
275 367
400 280
18 285
271 497
24 483
128 103
154 51
302 45
395 282
40 5
323 92
92 489
454 138
99 237
385 177
317 272
198 295
381 51
311 318
219 419
135 325
216 142
51 2
416 414
48 58
81 4
245 286
384 109
310 239
267 399
1 495
327 436
315 231
227 302
392 173
355 420
269 226
304 474
341 10
99 472
172 238
268 345
29 252
417 376
160 5
296 244
281 456
40 213
77 362
66 93
400 158
484 438
167 363
184 256
12 347
280 89
279 119
104 443
258 192
321 132
302 169
305 107
201 2
4 299
219 1
421 354
486 315
276 489
69 198
81 461
139 410
41 389
212 361
219 92
426 33
243 112
229 495
232 298
231 270
114 432
432 443
58 483
433 122
342 181
433 242
363 465
196 213
430 75
373 413
472 450
83 125
43 302
304 495
10 207
326 341
236 342
111 81
166 96
263 360
468 70
310 92
97 292
2 295
207 25
98 219
127 169
202 158
260 51
398 397
256 494
62 370
87 33
261 358
79 158
276 332
376 287
158 369
257 182
248 45
381 197
158 179
82 493
304 182
402 428
141 187
388 195
143 484
33 3
276 215
14 133
253 209
451 156
426 461
160 363
211 499
484 192
409 286
39 382
253 239
256 24
173 470
23 77
107 139
44 399
208 7
471 151
233 453
431 76
119 294
340 277
223 404
129 414
390 217
326 21
477 322
138 352
276 233
414 252
290 296
197 415
12 133
10 286
71 416
172 77
391 207
317 228
345 463
19 164
466 175
182 336
464 385
186 282
151 346
285 499
66 32
301 178
473 115
113 369
95 31
286 87
216 69
146 175
386 482
485 292
257 418
27 148
355 34
338 50
77 9
410 396
281 489
420 55
365 381
256 425
262 431
445 494
158 242
374 225
91 60
130 90
178 147
474 335
254 471
198 494
381 236
53 185
409 449
82 424
234 336
406 48
461 346
48 120
225 407
57 99
152 72
86 413
43 43
12 218
401 200
412 297
157 187
229 400
197 235
132 496
365 241
305 444
440 383
93 154
376 300
90 450
326 287
85 183
222 61
369 450
432 258
136 171
500 54
266 386
5 221
102 24
371 134
42 63
358 206
404 257
13 207
187 126
322 284
429 28
45 277
4 468
246 243
52 454
94 405
478 162
466 445
193 46
478 259
54 260
446 110
357 386
107 191
126 9
30 489
420 299
379 404
250 149
476 163
322 122
250 49
306 141
22 134
390 426
217 447
191 324
39 262
480 461
19 466
100 102
289 195
384 294
385 185
331 225
407 60
294 139
500 490
141 61
493 25
444 91
153 150
36 74
146 491
230 315
297 55
271 58
106 166
473 359
143 6
399 168
307 292
353 271
467 179
362 255
105 294
49 439
428 153
210 66
90 78
430 22
350 416
355 152
303 418
490 362
176 210
153 448
414 332
427 162
452 334
138 287
22 222
336 444
101 147
394 363
87 316
80 115
434 465
374 402
27 412
35 146
381 229
344 429
271 261
338 499
207 143
54 229
98 89
154 453
347 498
261 177
498 312
235 169
214 54
454 346
193 126
312 425
277 277
398 278
90 276
381 255
327 33
112 414
10 464
304 10
360 361
165 201
468 146
68 245
302 489
211 351
317 494
350 52
351 365
36 207
168 319
467 158
255 135
319 322
146 410
264 485
8 478
318 456
84 378
106 63
107 179
256 172
63 464
73 451
240 390
126 35
497 144
164 500
406 309
268 397
85 388
286 162
90 320
119 224
316 197
444 476
260 357
219 80
251 119
147 327
50 430
302 123
386 165
63 407
384 200
18 499
1 180
402 13
208 20
419 6
19 209
308 330
480 341
293 414
237 24
273 449
387 322
83 103
215 40
339 167
352 456
436 269
224 374
320 274
498 468
401 229
121 350
126 254
458 175
312 459
237 331
29 405
497 272
174 60
224 471
100 431
225 371
157 367
430 87
399 485
481 479
205 439
41 204
352 97
149 499
270 162
394 383
158 439
158 233
70 149
109 406
437 347
309 493
346 246
166 467
490 323
222 83
57 341
279 58
147 153
85 8
396 194
13 369
126 175
356 174
57 8
461 141
435 50
224 491
233 244
248 487
181 393
125 313
351 69
224 238
433 207
37 169
335 183
307 57
486 176
199 83
75 293
433 187
276 205
333 68
109 326
18 98
267 135
28 363
352 36
138 346
328 70
461 72
392 231
5 444
166 34
319 326
118 250
149 265
311 417
245 45
376 394
134 10
