150 765 30
2311 563 15
428 231 11
4592 743 3
2341 1177 2
475 2684 17
4979 465 27
2509 1914 1
3627 4991 3
2939 3775 30
2502 1461 23
190 572 2
154 1713 11
2638 4260 3
765 4167 25
3504 50 22
903 3871 27
4180 1860 14
481 4574 18
1072 2478 26
938 4570 29
4362 1611 30
3908 3001 6
1870 1298 12
1553 4625 28
4181 367 6
393 4373 14
2277 4864 8
3029 4816 22
779 3901 6
1419 4463 17
1809 1130 6
4767 1741 16
2670 4406 19
1361 2827 27
1934 2232 15
3959 779 28
3716 1668 3
4674 4594 25
2231 1198 2
1088 3145 3
2706 1576 9
1187 3951 8
874 1201 8
4479 338 30
2223 632 6
2760 4279 27
592 4539 8
2916 154 19
4102 2114 25
3992 2377 25
3984 1747 5
2684 352 30
2464 4934 13
4037 2016 12
4451 3965 6
3969 2547 26
2808 2392 16
3685 3647 1
1371 2388 5
2774 1836 16
4129 1094 9
1419 4430 28
4975 3908 1
324 2319 13
1699 3210 4
2292 2576 3
4903 4222 20
4330 4498 9
814 1340 18
3017 4542 1
1347 3303 25
459 1962 10
2089 1246 23
2402 3014 27
3083 4201 4
1624 810 26
838 1584 19
790 3532 26
4627 1987 1
342 94 13
1337 4827 3
562 965 1
1718 1531 18
7 425 28
1363 1357 6
4239 2684 11
3944 626 9
4852 4298 23
1168 2019 25
2020 2590 3
4686 2235 18
4858 541 22
376 646 21
4347 3009 27
667 4272 9
2322 526 13
4694 4602 17
3420 4942 22
660 2771 13
2725 2885 21
4490 593 28
4126 3598 3
2300 3519 18
3456 4717 25
969 548 24
3618 1357 20
1553 708 23
3093 3101 9
4341 1945 10
2526 3909 8
2037 3576 16
2301 45 13
4858 3090 13
3498 2897 5
1069 365 30
425 2812 17
923 4548 22
4127 4690 1
337 2769 29
1428 3250 12
3450 628 13
689 899 6
1177 3391 18
1214 3107 16
3752 1997 22
1793 2134 30
1776 1660 29
1810 4455 7
615 3528 28
3094 1467 11
553 4088 6
686 113 16
4428 1904 6
2897 2788 22
2357 3864 3
4772 2825 4
4189 2843 19
1824 1165 20
3432 766 13
3098 1441 29
3472 361 2
515 1020 6
2106 71 14
991 229 17
4263 2523 11
3633 4200 27
3068 3768 29
3146 914 4
3758 1348 25
3566 1253 27
1869 710
1939 3326
4757 620
569 1647
3856 2365
1490 2709
4158 3012
2719 572
4527 1749
4964 3553
4964 2710
2980 3858
4730 131
3549 2994
1199 277
2421 2683
4395 323
2512 2633
447 2209
984 1375
3472 1302
2498 5
217 4520
922 2399
1292 1072
251 3360
426 2608
4189 2083
4299 1038
601 3438
3318 809
2136 2875
1275 2770
3496 85
3173 3807
3996 3683
4385 3465
561 573
1787 985
4115 4285
536 1410
151 70
1666 2164
2042 503
4197 4502
3234 2823
180 2437
3540 1067
4658 4803
3176 1165
1039 3910
791 1613
98 1950
1582 1461
4880 2495
388 329
2159 3206
1336 2274
200 662
1005 2955
3692 4096
3369 4611
3957 3421
4157 1936
648 2254
4771 511
2683 2740
1855 4140
2134 2215
3367 454
4996 4240
2044 4964
1378 2902
4931 1690
2458 1355
689 2362
4528 1667
146 1195
1338 313
1577 671
1816 1623
962 2152
2000 1932
453 2820
932 848
1243 3847
2668 3638
399 4192
2817 2382
668 27
2311 4661
328 4831
3767 1439
510 3172
4585 493
2744 3659
3511 428
2544 88
2891 3872
1176 235
419 542
3825 3294
4928 1946
3221 3674
24 4506
4088 766
2039 2558
1608 3017
1108 2545
2592 1167
2515 3755
4945 1070
2861 2516
3846 980
245 2535
4356 1850
3706 3822
440 4192
4309 4148
266 4038
3863 2826
2955 802
3298 377
4918 571
1674 4407
709 2030
3323 1330
2473 3546
2696 343
1450 3043
3975 323
1788 2526
3740 2485
2158 4581
2582 42
3198 1666
4603 4922
2271 3377
649 2539
1705 1428
360 4821
4779 4206
4124 868
3785 4075
3348 452
469 1456
3840 956
3424 3711
3379 2809
2622 4744
1356 2176
3304 4797
2676 3379
2999 3748
3691 1149
3332 2378
4843 4556
4859 561
968 484
1522 3814
1713 466
4386 375
3153 2741
4903 895
2556 4862
4552 2831
3119 1887
4356 4666
2359 1176
1114 2794
297 1910
1948 854
800 4887
2024 2399
4594 4563
1240 3205
716 487
4670 815
4235 3846
1804 4897
369 3383
4366 201
3789 38
1215 3188
3470 28
3026 784
4267 794
1470 3465
1093 2644
3321 1689
3259 909
3254 4024
4305 1951
2223 274
2813 4077
1384 1629
718 4390
846 2174
1961 4173
97 4785
1025 4892
4736 4751
1693 3774
1608 4447
1128 2777
706 3280
4167 3718
3140 1908
4632 3273
97 3293
2319 93
3320 3773
714 2145
4941 4839
4953 683
587 4907
3321 654
2376 690
622 3751
716 4370
47 914
2454 1134
1496 4234
2450 774
3155 2472
2645 1445
2810 2399
794 2942
4920 2112
3230 2514
3602 3996
2937 2458
3143 1421
1926 3328
1393 468
2945 3073
458 2059
2939 1936
4738 700
810 1048
525 3230
4754 2555
3272 1301
3160 2354
241 3027
2832 722
1398 2002
4983 2668
1103 2656
2529 2908
2865 246
1280 1299
2395 2277
3884 258
539 965
4885 1826
926 3869
4101 4348
3243 3477
1539 367
3751 607
3713 1884
3090 3140
1372 667
3091 616
2558 1436
3624 2941
1446 2189
1728 1224
3389 4558
4446 853
1913 519
2822 2131
1900 1831
3251 4155
466 617
1246 1655
1096 2097
4221 242
2440 1010
2906 1379
1726 2248
631 4806
294 587
2379 3134
1931 2144
2078 2634
3482 1958
4690 4371
1817 2078
726 4857
3065 3990
1211 3604
4830 1363
2191 3539
1526 4114
4338 136
2308 2673
3168 817
2801 2581
1501 1891
2937 1613
1281 933
2673 4215
450 3895
4563 4045
1122 1276
3707 2813
4708 1924
297 3262
2906 1564
3180 641
3978 4406
4984 3828
2327 2803
3650 126
2491 1427
248 679
416 595
2609 2181
3572 655
3649 2581
3835 3760
662 1269
4673 1389
3911 3075
1555 4990
1254 2834
2622 452
484 737
2685 2840
2947 2911
4731 3352
1428 2044
1055 1242
4867 2944
4949 4668
1129 4064
4191 1348
1674 3340
435 2914
4442 786
4389 2495
1282 2902
2637 4951
1432 4736
4480 3759
4027 2118
4560 4544
2912 4186
985 380
2009 4195
4952 1257
1173 2632
1593 3143
2891 1707
1649 1979
1629 2184
1962 2593
2126 3451
3632 3873
4845 998
1481 1388
387 3728
1636 4376
2618 4542
209 3882
2308 1213
2333 2834
1288 3757
4082 1278
3178 296
973 908
1088 3492
812 4155
2656 3427
1022 3344
2121 2967
3020 426
3139 2785
2418 2620
3373 1460
3222 651
3435 2463
2842 4713
2988 3310
1820 1369
1236 4451
1507 2223
4215 3770
988 3560
3680 1428
752 3265
4393 3653
3670 1538
3543 2439
2905 1390
4674 3654
3186 3983
3620 1968
1024 868
1503 1507
4143 3131
2789 279
898 1770
1687 624
4419 2330
2012 472
3787 1623
4845 4836
1209 2443
3370 4718
623 715
3313 2009
1347 1429
2304 2729
1853 4018
4222 4829
1354 4496
270 3948
2245 922
784 937
2866 91
2846 2198
1147 1222
2326 3131
3375 1289
2294 1732
104 3751
4170 4800
349 805
3985 2918
998 4435
1302 497
1040 1240
2966 1698
4582 658
2476 2032
3433 3878
3754 2425
1267 1451
4736 4569
2089 658
3799 885
3705 580
1504 4247
3877 3999
4130 4817
933 3224
11 1408
2552 509
1357 2061
253 446
837 1961
4391 4764
4474 4520
1025 530
596 4468
487 1137
68 2113
3759 2594
357 1670
2959 2230
3188 4250
4778 2899
4262 3612
2574 762
3542 2218
231 789
4377 924
3360 3484
2278 2397
810 338
419 2437
2095 3874
2983 4739
4032 2614
2786 277
1463 1511
4901 2035
649 2180
1203 2650
1846 2944
3457 1162
1865 2998
4447 3258
2399 265
432 609
1144 4552
1610 58
2428 275
3003 64
3895 2620
4984 1200
1681 3602
4200 2786
4951 1425
330 2782
4718 3865
580 4909
3415 2041
3326 366
2233 4753
1480 4509
2101 794
4808 4143
4047 1321
4831 2225
2869 1465
3002 3478
3880 493
2585 1268
1647 4127
2297 4487
721 4618
4639 2665
1594 4532
66 3899
3577 4573
861 193
4453 4973
95 3364
96 530
4070 3836
2318 2741
1470 4048
3311 556
2106 2949
2063 299
2233 3663
4302 1
1835 4285
3418 632
3263 1059
4494 3774
182 391
3556 725
3989 1345
3527 2320
3577 1567
2599 4140
459 2189
3742 2633
1845 4209
3375 4730
371 4118
3828 695
3509 3207
4447 52
674 1858
2158 3667
1126 2264
3099 4113
2519 4415
3691 453
3832 990
4041 61
116 1416
3510 1123
4590 1377
3559 318
220 725
3040 97
1437 3856
2908 4789
143 1129
150 736
1406 4594
43 4614
883 885
4451 1719
3264 3096
1915 1850
2113 2097
1201 2729
2282 687
335 3722
246 3023
1916 2552
2074 2985
2496 4450
4381 3557
3027 4860
465 728
4853 427
1866 1236
2694 3710
2190 3860
1370 3524
4329 203
1865 3429
149 2222
3423 2736
789 2903
2686 2024
4478 3937
3536 306
78 3361
3738 4173
441 3608
3932 2300
1343 1052
3596 1098
105 1509
4722 2164
1842 2223
561 2074
4703 725
3496 2653
522 3819
4136 3971
560 4514
3011 1774
245 4348
642 4051
173 4878
1442 470
1578 1252
2241 2451
2657 2331
3320 2103
3916 158
2989 4479
2985 737
2032 4823
4777 2673
2847 4978
185 2121
3211 3051
2895 3841
2000 3998
1090 1583
2478 1781
1443 2356
3774 12
3091 333
4352 2739
922 3882
4196 2109
2158 3719
3412 3011
2061 3645
1786 149
3453 2759
406 284
2567 2429
4899 197
1325 3758
1334 1442
920 399
3263 3434
2292 324
1048 364
158 4822
637 4469
544 485
4634 4954
1707 4419
4901 3462
4828 2521
4124 2506
166 2728
664 4301
764 1689
1821 4110
3727 3642
813 4788
2584 4082
33 3016
4283 2559
3336 456
359 3649
3412 4778
4923 4435
221 3791
851 2009
2788 700
1475 3292
1972 3811
1416 774
3588 3529
647 3112
4527 3074
839 2903
2527 4689
1304 3225
2743 1339
25 864
4555 1285
3604 3397
1033 4460
239 3980
878 331
3354 1701
3970 2889
3113 235
1201 4656
3406 1266
4795 3062
3295 498
4823 3615
4765 4588
3834 4355
638 2083
553 4931
2500 1943
2727 2003
4713 2920
2208 252
51 1565
397 1635
422 787
4747 2023
2152 4211
3966 536
4219 4785
2626 1251
648 1985
3159 1669
2479 4710
3648 440
1899 4413
741 3050
818 2390
4174 1305
4747 988
978 541
4054 264
2773 1768
1605 4104
816 1424
825 3984
1150 4529
434 3083
40 4479
2042 4339
4728 2930
3069 1408
3060 3154
1171 4650
4155 4515
2512 2740
2692 1768
1078 1397
1862 2741
2631 1212
3673 1886
3658 668
1245 245
339 2428
3041 1045
4549 2246
2819 3716
3785 4817
3432 1636
1326 333
2006 1534
948 1816
2204 2534
1222 1509
3947 1082
4023 4941
271 2058
84 1584
955 4028
