150 758 30
925 1061 24
2744 4444 8
1033 205 12
465 1410 5
2165 3768 11
1338 2825 5
189 2138 30
1318 1762 23
4765 1994 11
4411 1446 6
1090 3930 29
3688 2039 10
949 264 7
3407 3101 15
2643 1428 18
4393 680 15
4568 4574 29
4140 2990 26
3761 1811 7
3036 1336 25
2512 2296 11
1309 1309 2
177 2467 4
1419 1574 30
2804 4099 29
1374 205 26
2480 908 24
3217 1074 17
1519 4997 22
4933 1071 9
2538 4729 9
4884 1598 24
2455 2786 5
4002 2182 14
1029 241 19
4028 4839 22
4657 3829 17
4842 1790 11
2207 1500 16
3239 434 7
3226 43 27
2203 1741 7
1806 261 10
1403 3928 13
1387 3042 13
1755 2022 4
640 694 4
284 983 13
40 1694 5
1703 2047 20
1281 1649 28
3322 2260 9
2042 1160 19
3995 4262 27
2430 2505 12
4863 1340 24
246 4813 8
2179 1373 7
2059 2921 15
3092 1788 3
252 528 29
203 4277 28
4673 31 20
2870 4960 22
875 746 27
713 2366 11
4261 232 1
273 4840 17
3904 4970 13
4436 4880 8
1806 750 5
4232 3992 8
1058 4353 11
3652 4037 6
426 4753 14
2855 3264 1
1950 1892 19
4616 73 4
3490 4271 15
2725 480 4
403 1737 26
1927 4244 15
2776 4100 29
1022 1113 14
685 2704 11
3937 4443 26
2006 3007 23
1108 3316 16
3379 171 3
4893 1064 3
673 4991 21
4723 22 16
1378 3760 1
4647 1961 1
2775 2572 30
1790 22 13
4803 5000 21
3678 4754 18
2907 1985 29
4722 2848 19
949 2747 4
1211 751 14
3040 4089 13
1252 2380 24
3436 1406 10
1503 1071 22
3662 4642 27
920 720 1
1781 822 29
1273 2324 24
4568 3322 3
3262 114 6
719 1010 3
2745 210 18
2332 2163 7
607 4165 5
2346 615 1
708 229 4
4751 958 16
2951 2061 25
4282 2832 20
1681 1090 16
1671 1635 11
526 3406 22
4954 767 8
1417 652 3
2777 3277 21
3722 3249 20
3515 3990 11
3500 4267 17
1972 2957 22
3038 3366 17
3341 3015 3
4398 1239 22
1208 759 26
2883 1144 17
975 4642 29
2766 3976 29
277 2717 13
4340 699 17
4960 630 7
410 501 16
1655 279 17
1350 2037 29
3673 389 30
2181 1204 3
1061 3171 26
4418 1843 1
1774 4448 29
1956 120 15
4602 4395
3112 2218
2216 1103
195 4131
3015 2422
3810 1344
3978 765
4670 3179
4869 3676
145 3156
3246 3097
3676 3895
4713 3432
1439 2093
1992 1452
899 497
2005 4181
3371 2364
3485 2274
945 2448
1621 3839
2291 3590
1083 2254
4626 2630
41 2227
3226 2945
4208 4950
3998 425
3974 1481
1841 1624
2634 1068
2743 4928
50 249
4037 2857
2980 4461
2939 4098
1975 1497
1926 309
1988 2540
4662 2960
4742 58
1720 2648
3934 2547
815 1935
4360 1448
149 3263
3115 1128
623 2721
83 4612
132 4639
4079 1514
3096 1411
956 635
2869 3854
1001 2830
808 3198
4934 2047
372 63
421 665
3892 1686
3328 1477
2019 1800
13 832
225 3096
4481 4762
4204 3656
906 259
657 2870
3862 425
848 2559
4470 943
2534 1737
4914 1992
704 1184
4885 306
2583 1792
2914 3531
4404 2876
2002 3668
2627 1249
4438 1042
915 3683
3693 3719
2145 4896
1371 2877
821 1842
4459 1630
4246 1768
2241 709
3444 497
1488 2382
3659 3752
3941 4479
4254 1108
28 3798
3772 3015
502 1396
4703 3190
2840 503
537 1947
4483 3072
3607 2861
1129 676
3816 2582
589 2112
3847 3783
1809 3193
4916 1971
3248 345
2170 3097
4715 999
1056 1057
893 612
723 744
4676 2951
2515 4870
2934 1679
4725 4140
1129 4493
529 4251
3204 3936
103 779
4237 4584
735 1812
1256 156
366 3095
1816 1289
3704 727
4294 228
1473 1885
1061 2180
1313 1964
2040 658
757 272
3145 1281
526 2881
1940 907
2375 25
1927 1632
4730 2563
2427 4487
2788 1913
650 2587
1843 1053
3883 2673
1244 2970
2245 2091
1357 4755
2107 2942
3743 4723
4238 4136
2015 2718
1750 825
4474 3910
3374 459
149 2042
3257 427
906 1668
1892 1210
4160 1467
3467 54
3411 168
2751 2671
2127 2160
2689 4872
4648 2859
1207 1723
1009 1221
1302 818
2576 3149
1787 1832
1768 580
1362 4203
4076 1673
285 2755
2952 753
4419 3876
976 146
1112 660
4683 4889
147 1589
542 384
2870 1379
847 1410
2480 212
364 1918
2107 1914
1370 1554
4928 4044
3066 3969
967 3730
2216 2872
554 4054
1729 4016
2824 1369
3822 4924
4711 2271
710 2434
2134 3039
3676 4175
7 3009
4530 3760
4832 924
4921 3800
3673 1024
3152 3160
3606 4184
3844 3783
986 3426
4857 2555
3739 1939
2316 4154
1404 1822
3312 765
4 4119
520 1370
1160 4117
1499 1464
4525 3393
4371 3175
3255 4832
3020 915
2076 1345
552 1680
782 1042
754 4366
1200 3582
4067 429
2906 3526
362 1676
4726 4428
3228 4591
4742 2330
2905 2556
413 1501
1901 1426
1599 2426
4604 1391
3310 268
1251 3879
4430 4751
4611 2124
2006 4209
4551 4763
3583 2767
1158 4322
2152 1088
1397 4684
1065 113
1458 587
936 3637
3391 4717
2670 4251
1943 4409
3468 2159
4645 3111
3845 2123
926 4872
3083 2145
123 4735
759 1058
2245 4524
4663 24
379 3919
606 559
4783 3537
847 4403
3096 3245
4030 4364
269 2152
3977 3851
2799 1741
2399 3410
3830 2099
4859 2615
4814 3396
1502 555
1002 1368
82 2932
4181 4023
1523 4850
4280 512
601 1350
3060 1455
3038 4731
326 3056
1714 1522
2282 56
4283 4779
1721 2689
14 3207
1158 3528
3115 4117
4066 1292
2448 1148
3479 791
371 3434
1431 2192
4904 3488
263 852
3623 1361
1739 1074
161 1401
213 977
3658 336
1301 588
2413 3049
1404 1012
311 4362
703 3830
1745 3609
1271 334
3119 3626
474 2309
2728 4231
2688 2366
615 1102
404 900
20 1128
3606 4701
3758 511
246 3049
1567 4402
4061 3066
4304 1129
4203 3156
2617 3902
4796 869
1685 2124
168 1546
1925 3997
4924 4849
2778 2597
2130 3741
4030 641
3339 860
4163 934
3214 3523
2015 4904
2460 2999
302 2733
3738 2064
3891 1364
4376 1222
2619 1162
3888 1638
3064 1378
3151 23
1032 3542
3364 4467
2306 2470
2953 1879
4961 1681
3050 2275
3025 3750
4941 1909
1002 3425
2131 1121
2405 1802
3079 443
722 3705
4411 895
2436 759
535 2700
3368 914
4033 1609
3200 2854
2373 3551
841 3695
3622 340
3509 4916
4125 4403
2493 732
2823 2660
513 4081
3763 428
3296 363
1974 4727
4371 284
63 3426
3146 2522
350 3124
4196 3171
3307 2663
2713 4039
4494 92
462 4172
3095 15
3699 4682
1890 1192
2323 839
873 4317
1832 4023
1690 4091
2658 4299
798 4976
1148 4130
4975 3931
1891 970
1625 1500
2712 2363
3461 3577
1754 413
3838 4941
3485 4922
3716 993
4983 3535
4654 437
4185 1133
2209 2741
3185 941
4008 1152
603 547
302 2344
2713 4578
2250 2225
3128 320
3964 3136
3952 3171
932 1110
3724 2745
1502 3553
2155 2802
2437 3197
1854 6
2938 3440
2081 1232
1542 3682
1865 381
1587 3791
117 1581
627 4207
3924 4903
2195 406
3570 683
2230 1201
2942 3738
908 2812
1318 2946
1273 1128
4988 1914
3048 720
4417 1197
2277 2151
3553 3027
3245 3260
117 1682
4303 4534
2249 3558
668 3890
2428 691
1969 2934
2526 3623
2996 1527
2914 3164
1644 3454
3346 4859
996 840
3393 3480
4172 2023
321 1960
3191 2295
1269 2561
4050 3700
2709 1343
1805 1175
3565 850
2690 4119
2259 1866
789 1196
3965 4028
1233 1057
1098 88
4641 1714
1063 3699
2129 4061
1080 2861
155 3452
2963 4864
2882 2180
1353 1176
3975 3927
2924 1805
2452 2440
1290 3018
124 4604
2738 1241
1761 1104
1173 547
2745 1884
1254 189
1187 256
1151 862
3516 3383
1306 3384
2247 2877
4615 1046
892 4421
1476 677
1394 2876
1195 3800
2168 1613
654 1357
1665 1380
2330 4247
1527 3515
2592 2044
3585 775
3595 4827
379 1333
990 1483
3363 4529
2416 4440
4712 2500
1264 3046
863 4643
2821 4903
2789 1090
3692 146
2030 4764
3331 2060
3686 896
2800 4570
3100 3990
4868 4731
783 2163
2081 1969
1109 2821
2404 4542
3790 129
2615 1913
3856 3672
1180 4547
1532 3022
4478 2094
190 2793
1993 1319
3259 1455
4977 2206
3221 3299
2187 3702
2017 1225
4415 1091
3108 3726
4809 3500
350 3861
3837 2056
925 1335
3562 978
1835 3313
2390 3542
1560 780
3696 2045
3758 1687
280 2794
4561 4829
2025 4065
2155 4262
2301 3900
1224 2594
1829 1218
2291 4871
573 1088
2163 2031
3938 1098
4933 4572
1690 3213
128 3913
2241 3738
2309 691
1706 2402
1621 2683
4527 3801
651 2265
1292 3966
641 1423
1699 3236
2010 1257
1973 4213
2126 39
2712 2968
1638 3329
4224 4471
4390 3179
3611 1529
999 4795
4772 1302
2550 2383
1766 2051
963 4618
3817 4704
4628 2650
1189 1400
1586 1631
4621 472
1762 1109
1642 2719
1191 2122
3568 3300
2367 3323
3401 4872
1915 485
267 1323
1582 1738
1936 3922
247 1647
751 4316
4763 2760
4518 114
3915 3213
4943 226
837 178
238 1088
3712 3158
3809 3937
42 4309
1128 2864
2493 3535
2861 1367
4244 508
921 177
1834 2109
3774 3959
3040 2782
582 3609
2007 3771
1922 3629
1000 4066
3163 4443
4136 2047
2182 3860
1161 4806
1361 3736
4570 2230
4376 252
3939 827
2608 4898
3606 2807
2239 3101
3025 1383
1287 520
2622 4755
2201 1589
4178 2725
2692 1371
1569 2823
886 1048
2928 1304
4766 3627
633 1095
221 348
2273 734
1779 3331
2674 3876
4218 3252
513 4632
3532 1297
3765 3824
1986 4964
504 2198
513 1565
4030 1487
3783 2100
3235 4484
522 3531
430 1399
1038 2699
4767 4935
3765 2069
4267 4808
1502 2771
2053 2771
177 1487
888 2322
1155 1611
2497 1725
22 592
3789 4957
4004 1085
2565 595
2253 1898
4377 4044
4793 2875
1753 3482
3026 966
3615 3332
1987 1339
3993 3076
2174 116
4997 2138
3933 1014
1687 3896
3871 4580
743 2856
1357 673
4692 2395
3913 3242
3300 4002
2488 4341
2946 3472
4026 4710
4900 2241
2621 2081
946 133
3355 3625
284 717
373 4801
3440 2868
3044 3783
2346 2648
2717 2208
1972 3358
488 1375
2926 3865
500 2877
1418 1241
133 318
3255 3782
660 4719
2863 2788
2720 4274
665 4899
2306 4195
1195 533
3050 1337
1742 1709
2138 1697
680 4208
4747 1744
2473 2862
1910 3190
4768 3853
2988 1659
3673 4060
3805 2735
1581 4897
3533 4735
4888 3723
5 3291
2293 4021
3262 3116
4909 2573
4796 3751
2791 334
2517 1198
3930 1919
2213 2138
3588 4543
4429 3296
1706 4219
4254 3150
2905 2114
826 2387
2132 2203
1235 2647
323 4382
4818 3292
1237 623
