50 174 30
598 293 2
275 910 8
104 48 1
670 864 9
141 579 2
7 866 6
890 91 4
882 296 9
854 254 6
184 135 9
734 504 9
580 12 6
112 112 5
68 6 1
376 825 10
809 306 2
79 275 9
170 209 2
767 133 10
47 313 6
761 40 4
762 938 7
666 86 2
615 339 3
118 129 9
359 210 9
285 284 7
516 549 7
916 887 9
874 3 2
61 196 1
13 258 8
711 609 3
106 580 1
274 850 4
610 386 6
897 473 1
257 414 6
488 579 1
631 820 5
685 748 4
755 759 2
817 387 1
119 682 2
688 685 8
613 175 3
8 505 8
819 959 7
98 233 9
986 991 4
110 214
996 935
895 769
359 105
47 836
87 544
1 722
906 582
430 563
874 240
628 348
356 160
911 620
109 582
429 979
765 313
550 187
533 524
301 441
693 689
586 823
857 889
725 776
138 945
605 1
692 424
156 69
581 80
87 408
172 976
880 560
826 211
692 593
989 906
837 574
623 721
69 324
198 767
776 61
947 486
990 863
110 751
114 58
61 838
921 572
381 63
387 709
584 787
365 18
890 98
606 748
179 162
223 597
82 334
445 546
15 213
801 610
7 953
884 53
611 311
759 220
852 437
643 695
47 43
252 286
274 770
781 936
234 709
296 169
192 412
464 960
324 591
49 775
829 358
148 550
633 458
824 903
697 305
620 262
562 535
303 585
398 305
760 359
208 548
974 897
902 787
681 186
809 638
563 50
139 570
883 39
877 635
255 841
929 522
427 641
548 606
638 139
946 264
530 228
595 838
202 633
408 480
41 316
99 847
508 538
743 612
307 973
804 631
14 889
170 37
115 833
560 920
482 486
443 667
790 493
546 326
748 510
546 897
187 467
870 368
397 153
167 949
954 837
646 20
536 559
699 789
690 257
818 763
914 395
872 689
427 507
198 233
174 770
745 130
170 631
99 408
941 675
43 389
40 582
604 475
635 778
15 711
611 445
585 107
6 67
907 376
1000 135
154 246
651 793
725 446
71 26
140 905
29 262
943 272
234 858
378 622
693 853
282 630
557 593
210 312
479 22
583 389
667 333
517 190
329 115
322 369
339 533
728 784
183 694
826 872
550 581
695 47
458 124
472 149
