100 976 30
459 590 27
254 827 23
157 733 21
661 394 24
665 286 1
803 331 3
620 202 7
160 818 24
789 293 2
128 7 12
555 75 15
609 521 20
432 165 4
967 840 9
700 479 15
326 806 21
728 784 25
328 339 18
800 814 8
245 793 10
810 991 11
442 786 22
377 199 27
656 626 26
810 418 11
326 590 15
733 591 23
748 763 11
456 928 13
998 95 29
231 606 15
332 469 1
636 715 4
722 530 4
88 152 29
512 224 18
786 451 26
349 870 27
649 688 11
907 869 1
194 446 23
843 285 1
347 223 7
573 791 27
138 725 19
159 893 23
103 183 3
710 954 5
838 460 26
524 489 11
911 546 11
77 112 4
576 935 21
248 909 1
810 784 14
987 841 12
923 826 26
653 934 15
805 306 9
809 925 15
589 249 30
268 864 8
400 586 2
51 790 10
24 195 6
303 135 1
320 58 25
647 342 5
999 559 24
100 835 1
767 790 29
273 67 1
887 815 29
743 824 22
99 807 24
550 122 25
840 246 25
386 46 20
624 477 1
328 588 12
17 26 4
861 549 15
132 466 3
20 618 9
136 625 24
928 742 21
910 876 27
946 637 22
647 838 15
32 744 6
581 26 22
665 506 23
971 302 16
970 180 13
828 739 2
780 170 21
848 647 12
791 915 10
276 212 7
620 601 5
490 736
311 777
485 879
129 492
268 212
894 224
330 68
876 815
836 565
954 321
953 212
319 207
839 491
703 643
632 645
470 934
405 872
628 851
605 484
735 662
232 40
336 329
292 522
822 157
428 494
381 852
804 169
955 894
254 624
549 263
800 405
285 165
715 109
82 701
48 761
985 547
725 569
580 728
119 408
457 855
797 186
913 196
807 110
460 718
981 618
823 813
934 897
919 152
821 511
882 713
836 111
867 828
475 667
984 821
436 546
24 916
445 920
731 335
270 724
650 964
899 934
641 188
113 33
228 163
515 212
499 923
465 723
599 347
314 600
129 81
98 964
615 300
832 719
228 836
405 508
350 214
744 475
564 812
548 78
143 458
853 408
269 626
697 496
330 638
155 539
945 387
434 613
174 686
781 113
152 23
389 736
148 529
833 404
985 575
534 825
637 523
899 406
324 306
14 845
832 657
396 830
744 913
320 973
196 329
207 757
15 817
972 373
704 142
526 5
538 990
898 407
968 490
821 457
763 15
996 593
463 597
757 952
151 328
17 911
393 597
192 764
898 561
494 324
27 276
886 847
640 22
23 825
340 729
758 687
412 698
257 874
419 852
937 130
122 739
970 224
973 467
381 537
882 845
605 751
399 160
457 640
177 76
515 358
949 915
855 661
193 317
80 400
900 248
389 829
178 40
15 307
638 690
135 990
227 373
276 572
298 470
909 470
355 137
16 112
995 204
406 668
591 531
363 300
512 121
632 104
715 340
283 200
294 924
240 238
15 387
579 721
385 224
939 683
47 263
166 263
774 909
916 486
753 12
940 927
322 914
465 808
409 192
779 809
228 344
884 497
431 413
49 571
97 318
482 681
365 859
835 10
820 50
139 550
828 384
431 857
46 582
728 237
859 868
582 833
946 699
702 602
21 510
314 799
941 768
236 163
686 576
115 780
35 882
410 461
584 277
223 398
502 121
514 365
771 900
60 73
550 298
796 114
8 448
908 263
580 775
131 331
775 173
408 271
983 769
840 696
555 955
218 171
917 578
867 721
897 179
462 254
24 547
971 328
455 700
42 658
39 303
99 111
482 154
300 294
970 974
949 579
929 658
561 802
901 373
246 719
171 322
724 257
975 438
301 941
140 971
138 833
146 481
19 560
124 810
29 233
326 208
886 185
571 4
145 770
650 218
606 873
476 481
888 928
870 205
86 419
627 707
557 477
840 367
195 393
484 135
482 461
741 488
639 6
206 10
287 532
336 613
221 529
620 906
608 890
920 166
476 555
282 205
4 715
23 482
400 908
783 964
487 437
428 393
126 827
303 325
850 947
825 222
659 895
714 399
834 349
808 15
663 681
255 876
183 82
592 10
723 280
333 474
795 517
74 501
586 128
281 924
38 538
948 396
195 707
441 809
111 610
19 385
615 545
582 100
316 873
393 76
59 596
586 334
537 429
672 657
67 466
460 582
290 213
847 429
875 262
973 33
552 830
947 50
148 369
9 431
972 334
853 168
796 627
636 635
861 733
801 16
404 931
200 573
623 302
679 820
782 97
925 874
38 386
111 722
446 938
317 198
966 16
707 636
817 284
869 980
19 413
671 387
249 35
38 966
584 230
63 917
136 637
690 261
306 890
129 417
242 534
987 35
245 637
133 776
864 384
759 895
182 259
485 268
471 957
918 664
899 821
199 5
889 558
201 952
101 776
139 631
382 621
918 4
705 533
13 236
628 802
40 999
139 965
337 19
112 429
918 415
125 576
240 559
680 635
459 184
269 785
337 385
803 584
968 181
715 259
762 143
603 962
806 406
635 437
587 147
868 449
842 550
105 196
154 23
312 604
771 954
363 337
811 58
187 844
262 399
177 831
121 817
341 128
926 604
110 20
322 64
712 422
881 496
749 394
95 306
869 725
367 827
486 203
445 431
709 301
394 194
811 84
729 772
802 499
432 824
551 646
983 172
513 800
841 187
172 121
258 322
13 58
711 142
284 120
878 619
150 365
953 572
513 183
654 569
560 126
72 787
584 59
635 386
141 111
225 401
573 57
755 129
310 273
997 490
871 627
975 72
87 567
886 284
305 434
692 740
472 219
689 679
362 673
848 291
599 763
580 250
452 916
701 519
250 134
333 196
848 840
583 4
480 54
751 856
515 947
350 891
516 168
846 693
819 877
160 96
29 488
257 994
5 367
612 340
253 516
611 555
671 602
323 935
673 858
285 511
485 512
900 476
295 991
614 380
169 966
70 865
605 61
981 423
394 350
754 484
427 967
303 435
560 801
343 314
427 479
925 695
616 602
532 652
132 786
201 334
849 586
871 918
114 631
612 600
664 781
445 759
732 344
825 648
70 201
680 181
526 324
883 744
293 557
35 235
562 133
825 971
669 505
958 202
473 385
144 487
582 752
476 86
321 258
279 951
514 775
455 920
39 769
313 235
55 443
150 279
73 143
10 272
746 904
829 673
794 556
966 338
461 957
624 568
410 23
171 565
381 379
407 451
190 299
164 987
761 427
654 223
358 726
600 119
425 15
909 465
447 699
750 958
105 715
778 200
16 311
712 254
791 713
328 521
227 682
541 376
883 296
412 750
75 247
790 700
612 692
472 93
928 567
684 670
579 264
859 566
736 499
190 774
537 236
76 472
245 269
345 961
208 622
758 25
35 30
841 339
706 438
775 184
693 143
441 145
155 222
806 966
405 772
909 8
735 123
961 143
789 708
734 271
261 795
203 925
783 933
270 786
62 205
742 818
389 682
633 839
413 965
359 604
37 987
649 808
988 367
689 414
202 927
559 835
959 901
67 793
458 785
455 365
275 83
957 653
181 83
915 730
683 915
770 256
325 801
586 330
266 659
318 632
144 789
230 275
487 81
147 256
963 456
157 945
553 131
989 104
240 365
37 533
271 831
103 946
610 878
768 413
433 828
213 588
160 218
534 923
474 628
123 212
907 157
754 263
844 101
584 389
324 980
866 913
854 563
276 849
642 177
427 657
109 24
104 435
870 977
113 803
289 524
455 260
39 863
993 800
527 888
889 719
136 734
691 51
854 675
790 965
241 963
301 7
506 347
369 468
987 860
694 555
155 861
292 2
674 75
959 75
136 761
329 294
525 70
32 897
952 855
545 423
228 600
193 76
436 454
284 190
656 969
83 676
1 221
708 433
71 232
39 357
64 157
426 702
423 683
703 488
532 544
655 605
627 852
879 187
128 152
154 81
161 788
314 911
68 242
233 828
949 578
482 654
285 16
32 964
405 582
692 526
126 276
982 43
161 152
426 685
998 713
723 369
477 486
256 14
659 337
111 811
897 394
804 308
830 407
458 50
787 442
203 495
517 247
985 194
530 609
692 708
652 928
423 456
656 597
501 166
857 417
100 840
954 738
416 640
530 514
679 357
603 649
737 723
621 367
137 886
954 395
87 463
478 967
304 985
357 846
928 188
22 741
349 276
360 176
212 478
252 61
859 115
569 309
788 932
324 226
389 596
683 124
417 317
911 939
917 78
373 298
95 989
885 157
156 218
569 993
91 272
885 439
782 889
477 324
972 830
846 685
988 949
563 196
563 416
657 537
415 979
701 863
212 581
234 651
315 806
110 523
355 552
117 205
90 345
906 371
521 424
417 599
110 814
773 410
240 669
972 105
720 630
159 310
844 860
996 133
650 23
767 817
869 553
944 751
511 427
271 499
869 650
253 487
723 450
401 877
324 53
87 832
691 685
36 608
693 717
66 221
69 130
118 365
722 31
20 269
82 329
676 944
15 312
876 817
322 996
796 731
486 223
800 904
270 393
758 117
971 841
350 864
697 199
587 306
296 604
186 700
80 814
198 125
218 821
760 186
481 79
152 527
660 660
487 436
381 149
280 147
12 40
372 896
905 793
557 123
590 658
812 404
451 551
105 133
567 425
654 296
80 490
948 204
124 682
940 430
837 720
422 306
439 786
197 422
211 856
779 274
343 548
269 792
147 265
790 438
920 827
751 37
239 892
770 534
822 465
353 213
252 128
476 979
622 594
371 4
845 333
62 728
956 375
125 653
779 327
245 409
552 742
140 895
200 697
6 745
409 306
652 309
896 254
721 465
593 929
484 766
845 559
621 672
269 923
25 297
453 339
770 820
764 586
444 364
710 933
313 663
908 281
879 133
862 786
919 497
630 975
602 378
308 791
57 676
397 964
637 42
561 990
593 215
485 824
992 258
889 419
867 723
254 583
876 102
505 430
854 107
334 354
706 562
848 305
494 637
762 855
776 233
55 324
124 439
117 810
377 528
362 436
296 757
478 489
808 976
671 498
234 889
673 765
188 911
598 125
456 600
362 538
968 180
759 258
326 105
520 826
767 319
292 786
159 16
503 180
472 88
628 244
777 663
867 989
200 702
707 330
628 788
195 468
644 45
433 462
