120 647 30
206 4122 17
1087 457 2
1432 4043 28
2764 1459 13
1859 701 9
1610 2030 12
1791 1381 28
1209 2179 26
3303 309 22
4802 1103 25
1146 3299 30
1149 4680 1
4423 2142 3
332 4250 10
2726 127 10
3375 1921 13
858 2034 23
3715 3542 16
4287 2422 15
409 2678 21
4590 797 11
3136 2044 17
1803 3825 20
1205 684 25
4244 1230 17
3712 4486 21
4666 3593 17
3913 381 24
435 3799 8
1829 2403 18
4930 3873 26
2066 3284 17
3812 1762 17
1083 4488 1
3457 2106 14
2765 1888 20
3482 3637 26
1326 2595 11
529 492 16
1044 3742 17
2453 2809 9
1596 3026 25
237 2839 29
3284 3619 25
1934 4322 26
2327 4383 11
4703 3435 4
1509 3260 18
4567 2146 9
1630 1940 14
4933 1335 27
3840 1777 25
423 1357 1
911 4759 1
4138 3356 6
4970 4776 10
3376 1264 30
186 1849 22
2358 420 3
2683 2608 20
1589 3368 3
4392 2195 4
4005 1691 7
1435 688 2
3497 3249 13
4811 3004 21
247 706 30
22 1933 17
2845 2350 29
1698 1801 28
875 2509 29
2426 4443 5
3733 708 25
3027 4047 16
3687 1208 29
568 4170 28
3439 3127 20
3448 1298 10
3831 4857 14
1999 434 17
3548 3531 7
1736 4755 22
1283 2205 13
2865 2765 28
4360 1519 26
2033 1109 6
1920 2827 4
1991 1457 30
997 1497 23
4061 182 30
4636 4065 23
606 2198 5
773 3850 10
1685 4310 4
3298 2022 7
371 1600 10
1847 58 26
3779 1352 5
4896 960 26
4365 3427 15
165 2350 8
106 2598 6
1338 2479 5
2280 2509 6
1790 1084 29
4745 3296 19
2559 262 2
1214 1223 29
835 4691 23
2394 2620 27
2790 2363 6
4623 204 25
636 984 10
3881 814 15
920 2292 2
2913 3341 25
3633 2222 3
3887 2677 4
1085 3793 24
888 1491 23
3769 4098
326 3867
2437 669
4560 4061
4411 4080
2482 1610
1296 1222
4333 1378
2514 3479
3592 3444
4639 4235
588 2884
2306 63
674 3696
261 2122
1322 335
4150 546
39 2832
1375 2895
3091 228
1435 4895
92 2416
4609 1175
1844 4909
59 233
489 906
1906 734
3183 1281
1800 4724
1271 484
3459 1520
591 3126
589 2067
2724 2570
2441 2622
3434 17
4835 2381
1727 4523
1876 152
1503 2569
622 1518
564 595
2285 392
2093 1582
633 1135
4342 3014
4965 489
4697 4556
874 105
3752 3967
649 1652
96 3776
851 4196
1550 1414
2401 119
2643 4131
2760 3522
2828 2403
521 2516
4781 4023
1130 1578
3467 35
4246 3562
4015 1457
4659 2239
4178 2539
3168 4735
1634 162
230 4255
3645 4027
4556 2355
1649 2131
4739 2959
3148 2657
3801 1308
3242 3719
3260 448
1668 4325
2409 3560
2797 49
2600 4894
2872 4372
1000 2553
3456 205
4542 4487
3579 2491
413 2088
3509 1527
39 4557
4798 2201
695 4317
726 1784
2447 1897
1735 1706
3712 522
945 1145
533 1981
4281 195
2400 4190
1002 3571
885 1988
4523 1634
860 2445
3601 2463
970 31
1010 4003
582 2723
2184 3515
3235 4795
2577 944
1259 1041
540 3789
2193 3459
2086 4493
4701 3784
88 2350
1604 3490
3917 3786
4398 3720
667 4693
2631 1637
1427 3099
1858 2911
2711 3739
3290 4983
3916 1245
4491 405
2067 559
3704 1838
3316 1307
4614 3737
3765 1198
2223 1019
2549 400
3907 4737
4572 3577
2375 4953
3815 2492
1489 1358
3498 3147
2534 4107
1755 2021
469 3382
97 2110
3410 3748
3998 1361
1607 4924
4715 3765
1935 1864
1257 167
2719 4756
1676 560
445 4303
4323 927
1904 1486
2368 366
3642 4138
1062 1796
2533 662
4777 562
3634 3053
3349 4424
2626 3641
2012 2031
1058 4264
1982 1795
698 3945
3491 3148
1555 381
2103 4260
1252 660
302 4608
3711 1718
3005 3029
4042 2875
1977 3219
3733 1741
1078 4982
4695 3722
1330 3720
4591 3965
3899 3211
4609 282
1593 2518
4694 3180
1681 1914
2682 1139
4444 4799
2203 1328
3865 1765
3568 3954
4920 2
750 469
3860 517
303 4019
4741 1329
207 448
2856 1387
113 2327
1745 589
4234 4692
2150 1818
2683 3141
2273 451
1119 1152
4705 527
2375 516
962 2119
929 2084
3588 1346
1126 4915
1106 411
2635 1386
3992 4390
678 1749
4857 1142
4857 615
2938 223
4546 1285
2382 1770
2459 2419
3002 2305
2581 1303
2187 1800
2035 1310
2563 3809
3458 34
1564 3569
1887 1935
1101 942
3403 2485
4849 3541
661 3474
3625 1409
4557 3648
3155 1163
4157 2870
3643 4355
722 4091
4760 1152
2893 3211
712 3459
1131 2312
4046 2678
4872 1125
13 2397
1487 1095
2680 3796
1084 3623
4070 4101
273 3033
4257 3664
2654 1640
1977 4155
3985 2681
3228 4689
3144 857
4921 38
4188 4865
4100 4295
4472 1905
4058 4623
3071 2385
1614 818
862 3391
1399 911
709 953
2764 2519
4803 3038
2982 79
1357 420
4150 968
982 3407
231 4742
2034 4417
172 4609
284 4637
2033 3192
1819 677
3537 691
1922 3602
1430 1748
3216 141
2948 2999
473 4551
767 4058
150 1052
2973 4079
3404 3816
3823 1124
3828 693
3449 4386
937 783
2329 2611
4267 3286
715 490
3418 2017
2362 3619
471 4596
2483 4716
3979 3483
3151 3523
3384 2183
796 4614
4865 1048
3691 1548
4311 4996
4263 3069
3878 1895
4493 2661
1753 2502
3569 2711
4277 2298
816 3409
642 2397
4993 3574
1621 2089
2818 4362
3984 1174
456 293
1709 245
1620 1993
4507 6
205 4126
2353 2530
837 4464
1953 2974
2621 3020
4549 842
1554 4333
1939 1451
1690 2533
1864 488
713 2458
2949 4731
4095 3173
3662 3808
1931 227
4207 3513
940 4442
584 1066
3208 2489
709 3516
1501 1873
689 3725
380 2219
4628 1744
4681 3982
4770 3500
4508 4911
3822 2414
1498 4802
2597 3144
2009 933
4958 3267
3849 756
2027 3002
4009 2550
4221 4338
408 1152
865 4473
2 4747
3137 4286
2651 2068
1014 4222
1765 2676
2760 3336
227 4151
3140 3674
1970 104
780 1379
1296 238
4277 13
1473 1559
2854 4934
3179 1604
149 2435
467 1044
2310 3022
2537 2985
3003 2633
432 1114
2727 2651
3952 3531
1191 2515
4403 154
1075 4642
2918 2389
2342 502
684 4663
4365 2236
3335 2499
1538 1213
1020 912
4934 4108
3842 1264
2635 3859
3267 4430
478 3692
4500 4061
4075 2898
2178 193
3482 3333
2022 1908
2214 3717
3575 545
4041 682
4054 4076
4483 4673
1764 135
1535 1481
2512 3886
409 4090
2170 2053
136 473
1968 3258
2370 4552
514 2022
634 1085
3202 857
1912 861
3026 1790
2753 4238
4505 2638
3709 3036
2487 855
4840 2833
3623 1016
3454 3051
4074 4239
2634 4533
2005 3523
4323 1574
3714 4457
1182 3311
2387 1938
3115 1378
1917 3198
1901 368
113 4419
748 235
3112 3134
4446 1518
3369 3404
1759 3184
4511 538
465 4217
4619 1222
2480 1667
407 4689
1528 4886
3307 3557
1256 3911
1743 4680
3468 1225
771 4532
673 4169
4626 1769
4072 4761
4337 2341
621 1509
2026 194
2716 4762
3634 1463
3217 645
4123 3867
1958 1317
4816 3141
1590 1529
168 3577
1795 755
2462 3746
640 3254
3926 4438
3278 2220
2089 4985
2082 4133
612 1866
75 3003
1653 1506
2957 4749
4794 3176
1736 241
1119 1809
1156 1476
4448 949
631 54
776 1674
2920 4625
2139 4992
64 1179
1548 3200
1009 2410
4916 1337
1172 1440
1600 4879
2914 2955
2323 2295
3968 628
1351 3646
2581 4809
1588 2592
1243 2413
457 1535
4494 4759
2044 3496
778 3277
634 4071
988 669
3472 716
866 595
3318 2808
2432 4784
4815 270
4728 3149
440 1904
2145 4741
3444 4301
2607 3330
2541 1481
3241 1177
4201 2997
695 994
2919 2452
2073 2359
4428 3975
4678 4690
1996 3928
1259 2930
1119 2848
1811 1604
945 2210
2082 1220
1809 2766
2833 1157
1439 1449
2564 389
3328 3511
259 916
4435 237
1289 898
4353 2238
2468 1578
1533 3922
2181 3862
1418 3172
2952 4190
4134 1576
3063 2300
3560 1308
298 2294
1783 4281
735 4453
2424 1985
3351 771
3261 2656
4662 1869
409 4544
3714 1213
3472 2555
4841 4389
2127 3985
2085 231
685 1893
476 3352
3809 3850
2486 315
2522 4612
4992 1122
2664 1669
4064 4068
3271 3341
4525 4644
4035 2594
1026 3815
337 1808
3501 2059
4791 4858
3275 454
2849 21
122 4670
3661 1270
1346 3961
152 2969
2394 2430
4748 3366
1068 4007
1871 1286
2108 802
326 3014
2146 369
2672 4193
3095 2659
2173 607
1702 475
1153 1016
2871 1306
1798 241
3903 2169
4215 2954
188 903
514 766
1441 1424
4401 354
3482 4691
2887 3980
4746 4630
3366 1047
992 2485
2271 2942
4424 4630
3394 1070
1403 4966
2205 1390
4982 2340
4774 920
2204 2605
3678 2482
4431 4278
577 687
266 373
1870 1749
457 121
2577 4418
1066 2168
4935 153
1571 1002
2226 3454
1498 3963
1668 1221
398 1367
3462 2182
4902 3849
3929 1601
1662 4855
4313 2984
3586 3600
4560 3491
1429 4943
4585 1370
2348 2647
3888 1738
1672 1565
13 3691
4849 2040
3385 4157
4024 2334
