60 578 30
3678 4262 11
1787 1740 17
1068 1276 11
4598 2760 23
1331 3145 16
901 3367 29
492 251 6
4731 4364 15
656 2527 13
1729 4559 29
2169 3364 10
1193 1503 5
940 2862 15
4503 554 17
1164 3799 26
366 1342 24
4660 4132 21
288 3629 8
4417 2110 17
2583 269 27
3613 30 15
4030 3122 29
773 2170 1
4244 4236 12
4735 4542 20
1741 1304 22
3235 3939 4
4173 3471 11
3366 2699 21
3970 4587 11
4744 918 5
4035 3597 26
1315 3707 10
2027 3940 28
2957 4595 18
4195 1061 11
2709 2365 13
1918 4824 9
669 3340 13
1408 2027 5
4590 4459 3
4484 4652 17
1855 3838 29
1226 1056 4
2101 3059 19
4204 1047 15
2887 3524 2
4761 4817 22
3238 4753 1
1229 3572 21
1130 1219 3
171 304 6
1403 4203 1
3188 39 22
3600 3983 10
4352 2369 3
3635 1648 5
3015 3521 18
4853 3415 15
536 1891 24
198 4379
3019 2906
3793 374
2566 3362
3937 1054
4750 3574
2531 623
3092 4960
1159 4500
1257 1185
3892 2346
1996 3906
2223 4474
4988 2516
1555 630
3731 3673
2835 3296
4294 4425
3482 1904
1704 733
3212 3984
2092 822
1025 3303
19 2312
2522 2087
701 3566
678 2113
2490 3136
179 4618
4552 108
3833 2037
512 1493
4558 944
2067 868
3520 1468
789 3526
2050 941
2665 1657
3542 3057
4603 411
4432 631
1498 2794
2303 4085
3860 434
2758 1461
1544 4588
4554 4360
2993 4468
4103 1262
3983 2616
3360 1922
3836 4069
3653 1834
4997 4934
4256 2163
2607 1458
975 758
2574 1762
3807 2810
2358 4792
4551 3270
1823 2775
2763 941
1624 429
1432 1371
4158 1447
1971 3148
4190 3932
3510 2240
2438 152
2400 3675
3054 4525
544 4846
1328 4427
4246 778
3159 3879
1809 2633
810 2486
3551 1968
3218 1618
4839 4187
2897 3418
1131 4884
2873 3631
3936 3026
1331 70
19 1208
251 863
3448 3697
4831 2483
704 1243
3536 4128
3370 4565
2097 714
4803 761
1188 3677
4638 4888
4149 446
2141 2585
1111 4885
1582 1774
4231 620
4507 2239
4698 4008
4956 2400
965 2166
3264 3442
2007 3146
3726 1635
4024 745
2200 2107
1588 436
4372 2090
1746 737
197 2231
889 4652
4540 2737
212 1750
3998 988
4124 1625
1648 1726
3939 792
3912 2122
2663 906
2332 4325
4628 2209
3280 2243
2211 4827
4126 2506
3931 2560
3189 3749
3157 4830
2465 428
4026 3656
2307 4018
4056 1186
3034 1893
3787 2389
216 3162
912 2232
2655 2546
3928 4745
206 2567
1791 4205
1028 3179
62 3119
1168 2002
4189 1380
65 3622
1609 72
4310 2591
2806 4690
4125 828
1721 2105
3845 3921
330 1787
4880 4816
2083 1806
2788 3812
1715 3409
3592 4846
2951 666
866 23
20 4272
3733 940
1646 4330
4690 3875
1988 1079
554 85
2180 3206
99 2520
2426 4379
4755 2175
4045 3197
2680 2006
2527 596
4489 2714
3314 3792
670 4529
328 904
321 3967
1255 2716
1607 3232
4195 3362
1364 1155
1570 1900
2643 4167
4051 3133
4588 3642
1280 826
1869 229
3664 2589
3118 4786
3446 1666
1194 1474
4657 351
4607 2912
2343 3831
4265 3415
208 1328
4277 2296
773 4111
4277 3735
2970 1808
493 4707
2958 3799
3008 4947
644 3458
4915 1375
1400 577
308 4689
2897 2805
4360 1305
112 3248
750 3551
535 417
2235 2774
1744 1452
627 2605
1270 4640
1769 4735
1615 3873
4585 3726
3782 2273
4154 4240
4890 3244
2792 984
4461 4353
906 4697
408 785
1878 840
3264 4014
3455 2924
3061 4869
3089 2806
1069 3096
1555 3845
949 4982
1848 2154
1495 1313
3857 2573
1811 1747
3288 3449
100 1329
1119 1715
2144 1491
2087 4338
3246 3110
3336 3215
4525 1
1090 3542
1822 2089
4659 3144
3548 2121
2095 2194
3997 370
1096 2312
3797 4143
1478 1597
569 1977
3318 3428
1613 2111
4976 3288
3651 3862
4912 1350
3870 61
2932 3824
1950 872
2564 2302
531 3075
3217 2463
3781 2785
3599 149
2057 1276
2188 4720
4956 1060
644 2662
3455 1370
869 2391
3721 1903
2299 802
1361 1425
4240 347
1746 3315
1639 1953
4430 2291
3569 1658
4939 2030
913 1339
705 3232
1979 2094
4903 859
4821 982
862 2827
2392 495
2015 278
4222 2696
1549 4700
92 1451
3736 1119
1029 1554
1095 1481
2920 4790
3317 2679
4974 4084
1967 516
1863 3933
4090 3861
3276 4438
21 4045
3928 2485
1748 211
2680 15
2400 4518
2933 2808
2380 2224
2434 3879
804 3700
398 60
2345 4245
4096 681
3524 3125
2509 922
4938 1666
435 3734
1903 1749
1978 4044
3656 3946
1893 2415
405 578
4800 2251
1374 4041
1719 911
2467 540
2900 1255
3972 4424
4010 1411
3881 1467
108 1214
4465 4957
3856 2802
1622 4974
1329 2520
2910 4322
3584 1845
4740 4004
2541 3555
2690 358
2878 193
2077 1578
20 4306
859 4845
2623 4537
4665 48
951 2974
3323 2683
2877 2735
3249 2789
1344 819
2842 3794
2059 3980
2633 1750
1026 4431
4617 3204
3312 2779
477 4521
4369 3374
3490 705
1751 1973
2733 1511
3575 4134
4962 4715
608 629
757 1556
4759 3379
2383 2712
4639 3777
1910 3429
4760 3212
1004 3115
4183 1667
2993 987
2161 435
4859 1605
3332 4055
534 4199
982 2963
3385 136
538 1021
547 4439
48 3749
4911 3067
1808 4039
410 3384
1073 66
1016 2255
4025 185
1944 1853
4510 3342
4979 3867
3258 3762
1921 4830
2241 4812
488 660
4117 1792
1657 2183
3737 2688
220 4813
3623 4567
4344 2492
3648 814
144 1665
112 4424
3237 1598
4451 3390
4102 2720
4606 3410
2885 2015
2317 563
775 577
4370 4286
220 215
2972 896
648 160
4516 646
1745 1974
4359 4455
1970 2028
1594 4459
570 4145
742 2091
2146 2853
2260 662
3064 1256
2100 1674
3472 1367
3182 4341
921 4386
3455 2664
1137 3550
4835 4123
409 4906
2348 1696
3659 4193
916 2235
4708 4033
1865 1562
3952 1346
2563 1721
1772 4401
2395 523
4308 1558
2212 3307
347 3476
3575 477
3577 3765
2885 3857
2777 84
2116 4635
1140 3387
3148 3151
3330 4545
3118 2397
1909 1286
1333 1238
2935 3844
4221 2046
192 1686
65 4951
3923 4371
3250 541
1529 3942
4394 1800
1564 4748
2800 1030
3843 2524
106 1693
3897 985
1617 2568
2348 2730
3723 3883
16 1975
1550 4005
3029 1992
3217 4066
2016 4936
1711 3927
3404 3017
1632 1261
4060 2668
4062 2299
4769 1600
223 4191
4344 3645
4545 3509
187 9
4857 2269
3775 3767
2645 919
4839 195
3219 3342
4961 778
645 3842
25 2969
1756 1279
227 2292
3706 2690
3769 4810
4504 4384
4318 423
3344 907
1471 3524
2167 951
4648 2587
4708 4394
1551 210
3322 3646
2786 33
662 3770
1295 2767
3335 4835
3174 1302
1378 528
2989 3842
3346 1978
4351 4860
1731 1286
4108 3580
1038 4098
3831 4063
2930 3776
2540 890
2129 2459
2033 4192
3293 837
1359 3356
1626 2814
4596 3581
1128 1384
173 278
3569 833
3024 2104
3718 3172
201 2574
2469 1606
4327 3845
1063 4471
960 1294
4132 1548
1436 1316
4204 1376
2519 2044
978 3732
1807 686
1580 4243
939 3960
715 1885
3277 2974
4252 4481
3163 2152
2229 3232
1764 1127
4249 3619
1689 1559
2234 3320
953 2233
3426 710
353 37
1469 4047
565 1886
2156 3599
3602 955
119 1974
1364 2368
654 1926
4231 2644
2903 3303
1991 2195
