80 746 30
452 352 6
58 335 5
448 51 4
370 187 3
321 485 16
291 300 11
13 419 28
381 29 15
224 498 3
252 265 24
282 468 25
377 89 8
461 288 5
485 348 20
238 215 2
110 186 3
103 195 23
431 359 13
271 323 27
179 287 29
412 222 6
222 85 19
169 461 21
452 378 11
291 276 14
21 192 14
127 341 26
18 381 10
28 141 13
72 391 11
271 240 25
394 337 17
494 173 15
352 367 13
380 170 7
233 254 12
30 144 19
190 357 12
422 85 1
195 185 10
257 305 29
209 184 7
252 221 17
115 232 4
61 316 5
118 48 29
5 177 23
391 148 23
175 344 24
324 329 5
148 407 27
445 462 19
151 377 7
429 161 21
430 101 17
370 442 16
69 419 11
442 241 19
90 155 24
308 115 10
349 94 12
147 119 27
300 225 4
420 155 9
256 481 20
278 5 28
209 54 4
289 424 1
249 7 1
411 236 8
440 126 12
441 141 11
186 322 3
412 219 5
13 313 21
414 197 7
124 369 2
56 137 14
131 488 18
428 299 27
420 39
398 309
225 370
203 263
32 350
374 331
494 306
77 353
382 3
219 457
455 372
51 275
137 223
5 359
483 444
176 466
395 425
332 279
489 311
377 436
44 228
167 295
343 353
180 36
137 194
371 114
262 379
157 375
468 153
86 449
427 284
177 219
467 355
140 411
89 278
58 229
305 212
249 386
484 253
479 96
288 154
411 220
177 320
474 419
145 78
303 347
61 283
26 384
67 200
259 190
248 453
25 414
216 96
84 449
244 346
112 187
438 276
254 381
193 184
358 39
138 397
284 277
128 466
104 438
328 153
2 406
231 478
474 306
197 93
406 195
224 73
432 448
356 279
330 391
433 475
103 280
99 268
142 109
70 317
83 473
120 130
67 41
250 151
255 437
186 80
21 462
460 415
119 18
69 355
5 350
490 379
107 108
264 178
93 307
12 82
491 373
142 196
466 320
54 328
395 406
412 406
23 421
112 80
410 434
93 11
127 212
66 341
3 242
494 458
115 227
400 44
34 245
288 284
28 500
105 1
321 255
286 217
179 280
12 230
18 360
14 335
284 376
130 281
184 441
122 431
289 256
175 186
63 327
343 240
213 358
246 200
487 23
494 54
460 136
322 219
468 176
348 284
417 73
352 403
461 198
218 420
292 256
330 348
348 312
314 357
500 372
435 381
29 135
336 6
279 176
455 161
2 431
450 148
475 274
197 382
268 110
327 144
131 255
29 282
155 282
223 490
164 471
89 346
195 205
352 424
383 137
25 405
377 325
199 231
362 6
386 493
63 486
73 51
98 428
390 152
138 434
245 187
333 204
57 233
348 249
103 180
350 30
488 217
166 6
191 206
477 74
459 303
269 306
10 155
120 122
159 153
87 376
207 153
425 254
298 220
484 341
362 396
360 316
463 59
27 16
165 451
222 311
26 239
387 250
114 72
396 496
13 177
46 117
10 367
348 106
106 272
202 241
166 72
307 89
224 237
155 325
356 227
480 411
163 71
157 27
305 324
277 66
70 177
242 255
207 71
355 379
460 251
235 179
440 485
25 286
317 495
301 433
148 100
447 252
132 83
78 268
280 249
413 89
73 477
299 1
277 333
454 55
117 84
259 233
180 166
431 281
135 500
35 256
97 402
63 261
433 198
292 383
409 77
424 256
378 285
14 446
255 276
296 320
203 304
406 114
498 339
236 358
39 396
203 9
321 359
344 141
366 478
400 248
77 441
19 176
100 17
367 145
320 187
336 273
89 320
483 143
21 477
418 10
147 103
97 216
242 103
260 279
155 344
395 410
257 255
211 484
323 353
305 403
407 443
381 102
127 195
348 244
290 434
352 154
169 486
462 39
184 36
175 195
406 8
488 332
127 66
126 380
244 404
29 483
282 133
422 470
66 161
248 7
478 93
486 16
131 233
349 377
69 177
205 109
195 236
74 181
100 463
228 57
332 390
22 246
293 212
103 372
270 308
229 5
225 224
217 242
227 123
173 152
240 242
341 17
278 94
81 117
98 246
223 151
125 67
19 432
402 439
23 140
345 194
342 377
68 372
311 383
31 243
490 329
251 497
191 296
251 419
314 8
27 187
136 463
191 198
384 60
31 315
412 469
105 119
153 23
181 339
413 98
110 390
446 76
3 385
266 342
133 167
422 195
193 89
456 211
154 495
410 79
91 78
229 80
391 261
339 247
302 173
184 268
271 58
2 300
135 156
186 311
59 221
167 278
63 367
7 112
379 116
383 269
457 161
226 454
39 394
207 53
123 352
84 357
147 419
161 486
284 190
39 54
390 471
330 366
135 120
333 8
494 159
469 262
476 427
2 396
60 291
151 68
35 473
389 308
323 401
125 136
170 464
217 318
270 118
372 286
469 239
3 164
139 394
491 202
89 254
474 213
466 373
475 218
144 135
368 416
191 334
115 264
485 351
279 414
162 477
367 221
485 13
163 367
123 445
6 110
203 401
237 263
270 101
415 204
172 87
351 480
324 290
468 45
44 486
136 471
491 361
401 497
389 328
38 323
441 323
294 198
92 28
329 241
224 29
20 480
458 325
403 209
149 170
388 150
375 453
99 125
132 499
292 23
292 93
333 3
370 276
441 104
488 349
127 484
282 52
132 347
105 238
32 214
105 366
203 397
144 439
176 324
105 39
275 364
263 124
80 38
404 245
386 20
197 38
478 377
440 366
300 396
62 137
385 109
192 241
288 173
270 362
117 250
300 109
268 69
483 309
446 435
424 247
396 101
383 109
16 448
400 456
292 179
352 427
224 398
221 450
148 424
292 317
282 12
107 190
312 129
19 5
397 333
386 295
483 258
438 370
306 465
342 49
409 203
333 68
39 477
317 410
418 340
390 405
396 165
31 430
299 146
4 169
233 38
259 453
121 489
284 430
315 243
316 247
177 373
331 61
1 471
105 19
141 7
373 479
182 458
329 293
111 229
196 155
369 145
151 154
478 224
398 397
36 83
474 41
290 397
167 266
61 106
281 374
89 311
233 289
401 135
32 380
1 425
204 391
112 264
296 333
145 226
83 408
265 472
238 323
322 335
351 264
280 319
478 297
11 78
467 129
370 239
93 209
259 270
272 462
179 253
281 322
442 425
322 479
138 456
258 181
82 111
332 383
392 67
291 256
3 427
133 250
456 74
256 207
218 464
147 300
125 455
84 372
397 172
313 188
491 335
376 421
88 212
204 372
18 36
363 354
451 179
335 144
172 448
106 332
452 135
241 415
259 175
53 123
304 139
236 190
30 188
104 359
138 175
461 20
60 248
295 148
85 141
450 116
424 482
431 491
184 195
421 315
460 332
154 496
74 90
298 65
113 161
324 405
181 15
161 198
218 1
367 225
406 33
288 110
42 388
301 341
288 406
413 338
24 259
99 226
68 134
321 372
194 284
130 329
54 313
261 267
140 431
367 381
120 351
386 203
341 469
146 338
62 91
4 243
346 18
109 394
266 329
416 398
344 35
314 225
275 434
156 193
409 125
196 211
352 242
218 278
140 24
358 312
449 60
355 146
228 405
443 384
429 485
339 420
273 175
186 98
374 36
425 32
168 380
319 397
374 137
331 135
324 370
436 441
304 343
383 258
374 492
35 146
435 110
291 52
338 359
47 439
342 258
368 175
28 283
271 91
453 26
270 285
260 364
68 206
479 408
418 363
255 390
70 431
415 11
17 255
240 156
445 351
271 488
180 132
34 95
362 67
450 299
66 17
418 177
324 431
443 169
366 145
59 194
334 240
364 119
313 260
315 280
383 201
411 310
167 159
354 443
499 494
47 272
317 63
190 282
311 394
202 260
292 434
309 193
71 132
36 341
121 348
390 360
273 94
98 382
138 404
119 429
142 375
285 298
457 361
471 82
