70 374 30
452 4585 20
2081 2761 23
4111 4432 17
1106 2955 10
3681 3777 22
308 541 14
134 1211 25
1196 4992 9
2276 3547 18
4744 2621 30
3952 3126 21
922 4212 14
3943 2863 12
446 2858 23
432 1734 5
2279 2963 4
3472 3650 20
3466 4201 30
3767 4230 14
37 958 12
2646 3262 10
2137 656 18
2191 3143 11
4973 4245 6
1156 2884 11
4274 1687 16
668 227 23
2786 1543 17
1354 2567 30
1293 4715 25
29 4696 2
4426 2151 21
3883 4994 3
4738 230 17
177 3478 28
4300 2640 26
1778 4866 15
1243 1969 1
1617 1229 10
501 3151 24
4027 1437 21
3243 983 11
1338 1414 5
2649 1835 23
2071 2283 25
2441 4210 28
1352 4906 15
1814 2788 15
4249 4589 10
456 3805 9
1019 3766 18
57 1318 7
1006 2342 29
1785 3288 16
428 2651 7
2842 759 30
2911 2339 19
4458 4157 7
3437 3616 25
126 4901 6
3295 1064 25
474 4819 9
1798 2161 3
2488 2990 23
4738 765 5
3533 1667 27
3779 8 4
4237 4524 12
2914 4302 1
1089 377 27
4473 3415
129 4158
1172 875
603 1119
3195 2924
1970 4674
4267 2430
867 2027
3000 1661
4442 2445
799 421
2994 353
2691 4733
328 2139
1717 833
2881 3991
2207 2250
2745 3883
4645 4770
3663 2641
197 2242
3583 4937
433 3178
1348 3559
1473 2165
1338 3587
4553 3024
4911 2649
1663 1929
4262 1913
249 1455
1716 3856
2495 3020
163 1361
1433 3914
4073 2600
4698 2075
3944 1635
3085 2673
1589 268
1351 529
4773 1821
3297 1900
2415 3339
3422 1842
2351 1774
3596 4465
1092 2486
1433 1738
4598 2465
98 2514
1947 3823
1419 2598
2383 4635
713 1047
3870 2411
649 4726
4936 691
4926 3471
55 4744
3067 4333
2085 405
798 1
2930 2511
3716 282
1312 160
2027 632
2500 2264
4811 2180
3392 1838
2464 1084
4454 4665
2531 4538
4435 4547
3217 180
29 3501
2034 3779
3983 3335
1008 4730
3956 2060
2428 2814
3486 3399
798 3632
1934 4842
4875 3892
3467 2674
736 643
1347 4981
4231 1524
4049 622
2595 4658
1554 4674
1550 1401
1862 4321
610 1835
2533 1029
3672 1159
4553 3719
864 4745
4884 856
3836 1485
985 737
1006 1997
34 2003
2551 4638
738 3561
2749 4281
2651 3688
3097 4341
3466 967
3017 2571
3619 855
1295 495
3891 4713
1286 489
3769 644
4933 3785
2756 2233
199 3880
2155 4304
1573 4656
709 4030
1707 4772
1341 4663
4768 1046
541 4490
311 1728
3978 1872
4670 4805
1234 3957
3835 3521
104 2586
309 2445
1025 2015
117 1627
3813 1977
4757 4891
4797 3403
3303 3860
4147 2318
4539 1514
33 4888
3873 3735
2721 4832
1053 910
4125 4626
3282 4604
2781 2138
4958 2255
3808 2086
1707 2340
1583 3806
2966 1939
3752 1186
4920 1502
1933 329
1147 4667
3691 457
2598 3512
4878 944
1901 3304
2213 83
4914 432
2066 4746
1652 383
4630 1771
3970 242
887 4232
295 2454
1255 4073
2917 1972
4237 556
2020 3719
3243 4220
1377 1651
3559 3135
351 4795
3758 4884
3052 2430
3801 3166
3249 1047
2314 2703
2862 3347
4722 3800
414 3356
4261 1034
2793 551
1724 3370
3490 536
1881 2923
4521 2676
3096 3987
433 4208
4130 4815
4499 2173
444 1554
3769 4360
3667 4420
1760 4952
1328 919
3192 2224
8 329
3032 4961
4680 2237
1193 341
3315 909
417 1933
3553 2683
2003 1097
3783 3743
1743 2293
3440 4528
1901 405
4364 3121
4037 2616
1226 2015
1207 2726
4955 4672
4305 2816
1263 1269
4706 3119
2652 99
2328 29
4037 2523
3689 560
370 1157
2324 3163
4057 397
254 656
193 4844
874 3917
480 1575
2298 1387
1474 23
4271 3280
1179 2539
4547 4350
491 3272
4698 530
1400 1921
4231 4173
2070 1492
4927 518
2156 1318
3995 4668
966 3533
1879 3706
2464 4080
15 4294
671 4260
2678 2792
4370 1570
3013 2256
4165 3415
2431 1032
1689 2482
3192 2376
2936 272
358 2495
1419 3930
2591 1117
1877 3127
776 4537
4918 2805
686 4628
1925 6
2053 3046
2134 2220
3793 1877
4737 191
3039 2475
1151 2493
4924 834
2535 1486
2938 1297
600 682
1361 4414
2519 23
3991 4230
2630 1028
4058 2236
3100 2264
2678 2889
524 3169
1184 1648
4658 4195
4432 1803
4452 1987
4795 1151
2419 3785
3996 647
2249 1335
4462 453
3739 212
3428 305
4039 2921
1445 1791
2274 956
4246 2258
4013 2751
2828 720
2287 2197
732 3289
4053 964
1050 2565
2156 2717
2785 3515
2702 2201
3617 480
4656 3980
2426 2014
1399 3248
4080 1222
2097 2105
3698 411
2016 496
2613 3121
745 2687
4849 1505
1444 2306
3917 2169
2812 2525
4504 2440
4641 2093
2428 3384
1485 706
2193 4479
2204 3192
3436 178
4860 799
1667 2618
129 4784
2860 2238
3460 1856
4892 675
2915 3106
4182 2354
2306 3871
3269 2579
4833 2065
1523 1989
3130 3362
2208 239
152 4837
3144 4985
1217 3701
1331 3779
391 638
2797 4717
4523 812
2808 2563
1142 4821
4856 4958
1462 3228
258 269
2053 3072
2938 3535
1783 724
3656 4516
4269 3822
518 1386
1723 4028
2311 326
4456 1376
708 2631
477 3270
567 2263
4442 489
2335 4643
2518 1111
993 4542
1138 772
2043 552
3175 1229
