90 358 30
545 581 3
623 323 5
881 428 6
619 928 7
474 461 2
453 675 5
354 649 4
373 774 3
968 730 1
964 448 9
478 498 9
540 670 10
260 889 7
133 78 6
924 529 4
807 683 10
271 949 1
913 842 1
619 482 4
517 150 2
630 909 6
737 172 10
301 7 10
914 127 8
571 109 7
983 240 8
858 981 6
549 111 10
127 571 9
653 887 4
421 250 7
418 639 8
924 40 9
307 984 5
683 297 10
364 104 3
307 987 10
756 942 8
412 838 2
422 443 6
851 563 8
747 54 5
897 282 9
792 818 9
469 519 9
31 300 4
335 780 7
330 693 6
94 1000 8
481 144 3
52 332 7
46 900 1
487 654 1
483 788 10
898 304 7
263 227 6
620 631 3
976 685 7
988 834 4
980 160 3
321 47 3
213 662 1
659 733 1
863 140 4
881 105 8
520 80 5
41 547 1
914 747 5
114 313 1
984 280 10
82 401 8
916 948 9
958 118 6
699 365 2
494 326 10
516 72 4
35 514 6
977 967 4
146 40 10
330 445 4
15 148 2
336 278 4
974 345 8
638 330 6
148 394 5
603 287 10
8 194 9
842 696 6
164 578 10
925 794 10
476 305
876 931
782 350
303 475
979 554
535 422
827 733
583 711
63 358
719 150
207 728
997 499
201 228
827 62
848 247
41 810
996 531
450 218
155 365
193 99
206 261
978 637
969 240
764 891
942 145
102 500
769 68
988 523
327 423
673 95
17 196
118 196
303 865
28 35
466 293
570 878
576 253
841 322
60 734
801 365
105 969
685 629
888 153
538 603
700 736
920 754
682 418
486 645
466 598
230 754
343 526
269 5
359 420
264 374
330 913
392 284
703 478
908 748
797 436
829 995
238 866
407 145
140 334
379 715
832 378
52 760
861 743
211 340
558 589
7 343
77 604
890 912
605 402
281 230
761 353
576 56
734 749
917 208
716 354
639 274
148 70
673 804
272 199
568 133
550 475
395 114
490 475
675 855
868 300
946 766
150 71
986 418
113 128
516 619
462 427
826 290
921 701
3 827
266 62
610 202
646 115
891 130
871 964
215 318
773 247
47 563
97 395
571 754
376 935
681 933
938 661
757 425
286 331
629 633
651 547
54 906
828 790
256 732
743 34
732 222
735 40
9 206
152 22
212 949
81 154
987 448
112 529
588 815
553 209
681 140
970 350
49 156
224 623
68 315
86 599
733 854
715 831
737 666
265 741
494 601
952 381
85 809
615 705
233 532
811 935
661 631
335 648
584 907
541 945
434 751
609 196
56 915
450 572
56 531
863 405
555 393
633 917
401 717
561 440
128 689
537 469
974 630
810 10
32 331
338 228
233 789
847 907
895 712
292 237
786 71
539 414
253 370
725 464
631 955
388 566
139 14
585 551
925 583
816 321
302 783
210 728
31 152
467 825
401 513
368 977
598 810
532 538
437 327
960 653
206 33
909 174
646 974
835 312
448 125
478 666
362 642
961 367
577 262
439 546
677 656
407 135
252 758
313 728
162 998
544 714
803 519
521 572
104 1
184 819
84 1000
755 620
921 581
104 70
675 290
994 165
778 788
178 972
810 550
538 486
482 480
665 275
486 301
207 592
878 438
701 871
824 111
368 680
608 880
513 104
579 101
245 816
767 991
545 738
632 304
618 134
990 693
974 731
184 193
597 53
944 962
126 877
291 655
74 20
495 895
540 132
24 673
191 106
156 276
968 802
953 7
750 642
971 731
20 665
334 279
898 757
948 246
359 564
499 761
169 304
4 56
124 618
550 301
689 392
83 368
470 438
319 94
948 776
424 956
214 342
159 723
921 829
685 213
892 123
288 764
904 705
284 556
991 185
636 465
18 509
709 785
83 467
987 499
102 708
872 812
787 500
180 443
43 951
738 865
153 385
894 346
277 404
185 207
960 727
945 481
860 269
152 204
733 981
383 764
310 802
759 334
715 125
880 516
887 37
187 728
331 397
331 164
818 907
334 468
21 624
931 737
587 705
750 244
967 610
179 769
79 295
534 761
853 439
112 28
93 730
996 299
710 268
61 408
4 818
106 231
657 15
720 495
692 719
25 488
963 872
43 179
914 604
405 890
904 592
637 234
195 388
748 40
405 622
928 881
339 880
575 357
863 133
227 547
245 541
274 298
355 348
801 532
532 966
45 301
90 73
6 472
781 174
3 760
454 241
615 1
33 969
512 105
500 808
299 309
