110 1206 30
364 42 20
57 392 16
5 482 25
9 345 27
282 157 21
163 415 15
424 417 27
468 403 2
273 103 13
230 292 17
276 420 29
2 285 21
155 408 7
239 232 30
409 327 12
383 364 11
119 378 25
203 246 19
77 222 25
257 209 20
259 202 27
371 49 21
213 195 17
233 470 15
363 279 11
16 495 13
163 281 25
228 445 9
242 291 19
272 255 14
191 473 10
330 399 5
421 7 25
127 207 29
81 477 25
138 322 24
411 432 18
122 454 4
112 442 9
138 56 28
123 129 23
455 4 1
355 260 12
272 246 4
432 331 15
225 492 7
271 182 3
482 133 21
326 455 30
365 101 25
171 270 13
461 491 17
481 67 7
34 41 28
56 333 5
316 80 16
73 434 23
188 255 23
447 213 16
58 172 3
274 390 13
66 101 29
119 180 4
229 430 21
46 210 26
293 472 7
44 428 11
392 160 12
263 459 14
263 146 11
465 320 13
37 175 23
203 90 25
265 21 10
404 82 16
262 64 26
79 127 16
458 318 27
35 260 12
139 152 15
242 290 29
494 251 11
167 197 6
176 378 19
158 494 18
408 13 2
274 123 22
361 48 11
237 321 11
78 128 12
43 161 23
286 239 3
93 164 8
248 219 30
90 342 9
38 354 27
215 437 14
384 258 19
221 293 8
188 349 24
158 104 10
105 220 26
119 236 11
352 274 14
394 458 2
25 402 18
351 362 1
123 275 21
256 336 17
248 465 27
139 433
211 118
78 202
43 413
17 254
311 16
129 33
164 199
55 60
69 382
244 394
397 66
213 275
288 309
346 103
235 29
368 95
9 380
321 390
60 443
453 25
288 138
208 33
429 444
120 43
440 104
196 404
115 475
334 492
39 237
220 144
118 84
19 377
403 58
13 216
375 332
434 113
387 480
72 75
209 413
421 204
448 92
114 155
102 350
157 246
247 31
67 121
259 344
426 265
288 160
190 454
275 271
331 204
380 436
133 130
281 170
14 470
93 86
242 113
470 364
344 74
303 477
469 224
2 242
475 330
401 242
6 181
455 287
176 475
435 60
283 204
354 248
396 335
485 81
156 25
191 347
164 446
2 394
135 49
251 280
481 464
78 72
79 52
387 323
58 157
252 174
302 318
25 496
272 62
95 89
202 72
351 414
88 81
33 314
417 283
409 240
100 365
397 383
456 46
337 169
207 115
281 152
320 140
49 168
83 303
275 387
100 253
261 145
287 99
139 262
382 30
414 175
24 29
325 73
417 50
436 236
364 287
230 246
228 82
154 390
383 244
137 211
31 113
155 452
26 70
291 359
494 373
489 97
363 255
120 198
283 352
430 371
62 365
153 450
176 63
108 473
144 30
405 165
125 81
150 36
41 485
83 139
372 396
105 322
279 354
77 84
62 312
336 114
405 76
447 245
488 462
157 58
252 283
209 341
12 338
389 34
150 202
357 496
479 151
237 415
349 295
269 154
183 163
270 131
221 248
178 467
450 380
483 116
162 254
201 236
402 336
38 476
442 32
238 271
17 208
430 131
248 69
350 202
449 221
223 275
83 318
144 420
335 188
35 472
387 131
279 221
245 458
349 195
290 332
375 172
119 124
421 106
225 355
159 358
156 266
48 465
150 435
184 3
454 477
27 158
320 374
60 97
478 8
208 138
490 235
398 104
91 228
226 341
307 438
434 176
70 273
31 262
300 35
3 306
164 329
181 357
489 355
62 46
360 405
190 24
229 374
66 410
390 335
163 61
377 197
427 447
424 39
191 421
498 380
256 366
168 372
22 79
61 332
151 354
478 105
379 16
2 332
397 198
205 363
142 338
53 161
319 435
394 366
51 454
255 280
66 61
333 57
196 440
61 89
482 167
420 372
115 114
138 166
160 62
370 403
337 308
305 428
244 396
207 411
120 488
72 200
212 498
7 413
482 417
493 492
287 420
302 164
407 59
37 127
187 332
375 8
274 246
366 326
447 327
77 352
51 269
462 458
313 500
12 112
83 429
469 204
255 18
195 246
291 78
151 195
444 256
289 463
223 201
405 228
387 245
11 182
24 356
256 500
118 459
208 347
69 343
233 201
263 89
419 461
132 233
78 405
107 30
480 184
155 253
225 236
358 27
357 219
284 208
167 419
8 257
15 151
275 330
260 243
229 451
290 422
289 47
177 315
439 94
289 39
12 92
167 319
322 203
200 92
265 329
408 330
132 422
329 208
296 92
247 300
458 163
397 225
370 197
155 396
440 12
413 370
494 305
261 224
274 19
6 83
91 471
280 281
89 300
349 111
251 31
62 280
160 215
367 31
302 356
136 171
210 447
105 225
408 218
65 465
382 150
25 487
218 490
325 339
191 384
186 24
378 141
71 215
33 324
165 468
343 207
263 199
380 344
465 470
251 331
180 374
34 173
144 356
111 63
190 179
474 280
418 83
448 408
419 110
27 161
182 234
255 217
32 321
26 456
194 151
383 330
358 22
400 358
296 318
304 416
94 492
242 485
41 342
135 179
462 87
293 337
150 325
144 255
260 158
259 327
52 92
265 306
180 169
456 106
16 415
79 441
273 311
166 127
310 226
362 6
179 487
206 212
368 164
221 131
112 164
89 84
454 232
133 150
157 365
268 419
279 70
200 79
229 228
16 140
360 21
83 279
417 224
219 284
72 379
252 231
93 212
424 291
279 203
368 245
446 336
49 236
23 281
318 281
111 117
58 475
167 260
454 30
327 178
390 53
374 68
40 374
144 387
260 424
404 140
2 468
482 107
118 64
341 39
368 427
391 394
364 460
196 2
98 76
462 24
276 48
141 173
332 367
139 266
124 15
318 32
176 448
358 490
236 394
377 457
15 90
49 163
401 436
335 363
496 334
26 339
376 149
258 326
46 373
37 493
408 327
171 340
241 200
418 328
91 381
492 471
159 422
324 133
153 101
296 211
109 161
236 99
382 418
285 215
97 232
31 261
179 418
263 8
337 32
337 167
107 482
411 474
432 21
392 140
235 308
267 327
285 12
404 94
415 272
38 128
117 231
76 189
376 89
391 499
453 110
2 474
421 449
123 44
61 233
39 251
291 417
305 432
477 220
276 100
121 179
491 79
98 435
465 144
437 184
334 268
456 23
109 487
136 233
488 277
109 318
148 221
34 250
267 240
147 459
247 484
390 303
297 486
275 322
29 277
20 482
107 234
166 171
407 115
382 199
344 215
4 148
164 295
397 382
490 348
382 290
213 266
354 406
186 288
446 254
249 269
102 179
369 484
47 269
146 247
348 246
437 118
69 11
9 224
297 394
351 253
368 409
458 106
259 473
262 469
370 45
45 448
381 325
331 80
364 241
173 436
200 380
91 368
343 357
405 220
107 453
401 136
147 421
253 86
331 131
194 351
417 38
110 69
233 408
434 434
385 167
398 489
429 239
258 271
472 370
377 123
59 169
53 322
310 131
398 457
312 340
152 157
232 266
130 197
184 56
12 151
75 452
230 453
238 45
339 89
403 417
261 71
107 117
175 490
427 393
377 45
277 213
378 66
326 45
475 34
404 195
7 471
342 302
116 465
146 96
276 206
34 123
167 62
289 144
468 199
266 283
312 381
246 172
331 365
495 36
480 82
338 187
52 461
136 433
111 181
41 277
355 309
196 184
318 263
163 207
7 185
12 162
446 350
79 362
163 362
195 335
460 84
251 284
119 314
394 243
63 153
470 113
122 184
345 414
313 298
381 173
39 431
127 487
147 121
18 432
271 293
444 388
74 236
100 393
329 39
295 27
317 446
198 67
7 324
282 485
343 176
401 373
240 398
463 257
132 40
487 132
452 57
442 125
205 396
163 55
202 482
355 282
27 440
45 478
97 488
406 117
30 132
382 481
186 29
91 476
339 252
368 463
457 315
312 462
373 100
31 256
52 91
26 190
97 477
469 100
270 209
358 71
210 398
189 140
154 152
401 367
124 326
34 60
297 114
195 181
396 326
12 427
130 218
156 478
203 38
352 254
191 331
328 82
41 168
227 58
490 498
70 250
446 13
38 293
469 442
205 128
427 318
282 231
263 182
376 35
84 312
466 238
52 86
400 256
459 10
46 388
479 95
141 122
235 130
441 290
10 372
394 37
169 140
419 364
451 473
124 485
280 493
421 131
246 45
41 226
406 46
184 309
231 450
487 252
237 429
236 472
247 459
337 10
431 240
458 62
252 469
88 297
195 37
294 419
349 284
345 460
16 71
345 276
103 279
403 490
301 309
33 336
51 478
232 252
461 332
330 156
94 249
441 81
399 176
342 478
361 453
237 254
217 380
396 321
252 47
412 83
479 361
117 7
28 104
253 165
32 200
53 131
228 210
486 38
243 315
69 105
92 439
251 361
434 431
414 27
313 283
498 224
492 285
84 156
446 493
18 165
153 181
60 156
131 54
13 89
471 467
329 185
319 317
119 208
357 88
249 472
500 295
269 483
49 325
104 74
257 361
175 260
162 232
331 111
432 191
446 237
127 482
273 46
404 411
11 489
100 291
8 76
244 135
298 193
100 451
168 359
74 376
253 280
54 451
290 105
172 259
118 397
372 398
350 96
34 360
177 451
77 185
465 54
201 210
128 461
362 249
50 363
474 476
341 294
344 48
499 33
157 92
142 142
477 162
195 107
462 293
266 205
420 297
259 215
197 98
190 236
132 395
4 168
261 398
203 52
47 440
335 472
407 54
54 106
148 337
309 284
6 449
332 65
198 416
155 187
307 363
493 137
230 269
141 354
427 328
119 453
327 202
256 110
54 50
122 262
361 197
388 241
284 399
157 42
266 492
189 96
291 437
240 131
228 394
182 491
296 466
483 485
364 404
418 31
231 488
384 130
351 104
213 318
178 375
143 40
326 84
39 247
156 442
68 467
387 79
242 119
320 8
162 111
451 416
371 365
356 437
299 183
487 20
378 463
13 160
231 456
301 371
261 355
481 60
464 462
135 272
475 244
229 225
37 387
199 160
63 252
138 131
20 340
87 64
496 240
84 223
426 394
477 200
120 323
209 313
435 365
341 272
378 156
133 172
278 287
446 313
117 487
117 83
185 142
2 78
164 97
130 188
157 23
69 93
334 398
13 18
412 5
400 1
308 23
72 456
389 499
293 487
88 92
81 113
302 32
350 228
186 48
303 122
194 360
398 11
383 432
401 454
291 241
483 457
115 166
268 222
460 27
431 164
235 252
160 9
291 331
165 29
479 431
315 463
316 40
178 495
164 125
427 84
231 72
398 260
138 425
279 138
54 199
458 107
206 277
348 210
97 364
177 352
275 386
200 191
367 68
331 410
437 435
141 434
438 237
148 150
276 311
265 35
123 232
270 112
333 500
289 495
15 293
25 444
303 281
29 338
312 390
396 410
78 394
120 361
231 61
383 241
440 224
263 40
41 110
423 246
184 53
414 66
145 192
224 147
210 328
450 189
150 6
322 452
494 226
344 480
113 244
31 85
448 159
19 449
300 227
178 18
86 413
42 368
316 226
241 154
372 385
213 35
321 420
428 183
179 406
30 102
169 72
297 241
478 356
145 257
220 217
113 451
418 463
159 465
420 194
348 28
123 111
315 108
314 293
413 371
276 268
190 416
225 294
327 1
172 87
54 428
211 458
271 424
44 376
342 165
383 63
253 314
196 354
162 178
393 420
186 7
44 120
466 286
83 433
403 418
228 438
336 485
427 457
52 207
470 463
56 103
452 468
149 72
495 172
146 389
310 291
470 39
31 284
153 332
369 284
252 14
365 17
466 403
402 79
139 167
114 265
247 121
438 26
218 106
88 284
351 155
182 286
415 47
76 213
376 173
7 271
207 309
227 440
252 230
389 398
202 102
175 182
126 84
271 133
303 462
47 177
424 40
336 396
254 206
199 205
278 97
419 145
115 9
318 20
101 145
451 461
38 283
463 434
419 376
110 235
71 150
233 83
139 174
387 55
300 288
341 251
90 148
32 470
61 133
348 124
217 498
407 167
468 97
176 441
421 188
207 52
143 92
264 267
392 174
298 342
475 188
457 75
378 364
213 483
126 261
59 160
64 194
24 128
181 235
122 369
175 269
42 323
405 238
10 319
405 170
69 5
343 20
442 165
170 395
415 333
230 100
13 471
320 27
27 271
72 252
10 5
61 475
500 64
297 177
365 88
477 247
337 36
1 55
406 227
