20 228 30
179 865 7
580 214 6
691 82 10
240 499 24
983 253 22
270 720 30
725 16 6
516 986 23
387 207 30
477 719 18
614 445 5
223 884 21
447 615 14
832 630 22
743 449 27
467 508 16
85 150 5
501 489 18
785 743 21
50 532 14
222 291
951 893
626 212
414 467
103 630
646 511
527 837
538 59
656 519
143 241
211 223
603 957
774 950
83 601
935 424
181 450
63 639
917 709
995 233
931 314
724 167
365 561
871 73
495 715
613 231
582 519
304 929
424 766
900 123
912 46
735 283
963 522
132 537
766 493
986 504
756 759
740 761
464 671
33 738
144 141
201 56
668 377
431 859
621 245
559 541
324 859
586 493
716 556
251 4
746 912
459 574
995 160
1 519
40 814
869 818
891 538
2 107
986 411
169 331
62 471
247 215
191 647
806 654
29 478
212 896
323 740
152 946
183 236
41 536
159 329
904 963
855 201
317 723
901 367
663 583
528 202
298 283
232 254
271 498
442 390
716 279
592 61
160 283
984 94
776 498
313 278
520 975
70 150
617 374
279 419
462 825
937 972
734 228
972 28
635 955
858 749
873 508
995 967
91 920
846 314
693 297
865 20
544 93
388 808
205 661
487 612
214 542
62 197
108 199
605 87
316 860
197 92
382 244
132 973
256 216
770 513
675 490
219 520
563 562
870 129
486 186
580 959
779 647
152 503
744 527
751 138
284 556
167 291
438 654
127 759
544 613
409 978
274 598
794 644
332 124
380 719
30 358
601 556
562 25
193 252
501 309
723 252
775 588
468 56
439 507
448 761
436 297
28 56
443 282
976 250
631 972
722 267
189 721
672 174
718 992
181 73
509 816
789 484
642 854
378 985
757 182
150 806
336 870
553 539
863 110
560 903
813 504
800 379
562 938
307 576
581 606
376 751
309 271
15 726
952 390
24 664
872 257
714 669
11 766
373 768
433 554
447 935
199 515
425 121
31 973
928 294
559 756
113 387
352 727
34 21
499 54
564 207
806 954
854 212
183 243
278 809
578 341
502 210
381 868
493 377
924 60
339 36
853 62
607 980
830 715
893 941
514 462
102 372
922 309
57 934
64 809
595 310
653 901
931 805
432 482
657 253
568 235
181 920
757 108
793 439
131 895
927 896
22 15
166 58
701 979
930 283
832 548
556 269
