30 122 30
949 197 6
610 988 8
296 137 5
236 725 5
579 932 10
74 812 3
951 807 4
934 921 9
816 311 10
473 717 9
584 957 2
358 577 9
847 304 1
262 531 6
860 708 10
241 298 7
15 364 7
40 547 8
385 997 10
204 132 2
589 966 2
888 213 4
121 877 8
84 841 7
967 920 2
602 298 7
192 483 4
505 146 5
179 110 6
281 375 5
39 629
380 780
582 798
640 132
701 39
661 840
471 348
942 692
382 444
780 86
637 875
787 773
278 375
874 132
279 308
865 143
656 640
641 551
555 324
706 679
617 972
761 956
660 160
898 706
899 80
46 531
381 295
315 644
316 174
293 263
247 57
978 349
11 796
983 20
300 836
873 590
604 626
240 806
831 302
841 443
693 119
462 288
650 784
553 116
950 291
11 735
528 943
39 123
64 128
626 631
519 988
300 366
232 979
373 456
793 819
219 594
959 826
619 669
738 118
489 138
597 613
992 976
940 351
215 502
745 199
160 233
45 892
64 282
893 979
702 908
768 472
40 510
417 64
506 674
864 130
503 819
343 49
784 920
162 909
735 369
698 282
758 418
960 595
896 805
375 330
317 670
738 997
386 980
800 527
452 437
422 427
393 939
930 810
746 997
343 530
89 886
550 886
353 924
707 655
134 813
236 704
982 504
214 526
65 692
248 553
497 125
2 929
897 785
677 208
685 896
453 242
87 861
808 732
356 218
416 481
404 569
632 343
416 892
426 259
510 395
54 222
679 448
