100 1686 30
2429 2497 8
1845 4589 19
4237 2973 23
2328 4802 18
4767 3369 27
1986 2015 29
1734 1956 18
1297 90 26
1275 602 4
861 3287 9
1018 2673 16
1901 3959 23
4953 1157 25
3019 3776 10
3080 3185 19
1093 412 10
3811 4685 28
3646 511 19
1698 2976 1
480 2687 22
734 1809 9
1548 2138 13
3337 4915 4
255 1638 17
2999 4179 11
1260 356 30
1151 2653 9
4787 3927 30
3451 2400 2
1362 4759 1
2913 2484 14
1208 975 26
743 2934 20
2059 2992 19
4475 401 29
472 3937 13
1163 2725 25
4333 380 27
937 4393 22
241 1565 29
2771 2669 8
3268 2005 12
557 1719 22
778 225 17
3164 3091 12
3132 70 8
4279 4956 4
1096 375 20
843 1110 12
4753 524 21
1496 4791 30
3152 4459 28
2005 4361 26
221 1722 16
1984 3360 22
4916 128 19
2872 1597 18
420 934 5
2687 348 22
1401 433 29
2507 4971 23
473 3942 5
4537 4295 20
2712 4665 2
1334 2992 25
2439 4864 29
4309 2648 23
2936 2293 26
3671 537 13
2832 3732 11
2643 2901 15
2599 1364 5
1788 4026 16
417 230 11
544 2826 30
1212 3885 1
2597 2661 8
4362 885 16
4916 836 6
2871 4334 12
83 3857 30
1219 127 13
1664 1302 13
2358 4681 30
4591 4782 14
2107 1317 13
4206 1299 20
3333 3589 12
1491 2190 25
87 4647 11
1324 4512 9
1124 4794 4
117 2437 16
4628 1142 14
4819 4607 16
3141 1539 30
1158 4072 24
1945 127 4
4730 1620 15
1375 4525 19
2435 40
4950 4832
4846 2228
2566 4320
2528 4804
1964 1769
4243 205
4136 3278
4942 4406
74 3252
4888 2040
4849 1121
3682 3918
2677 3337
3529 1914
4486 431
2898 16
1380 561
1635 1543
2876 4686
3369 3320
4512 1569
849 64
3290 4242
4577 844
1440 256
2002 1989
996 4774
1886 3253
240 31
3843 2988
2226 3999
3302 3030
2624 642
982 3779
779 4620
776 1605
3086 2041
860 4727
32 1546
4147 1455
2061 1718
1506 3175
4873 3482
952 1535
4137 1145
3495 616
3246 2708
855 347
4075 4353
3632 2426
4476 600
2914 4799
3886 1010
2513 3950
3045 115
4390 708
3369 4340
3330 2784
3312 2678
1270 4096
3331 2895
4622 2439
492 2682
2054 4940
214 3041
3728 1106
4950 4709
981 333
3460 2920
3041 1347
4484 123
4127 697
922 1999
1912 648
1880 2549
2935 294
3873 1267
4860 3018
1635 3114
327 3181
149 1236
1715 3789
3797 1633
2696 2277
1541 3318
4685 3510
3932 3014
598 3560
3838 728
4909 2377
2789 3635
3842 902
2299 4110
4227 2145
4885 875
2730 3800
4561 2608
3609 1218
2906 4780
1122 4150
1093 54
4848 822
4072 900
3070 444
612 2711
3530 3785
1339 3797
1438 2021
379 2347
2539 2303
329 3203
918 4934
3500 429
112 3411
2526 4777
2749 255
205 3984
642 2689
999 636
2354 2340
3104 4396
498 3082
1357 2049
3793 2805
1634 4712
986 4585
1520 381
1431 1713
1926 2327
4047 3616
1510 949
2152 3833
1423 1897
3762 3049
3122 3767
835 1208
3395 3845
712 88
3063 2203
500 2261
2174 2838
4199 3858
4455 1690
1494 3076
2288 725
2414 1924
2219 2347
4718 4138
2256 1350
2756 508
236 1796
1493 3257
246 2120
1195 2329
84 4147
3170 3954
2415 2102
1672 3824
1721 2997
2015 52
2740 2072
1909 2928
3254 2006
1036 1187
791 968
968 1830
3546 742
2965 1696
1273 3390
2227 2837
454 2337
3683 2412
787 4379
2804 4484
890 331
3842 2147
1047 3134
1501 2188
4077 3761
2836 4039
3113 2615
2922 71
2518 3327
4132 1991
4149 3716
2503 1761
4130 1139
1351 703
766 2940
4611 2177
2235 4524
191 4830
3883 4297
3830 4984
874 4428
4113 4711
3055 3913
4909 2826
4586 4609
4308 173
511 2773
3592 695
2095 941
4840 221
3699 2850
416 4062
1491 2415
1925 3190
4891 1728
4133 3243
184 4455
1631 1854
918 2868
3012 4044
716 538
1249 3885
3593 2195
4730 1653
524 1260
825 4108
2975 515
4716 1978
1882 3507
4195 2340
3896 2695
4178 2568
3642 892
2780 591
4143 2026
4260 583
969 1406
1650 394
2149 648
2404 37
2306 721
399 2423
22 3680
4530 1494
716 4523
2236 1199
1470 4892
3640 4405
4615 4078
2944 1902
3079 2872
4638 432
3028 4648
2909 1528
1321 2691
2722 1391
1974 2247
4884 281
4441 2008
698 2153
550 2010
2121 984
2001 3750
1089 421
3191 2296
1445 1493
941 3059
2302 539
2658 4027
1387 46
4606 2508
748 3316
4777 1003
1488 2287
1024 3076
39 1096
1518 969
327 739
72 4344
2775 3504
2734 1860
100 3577
1029 384
4136 4043
2204 2616
4745 1133
2895 1680
178 3188
4306 409
162 3657
4621 1057
3127 3671
4720 1307
120 3812
2586 3068
3112 1869
1557 197
4465 375
3395 3535
4986 3366
3775 686
2702 3013
2009 2561
1183 481
2052 4156
2988 737
4941 3229
2074 4546
4882 2188
4434 231
296 3414
3155 1444
380 4362
3928 1679
3135 2050
2506 1198
773 156
754 3156
3161 748
2875 421
4391 310
575 4688
1651 4936
197 32
2037 820
2909 4268
2458 2379
4169 2100
3547 1498
456 3756
4884 1283
2842 4270
1245 1657
2672 4123
3816 4482
713 1747
1714 3782
3892 307
911 2758
4134 492
1670 1865
425 4383
2416 1716
3454 362
2885 574
1910 2803
4060 2299
3788 574
983 2879
3360 3232
4074 694
4765 1056
4342 4531
3660 2840
4071 2473
4494 2871
2320 2959
1275 4925
2702 2887
3841 3440
2911 497
1395 2061
3398 3277
4236 439
17 687
4106 4265
2098 2523
735 555
991 1915
3955 4605
1895 3751
270 2812
4353 4063
2339 1992
1988 1679
211 4509
1215 1377
394 2890
2058 2034
2506 2590
4570 751
1044 3589
547 222
4595 726
2352 3372
2730 3783
3406 4177
1375 2429
1790 579
741 2955
1316 4786
1057 1705
1585 3548
1992 1198
2671 2966
4974 1243
4482 488
440 2136
3041 3382
3725 600
2294 3165
963 4927
1949 4771
1091 4279
1119 4823
3030 2412
1576 115
3924 1859
2783 1576
839 3574
3214 3226
383 4531
1636 563
4779 2834
2506 2313
4127 315
1977 2937
1947 298
3200 2813
2764 3566
627 3997
4169 3934
3106 4435
4214 4507
1814 3793
3667 3128
2670 4266
3842 2865
2989 1151
1362 3446
2201 4472
335 4258
3006 2697
1908 3250
2543 2009
1208 1202
304 2431
2809 2199
3533 3753
2860 1589
1956 1147
3566 4715
312 2158
1543 4250
4149 1084
4118 2421
2031 401
1620 4515
4989 908
2516 3212
3282 3326
3675 4196
1039 1445
2435 4213
2077 2018
1085 4970
3145 4825
4098 1610
4933 1267
2668 607
43 1371
4451 4957
2952 4121
14 2808
4996 839
1843 1330
2127 1438
2094 2365
4929 4518
4688 2817
2123 1373
1883 3223
177 870
4784 3130
967 1555
245 3009
1194 1419
1969 2656
1890 2438
4893 909
3399 4269
2633 1043
2679 3293
3272 3149
1675 4179
489 2235
4093 4124
1316 3500
22 3323
3006 644
1280 3073
4662 4645
3824 2760
923 3260
1317 4017
3843 858
4819 2748
4873 4002
3099 4146
1137 2314
3281 4381
4735 4329
2814 4672
2342 1355
3830 2341
4756 1517
3574 1537
2444 4177
1478 469
3178 2045
3565 2117
4229 4038
2445 1613
1527 4266
1007 3985
186 4021
1545 2847
3601 4477
3973 314
4086 2854
2687 589
1603 3553
1732 1683
636 2450
2001 1470
4553 3850
868 1865
125 2989
4165 1917
722 1325
4852 2625
3319 4892
2244 2282
2327 3734
1040 864
1123 4597
3768 3837
2339 2849
2251 129
4961 1599
3282 3737
4505 3877
3723 1519
336 1255
1854 1375
2358 3985
340 1404
465 1597
4069 1873
3177 3712
4424 2188
4230 3349
1680 269
4362 3564
238 3892
3925 2911
1439 273
2456 898
3255 4926
2 2963
3094 4215
3139 249
890 3778
4775 1482
4967 2091
3132 3957
1543 854
2449 189
173 3690
808 4045
4235 2206
3331 2833
1319 3478
3039 678
3536 4148
2163 482
2866 2503
3794 3968
35 2933
155 3453
1803 613
3271 2146
2268 1500
2944 4778
2650 2212
3073 1698
3771 2076
538 1398
37 3005
1062 4384
4771 3127
402 3854
3587 4129
4327 1739
4583 3079
1157 2471
3101 3
1759 3776
3981 841
2423 4238
3389 4656
4239 4780
3484 546
2004 2172
661 4959
4757 4918
3453 17
1041 4477
4131 4357
3426 3035
2298 358
4948 2598
3699 1336
4468 3169
2719 3614
1807 996
1775 4514
2514 2300
1765 4998
4688 3968
1328 314
436 4831
2942 677
49 627
1537 2100
4732 557
4771 982
381 2445
786 1914
1786 191
4888 2193
1525 2364
2828 3203
3732 3563
3673 117
58 1587
4965 1849
1814 3200
4113 3342
3743 3101
2078 2026
600 904
1826 4862
3722 179
2904 653
3489 1762
2249 2913
1081 3418
111 1306
1952 1601
3147 290
2176 3519
4464 4493
4347 2351
26 2371
700 4047
2610 4617
4152 4550
2838 2698
2204 1799
379 4361
1769 444
134 3978
2427 3753
2817 3751
2085 55
1556 457
742 2574
3394 2898
3838 4473
2763 2636
4947 3686
4547 650
334 1050
609 4222
504 2030
4353 2062
3083 3211
860 2456
4537 1145
2421 1724
994 77
758 1333
3629 4530
1392 2064
2152 2370
772 2646
4566 3874
3444 4571
3298 329
575 4558
1917 838
638 2904
1048 3378
3697 4145
4749 572
2132 3275
285 4903
4475 3353
4603 4579
603 1476
4628 858
4476 1006
3226 902
3260 4624
114 1690
4179 4163
248 463
3868 4406
2683 942
3404 2096
990 723
629 28
4430 4982
3481 781
1032 1892
541 2876
3630 76
3559 1304
2112 4923
3523 91
978 4891
1291 4550
779 863
1828 2494
2723 995
1237 4546
4054 2326
4809 3437
1779 1519
924 1537
3509 4556
4435 3496
1376 4045
405 4383
2360 389
3431 4245
1776 3082
4727 177
1204 2334
2245 2592
1355 66
1736 4880
410 4838
4804 1669
2394 2709
580 2827
4127 1472
3433 1217
3154 2142
2078 790
1262 1003
1514 4796
2779 1780
1414 2959
1526 4454
1318 2552
1433 863
4176 3706
355 4196
4925 611
2832 2383
379 3807
406 4876
3713 167
1024 590
1287 454
2405 4437
2600 1244
1500 3030
3094 2119
1082 244
1153 2505
4767 4234
2759 4419
3617 2452
2394 2464
1178 4511
323 4114
4190 2641
4927 3696
4206 2047
4296 579
2717 3819
4605 4595
144 2745
285 1621
4371 3792
1740 2880
2579 4758
3827 3722
2950 3421
4321 3303
306 4632
1474 1487
3193 2782
1202 2311
1632 1058
3034 4107
4024 2749
3506 3053
4957 1931
1555 2499
4878 631
1249 4809
3830 1296
1246 973
2167 1360
3038 4711
694 4067
160 2303
3717 503
4721 1807
240 2751
1079 673
3829 4900
4594 1217
980 3680
4754 4456
1650 1005
344 375
3668 1860
1764 3729
3521 4474
595 2586
4363 2476
708 3999
1718 719
2921 3700
3910 2683
4756 3250
318 4569
2255 3296
4852 4349
2738 967
3442 2579
2779 3972
2947 959
2687 4053
1950 3767
4192 4493
2768 1710
4127 397
2110 1025
4826 4681
4568 2887
2118 1412
2723 4913
1518 456
4566 3433
4601 3354
3343 3090
328 3078
2482 3687
1075 3599
1261 1495
1581 1300
2756 1144
4973 4610
4712 4606
234 913
4810 3369
3978 3028
4375 1268
2960 3321
4888 2793
2279 1210
4571 686
3151 815
2956 3519
4257 3512
806 2949
3861 326
48 1742
2012 308
479 3938
1173 111
2514 2678
553 2551
4717 1332
895 3588
1880 3074
1552 4821
1844 4684
3478 4021
966 1004
142 2468
637 4171
3349 4280
2614 4468
4745 779
2250 3827
490 2893
471 711
3713 836
3409 1909
4945 2592
4105 3796
1762 1753
1162 4584
3684 970
3266 3356
1526 2521
4666 2717
2420 724
2832 1478
312 3579
1765 573
4357 79
4044 4643
3780 2773
2937 2837
1815 216
4927 1955
3359 3793
74 3845
304 3781
3852 1053
3347 3320
1276 2545
3369 2731
281 3840
3859 552
3590 4963
4628 1336
4308 2525
3894 3873
4225 2862
1180 1802
1763 626
2065 1590
3739 2793
1060 1890
1626 4817
618 862
2178 4148
120 2281
1126 1694
100 1806
1124 3568
3421 750
271 3351
2648 583
2832 4441
4728 4967
961 2016
4148 437
1570 4708
1679 3018
2452 2903
2464 239
2484 1738
2850 4700
3555 3764
1466 4971
3186 4038
4183 4091
3956 4596
1683 3886
1788 315
4491 4094
2036 608
1550 1471
187 4741
4778 1419
315 2368
4500 2189
2140 859
946 2643
3822 2688
3314 4416
849 2209
3547 532
2958 4906
2403 3082
2217 3757
917 4
1014 4247
2302 2143
1929 412
4585 2551
1911 3987
1559 3685
749 4194
1578 273
1715 4214
1991 28
1679 3932
4787 3512
4784 813
144 3289
4403 4584
2580 1463
1504 4029
2305 1982
4571 1275
4306 695
1389 1799
354 3624
414 2278
3177 1731
3026 1390
4252 292
3355 1201
1794 1766
1497 1999
2609 4610
2031 2030
2985 1315
1206 348
2537 4866
3139 4227
4284 3626
1106 917
220 2379
1718 376
2755 4177
2745 415
2803 1798
134 2611
1600 2524
2259 4099
3212 4735
1495 3213
3267 3392
1466 2942
2056 4555
1865 1227
2746 1733
4040 679
587 3932
186 4823
3498 588
2344 4151
3227 535
1971 2230
1587 4776
497 17
2717 449
194 2870
2841 314
582 2432
697 3145
4762 2650
4540 4924
3095 986
2703 3441
4219 901
3666 2514
971 3516
1412 3835
395 963
3504 3899
1105 3241
389 3424
4398 1363
1619 2056
1169 4791
1793 2737
2929 1661
1351 4929
264 1889
4773 3692
3059 1877
770 2259
1998 4816
4136 2800
401 4044
1686 1633
1780 2885
334 3796
4218 3720
4659 4794
1719 3739
2985 2138
2219 854
4517 1747
945 4933
3475 3292
2595 334
3598 742
1974 1155
4844 2090
4537 743
3895 3183
4969 3682
1126 1781
3244 2474
1024 1195
4994 3771
4596 2222
563 555
410 31
1498 3112
4296 4827
3082 3806
3530 2046
4764 802
1788 3947
703 3594
1957 1717
985 1871
4130 3606
4785 1627
1493 845
2759 4105
2241 3110
909 1887
4847 4946
407 1947
4910 4018
1593 526
3769 156
4944 2060
1792 2511
4995 3832
3314 1268
4688 2624
3724 4490
4267 3577
4731 4208
3126 2912
837 855
538 1644
2143 3481
456 2196
493 509
4306 1696
3312 4639
857 1943
3262 4932
661 3668
569 177
429 1930
3896 3292
2903 2832
4201 3041
1128 4053
2534 3800
3536 2816
1350 4156
1910 4088
2847 106
3522 4035
4766 3420
1171 3102
2820 4203
1826 3827
3187 2693
1133 1577
3728 2737
1998 1230
3343 4081
173 394
3413 2630
4160 340
2918 4855
69 3749
1807 1385
2525 3833
87 3950
2141 2883
2644 4670
3876 4727
4828 1698
4540 1165
2602 3846
3825 4320
3650 1337
4610 304
2262 1125
3737 4834
4921 3810
2840 480
2279 3669
3753 363
964 3045
3142 3966
1120 517
3740 2233
2949 4258
2398 3310
949 22
3093 212
980 1070
1061 4279
968 2402
3876 2987
3991 475
208 3770
3184 2906
212 23
3260 4734
2395 2114
677 226
3687 2991
4153 4241
1855 4129
3852 256
1180 4285
2494 1823
1794 967
1429 2408
2098 285
2025 3818
4342 1109
1009 4905
514 1234
4671 1241
3804 3974
3350 3993
849 187
1384 2098
1890 2242
288 1879
4878 4209
2352 3165
1345 1053
2098 566
3083 2648
4265 1510
1161 4181
3164 209
4602 2165
4076 4207
68 1680
2685 2775
3839 699
962 1057
111 4997
297 2261
4846 896
4886 1066
3710 172
591 4253
3445 23
3358 3265
591 4262
4469 4376
1810 2005
3169 4997
3734 2030
1595 4703
1357 1059
4472 4448
4808 1325
1322 1949
1288 2550
3386 3419
3388 1958
4713 488
1533 1164
2826 539
1272 4257
4143 3342
1861 4399
1369 214
2514 3145
2544 1707
1517 2495
4690 421
570 1680
22 358
1899 4741
3586 2991
875 1311
3289 559
2513 31
904 2063
3271 1005
1478 1446
2104 3683
2663 4546
489 3668
3818 2011
4824 1064
2864 4241
2544 432
1697 3609
86 1235
398 1317
4386 1498
1439 2976
3903 2588
3622 1939
1018 342
4727 2917
125 2181
1977 2790
4337 2045
3834 505
730 174
4280 278
799 3533
558 2750
101 3357
4038 4866
2191 1358
3531 2770
4053 2836
4486 4096
3899 1583
2031 3068
3390 4118
3733 1798
749 4882
4829 931
4970 2410
3634 4217
4924 3098
3550 1796
2191 4061
2836 4365
2490 1143
4204 1157
4195 324
2593 966
1665 4390
1665 1932
3 4164
2936 17
1972 2088
3987 1690
4768 1235
3359 4319
4067 2839
516 1438
4952 2253
3476 2314
4136 1177
4658 4649
3813 2285
4801 3425
932 62
2393 4644
1061 4749
3307 810
4064 775
4777 4382
4047 2404
2219 4249
1606 1501
2708 3696
3144 2490
2760 2366
3123 940
3795 3152
3728 4751
3955 2954
2852 441
2120 4762
2529 4565
4215 704
3129 4481
4104 2812
4889 2280
2365 1265
4058 1603
3416 2132
4361 4541
1907 1593
4484 2235
2031 2346
997 1602
3136 2765
4782 1896
2739 272
3538 2738
4041 1232
201 2140
2756 4459
762 2239
377 2684
2476 3331
3614 4652
636 4328
1204 1018
1937 2243
2963 3161
1535 3420
2751 4890
3578 3858
4658 1323
1649 3031
1247 2339
4910 3579
1235 2539
4734 2712
4810 3965
4778 3427
4746 1586
934 824
749 393
3424 2314
1172 2391
309 3990
3677 2815
4399 4499
4622 4963
4550 1083
3568 2586
4871 304
593 3440
2600 2708
4469 1308
3817 4359
298 3954
880 4844
3186 1751
2635 3092
4808 924
447 286
3022 3594
3946 4165
2098 2935
3554 2047
4414 1895
683 4383
4502 1785
4318 4465
450 1450
2618 2173
3801 4896
4718 2159
3280 2053
1633 4148
544 134
2927 3424
473 3198
2086 1365
1801 3485
329 1823
3525 524
2721 2349
65 1249
465 2817
1732 3162
1424 4248
1188 764
48 993
4152 2940
1224 2525
2783 2196
2656 1568
1149 3064
1129 2711
4301 4087
3983 758
4614 3792
4860 3599
4507 4668
2461 2623
3923 2387
680 3936
2642 1685
1584 2419
552 4220
4117 1029
3758 2148
4215 2232
3565 4540
71 3638
423 210
1945 2938
4638 783
1697 82
3788 2709
2293 2298
3323 507
233 1535
2634 1538
4240 2737
4886 2373
470 4706
4391 4948
4651 3265
1317 3276
1885 2960
1139 1386
4307 2740
314 4650
4132 2867
2698 2294
3768 4338
3089 2376
4647 2063
3056 752
4640 1065
1423 2575
43 4269
2233 3312
358 1400
535 615
2927 4361
1963 3266
3847 432
3339 733
928 3206
1471 3002
4686 2885
356 2757
42 3427
3736 3420
3383 3846
2450 2867
1238 1808
3698 1678
1265 4475
2652 2846
599 1531
2221 3429
1575 1426
487 299
3822 4424
881 402
3466 1676
4026 504
1958 785
456 3553
84 1813
1997 3989
4481 1104
3872 1051
358 2246
4809 1926
2498 3538
2191 3147
4091 3533
236 3018
573 3780
915 550
1773 4573
476 2786
2231 4555
81 4883
71 2060
3492 2505
3589 3554
2819 3502
2592 2666
1855 4643
1476 878
4119 3458
3804 2279
575 357
298 4692
3278 3405
3769 2097
465 3889
1517 2817
4845 2608
1079 3608
3443 1348
1363 4545
2003 30
4314 1359
1651 2965
2286 1214
1323 2035
413 2627
2659 4952
780 746
4653 2376
4529 2233
831 3185
293 813
2447 3306
1376 3219
1938 1642
3042 2879
3654 2174
4565 4497
4283 401
3142 685
1523 1745
131 483
3377 4164
1259 3704
668 2675
996 3910
2252 3212
3687 295
1434 1192
297 2235
3730 2547
1265 1635
1496 4862
717 1506
2876 1145
4285 2188
1712 4819
3888 4661
1162 2202
2728 4163
1145 2083
1875 275
3880 619
1101 416
780 308
3135 1491
883 3402
1612 414
2248 1227
1924 2820
4617 2033
480 3469
3156 2497
4211 4105
4444 2559
3432 4237
4361 4946
2940 1298
678 921
4921 3124
4631 3940
2397 4685
1149 2878
230 3725
4420 4539
4337 457
3453 3806
3776 2761
3487 641
3408 2909
55 936
893 2809
1564 3515
3166 2251
4580 4812
2369 540
133 4705
4834 3333
3885 4960
4815 1788
2994 3235
3266 2845
1317 3614
3327 3973
1416 3350
3430 1652
1267 2230
4528 3454
516 1935
4534 3172
3254 2640
4156 4232
3944 483
4253 954
3995 2535
1400 2498
2789 4937
3509 1267
3846 3871
1901 1576
1025 4616
3865 2170
4967 1095
3465 4942
3127 993
1152 1067
1202 2462
115 408
179 1693
807 2382
44 4865
4154 1293
2660 4869
309 3407
3143 3113
1624 182
3324 4354
4380 1122
2935 1931
151 554
4372 2569
1646 2396
975 3836
1510 2876
1737 3167
2170 3729
4112 4939
2487 3793
3848 3070
135 1693
615 1121
997 3785
3827 2244
1351 285
4376 3269
244 1431
1348 3770
