50 188 30
19 40 10
955 406 7
736 388 6
856 537 10
323 705 3
869 553 3
763 280 9
95 129 9
593 759 3
724 289 10
84 688 8
381 148 8
755 265 1
884 907 6
261 892 1
44 696 4
14 699 1
982 686 4
124 603 5
341 609 5
986 391 7
187 400 9
950 310 5
414 586 9
376 227 7
507 105 7
266 997 1
798 436 6
526 178 10
792 415 2
625 918 9
365 220 2
565 326 10
891 789 5
887 334 8
390 976 7
485 891 7
656 2 10
99 179 7
828 430 1
818 772 6
132 944 2
862 330 2
358 214 3
934 947 2
782 613 9
374 267 4
371 879 1
5 956 2
729 349 8
732 567
281 245
610 144
226 91
468 920
809 415
793 32
620 923
443 95
31 195
306 236
445 374
443 743
112 59
4 173
273 317
72 510
980 679
495 155
562 655
724 433
768 340
306 84
323 684
995 516
130 15
669 316
363 878
413 213
532 520
245 260
654 547
737 932
119 743
179 449
687 678
760 652
205 437
104 760
968 448
665 249
98 56
732 484
282 236
853 585
127 134
305 933
826 646
452 342
343 797
138 662
662 859
529 497
397 233
391 647
978 597
181 150
500 328
46 833
822 299
769 854
805 558
41 839
697 861
608 89
555 6
796 386
99 558
893 717
32 509
150 700
42 393
743 949
501 30
769 137
498 836
420 707
897 343
83 470
316 229
827 690
422 739
647 863
279 34
961 798
418 704
786 312
322 277
815 347
938 40
3 11
861 900
682 794
691 402
525 835
694 502
209 836
326 37
883 65
53 115
894 681
540 266
162 570
876 955
401 289
491 918
411 608
414 591
608 755
708 5
240 495
863 75
809 569
367 810
968 595
524 194
792 976
749 590
980 76
570 634
702 633
529 977
510 345
986 363
385 634
699 121
143 629
454 753
569 11
51 211
377 420
591 246
765 667
788 993
204 3
831 988
382 694
941 69
187 541
130 690
994 534
630 10
218 267
238 346
319 848
296 431
70 839
178 896
682 731
849 685
847 24
76 743
41 663
882 851
443 620
358 104
776 159
385 364
423 660
452 540
402 279
627 915
318 608
852 15
342 554
39 590
254 320
840 410
387 115
91 511
597 63
561 101
904 725
881 319
557 93
573 347
378 300
916 595
903 518
219 666
185 885
546 23
706 535
637 766
818 915
853 713
214 888
656 544
