130 1980 30
1762 4934 17
3524 2789 29
3926 2244 9
1800 4986 13
1763 2520 23
3073 3817 30
4165 2937 19
4097 2797 20
4563 1859 18
3732 3615 3
1862 1662 19
4327 291 8
4790 283 3
89 2914 5
3489 4511 30
601 980 30
4262 1292 19
2730 4728 30
3861 345 27
205 1758 22
453 3993 20
2122 1064 17
3665 3373 10
335 830 17
182 780 16
4903 1907 17
521 4659 2
632 878 11
3922 3341 9
2980 35 14
4897 1939 30
496 4146 18
4171 985 17
2619 1394 19
4789 1545 1
3157 4595 16
3279 78 30
1664 418 13
4885 703 29
3234 546 23
417 3370 14
1244 3510 16
3058 3201 5
2174 4124 18
1781 2868 6
1555 1805 22
264 4723 7
2239 3927 2
2254 1591 11
1184 1654 15
3788 7 1
4625 3203 21
3202 4037 27
1910 4824 27
1902 2402 4
703 4132 1
2180 2567 18
907 4537 26
3076 2029 7
2128 4565 29
940 4271 16
3715 2224 22
3550 111 22
340 225 24
182 3025 2
1762 369 4
4034 3184 28
483 4189 27
1467 3140 22
1989 2149 28
4033 1295 24
4531 2943 13
4435 778 27
3645 2596 3
4626 3276 2
1083 4080 9
2220 381 7
3003 1201 11
3438 2534 21
980 1119 13
1004 326 19
4128 2895 13
4215 3060 10
1530 3717 2
238 3667 11
62 2763 11
3707 213 30
3706 4466 5
2437 2663 13
2439 4003 7
1054 1841 3
3753 3452 2
1724 4108 10
4243 2745 22
2757 3457 7
2675 810 26
576 765 23
3455 3341 6
4988 1859 4
3729 262 28
1031 1238 19
3022 3799 20
8 2853 1
1572 851 6
3356 1385 16
4274 3784 7
1933 1566 4
4573 3318 8
2068 3926 2
963 1648 30
2442 2489 5
4616 1359 25
1226 4489 12
1444 3725 19
834 1885 4
2940 467 20
3360 304 4
3658 93 25
4076 3775 28
486 974 26
188 3926 4
2805 2146 4
1582 1460 9
3184 3355 24
4283 1273 27
351 2516 14
1571 2996 18
1501 1222 10
615 2564 23
45 4111 6
2559 3989
2376 460
1179 984
4028 2931
4707 3671
534 4960
4443 2191
2687 3265
4211 4911
3862 3805
2395 4270
4271 2045
955 1374
2053 3642
1998 3152
2906 3475
1732 74
2662 1138
3972 4246
4856 380
4272 731
1976 3333
1422 915
960 4533
1011 1572
1152 4166
3045 1876
1632 4206
1432 2116
3913 1240
4873 4909
2255 915
3851 4650
3807 881
57 1626
808 2861
3851 2331
2485 379
3811 2175
621 3564
426 2671
2650 3920
800 2344
4406 2236
489 685
3156 4110
2584 1639
3826 4435
4807 3639
474 4780
4124 1065
2999 2593
3523 1081
1709 3471
1698 488
1414 4325
2434 215
3916 2983
926 3814
3703 1240
673 1672
4973 1671
4849 847
4960 4090
1722 2413
468 1922
2022 3360
3209 2426
880 4319
779 1912
2895 992
4272 3393
2898 4034
2485 1499
724 3182
3723 1726
4781 1078
757 3266
1483 4764
2169 396
1455 1332
4501 3813
2700 4506
3187 3770
1693 1921
4390 1342
4696 203
700 4240
4817 102
924 1141
1429 3622
2275 1121
3633 3573
123 3196
3800 3529
1525 3021
763 474
1465 3352
2959 832
3769 2603
1144 1021
3834 591
399 4643
1797 2449
254 2267
3249 93
1462 2739
3297 4903
201 4051
229 526
1875 3363
4547 2410
734 696
3158 3958
215 1596
1447 3858
1578 496
4132 1253
1017 642
1996 3770
531 2494
1936 3197
199 2122
827 3029
3246 993
4493 4748
1192 2680
1429 3969
4832 4403
2939 4395
439 925
624 3298
2309 3775
330 3167
3974 1959
2370 2436
1663 883
4348 3046
2230 1898
329 1885
3696 2946
4675 3667
3346 4404
1418 4196
1449 2098
1651 2014
1048 4636
222 277
3467 2104
4917 184
1437 4032
666 1522
3387 4556
4906 498
3321 4901
4432 26
518 3060
4816 3238
1335 1672
3647 3073
4869 3668
1168 3723
2106 4911
233 431
3622 528
1043 4727
4209 4489
4501 1892
3883 2428
1073 915
3529 483
717 1013
4972 1702
2428 4709
4724 4389
629 3285
58 3739
3256 2308
3857 2418
3756 4376
1275 2462
3344 4112
1610 2776
4969 3689
4102 4853
1992 2597
490 4533
4567 3675
4045 780
4436 3005
2822 3483
1813 515
1409 515
1599 2835
3597 1706
2207 524
4659 2393
3667 795
868 1501
2657 10
2852 4837
16 123
661 2944
4491 1190
4915 1868
3574 4567
3447 854
4585 3455
243 2682
1225 4371
4265 1643
381 2870
2388 1548
3328 1765
3580 397
3038 707
2392 3905
2911 355
1443 1709
994 1294
3773 2896
1416 2166
4290 2805
2001 2307
2746 4232
3406 4751
1804 2662
3417 1121
4686 3571
158 4591
357 589
1584 1604
1320 4662
1286 2220
4352 4139
3717 1140
330 1313
2072 853
3316 4833
2147 2793
1552 1506
2648 2349
3246 2768
2615 4285
3541 2681
4093 4150
1498 1801
3369 228
209 3458
3503 3308
3839 4878
1932 2756
1901 4851
3681 3676
1126 3689
4141 1251
4028 673
3432 408
4190 3739
4894 299
974 3665
1390 4884
3335 4409
4640 2786
4031 246
1441 2375
730 4848
160 214
3448 1232
4094 2580
1959 2524
3540 329
3065 2974
2735 2035
139 2203
4918 3791
562 4520
1043 4370
2245 1457
4282 3736
3176 2821
1279 4035
475 4263
3556 4440
2730 1766
1139 1307
1680 636
3259 814
3038 2604
2976 4900
746 473
3244 198
4389 555
315 638
2866 3415
2165 939
3561 1806
4257 3930
1499 3327
4867 581
2589 2616
1829 3283
3500 1211
436 2680
3729 4608
1947 3801
3811 421
2676 558
2087 4383
3763 2946
3567 707
2629 1510
4995 4504
513 4214
2160 1329
888 429
3111 400
1306 1868
4154 4644
1278 1821
3455 2135
4506 717
1088 3466
81 1053
106 994
1412 911
764 620
3886 4732
2197 1320
4542 2988
4935 4363
604 1027
4907 403
2578 3612
3357 1591
3300 794
612 4197
2879 2143
695 1446
1892 2733
1698 3331
3392 3730
4836 3844
2382 2650
2686 2473
835 2729
4572 1518
1510 3971
3661 2975
2314 3599
826 856
3693 3755
3727 664
411 4115
4437 4235
1745 623
2606 4044
4338 4397
2058 3813
2837 3701
2553 423
3488 2530
641 2714
3948 2956
621 3015
4288 105
1275 376
3166 629
440 1389
3466 3709
1393 1395
4775 3987
3581 3632
2989 3547
3731 150
4293 1726
3689 2117
932 3227
4473 1426
244 2733
3339 2768
1597 1315
4709 372
1357 1476
3853 2305
2771 4062
3481 2109
1960 3924
3006 1503
3325 1660
4840 2786
3502 4825
3296 3212
2743 2602
1132 4754
1678 1910
4357 3341
2296 4961
2168 2058
3336 3309
2897 2269
3671 4507
3185 4979
2712 4956
2736 168
396 185
689 4064
3172 2506
2503 3771
4593 2991
2783 2940
585 3265
3146 2443
4739 3973
4859 3612
1562 24
4226 3537
2725 1370
753 3555
1718 3120
4747 3906
481 4051
4819 1100
517 3644
3853 2843
2550 287
1120 155
4152 3993
4117 1991
2764 3757
3288 2589
3940 2473
3778 1119
679 1085
3693 1211
1059 64
1333 307
1003 4991
2862 639
2758 65
3376 1627
3635 3062
4781 2723
4142 1178
1059 4403
4065 1070
843 529
4510 683
1015 4529
4514 3588
4361 82
3644 4181
4442 2044
2780 2669
1223 3907
1511 3158
4605 3966
1241 1555
1178 1689
3904 3960
1361 4489
3063 4048
2330 1471
4540 1578
454 1252
2370 4976
1700 3783
1205 1475
3410 519
369 1209
1948 2017
38 1723
2701 3098
2118 2595
4616 3305
828 3591
4324 4383
4945 1183
1461 1766
4522 1257
4203 4972
2986 4391
3367 434
4867 1493
1126 135
3709 2176
2847 4080
3845 4001
1740 4417
3743 1067
1768 1567
1105 2167
2668 340
2907 89
4022 446
4487 4834
225 3181
4871 2833
4894 899
650 678
3554 4856
3626 4678
975 3512
618 2578
2728 3229
606 117
3072 384
4285 1531
3446 2985
3792 2929
723 2706
208 2116
4249 516
4963 2270
3210 2281
769 3303
2322 4508
3457 568
3213 2466
1855 1598
1523 3566
138 186
1398 2718
3475 3975
3679 3430
1168 1199
2792 4579
4133 2097
1736 1500
182 1787
4360 3000
1329 816
2209 1532
1731 729
1649 3604
1021 2291
3125 562
2142 1270
1934 562
467 2801
3257 4297
3528 4775
1363 4338
1387 1039
2918 3351
1109 3350
3669 1292
186 4532
3456 1020
3793 3868
3142 1306
4030 2893
2819 2250
4142 194
4062 1364
3083 4775
2386 58
275 3879
1488 548
4100 815
1536 3728
2324 3598
4203 4940
994 4053
685 2654
530 1521
2191 157
50 4904
3040 4121
159 1569
2002 1565
2943 1085
4806 293
959 3068
2454 1356
4268 3792
2298 1559
4274 4249
4937 3211
1727 3131
2710 4594
648 354
3970 1586
4826 353
1327 4
3807 705
3107 4152
4567 3884
2157 1018
3119 2221
643 164
2922 1644
1566 894
619 2900
1954 118
3788 147
2085 2533
3528 1684
2345 2778
705 4758
2334 1102
1303 3184
2925 2763
2752 1859
832 534
4434 833
2450 3324
2469 2567
938 4154
4669 3077
3372 694
446 249
4682 4606
597 420
4871 161
466 2042
4944 816
3750 4631
2980 522
4773 4
4219 631
468 4517
3942 3576
2641 113
3933 1772
2202 1311
213 456
2362 3882
4245 2545
3981 790
553 11
3104 1308
3456 3941
3131 4882
1072 647
4029 1898
3195 916
871 3883
2329 4362
1737 2484
4859 2775
3460 2558
2265 4416
1014 4779
1754 2533
2004 1990
708 3930
4448 709
2865 2849
1297 1584
4107 679
467 1422
1463 125
1925 3506
2720 1944
4211 3680
4509 2965
4402 2646
1853 4395
2120 987
1280 50
1929 3371
3606 1777
960 756
141 2532
441 3879
2620 2916
2775 3981
4497 316
819 1584
4012 132
837 4083
1116 1142
4696 1481
2810 585
742 3385
143 4248
3606 4219
854 3930
3582 3543
3584 3779
1093 1363
1321 4330
4866 1411
3130 380
4507 1609
2433 4651
4445 4459
3123 3093
1273 560
4029 3388
4004 4159
1308 4441
914 1861
3758 492
808 1342
3394 3246
4395 3899
3681 191
2267 331
4655 3665
61 1838
517 767
535 89
3934 367
398 4256
1394 2879
3210 1739
3068 4574
182 1084
2507 4440
3061 4884
2700 3328
2324 112
277 1622
3037 930
1399 3895
101 4098
3981 1344
1145 1540
2732 1470
573 1623
57 3753
4698 3795
4230 3985
2206 4531
864 3619
171 4356
3877 2559
1757 4541
2826 599
430 3868
4184 1064
4496 4559
1430 629
2945 4745
1363 2996
454 4033
2182 1895
4440 1664
3573 3283
381 2904
4331 1735
2453 4992
1988 344
1525 2349
1842 2565
4781 159
176 3082
907 4490
219 1035
3028 3430
4187 2288
283 3872
4836 1672
2518 175
4148 3308
4908 2887
1056 2718
1028 3415
3788 4815
2381 1817
1035 483
952 2091
2317 3370
1685 1142
4241 2894
4143 2496
3084 1846
4809 3000
1390 4437
4822 3244
3105 2626
59 258
935 1104
4145 4045
3926 246
3965 1855
1610 4302
3514 2345
1221 2159
641 197
3469 818
2119 1075
3896 1248
531 2133
640 2438
1898 1037
4038 2890
4037 3482
3575 3661
2129 4910
1743 2331
2483 3670
3240 834
3278 3909
2613 4282
1332 4392
1252 2389
3610 3208
1159 4242
2195 2196
276 3419
3102 3881
2813 391
3356 4773
1693 913
1210 2866
4149 3015
4226 4347
65 3767
570 3966
386 1278
1803 4723
2925 2945
1294 4779
4568 4095
4714 3466
3203 3791
879 3551
2394 1535
76 3338
2628 234
2756 2039
763 2643
1917 4629
264 3944
4252 888
564 1643
2754 185
2458 1619
1580 4564
2858 1475
385 2527
4919 123
2206 157
995 2681
1472 3881
3569 3535
2427 2754
2693 2865
1861 3394
3994 4989
4636 2601
1163 4422
4472 3935
2142 338
3434 844
1023 4099
1486 3094
4454 2157
1154 3549
2117 1978
1895 2893
1881 4723
1073 811
1319 316
3138 730
1726 4746
368 1681
1486 1998
4750 3790
1460 668
2389 3633
826 367
3839 611
170 1038
666 1812
1017 4654
3139 3423
4121 822
1864 2584
1725 437
2111 1610
1929 632
4184 913
1470 561
2213 3062
4264 4293
2383 2578
2145 2310
3645 965
2495 388
4781 3891
1995 2552
557 2937
1498 76
1464 4937
1614 4939
1473 102
1580 2821
2755 3246
3450 996
3107 4866
4428 4122
3830 3727
4948 4887
3218 3637
1674 419
2289 1945
2356 4500
2598 4228
3846 3779
4137 1397
4518 351
2564 790
322 593
1179 1071
3342 4881
2755 671
4187 3108
1939 4456
2283 652
1609 3482
2568 1701
372 2484
3858 3287
1513 2840
2788 2518
1117 1926
3107 133
319 1490
4687 2610
3350 4737
23 4445
2953 2105
4210 4294
2477 223
1303 3442
4698 2345
566 3861
3179 42
4144 4419
79 1223
3806 2047
2916 4636
4702 2160
1462 953
4256 1207
4899 2964
256 1752
3149 4001
3223 3126
1512 3116
3343 1483
598 4522
3301 2689
3263 4106
1266 4396
1460 3424
4796 2624
4896 1858
3439 1656
468 4290
1184 3424
3835 4142
2246 4184
2285 1055
1640 2008
4232 3611
4409 2907
2492 2334
4099 464
4621 2374
4273 4372
4729 104
1279 2030
3716 224
1300 2313
4640 3494
2006 4342
1172 3005
243 1734
1837 4423
55 923
702 3391
4039 3769
1767 1020
2349 4892
2669 349
3460 1910
1964 3609
2958 1162
259 4380
1524 1770
1332 3593
652 1167
2394 3962
1421 1186
2534 1524
673 1432
1950 2355
1439 1972
4581 3317
4731 701
4849 3378
2363 526
1196 4670
210 2981
2478 1888
3305 1309
3019 3173
672 4545
4064 4088
836 3514
2867 1412
638 1139
1358 2251
2559 1617
3479 13
3557 1990
1023 2114
2183 1609
3473 4329
393 4550
4977 3379
3989 2391
1225 1346
4881 4260
1748 3839
4431 766
4107 1388
2264 1564
3740 664
1694 4526
280 1469
2880 2214
2681 2773
1211 3449
4835 1085
2773 3126
603 4248
486 1120
190 832
2463 3695
3262 1969
4909 1803
4871 4341
1960 4053
4486 4873
555 151
2038 3844
824 2991
1403 4651
174 414
85 498
405 823
4293 3483
755 164
4577 2569
2300 3521
1375 4761
852 3191
2459 4743
4441 3370
4798 1649
1206 3335
3302 2239
254 1583
3690 798
2862 473
1714 2192
1984 2516
123 532
2269 4206
2749 2640
1600 1606
1728 705
2609 4391
3542 2648
591 273
156 369
2526 1484
4254 4763
1735 3647
4489 4282
1609 786
1259 3875
2395 1788
4707 51
1972 80
4938 1545
1191 11
1222 3303
2040 490
1889 4116
317 3606
3361 2922
1193 4583
3957 2019
1284 4801
3161 77
2206 2940
1802 2708
2341 301
2277 2148
1263 1921
1924 4163
4717 3938
2762 4150
4130 2514
4049 676
3514 833
3300 3964
516 4428
4672 472
2543 4351
884 725
2952 989
4628 1774
313 3015
1317 4584
2355 688
3557 2640
1716 1485
4104 1829
156 4219
1190 2365
3947 1885
2710 1329
4997 3605
841 4382
4753 2865
365 3850
2324 4429
2691 1148
1964 1060
1658 1501
215 2130
4565 1777
4794 2655
4614 3472
4217 1965
4003 4578
4315 3617
1833 2035
1183 1269
1402 3009
3888 1954
2158 2558
866 4929
1521 4682
1242 3802
350 3684
2918 4164
4163 2435
2872 4582
332 4510
1613 3724
3440 3738
4963 3150
4902 3834
1589 4430
4719 4707
2832 887
818 3967
1348 3677
938 3487
899 3424
4655 963
492 1993
4541 1054
3630 524
3696 3377
3674 479
1172 3131
626 2810
2479 1821
4966 1581
1502 3459
1401 1498
2493 348
1655 1099
1345 1524
1355 2872
4098 1033
164 2929
6 2771
3705 4484
2954 1878
3178 2981
4497 4180
4889 4982
1565 2500
4469 1828
1055 1239
4228 241
4281 1691
1281 1554
3844 4886
1636 1269
1650 1203
2041 582
3026 1124
1156 1647
3665 2890
3486 2451
622 3769
2433 2160
4588 1451
3751 2470
1217 4864
1303 128
992 2629
4737 597
605 172
442 4163
2876 3876
58 3643
2552 4922
6 424
4391 747
2209 4331
2325 3857
664 2752
3044 2877
3549 2176
99 3505
3959 927
2848 2183
2426 3810
3381 2309
669 2196
424 4064
1725 4847
2518 57
4335 606
839 500
2126 4870
4875 1394
3289 731
769 1723
2859 2563
3937 716
3582 4195
4683 1698
504 4003
2288 1708
4783 4299
1168 4420
299 2676
4802 1231
3246 4048
2569 4610
3967 3369
4419 2879
3092 4929
2236 4519
2171 3369
1184 864
2426 4000
2236 1492
2047 3336
2825 2680
453 1572
773 2196
3516 2728
3652 4052
3078 4176
3354 2481
3463 4298
2660 795
2768 2121
4517 2896
364 1687
947 3670
2197 3849
1701 3999
1055 3627
4744 2904
2026 761
478 2783
283 1938
1212 3196
3970 737
299 4472
151 2945
4319 1253
1003 1172
2533 4418
2210 2737
1037 4819
4922 825
2801 2224
14 1261
3711 964
1130 2347
1619 4806
2900 3681
799 3466
3295 4045
2533 4202
1562 1609
4389 4892
768 212
2914 939
2098 2399
1034 1314
3502 3022
2752 1058
2993 176
4862 517
1999 1382
635 3830
686 428
137 2586
2584 2237
399 938
3908 1227
771 3829
3489 1046
3995 3894
2057 2776
2474 2046
2179 2132
4150 3219
1606 1058
2962 173
4982 868
4125 872
3399 4078
3032 4544
1856 1681
3433 3816
3161 2524
20 778
3981 4551
721 3713
4115 3438
25 210
2608 983
4039 879
1113 4873
1064 4639
824 836
421 4190
3574 1976
4359 3112
716 478
1670 1915
4501 67
879 2589
3480 728
925 3490
1558 4092
2919 2982
4576 1884
435 1385
2255 2557
2588 2836
2923 2620
1734 818
4227 2998
3362 3116
4131 3671
2306 427
3324 3860
4081 1732
4258 1348
1553 2944
3720 119
3532 3642
1148 2752
153 2047
4823 4000
487 2067
1603 682
2276 4618
1597 3295
3295 4277
1670 3354
762 1063
4940 283
1921 2202
3740 3233
2535 260
1301 4173
1142 3678
2175 2148
3127 3613
3386 3626
2868 4654
3604 1690
1286 4261
3151 1712
3183 4473
43 4118
4481 948
3570 1872
2036 3118
1029 84
2576 244
404 4864
463 708
1233 4482
852 1351
4167 2798
4250 1073
3674 1210
2627 4743
2324 623
2867 3032
100 3461
1902 3577
4426 1492
1098 2653
2173 3925
4175 2833
1708 1465
782 3317
2635 3553
575 1711
2325 1903
866 856
4356 4216
4857 2825
1572 386
4986 937
25 4507
2439 4280
1781 1890
4110 4097
4113 53
169 4896
976 2090
2585 3699
4596 3705
3045 1819
4377 4682
2010 1652
1753 2176
602 4406
1576 3763
1463 2238
3908 4665
625 241
3610 3111
3613 770
1933 3957
3118 3003
1107 3755
919 109
1012 3713
4647 2467
50 706
1734 1648
4846 737
4733 1393
1364 29
2571 4216
896 2692
4491 2945
638 427
935 2820
1106 1235
4632 2377
1219 80
1139 100
2450 4456
3095 1276
168 877
3443 1903
2205 3399
3307 3
3317 191
2920 1224
3786 3463
3296 926
4926 4733
3953 2226
3436 715
1221 2401
1857 2759
3880 1392
417 2441
3140 2057
2525 2471
4908 1088
3914 2303
2998 1370
4058 3035
4796 22
3610 4703
49 4398
1879 531
2243 45
1901 189
2102 3116
2252 3926
2743 3801
4318 1332
3843 811
469 1949
1508 4165
1054 4343
592 608
361 238
3524 1869
3921 1105
929 1145
1046 2947
2655 4758
2257 532
1150 3331
2629 152
211 1098
2433 3308
76 4540
2551 1823
4936 1326
184 4352
4744 3578
4102 3810
2314 130
2872 2251
1118 3794
3990 2586
2181 1281
1332 3105
1451 3004
1721 4849
3178 2747
60 2266
1746 4434
3778 810
1869 2961
3351 892
2779 1660
4125 4707
529 4700
2563 831
2617 65
626 113
4803 2904
2246 1568
3887 1704
3037 3879
2058 397
3812 1574
2993 1749
4553 4681
127 3465
2888 1351
4424 1245
11 1360
3280 1715
1818 4769
2696 1209
339 3820
1602 1759
612 832
4077 1912
3632 4240
1104 928
4626 3881
1079 229
701 2513
1963 2745
3869 3399
4942 3379
515 3629
771 1173
1558 703
2641 385
4684 3945
1452 3657
2234 717
3043 4170
9 1703
3087 4579
2033 2667
4028 112
4059 428
2025 2238
1381 1542
3639 4466
4806 1933
3096 3302
2 3221
1917 4443
4314 4095
3877 3166
599 2958
4951 3908
3368 4442
3092 2518
476 1231
4533 1468
4451 775
3539 1851
2253 91
454 4034
1261 1405
3623 358
4042 597
2936 1362
2058 3068
4053 3482
441 4898
3951 3382
3496 2982
209 4846
604 4137
2468 555
3706 4165
1046 897
1257 828
3999 3543
1195 3179
3947 1649
1107 2139
2585 695
297 2051
4853 1286
2245 1316
3352 1318
21 1981
1667 4333
4055 2957
3319 1972
1729 2494
1288 1046
634 1055
1600 2430
1214 2991
988 1887
3439 3870
1476 3689
1267 3317
2166 4322
750 3563
642 3058
1438 1376
149 278
3581 391
4511 3457
439 523
4408 1394
1790 4890
4036 4681
1735 366
4087 2425
2858 1467
3404 1044
1773 4464
917 2812
2357 855
2995 2542
658 2363
869 4495
2265 3513
4032 358
4686 4204
630 3285
3965 4546
809 1142
4387 1500
1871 4103
2953 3688
2903 252
2076 3598
2795 2106
4107 2706
3294 2154
368 4371
1605 2795
4801 1154
2304 1589
3529 1130
420 3115
1844 1605
1856 1803
289 2544
4510 915
2132 3641
1202 1706
3728 4173
4104 3139
102 4507
3383 3491
1098 2337
3299 330
3522 3002
209 4519
2678 3311
1724 855
3971 2280
3814 211
3488 4659
1662 345
2255 1308
2471 3196
145 3433
1673 4227
25 3917
3964 732
2952 1761
327 2468
4219 1016
1008 4811
2851 2373
696 1484
1765 1066
4497 1413
4328 1474
4107 2315
4499 434
2658 985
2896 3225
1572 2133
779 192
593 689
3786 905
627 4412
3783 4427
367 3654
3774 1171
1842 4205
1313 1902
4285 4965
3162 2052
1344 2752
2992 1251
1216 1059
3701 1361
4119 1734
3266 4432
1723 1155
1732 1358
4842 1207
2177 1565
4931 3997
1057 599
1670 232
588 158
3606 3715
3716 71
2774 3665
1130 2246
3200 2943
2153 3811
2539 3162
4756 2179
4812 1312
2014 4864
1025 4820
490 2322
4181 3809
4779 1904
4631 2854
2902 273
2943 3019
1691 4283
444 3764
4362 2253
1891 2151
2781 3134
816 2488
1429 3258
522 3491
3524 2041
2069 1711
2456 2273
422 4801
1390 2679
35 4867
372 2223
784 3229
1011 1681
4228 2938
4795 1169
4006 373
413 3130
3834 2850
1045 3753
1243 1813
2466 4265
1332 4827
4949 2070
3222 4765
4583 4487
1298 3468
3093 3023
4465 645
2564 3812
4158 4542
1074 890
66 1235
3235 2768
4715 986
1013 1131
3879 2182
263 2068
3072 3809
213 3136
2326 4773
4528 1204
2122 216
3261 2569
2361 4686
3853 678
3537 312
1545 3014
2715 1946
1953 1133
2211 3936
3181 3067
134 381
4762 4651
336 2836
2281 4461
413 2452
1525 4127
1210 421
2221 4313
403 4927
1045 594
2258 4388
2273 3375
3146 515
3017 4689
4215 558
2799 1490
51 409
4539 2060
4046 2657
2936 105
3569 3839
3574 2444
978 2932
4549 2216
3341 681
4880 596
680 3567
1616 4391
1384 55
2261 4223
4408 1930
1086 4635
880 2359
124 616
3275 783
3453 4279
3366 1755
2905 1385
2929 3571
441 599
269 3066
2483 922
2612 1138
1476 2444
3524 2913
4031 3082
1377 2121
4964 142
265 1410
886 4942
2887 2199
1444 864
2325 2797
3861 3813
4041 3667
4793 3968
84 3974
469 316
279 1654
1050 700
4757 3578
71 4181
645 1028
2823 2542
500 4491
697 454
124 161
876 4454
2 1051
4566 2738
2914 1745
198 1518
1338 658
4040 2439
4263 1962
289 3378
4701 3028
3371 1672
2055 648
4258 89
1007 1764
2392 4188
586 307
1432 2591
2849 239
942 1118
1806 4816
4251 3805
4335 2783
3053 2902
3201 2401
4547 3227
2590 296
3428 97
2679 2386
235 3152
1615 3042
4430 2478
300 3930
1997 2740
4512 956
1605 3180
4883 4563
3940 917
498 964
724 2126
2079 2362
3051 4695
4788 3938
2429 2437
247 3617
4839 555
2233 2186
2421 2559
1508 494
4157 3737
2815 2264
2676 1161
130 2802
3835 2782
4049 1994
4836 2760
3847 767
1268 1842
3008 480
4906 3991
883 1058
2629 1406
1393 1051
1740 4642
2817 2634
2296 4606
2774 2725
189 1813
1762 329
4859 1723
2850 1540
2470 1609
2939 954
4010 2403
386 2684
4943 3872
1760 2321
2936 440
1132 3865
3303 3464
1279 4175
2088 3530
329 1454
871 1476
1203 4291
1687 338
242 4834
993 1102
3493 1543
2502 2302
4305 3783
603 4852
3598 2565
1070 2399
585 3677
1570 2426
1601 3935
4275 1479
60 2524
1560 2639
3808 4733
838 2024
3553 4770
2303 4463
1477 3819
294 1355
3341 4026
