30 270 30
187 4672 22
1115 1179 12
2996 4038 15
3145 3275 7
3052 2246 2
3891 939 29
3807 4942 2
1357 3323 28
1493 927 23
938 2833 14
2672 3096 12
722 3443 1
2389 1748 19
4418 4571 22
4525 3901 17
1328 2554 5
1726 3373 8
2181 2366 7
3968 34 17
2799 1496 15
1991 4901 7
4306 473 29
2660 4513 1
3762 891 4
2068 4137 24
1041 2249 11
3533 3712 29
1598 3941 1
3762 2340 16
1541 4135 4
2241 907
4758 98
4997 4785
2242 4443
17 3037
4956 3239
2222 1125
2671 3070
4877 2300
3416 142
1480 2385
3668 378
2590 1583
591 3515
1266 4526
3504 4159
4861 3615
1517 366
2150 889
262 3308
2927 1432
2329 2806
1773 2766
2541 1873
4340 4928
1801 4369
3752 1015
4641 4365
5 1578
4158 1655
4376 709
4622 1965
3637 3590
293 499
2442 20
1381 1346
4913 1914
3506 4894
4744 115
1641 1588
2951 1657
4449 1608
1528 3333
1786 763
1262 2225
3781 2440
4600 4663
2758 1663
4941 3621
426 4711
4407 4872
2152 3198
3437 900
24 4180
2312 2326
3543 334
4773 2522
2344 467
1634 2616
505 351
3718 326
3992 4036
3805 4505
4095 826
3634 1255
2974 229
39 3381
2877 3478
4480 3832
1235 3938
482 50
4985 3968
557 3290
2829 2305
1631 4640
3757 4004
3279 385
274 1359
2690 2758
459 341
3817 4232
3016 2450
4790 1855
3726 1377
1994 1346
1808 2673
4028 4101
696 362
2099 3995
3824 4611
3834 527
3189 4973
484 1295
4149 1227
3715 254
4966 2213
4928 119
2042 2998
567 1324
2871 4370
1007 2075
2197 4067
2704 4165
4699 2800
4216 2621
1685 2181
4456 2193
1210 4345
2755 1312
47 4344
4613 2247
259 1836
2464 4297
163 2291
1906 2287
4870 4623
3795 1430
4478 1469
4687 3042
1372 2369
1443 3765
4643 916
1038 121
3837 4135
2558 1248
1422 2873
364 2143
1563 2554
4755 3357
3069 1767
2391 2764
3545 2704
4060 3723
1630 4680
1883 1170
1855 1917
2556 1945
1452 1111
2327 981
609 2939
862 3573
3384 2883
2889 1949
4686 3377
3928 4639
1344 4758
4158 4130
451 4236
4987 16
1550 3757
4506 3635
4107 654
3833 2533
3233 3737
3443 3224
4298 2237
3174 2236
2871 251
4084 4362
1500 1420
3439 3323
3092 73
455 1510
3655 209
1859 4601
3123 3154
773 3298
2962 4136
1477 2260
935 1315
3288 4031
3262 4967
2306 4265
3806 2137
4006 2117
2562 3393
3736 1838
4008 2572
2225 62
4201 4551
4262 2175
2233 1595
4833 3161
147 4104
2261 2538
4134 2830
4686 968
1642 3798
509 2150
940 4348
2376 4927
1644 350
3623 1953
4927 3596
2337 1346
1497 653
841 3260
1718 2841
3327 1418
2481 2211
538 561
343 3131
3013 182
2153 4546
4170 3872
2225 2073
4309 3884
1225 594
4897 4981
3173 643
2239 205
1421 3501
2509 3760
8 3626
1611 102
2646 4146
2150 3318
1559 3891
915 3972
3654 883
1129 1678
1320 2310
1072 2185
1087 15
2445 549
4697 2254
1089 754
2597 2069
3050 74
3856 2633
4516 386
4690 2980
2739 63
3046 3764
3523 884
2786 4757
3803 4858
3031 1393
4774 3470
4046 2281
2964 3992
1823 3213
1626 1336
764 2434
4617 2526
3845 2324
500 4973
3417 3137
3297 943
2955 1495
3877 3612
764 1599
366 2079
1508 4252
2036 2866
4144 2041
3182 4748
330 4702
2149 3676
4866 3441
3904 811
4364 2558
3504 1866
1923 52
4093 2128
3365 3973
4503 4425
3903 4482
1585 3618
3816 773
