100 1176 30
329 444 23
61 183 13
432 180 28
199 439 16
410 447 6
89 221 10
18 4 26
64 299 12
61 379 5
281 6 3
379 231 26
167 323 20
201 251 27
428 191 25
32 88 8
158 165 11
296 387 28
379 353 6
31 419 16
365 147 15
384 166 3
45 279 7
475 302 22
68 421 24
335 449 17
240 415 13
126 24 8
405 300 25
392 257 25
340 235 19
398 152 29
214 80 23
135 57 22
201 143 28
373 484 30
289 25 9
382 206 28
55 170 17
378 40 26
290 304 25
470 491 23
209 29 29
25 257 29
256 124 20
169 159 24
414 458 24
357 265 14
62 384 6
334 299 20
411 220 19
105 15 28
13 368 13
183 208 23
492 73 2
285 130 5
434 274 13
478 58 20
306 87 30
227 57 13
410 145 2
496 246 1
106 307 21
227 490 6
217 4 25
312 223 9
417 497 10
443 403 9
358 305 30
38 31 30
39 448 20
141 173 2
75 453 6
251 293 18
287 434 21
223 349 22
8 282 2
446 210 1
246 289 14
201 50 14
358 481 11
430 309 28
52 230 28
22 304 12
462 158 9
206 97 17
104 439 28
266 288 25
74 3 18
180 147 28
425 443 11
193 271 27
300 7 25
441 232 12
145 486 20
467 445 6
221 114 26
266 89 27
239 228 21
133 405 20
166 265 22
334 72
431 216
220 357
416 105
89 9
87 310
50 19
119 136
117 280
255 380
121 379
198 280
303 320
349 57
104 458
341 362
120 392
229 496
420 113
236 313
352 307
295 244
217 244
349 165
41 38
120 412
226 207
31 332
444 31
142 322
8 19
430 321
355 133
380 280
232 16
176 304
136 213
65 179
487 88
441 324
310 177
358 392
12 320
228 477
39 225
143 442
397 204
210 1
3 104
147 493
424 63
277 346
278 379
245 19
450 92
171 496
244 90
31 160
452 392
365 273
27 35
28 207
233 44
83 98
176 86
376 243
250 106
182 334
223 371
327 299
162 343
162 326
200 336
357 285
332 250
335 391
194 247
498 487
437 179
254 364
454 125
103 122
401 446
468 481
12 82
225 60
114 185
262 259
260 157
203 58
496 312
139 448
178 37
393 416
378 68
432 92
419 433
120 364
274 275
9 240
138 388
494 110
473 288
55 484
495 330
59 42
10 105
268 266
4 90
223 148
228 379
331 285
161 396
277 335
146 452
339 142
35 207
3 359
499 235
499 85
311 434
380 202
377 304
195 400
102 283
282 373
328 33
85 493
284 267
291 242
386 240
103 214
140 303
146 398
260 33
87 115
159 415
38 262
132 405
267 300
385 320
113 105
484 272
396 230
300 259
245 271
499 262
75 493
191 9
79 9
373 45
326 223
407 139
318 223
172 238
339 261
24 341
463 105
22 279
358 105
485 214
261 332
42 321
198 82
360 217
222 483
6 432
317 183
349 354
81 458
319 497
496 282
283 94
283 250
364 488
42 117
314 413
63 485
459 361
132 233
457 395
378 116
213 378
165 401
256 58
402 373
437 332
362 292
16 67
410 168
356 81
178 103
461 185
399 182
36 66
54 190
274 301
17 494
463 193
79 82
107 382
189 237
95 419
442 443
141 214
404 305
138 11
269 452
338 454
72 492
228 398
131 149
277 89
53 68
141 291
476 3
361 6
16 34
63 487
329 6
431 172
49 361
217 378
134 76
161 199
365 373
283 77
262 273
492 48
133 260
462 197
307 60
121 455
197 443
242 421
344 110
180 457
42 10
456 222
221 25
334 24
204 96
235 210
111 69
395 302
90 67
325 117
156 395
374 316
74 125
452 352
362 36
132 194
189 181
268 211
402 352
232 448
368 43
324 105
230 467
74 226
380 257
446 394
356 442
443 320
150 290
63 347
133 85
42 1
19 379
389 100
352 402
437 393
451 246
496 366
470 84
80 446
483 185
23 358
307 51
25 73
381 146
294 401
152 421
434 177
178 40
284 323
435 457
196 218
126 56
395 435
41 183
476 65
78 301
63 387
302 203
340 242
451 292
389 166
260 64
348 130
167 35
217 307
293 487
57 46
201 455
473 347
435 257
347 242
158 88
326 137
57 313
71 275
489 394
353 185
492 279
288 431
498 61
1 407
17 386
190 86
325 298
102 462
409 453
303 383
14 350
321 285
396 308
258 397
438 437
36 217
203 33
200 137
189 369
52 319
500 15
139 456
91 235
218 405
444 296
99 493
95 347
24 246
492 97
111 178
393 83
155 436
36 22
468 342
99 14
124 181
268 121
9 371
383 358
62 262
355 74
498 140
130 251
336 67
238 464
496 435
71 164
96 317
477 298
303 449
179 497
58 226
305 6
292 298
206 141
306 474
213 241
60 263
346 376
76 287
266 393
381 201
465 151
493 302
449 420
182 16
208 361
332 10
496 426
19 459
223 420
60 301
367 276
102 48
445 366
353 308
256 99
343 432
378 225
439 64
214 328
63 492
158 46
209 367
457 378
23 126
141 185
243 358
260 312
32 433
88 479
369 40
374 151
38 212
242 357
258 318
372 140
76 356
139 202
6 482
336 298
216 58
261 213
50 141
24 166
26 78
144 355
199 273
499 345
429 186
36 292
214 68
266 457
426 6
21 38
361 498
98 250
219 253
348 224
347 452
357 1
101 368
2 417
213 496
293 26
358 499
271 96
119 239
323 383
89 363
241 314
383 448
293 276
182 169
153 466
21 308
279 246
102 281
260 115
144 398
301 423
477 393
292 474
360 21
290 131
142 116
299 456
31 411
2 283
107 362
474 165
62 28
44 205
151 365
226 129
284 57
31 321
200 385
55 29
143 390
419 205
229 487
261 327
24 293
361 463
134 148
173 268
263 1
201 182
344 350
189 177
48 249
76 259
80 282
490 130
34 133
26 385
53 236
29 329
439 1
44 94
149 341
240 370
358 248
380 467
476 211
325 30
342 286
10 377
16 58
365 275
345 186
69 238
270 469
232 430
236 98
290 173
27 385
22 451
164 440
119 306
102 401
94 450
443 141
431 300
386 416
144 244
8 262
286 60
263 384
407 338
423 457
143 208
347 387
492 338
430 398
60 105
291 281
246 398
217 151
371 332
330 499
216 75
296 457
314 181
403 394
33 401
86 94
186 265
253 259
299 417
398 315
428 140
479 381
200 207
282 154
421 43
144 42
400 133
499 283
122 140
443 260
206 111
149 476
227 65
219 481
26 128
152 87
268 484
89 317
425 4
69 16
73 161
230 478
153 333
358 56
236 40
197 111
474 454
365 322
196 26
390 305
355 108
430 157
113 415
176 111
312 122
402 45
53 151
192 86
337 145
170 287
124 86
184 239
347 402
65 488
326 490
395 429
383 271
198 470
148 463
251 37
200 147
326 398
478 446
353 328
200 275
69 318
241 254
41 404
127 275
205 143
274 409
49 52
116 439
112 198
91 242
252 408
449 339
436 64
415 188
392 459
184 371
420 85
255 232
431 412
144 89
254 336
349 491
444 89
153 108
23 112
482 384
318 336
461 137
215 274
153 278
223 220
192 200
203 169
266 180
466 233
89 287
79 22
220 18
413 243
194 122
281 249
469 108
206 178
220 147
438 292
274 10
55 318
25 332
274 374
232 304
367 253
2 199
365 313
317 150
295 330
52 473
460 407
40 110
123 136
116 370
311 44
74 448
213 486
58 439
42 349
173 15
93 317
41 354
354 458
141 311
488 159
155 355
273 254
121 8
312 412
365 424
357 389
438 427
466 310
74 168
422 317
491 50
233 69
84 380
438 460
451 2
76 25
55 313
439 486
171 307
293 386
110 254
208 213
315 203
493 340
26 196
283 239
14 27
194 445
302 222
175 296
223 120
72 432
44 244
360 277
265 226
378 326
262 246
46 308
381 340
55 125
377 450
446 425
86 187
159 147
42 341
131 50
21 58
453 26
285 235
43 70
399 478
462 113
413 262
297 352
464 232
201 398
82 16
346 227
197 492
154 71
322 205
128 394
349 404
376 217
498 443
409 455
394 160
302 420
93 249
160 42
257 451
31 196
450 47
27 140
263 381
92 415
20 441
325 452
444 402
357 274
123 156
66 340
428 426
294 37
114 264
408 226
393 31
125 483
374 260
80 324
88 361
272 461
152 368
145 321
475 421
283 180
444 378
466 433
306 33
350 319
380 374
400 330
120 296
299 467
466 494
242 77
377 428
169 98
317 45
162 318
380 266
42 134
419 21
173 257
410 325
34 395
318 489
12 288
62 321
372 184
426 141
77 40
170 390
225 499
64 122
51 316
424 102
352 433
130 265
73 366
420 359
335 318
68 178
304 75
285 170
390 368
93 465
398 415
176 201
199 328
248 380
137 90
317 279
483 34
463 86
131 473
474 476
437 301
236 16
206 185
257 217
430 52
47 339
399 286
327 347
322 330
97 4
101 453
320 101
439 400
238 243
260 104
202 352
102 497
92 149
453 182
415 245
493 158
484 95
392 374
374 169
187 198
452 258
342 253
272 446
4 142
426 171
486 389
20 56
484 169
139 477
338 257
242 104
183 444
156 490
77 348
287 310
320 489
223 231
358 465
98 435
127 457
474 297
213 361
469 379
223 199
181 191
321 206
327 285
226 361
31 363
185 471
163 309
152 266
61 452
270 497
116 481
316 462
209 253
418 455
309 478
104 166
205 120
391 226
450 412
399 456
280 477
237 471
104 123
452 13
420 361
418 76
3 275
446 353
49 473
24 296
346 499
433 92
368 429
473 141
400 353
264 7
280 1
347 240
112 191
57 407
81 362
162 52
205 70
211 380
229 431
323 115
307 419
422 174
202 144
74 48
463 241
386 391
422 8
195 4
470 171
151 487
483 430
132 391
498 208
49 136
8 389
221 189
263 24
5 1
379 60
286 332
1 329
32 478
360 131
481 122
229 170
386 231
233 6
365 25
119 206
469 86
122 300
124 277
132 421
83 127
16 315
302 318
71 385
330 134
414 11
100 243
386 153
51 117
34 40
444 63
457 359
129 450
243 327
186 420
158 110
81 177
18 150
392 407
126 363
54 17
302 309
11 26
472 171
68 143
105 404
396 424
82 208
427 309
314 142
361 54
423 285
46 405
258 233
210 332
117 247
273 229
121 421
344 297
455 69
396 109
197 205
460 226
363 58
28 240
225 200
72 161
397 65
242 183
344 421
334 270
55 434
368 131
124 291
91 4
60 159
104 82
413 261
492 304
253 333
230 99
165 402
205 254
401 211
89 135
20 210
26 313
65 24
266 155
17 280
454 201
60 440
464 416
399 25
33 357
337 423
407 59
191 286
274 331
281 65
177 359
322 215
236 349
390 340
137 207
481 295
198 486
293 12
102 165
166 467
459 66
277 95
402 221
245 164
160 111
452 19
64 331
130 270
152 92
44 13
363 321
97 190
338 345
158 194
191 482
239 358
145 461
96 189
84 305
9 196
445 169
370 103
418 258
127 267
140 157
233 452
228 169
431 121
53 400
445 97
347 375
253 146
31 104
408 139
55 127
184 242
301 380
434 415
35 316
153 410
273 464
303 438
313 343
103 347
332 235
469 61
375 421
81 474
236 159
394 420
65 110
351 371
277 411
448 139
255 417
479 144
466 470
476 135
7 380
272 22
419 13
192 275
439 93
12 355
454 161
148 120
62 219
398 221
397 480
449 143
327 460
400 485
348 212
280 410
442 6
362 262
303 490
332 108
263 232
137 290
239 128
298 301
368 272
248 99
125 487
150 288
116 191
463 32
69 31
307 287
347 128
129 50
271 16
416 447
93 388
26 72
358 162
204 15
231 240
500 95
425 133
495 163
462 89
43 11
487 97
61 346
421 448
368 433
29 426
243 310
469 477
477 3
411 65
76 204
345 208
89 74
316 179
279 209
495 70
470 167
413 365
302 92
417 406
416 442
386 199
439 5
157 296
488 38
9 181
296 176
45 282
235 136
389 295
210 492
110 176
493 220
34 497
427 244
