50 532 30
863 206 10
241 492 9
219 442 20
631 191 12
417 757 9
424 468 18
217 360 30
368 965 30
637 874 11
637 276 22
661 534 8
780 781 29
19 580 8
449 293 22
283 658 8
760 68 18
825 552 14
455 44 15
213 329 27
932 775 20
416 401 7
593 474 26
197 716 5
826 340 8
206 876 26
945 648 4
420 446 11
57 151 26
508 114 10
273 583 30
496 985 5
694 412 11
352 160 9
807 207 29
876 203 1
840 149 19
259 197 3
468 715 22
515 872 30
970 705 3
208 26 11
383 225 27
5 912 14
460 943 30
430 162 20
288 491 5
667 836 12
264 642 27
59 104 4
864 638 21
106 271
79 27
576 56
425 948
77 954
994 764
163 106
857 530
445 648
497 991
956 149
711 669
467 256
828 945
68 600
279 584
985 998
594 980
805 981
747 466
169 474
443 456
860 762
428 492
72 683
656 327
907 189
151 915
911 881
397 112
635 649
963 980
59 963
497 199
398 243
619 166
650 373
188 669
296 890
154 993
307 881
119 489
895 501
207 672
7 765
152 50
315 574
702 311
320 30
447 398
986 405
746 296
219 920
351 516
277 12
545 127
326 533
869 240
95 634
402 613
174 148
379 673
654 773
414 824
970 946
734 804
551 539
489 993
814 518
263 310
808 414
547 345
289 510
545 250
354 771
299 51
964 175
579 446
298 335
760 656
788 205
439 939
715 307
428 892
781 657
902 928
182 482
267 860
802 479
822 945
507 607
966 124
15 368
669 545
585 675
85 893
301 981
236 327
586 51
271 909
922 953
317 88
512 778
551 714
842 548
917 196
785 807
335 208
695 638
517 158
681 74
662 436
391 816
691 779
737 746
669 242
973 23
795 642
431 328
369 233
133 176
614 616
671 705
275 604
703 170
934 581
188 180
147 231
341 778
256 478
824 669
91 250
725 257
124 924
862 315
714 168
917 305
732 941
660 663
135 480
364 318
19 952
600 675
670 683
286 439
114 627
844 729
255 907
625 611
679 846
29 507
616 340
550 873
137 831
388 366
138 635
318 613
618 704
718 248
151 921
938 616
690 272
353 825
615 609
462 396
638 340
255 811
807 699
159 136
492 332
551 534
32 451
671 677
40 435
640 75
334 699
678 7
582 773
275 304
494 683
179 955
474 572
971 25
893 668
240 481
49 597
826 689
64 506
302 657
691 672
814 760
203 213
752 437
431 451
758 941
29 545
631 299
38 638
959 244
914 682
492 390
812 359
211 551
387 891
424 479
671 414
922 196
374 908
204 697
787 460
951 15
457 303
39 444
182 629
90 48
866 845
761 987
640 726
875 681
298 132
851 887
43 578
808 753
449 736
23 314
146 934
822 65
817 103
637 227
811 774
767 839
567 507
535 178
210 930
555 798
726 149
223 290
505 883
47 837
533 347
61 540
355 365
211 717
236 546
578 647
187 267
511 378
948 373
408 723
642 648
643 77
615 313
822 733
257 862
59 842
839 805
100 537
114 335
445 614
86 65
337 879
554 694
884 621
439 456
213 976
903 789
334 758
149 690
54 495
631 875
625 630
656 853
184 617
26 694
739 860
445 280
119 378
374 618
157 378
796 22
129 578
530 295
717 343
436 434
643 872
984 564
431 331
588 470
996 951
63 65
259 503
611 334
468 29
802 100
796 975
457 841
340 106
346 184
379 671
264 578
207 221
382 747
57 40
217 394
41 663
377 899
346 236
666 595
695 654
933 281
777 307
102 833
51 487
223 937
520 599
840 422
991 542
772 91
816 149
542 984
487 708
9 152
813 720
44 340
760 930
288 103
774 506
794 220
905 532
723 51
198 560
893 93
849 407
768 133
569 936
698 409
186 742
876 388
416 782
950 617
127 742
619 664
824 925
699 122
389 871
291 567
369 507
367 895
843 886
769 249
294 387
517 579
380 100
226 948
643 708
703 588
254 269
89 348
420 399
289 593
668 2
484 927
238 209
285 746
942 691
847 759
785 270
172 59
307 528
134 902
661 280
739 100
665 910
285 516
226 500
609 151
50 442
91 934
682 881
326 743
545 582
23 323
327 141
607 280
102 935
21 21
104 777
834 410
221 266
436 357
429 547
708 159
722 151
416 115
178 591
385 655
669 142
906 812
614 443
633 697
391 912
586 684
156 61
28 196
532 127
273 227
222 377
540 468
876 930
391 463
42 702
132 795
472 609
995 951
351 206
44 330
38 229
350 13
589 938
832 563
589 991
915 731
629 377
562 238
534 422
500 448
28 316
624 65
161 718
151 636
895 558
497 1000
287 586
582 915
491 412
6 413
553 15
515 442
125 358
679 948
138 230
116 433
829 27
814 833
320 432
321 49
972 68
520 410
603 29
339 335
19 404
566 991
598 570
792 218
631 356
237 730
789 177
969 179
895 828
487 654
643 844
910 697
90 420
291 489
22 957
384 366
483 347
737 372
689 13
169 214
334 394
69 587
675 477
343 44
106 611
545 491
386 958
46 883
919 909
736 807
352 286
391 323
977 334
6 497
495 931
980 125
654 975
622 114
272 526
577 382
125 10
274 765
794 506
257 914
818 235
544 627
661 573
632 945
484 518
499 426
782 699
654 96
368 189
936 909
678 620
969 230
41 693
15 388
404 26
301 939
528 145
324 676
812 889
624 335
513 28
399 957
197 552
427 922
836 868
237 435
271 32
562 31
943 791
674 465
1000 731
898 573
37 687
427 869
671 772
935 476
547 91
292 624
