40 160 30
370 944 1
937 484 7
928 477 10
422 398 3
761 411 1
289 499 10
824 643 9
147 754 9
555 816 7
13 518 10
934 141 8
159 713 1
137 457 7
431 785 1
745 422 1
476 688 9
950 141 6
852 24 3
742 820 8
851 781 1
814 670 2
313 675 9
405 101 8
883 441 3
225 665 3
750 546 5
526 549 8
787 33 4
789 48 10
199 787 8
956 351 8
779 544 5
494 202 8
177 870 7
84 185 6
472 619 8
15 151 3
274 728 7
889 975 10
682 889 4
645 167
438 17
826 161
953 914
77 918
502 773
7 218
314 976
689 842
265 842
522 83
301 819
222 720
589 564
298 634
516 410
263 306
726 171
203 6
721 273
242 814
396 289
954 147
844 834
998 398
371 360
551 855
535 907
556 593
878 485
872 739
403 619
486 631
258 489
848 597
657 245
211 817
166 934
558 195
183 334
10 185
472 73
401 467
417 570
496 682
962 313
820 312
985 690
698 339
734 74
871 543
383 220
71 305
221 678
370 870
443 211
28 815
388 490
80 72
796 790
249 890
261 273
26 426
249 233
188 68
230 196
888 115
266 848
211 704
968 431
280 54
765 890
232 355
315 660
663 778
79 708
699 60
328 954
396 815
699 333
370 122
212 336
865 773
304 203
974 263
569 91
700 306
908 347
384 364
869 787
362 503
598 733
97 823
787 416
439 590
624 347
111 295
695 236
427 351
756 382
567 133
90 469
929 884
678 203
309 865
174 194
663 713
117 335
207 329
61 500
569 627
112 896
812 900
824 112
102 704
44 118
330 981
213 291
612 154
886 772
432 204
286 695
69 351
673 401
237 766
164 715
509 27
497 591
760 241
788 906
595 208
807 771
746 973
561 655
917 876
853 62
449 245
448 395
526 798
855 910
150 915
988 467
872 894
923 162
6 444
827 270
576 902
837 574
825 293
7 429
123 870
451 885
81 796
295 166
785 757
372 868
842 979
233 349
577 455
20 261
