50 504 30
98 270 22
310 310 2
160 85 18
55 225 22
481 479 16
361 195 5
366 436 14
488 406 4
436 273 11
298 112 19
199 383 30
124 383 25
436 407 30
39 10 23
436 45 2
121 47 11
292 38 20
290 49 5
381 127 28
194 481 17
365 385 13
358 464 25
19 176 5
167 300 7
377 23 13
110 465 18
265 163 19
152 240 19
405 73 25
70 378 2
144 273 4
418 37 9
411 177 19
338 24 5
421 2 28
279 157 13
475 192 8
496 179 2
189 481 5
455 135 3
313 283 22
163 220 12
372 476 28
135 342 25
149 35 26
58 190 11
119 348 14
450 418 16
423 366 7
296 275 28
282 362
74 231
460 493
406 226
382 78
184 289
243 128
403 66
135 98
370 110
486 255
466 406
452 52
497 203
226 240
68 392
440 457
76 449
252 122
462 36
131 312
460 162
59 78
318 227
329 253
281 25
37 312
490 282
17 103
148 387
276 3
34 235
209 374
317 380
358 379
230 289
118 26
348 491
263 323
51 183
63 225
197 452
320 450
100 499
195 430
386 378
66 385
173 376
67 386
295 20
337 119
497 173
107 491
394 358
300 75
473 35
426 82
332 57
346 436
449 273
300 158
430 430
435 8
448 463
302 73
455 419
202 66
138 292
98 361
106 389
333 115
326 222
373 144
104 363
342 287
455 126
42 66
144 267
162 486
185 380
111 65
382 203
11 445
437 468
147 204
397 250
437 278
455 161
207 225
339 250
39 262
79 171
180 43
164 421
141 332
99 72
282 481
71 26
208 382
380 168
416 106
222 253
329 28
483 96
434 258
255 49
130 484
376 379
26 184
380 60
484 254
397 324
459 332
332 303
278 197
73 66
71 469
398 313
190 374
66 243
465 88
281 110
132 343
457 368
460 228
382 115
97 91
350 467
19 388
398 374
493 298
390 228
465 80
447 276
371 137
158 321
319 321
355 444
400 185
88 401
251 391
301 321
64 468
437 257
7 268
314 36
95 125
367 218
80 203
407 5
470 105
311 147
375 44
188 228
477 329
165 59
336 136
349 422
333 451
336 362
18 347
80 72
388 253
263 388
171 266
274 326
294 109
362 393
303 52
250 488
484 303
497 471
13 315
279 42
122 278
91 391
434 57
347 464
2 33
138 408
328 145
358 69
386 476
413 32
99 390
358 176
387 259
149 443
390 223
24 45
156 409
114 200
103 51
389 406
211 485
365 338
441 314
126 76
165 392
82 372
184 312
294 350
450 160
352 441
386 429
85 3
39 423
50 150
409 125
69 444
480 34
38 337
134 289
41 486
430 162
466 109
159 464
490 27
315 469
434 188
415 344
74 460
28 163
139 33
260 137
487 305
261 445
34 8
348 231
59 390
222 232
222 378
434 98
212 19
373 385
367 140
346 170
54 313
259 56
235 138
449 122
348 117
357 498
79 92
430 357
193 344
262 212
381 324
348 238
18 151
16 123
123 229
481 352
74 340
464 13
142 321
94 40
280 234
8 216
261 60
39 406
49 69
107 173
178 105
254 55
20 276
213 68
340 419
334 476
319 426
326 324
106 455
342 225
361 203
56 3
87 466
398 249
266 46
294 198
227 319
385 126
461 154
199 193
239 304
245 370
389 242
437 161
119 492
473 222
131 148
12 127
17 391
456 422
201 492
67 146
93 249
153 245
480 60
198 236
261 141
335 489
289 376
315 244
452 76
119 122
362 456
168 28
415 174
460 225
46 425
6 81
416 415
191 147
52 89
165 216
310 164
76 206
120 335
437 304
72 44
30 132
113 262
106 466
451 252
55 355
15 300
69 313
79 257
186 344
237 482
172 132
152 164
384 78
102 223
482 483
109 50
61 384
103 130
53 63
109 130
169 145
388 111
1 379
198 105
277 194
318 27
497 149
384 434
146 292
284 351
207 327
312 148
159 475
353 432
296 76
33 270
195 454
362 366
232 374
184 359
219 479
191 491
326 52
103 21
158 471
326 441
57 25
484 481
43 487
331 458
30 447
279 350
264 214
248 319
430 481
355 26
440 477
380 428
30 255
413 100
117 49
256 199
260 385
93 92
187 74
339 186
316 31
8 156
204 193
7 28
77 424
305 486
283 379
483 352
266 293
14 159
444 352
263 405
348 441
293 362
387 7
290 89
100 126
102 174
191 484
232 366
478 178
444 450
264 13
203 215
338 417
170 398
39 104
500 460
337 350
117 293
329 492
65 37
112 408
500 91
186 193
8 30
146 188
266 258
415 426
102 220
321 347
283 67
159 401
253 6
366 467
134 25
415 69
432 373
271 145
332 266
403 237
144 172
186 233
474 194
282 258
493 217
73 258
319 102
255 231
118 355
123 398
259 137
430 416
332 459
135 95
15 398
379 396
444 207
335 499
185 203
477 231
475 322
344 441
388 390
2 437
42 464
316 322
411 221
269 84
267 137
2 224
272 474
119 150
392 493
109 84
176 75
240 436
494 175
260 144
413 244
408 109
34 256
420 354
166 52
463 175
39 413
122 189
178 13
246 497
122 257
340 306
22 275
174 373
96 206
436 377
126 125
274 399
339 288
157 211
334 57
226 309
163 172
290 329
458 427
38 78
412 56
223 430
372 233
