90 976 30
231 241 16
916 401 22
981 515 3
413 928 18
285 118 20
85 964 17
907 754 2
425 276 14
490 502 3
957 390 23
755 712 14
541 222 22
810 510 26
977 619 29
69 76 16
346 835 15
599 650 2
10 154 9
422 501 16
402 261 18
510 621 19
993 170 14
116 214 13
924 728 29
917 954 25
364 926 21
974 856 21
372 247 28
329 89 4
323 879 8
126 761 2
98 402 15
66 308 9
793 820 30
251 487 21
374 104 30
904 129 28
366 184 25
50 84 20
311 938 30
154 865 17
105 705 10
836 750 3
19 964 8
810 258 28
169 407 25
713 520 27
974 296 24
962 594 6
102 796 21
317 742 18
448 943 23
420 836 2
685 64 1
205 351 2
199 255 16
47 337 19
18 129 10
429 593 26
820 374 11
696 675 20
700 817 15
710 634 17
959 508 22
378 123 4
461 555 1
898 38 10
408 658 12
172 946 4
262 159 17
849 190 16
374 360 28
596 248 16
243 72 4
413 703 27
88 920 22
263 983 18
734 964 4
898 909 10
915 463 30
885 853 18
425 991 24
16 34 18
637 242 7
845 578 7
826 224 28
433 408 22
787 601 29
872 887 6
639 796 13
901 514
356 935
191 219
320 427
700 17
923 45
612 139
703 197
825 608
277 498
884 922
291 55
135 784
215 273
675 702
572 781
732 254
885 397
296 999
145 267
215 633
396 705
811 692
55 368
736 806
265 205
728 490
606 737
465 149
802 940
761 736
544 303
490 698
236 291
722 521
606 61
810 86
805 158
469 394
582 360
223 337
726 23
127 869
767 578
927 497
489 997
264 534
980 182
741 213
115 490
34 429
674 29
595 833
436 982
455 268
493 715
972 457
7 186
834 906
381 479
632 722
216 193
413 357
701 289
201 64
287 884
812 685
176 445
993 235
217 301
424 679
823 236
394 139
350 240
487 762
923 396
504 398
151 440
483 747
696 494
236 366
645 991
221 251
306 948
143 275
344 773
757 126
447 166
873 703
24 405
884 550
398 691
999 493
296 757
178 344
213 432
276 767
442 282
293 784
146 686
381 613
42 892
208 84
1 562
919 320
433 108
928 813
115 589
909 798
965 326
339 96
313 236
945 838
253 736
334 994
93 660
180 876
702 289
493 796
727 91
30 593
758 267
801 890
91 814
924 682
12 577
141 426
91 338
361 905
902 890
51 301
619 796
968 915
177 694
67 705
362 531
675 532
328 310
824 658
327 252
560 167
413 229
977 712
184 254
170 381
417 136
869 523
865 905
327 733
843 409
348 352
728 512
417 23
116 784
733 144
944 997
731 391
911 545
846 495
246 451
245 911
747 854
828 421
490 488
618 785
227 447
513 315
619 275
899 16
176 416
407 632
3 761
616 563
279 607
117 146
603 972
9 547
669 148
17 467
433 811
714 545
621 711
946 197
105 366
482 130
523 362
403 641
268 832
149 1
150 839
999 496
352 705
704 552
397 111
192 55
947 421
222 922
810 548
301 38
728 284
31 572
180 244
680 126
728 506
150 674
517 323
364 336
569 654
188 341
552 431
717 362
432 283
334 454
595 998
782 201
388 472
35 592
852 437
745 998
190 479
514 862
65 904
82 889
565 79
458 799
567 615
828 151
659 775
862 714
10 450
416 613
425 700
309 10
792 954
510 333
228 303
612 197
542 830
174 797
951 385
791 388
149 623
416 39
917 397
531 912
828 926
549 158
877 467
254 601
413 705
178 833
49 878
286 294
852 764
704 954
404 170
753 633
255 45
309 383
616 656
838 478
437 158
851 806
550 393
405 587
67 443
387 56
407 898
370 535
271 249
64 502
887 466
409 28
234 679
630 497
283 958
90 888
88 750
906 758
596 212
564 712
986 134
989 161
830 203
462 904
606 577
108 79
264 133
213 278
776 105
372 379
986 158
342 606
982 184
830 672
937 795
757 920
596 318
315 176
527 384
296 919
495 28
342 39
384 328
201 100
984 21
500 649
60 347
908 409
818 33
745 473
531 119
448 654
685 623
691 517
858 791
259 814
602 190
102 320
969 157
33 60
456 272
103 931
590 604
401 743
199 904
737 357
932 282
438 317
81 564
583 387
345 105
118 165
755 611
988 824
62 972
952 704
462 475
570 868
311 551
184 251
977 994
397 102
30 67
798 396
452 470
662 13
146 932
956 299
46 644
785 114
987 4
54 805
903 151
296 581
685 895
126 597
91 568
507 89
686 750
255 555
194 219
553 78
310 748
6 707
323 502
159 234
437 846
669 586
102 851
123 622
322 109
103 820
774 507
458 223
99 710
9 612
292 794
947 960
409 515
477 842
702 183
677 889
999 746
404 446
287 467
133 409
643 873
82 963
530 234
542 691
778 52
158 421
625 9
950 1
152 69
105 453
745 567
131 790
653 646
593 325
296 837
311 119
53 320
10 681
193 305
736 388
844 789
113 115
721 866
37 78
762 379
989 475
837 196
325 20
637 934
718 373
668 479
28 326
944 633
291 346
762 814
423 568
430 744
665 954
527 352
340 285
524 563
925 492
891 349
235 426
120 513
877 405
914 754
484 237
957 274
846 942
885 393
501 788
158 92
399 367
923 363
64 924
401 566
568 257
804 595
277 633
862 926
308 122
619 137
431 11
528 911
154 400
341 823
120 543
320 584
324 275
736 860
285 847
892 313
924 864
396 492
595 738
318 128
529 549
6 408
560 444
957 459
295 774
23 992
813 268
839 239
291 597
914 34
597 441
107 302
405 73
644 545
464 373
249 272
204 339
419 785
247 356
9 905
357 27
985 766
450 524
231 853
341 882
505 236
974 254
600 322
271 482
15 553
280 145
618 750
482 231
721 790
463 967
878 706
953 265
42 87
363 918
695 188
200 213
946 520
703 519
811 730
771 30
198 995
112 866
522 829
50 354
212 352
340 210
556 55
185 902
64 901
821 407
593 791
389 143
685 377
33 363
993 968
788 801
27 580
504 111
250 424
489 464
979 375
356 833
755 42
816 864
114 316
984 934
691 651
756 378
947 123
403 273
601 169
779 901
445 112
59 201
802 606
98 981
889 531
834 781
168 161
173 912
306 661
331 188
665 872
693 573
684 190
641 38
340 311
28 449
450 749
773 813
617 718
403 603
551 284
48 715
966 469
235 621
442 735
605 310
452 949
164 634
152 784
246 584
167 819
91 750
82 812
765 425
799 654
425 712
94 725
720 210
746 659
60 73
70 682
816 37
516 669
644 812
142 820
731 508
304 322
274 76
337 52
265 575
891 73
489 815
856 522
754 307
651 402
100 681
382 136
624 42
491 853
125 628
5 747
573 399
205 4
402 130
552 835
674 795
953 408
211 646
170 433
697 792
223 355
501 575
675 815
567 163
869 478
841 798
961 345
521 439
669 1
644 962
20 431
865 341
851 403
312 199
397 808
838 416
791 767
749 36
700 903
866 937
733 502
213 566
786 867
552 606
147 946
84 290
796 180
80 801
212 526
98 627
815 236
576 98
200 257
761 295
808 628
350 271
713 450
648 368
219 1000
607 809
115 164
91 963
101 134
576 486
13 479
957 226
180 193
707 698
405 266
611 47
719 301
989 333
84 529
999 802
756 156
101 831
379 42
993 588
34 287
505 1000
457 83
472 691
4 308
760 998
729 706
271 826
742 625
606 381
249 794
856 900
331 315
570 226
92 407
770 904
959 544
324 893
263 859
31 444
355 951
852 468
803 97
959 557
552 536
294 305
177 12
961 365
388 791
601 433
241 934
345 212
935 80
228 372
591 450
698 419
920 993
820 282
398 387
953 597
262 100
729 42
467 714
513 716
891 131
961 508
258 36
889 55
787 620
875 565
235 624
339 411
743 98
536 695
373 751
28 354
432 517
642 763
793 938
228 280
334 914
483 516
827 358
299 421
482 437
107 790
401 794
365 177
920 184
471 673
382 760
157 857
389 893
908 729
798 378
447 801
368 690
962 772
75 231
281 304
478 700
974 579
59 924
612 897
575 657
230 352
771 742
889 239
286 222
312 703
335 99
169 183
116 879
570 422
671 611
548 647
591 82
211 573
975 672
26 822
676 372
160 148
494 531
555 214
3 809
306 431
441 632
793 541
86 317
405 967
927 47
765 723
709 523
873 264
791 646
308 11
813 906
612 777
248 652
31 53
256 991
511 182
750 345
874 890
269 704
552 183
1 798
152 29
431 896
110 180
240 511
332 37
393 896
506 598
368 888
848 734
906 978
401 198
487 269
857 481
819 495
877 785
931 904
578 615
363 566
985 928
563 929
554 112
518 358
809 215
37 894
405 490
439 73
44 723
328 709
667 995
565 17
746 413
129 187
332 926
700 362
297 578
124 833
661 37
827 260
413 183
450 169
597 549
874 435
676 936
655 673
914 860
707 838
702 435
424 593
763 9
379 818
458 460
804 683
260 529
62 134
616 908
333 305
282 562
545 728
703 432
463 456
938 178
454 822
558 80
652 598
516 318
471 300
608 993
247 951
202 549
353 886
476 532
818 310
979 680
580 345
268 576
894 464
149 458
833 342
578 900
843 547
944 159
429 246
341 104
889 634
18 931
12 598
129 79
864 770
582 305
854 622
886 105
440 624
189 5
923 422
368 899
966 886
260 593
895 339
661 389
628 121
403 67
374 742
945 151
475 576
28 419
51 784
19 148
884 708
165 31
333 110
367 662
324 173
480 104
193 976
329 74
863 3
861 943
132 505
685 304
76 904
197 188
493 632
323 547
176 426
79 990
254 166
734 18
533 780
406 87
285 275
410 223
707 137
44 203
705 916
400 47
633 141
574 203
760 842
359 863
168 632
227 502
394 921
86 892
976 166
956 348
536 173
423 430
96 348
514 332
581 256
441 329
316 322
56 199
948 776
809 542
71 479
97 685
871 101
165 455
924 896
510 107
395 734
474 865
180 328
279 204
31 527
239 859
158 729
433 635
165 344
69 222
896 145
429 537
551 254
436 57
947 954
573 633
133 281
345 533
605 932
