30 98 30
142 948 10
952 58 6
752 906 9
527 932 7
734 890 3
571 132 4
111 195 1
412 212 9
903 378 1
195 548 1
134 778 7
91 414 3
515 802 9
441 564 1
114 19 5
496 717 3
821 7 3
534 839 1
364 507 6
655 249 9
514 300 10
864 59 1
144 469 7
151 543 6
332 554 4
788 882 1
767 814 9
411 517 1
309 562 1
524 571 7
851 506
522 545
830 879
924 442
263 895
160 943
247 520
805 334
852 47
133 829
675 291
689 245
643 724
732 733
958 896
605 586
62 279
246 230
89 441
700 717
675 607
679 104
893 986
203 994
875 179
456 347
290 238
346 854
676 142
605 904
275 606
883 677
204 220
694 907
42 357
397 84
438 856
2 359
258 458
122 909
467 372
99 550
806 841
3 957
327 991
626 165
256 51
792 738
215 890
3 858
375 667
212 98
607 445
331 92
114 667
975 946
788 77
574 854
747 732
820 741
44 713
167 413
925 787
407 772
631 574
472 365
697 116
944 843
666 295
146 607
543 559
946 526
662 922
99 306
671 8
470 364
135 190
821 65
133 801
133 685
854 644
597 68
309 746
340 721
491 963
545 895
729 817
457 404
746 267
715 892
752 549
193 683
366 213
745 940
793 380
113 474
996 736
496 190
