140 544 30
913 616 9
298 232 8
290 148 6
401 665 6
342 822 3
114 171 4
691 690 6
77 732 10
468 711 3
931 562 10
572 676 5
301 111 6
51 819 5
661 404 3
710 947 2
393 803 7
398 47 9
468 952 8
475 654 6
987 636 7
724 129 8
137 868 8
867 858 1
659 515 9
282 187 6
402 871 8
412 391 6
864 207 5
948 546 3
350 183 2
51 673 4
175 629 2
638 188 9
293 597 9
705 934 10
898 59 4
599 919 5
654 764 4
947 50 2
763 676 3
797 49 4
469 887 8
728 120 8
351 192 4
849 968 4
912 216 1
381 464 9
393 994 3
350 490 10
719 302 10
263 803 6
467 267 8
482 542 6
214 858 7
940 549 9
285 37 1
523 977 6
845 103 1
950 171 2
855 819 4
738 138 8
268 885 6
211 739 1
356 832 2
463 772 2
219 207 7
220 902 5
995 851 8
135 344 4
12 42 8
943 942 1
310 249 4
57 167 4
52 818 10
257 303 9
288 696 6
144 504 7
183 812 9
149 448 3
573 548 6
101 598 5
187 567 7
670 349 2
877 586 8
894 676 3
509 160 2
517 590 6
502 971 2
814 225 1
930 188 10
203 24 6
193 966 9
562 78 9
625 371 10
888 333 7
562 427 8
733 338 3
236 741 2
694 855 4
85 816 8
961 540 4
610 756 6
800 29 5
710 633 2
288 756 5
625 391 4
897 294 8
130 315 3
680 400 10
93 653 10
624 325 3
375 778 2
595 781 10
139 738 6
732 358 10
153 943 4
465 816 6
353 447 1
856 244 4
467 785 5
492 202 8
145 131 9
865 173 8
86 343 8
281 598 3
437 9 7
48 435 6
757 349 2
120 292 3
14 841 8
737 412 9
369 882 9
805 400 10
919 405 3
485 248 10
907 210 6
615 166 7
614 975 8
274 284 7
546 386 10
785 284
321 489
983 707
539 438
200 288
20 765
946 196
893 775
204 398
407 958
625 260
50 872
220 114
763 745
938 325
652 114
415 769
562 748
675 898
252 758
254 87
526 855
180 405
488 598
605 967
89 112
243 103
373 870
601 918
230 524
842 978
417 397
879 644
479 597
154 927
726 223
685 210
560 492
842 934
345 819
813 867
330 12
376 248
961 526
965 630
586 31
293 901
982 534
410 95
765 355
597 781
74 266
615 647
612 457
892 358
207 538
818 386
87 101
814 558
395 363
713 193
759 64
27 338
130 802
907 171
20 805
686 679
734 866
30 895
557 837
407 706
635 975
722 904
664 334
490 700
359 533
327 124
475 151
637 686
859 501
986 545
603 321
672 536
532 607
76 655
931 493
325 259
830 678
73 83
933 699
314 302
891 510
697 237
907 26
151 713
179 207
689 624
806 849
700 985
950 561
663 837
371 455
89 848
786 951
202 894
216 733
297 498
555 952
270 686
919 813
934 905
424 448
757 139
701 931
714 224
912 946
383 366
70 778
941 374
611 879
470 258
83 752
273 122
295 970
966 228
101 828
525 308
109 233
451 48
834 412
417 53
551 150
877 965
318 665
358 556
494 352
697 11
607 907
891 594
684 506
721 980
94 186
288 369
126 106
876 937
403 912
374 910
925 491
7 83
163 798
407 162
412 500
679 832
379 220
879 486
49 926
934 710
33 719
622 805
332 492
761 155
246 175
733 839
392 826
278 769
710 691
705 531
433 19
195 898
30 28
475 700
41 381
14 148
527 396
433 431
151 815
271 776
902 825
963 106
435 112
512 994
768 8
982 362
662 891
78 728
475 35
625 307
727 478
589 68
115 95
98 787
561 679
37 634
679 345
60 274
787 771
679 939
452 744
754 957
965 619
869 105
248 684
848 827
508 485
2 733
520 437
354 969
267 944
650 893
213 533
495 100
782 523
635 103
170 777
901 555
2 749
654 786
922 233
701 717
47 233
386 58
589 985
890 734
558 932
997 125
343 42
891 617
991 867
933 310
237 806
468 779
180 286
575 756
622 858
615 221
318 898
542 616
103 1
226 876
544 312
783 401
62 458
623 284
866 522
639 713
198 746
494 357
780 961
89 555
956 823
545 378
325 946
123 360
827 923
688 386
68 91
42 483
300 606
976 83
652 974
425 710
41 184
484 544
295 305
253 564
656 472
618 857
839 935
276 816
621 264
980 775
972 602
651 765
170 89
308 300
858 969
36 437
523 848
331 344
153 670
588 176
40 864
3 911
8 467
178 16
247 31
963 420
781 455
484 630
776 815
935 877
573 505
733 996
374 318
173 61
521 93
387 387
32 718
976 716
514 578
962 849
930 789
483 135
65 124
389 658
205 488
276 444
279 745
889 637
976 294
331 8
686 333
979 587
518 248
229 536
950 387
951 21
763 250
169 314
647 687
911 152
363 457
532 679
995 957
566 218
87 969
898 274
568 330
212 938
646 14
20 559
788 596
339 224
825 686
816 772
18 390
108 626
504 347
254 226
620 98
917 537
463 858
409 192
36 896
706 58
783 671
323 179
421 717
793 501
796 882
118 574
348 185
15 343
172 161
386 669
532 852
445 860
422 620
54 586
96 921
817 644
228 995
943 779
103 853
859 624
100 456
571 165
298 368
314 675
70 261
163 612
603 133
510 582
127 103
510 131
246 777
23 715
958 179
586 85
817 567
167 159
770 858
466 325
522 393
411 291
348 765
62 945
37 241
218 358
573 586
997 639
107 336
115 299
529 142
33 506
740 12
652 884
437 224
354 976
869 805
851 191
878 253
619 996
479 504
723 858
165 440
755 225
130 911
895 909
404 68
111 439
723 419
639 828
114 810
848 438
190 146
943 365
928 847
381 896
624 879
129 971
48 173
362 747
633 309
385 106
120 840
397 688
237 765
613 717
895 180
203 17
438 187
737 672
373 846
819 716
931 637
905 87
386 936
293 722
758 284
666 16
981 222
999 507
686 698
773 31
482 877
546 672
841 1000
474 649
950 975
241 854
113 739
715 102
379 723
483 179
237 321
657 353
933 547
762 685
434 881
520 878
493 236
134 18
49 300
23 899
60 638
200 822
996 262
399 419
190 256
587 625
310 70
131 345
210 164
325 717
387 950
870 544
576 188
882 834
78 489
990 639
774 983
185 196
45 675
578 463
951 277
193 320
893 156
865 181
110 903
456 987
934 797
16 459
660 215
479 859
448 389
125 167
239 796
714 38
977 571
368 374
587 616
781 483
485 933
450 423
369 246
473 988
206 137
193 784
277 256
448 455
945 283
87 644
324 270
522 510
703 928
132 43
394 513
769 142
535 604
141 935
118 374
362 262
124 15
995 294
17 369
490 296
114 235
23 330
667 918
738 343
382 737
751 99
51 227
483 508
868 284
676 98
977 930
802 827
350 663
118 110
971 754
709 102
349 124
