50 530 30
2836 1415 21
780 4101 12
804 596 21
1579 3414 14
2614 4893 4
1824 3993 12
3393 4579 2
305 2698 8
1531 2870 26
4649 4604 4
822 4643 12
591 1878 1
4654 2556 3
3871 1046 17
1041 2371 24
3543 4562 23
790 1931 20
664 2028 28
2703 1817 7
2642 1324 9
516 2975 12
3180 3198 2
2205 1369 25
3293 3389 27
219 3346 11
3798 3808 16
1273 3513 9
3609 3344 10
2499 3470 26
1134 4763 28
263 1474 19
3684 2673 25
3313 4920 29
4104 875 7
2025 3274 13
3988 234 29
4886 882 24
2767 2295 21
3447 3787 8
2661 3807 23
1677 1764 9
3730 1282 27
4059 305 30
2748 1639 2
3256 3535 28
3572 2818 10
1802 2353 23
2657 2330 17
424 1954 8
1743 3209 6
4239 1513
4640 1904
1874 1916
2669 3231
189 4667
1948 1947
4663 2010
172 3023
2343 1376
1321 4385
886 3886
343 4127
2789 3169
342 3229
3388 913
3182 2018
4622 1554
4252 4711
1178 2287
2493 4769
1827 2707
2709 4368
1577 4697
1789 3022
4124 4508
2016 1811
970 4765
4306 2231
2983 3259
4188 189
1001 2273
179 4271
4557 2747
3869 1230
4726 630
2437 3717
63 2813
4011 4610
363 914
2833 2516
704 3441
1055 1856
901 1284
384 2469
688 4435
1635 3601
323 4692
1074 3579
3893 867
3614 2070
3725 2698
437 4194
3053 4857
1912 3259
4064 562
1506 3216
4444 1714
2964 3688
3183 3168
983 4485
4524 2673
1648 2471
3197 3180
2450 3273
1624 4010
151 2097
1159 4169
923 4783
156 3485
3929 4616
1588 4331
1539 154
3539 2767
2816 466
1116 1971
3821 4514
3631 167
363 2865
3051 2366
2924 2983
3463 4237
3217 3280
2416 3924
3015 621
1111 4703
1721 194
2491 3273
1871 1862
3824 1833
4001 1544
3272 582
841 1103
603 2580
2321 1855
4669 230
1547 2395
4108 730
3077 4338
167 957
1020 4825
594 3974
4755 2636
2009 355
894 481
3398 2334
4561 4631
1681 211
1444 4998
4262 982
1080 4178
3938 1353
2385 3578
3848 2927
4293 4946
3108 2328
2626 3744
143 1335
4454 853
4759 1437
203 3515
4002 4206
2187 1386
895 483
4693 3302
326 3948
3200 4443
3682 3398
2453 4110
4083 1858
2545 3187
3989 473
1107 4064
2383 4956
618 909
4056 3175
831 919
3704 1107
469 1409
369 1635
2280 3248
1910 2697
50 3645
644 4183
4467 28
1305 4351
2058 2639
4017 1069
2064 4775
3964 2133
2059 1540
857 4190
4515 217
2763 3234
1338 3004
4788 2061
2048 3935
1762 133
3000 1099
4412 2071
3191 2076
216 1958
4080 4597
4240 2830
42 4972
583 2488
2523 502
4976 3116
1548 3929
2607 4616
315 2996
883 1470
4148 2708
838 2251
323 825
468 4944
3314 2444
3899 934
86 3644
3289 649
13 4088
2345 847
2869 2716
1604 2701
2578 4475
2759 1244
3270 1275
1009 3930
660 2967
4795 4885
2392 4628
3556 3299
1135 4980
1510 3996
3410 3880
4839 3713
4576 2647
4744 2996
1711 564
1567 2582
1849 2086
3803 1794
728 4773
536 3431
727 1463
4270 1174
4256 1622
339 3772
4657 2772
1430 1657
1180 1222
4396 1855
2304 2698
4175 2951
4708 2641
3709 3804
2331 1508
1104 2907
2871 2545
4139 2178
756 2039
4536 43
185 4628
1389 2541
1243 187
1413 2371
4626 46
1386 3566
1586 1262
4473 889
1247 1817
375 807
2376 887
3959 1091
4198 3671
1306 4906
3035 1691
2595 4897
3044 998
1863 939
2179 124
65 81
4152 4221
3939 233
1027 2242
432 3576
3794 478
3644 2463
625 1324
3214 4976
2712 4023
230 4153
2209 1497
1405 3792
63 430
4800 4848
4580 816
207 3489
2011 234
1386 223
1032 4572
1897 3406
3754 4377
2797 3822
1352 276
4879 3753
1613 4482
491 4871
1804 4653
4441 4733
4953 1555
974 687
4652 2381
3686 1522
2674 1521
470 4730
4347 3880
1134 2234
4930 1745
2504 4207
2137 4824
2612 4490
710 510
4344 412
3120 229
3842 3005
1233 2465
417 4830
993 2911
4164 3997
3113 4962
3755 4356
1617 894
1583 4860
1695 3751
2116 3887
2268 2613
4793 314
441 862
4209 210
4629 2016
784 2764
142 189
11 4692
1488 4500
3009 3008
2881 3102
2367 2305
3033 4014
384 3355
1772 3889
400 4220
2147 1023
1402 4910
4773 2656
3337 2442
4388 117
1831 620
2961 1478
3782 4694
1529 1666
4791 4397
109 1108
3757 2266
3473 263
2948 4469
145 3900
2933 2750
115 2022
3122 429
4296 4185
3987 1665
259 624
4914 2383
4208 3100
1668 3693
3435 3632
945 4765
1456 3008
2492 172
1200 3247
132 1933
2798 2500
850 2637
2022 3483
1725 1408
2486 72
2101 398
4833 2425
3301 3942
2163 791
3379 1426
981 1678
4464 3664
169 3155
1830 216
4224 4515
4658 3576
2864 4601
3848 216
2951 4059
1833 2113
4200 118
2914 4974
2765 121
3277 3564
1574 4917
2342 2162
3901 2215
1603 3416
2280 3853
52 3223
1179 3392
4215 1456
1097 4454
1314 4025
2732 1570
3816 907
2560 617
2012 1256
563 4352
2105 4578
3496 1975
46 4331
167 642
4320 3412
1707 4075
2892 1320
4260 911
41 4205
3436 1239
668 4502
68 3717
2061 3352
1940 2338
978 3895
2852 4926
2084 4670
4272 3034
2267 587
3839 4665
2674 4026
3296 4062
3913 2861
1361 3568
407 2210
4415 2600
4801 4658
1333 173
890 2380
1674 609
1345 4549
2076 4971
872 2554
4783 1292
1081 2685
2936 1106
3899 2738
2291 3938
4935 3534
4830 2657
3064 4542
1079 2669
1489 976
4186 116
2226 759
604 2477
3023 2259
394 4317
3360 4881
2875 2998
545 954
4238 3618
681 1030
4019 665
2445 786
4185 1550
3606 4904
2513 4308
1869 2583
2510 166
1175 571
2786 841
1258 489
3886 3319
4799 4965
2177 3413
2694 1606
4891 4811
2856 949
4714 3214
2106 4310
3129 3664
4281 4335
835 3731
4219 2874
3268 2200
183 4587
2904 2099
1850 526
1051 3237
4544 4251
2592 4777
4235 2333
3799 4925
1922 1470
281 2450
3583 2533
4450 4938
4241 1877
1937 1564
313 2844
800 159
1875 4511
566 597
2247 1873
3625 202
1497 103
1139 998
3367 4917
2281 1105
3862 3079
4643 2585
2404 3951
2959 801
2704 2527
3775 4499
1181 3791
4492 4776
386 433
3148 2053
2889 4420
3571 1506
391 1672
41 1255
108 1803
2708 883
1558 471
2825 1643
3613 1351
3214 3223
347 19
232 4522
4730 1745
2354 3685
3411 847
4265 3046
1710 3615
2776 3733
3015 2371
4392 2533
1623 1866
4806 4872
2263 4301
3554 1297
2349 4228
327 4847
3694 2509
3156 4534
4501 386
4754 4236
4652 4084
3571 2663
2856 3985
1593 1880
4274 645
2317 2610
1002 3820
3961 3377
4242 3013
3936 4765
