80 266 30
703 734 3
616 684 7
617 748 6
247 229 8
757 209 7
376 301 1
255 624 10
947 108 6
843 73 4
884 846 7
778 777 1
585 45 6
974 583 5
148 570 6
154 101 5
337 256 6
401 748 10
936 241 4
905 189 1
576 852 4
533 854 3
887 248 3
733 559 4
963 280 6
55 266 8
40 97 2
543 202 1
632 337 2
260 989 7
464 63 1
940 806 1
67 715 7
922 253 5
384 919 7
751 976 5
157 277 1
131 857 8
605 413 3
190 285 7
675 223 1
291 515 4
993 684 2
454 749 10
314 401 7
624 995 1
46 71 9
897 609 5
226 853 1
280 201 5
348 428 8
161 626 7
779 470 1
400 682 2
962 344 5
314 331 6
934 848 9
306 368 4
847 154 6
924 588 1
673 10 5
305 39 6
214 768 8
271 658 7
578 217 7
59 850 3
257 710 10
261 870 5
732 721 1
197 717 6
727 913 9
352 354 2
244 211 1
345 444 5
949 237 5
465 317 6
823 416 6
346 943 9
852 344 7
557 188 5
181 581 1
170 359
683 535
794 376
800 344
155 240
266 318
535 1000
753 450
657 182
469 345
830 427
642 663
825 828
753 12
19 604
809 37
970 689
633 415
3 486
973 948
973 950
150 833
206 660
222 262
39 603
188 601
561 248
813 586
836 718
253 426
958 54
804 923
50 142
582 949
332 358
864 404
577 122
195 232
269 272
615 696
776 19
559 816
315 892
823 182
428 861
130 252
150 313
96 959
151 275
917 258
278 86
787 212
434 776
1 60
885 164
368 873
421 57
646 292
984 387
267 587
777 142
474 148
913 78
631 866
507 171
93 849
369 695
411 901
416 88
327 709
436 254
615 193
855 362
858 865
76 757
275 906
330 89
381 671
699 29
134 228
52 449
955 705
292 360
895 63
355 299
177 425
457 239
423 608
901 151
693 903
112 602
852 64
474 495
775 83
587 197
430 558
90 206
705 555
909 655
571 266
911 4
350 714
627 202
806 777
698 288
598 722
467 95
89 973
638 814
338 609
219 326
755 736
797 6
534 928
773 746
800 601
803 725
569 61
545 668
747 16
260 121
267 821
994 855
615 446
151 8
491 344
25 317
41 129
811 646
404 729
776 504
129 411
476 353
12 411
659 370
434 557
188 694
768 291
236 339
660 839
158 203
695 80
493 607
950 897
393 762
646 53
695 422
420 180
808 666
597 408
635 534
851 111
841 998
637 961
626 885
185 922
170 415
100 3
372 353
801 636
401 377
363 831
123 246
172 936
420 852
348 700
753 701
929 339
146 404
717 881
962 605
964 713
995 174
730 810
391 21
115 713
151 311
908 93
360 143
351 22
551 499
336 21
121 669
653 878
283 984
26 451
394 483
940 456
202 374
71 479
758 970
212 222
384 855
897 340
680 667
385 565
38 742
945 705
522 58
392 121
514 448
912 634
607 374
113 760
829 250
70 231
300 626
291 769
663 401
430 201
85 238
4 109
653 47
725 440
590 866
160 697
272 797
864 440
178 59
898 466
326 812
837 1
249 510
724 431
942 361
732 937
830 650
640 449
518 214
895 918
807 240
699 95
117 7
391 831
60 954
407 704
264 987
954 132
434 12
659 154
193 113
357 725
2 289
973 825
504 990
691 112
740 223
320 581
458 664
366 118
959 151
53 620
385 708
60 595
287 672
480 997
511 186
146 682
70 409
491 555
926 328
302 552
15 308
843 977
333 401
488 584
