40 82 5
193 341 2
972 845 5
756 799 2
822 560 1
671 208 4
647 782 4
586 229 2
721 211 1
870 444 5
582 203 4
160 659 3
687 101 5
389 722 2
796 614 3
667 330 5
252 748 2
688 681 2
648 449 1
490 725 3
535 544 1
312 829 1
686 675 3
830 237 5
38 495 2
565 768 4
669 805 4
2 94 5
389 720 1
983 524 5
747 343 2
748 829 1
515 181 4
926 317 2
54 403 3
781 525 3
337 788 5
125 139 4
484 330 4
172 972 3
900 633 3
609 212
304 790
40 552
309 850
259 420
227 732
247 579
932 47
76 799
693 506
741 47
280 481
757 738
785 998
232 700
850 490
601 51
16 786
807 120
681 550
308 674
755 173
842 753
838 539
577 985
721 313
35 479
769 713
272 980
682 888
80 172
27 889
943 603
582 847
61 158
946 282
335 21
442 286
301 942
381 631
259 679
338 322
817 180
207 745
214 76
182 530
365 947
84 61
673 131
761 52
573 33
764 402
926 555
834 670
208 605
232 938
338 627
703 775
10 527
857 469
656 152
182 723
382 811
830 787
117 942
346 978
157 793
442 470
811 943
934 799
810 151
390 381
917 970
828 507
727 285
297 438
501 316
410 265
425 181
710 508
235 143
519 980
