150 1496 30
3607 4083 30
2126 275 11
4695 838 28
1453 794 23
222 2472 11
2367 4679 22
326 2074 7
3323 3218 26
4096 203 18
1738 618 20
2907 4894 20
4448 1575 11
2543 1573 26
2091 2886 29
2637 1299 14
1440 2648 17
1367 4971 16
598 3788 15
3814 2964 24
2621 1358 17
4726 451 30
1453 3360 29
2928 758 22
154 4361 23
3169 4332 10
2765 1797 20
4918 2443 16
1709 3034 14
138 454 8
3960 2375 23
2463 2641 1
4961 2472 8
4027 3666 25
502 3312 3
2483 4335 11
552 1794 6
705 4972 11
2130 3017 7
751 3466 8
3691 2525 20
2222 4227 21
2920 2923 2
4698 2984 5
1735 1156 9
4426 4399 12
4498 4831 10
3308 2991 26
2703 2681 12
1428 590 29
3320 4553 12
580 3710 6
2341 2937 14
2104 3866 13
2524 4056 3
1165 703 2
4949 1769 12
722 2453 15
2006 4347 5
2580 3499 1
1127 2233 29
294 1991 17
2771 345 12
174 1136 1
3914 2284 12
4960 4395 22
4471 1018 4
4583 4096 16
4860 33 23
2867 3721 23
1539 3763 16
4253 4855 3
1168 3881 14
2519 1625 26
108 4783 5
2623 353 26
4055 1040 5
831 1413 18
1712 274 22
2388 457 18
4736 3918 23
1266 2835 3
689 2820 18
4430 1415 10
262 4457 2
3734 1802 7
1620 1379 30
90 1189 24
470 2686 6
3674 156 18
2184 4809 20
4975 4148 8
1981 4797 16
1620 2058 13
2255 3409 6
3051 2766 24
2155 2624 16
4259 1193 7
1992 1557 15
3466 56 1
3534 4342 15
1691 1506 16
567 622 23
3897 4119 3
2695 1151 30
3328 104 4
3436 2407 1
3823 4483 27
3492 1307 27
3502 4132 14
2217 175 17
2078 911 25
4334 402 23
2078 3500 4
3363 695 23
4607 3082 12
2602 2639 25
876 1071 14
2371 1597 5
1480 2333 10
1840 3919 13
1932 4390 4
3292 4888 26
3795 595 4
122 1068 24
4561 2336 6
2668 2225 8
723 3444 4
1411 979 15
981 3096 27
2608 4080 29
77 5000 15
2567 3188 6
445 1126 2
253 4710 21
881 1675 30
992 4361 18
4373 507 22
4701 128 21
4157 3509 10
4646 1598 15
1822 3518 27
1501 3333 3
1711 4970 1
2497 1821 11
974 4594 15
705 3102 23
4325 2854 14
4905 1489 17
2194 1396 2
2998 3034 22
723 1606
1482 4296
2779 4711
2574 272
3089 3836
2498 4352
4581 3853
55 2949
2417 3490
251 3084
307 596
3877 753
1231 571
3392 2802
303 3656
1661 2367
494 765
2488 1419
4055 3073
4134 1049
8 1966
4016 564
3698 4908
2215 4828
2052 699
946 152
358 3086
2672 4384
442 1211
3079 4163
1190 4506
3278 915
3231 3893
4356 138
821 134
1877 2949
908 4690
3450 4618
4239 739
4652 1428
4898 4648
3919 4238
1406 4733
4099 3799
3688 1106
4853 3572
2552 660
3322 3749
3389 1109
1712 1558
2186 4152
4369 1508
2360 3436
715 1495
4035 4286
2151 415
4347 2499
2229 2062
758 1266
4186 3977
2339 3011
2971 4412
71 960
1746 998
4607 4119
2893 204
1778 4836
3418 861
2548 3184
325 2763
2156 2525
3465 4789
2916 1249
2287 1132
553 2220
23 4000
3292 1726
3482 2838
1657 1325
3955 2546
3210 4617
2954 4546
1883 4652
3919 1274
3204 292
4881 3060
2821 1891
666 4468
4010 193
3566 1933
3637 570
2688 4539
3550 587
4419 3075
465 1128
3536 205
523 203
3192 2497
1392 433
2101 332
4396 4522
1638 3522
4142 1902
360 2845
655 1936
1370 3620
2670 2023
2379 3545
1242 1277
2761 4041
4785 255
754 121
322 4719
1446 286
360 2689
1415 1600
2121 4493
1033 1098
2259 3817
4982 1729
334 2279
1368 1507
4157 37
1031 3408
1158 461
2699 4956
522 883
1140 3659
675 2983
2159 4343
1950 3230
269 3323
1883 2907
2199 1923
4850 3280
1366 1781
1877 256
4395 1082
2797 1785
1246 4246
3060 800
1297 4570
374 4943
3673 1257
2705 185
3777 4822
2879 4069
195 4764
1325 324
2423 4107
2157 1792
1571 3979
767 1805
3752 4411
3520 575
3796 3463
2749 1297
1043 4349
1518 5
3533 193
3440 1036
4280 713
1367 4202
4238 502
3067 1677
4109 3036
222 2098
4736 3891
1008 1326
38 1221
3424 2742
4309 729
3238 3522
4115 701
995 4263
1983 3744
4946 3146
253 2882
421 2470
119 3561
2870 1858
1334 1857
1560 3095
3014 688
4815 3981
2597 1712
3265 3710
3483 1278
2530 1771
2825 137
1276 2455
4584 2707
4185 190
4549 4706
3222 1645
2711 4447
385 1068
2081 4404
4091 2538
801 1625
4637 1379
2198 2741
412 3551
3640 333
890 585
2601 3423
3085 2896
2138 199
876 1829
327 4296
4786 2062
2065 1743
3053 3
1214 2394
2393 4178
1004 1128
2840 1401
1014 226
4239 4842
4168 2010
181 1610
31 3059
1378 45
93 3580
4635 1837
2679 4976
2003 2226
3735 523
1670 1728
385 4879
1891 3114
1266 1676
3419 4007
3051 507
321 4581
4247 4547
1834 1015
4148 469
1052 2874
3505 701
562 4455
3308 2855
188 1650
419 4882
2247 4917
874 1707
4888 1568
3419 1753
4790 550
3400 4247
2761 505
4385 580
3759 1731
189 2158
4938 4380
2526 1416
1155 3712
4431 3352
297 935
2385 3744
1851 3530
2116 2136
4998 303
4646 616
3288 1322
4251 2665
4309 1982
4045 541
4173 4539
591 869
4547 4312
1852 553
4809 4399
4301 1806
2984 2538
4267 4709
4278 4551
4785 4027
1146 3989
1453 4137
2573 3289
2832 4496
1885 2564
2318 666
1203 2224
1388 924
4667 2112
273 2051
819 4954
1024 3298
926 4023
661 1833
1714 2672
1346 4291
933 2692
4168 618
2922 1386
2121 2652
1154 3465
2251 2866
3957 1206
1911 3409
954 3001
3351 3865
3524 4649
3796 4206
4219 4748
3375 2549
2359 3251
45 2788
718 2149
2062 2819
4353 1134
3989 2319
1577 3488
1141 2428
4899 2626
2348 2707
3246 3237
710 521
537 1205
3502 707
2686 906
1728 4217
233 3335
4186 3320
3816 4066
3944 248
4419 4637
3907 809
693 62
945 2706
1031 4208
1768 67
3805 2188
4608 4390
4294 2223
1685 4145
105 1755
1388 458
453 623
3150 1403
2812 172
2884 3088
3189 1158
4674 1932
3388 1080
4494 4625
1474 533
309 3228
4766 727
777 2619
3468 3922
1947 4077
1771 4168
4854 2575
3888 3404
2872 3328
4607 1262
234 2409
3801 4825
4129 1761
4305 74
505 2056
4834 4456
1530 3239
1043 4738
54 2549
4022 1173
3899 4067
996 4990
2077 4029
3960 4939
4895 773
3202 243
330 4253
1380 205
124 1604
1544 809
4922 1576
719 1760
2251 3897
2557 105
1830 853
1117 1221
2256 1595
1261 1290
3976 4723
854 2305
3767 4424
1489 3358
619 2972
340 892
4458 744
2549 3181
2217 631
3809 2045
820 4144
189 2916
3234 3074
3939 2194
4404 401
4426 4296
1751 3235
586 3320
4722 1122
4630 3275
4981 2820
1731 4266
3964 344
2617 3782
3439 3905
2990 2964
3844 921
1126 3082
4199 885
4628 4818
238 2240
3918 3460
1107 4961
431 595
1558 3361
4010 2888
2611 4781
1807 2518
2140 669
4562 3699
2106 1003
1043 2481
3680 51
501 469
4424 4707
3084 3212
1043 2791
1256 4178
2800 2596
1326 128
4418 1774
2544 3584
2320 3476
1115 3260
4883 4352
3258 4686
1096 3735
4684 4131
1341 4843
1528 182
3849 2000
2980 3303
116 2021
4672 1689
4584 1107
4667 244
1190 3183
3215 955
3298 1179
3099 2703
138 2749
2351 1913
1076 1526
4668 2842
2913 373
3446 2885
1942 2051
3303 4139
2543 4353
174 2040
4014 3353
1671 4249
2217 153
4140 2888
3633 3697
3596 3046
1568 2401
340 1906
4797 1876
4931 538
2637 2653
4462 4689
390 964
3233 1098
1256 1850
4958 3222
1609 4424
3239 4278
2302 521
2681 903
254 4995
3234 1467
3131 3158
4291 539
2486 2820
2455 4813
2853 4498
855 2356
1029 960
685 2993
886 4382
1289 245
2381 1094
1452 2735
3980 3821
297 1585
3203 2371
2698 82
1411 3717
2280 2298
321 4013
686 3047
2012 3848
1860 2149
1375 3151
2333 4337
621 1378
4532 246
1978 1373
4532 804
218 3772
2585 599
911 3205
3764 1776
331 3825
975 4446
2402 2105
1103 3748
264 4995
2358 1634
119 230
3592 1205
4470 4252
2921 899
2944 3700
247 4249
3008 3751
3943 1254
1635 1708
2405 623
1801 1798
3621 319
2558 650
4700 3992
2760 3789
990 888
4793 1415
4856 303
2440 2141
4053 1802
2426 1456
1805 4316
4388 3330
3420 2610
2549 1698
4130 4523
50 2412
1267 2515
488 1101
2428 1378
2260 4501
4252 677
3637 1498
3780 2328
1355 1481
2858 3226
2489 4289
3065 4801
4114 952
3593 1619
377 2541
186 3255
4324 2116
4534 431
584 3607
4612 4186
3662 1262
1145 4013
4552 2908
1217 1621
1555 2410
503 1974
3993 4090
3848 192
889 791
3694 1846
607 1005
4424 4836
4730 777
274 1302
52 3981
188 3016
848 2941
3324 2089
1922 1969
3626 3646
4269 3377
3881 1460
4713 2533
1791 4855
3131 479
564 890
175 4071
1713 4085
2183 4469
2834 1556
4750 636
1947 3262
998 1712
1429 1859
247 1789
1783 920
1377 3448
1430 2058
2698 4482
656 1985
2545 1718
2918 1699
2786 3462
4347 217
667 3010
568 4133
3518 4835
1198 1133
2082 3552
1347 553
2858 1617
3230 2010
381 2711
3352 1994
1755 3422
785 4082
4969 3847
1883 3462
4103 973
3874 4607
3865 177
2948 728
69 2066
971 1739
2698 2493
3831 1772
1410 980
4177 4996
142 4273
4465 2487
677 2170
1771 1027
989 4939
2950 1248
1623 232
3510 2401
3788 121
2400 4343
3192 389
2893 3843
4651 4161
1642 3285
3209 3599
1756 4497
245 2575
2049 3237
1327 2322
375 4754
402 4952
1282 848
3791 2039
99 2995
191 4210
4684 914
2179 3262
1292 231
2908 4730
960 676
11 1689
2491 2567
3626 1263
938 2979
3311 186
647 3259
1041 1144
4136 2643
3421 4908
2970 86
3131 583
2609 2042
2392 2431
4051 1005
4147 1426
1770 2926
859 3373
3880 584
2166 232
2396 4679
3674 2078
3900 268
1957 2564
3564 3420
2877 4594
64 2629
269 4900
3617 3097
3960 1363
1638 816
4819 2732
2906 406
2115 1520
1117 1993
2441 361
2305 3074
4594 1296
712 1353
3223 4641
2819 3953
858 3917
3229 785
4099 1655
1023 1830
4075 614
1309 1656
3732 4582
1636 4163
2406 1702
4312 2464
334 44
1135 1681
1828 4661
1887 2707
2605 4721
2451 1702
2823 2858
1993 4230
626 2851
2124 4799
410 1892
1488 3789
2379 1903
2470 3865
2304 1638
1127 98
2486 2803
4890 1159
2038 4511
3768 976
274 1228
2760 4031
944 1366
2134 754
1769 4751
4643 1132
297 3256
1608 3449
4826 2937
4381 2881
1861 2384
4270 2251
3110 3640
2295 1752
1427 3706
2915 4636
2206 4462
482 2767
4034 1660
2128 663
192 1867
3740 4799
3185 3629
1100 4251
2007 4879
3472 1417
3960 2938
3237 4553
293 1648
4719 1679
4217 4371
4570 111
1625 4543
1048 3553
2376 1368
3810 3952
1419 2076
4645 3105
1137 2432
3991 4617
2515 4794
1626 3401
3201 3165
554 4139
4152 4563
2024 3496
4237 2742
606 501
925 3041
2455 4128
2697 3031
4063 4473
1716 2252
4817 3282
3751 2034
3019 3134
465 2374
193 2457
3832 4567
2126 1217
4529 736
1699 4257
4136 1590
4120 519
4936 373
4417 4051
1493 4375
559 175
2729 617
4058 2660
1227 699
1837 4007
3451 3439
2416 1169
1315 4307
1645 4395
3462 3127
1800 2156
115 1990
3052 589
1176 774
3158 4505
1640 3835
4475 2586
1711 4164
2162 1860
431 4097
3676 2833
505 4809
2079 1793
925 613
4998 4294
98 1810
6 1720
4976 4191
764 3252
3993 4035
4861 1546
4892 4634
2436 2685
2049 3671
2285 3383
4865 1988
1151 2529
1397 2630
3155 255
2280 771
4547 4605
3748 4010
645 1460
3848 691
4581 1834
2249 790
882 2374
1851 633
2386 2321
2690 2381
785 171
2959 4873
2252 2455
750 2898
3764 2694
3208 4615
1417 1061
2305 4763
391 4341
4399 4260
1061 4410
4819 2763
4467 1354
856 1908
3537 2610
2253 2330
2382 3506
1362 235
2121 1165
1738 147
4424 4680
4537 570
1725 4643
546 1411
2252 4792
3681 2338
3667 2868
323 3935
3303 377
3224 2389
3123 3195
125 4819
598 49
2070 486
1019 2301
4828 2790
3905 2413
2738 154
3978 3271
3642 4484
477 155
4156 1459
4155 203
1220 3750
228 1336
2176 4767
2665 3301
2282 3488
1 3868
3483 3244
2434 3422
4077 4303
4036 3276
4742 4723
4286 2291
4337 1484
889 1804
3636 4928
1044 3537
1924 4759
1139 3704
70 57
2467 4234
3917 2094
4849 4244
2239 3867
1472 4852
3194 188
510 3103
4494 798
2534 962
4619 2615
4824 1554
3278 690
2730 2580
396 3941
506 2622
4513 4940
3354 3192
2757 3573
1569 4286
2800 3916
3186 4811
3813 3450
181 4975
904 2519
2859 4680
3312 2167
2620 2790
4076 1115
4865 3508
3414 3354
3374 4742
545 3749
1635 4722
4774 3664
1412 2175
3129 2982
38 2205
787 1864
1289 4631
4829 92
2008 4364
2160 3414
2757 3261
252 4998
2289 1306
1648 2887
4709 1215
2167 3633
1396 1681
50 3004
2330 4465
2879 2947
89 1864
1222 463
3796 1460
4091 4702
2219 4765
3395 4182
2783 254
238 3730
1960 4714
1757 1637
3929 2847
1522 865
1986 2958
271 4846
219 2079
4512 2637
4339 3849
4639 2969
892 584
4229 3305
2066 1122
4765 1696
1710 1398
453 3215
4960 4595
3305 1865
2810 1748
785 1953
4609 1163
4413 1341
3713 1748
2203 2892
756 3917
3665 4845
4137 1216
1191 530
4163 2729
1300 3145
1273 2811
1885 3870
3956 317
4832 4230
4193 3731
4081 1083
4181 1738
2306 3789
3410 1125
4383 3427
1690 3517
2211 3010
2681 4377
1544 3677
753 3591
3574 522
2569 3183
632 4399
4187 4881
1446 974
4691 3246
3880 4854
1566 789
4460 3012
566 3753
353 4948
2717 1290
944 1206
521 4068
869 2127
302 1473
1623 4899
589 483
835 3993
3439 1258
4812 857
2527 1136
4658 850
2937 1748
161 4667
1060 1002
1743 740
3421 2759
410 1779
1678 4851
2119 1662
4077 2956
1892 2459
2188 1294
793 3550
1167 2243
845 4507
39 1202
4228 786
846 3350
4796 3600
4874 308
1720 1100
4523 4386
1572 1790
1252 1853
4863 4617
2165 3445
1213 2918
3869 3526
3817 177
2038 4796
4122 893
4402 2592
3461 4915
2434 1048
3510 1571
2620 2581
3179 2832
4905 3059
4847 1589
2122 2574
2045 603
1284 1479
1300 2183
2524 4666
390 945
3794 4211
91 1244
955 3993
1016 950
2837 1100
3988 2245
2833 1333
3500 2536
2447 1972
1091 4746
1060 4686
116 1731
2025 2068
1500 2575
2545 3195
1995 2626
1457 1014
2298 4232
3513 1135
3175 2922
974 162
4168 926
1500 1888
4983 1864
501 556
496 4613
1927 313
4495 321
1051 4010
1812 930
3472 2728
4521 1454
3759 5000
2186 640
3339 4391
3788 4039
718 3463
1067 3439
191 2541
24 1763
3116 2221
2074 1991
2780 284
1055 4143
2154 713
2399 4811
4951 3178
3520 568
1570 2200
1090 591
1778 2296
1750 914
3409 385
3494 1766
3351 93
1466 4508
2689 4754
1813 698
2289 3159
2221 3302
869 2046
4979 3528
3284 3621
680 3506
29 2140
3880 3015
4019 3274
722 4443
2543 3969
1590 2397
4134 1345
2783 2067
4600 2427
1984 3355
1362 2082
1539 3777
1313 1957
4557 931
167 781
3667 1048
1792 648
4798 3609
2393 1262
921 2369
2158 4188
593 3543
495 3484
3638 4697
1819 4076
4283 3995
1102 2132
4963 3562
2392 2416
3177 3219
1830 3725
3679 875
1760 4424
113 959
3122 2751
3164 1371
3846 901
1722 4430
1582 1680
714 2740
4629 3192
2175 2922
2989 1947
2091 1465
1022 4600
2285 4908
2611 2165
97 1790
753 3108
2657 3687
2001 1315
3439 1800
3796 3900
2441 2733
3784 798
4929 2055
1795 1894
1526 59
2994 46
2936 1810
710 2286
1963 2938
489 96
3412 2339
724 4007
3037 211
4190 383
1419 2422
2649 3355
1187 3934
4414 4723
4757 3065
1891 2619
1248 3706
2132 437
2962 2882
1374 673
2846 589
2659 2982
1435 1043
1899 4165
1413 2961
2919 2762
4061 1165
1786 1727
2508 4503
555 3317
25 191
3608 3392
665 2941
906 4988
2649 3377
2293 2380
618 740
4460 759
48 1476
4760 3915
3022 690
1460 4522
4763 4227
1664 2123
533 961
1086 3527
2572 262
2722 1643
3402 4938
4997 2111
60 2989
101 1438
4676 412
1501 1437
4671 2490
2380 716
534 4920
322 4525
4995 4863
2646 3686
662 2576
2861 2202
4135 25
4391 3895
1320 3270
2434 3055
2362 554
4602 3861
285 4103
4927 296
2570 995
13 239
2629 3154
3993 4932
1481 4553
4408 831
760 1735
369 2108
1870 2242
4975 2088
4571 660
2383 3846
3843 285
2224 3111
1504 1526
913 54
4572 2148
2862 510
3602 328
1936 4372
4965 4839
655 3588
2312 1005
1268 4311
2399 2759
4207 4243
3611 1761
1585 3809
3747 2596
169 339
1178 3079
2036 890
1996 4318
1710 2539
3915 576
2451 3123
648 2275
515 133
3283 3243
2913 2053
2249 2183
3026 1726
4372 400
699 4014
1187 4513
1165 3733
3197 4539
3729 1565
4599 1708
537 826
470 982
818 2925
4431 3593
3844 563
4900 3175
651 3408
1885 4377
2413 3002
4818 3322
3519 173
3966 2209
3838 4329
3612 3885
3411 3104
656 67
82 4926
3573 574
2690 795
977 1335
4385 1202
893 2010
1918 50
4242 3634
2048 2110
2788 900
4903 1420
1264 2305
4453 13
352 972
3940 2091
1424 1579
163 4072
1583 3403
4504 4760
1269 3610
4586 3453
1545 1917
1718 881
4595 2093
2665 2673
1779 865
1853 843
2151 2036
3876 3428
2597 278
4297 2418
672 4399
510 109
4068 1269
4328 411
4998 4280
3669 3264
1517 3967
1841 2847
1525 4620
4591 913
71 4299
2947 25
3044 3088
3866 3857
142 1224
4849 2885
4898 379
777 2153
2018 1895
2750 4077
4072 2568
2058 1144
2765 3233
3388 4012
1709 995
2149 2295
3011 3915
3093 2176
3039 2208
4820 2943
4637 2539
2353 4936
3985 741
3984 3921
577 4200
4257 1761
3610 385
2146 3786
188 4156
544 4299
3858 162
643 4009
2205 422
740 2812
1420 2860
4375 417
1650 2123
1645 233
843 1991
588 1205
2890 1896
3198 3321
3840 3386
2682 3565
888 3235
639 2101
3061 3626
4601 4491
2655 2203
3597 2560
3679 3376
2577 2717
748 1503
1458 1326
3805 4994
4351 4399
3419 4101
1386 2555
1339 2451
3187 4469
1942 3751
3169 2585
4819 1383
2570 4229
552 3136
4042 1368
4282 912
4352 4336
1740 4793
1300 1984
794 2192
4557 2358
1727 3625
959 4691
964 2740
1928 669
4364 4913
733 4840
1088 784
1246 3799
4840 1092
1217 3808
2148 2059
414 4405
4557 493
1196 2947
2746 1024
2317 283
389 198
2710 757
4428 3952
3727 522
4911 495
822 4821
4565 2170
3488 4594
3031 4182
3126 1520
1710 2170
3127 1923
2156 3185
3359 1309
960 4545
3114 810
3349 3942
3604 1821
2039 4423
