20 192 30
2959 2323 11
3777 2753 11
2820 1467 4
1897 4162 1
1025 78 14
1173 2572 13
741 4494 4
975 4781 18
2841 4489 24
2120 2863 18
2225 2733 11
2301 4144 26
4414 1093 11
1428 350 12
4894 2498 18
4348 2583 22
4597 1592 15
4863 4181 5
4943 2721 25
4956 2964 23
2044 3531
4765 857
3857 971
2399 3528
2067 2677
1993 3784
1175 1673
3568 4079
585 1737
1774 2977
1617 4869
1425 1518
3635 2854
1937 866
919 1830
2136 62
4032 4864
283 4462
2672 4036
912 4108
1246 945
385 1460
3123 2932
3110 2712
1534 820
4632 3402
1982 3266
3991 2332
1670 566
335 1525
2464 3578
3485 3877
937 2435
286 1416
1238 3107
747 2266
2648 692
999 1129
2055 3025
1950 1265
3382 4633
2094 3787
2765 3852
1092 1156
3465 925
4782 905
3242 4336
3468 4992
4784 4400
2763 104
536 616
308 4834
2554 4459
2158 3739
1765 3099
694 1022
3997 303
152 2267
4233 3774
2711 4731
1535 866
4453 2095
1711 770
3251 22
1581 4619
478 4294
1506 3126
2878 4058
1797 2430
2243 1659
3508 2095
4089 526
1164 1854
1964 4778
3476 1410
2800 4079
4339 137
1098 4602
4804 3259
3531 3755
3222 51
353 2277
2750 1016
925 2449
4011 3322
4582 3751
1903 1679
4184 3722
848 2539
4506 858
1978 3831
3153 4949
69 998
574 3973
3404 1958
2441 3680
725 3403
3833 4753
208 4394
4517 231
1073 161
992 3381
4921 1764
4530 4602
1876 725
4154 15
3683 1596
169 2554
3498 1352
162 3301
709 1565
4359 3519
673 415
1575 358
1300 2221
4112 206
3926 782
4563 737
1607 2453
2937 2858
3767 4226
1877 3023
4610 4863
4922 3819
277 2399
2934 9
3972 2826
3399 3527
4382 447
2688 4419
1535 3969
2204 2713
3245 3715
1802 548
4542 311
2734 1567
2782 3994
900 3968
3468 3295
192 4107
1796 2894
2838 4900
4076 2190
3402 3241
223 4633
233 3249
3820 4558
232 51
2496 1634
4261 3051
191 2509
2535 1314
4717 3831
4986 4493
2676 668
3911 4455
980 343
3904 407
4003 1304
1926 52
2040 2287
217 3391
3298 3312
3361 2851
950 265
315 4544
4742 950
2327 4091
3113 1515
3409 1575
3749 1363
4119 2093
4925 382
1093 1776
4281 4175
3839 1439
2470 3389
3118 314
4735 1372
4696 2752
147 2616
2283 3508
4000 1543
3732 3197
2116 4244
1025 1474
4442 4235
2928 2169
1151 485
4373 3311
1808 2202
1878 2664
