100 495 30
2136 3926 23
2742 4392 26
4639 2145 27
3497 3000 28
1115 281 16
4815 4289 2
2979 3908 26
1401 1971 9
526 2861 29
3904 1178 4
2999 4215 24
2126 2109 22
1515 4828 6
3063 521 30
4325 943 9
4572 1523 6
4859 3052 22
420 3756 27
2195 4816 20
1272 201 11
193 2372 16
2484 504 12
4327 3392 23
522 939 13
3835 3923 22
3807 326 21
945 2432 13
1620 4091 26
3088 3731 27
1965 4363 21
3991 3584 4
1481 2646 23
1240 2568 18
4231 2713 6
688 1120 8
1067 4294 20
3777 2832 16
3192 3380 14
1061 335 20
4348 4591 4
3500 3180 9
1104 2723 14
1930 4833 3
4605 2022 27
4761 1331 14
3705 668 8
4875 3601 26
4669 2762 2
4877 2481 26
3075 884 9
4801 1825 11
2944 3178 17
1180 4286 3
3827 823 16
596 1597 13
1853 2164 4
2539 512 17
4069 1866 29
3918 461 4
3387 554 18
2327 4433 9
1825 254 18
4574 664 18
1411 3836 17
3029 3275 2
4059 4054 13
3045 2009 19
2601 1576 7
101 1494 1
4603 3758 16
3580 4862 7
4502 646 24
4829 2467 4
1777 3520 8
3325 2095 18
4413 2312 10
173 2940 13
2024 3593 7
4516 3437 18
84 4445 2
4571 3569 5
852 4713 26
993 4772 25
84 4325 8
456 725 17
3131 4608 5
2551 1863 3
3417 14 7
2236 1149 27
3755 1459 28
4289 1638 1
340 3440 26
3469 986 18
1126 1844 14
52 522 1
737 2767 8
4949 1715 29
4783 3645 16
1367 3537 20
3027 906 4
164 639
4980 3328
2245 3638
4932 570
1614 1947
135 581
3102 2206
4967 2614
3373 2873
3367 1945
228 726
4069 2230
929 306
3581 2306
545 4565
4194 3221
374 4818
1212 4813
4037 1384
3108 1705
2896 3744
4605 2361
4961 3356
2929 1175
4224 1887
3938 3276
1335 456
4015 1907
4543 979
2436 478
962 3078
2097 2966
1482 3822
3031 2841
2755 226
3281 3815
2992 2372
1400 2317
2630 3767
2234 2653
1379 3734
2559 2860
1453 2753
4109 313
3555 4745
168 1931
3708 3786
2421 1727
3575 2340
4359 1782
1886 1357
4484 235
3391 3326
4837 4797
188 3944
2636 4843
2851 1730
3017 1938
3147 2161
2687 185
4666 175
3219 3651
3184 114
2685 2883
3570 4474
3453 1595
1432 3051
782 1783
4562 4669
2891 554
2384 4217
3213 1307
2205 3539
323 1926
4004 2907
4324 1
2747 1029
3755 3082
4097 3626
663 35
1755 3065
3290 2305
3390 1161
781 4073
1908 1163
4880 843
4280 2396
1560 2251
4718 4315
3522 4089
2387 2508
417 4392
4951 848
178 191
1207 2815
3433 795
1497 4104
10 1492
4004 2159
3547 546
3328 783
33 2715
2988 4896
2067 4501
1248 790
309 2012
225 3830
2381 3695
3351 2406
3762 426
4238 2819
2628 4212
528 3873
3804 136
1807 2053
4843 2898
274 4198
2169 3671
2939 1044
3983 4765
1120 764
1992 1035
3385 3215
1904 2661
285 858
3451 2184
1714 2991
403 3123
965 2225
1750 4602
2432 3996
648 135
4327 2559
3437 2448
3829 964
124 4392
3273 4484
551 2813
189 1701
3412 3404
3153 2610
778 253
3183 2103
1152 3443
1355 1906
2718 1541
95 4625
3943 1042
1474 838
4473 2232
3161 3134
1791 1485
568 4506
744 1023
334 740
4865 1444
4726 1809
896 4330
2538 3752
2474 2515
3077 1997
4810 4885
1635 3139
4488 2412
2733 1975
1393 4972
2073 1701
2945 2292
4122 3031
3989 2034
2394 1386
3153 3534
1968 578
3999 3955
664 188
31 1005
2697 4795
4122 3762
2607 2324
3432 4843
3924 1965
1885 4679
3905 1827
2682 2868
4014 4130
2721 87
4440 2850
3196 4963
442 4548
4916 2129
1486 4306
3562 1492
1201 254
4265 3953
684 3199
277 3539
4958 2707
1502 2113
4764 1470
2840 515
1614 2629
2837 4813
1203 813
2309 3604
4868 3665
1547 3934
3814 3198
1872 4529
3053 3914
2162 1172
4304 3831
2214 3286
3148 1101
4791 2053
4569 4799
1346 4525
1284 310
873 4851
1913 3732
2543 4307
634 2737
189 268
4732 2543
3867 4440
2404 1418
331 2882
4358 431
4780 4157
2738 164
4683 3098
149 19
2786 2875
3801 312
3594 4527
3870 4240
935 2999
2250 610
1619 2469
1162 759
629 4002
2940 2069
4313 3525
4370 4964
3865 768
2956 3621
3348 179
3463 3338
1481 4996
1992 3562
3927 810
1605 91
4075 3066
2404 3295
4155 436
2640 2703
3261 3191
284 60
2512 2276
2786 4884
2404 22
772 3168
1590 1588
4808 4382
4862 3468
4479 4954
968 4352
3406 4983
3339 3840
1839 4969
1058 3751
4350 3501
1159 407
870 3306
4534 4701
624 3234
1456 3165
223 1991
1985 1693
4519 3211
1345 2866
2102 3633
4768 4981
2781 2677
207 4743
2479 1371
2481 2753
1811 3011
2412 1653
2333 647
3845 1703
1160 3237
4863 1367
4750 3515
4393 843
2175 307
3065 909
1526 2048
3923 611
3352 1214
1200 3170
3518 3521
1259 465
2323 3266
3007 3613
21 4019
4552 3802
182 2619
1744 1353
4630 890
2084 2820
2142 1837
3431 3972
832 160
88 4218
3268 3102
2595 2806
865 501
2009 1833
1449 4477
2113 1071
4492 3105
2385 3544
220 1644
4813 3032
2857 3538
1713 4888
1510 4927
2340 2396
176 2488
132 99
3826 2470
850 4959
4259 4975
1596 1274
1945 1502
4 4293
2592 855
45 2
4784 4694
2859 1593
1981 1997
4748 4989
2380 253
659 3
1242 3074
3691 1290
2191 567
4933 1614
2040 1187
2828 287
1322 4997
3987 4787
1330 2710
4959 2029
2295 1112
3693 4403
3771 3007
3183 3947
719 561
1906 2701
3611 1891
4451 4446
2452 410
1395 4065
1135 4382
890 3717
3609 2471
2411 1309
3027 1162
4655 44
407 2681
337 3293
1447 4980
4174 1224
3379 2370
3417 4869
1971 3498
281 701
2070 1043
2527 1353
2426 111
984 937
2759 2149
3994 2390
4281 4486
2360 1884
2925 478
1010 97
830 580
2462 365
4322 1920
1676 2725
1416 475
43 3050
2382 269
1776 2043
3834 55
4802 2294
4792 1042
3815 463
673 1915
3692 1619
2508 3897
1158 1846
4434 1830
626 4878
264 1804
4291 1172
3800 2772
3074 49
3878 759
303 2078
8 3062
773 2104
4967 2867
68 2412
948 546
4055 3985
931 3902
4833 2667
3438 3138
3 757
1859 4394
3660 2275
380 4056
3178 2167
4268 2733
928 3663
2446 1830
987 4673
2884 4594
413 669
31 1
1160 2216
155 3757
3537 444
4858 3491
3338 868
1449 754
3516 4739
2166 1558
1616 2673
4143 1459
3277 4101
3466 1617
3892 4127
3047 3605
1561 1549
2900 245
109 1227
2318 1268
4362 754
4841 850
44 1995
442 772
3435 4992
367 4513
1459 2475
447 4345
2013 3021
1045 2917
3795 861
1381 107
2754 809
513 2554
1653 4190
4856 580
1929 3467
4475 1825
173 4673
1767 1197
3250 3081
2941 545
3491 2116
1734 1877
4718 4416
2969 4808
2505 1165
3176 3357
2060 1635
2324 3041
4546 1179
752 4086
2047 1718
1648 3053
479 3807
4777 3352
4726 4903
480 1733
4801 2949
4950 4029
3357 978
1712 933
3350 4441
2613 3894
