20 198 30
1152 2074 25
3766 3823 9
3923 4236 11
2835 3369 26
180 2036 17
2317 3892 24
1901 1882 1
1453 719 8
3281 3556 15
489 1047 30
1775 3554 9
3034 3981 23
3435 591 9
2607 3383 17
3501 3162 20
1250 2355 28
4403 3882 11
3710 2473 1
4275 1231 1
1407 2081 10
2969 3865
4863 2833
4703 4118
1422 1120
2486 2744
1695 4803
2540 3660
3350 2912
169 2201
996 1308
2502 4775
796 3664
765 2306
1832 4109
115 1179
4948 3939
4527 2982
2178 1543
956 2346
1474 4611
3392 4695
161 632
1986 2221
3580 315
4240 2916
1670 818
884 4091
356 4681
3528 167
1014 1113
2204 3668
1891 869
4542 114
4820 1886
3879 2145
1452 548
566 4487
232 955
1360 3313
1926 11
4792 4802
1003 730
4796 2709
452 4124
1130 2566
1810 3454
2794 4017
14 3416
2495 1287
3858 3978
4413 1110
4495 1711
2316 4012
938 895
3046 1212
468 4275
2634 1565
2308 2677
2683 3615
2735 4784
4150 3649
2828 203
2464 3385
3402 3784
958 846
981 973
4418 3211
4900 4171
4402 66
1211 1154
1911 3447
3918 3777
2119 39
3973 3392
807 660
1894 2179
2161 3927
83 4391
4643 4882
4417 3130
4534 1830
2358 4501
3630 2224
1051 3118
2102 2021
4357 1838
456 2695
4076 2580
4441 4524
4313 3089
4945 4023
1298 2443
2753 2496
2545 865
3802 4627
4597 1042
3564 2053
3829 4904
3652 3663
2986 864
4301 3386
3983 3201
639 188
476 1342
3786 4180
1837 1137
4483 987
2252 1957
497 2295
3259 3151
3733 153
805 4369
1816 681
1827 3293
1922 4522
4550 77
4020 299
4116 1130
4481 2131
3632 1329
2361 649
2247 1304
4210 3066
4552 3534
908 3501
3426 2523
3415 4897
3868 3908
2025 2383
3457 3805
363 1879
2718 769
4525 3600
169 2998
2158 1723
2145 1694
2552 337
189 1415
1214 4335
277 3807
4963 3811
1530 4001
616 4599
2049 1962
188 4776
4120 1782
2874 1845
1878 1633
786 4049
4179 2036
2275 1407
265 4671
298 4511
2239 2871
2281 1012
4438 3999
2879 958
3246 595
3597 1021
749 3567
4714 1331
1967 4118
4348 3081
4881 2648
697 4392
1429 1933
1386 2274
24 157
4333 1636
1577 4001
200 468
2870 4322
3615 4503
3757 1806
888 99
189 3468
4241 3071
372 15
2505 751
2567 2628
1903 4305
4587 1737
4936 4983
2134 3093
2176 4741
121 3673
2237 2802
1157 2895
149 72
4700 4286
3443 4066
737 3547
3968 4822
3840 2734
210 2937
1753 2492
1124 1865
715 4924
