20 240 30
356 468 19
45 500 21
363 260 3
487 337 28
73 456 17
412 437 19
463 430 28
442 29 21
72 432 5
261 34 27
388 427 25
48 496 24
48 350 9
467 301 3
321 394 18
44 448 30
347 463 12
58 64 17
37 338 23
366 269 9
371 132
352 373
273 263
489 331
159 122
92 200
187 87
462 140
250 403
314 343
207 474
416 335
227 327
293 200
379 15
389 119
175 256
133 360
210 118
477 437
44 8
168 221
89 61
179 323
3 390
376 309
349 467
141 269
320 405
21 142
271 385
97 249
271 146
57 410
304 2
31 300
353 253
346 100
146 428
69 477
335 92
336 215
43 341
72 164
125 328
343 132
248 248
73 441
147 243
433 282
246 361
283 276
260 60
46 462
143 84
41 85
371 130
252 105
453 444
405 215
39 282
67 377
349 329
205 120
499 335
181 203
28 242
407 237
298 289
461 179
302 469
489 452
401 10
258 192
445 189
308 485
106 148
133 383
296 206
415 412
14 289
64 379
305 180
18 102
438 263
24 51
210 163
255 365
334 272
218 240
55 63
369 375
378 196
391 474
206 81
242 467
104 330
172 345
491 328
233 446
163 53
240 29
359 478
375 461
288 301
269 235
412 286
480 239
79 333
241 412
451 339
390 95
260 66
324 333
52 357
400 90
394 384
23 320
206 136
339 255
236 99
330 117
414 422
309 254
434 222
452 63
414 436
88 378
76 433
306 432
237 223
274 495
458 189
73 255
482 378
340 373
122 35
413 401
131 114
109 203
454 306
490 213
160 254
495 490
87 261
153 141
451 195
458 265
343 274
298 324
255 41
284 419
101 212
217 375
297 50
198 433
168 345
285 394
269 317
186 86
96 129
492 275
491 458
301 1
468 90
413 143
279 340
394 15
24 410
404 283
218 100
241 393
275 215
112 247
359 159
321 215
253 98
113 293
423 55
217 201
305 466
30 78
383 86
25 160
485 350
356 415
49 72
467 148
410 411
52 264
428 69
252 350
35 121
307 209
367 349
306 152
438 59
489 303
83 211
360 135
185 271
83 232
209 139
269 110
454 383
314 131
42 376
358 272
346 79
328 233
410 292
391 158
104 76
358 2
80 438
203 267
161 378
410 198
369 330
21 276
37 422
68 264
256 1
39 111
109 292
485 314
350 483
331 456
219 66
163 336
222 257
150 102
426 44
387 307
9 436
498 35
381 495
130 244
250 399
144 20
