50 190 30
405 542 8
286 193 10
648 926 4
732 304 7
633 621 9
510 193 5
730 703 10
51 358 9
767 540 5
815 304 7
184 683 4
847 175 9
444 614 7
889 973 6
122 514 5
554 887 6
626 632 3
323 917 6
788 623 4
243 196 9
836 706 6
139 92 10
643 494 3
548 637 4
753 495 4
526 273 5
710 306 5
610 178 1
786 435 4
278 807 3
249 672 6
248 363 7
780 299 1
603 434 8
145 678 1
321 916 3
544 730 3
841 159 4
123 877 3
30 141 7
945 305 8
763 154 3
283 270 10
81 977 10
770 890 5
787 870 5
679 759 1
3 697 7
67 376 9
18 679 3
435 665
91 254
349 345
648 865
305 315
563 50
167 492
144 29
650 407
593 774
854 742
719 898
755 563
659 741
405 926
150 530
175 79
133 909
797 679
316 462
83 144
945 804
350 663
533 309
637 506
289 72
327 818
273 895
78 794
841 373
786 460
4 421
707 157
150 636
951 199
311 589
417 100
318 206
650 392
503 140
215 423
557 735
869 200
468 853
114 694
414 871
595 215
547 289
394 126
492 782
450 386
340 512
227 799
638 418
976 913
434 341
810 790
936 529
938 313
348 856
429 98
52 46
560 645
48 747
155 436
603 182
335 86
91 90
397 234
923 111
26 89
230 74
496 382
955 33
806 79
39 35
807 622
97 102
990 547
931 433
811 71
955 234
938 978
565 259
852 864
74 877
814 130
882 400
549 247
523 511
472 265
754 939
613 41
183 482
342 588
381 336
946 38
406 855
530 507
983 48
315 747
1 840
748 734
456 432
237 906
659 714
224 969
223 951
761 511
565 693
941 936
661 305
140 945
202 950
967 978
872 282
645 783
849 128
667 670
770 241
930 764
170 625
257 124
426 252
721 133
248 684
292 381
481 642
250 718
265 765
77 478
780 904
920 69
328 751
299 755
343 719
637 799
460 949
991 686
897 331
186 579
220 144
29 719
587 520
326 445
919 159
788 252
162 796
328 341
335 957
761 692
903 851
582 827
256 14
637 563
38 116
956 53
81 757
728 380
624 937
120 892
931 231
335 307
962 916
902 379
561 776
644 462
981 326
702 50
130 85
448 526
768 516
391 991
824 441
808 938
598 115
596 605
107 900
228 75
979 833
516 273
939 617
578 409
96 347
11 261
910 298
624 856
291 808
896 718
917 625
