140 1354 30
355 132 9
229 453 21
77 220 28
462 330 13
61 56 5
173 343 22
109 373 1
342 91 19
436 203 3
21 165 2
273 188 4
326 492 2
59 375 10
177 362 25
48 225 14
421 152 7
53 284 8
310 362 13
26 298 25
41 335 2
381 331 12
95 198 28
473 352 17
215 462 23
30 184 7
216 50 24
218 8 23
303 122 19
346 150 24
201 207 21
194 484 10
267 146 26
494 271 11
264 191 8
316 447 22
263 6 8
204 155 11
155 110 25
44 199 11
384 317 17
356 282 5
177 492 22
60 62 26
190 228 26
204 84 11
163 145 9
465 278 4
374 198 28
423 490 6
163 15 4
425 133 14
314 305 20
91 124 6
202 52 17
390 49 22
274 58 4
67 141 24
46 327 3
272 148 15
331 301 12
44 329 29
309 489 23
391 421 2
425 420 16
425 488 1
353 254 4
489 434 20
404 383 19
142 466 8
163 196 7
125 314 6
444 17 23
90 168 28
390 112 12
457 23 27
87 250 26
13 276 15
474 11 12
468 106 22
452 73 13
318 323 2
102 182 6
44 307 7
303 350 3
192 132 23
210 329 22
236 335 6
319 18 4
344 397 12
17 62 22
400 222 8
173 248 26
47 346 23
110 466 26
351 292 20
21 284 7
453 230 24
120 183 10
91 37 16
198 491 2
24 46 17
187 273 12
488 353 6
379 319 4
106 270 11
160 249 17
383 227 18
28 181 16
469 213 8
133 339 6
355 47 17
188 350 17
257 246 27
124 228 23
15 161 12
29 173 14
436 141 14
200 371 20
404 415 16
179 294 19
437 208 1
278 427 7
91 123 24
265 279 12
395 143 28
177 384 22
303 289 28
120 269 4
171 478 5
484 298 3
179 28 25
372 193 30
396 456 4
237 277 12
495 313 28
466 381 20
406 224 1
180 396 6
371 395 5
129 422 30
272 103
233 115
209 330
112 411
185 170
30 279
293 400
236 266
200 158
205 73
261 26
82 462
197 442
190 354
76 331
138 85
104 422
423 452
218 447
273 171
422 311
395 311
19 56
311 383
170 244
469 396
378 400
315 262
123 107
281 251
4 138
482 376
409 381
29 89
468 490
273 337
115 257
149 323
22 89
103 194
119 447
444 100
313 425
42 353
155 386
462 197
473 288
67 400
79 273
486 387
362 114
376 426
93 167
86 271
216 292
105 33
450 56
62 394
132 182
319 158
399 100
413 215
271 308
432 387
500 284
83 44
367 362
336 99
220 451
27 492
19 208
225 371
170 286
400 425
302 230
76 103
274 410
248 108
156 286
264 372
370 184
414 11
349 48
36 267
11 410
217 392
27 72
340 244
413 73
40 274
272 268
359 87
435 268
88 153
34 146
172 91
101 208
112 482
309 375
456 366
128 346
27 113
18 358
102 231
285 212
403 325
132 15
383 43
339 219
9 232
71 83
415 141
273 453
324 282
495 43
59 446
205 310
401 261
314 33
70 481
288 460
396 390
485 23
307 219
311 487
349 481
230 421
209 156
321 178
201 265
493 408
377 463
26 158
426 140
315 336
123 239
253 447
56 210
228 421
23 176
226 26
126 221
380 195
383 408
260 145
31 371
304 453
234 38
23 26
345 349
327 98
17 14
95 303
26 405
366 418
432 262
148 457
485 358
232 54
438 348
171 92
106 341
114 186
245 244
485 69
303 160
270 337
193 434
267 212
427 432
462 379
121 75
191 359
278 65
102 239
483 78
52 476
130 380
413 107
359 56
257 335
349 179
112 499
69 318
24 56
265 218
293 445
361 33
430 341
146 353
448 460
160 125
180 26
376 448
32 286
228 235
404 66
38 347
100 338
114 476
351 226
58 190
105 342
47 277
1 281
316 444
103 273
345 12
302 150
412 389
390 284
318 478
448 145
302 187
413 111
102 431
167 292
381 241
340 35
359 274
274 287
420 46
336 305
485 445
186 182
399 213
454 487
263 256
182 81
379 451
86 308
239 379
142 31
264 50
429 250
115 436
287 271
53 350
189 261
197 165
123 360
412 64
262 249
108 331
451 180
317 137
386 44
120 173
246 235
44 444
283 461
120 498
321 429
137 447
175 252
431 409
354 464
45 145
20 382
448 399
36 162
52 396
269 224
126 7
488 347
94 16
379 194
18 427
436 462
211 477
435 458
33 260
478 235
249 234
455 43
219 427
192 451
454 132
399 202
491 342
65 255
161 123
168 74
357 122
178 230
319 6
129 52
229 386
426 401
453 419
403 398
278 133
457 45
14 9
437 85
26 372
308 310
242 353
230 261
228 484
404 496
413 97
267 81
20 176
174 36
95 206
424 362
441 329
269 71
19 475
354 361
422 335
167 22
117 150
381 226
70 270
40 85
385 451
206 160
350 242
383 432
445 171
164 301
276 74
467 453
362 119
173 156
371 462
247 436
289 159
195 174
431 115
335 480
196 375
353 303
153 91
171 86
217 118
153 481
283 420
92 120
493 158
386 55
180 213
188 126
454 274
309 217
32 3
356 309
46 183
330 150
210 446
429 281
467 353
315 119
492 110
174 472
485 299
278 21
97 94
424 78
18 220
374 359
100 121
85 9
190 43
4 430
141 420
260 234
115 354
399 257
275 205
119 333
276 46
12 174
49 224
401 206
185 462
339 362
410 74
387 131
278 50
86 369
248 132
95 345
466 438
82 29
32 398
62 328
138 153
102 199
186 5
73 150
478 190
460 285
177 41
299 369
352 36
149 233
188 241
108 66
77 183
56 134
83 414
476 454
107 382
240 235
146 56
59 160
118 213
285 96
12 40
56 260
253 265
188 472
464 101
57 382
378 12
83 251
409 419
13 116
131 172
482 186
342 243
414 142
91 482
202 302
396 453
128 209
49 118
283 450
442 162
172 87
146 198
485 194
61 207
52 385
400 210
324 239
96 141
425 21
150 311
15 189
6 135
210 154
277 259
211 81
491 362
13 3
267 152
288 125
118 422
415 346
340 122
364 267
343 326
28 172
252 419
39 153
122 235
114 327
333 244
65 421
277 95
411 75
320 94
431 196
306 448
484 216
493 56
431 157
302 360
97 247
282 338
447 17
76 479
13 153
6 407
289 213
340 30
437 285
99 134
418 56
497 76
20 236
303 460
140 314
226 155
124 80
353 161
243 199
177 354
112 264
194 192
122 500
399 486
126 165
26 242
16 125
434 245
47 154
459 294
172 42
470 86
245 104
153 54
284 126
24 133
47 7
160 371
163 404
330 482
402 450
296 262
132 496
363 357
27 28
262 191
301 349
174 404
88 18
217 423
129 142
87 174
232 252
268 467
407 254
192 462
213 356
87 460
405 378
104 270
284 413
477 134
160 491
109 393
423 384
183 331
449 343
104 356
199 304
248 433
125 284
251 147
260 451
385 189
247 273
250 232
117 278
237 319
331 169
216 279
492 291
302 88
245 74
169 34
290 277
96 493
139 377
120 456
478 272
424 132
182 476
24 170
386 380
150 376
59 340
43 382
280 38
1 376
22 12
365 75
210 39
195 331
251 35
280 357
376 494
263 446
123 97
261 9
124 358
479 301
280 52
416 306
156 362
89 325
492 342
93 263
410 81
492 39
403 250
285 324
167 204
262 55
441 450
250 240
189 216
68 476
83 91
282 266
31 494
325 199
444 489
199 434
192 95
193 20
163 56
407 90
258 67
273 143
450 402
161 469
40 425
458 155
136 319
347 255
445 199
498 231
305 338
430 446
289 243
441 459
349 336
296 54
57 155
437 129
165 415
275 168
7 145
226 470
405 192
319 444
200 295
373 424
334 494
235 379
342 115
411 366
21 101
468 19
496 468
163 98
225 109
184 89
363 62
357 102
271 104
219 372
408 63
237 310
247 339
497 92
37 459
148 141
474 279
321 35
488 324
453 19
420 476
323 274
186 251
42 126
65 2
372 294
22 154
143 398
330 11
494 26
49 424
312 180
68 339
399 285
337 343
53 416
394 484
66 441
212 202
443 245
483 244
280 238
180 207
446 426
395 313
378 192
25 90
402 321
471 80
360 423
498 60
422 385
137 333
64 122
233 152
52 457
492 308
292 461
482 481
428 34
399 219
74 494
115 424
233 315
475 185
213 324
460 182
272 436
376 121
35 228
384 1
420 377
80 295
352 363
234 448
445 287
374 9
100 467
470 442
238 356
313 264
286 41
424 74
360 165
186 391
270 307
128 232
75 42
136 366
170 358
428 258
227 328
222 38
378 200
440 134
117 343
254 252
358 146
251 39
104 468
200 163
291 444
27 43
58 320
251 238
320 181
416 300
290 234
199 186
201 198
422 437
3 428
319 219
106 36
233 473
199 366
100 28
96 423
419 469
321 225
320 86
430 15
385 422
165 391
303 85
354 307
112 85
192 386
433 296
244 380
402 429
11 357
56 40
450 99
13 453
195 199
143 353
109 416
167 354
63 500
387 183
213 190
318 24
369 490
253 439
346 267
197 338
140 117
319 124
316 170
135 219
434 374
185 27
317 209
78 226
338 357
376 306
479 442
390 475
258 483
372 337
441 402
374 264
329 148
206 241
70 357
215 180
10 438
404 328
53 244
162 425
274 180
336 297
246 148
498 346
323 216
449 248
145 202
349 93
332 20
16 380
492 143
25 235
288 198
94 113
313 201
177 314
64 168
322 77
114 396
426 313
10 500
241 314
278 444
241 56
261 290
2 38
369 43
26 419
379 228
18 388
178 460
387 476
466 5
287 293
176 146
371 262
109 54
229 145
302 146
470 22
411 49
32 280
18 320
451 133
172 447
71 308
367 356
131 113
208 483
161 25
166 251
23 49
358 182
47 432
158 172
312 53
202 223
459 352
117 80
448 203
446 251
384 35
125 5
396 288
349 439
418 181
54 214
363 165
88 176
25 388
382 34
20 244
271 369
303 326
220 382
328 19
473 275
1 50
106 47
462 470
145 306
217 354
33 174
428 72
310 291
182 490
500 413
72 13
262 468
307 2
172 20
219 484
389 196
366 105
117 303
436 107
50 167
198 145
115 223
146 282
411 117
109 228
262 365
264 208
154 291
121 261
500 288
297 348
427 380
94 360
389 383
23 270
314 174
289 331
373 17
489 67
306 347
12 487
88 170
237 305
187 357
172 372
208 129
152 185
267 247
386 103
184 174
139 452
208 496
140 203
434 198
182 181
21 488
340 224
306 419
393 336
331 158
244 248
131 461
96 453
19 183
254 477
242 366
80 431
456 257
293 218
286 438
153 380
276 208
377 427
56 96
160 80
269 397
420 116
467 146
426 49
411 252
120 364
302 125
458 171
235 474
222 334
60 162
261 452
68 12
28 348
369 119
316 218
203 409
390 442
105 222
134 78
491 255
419 386
168 256
491 146
300 286
107 57
435 428
199 307
324 103
404 352
218 40
113 314
363 148
251 428
51 132
261 323
432 159
83 241
62 183
468 284
61 22
184 276
441 66
273 339
436 143
254 89
78 42
72 100
117 398
157 2
48 246
61 97
212 485
126 318
183 462
324 487
75 166
275 47
99 417
407 378
160 423
117 423
311 212
212 331
450 224
163 391
393 456
221 343
392 330
128 245
22 86
66 463
468 76
416 160
369 135
48 284
246 7
329 468
100 129
11 106
153 477
363 314
426 195
415 158
419 172
418 164
161 224
467 436
414 251
341 137
411 180
201 273
186 353
367 330
477 29
367 193
57 164
100 499
38 212
178 118
322 90
291 46
496 227
10 220
447 206
102 324
462 69
100 346
160 415
419 90
254 486
351 198
304 19
393 37
72 172
422 116
246 264
109 319
54 63
496 59
477 206
312 47
222 401
152 225
174 455
431 384
113 326
81 68
484 24
307 451
252 174
37 214
495 134
88 66
95 110
394 356
367 168
17 73
364 111
190 187
476 167
473 201
366 147
288 134
75 443
286 153
463 148
413 14
76 178
334 387
277 52
148 302
268 488
427 368
161 249
180 171
152 79
386 441
169 148
205 443
114 280
233 265
164 80
117 216
434 225
435 55
53 354
370 138
192 360
164 297
50 201
13 37
172 456
361 448
205 259
445 410
205 291
339 492
45 456
279 404
303 17
146 457
383 316
488 119
285 201
368 81
377 124
411 143
181 393
333 142
467 214
165 311
220 337
449 159
389 62
285 108
400 131
318 81
205 242
272 482
446 346
461 266
335 156
408 40
269 307
73 357
78 361
434 479
15 371
105 140
484 21
248 462
346 145
429 294
21 460
224 25
202 115
59 489
209 49
489 286
285 53
282 107
207 371
354 346
208 431
450 232
277 147
199 341
10 183
219 325
470 371
84 87
351 201
118 81
467 53
237 159
358 362
251 316
1 175
263 128
452 89
284 41
124 409
11 486
179 316
172 308
88 365
80 118
279 156
393 342
379 49
364 463
147 252
388 150
130 243
485 220
268 10
26 63
293 38
214 427
264 498
469 298
279 66
28 399
353 202
39 86
24 366
260 469
456 15
144 464
305 134
70 83
175 226
375 76
255 213
203 427
210 201
30 13
115 324
226 83
334 338
238 276
170 496
238 35
125 248
86 342
446 204
159 280
177 371
456 164
295 193
463 134
430 473
85 80
122 177
360 339
361 195
444 467
178 81
203 100
168 474
232 63
14 57
179 443
372 222
42 396
224 68
237 317
410 197
232 1
139 30
467 327
187 220
134 394
18 191
465 175
16 361
207 355
150 329
216 155
235 308
391 75
136 313
24 146
99 256
164 131
102 150
443 412
450 142
245 150
104 474
499 286
474 1
424 484
1 3
291 449
275 200
44 28
18 32
345 318
395 442
186 493
234 79
266 55
194 301
433 481
42 110
54 36
205 153
351 453
160 471
244 94
143 38
322 192
175 258
479 209
222 23
184 244
248 370
69 227
226 68
410 49
317 181
174 435
180 271
468 434
272 118
469 370
341 434
415 227
19 409
430 250
414 146
306 320
464 443
214 63
137 98
201 246
380 151
478 205
222 84
67 75
452 193
74 247
110 114
37 463
305 397
356 94
229 316
256 144
433 9
417 174
370 329
