100 1632 30
622 895 22
3187 4306 17
1693 2095 7
3266 362 13
3922 327 30
3130 3335 10
1541 4344 22
1775 2381 16
362 3316 25
583 118 21
568 3494 14
2634 3796 20
3974 2008 23
2845 1809 15
334 2496 21
4348 3831 16
2264 3328 24
1140 3803 15
1030 1486 7
1931 1804 9
1659 790 30
3524 2984 7
2360 2507 23
322 1340 23
4364 4813 26
1446 1293 24
1726 4631 1
4693 3298 29
581 1852 24
4605 3955 20
725 1361 9
4326 2870 7
4027 2597 12
2562 1491 22
604 4573 12
4761 4407 16
2516 3468 3
1749 635 12
949 1742 30
3489 2244 4
2511 4112 14
260 4257 1
91 836 13
3463 930 29
1082 1886 5
4311 4375 16
608 55 14
4912 4284 23
2874 4967 22
2721 3189 5
2171 2340 15
2833 1005 12
4716 1248 8
2742 599 20
4818 1590 4
4469 2555 12
4153 4710 22
3673 4571 17
4843 758 2
1242 457 2
3769 2754 28
3581 4695 20
1041 3057 7
3939 168 24
4246 1724 17
2552 3822 25
3277 2143 6
4288 2122 30
4626 3722 12
2799 1063 11
1737 1001 10
36 349 21
1627 4296 15
4792 1542 3
2549 50 10
3773 4011 17
688 7 23
2449 791 12
1161 4694 6
3503 4141 13
3050 402 22
2360 4164 21
3635 1841 11
3674 1837 22
3783 3432 30
2258 4761 2
2675 1932 28
1558 1580 12
2209 614 21
1827 1557 26
2654 634 19
1868 3230 14
2116 3380 26
4478 4166 12
1265 457 2
3407 1791 22
1780 1373 22
1816 221 21
4283 2013 29
4700 220 20
1029 1463
3967 3113
4446 1784
2196 4035
3159 906
2456 636
2333 3629
958 3659
2585 2695
843 1285
3716 4950
1716 530
4962 3803
1044 2140
1145 1973
3897 558
4021 1359
669 4361
3028 2583
2961 739
1536 4237
3204 670
3742 2473
3290 2963
4542 4634
3974 3789
2409 4276
1289 1356
1529 4315
1511 4016
2280 1886
1309 2356
3883 3710
4877 373
4234 4123
4953 517
2675 2220
2428 2229
4101 797
3855 61
1821 499
164 2445
2556 2944
1393 3279
2052 662
1604 3534
1492 1940
943 2421
2075 468
2243 426
83 2884
1874 2829
1604 3920
2903 1040
4120 1227
4395 791
4808 390
623 2688
1100 2163
1183 2554
1673 785
635 1124
558 879
3894 2578
2114 4084
4310 240
1523 4673
3179 435
4979 4920
140 2542
4676 3211
4696 4653
119 4147
4245 2804
4302 4784
4837 3883
4172 3348
1967 1702
2547 2923
232 2409
1667 687
239 1683
2563 662
3626 2493
3282 652
4900 2448
4337 1668
3264 687
4153 834
265 4464
4317 970
1484 1706
236 360
780 4754
3570 2285
2634 3930
4657 1331
1628 3741
4257 4279
2855 4879
3958 2534
4202 1383
1767 4151
2411 3855
4950 3851
3454 1905
3903 3435
1275 3234
1844 3135
3652 4520
3744 2772
1534 1687
912 66
223 2828
1662 3397
423 453
2641 3966
1571 1969
1932 4473
4094 4663
4573 3267
2313 3227
2633 2255
468 321
315 1068
114 3410
4157 2186
4944 1715
3964 1193
3189 336
3837 358
3299 2205
2634 3115
3136 3719
1642 3007
3304 4400
4010 3290
367 816
2678 2008
470 3449
3960 2512
4886 3402
4798 1993
1091 85
3430 3847
51 3050
2169 2861
451 2802
3655 4391
2866 3698
4309 793
3543 864
4364 3093
1267 2266
4317 2040
3773 3761
1370 3865
3392 532
826 1433
2178 2659
4726 378
21 576
4309 4140
3542 4666
4648 952
1879 3931
4979 1693
3459 1722
2446 2728
2875 2414
4213 659
1282 4353
780 3361
3989 387
3800 3628
3858 213
1451 1687
4770 3769
4380 2734
1971 4958
4780 1854
728 4121
1268 3094
3948 4427
1843 3526
3049 94
2624 1091
2614 2091
2236 3321
374 232
3708 4520
121 3772
2372 4856
2973 948
522 3054
3027 3873
539 4046
762 1133
1324 4029
4795 1058
156 3964
588 2117
1153 2781
1296 2822
1652 3300
2656 3745
1330 4343
2341 4005
1949 2168
286 432
469 812
839 4639
2932 4883
279 1498
2176 2800
2859 705
2921 4355
2830 3159
3201 3164
2080 4473
1114 851
596 4271
3926 103
2518 264
4311 527
2455 4215
1646 431
4105 4669
219 3010
3625 4871
175 3251
1762 1647
450 1664
1687 285
3585 1887
3929 4780
1563 703
2723 1215
3418 1538
1326 2018
2188 1185
2426 4974
2137 2951
1967 2904
2213 2401
4834 2911
2228 569
2747 2490
736 4391
299 3595
1866 2617
1946 3729
4231 3792
4179 4954
1082 2157
4308 1760
386 216
637 1256
3773 2663
1186 851
2776 3426
4521 4999
4852 2171
3917 827
2191 3906
752 2921
2620 1392
976 1775
4235 416
342 4430
1320 2625
1345 205
2895 3109
662 1264
309 3809
3243 2125
2703 3396
1283 1809
3156 43
255 1669
2375 3693
1352 2594
2326 2927
1129 1009
2782 1526
2764 2634
3629 1657
1875 3292
258 849
4384 2497
3822 1814
4461 1642
3080 2488
767 1214
2482 787
2171 1227
4919 1299
572 4682
2132 28
3915 3518
2110 1100
3246 3314
1114 1479
3389 128
868 4503
4734 698
1186 2201
1404 2084
1615 4565
1125 857
528 198
3379 649
1745 252
1375 964
3331 4682
615 2726
4970 4227
4784 3482
178 2004
366 2097
1246 4968
2081 2836
962 1092
2213 946
4168 4240
1525 264
2463 2561
431 1817
4319 224
1675 3885
833 4281
2078 2155
3656 45
991 924
4842 808
666 963
1159 1916
953 774
774 2589
951 4926
3974 3576
2272 4068
463 1193
4832 3809
2420 1935
4985 1695
4322 1592
1377 2068
1548 2706
767 3243
4820 3305
2192 4656
1322 966
2948 1542
3647 110
4279 585
1265 2929
4766 5
2853 5
2864 1712
4232 1309
2280 579
3835 359
1871 4211
4003 1123
3398 4576
4400 3043
3401 1983
2721 2704
2536 2198
1058 1847
22 2228
2656 1307
1190 1375
1275 278
1009 1016
1643 4535
1107 2488
825 2345
748 828
1861 1188
4584 1467
1850 153
3312 4360
538 1524
73 1940
188 3682
191 2585
4247 3781
1794 2252
455 2623
2920 3827
362 1349
739 1292
1403 4340
2201 3237
4488 2193
583 1950
3715 204
4480 4953
2884 1695
1045 3159
2153 3518
75 740
997 3846
1094 1971
71 3562
3289 1617
1928 3809
1695 790
1038 2710
2370 951
2728 3745
1788 3535
2371 4413
17 2264
4521 795
855 3177
167 347
676 3864
2439 2177
3378 3633
4280 4589
4753 4152
1136 2629
3364 927
4863 416
3678 2485
1646 4105
1827 4882
2683 1101
1304 1708
1411 907
2635 4825
4207 3093
3411 2584
3783 4090
511 1796
3969 4764
3283 315
1587 2064
1212 4562
4764 3346
735 4801
1349 4244
1745 4007
1378 3966
3926 4033
891 4629
2903 4555
4855 4646
3361 639
2348 730
4934 2485
1706 2110
4679 3920
1639 1625
2465 361
78 208
4384 1176
1090 439
2806 1860
1841 2083
3833 3965
4027 2959
4632 2057
3963 1102
3490 2991
4312 2911
3973 3351
941 3564
2749 49
2495 694
714 768
2714 1143
55 1698
1654 3655
4550 1005
2071 818
4705 103
1298 2727
164 2845
4995 1694
3470 4715
1824 2368
2792 177
1843 1428
1334 344
4252 2416
634 619
1370 1110
3505 2097
2502 3025
1800 485
4659 3733
3218 2793
1876 3021
2493 3993
1870 2679
4153 2949
4450 4539
1721 2242
2820 702
4921 2154
146 1873
3681 1729
3408 217
3482 1379
2904 2488
3389 4940
1907 3593
4865 3807
1885 4087
3207 780
1003 4179
1503 1034
2447 4801
3068 3237
1397 464
2077 2070
4359 1167
2748 1200
3215 1307
1007 4250
4717 84
1267 3681
513 132
2931 17
1924 3951
3602 1664
1185 130
3284 3496
786 2163
798 4634
409 497
2501 1554
4235 388
4568 677
2405 1530
1065 4653
410 2027
3021 1360
3391 2470
555 658
2471 2429
3445 4416
4076 4019
4036 2894
4751 2102
754 2156
1852 3250
415 3326
1948 1134
2505 2573
1688 4714
2742 2217
4253 287
3998 24
4601 843
3431 2081
2117 784
2050 4219
1108 4265
1982 2516
917 632
2322 2249
4239 2737
191 4357
2626 263
1900 4257
3816 1113
1681 2016
3513 2472
4156 2027
4748 2646
2913 410
3850 3346
4881 3198
2175 666
712 2309
2890 4512
2675 1038
14 2123
4674 3824
3050 4780
1216 2632
3866 4047
1379 796
4943 909
1135 1365
3045 335
1811 1641
1074 857
4600 1231
1162 1276
3950 1789
1767 3514
2132 4673
2489 3242
739 1464
777 2684
1568 4987
4716 2041
2137 4059
4471 4802
3818 1902
761 4728
3465 1202
4657 364
1374 4454
1803 4795
3233 4217
2879 4745
3540 2555
2366 602
1534 533
4657 3960
4429 3948
3741 1545
820 2715
419 9
443 2125
4173 4734
552 3951
1882 1287
2272 4079
1308 606
706 1737
3789 4927
3555 770
1517 1491
973 994
118 1777
2894 3777
426 3169
2943 1576
1388 3831
4883 43
4712 4268
4889 4322
3594 4364
3979 998
3073 3082
4012 4244
3739 1698
196 4272
3674 549
3158 2841
78 4767
1804 3576
2197 1179
1928 2360
770 2933
2133 2544
3325 772
271 3749
3817 3058
2712 4849
3641 1851
938 4553
3195 99
517 1661
562 2636
1843 2958
3021 442
4287 3822
3384 2119
1811 3818
4259 4186
1465 4998
4362 944
2800 4032
703 3154
945 3569
1074 3111
4510 2938
3208 1037
1746 4397
1067 1239
285 1185
2273 2658
3177 2672
2036 2180
4286 1517
2278 3132
848 2107
2455 506
2701 747
4991 3973
1437 2849
4138 2680
4789 4578
1651 1938
1665 2748
4486 1167
4979 4939
3169 4206
2260 1266
1375 3056
3985 2731
1499 3641
1465 4161
3017 1314
1392 3710
239 4339
813 4665
1631 4788
3011 2227
1043 2545
3180 4308
608 1645
1413 4973
2288 2437
1361 808
3502 3591
3909 4513
3874 4336
2907 4977
4740 880
1832 127
722 798
2567 4797
2576 1053
1946 1668
3746 1171
3592 580
1695 1851
893 189
1471 4518
1791 668
3052 139
3982 1750
4394 4056
508 4426
866 4319
3374 2386
4423 2510
3353 4157
4851 1617
2277 2635
3366 654
4791 4548
4859 369
4067 2367
662 4194
2995 1456
415 2795
2455 4618
4120 2160
947 4049
703 2096
2701 2606
2776 3207
4513 69
4104 1109
1269 2103
3467 1917
2746 2083
4949 263
287 3852
1692 4860
1665 2954
421 3331
614 2505
3980 1836
497 1342
2858 286
2833 3557
1749 480
889 3027
4651 3872
1038 3171
1231 643
4653 298
2541 1154
3502 2472
962 1397
3079 4216
63 2294
704 2748
3752 3358
3962 2722
1831 1318
3822 4291
4608 3540
2667 1612
2175 312
4627 3627
2419 4805
707 4640
1417 4554
3125 4601
1005 4483
1107 2582
3832 3710
3970 3636
3074 1688
2596 2603
2866 3383
2958 2293
2156 259
666 395
1354 3035
4551 4723
4113 2188
4613 3920
1069 1245
1302 3242
1797 439
2373 4045
883 974
3368 2138
3247 4346
4458 64
3589 1996
3967 4251
1793 1267
712 914
1988 1829
3444 181
4390 2799
3938 1373
4253 4458
3829 2851
3903 4964
973 2874
2493 4635
2575 3284
1355 3156
4513 1138
4620 1231
3873 3093
3479 4732
3910 2622
2673 1008
2339 3221
4814 2780
2076 1320
1208 3731
1346 4676
3156 3310
2448 1908
499 1476
1498 441
4347 4256
906 106
1326 1137
210 2961
3759 717
2321 2678
1321 1920
315 3178
3599 428
3038 3115
3750 245
1794 3608
3640 4610
2424 2956
1402 3306
1290 1186
3136 1899
2691 247
3740 1323
4947 615
1152 1056
3708 4065
4572 4848
3285 2238
3277 4457
3053 3052
3781 4236
97 869
4342 3831
4314 444
972 3832
4596 3187
2515 3977
2443 3994
3927 3909
3430 4802
4102 3160
2998 2528
528 112
2099 1183
2305 2552
3723 1694
351 308
3770 4148
323 1658
2937 1607
1576 3112
4752 3336
4744 4422
3643 4097
3179 650
3145 2245
4244 1931
15 4336
914 943
2953 464
2776 1606
259 4726
4637 992
3449 2564
3996 545
2975 950
4953 4437
3199 669
4655 3232
158 4834
139 2266
4955 2752
3998 2044
2417 1386
3503 1183
1218 2333
2111 386
3702 459
4222 3802
767 2370
1782 4294
4455 1843
1173 4836
448 739
3331 2322
4940 1936
3552 2561
4099 3000
4590 2262
2140 3739
1737 221
611 3685
4650 2932
624 3960
892 3060
1747 2028
2487 4694
2677 4004
285 3914
3719 3931
2745 2316
2335 2500
1313 3848
122 4065
1216 1390
3578 2411
3574 576
3231 894
2094 1257
2940 1081
290 2630
4606 3272
3548 1410
2122 3329
3217 3739
3377 1827
747 4873
4691 3833
140 4928
498 1723
4473 3913
2379 125
3560 4247
784 1953
3339 1143
3523 1982
3558 3092
713 1339
2055 4788
4875 3131
3943 1717
722 4416
4841 1465
2497 2409
1356 1013
329 1578
3061 2012
4844 1343
3679 403
2436 2158
1980 684
1904 1408
1805 4999
2397 1463
425 4932
2748 4664
1695 4593
4252 4490
2776 690
2755 2677
2681 2327
3170 3847
1213 1563
272 3797
1263 4679
2872 1427
296 1031
4109 4344
3606 1187
2210 2688
891 1267
786 4233
674 1555
2579 4842
926 845
1101 2579
557 4370
3368 585
1469 3088
533 4593
414 2929
1133 3194
1762 908
4944 2226
417 1128
2461 1611
4214 3460
715 3314
2059 1784
1402 2234
3079 2002
4769 358
3833 306
2383 2833
4688 2879
2733 4444
1628 4503
2254 2016
4268 1721
2555 1566
3983 4248
4082 3644
939 1410
1036 887
625 2108
2243 2766
1897 3724
3531 3925
1657 1683
4886 3589
4625 3470
3724 130
4180 1842
2368 3991
870 4419
4882 745
2904 1921
1653 4122
4101 2506
3480 3249
4912 3153
3974 1386
1899 1838
87 3409
1448 4435
3916 1158
964 4131
1318 1071
2675 2943
4923 3931
3157 4678
3475 289
2627 1121
2072 1408
2856 3197
3945 940
874 3722
1912 1899
1399 3
2056 1195
1383 317
1018 2385
1188 3638
3879 389
4214 3700
2951 1954
3170 3147
4157 107
967 3825
2249 574
31 1831
1639 2591
4211 3642
1145 3413
4934 4004
626 944
2925 1676
865 3674
373 805
4064 1276
1441 1847
4549 1228
2086 3308
2895 4530
4787 3165
1456 3492
4045 2465
4801 1374
1152 2268
4666 805
3983 2163
4537 1739
4588 4401
3581 4284
2680 2896
89 4638
2178 1299
3928 1747
3433 4772
1674 2750
2234 1000
1689 49
2141 3821
3470 6
2398 4920
695 1734
1660 4148
293 147
2426 2839
1118 4689
2931 628
3911 1996
2163 216
450 4981
320 541
2398 2370
2278 2820
3431 4517
4669 350
907 4876
3170 2913
4263 1488
3543 3258
7 1056
3520 1570
3047 958
194 1327
2503 4929
1080 1885
3584 4708
4249 2242
4936 1385
3762 1314
91 1290
3976 4101
2840 4015
3178 4061
3625 4351
1801 2782
1680 2201
1260 3299
300 380
1797 2806
4691 3604
4114 251
4620 2798
3237 1422
396 1700
1447 100
1484 4412
2727 2709
2610 3492
586 2909
1913 3014
1097 1281
2601 2140
2617 477
1323 1513
1961 2281
1224 3886
2586 591
3642 2908
1960 4814
1502 3299
4935 1418
4112 943
3916 3933
1034 3703
4268 4363
4467 1292
429 2555
644 1957
3096 2410
1080 1521
3093 4162
3563 3298
1914 1818
812 523
3385 601
1042 2963
405 4528
1852 3028
867 4756
1168 2897
4575 224
1717 1199
392 3974
3532 2992
4121 1851
4964 480
2351 553
3502 2530
2148 4586
4820 2058
3106 4764
4197 2284
3407 2033
1885 2735
216 2594
2407 2188
3878 1628
4059 4292
177 3638
3269 2042
30 2884
1778 715
2642 135
2005 4351
1018 434
2727 1624
859 3293
1700 448
4502 2076
56 1793
723 1833
359 1220
4239 3234
2375 3250
3182 1195
4746 3876
63 2733
3498 3161
211 2741
3030 2283
3446 1228
2680 3992
4370 3993
4587 375
1845 3167
1823 549
1283 2998
2979 130
3193 4975
365 3606
2201 2511
2067 71
1079 799
4578 4765
3940 4869
378 4084
2859 2736
650 3904
77 2800
455 859
1156 2745
2404 3749
533 4048
3975 4765
4536 577
1328 4533
1315 2758
1362 4542
606 1229
90 2194
2832 1491
4038 2851
1303 4616
350 2679
2576 62
1148 3128
3515 3343
2638 841
2222 4995
1498 1685
3837 465
1057 2159
2598 2610
3968 103
2443 4315
2330 2746
113 1153
361 1736
2522 983
1560 2887
2349 4146
1438 2787
1042 2010
2514 3835
1808 176
3038 640
1979 3958
4707 3163
3071 978
714 4466
848 2754
291 680
358 4433
346 2413
1364 4720
3983 330
3144 494
4443 403
253 788
1558 891
375 3437
1471 3912
1349 818
1886 2384
179 4800
3660 2352
3917 3086
4521 1226
1208 2875
2338 2171
2868 1187
3439 789
159 3553
86 98
4692 912
3042 3328
1256 4880
173 1337
3072 1801
3343 3306
3595 1703
4759 4827
730 551
1225 212
72 1555
2995 4175
3646 716
3307 3630
2236 4987
1591 165
1800 1345
3181 269
4551 2170
3629 2939
645 1410
3967 3275
2329 4745
293 2687
3359 387
3694 3099
1009 68
40 4926
3174 3001
1892 2950
2542 4088
3643 504
4684 493
2951 2864
4393 251
1257 322
2971 3498
25 4758
228 996
3494 3085
1040 817
3109 628
1905 2040
3972 565
3590 1777
137 1245
3366 4055
267 1349
884 675
1423 3356
3890 3355
1384 55
1913 2843
3547 4380
2258 4726
3955 4682
3856 2010
4678 4300
3724 4634
3309 2003
2847 2321
1390 576
2750 4615
2954 2612
4633 1112
75 2421
4793 3358
3570 378
4166 4146
1822 2524
3797 1540
1935 4834
1636 4201
2512 2573
2716 2344
728 1811
4483 3096
927 1126
4838 1472
1959 3584
3015 2928
3719 970
3847 2987
3922 2089
953 627
3015 605
3082 4558
3017 2567
328 3388
1229 1982
867 3196
3227 2105
4703 2145
4404 4705
2562 3575
3723 560
2666 2995
457 839
177 2089
1741 4628
3955 4005
5 4963
2375 817
4145 3940
4764 4841
3563 1114
1960 1225
1569 4716
4022 3061
2688 3023
3586 1366
2014 1302
3486 767
4245 1994
1356 4657
3589 393
3479 3392
1756 1177
3351 2580
4772 1068
403 56
2417 1525
4060 3507
887 223
2099 1147
3617 2448
4380 4158
1755 2271
3613 1264
1279 3476
1142 1054
3189 3367
108 416
3219 1412
2244 4739
3225 2249
4922 2630
3422 2722
3125 2210
4648 576
3169 1255
1303 2302
2896 3885
626 2695
46 1608
1156 312
2250 1375
3425 1860
897 3071
3518 4523
2975 278
2515 2730
4639 1883
2937 303
2728 4051
563 3680
2948 1788
2585 3288
3841 1656
432 1647
3106 3303
693 1367
3998 2066
4968 634
4629 2709
2520 3171
1844 4961
1283 2137
378 4084
4030 1904
1790 1374
1494 1636
3596 1789
1303 4160
3929 3416
4876 4338
2850 2623
2696 1488
328 4796
1317 463
2131 4996
4078 2569
4595 840
4169 177
219 2634
4932 365
1350 4467
2521 3585
1746 4630
3056 2043
4233 3762
3889 4410
1987 1189
760 2404
3999 3694
100 3655
385 3590
364 3635
4538 367
814 4924
4411 1260
1712 3484
4910 4811
2870 1647
1274 3640
448 1455
2337 557
1731 3927
1264 859
4664 3617
126 4393
200 595
483 4036
715 4435
723 961
338 2876
259 4114
552 3517
3435 284
1630 3686
1123 1511
2299 1206
3846 3071
3964 2163
915 2914
1472 1469
551 422
3466 358
1770 823
1137 1456
1046 2290
4097 1587
3242 704
2164 4690
4941 2782
376 2913
1370 3327
1232 1804
2463 4600
4134 3929
3692 3675
1157 2166
2070 4071
502 3799
3894 3321
1038 1017
1909 4083
1957 575
1025 4391
3530 1405
4361 4918
4748 1175
829 1591
1366 943
631 2567
1517 243
906 1791
2313 2520
1830 2335
1975 224
2549 4497
3096 4484
3644 4071
2418 84
3860 4038
2997 3206
192 112
2451 1916
4476 2888
1065 3123
3357 846
635 3700
1154 4871
2809 4738
79 3817
475 699
4033 3062
179 4754
4925 3428
234 2570
4512 2257
2341 4880
4111 1946
2084 1942
2416 4319
1530 3973
3303 4601
4421 2006
856 3639
3093 2369
4202 3553
4009 1884
1744 3736
708 2580
729 4135
194 4518
56 3463
890 3126
3676 3563
556 4451
2165 226
2979 4319
4411 1149
4381 2623
3439 2465
434 3970
238 2669
3625 669
4002 1187
801 4731
2588 404
1609 995
1368 3596
3417 275
