10 106 30
723 520 15
904 9 27
986 293 11
744 920 19
929 564 16
834 339 28
946 767 3
399 902 3
436 331 25
488 779 10
367 719
393 87
286 348
850 305
668 205
188 242
481 643
619 507
919 364
827 235
169 865
119 727
382 470
867 658
821 947
622 551
147 995
394 976
892 850
808 813
850 604
741 262
853 135
681 231
272 771
173 118
218 184
167 625
478 251
503 569
971 407
964 171
136 710
208 419
721 750
304 579
691 231
422 797
961 539
849 587
886 553
579 58
579 911
411 225
50 397
302 121
211 399
972 675
38 547
585 749
749 721
731 180
269 44
61 336
11 815
69 584
999 568
679 480
148 401
173 81
136 604
473 235
25 7
586 159
741 786
769 114
432 294
744 943
868 709
470 487
377 915
745 497
234 632
63 706
960 483
108 67
897 511
65 868
296 574
522 65
112 584
507 155
65 552
881 683
315 642
834 485
487 562
310 497
561 691
958 995
339 355
286 838
818 448
689 717
236 390
565 923
220 500
906 359
874 328
622 266
866 327
356 750
618 14
655 195
29 855
551 773
