120 234 5
52 319 4
319 315 3
590 110 1
410 782 1
818 115 4
318 706 2
608 579 3
799 210 2
533 672 2
340 690 2
751 105 4
919 602 2
731 766 1
115 570 5
386 293 2
876 303 3
749 538 3
310 822 4
795 973 5
436 156 3
28 178 1
457 373 3
509 745 1
618 228 1
590 898 1
788 138 4
964 84 5
279 993 1
408 858 1
226 91 2
881 616 5
856 418 4
66 82 3
677 1000 1
891 279 5
996 574 2
63 294 2
915 955 3
786 941 2
487 627 2
288 351 2
381 8 1
845 637 4
250 730 4
46 928 3
719 498 1
933 139 4
149 999 3
610 263 3
181 804 1
815 471 1
325 50 1
265 712 5
802 36 5
131 134 1
880 626 2
474 38 3
540 525 3
703 485 2
628 970 3
914 202 1
834 907 2
112 594 4
994 628 5
296 466 1
45 210 3
505 198 2
772 665 4
364 865 4
673 379 3
409 65 3
248 874 1
159 258 2
530 617 4
580 820 3
505 997 2
251 744 2
307 876 5
639 29 3
730 234 4
112 635 3
35 602 4
903 901 4
955 574 4
290 213 2
178 147 5
52 260 1
416 135 5
174 340 5
951 55 5
381 218 1
318 103 4
638 466 3
588 818 2
841 530 2
491 553 1
77 103 5
405 150 5
467 418 1
176 363 3
104 262 5
89 968 2
644 799 4
33 42 3
3 993 1
169 763 5
917 870 5
705 677 5
650 194 3
147 160 5
684 430 5
785 405 2
919 819 2
118 54 2
387 168 4
248 298 5
985 160 2
134 51 2
942 666 1
43 744 5
82 762
830 306
220 141
444 361
950 362
826 167
116 596
818 842
686 836
381 73
965 897
184 226
859 432
927 763
730 638
958 752
242 774
917 377
630 909
984 765
268 94
661 30
936 3
787 973
404 309
80 205
728 564
717 719
982 599
906 467
985 111
268 976
266 63
351 857
289 904
156 620
496 184
905 873
475 905
284 297
81 672
82 354
895 641
186 702
258 263
373 573
164 552
674 198
70 92
990 158
779 301
303 729
765 539
715 200
660 740
623 747
392 526
219 517
337 348
407 263
775 611
961 48
774 24
677 716
446 974
639 928
481 498
694 310
300 238
270 846
851 536
938 33
82 151
979 580
264 113
282 681
633 795
439 238
386 551
158 446
814 788
288 763
79 777
468 559
716 376
433 75
371 227
846 316
249 367
200 520
970 457
611 314
281 842
817 743
183 566
471 940
928 637
324 679
815 290
68 498
48 868
590 382
432 191
468 979
552 51
52 26
912 400
102 739
609 198
753 559
626 40
247 654
490 671
265 427
593 698
945 999
309 696
377 54
511 780
668 666
145 416
488 920
42 985
353 604
224 437
7 810
703 890
458 795
490 912
763 295
386 382
736 706
581 583
903 188
489 167
794 874
99 809
901 786
178 339
856 848
12 727
195 451
350 124
973 666
258 724
787 87
549 136
395 354
378 685
952 827
721 678
315 318
337 646
360 801
984 916
683 723
798 602
430 635
834 108
252 46
186 58
564 703
526 374
270 948
308 286
946 676
189 567
581 259
817 138
62 578
16 895
398 49
329 749
532 502
939 913
126 936
821 332
182 885
568 422
986 1000
770 176
916 393
152 661
878 771
312 155
511 480
428 752
18 783
943 812
635 148
688 826
604 21
683 34
656 66
406 373
667 239
254 197
195 778
159 165
31 197
841 88
626 648
235 708
220 640
674 806
945 804
704 511
102 924
57 132
349 702
797 661
568 577
240 729
381 404
661 955
812 797
253 934
246 820
90 206
160 546
715 324
834 978
788 172
443 742
431 201
889 906
748 545
658 724
26 91
820 468
616 734
119 775
734 459
36 60
