140 1484 30
178 529 27
264 814 29
405 895 28
362 345 16
971 353 10
531 773 26
371 959 9
916 401 21
251 978 28
737 703 23
499 706 14
501 880 6
958 287 8
42 691 14
617 780 23
344 212 23
791 324 1
753 787 21
274 203 23
225 98 14
379 490 11
615 51 7
398 488 11
223 869 24
370 934 23
988 309 20
547 906 30
52 456 4
540 773 4
102 763 20
839 462 28
503 783 15
279 386 15
641 224 17
660 287 27
128 822 20
961 643 17
512 712 27
974 696 11
102 561 21
320 327 4
450 353 13
916 645 11
692 100 15
591 92 29
234 885 16
40 795 3
838 677 23
311 361 15
597 596 17
259 860 12
559 948 25
195 738 16
332 765 27
102 933 20
880 52 19
793 375 4
646 458 30
859 454 14
218 458 5
252 762 3
79 946 25
68 926 8
133 62 23
49 339 27
205 497 21
687 584 19
898 249 28
705 179 1
485 914 11
698 31 28
79 616 4
565 460 15
721 814 5
485 352 9
190 216 28
351 11 24
201 821 7
283 891 2
407 634 29
872 585 23
52 38 8
625 361 26
177 966 18
461 810 16
832 429 4
349 56 16
416 496 15
29 512 25
864 626 2
618 599 13
429 330 4
929 859 7
285 831 17
658 289 2
199 592 17
804 589 7
43 964 16
287 237 10
624 22 9
627 133 14
529 638 7
831 455 6
184 118 9
976 390 10
573 611 8
57 54 8
918 816 19
785 622 9
522 336 25
895 893 15
864 538 12
688 157 11
526 628 13
395 200 7
216 646 17
788 887 29
673 356 12
974 59 26
334 119 25
666 139 6
979 15 6
546 275 5
207 262 22
383 114 12
767 257 29
995 688 9
673 927 5
16 37 17
522 340 26
826 788 29
389 599 4
434 984 27
530 640 18
983 171 22
22 637 19
999 955 4
776 515 25
825 771 23
340 78 27
400 44
297 472
672 612
159 872
731 293
102 658
303 84
882 5
289 621
687 330
832 511
247 466
968 775
737 210
892 725
610 242
891 204
83 359
869 104
406 913
14 100
151 615
516 479
649 253
899 576
548 353
703 986
59 715
52 337
363 805
158 302
333 28
958 206
455 39
820 34
80 176
375 614
773 45
410 220
875 857
713 420
303 732
579 439
669 800
600 73
407 166
455 206
439 713
154 302
721 402
884 611
71 968
394 213
295 997
116 419
626 164
711 512
929 348
440 289
955 197
646 710
287 552
670 148
375 182
306 964
421 391
233 255
662 522
227 351
58 957
533 731
830 265
449 748
942 941
245 232
644 941
818 614
711 162
595 699
656 331
402 255
543 546
979 769
78 847
2 436
575 557
10 647
897 454
695 646
396 653
967 815
478 122
681 602
518 302
613 191
820 267
333 748
981 944
457 170
50 774
613 126
638 316
739 49
204 430
169 217
631 145
567 999
773 264
358 988
545 685
817 629
132 599
526 491
143 656
293 462
259 973
916 423
167 923
821 645
654 859
593 188
189 825
897 477
800 762
150 108
778 399
463 490
575 134
672 763
264 248
716 827
405 305
885 49
945 846
255 844
621 76
133 71
605 304
762 264
99 595
169 390
888 191
307 808
583 967
20 173
770 537
342 3
350 205
472 364
399 191
805 314
190 817
280 108
105 14
96 456
296 224
902 535
214 236
548 988
598 36
160 994
100 909
15 204
877 194
280 400
52 762
673 441
811 369
581 304
173 49
377 604
131 803
841 855
74 459
83 326
801 830
488 410
271 706
145 723
718 147
471 876
30 970
935 990
211 801
144 119
454 12
635 575
46 418
831 329
690 956
631 167
916 52
61 403
696 670
677 812
910 988
970 535
877 814
105 892
676 135
214 306
734 854
597 655
173 840
595 740
439 274
263 832
751 66
849 318
195 999
411 821
387 653
218 128
647 18
738 229
977 225
264 547
772 34
445 714
523 89
2 329
278 372
194 505
32 753
272 782
294 214
659 734
558 177
250 727
207 502
898 765
280 363
87 974
625 327
343 133
664 936
974 643
214 702
932 724
392 973
120 226
383 88
880 539
396 638
914 34
835 390
629 492
657 887
281 586
317 972
90 434
835 63
356 795
944 16
741 201
56 122
520 668
266 464
684 23
432 300
397 95
810 284
750 114
583 931
419 563
194 180
525 530
255 682
973 182
994 874
638 962
547 768
338 963
276 813
472 420
516 526
691 106
600 528
124 326
145 718
812 132
203 919
857 333
325 324
73 693
301 122
144 21
288 684
663 856
919 302
124 564
553 949
744 397
562 772
412 370
749 303
463 175
317 591
817 150
260 462
276 786
11 24
16 852
703 97
636 342
678 929
678 626
669 158
330 736
426 370
794 546
715 950
258 881
604 567
28 903
382 126
140 951
398 70
148 657
810 661
460 623
955 893
946 833
639 448
210 639
814 915
369 908
703 635
580 606
779 616
92 31
950 93
717 198
984 241
307 385
108 978
89 322
499 657
556 829
921 819
291 579
810 567
977 699
366 588
626 569
517 347
491 398
122 611
654 563
755 702
513 705
852 990
828 1000
989 977
379 151
868 643
22 844
854 471
430 114
30 805
39 774
449 59
452 660
457 61
492 660
211 753
129 104
423 23
374 82
310 160
64 304
807 404
162 588
224 81
37 847
52 482
30 271
740 825
336 500
129 751
295 140
288 540
124 291
325 858
46 993
613 445
339 263
614 96
330 39
536 625
777 271
25 702
531 115
216 136
225 17
634 739
597 858
459 86
511 399
331 540
332 778
146 975
134 114
833 869
954 644
516 151
210 502
263 344
39 857
878 723
898 581
619 1000
362 114
273 422
381 263
904 69
865 528
334 237
177 151
591 329
217 948
933 972
403 893
407 146
994 32
25 964
653 938
653 713
903 441
661 748
761 228
2 602
190 365
932 88
237 78
671 390
149 297
320 84
241 18
440 913
923 299
275 921
109 229
635 257
736 50
953 291
161 676
844 689
252 189
118 511
122 38
19 127
286 202
811 737
781 433
985 724
502 363
466 171
427 80
447 216
707 405
452 226
587 34
368 456
58 583
653 136
371 484
808 530
501 931
707 5
645 44
234 353
427 38
215 543
192 686
379 384
452 434
948 725
117 474
740 906
12 76
257 314
4 239
626 269
855 603
491 462
902 626
278 355
797 407
340 430
269 263
639 315
297 757
208 46
570 248
226 71
655 316
881 643
618 525
80 635
760 699
190 989
784 599
789 981
928 38
174 347
61 227
151 872
131 149
59 523
488 275
674 558
852 90
733 455
825 706
249 721
144 990
204 451
181 697
982 505
965 720
999 890
387 558
247 314
920 831
721 788
556 635
765 274
680 317
280 830
81 692
469 102
397 355
801 398
709 281
328 529
605 353
540 319
843 991
165 205
508 450
544 899
845 972
219 873
900 247
195 244
417 818
484 507
646 250
262 559
481 735
691 653
950 481
474 45
815 589
128 103
798 145
103 640
959 472
550 632
662 277
620 581
105 759
346 24
961 921
152 903
19 389
315 60
180 319
651 523
639 938
476 931
505 980
130 821
229 984
89 494
508 50
11 986
371 677
656 260
102 660
333 676
996 778
139 294
584 876
700 895
203 906
62 907
27 852
249 202
849 678
952 52
460 940
797 58
904 972
8 204
391 660
217 577
99 779
219 157
243 605
737 777
110 558
941 885
171 740
264 523
331 574
84 169
549 551
29 902
294 997
643 700
655 644
246 660
372 958
453 680
132 761
328 37
531 470
835 646
459 964
221 583
400 188
155 332
720 130
436 684
755 464
729 845
671 308
275 46
44 195
82 684
476 123
963 9
543 929
834 319
224 229
932 315
645 427
971 967
938 124
294 508
756 395
459 299
266 522
397 580
400 616
396 399
30 399
290 698
689 998
977 609
975 121
209 284
908 239
847 713
247 660
245 453
124 668
728 968
69 931
611 24
428 270
595 351
251 480
128 13
601 110
804 151
400 581
484 410
215 521
155 366
115 75
223 603
853 434
572 776
303 257
550 475
532 596
241 485
281 216
737 502
292 730
785 537
912 726
609 483
338 102
745 160
355 875
109 600
874 792
419 213
950 964
652 81
54 346
453 964
142 536
835 624
369 163
412 432
796 982
397 543
758 545
612 945
950 275
648 171
770 761
758 715
519 361
687 145
147 165
782 233
278 130
827 865
613 533
462 819
549 454
356 494
179 911
586 572
523 849
241 732
388 373
43 500
398 818
374 950
904 382
936 902
543 285
790 648
548 519
890 520
853 506
86 314
309 601
415 889
775 196
792 656
801 176
599 882
263 603
532 182
801 198
239 1000
774 768
46 903
196 176
279 673
317 301
313 817
845 248
111 965
607 806
981 375
97 241
675 50
106 917
78 981
408 511
531 739
2 48
51 93
196 236
273 126
592 874
33 334
276 628
38 705
724 301
112 774
484 684
691 215
165 581
703 14
352 973
602 718
1000 650
369 961
724 595
644 632
126 56
511 822
685 396
487 727
111 349
357 959
439 921
666 732
448 830
328 667
414 742
939 464
672 722
724 455
979 40
347 226
665 499
854 74
883 794
106 321
409 970
587 105
448 127
773 239
606 848
456 836
48 516
114 637
604 152
335 717
776 422
522 175
325 664
97 275
529 732
749 570
431 548
623 85
845 929
949 609
191 160
74 923
665 600
259 341
373 28
460 742
963 381
345 57
520 722
415 730
303 920
375 322
626 762
483 1
824 711
442 399
474 123
865 876
782 628
310 984
122 304
155 891
596 660
395 861
682 919
611 564
892 904
628 579
567 552
621 538
229 914
574 405
114 518
454 581
556 146
107 627
17 811
88 797
96 129
681 603
486 526
281 156
813 726
933 376
169 456
427 708
676 532
553 268
489 546
190 316
253 89
169 24
114 326
316 410
123 688
841 609
887 580
883 35
578 301
583 784
204 736
936 172
489 749
590 768
318 341
473 903
309 729
184 442
688 559
9 715
288 345
210 646
660 115
713 605
781 272
24 443
649 648
342 854
346 958
636 149
980 76
163 928
135 458
420 676
713 841
453 289
716 552
431 803
35 323
963 91
745 200
586 299
267 886
255 179
34 507
226 701
657 73
823 216
219 137
174 328
867 593
588 130
941 927
967 691
935 251
24 670
525 748
686 480
41 610
96 254
757 454
690 436
826 177
239 215
742 566
628 55
485 63
292 937
76 727
723 760
796 704
179 498
462 216
137 25
339 80
794 986
590 919
798 437
897 288
436 50
111 928
323 986
772 362
993 722
385 496
988 625
274 693
855 230
647 409
146 983
198 11
206 108
20 305
718 115
620 124
739 870
520 927
70 271
89 872
94 358
582 122
253 562
552 461
552 803
936 375
722 163
28 990
928 865
325 840
314 745
629 540
760 929
718 851
341 385
505 236
966 441
981 622
393 880
314 145
817 581
430 795
948 983
636 474
187 858
165 432
615 479
200 440
226 728
567 631
885 491
117 72
274 477
92 721
448 44
920 711
292 857
20 265
302 247
938 502
442 991
652 466
4 519
970 118
800 147
447 214
787 924
451 337
553 523
886 975
932 221
566 668
551 336
965 502
956 264
320 950
656 585
272 843
969 160
852 568
999 316
58 205
412 11
520 292
652 962
120 592
936 539
750 713
730 734
256 891
92 484
475 528
848 749
618 979
330 106
12 296
750 956
553 43
153 568
465 165
959 546
421 304
182 187
280 178
305 514
422 193
132 389
586 727
950 754
467 780
389 887
878 792
68 7
950 664
229 122
948 209
748 916
426 311
524 599
162 77
564 643
478 502
538 997
205 4
303 74
876 493
588 44
166 36
171 304
308 837
51 425
486 262
345 954
781 1000
633 188
69 297
495 389
888 982
989 595
956 173
428 155
439 662
323 341
191 981
280 939
607 159
420 740
18 157
182 911
875 975
598 881
189 247
840 372
176 379
853 230
682 331
328 696
239 853
540 414
829 294
42 232
248 323
174 44
74 860
365 375
761 485
277 32
838 15
164 547
972 443
342 114
174 807
711 820
774 204
104 584
296 703
889 726
182 149
512 506
767 733
659 836
661 453
196 722
771 186
338 709
566 324
496 874
286 392
639 896
440 39
754 427
546 379
585 909
838 286
871 424
477 47
365 229
759 130
993 601
578 684
170 426
979 67
805 363
501 720
509 108
806 883
968 288
237 280
862 448
430 717
610 798
421 208
679 267
448 751
563 518
435 673
99 764
160 289
6 529
803 331
619 649
617 499
767 527
242 53
405 868
441 51
397 508
249 890
527 144
162 959
627 172
163 395
361 15
21 534
104 176
169 963
124 753
632 652
44 873
345 533
520 799
391 94
154 423
675 538
771 388
125 590
844 657
49 962
283 799
283 615
242 881
232 895
90 791
674 490
310 328
435 13
834 984
263 210
461 778
763 815
873 868
301 489
567 438
746 608
603 700
187 451
974 283
928 597
421 907
990 985
977 231
226 832
624 345
364 367
762 532
963 445
876 433
382 141
632 713
902 246
560 841
406 194
659 460
26 371
521 751
921 576
421 195
553 266
590 977
76 743
137 510
867 581
270 629
698 620
904 400
835 543
857 721
597 947
688 873
968 120
532 455
808 472
490 339
876 326
41 62
33 838
925 865
567 547
502 249
233 310
746 901
848 688
833 836
48 823
563 959
469 755
259 667
278 445
411 687
776 771
760 106
711 839
942 692
404 533
430 299
14 780
600 65
31 539
298 888
995 254
444 983
559 684
423 70
24 718
947 777
254 408
661 834
112 546
407 366
665 764
398 589
520 597
58 306
493 656
244 303
644 925
785 374
971 826
483 363
950 706
714 164
358 651
438 487
816 661
231 13
375 870
229 318
330 450
703 991
139 107
504 376
212 20
356 754
530 652
385 287
320 979
634 116
846 970
840 161
61 270
748 616
717 476
600 324
375 820
561 837
776 772
5 185
402 520
886 998
570 493
128 785
954 458
918 454
266 518
231 680
823 950
671 56
115 206
75 821
323 24
930 579
906 934
616 349
751 144
887 747
818 504
642 837
776 791
859 624
880 525
116 844
788 661
853 263
238 716
675 354
479 305
892 590
81 443
449 472
750 384
70 359
350 793
179 719
114 947
206 105
730 514
621 183
656 297
288 227
405 726
394 700
930 410
732 317
646 384
688 101
22 812
902 240
818 122
459 492
93 717
564 358
69 8
994 471
299 666
965 168
267 986
949 20
630 95
163 206
286 99
434 3
314 83
642 749
863 250
635 460
176 609
735 978
231 214
381 13
894 792
813 42
513 986
965 397
167 210
346 707
583 350
32 257
82 271
219 399
19 997
268 651
432 21
780 281
151 175
839 963
264 22
621 854
324 615
731 696
783 217
265 764
743 541
607 296
274 383
537 723
818 93
480 798
726 104
190 461
357 582
124 838
402 70
566 171
918 204
797 193
407 298
60 266
428 295
216 115
693 129
163 385
377 616
70 535
568 87
395 424
937 632
479 662
272 313
589 568
719 622
406 754
121 157
360 464
522 378
420 725
935 500
790 36
328 291
743 337
314 252
965 68
870 754
777 487
942 159
399 149
816 530
209 214
391 751
555 702
934 56
486 143
431 914
822 27
176 724
613 296
990 857
511 655
146 907
453 106
336 932
797 859
680 618
714 386
196 142
746 377
