40 199 30
2926 1044 4
4060 4844 15
1966 2392 24
4343 3564 13
2530 2668 23
3077 2419 9
2896 2842 27
2918 2700 25
4901 3223 20
3504 462 1
2205 3316 20
2763 3043 2
1438 592 6
3550 2040 23
2769 1097 22
4516 3976 8
3215 4753 3
535 3045 23
2272 3351 5
3861 2770 25
2002 2097 8
4587 884 27
4193 2093 16
4826 1704 7
3961 2002 14
1798 552 5
2076 1243 8
3388 3868 23
2400 2174 1
1432 243 23
3880 1364 14
3373 732 25
2171 3633 14
2322 1035 14
2381 4515 13
2326 1512 27
3309 417 9
1496 3029 23
1304 2570 25
4260 2138 2
1641 646
3799 4628
873 2238
4303 4462
1758 2215
2231 3297
536 3711
2488 4192
4523 2943
391 1393
1462 1855
3974 650
2160 2545
1931 4704
10 3737
1699 1001
642 256
1028 1980
2098 779
2946 2575
1309 2281
1323 379
173 2502
2975 2302
2322 3256
3505 718
1917 4774
4539 2878
4193 3205
4392 2976
2247 334
2197 2771
2137 1777
2634 2583
3207 3633
4221 3922
1625 2000
2733 4097
3557 646
3733 4977
3526 338
1446 4160
4163 4867
4443 3318
4629 517
2636 1921
4455 4789
608 4488
3117 2744
4555 1674
3292 3873
4533 1109
3472 948
4032 2467
375 1026
4455 3693
2772 4582
4277 4177
4590 2045
125 3814
3993 977
2993 1847
940 435
123 4767
298 800
4005 4758
97 2402
2950 1425
105 2812
3503 2618
1207 1342
685 3431
3247 3752
3279 2837
1643 4632
542 3004
1645 1836
3107 509
1557 3747
709 4449
4446 2184
314 2375
3460 482
4915 1032
4255 2627
4647 4148
1465 2715
3486 1268
4442 2660
3343 4732
161 2800
4020 1641
2539 964
4361 3490
2721 4595
4366 4943
3391 572
1097 1221
898 4778
1732 3347
1833 615
313 970
3917 798
2414 3395
2967 4336
700 2148
2828 3109
177 3930
593 3525
775 2471
1436 3431
660 1215
1985 1979
3987 511
4644 2235
253 2796
2309 302
2805 3955
1773 3546
2565 3380
1600 3665
3763 2969
911 3281
4797 534
81 958
678 1783
1727 4469
4895 3781
2037 3278
3160 2574
1599 2231
3472 4141
1188 823
4414 1517
4790 2614
3059 4425
1029 3506
4567 2059
2469 2969
3163 1444
4180 4390
4954 3692
2443 1132
2875 814
575 77
3136 301
4333 1071
1166 262
3541 1766
994 4288
993 2493
3397 3873
3675 1549
2568 1528
3310 1383
4863 4035
2576 61
241 3563
4914 926
3408 862
4023 961
2513 1149
612 1627
1366 2958
1411 3223
4270 4609
3799 355
2282 2307
4707 542
4102 1886
73 2304
166 186
1007 4762
4827 3403
4076 4295
1591 3685
2487 371
2756 442
3662 1065
686 2934
4805 1651
4914 2463
2066 4059
2314 3687
3557 896
1198 3269
2837 2211
2844 4129
3973 4518
959 2809
4644 2420
3832 3114
441 3001
2471 2739
1295 1530
157 4185
1120 2623
3167 452
1177 3003
