140 1404 30
4572 2838 3
1130 2919 8
622 2389 1
1143 888 19
2350 2262 26
793 3985 17
3420 4014 6
2066 614 6
4531 1479 3
4936 3832 6
657 352 17
3113 3466 3
3589 416 16
1633 1698 24
260 4207 10
2715 2449 17
2691 480 19
2127 3895 2
2768 4161 8
1229 3296 12
4351 4415 6
4980 2590 15
1690 3718 27
489 165 2
2288 2502 16
4636 4717 20
2381 3686 29
1239 4889 7
2141 420 14
2881 3355 21
170 673 20
2845 4653 26
2741 216 22
2076 1748 2
1775 3842 23
4703 497 21
176 2746 21
563 1586 20
3517 1564 18
343 2273 17
4569 89 21
174 4595 23
2368 2628 22
572 4681 25
2663 1080 21
2687 3650 27
894 3074 7
1783 1285 4
1583 3934 19
866 1525 6
3014 2808 28
4393 2961 10
659 1007 29
1482 735 14
4394 500 2
2714 2963 9
2127 2077 12
4624 1179 5
3360 2843 28
3979 3706 5
663 3200 5
3311 51 4
3635 4946 3
1402 2505 16
2226 4408 28
4095 4043 30
3482 2924 7
2973 4178 18
3995 1940 9
2315 4065 25
2429 355 22
4706 159 27
3067 4328 19
1983 1343 16
3589 1473 9
2801 2611 11
1698 4496 3
2147 745 9
907 4747 20
602 1600 12
2454 2854 2
2747 299 5
4285 4522 16
4548 237 22
635 1405 6
4669 1305 3
1082 4354 20
1183 1288 6
3617 4982 5
4531 4771 19
2978 4758 12
4348 2918 8
2968 3126 17
152 3529 26
3928 2016 21
4838 2531 15
3310 1345 20
4994 2027 24
4878 668 13
2865 2405 13
2367 4974 17
4678 2269 14
694 1341 4
1852 4964 29
1484 3165 8
1694 622 3
374 4648 10
748 1583 16
3549 2616 23
2173 2314 21
2780 3840 24
108 906 7
3102 2347 13
922 2883 24
773 1293 28
1000 4933 10
2995 2727 3
2742 926 16
2945 3890 16
2562 2568 29
3705 3880 6
4665 87 16
3707 2485 3
3195 3291 23
4056 411 26
4961 4783 19
2544 2372 24
4337 3788 16
4878 1941 28
1593 3227 14
2000 3298 4
4187 4379 30
1545 2672 6
1030 4259 22
577 2408 21
244 4034 12
114 4186 12
4846 4924 9
2721 2014 17
1541 3659 29
602 1022
2878 4940
307 760
1015 803
4049 923
3654 2440
4949 2429
886 4335
3092 2558
19 23
1518 578
3490 3863
2154 2293
3107 670
396 3658
3214 3276
373 919
2308 1474
1009 209
3368 4370
551 1882
3678 2441
2001 4608
3856 4143
3181 3606
749 3952
2137 190
597 1642
4814 525
1497 3689
4113 332
3969 1120
2164 62
1460 4940
1261 1337
1459 3594
4 925
386 573
4102 3780
4503 2135
2832 4366
4550 3378
4973 4676
1725 4633
2479 3904
4047 476
1084 3753
4264 1078
2327 2061
3127 4646
3843 2588
3286 757
714 278
1913 1381
1461 2711
3030 1675
673 2793
3236 1952
549 1366
1457 1241
1889 4972
1832 2109
1291 1908
297 3410
675 579
939 348
4283 866
421 2400
4321 1189
4409 2978
4748 1419
586 2426
3286 2119
676 3082
1292 120
1896 2529
1140 2116
4931 3109
223 1951
4348 349
3840 2812
4397 3068
2766 183
2081 159
3652 4324
971 1444
887 3533
429 4877
4678 4691
4956 1666
2788 4072
3474 3419
2837 2959
4997 2467
4977 1101
3008 393
4895 1395
3121 2214
3336 3378
1430 896
4789 4690
1520 3058
1725 528
1803 2552
2979 3052
2724 3091
3684 2913
3115 487
1412 4588
3887 1248
3466 2021
3722 1636
4618 3595
4696 3179
728 1052
589 4344
4683 1634
4522 3724
696 575
2419 2921
149 401
2098 906
4109 2307
1098 4071
4963 363
4285 792
3653 4477
1389 4479
3577 4729
4753 4149
2841 2903
1551 3027
4644 2581
2709 4778
1148 3020
158 3151
4851 888
1339 3843
812 2129
2203 412
2880 264
4966 309
4886 30
327 1447
3925 3385
382 411
3486 3375
4780 857
1378 872
2766 4506
3046 4214
2858 3470
488 2168
1896 2229
4360 732
1069 282
598 979
4265 3822
1028 2459
4544 3956
4810 3537
3690 4202
3539 801
3152 4109
297 983
4952 4392
4323 3294
1729 690
3241 1506
4989 2506
2430 1803
3067 2502
4102 1111
1502 4543
1732 1737
1555 2272
2394 760
4872 1877
3678 3016
3411 505
2516 1613
2 1155
4927 680
2768 4515
3677 4657
846 1584
3612 2767
1833 4085
2838 3663
3591 2430
4056 3933
1159 4203
3341 1378
1405 1788
1098 4934
719 1549
2247 4370
2034 4272
4140 2839
4790 3521
605 2730
3459 2057
4880 1732
2472 2124
4139 790
2006 873
3532 3087
1533 1756
3284 2645
3871 1121
4116 2092
4932 3189
2627 4901
4335 373
1177 4503
3535 1763
1566 3189
741 676
4681 1274
204 3144
339 2576
4017 4231
1525 2541
4991 2123
2074 3641
89 3594
3222 320
1122 2634
4610 285
442 382
1848 1794
1419 3626
3677 791
3805 531
3001 468
3514 1609
1116 1783
134 1591
2544 2668
1244 4059
583 850
1234 1298
2582 1129
4205 487
1202 2180
4081 4534
3715 4520
3951 1264
133 1290
3918 1322
4357 1841
2158 2127
456 3655
2122 307
3079 653
3976 182
2989 1903
2206 3027
2618 2036
3892 1714
1206 2913
4356 1147
2384 360
3532 84
195 726
3260 2704
2078 2035
3748 4296
718 3604
1939 1395
1773 2733
4328 1930
545 4748
697 1765
2278 3971
1831 3079
4433 742
389 1946
2599 2692
1324 788
1865 4236
3075 3121
3773 2695
4771 2836
891 3031
1396 670
4637 2292
4043 4378
3329 1136
4170 35
897 938
2285 2095
1373 2879
1023 3617
1424 3428
4001 1435
1241 3836
3313 1204
403 4849
1379 1408
4724 1144
2871 3745
3067 2012
1160 1434
3970 4947
2500 1795
1311 2988
1954 3213
3256 3792
967 2993
4756 4602
4663 2935
2490 3384
1814 2464
1096 4012
1152 3884
4906 1786
3754 684
4501 3313
3210 2870
4451 4878
1462 3492
3456 228
4028 2156
4030 221
1797 213
11 4057
1030 1731
2970 2940
2604 1271
3546 2975
736 1615
3311 125
3089 3728
1394 2868
3719 212
1539 4743
3150 1801
2554 2901
4332 338
4809 1088
1161 1580
2383 2190
3585 457
4697 1757
3740 4199
1679 4214
2943 1772
2513 4942
3397 3220
3222 953
4906 2705
1002 3674
1692 365
776 634
109 605
1263 4355
204 3470
4002 2288
2087 160
4887 4883
4222 1562
331 539
294 538
532 3202
1934 3002
4770 2056
4122 2862
4284 646
3191 4474
4935 3423
1182 1142
470 4162
4176 3916
2381 4929
2429 1598
3861 4989
3947 970
2635 1920
3210 4258
1169 1454
4242 2308
4421 4410
2752 3344
4417 4639
1958 4748
4239 4232
3807 2879
3528 2853
2332 2928
533 2633
2048 4687
3668 4910
1137 2311
112 444
4840 4505
3191 2237
1475 4011
3503 1500
763 612
2138 787
4656 2459
5 3313
374 481
2756 4722
3622 4484
3313 73
2846 4203
745 4649
2579 808
3403 1112
3878 195
744 2981
250 3625
1398 4244
866 2986
3156 2520
3369 2444
2099 1580
2089 4293
120 876
4573 3233
4729 1084
4383 285
3054 1258
2471 243
2991 4173
540 884
4548 4407
1358 2033
3187 2145
3470 210
4736 1002
129 2449
3305 3409
1057 4008
3616 1821
111 1787
2957 4107
4363 4205
1963 4426
2591 4518
339 2275
2317 2259
814 4191
1081 3529
3025 4661
4622 689
634 4842
3578 2600
2346 3162
4279 2634
838 1177
4655 914
1905 1042
3842 1426
1397 3298
4938 3809
4901 2864
3711 3484
4959 487
3634 2798
1593 4531
2190 2674
503 816
2688 1028
554 954
808 2978
116 621
84 2249
2667 2491
1620 57
4138 2966
2792 379
3316 1957
763 1927
622 3340
2671 1381
3640 2073
299 4176
509 4563
873 3173
3644 424
2748 4527
2334 4679
598 4028
1922 2047
4023 4818
3513 1032
4273 3226
785 4924
2105 4450
2391 1539
2065 3336
1114 1072
2826 3814
3179 1628
4557 3099
2092 1229
4206 4228
2639 3303
3863 3669
1255 4434
1338 4656
2323 4740
1079 3048
673 3693
3168 4208
1729 1070
1322 2901
4294 4115
3819 3264
4481 2314
1894 715
1699 1647
2002 2661
522 2527
4715 75
2064 870
3949 1920
2790 1434
4094 1167
2289 2638
3871 789
4246 828
438 1968
4636 469
3587 378
2760 4522
4998 323
3712 281
3494 3053
440 3765
1621 3490
3665 3807
1569 3382
677 1142
4215 4140
3474 2867
2434 1273
364 2884
1580 3778
2141 344
916 2421
2401 3087
2815 3619
1068 2056
3136 3991
1659 667
2630 454
1615 4350
1989 4138
2273 2670
2496 1751
948 3820
2083 3734
2512 4846
2484 890
3665 1946
2624 4731
1816 2107
2001 2517
2739 3842
1047 4501
2162 2869
3987 3393
1464 4261
814 4899
2629 2879
4324 2133
1842 621
2468 2515
1486 2386
4098 4205
2052 485
3105 2784
1648 1116
849 1425
674 3381
1637 852
992 1668
890 3397
4925 2214
3338 4298
1906 2601
3426 3047
2662 1463
3082 2279
2317 3342
1388 450
2978 3568
513 2630
3292 678
2390 2145
3657 2602
3308 2544
2070 2508
3878 3495
2618 4201
29 3434
2574 56
1432 3675
505 644
139 2375
410 2374
4591 725
1401 4546
358 3133
1600 4057
4514 340
4003 2103
4026 1999
1231 1547
989 2396
2860 4313
1217 155
959 1563
480 4170
4234 1887
1412 220
4309 3152
2101 1048
3950 1025
3287 2944
1277 1110
89 4391
4035 1469
3265 3906
4554 3340
677 4278
1496 1708
1279 379
203 479
1518 696
227 69
2666 3448
3434 2998
2561 1853
897 4681
3208 1192
953 1113
3841 1043
4247 4442
4758 4249
2337 2185
3928 4954
4602 2239
2137 1543
4224 286
2796 2422
2949 831
331 4518
988 3357
547 645
2419 4320
166 753
563 1498
251 34
3188 3608
2203 2839
984 3954
2306 4797
3292 3867
3783 1262
1329 2028
1152 3205
2769 511
1536 1896
4714 1526
2219 2004
1257 55
1805 257
3747 3386
2307 4482
4637 3600
2373 77
2095 4878
3955 4527
1937 3228
3817 119
2757 288
3445 3166
3545 1806
4462 1922
4095 2284
545 359
776 2943
3549 2618
1684 4516
3603 723
549 3396
2562 3529
4109 1511
409 3105
2578 2179
3337 4840
2659 3253
797 2069
1460 3954
4627 3489
2899 482
13 1779
2292 2843
303 1889
3213 1556
3999 2147
3907 3229
4594 1469
2808 147
567 3754
4400 341
3284 2517
534 4207
2561 370
303 3928
1807 4696
4952 1776
468 3591
3845 2542
1612 4111
481 4779
690 4932
953 279
1122 702
2015 2610
2019 2050
1983 2019
2053 2405
1017 2520
3541 1654
1548 827
3218 2165
1538 4413
4707 1538
2799 1507
4338 379
2272 1535
399 4495
4062 1127
844 127
1941 2242
904 3812
3758 1645
3205 643
2309 3456
742 4237
2582 4249
4393 2317
4752 3990
1234 4372
280 1596
4997 1056
4762 192
3410 3787
380 1760
2824 356
3605 2322
2500 3603
3691 4494
3673 2788
1492 13
2146 3002
1619 4245
2501 1498
3438 3930
1819 4648
2324 420
870 3544
2919 1322
2111 3548
4611 1554
3385 3888
4866 1974
2950 200
4943 4218
569 4303
1775 4511
3485 3061
1381 806
3700 4638
1300 1994
2416 250
2840 4812
1372 4066
1492 4410
1244 3145
1838 18
3980 3173
3951 3752
925 713
4029 2140
2892 2930
4281 790
4029 630
2268 1980
438 1739
2606 3705
1562 747
4689 649
4910 2111
2686 93
3143 34
4670 1868
2292 2207
1905 2079
3357 2834
3821 1585
242 4974
1508 2180
2316 4296
2967 2171
2639 3277
3664 2198
3057 569
1460 2067
1984 2859
1351 251
2507 1475
3198 9
1586 777
2910 212
2756 4351
7 21
2015 3337
772 3743
1242 4529
4026 1751
531 282
2711 4115
3536 1377
3091 1263
1621 4468
4363 2198
1205 229
1553 1379
3063 611
125 943
1956 4521
4233 4024
3493 4933
2372 3451
1897 4889
1144 4839
1842 1611
3912 2025
3466 4031
64 3613
3271 206
3738 3195
2236 1925
301 3590
1725 3107
1076 343
211 3229
3733 2824
2622 3401
1199 3695
2441 1565
4378 2536
1434 2287
1473 1887
3666 2399
2020 4288
3593 4290
235 196
432 4543
1560 4943
2482 3737
4363 721
3080 1759
4646 3704
3076 1635
1663 2218
1111 4588
1799 39
2529 3845
3183 3260
3909 3446
3179 627
2725 3175
4872 1675
1326 1009
1761 4548
1923 4645
3639 4786
449 3567
3600 4745
3148 2227
2654 4795
164 3115
117 3195
1942 3423
1992 4217
1619 542
3976 1337
2096 4661
2748 3677
1604 249
1152 4626
1326 3447
4760 3954
1345 2763
3971 4329
1372 3392
4 3035
702 173
1968 313
1849 395
3019 1788
2618 4011
2309 2660
4356 3978
483 2868
1452 132
2644 4876
1934 4397
4264 4816
1653 567
1826 812
4249 3667
4548 1250
4978 2533
54 3579
484 2236
2282 3545
3409 1504
2555 1121
1705 1485
3403 1554
4492 279
3245 1541
776 650
1985 1285
317 3216
1609 709
3236 1773
267 299
3193 4916
4847 2856
3552 2168
2458 2881
1395 277
3 3423
1857 3597
1866 100
3997 1472
4956 3699
3562 1022
858 3443
2071 2339
699 4058
244 983
2842 3744
4980 1426
156 1501
1138 2540
4000 3902
4049 2870
4136 374
2181 1596
2318 2055
2126 4099
269 1510
3050 2655
1654 3413
4104 949
461 796
2709 1862
1688 161
758 4624
4130 3484
219 2486
3938 2476
1531 468
4690 3988
1724 271
3735 2168
3280 3514
2021 163
2666 3278
1592 1660
3461 2366
2913 2926
2612 7
898 3872
2386 3074
12 1384
1246 3920
2143 3141
1957 2879
3014 3652
3053 62
2045 4417
4665 3202
3245 1659
1138 4506
257 553
301 2036
1896 4842
3692 4965
1066 509
3267 2230
2936 1669
2622 3136
3666 882
2594 1304
2509 3315
1978 294
4518 3016
2477 3977
3567 4177
171 2373
3167 1743
2124 2233
2115 4195
4080 870
393 1301
1219 1833
2059 3302
3879 2225
1269 4237
3996 3913
2379 1370
1121 3819
1412 663
4129 1421
2342 828
4878 4473
148 2695
2092 4623
3170 3582
3864 4001
3916 2260
3945 4040
2509 3576
1479 98
3452 2333
3330 511
3379 1470
2971 2038
4282 1224
3637 4034
380 4263
1504 218
517 2072
586 2699
2746 3719
3302 4685
4611 2925
1329 889
1136 788
3651 2489
3209 4485
4251 2060
583 3842
2828 2750
1999 2432
2869 4237
1628 2262
2373 4592
2599 3017
3676 865
4884 3450
4039 3458
2476 1716
3093 2251
3475 3794
2731 812
257 3879
380 2771
2101 4773
740 4250
1261 2543
1318 2574
4772 3673
1946 2194
2265 1643
2378 2611
3371 4095
3995 4790
1539 2947
454 3924
2753 3123
4043 3724
1199 2116
2753 1890
4410 125
1281 2501
3000 799
2910 2734
2964 3619
4889 4715
2762 1178
175 2334
1406 2946
3746 2582
343 207
3145 4084
3328 4697
3597 1629
4841 4309
2162 804
3144 4489
2599 3923
3735 2068
1925 3388
2084 2807
4863 1373
2990 1190
680 2372
3828 1149
2580 4062
3490 1485
4743 3890
1769 2108
4203 4044
4093 3273
3779 797
3697 3839
2166 1825
2399 3955
4572 4617
1742 3388
3255 1244
4017 2133
1349 389
1685 2309
2793 4107
2765 1067
2384 573
867 4549
3996 4491
968 2748
2154 3518
117 1369
813 3184
3861 965
3046 2942
3695 1990
3042 4663
2231 4213
4451 3869
1017 2152
110 1195
3518 2801
2132 1702
4167 993
2915 3112
3704 1457
3375 4123
2408 2179
3924 1760
1147 3677
4865 4205
3255 1336
76 4166
2142 2126
3689 4359
3830 4965
1252 3823
2449 4831
2485 4811
3840 4099
865 3846
2167 3525
2599 4307
2833 3639
4667 1613
1398 2290
1765 383
4182 703
3023 1620
4686 2704
471 3221
2549 2852
2804 1238
4770 1271
447 1058
1576 1666
1355 1579
2065 2132
4647 4340
3770 902
796 2892
3622 3696
996 2343
1809 2870
2846 2719
1785 1669
2215 4972
911 1760
2210 1285
2055 4524
4109 1538
4539 3241
3095 2069
2745 835
2220 4167
4501 2742
3808 126
3083 4101
2195 3640
4144 1453
3631 3726
3859 2036
2275 3423
4571 1036
928 3860
3510 4106
526 2265
3228 4135
793 4839
2859 4384
1582 2739
1258 321
2964 2457
3757 468
2550 2800
4150 1778
2940 3084
2191 1389
4230 410
424 4457
2652 4797
1148 4591
1804 4914
1489 2588
1612 3326
2924 3274
3100 2202
2326 1168
1349 3771
3657 2391
463 1282
3328 988
1102 1927
4391 3108
353 4814
2642 432
1605 2368
868 1582
1131 730
1172 2249
1511 4636
3915 2695
384 4664
1046 726
4330 4827
4938 4815
2233 310
4104 2147
2480 3171
2775 2680
3578 4898
1092 3574
4301 4234
2090 4122
1991 357
4645 870
3376 3025
4316 1793
1485 836
4602 4764
1628 2340
207 4723
2259 708
4633 4159
4174 2850
75 861
4470 2177
1335 415
4370 282
4099 668
1097 148
4984 1320
2120 4449
833 1930
4602 620
1624 295
1136 42
1118 790
2638 2759
2414 2023
2428 4147
2260 349
4922 1286
4573 2984
1031 1681
1374 1964
4615 4721
1757 1090
2321 537
1642 1510
3933 3064
412 2633
2486 1039
4005 1555
1301 1285
2785 4776
819 3613
2303 2521
1511 44
388 2454
3535 1837
232 369
3336 4264
3833 4010
205 4095
4347 2133
2174 2214
228 566
3939 3980
4050 3941
873 365
2118 98
1556 3501
685 1502
2485 1831
1896 3583
2723 4773
3806 2126
4863 1970
541 4759
1885 3817
980 3710
1117 475
4907 147
4181 3288
4396 3268
1792 1752
1337 4961
4944 3623
4147 1154
2981 1010
3960 2340
16 4186
4059 2730
1096 2773
4324 989
2923 36
3169 3540
1525 1983
2905 722
3016 709
4491 1869
715 3427
1298 2218
219 60
3722 3431
4169 3363
4235 1789
4206 1907
4295 76
1756 3636
4566 3380
2448 4535
1260 4255
4984 3421
151 498
169 2938
2322 1289
4122 2134
3488 4446
4179 2741
2943 1227
3824 4244
3089 2525
2906 3697
218 3448
722 4374
3406 2031
25 329
1095 239
1496 4565
4360 4300
2473 1198
4634 306
3885 2392
159 2666
4209 3671
4885 1442
2434 28
4143 555
2307 3086
498 3359
664 2543
355 1651
798 1765
4089 3749
1882 1547
2477 4315
3564 4388
526 3828
4338 3864
4207 1389
3442 3313
279 4129
2747 2241
3412 2218
1994 2212
3865 2982
1031 1836
290 3876
1462 4526
