80 782 30
373 99 1
385 331 4
80 391 29
203 360 11
3 111 7
153 487 8
239 108 30
94 362 15
110 3 23
292 419 25
279 152 1
178 225 10
104 441 11
301 249 5
123 282 3
345 76 22
38 119 12
243 483 18
128 146 25
473 436 8
137 426 19
147 47 21
453 38 24
251 125 7
49 374 15
316 440 25
108 54 27
300 268 29
285 432 7
343 303 14
188 462 3
246 299 14
495 243 2
490 223 20
346 154 28
160 491 3
118 62 25
89 298 6
33 185 7
245 295 16
37 329 11
86 369 10
150 311 28
354 264 5
160 78 19
287 486 5
224 86 9
443 68 7
82 420 17
67 334 9
417 260 5
255 177 14
18 363 8
13 383 2
222 264 11
358 455 28
226 374 29
183 183 13
122 278 17
285 43 24
357 451 4
323 66 5
494 439 6
386 440 19
167 432 21
233 190 17
99 69 2
380 437 28
384 452 20
363 243 15
452 326 20
277 186 23
169 159 15
287 283 15
351 141 28
84 25 26
292 478 17
295 125 19
102 414 2
179 231 17
19 257
316 386
467 376
290 87
485 49
406 245
124 356
383 253
197 402
312 58
418 403
78 168
130 98
20 139
194 432
186 247
348 46
230 423
139 129
380 239
325 464
182 245
208 202
424 84
477 144
204 1
480 181
351 196
140 325
207 183
292 162
273 23
167 393
103 119
343 472
229 334
182 146
136 390
55 239
319 497
451 71
16 346
190 459
226 216
91 195
423 319
45 401
306 337
182 80
357 31
394 349
243 258
243 369
437 433
202 123
304 235
423 62
375 135
470 292
398 290
33 203
388 412
91 426
198 304
366 121
127 68
181 133
448 389
121 89
84 150
202 88
476 414
59 472
476 500
133 94
261 260
461 296
198 117
410 160
432 195
473 462
20 60
386 141
410 200
12 102
471 375
500 428
357 415
259 71
39 75
222 459
401 127
309 358
240 119
391 297
350 129
257 495
426 142
60 67
208 187
154 461
93 478
136 83
441 19
217 397
50 210
2 179
15 496
433 37
324 136
27 26
117 404
391 18
394 67
347 229
244 159
330 96
477 55
347 55
384 152
231 56
199 163
242 407
241 362
387 70
336 238
41 240
362 428
252 410
13 267
385 401
160 36
384 67
149 271
182 145
442 94
82 40
109 262
340 208
495 179
456 366
324 304
201 452
326 468
458 46
309 344
112 248
431 33
466 154
347 448
151 174
434 291
398 482
289 164
131 240
328 163
108 341
65 106
283 195
160 108
353 117
3 56
143 353
56 386
359 50
190 385
353 12
314 118
154 471
435 268
359 387
221 88
276 499
337 390
82 486
349 165
333 170
137 486
246 327
165 352
444 325
429 473
375 415
162 362
266 73
410 379
212 423
485 310
48 269
102 342
26 322
97 364
154 17
208 421
109 278
73 99
182 101
121 376
79 463
15 444
207 132
385 263
441 392
134 373
479 140
492 144
186 351
318 65
79 229
19 162
421 474
4 370
128 356
164 142
444 485
455 191
346 31
28 55
155 364
333 151
220 354
119 28
321 246
472 449
278 214
190 397
182 393
114 166
342 23
251 233
479 269
217 48
171 48
197 403
343 346
207 377
391 406
363 319
295 337
320 36
269 332
283 209
420 203
29 196
41 45
208 133
472 384
471 158
184 369
189 269
125 116
76 262
485 496
369 485
383 430
337 386
145 334
407 489
92 47
254 226
47 188
357 135
433 380
442 245
131 162
475 317
80 491
297 290
413 162
42 191
97 59
499 399
123 343
280 89
135 29
71 26
398 213
261 131
372 14
457 4
457 72
344 186
261 17
34 131
252 243
231 440
234 157
250 238
2 423
43 231
281 43
461 424
140 391
75 401
463 406
171 300
274 308
78 173
165 474
328 417
284 332
439 378
187 147
112 282
327 365
395 469
257 351
280 85
124 446
127 63
447 53
331 429
125 313
236 162
188 129
204 450
447 358
116 249
212 73
422 253
16 83
185 37
131 469
260 321
237 108
176 472
76 118
190 495
40 248
105 225
265 299
166 362
331 153
202 125
323 457
205 227
162 315
245 327
137 36
225 103
2 225
346 404
205 102
348 328
89 214
372 401
360 449
415 223
290 124
149 73
33 245
162 395
152 192
355 478
175 314
83 286
24 466
149 59
375 293
16 14
143 136
321 370
47 100
182 197
69 494
468 211
305 102
446 405
131 103
178 171
52 89
350 293
277 110
137 331
91 449
122 444
464 342
228 406
101 270
226 321
85 212
391 315
238 346
498 304
245 357
181 337
223 437
309 222
272 301
249 76
63 287
468 465
337 484
105 166
393 211
115 391
245 427
189 454
348 229
178 352
435 266
228 196
68 393
255 398
228 203
425 13
26 416
445 485
480 107
176 156
377 403
485 269
191 214
84 321
248 393
73 93
49 323
9 43
348 271
47 7
201 495
54 252
72 342
168 240
304 131
411 198
381 326
171 331
260 32
286 124
208 96
99 331
369 277
8 124
296 491
275 410
314 141
392 24
377 12
401 467
458 7
310 370
442 373
490 331
215 493
15 375
385 93
400 178
380 8
302 381
55 29
249 232
497 6
111 206
474 415
399 285
291 479
436 261
271 287
293 110
367 43
186 172
270 358
429 241
241 484
56 379
131 74
388 80
474 49
277 21
51 290
13 355
65 93
291 292
106 237
239 468
360 127
183 497
408 409
34 363
389 229
43 153
3 183
448 128
330 315
128 237
249 100
78 15
100 386
412 282
231 97
95 155
234 447
260 27
428 196
496 119
283 379
169 113
274 291
411 409
412 8
496 336
382 81
476 262
314 78
44 148
258 52
269 498
454 208
459 172
476 242
401 494
403 83
388 230
226 97
290 366
9 225
124 89
320 387
456 149
132 471
291 214
343 482
144 59
128 449
483 377
231 379
494 252
52 272
381 34
442 111
203 486
319 63
54 35
293 171
483 236
218 13
345 333
406 364
239 86
56 412
299 471
129 326
147 128
441 101
295 444
282 235
384 18
186 306
69 217
243 12
316 41
375 283
341 456
462 51
122 24
198 353
211 329
253 179
191 309
423 289
338 234
328 173
154 423
123 368
82 58
476 251
407 304
90 405
84 83
69 402
494 490
221 398
399 377
26 241
78 469
70 434
91 273
181 319
51 366
317 261
168 195
253 427
428 144
12 215
61 299
188 226
316 217
233 485
70 391
376 283
483 254
358 4
402 160
474 289
480 307
49 46
308 452
212 352
376 104
21 203
449 261
89 353
109 395
429 137
169 317
112 45
190 173
197 397
6 270
132 83
92 345
149 144
184 107
250 479
264 184
401 128
377 187
175 190
110 282
271 212
209 459
423 273
375 245
430 468
387 56
384 428
206 429
190 486
160 221
414 476
263 271
230 76
460 40
81 127
121 95
20 455
326 347
121 159
80 237
300 263
452 449
305 11
20 411
290 110
330 338
200 421
338 303
37 358
486 260
336 409
186 283
500 132
411 24
310 383
417 250
488 443
26 443
168 413
45 222
132 52
144 394
206 406
156 38
123 275
423 243
334 122
38 146
253 433
413 246
253 129
12 140
136 253
412 384
392 446
86 93
343 135
122 485
132 223
89 241
377 259
323 221
345 109
235 277
207 35
436 3
7 386
499 463
428 205
361 374
164 474
29 72
315 289
332 82
52 180
495 21
272 134
132 456
147 25
405 166
77 159
248 208
168 298
304 407
397 113
245 129
128 12
310 8
1 416
465 231
500 283
40 28
393 179
478 121
358 490
182 18
383 263
83 409
408 422
138 89
342 204
11 28
313 75
115 399
98 270
84 46
353 214
306 16
289 95
388 429
247 194
248 148
220 22
347 149
344 278
466 352
122 104
257 24
323 307
370 123
22 319
145 140
30 10
262 294
93 448
489 247
293 34
289 183
281 408
13 482
152 475
373 198
21 124
194 488
424 251
195 416
167 425
106 163
436 472
195 296
406 19
108 63
118 438
13 452
246 15
194 374
114 116
46 271
376 73
402 482
361 337
85 330
115 308
367 83
174 118
114 451
197 480
356 76
289 77
389 31
188 448
435 472
