70 686 30
110 5 23
51 196 30
184 371 14
498 341 24
104 380 4
361 426 17
267 247 24
455 216 8
99 341 9
172 163 22
82 100 27
275 317 4
28 129 23
353 340 20
115 287 30
287 406 9
233 494 22
454 405 3
57 30 24
385 489 18
315 167 3
372 161 22
101 13 8
354 31 26
275 433 5
78 196 8
165 62 1
101 107 2
308 59 11
236 67 28
290 296 16
43 266 16
492 386 11
282 449 15
301 349 2
173 427 30
207 161 7
392 328 17
53 32 26
448 112 5
197 257 5
102 314 17
456 335 18
137 462 2
216 292 7
486 319 24
420 6 14
287 161 18
361 398 1
191 113 20
257 201 27
178 32 29
64 405 5
408 70 6
346 128 29
188 63 29
108 9 12
313 63 8
26 409 8
1 465 19
333 86 5
295 225 4
412 150 23
282 232 12
287 226 18
15 135 13
76 377 8
107 251 7
332 411 16
154 369 10
210 79
433 416
404 173
426 148
305 162
444 268
484 304
327 221
41 179
82 445
415 431
14 370
395 136
53 132
435 394
75 250
209 8
241 152
29 262
126 305
310 3
381 412
465 200
252 205
327 108
176 457
144 195
298 326
328 93
208 468
156 198
136 36
36 491
336 322
371 330
335 256
490 395
113 302
339 440
310 147
352 487
326 128
122 233
477 162
344 128
197 28
485 111
67 279
214 495
81 37
363 372
404 197
475 378
489 134
152 147
109 173
201 468
357 189
470 178
400 491
63 403
240 400
319 478
337 87
63 302
456 161
236 373
162 50
25 275
328 498
22 91
174 204
12 20
139 468
72 390
495 285
76 7
55 46
269 206
105 70
252 229
478 168
173 140
349 307
403 491
268 190
344 163
303 40
391 320
180 90
140 467
22 212
30 446
390 484
32 323
120 466
161 3
331 24
92 411
34 36
121 136
174 95
437 224
336 276
437 400
26 72
225 423
321 465
152 36
460 5
273 361
412 98
399 176
395 350
416 197
281 296
383 160
64 427
348 411
345 33
75 363
47 18
479 87
116 300
491 56
293 433
368 133
82 463
149 366
268 398
122 241
198 312
377 377
342 80
492 129
227 246
454 302
53 235
423 452
92 359
342 439
443 225
171 125
378 253
466 40
321 298
435 291
214 175
229 13
102 367
167 193
27 125
386 195
376 440
40 236
389 175
375 307
235 140
245 500
173 479
176 75
81 147
225 192
76 357
437 485
357 341
491 211
201 480
347 494
182 166
1 4
265 103
263 53
168 103
145 483
110 383
192 301
128 185
326 196
338 25
269 288
369 338
209 445
142 457
363 482
293 205
394 135
20 8
267 298
153 484
363 178
69 368
78 287
385 45
361 43
421 390
339 291
361 174
27 147
335 472
317 464
100 63
337 445
228 221
156 35
278 109
214 400
166 425
6 273
323 104
159 178
222 133
191 196
84 104
51 307
81 442
102 260
196 286
187 357
237 436
57 53
314 329
149 427
225 143
300 141
329 368
98 483
242 357
93 483
490 447
408 387
23 413
31 123
326 485
11 426
475 264
93 348
215 186
135 367
65 79
332 196
16 467
271 58
283 409
279 39
493 447
322 56
102 410
300 97
357 57
320 344
58 435
307 276
276 51
257 431
293 482
443 453
11 346
219 454
105 408
230 430
255 85
310 246
276 262
311 245
255 156
224 272
110 92
240 298
221 495
368 66
475 307
368 335
278 465
357 390
47 347
200 451
398 428
225 37
201 253
82 83
291 305
253 458
258 146
473 352
459 80
103 284
361 22
301 288
497 402
307 377
414 299
232 62
344 428
171 140
459 18
445 318
90 351
264 321
120 132
318 72
1 98
415 86
217 483
351 50
466 293
269 31
237 167
53 160
434 499
338 223
357 345
222 386
35 223
308 162
460 240
353 237
358 271
363 385
192 169
476 472
37 428
331 57
39 34
351 275
146 446
385 126
104 111
143 150
62 303
167 290
259 26
452 173
219 318
369 232
347 470
439 189
48 486
167 373
54 103
446 429
29 280
139 466
140 377
313 101
304 184
117 274
132 432
118 203
376 287
147 136
382 40
79 266
261 363
282 425
200 313
388 488
330 25
274 478
428 357
329 86
180 359
465 431
354 313
257 243
360 457
475 96
142 61
173 451
259 82
293 203
348 85
441 176
286 84
453 347
370 89
156 433
158 301
402 191
294 132
432 5
352 281
191 280
364 28
478 398
69 458
317 155
205 446
131 142
131 423
409 159
477 284
455 474
122 417
49 192
19 30
386 206
14 9
6 52
234 269
169 188
171 102
3 421
325 454
107 66
109 330
47 322
178 102
407 477
31 491
407 463
62 359
474 116
286 19
198 435
411 396
50 149
191 440
443 408
149 160
170 398
270 224
485 85
50 178
299 142
203 195
293 467
25 142
194 497
274 396
180 67
316 469
404 200
202 77
478 287
30 62
143 244
76 465
9 165
347 438
368 493
77 279
465 295
288 475
123 353
100 496
173 168
224 2
48 247
218 468
94 126
416 98
218 140
102 201
422 91
288 320
89 337
76 329
237 351
437 219
406 136
288 385
16 68
89 167
356 29
62 123
233 463
487 215
146 327
72 233
396 48
425 206
1 423
496 349
348 340
274 371
70 318
465 330
482 373
63 341
231 155
473 234
14 469
42 247
213 224
436 128
155 278
152 241
103 496
200 156
128 97
167 66
493 241
342 242
170 94
362 26
381 292
394 469
143 8
142 403
320 102
219 319
7 409
298 331
429 57
342 160
259 470
370 205
252 481
38 264
157 89
482 380
362 142
328 249
234 316
348 325
318 325
33 463
277 74
365 380
380 127
273 136
166 19
430 230
93 188
497 290
365 475
259 376
103 334
422 268
213 266
99 128
350 52
114 393
405 64
424 406
158 215
211 121
371 389
296 216
458 105
254 209
11 433
194 38
480 26
353 397
440 358
218 434
207 487
337 179
153 112
150 66
315 106
463 146
142 111
208 167
470 167
47 288
79 341
332 235
453 74
86 262
17 412
205 335
75 262
214 285
453 192
414 434
432 173
368 478
440 233
319 341
429 320
367 253
302 338
185 1
310 453
392 240
94 368
417 481
81 85
234 426
77 54
317 314
286 359
328 259
242 316
192 212
274 293
457 146
421 500
92 497
178 342
394 270
189 32
184 84
356 221
190 462
197 292
146 23
278 234
309 319
56 395
406 481
86 450
473 203
257 203
324 90
110 264
299 2
250 310
473 11
282 333
400 430
474 232
420 268
178 199
299 308
272 45
174 382
335 327
328 77
343 476
300 390
3 359
52 223
382 456
164 24
108 465
469 127
117 190
186 452
55 411
190 87
132 72
191 217
376 18
144 58
273 253
51 456
69 336
71 383
127 31
134 233
390 147
485 288
372 306
277 90
202 170
350 177
385 220
292 484
134 219
44 75
363 90
178 101
280 171
122 117
350 375
466 470
348 154
184 300
437 246
51 240
266 49
167 413
365 465
69 6
207 63
464 134
478 308
127 366
253 496
88 211
57 475
439 87
323 174
450 444
408 431
368 86
259 192
271 241
412 366
211 76
470 100
469 175
