110 1623 30
3271 3991 28
2852 2228 17
854 6 13
347 501 20
3484 2974 9
1063 1389 23
2480 3981 22
723 1756 3
400 259 28
2941 1889 11
2365 1394 14
3856 2231 27
1239 2816 7
3651 3284 10
1850 4613 21
1563 2192 11
1328 1886 6
4623 3465 29
4765 3269 4
1774 1632 10
3831 3864 12
2398 2062 10
1905 716 10
4853 2485 9
2515 375 20
4203 2852 6
4466 4432 4
1704 2701 1
4318 2982 4
551 4583 14
2394 1928 30
1559 546 27
3745 1721 24
3629 2410 10
407 1722 4
679 4764 25
3986 4208 14
3484 4262 15
1806 3946 27
3988 4785 11
684 1717 2
375 375 2
3353 252 21
2903 995 19
2009 2615 10
117 3299 13
1717 1127 6
3200 2862 25
3657 2556 5
2886 2240 6
2034 4497 23
2772 2889 18
2092 333 5
3742 4813 1
4568 333 10
2598 154 13
186 2507 17
4549 465 16
4751 594 8
3708 3936 20
4523 2332 30
472 4836 28
925 370 1
3997 1235 29
1156 4247 27
2702 4234 7
1442 4325 19
2118 3319 20
1588 4133 28
2089 1099 9
4020 2948 24
271 1101 13
1401 4700 17
4167 2358 8
2573 835 14
4905 3541 9
2286 2232 15
4487 508 3
1505 2688 11
3667 3198 8
928 3646 16
3020 3611 18
4838 4950 16
403 1745 18
1204 176 6
260 2947 21
4745 1148 16
748 1996 12
830 3940 5
1000 69 27
3344 2780 18
4366 943 9
1770 426 25
3234 4351 26
2496 4507 3
192 1380 16
2838 1619 13
4072 4563 8
118 615 26
2366 2120 20
3165 3796 12
1087 2246 4
1139 3736 6
4545 1306 16
1644 73 30
3286 437 15
1401 3701 17
521 412 13
2355 549 11
931 3774 28
726 2375
219 1546
1587 467
1512 1656
72 4721
1661 112
3301 4257
256 610
2349 1916
2493 4045
2177 1352
2266 561
4238 1635
4440 1469
3026 180
4986 4600
434 4269
3875 2597
459 374
4705 362
3029 3297
3029 2915
3387 3207
3708 2366
3035 2750
3103 4485
1149 4650
1559 4561
4812 1053
705 420
1100 4105
4572 2672
3005 371
3535 33
2773 1150
2632 90
2382 3991
1186 2779
1549 4889
165 2994
4945 2941
2823 4381
1198 1134
1710 2863
3380 1128
734 4903
3566 2580
3065 3152
2786 1953
3459 1017
2932 2553
3311 4704
1517 353
640 2811
1086 1129
4172 2457
3624 3884
4528 1350
984 3522
2160 1773
79 898
1454 617
4897 422
3738 1823
2759 1932
934 1792
962 2201
3921 1610
2529 3767
533 3380
2740 4479
1773 915
234 1564
4268 2210
4864 1959
343 819
619 209
1419 1448
1413 1599
2757 3070
4332 1192
3462 908
4453 810
1074 4205
4153 4598
47 1552
145 3433
628 2201
803 4523
3143 2296
4913 1194
351 1297
370 3528
4414 2631
4800 662
4368 3548
1746 3652
13 4142
2750 3741
400 789
1497 2074
1103 2989
2009 2427
2902 3338
1488 2827
3099 3660
4615 4116
1747 750
3985 2829
3308 1874
4401 4818
1548 3979
1388 83
1645 3892
3936 1979
307 2223
4835 1119
613 847
4792 1906
3776 1948
4736 2263
4491 1422
2916 1078
1622 2215
4562 4727
2446 3049
490 2689
605 1401
1933 1320
1231 4391
710 834
1590 2243
121 3264
3390 326
890 4556
3438 3798
1747 4682
620 4653
2238 4479
698 416
244 3757
3029 841
3847 1110
3101 1405
3038 4084
4396 3096
3113 1048
3450 2009
3820 1987
3011 303
616 4131
961 2240
4068 4862
4197 4151
1249 599
311 1846
1427 241
1513 365
1987 4272
3181 3267
1729 4274
3188 4495
591 677
4639 265
2125 226
2113 4443
1070 873
2846 4639
1232 4433
4219 4134
749 1801
4483 1722
4579 427
3335 3642
412 541
441 1237
3566 3095
3046 3321
2990 332
972 1976
3897 4111
557 4642
4519 1534
3713 2902
4685 1856
4632 4721
990 2650
3638 2238
3242 596
1262 1747
4957 3421
2638 2376
4097 4228
1369 263
2933 445
4764 4594
2195 2410
4237 4092
3811 147
2087 3802
1917 2242
1629 4300
465 2352
3904 293
776 4276
856 2297
4543 1626
3515 1463
4419 1612
1205 3630
2542 2222
2605 4037
3570 1877
2205 2430
1839 2250
3358 928
4858 4960
3438 2362
2627 120
3024 1643
3921 1779
2474 4096
169 3470
4849 289
1115 1847
3877 2636
2087 753
3599 2717
4150 710
1389 4320
255 3991
1392 4610
3361 1243
2712 703
3394 2267
1505 4976
789 1061
2449 4627
72 1097
4335 776
2590 3922
4296 4239
4244 67
2279 3734
3868 2848
753 3542
2167 1419
3355 3453
104 521
1975 533
1377 2324
4928 3507
2583 2312
6 1219
4704 2246
3706 3275
4438 4612
2213 2872
591 942
4865 3968
3327 4858
3129 1957
4093 1834
4075 2102
4839 2357
730 773
4859 3078
3643 1107
3368 868
2148 1443
2528 2948
1468 2108
849 338
233 2531
1386 1082
1558 2611
3721 2880
3187 2697
1457 167
3657 2487
2046 146
4400 2356
1043 247
2783 1846
4933 2572
962 3147
2405 4072
540 3360
2487 4136
2183 11
3668 4710
4028 2843
3824 4383
512 3010
1548 1502
727 1257
2843 3551
3455 2874
3877 3099
551 2561
1106 3520
146 4748
1500 13
4370 2259
2063 40
4240 1009
3367 3696
2058 854
4786 3869
1302 1793
4097 1456
528 3171
717 2579
1849 2929
3956 1711
1346 2896
1824 2191
720 4173
4078 3762
3533 4949
2694 3218
3727 950
3488 1015
3181 2412
1783 1756
2232 4106
2082 4391
2385 1448
2889 5
4000 2367
2667 3335
2423 2428
3073 4721
3097 2291
1189 559
2538 1208
4441 1012
4640 32
2579 4604
417 3832
1468 2263
1763 500
602 4262
2534 337
3347 4125
4291 2001
3712 2834
4841 2143
1123 3139
2314 3732
2465 154
1843 73
65 1955
47 3132
2759 4506
3776 4540
667 2624
2763 94
2266 3694
4892 1050
2289 4161
1097 4266
2187 3920
2215 4659
4270 4048
4297 4353
4985 4496
819 2026
3599 2893
606 1953
1480 4568
330 3490
1302 1208
756 2994
1168 897
2088 4316
1560 3160
3202 4152
4147 1334
363 4513
558 4086
3048 3625
4204 1697
1288 3317
12 1337
2553 361
3409 4557
2256 3258
4972 1592
4891 3707
2287 3991
1314 2639
3071 3298
1885 1984
3725 4157
2249 2710
2325 3088
496 3675
3025 2128
2416 3896
228 3454
704 4121
2965 3748
790 4467
407 3367
4682 1128
2481 2123
2567 227
2405 1792
12 2936
2517 4389
3167 3663
1680 3969
2539 826
3192 183
4652 455
3363 416
1609 4010
3509 27
3013 2565
520 4290
3617 759
1824 271
634 3872
1639 2051
3363 916
4651 2317
4109 176
513 3491
4518 255
210 1534
2457 4223
599 2270
346 364
2121 1796
2112 3267
3614 3176
3657 2831
339 841
2087 236
4933 1077
2676 4949
4521 3975
3277 1114
962 1111
2714 4382
3053 3494
2671 4057
1505 1895
1360 83
3834 4563
2109 3243
711 438
322 4444
2931 2132
2010 620
4570 992
2872 781
4358 3399
3908 4505
3463 3754
3507 3606
3218 139
4125 2135
2142 2282
4282 3342
3079 4092
2889 3395
2569 4559
3745 4359
1267 4508
4282 2594
2411 3609
1890 618
3121 3464
975 4346
938 4360
2746 2570
3187 3818
1770 1094
4071 1203
536 2177
2034 1452
1115 2999
951 1399
239 4738
2398 13
3835 27
408 2653
4076 3077
2869 4445
1449 1552
3517 723
4206 3993
4950 961
272 2530
272 4381
3897 464
2628 3871
2584 3963
1144 3331
4245 3359
3716 1006
4717 3954
2898 164
1129 4536
529 4914
644 3493
1760 3860
4987 3771
1774 877
155 4805
416 460
157 4726
256 3770
339 2752
2084 471
3539 4671
3263 3511
920 2270
2968 1835
2066 1693
3653 2512
216 958
647 3060
3634 733
3313 315
2909 2300
1506 2810
3766 1822
1239 3820
1095 682
3897 2225
2028 2748
789 4308
10 877
1642 4661
4563 4070
1402 2279
3945 4751
3853 3497
3749 433
477 2655
3113 316
536 2151
2457 4348
1207 1076
2789 1674
3907 322
2860 876
4360 1007
4236 703
1734 1851
929 4521
4705 3494
3598 3049
4564 1366
480 1179
309 3369
1244 1413
143 890
1150 887
237 4959
3499 391
3337 3924
1877 1167
4406 2892
447 2048
2215 797
3193 655
4748 3803
1383 1343
894 1421
219 778
1212 4716
3888 2052
4076 4763
2222 3055
679 3913
4577 245
1376 917
12 3729
1596 372
4094 3987
605 929
4990 2910
2469 2903
344 1799
3801 3439
4450 3786
884 2447
1011 759
4691 375
2922 411
377 3574
478 4555
733 1296
3030 3983
1115 4656
3620 4164
3739 1706
1463 3292
3608 3757
1132 531
4486 2057
1022 4786
2504 2771
1276 476
425 4692
2563 3203
3290 3171
2827 1559
4619 4293
2449 379
734 4846
2245 810
2564 214
4284 385
1839 4379
3645 4046
1888 3373
4519 3342
4425 2835
900 3351
3700 4580
1506 2091
1869 1697
894 2728
3058 3678
2583 1019
3559 2339
3600 3633
947 1699
3608 4208
3005 3376
777 4902
3996 865
797 2899
303 2681
66 4314
4674 1268
4893 3819
78 2811
555 2459
4091 704
3131 732
2790 527
469 4496
2288 2126
93 424
1325 2814
2031 1323
551 4348
4078 2234
2767 3213
2356 2193
3671 4301
3716 2200
350 1190
315 1231
828 4440
3651 2023
771 2008
3060 217
3034 4632
2367 642
4048 2078
2040 4979
3804 601
771 4864
2996 1029
1395 4183
2319 3140
2802 1161
1845 1509
297 3865
2543 1810
1677 399
1335 101
3011 4110
1112 698
1088 1711
1831 799
3391 2037
1204 982
4510 1337
51 3763
1340 3592
2371 4935
465 4207
3950 4388
4850 1745
3631 893
3811 2310
3934 4207
3576 2021
309 706
329 498
2688 2927
3360 2915
2148 4912
4014 1868
3889 223
2954 4408
1392 4402
4729 2177
4198 746
3863 1317
3752 1345
918 4960
3151 3632
2099 2139
4334 1456
2571 1207
3442 3026
4973 2830
2831 2333
656 2650
2335 4683
3232 4071
2765 1122
1594 2696
3799 1924
4176 3223
3613 4932
3856 3686
1255 207
2029 2678
4629 3376
812 3889
1576 4088
2697 663
3162 1276
2027 1794
4216 4125
3758 3602
3020 2228
2022 3152
3919 3234
2449 12
4567 718
4022 179
1177 504
442 4319
210 2645
251 911
4019 4101
4309 4720
4516 31
4326 2900
441 428
2720 4051
132 1605
3287 405
2626 477
4707 285
530 1869
860 2719
3402 657
4496 210
2536 4687
964 6
2951 2404
3641 675
3011 4324
3496 4067
1870 3662
552 930
4248 3473
3111 1654
2140 4088
3953 3428
1544 6
2628 3594
4723 2157
2496 4444
3723 3159
806 2802
1890 3257
2470 1983
3016 908
4902 683
4897 4581
1009 1413
4230 1258
1168 4812
2020 4441
2045 4545
1666 1933
1945 3988
736 1248
2840 3757
1588 1844
2663 2976
2374 3147
3799 221
3303 1632
2790 625
2883 2573
16 4118
4018 3472
859 6
3076 1972
2307 2638
1207 2957
966 1891
4975 1108
2861 2344
1120 1500
1658 2115
1101 1859
4033 1467
3982 2015
4893 2860
2500 353
4080 2432
4862 1952
1108 1027
3996 4404
318 3968
1251 2125
2786 4349
1433 2565
4816 1142
4353 2946
334 1702
2844 2083
1067 1476
4756 2311
1292 4848
1771 3783
2739 1690
2389 1486
232 1095
4952 1007
3195 298
2412 1797
404 3146
1171 3580
896 3066
3580 1096
889 1864
596 754
860 3099
274 2484
3106 3157
4395 635
2675 2276
3316 2956
3780 591
3904 4253
2269 1143
3258 4266
2027 2746
4825 1550
1608 3503
2629 2857
2487 348
3928 1546
4481 1332
983 2347
4423 2656
3500 3430
2052 2040
1060 2982
1209 2656
2594 2108
879 3937
1790 4215
1233 3258
4936 2995
2703 1294
4869 4010
1359 441
4722 3504
4819 103
1515 422
1212 1805
476 4983
2707 2776
4212 4673
3339 4612
2886 2043
825 4302
2869 3637
2227 3416
630 2109
3180 765
4393 2463
685 172
3198 2358
429 3237
2158 3851
206 2940
4330 2547
4684 1025
4692 4955
1623 3754
3927 3571
208 717
1687 2413
4301 2270
213 3816
2092 576
4559 1897
1758 3793
2822 3759
2537 2371
1513 1827
3708 1391
3050 3161
4861 3773
120 2524
1548 2441
3251 3600
4824 3651
292 1563
3629 619
1544 235
1163 3910
4818 3082
622 1646
2474 1410
408 3956
3076 3889
2963 4804
26 1706
818 280
2374 383
1221 3746
4015 4501
3 63
2858 3889
3262 3806
857 4252
3680 2486
2586 2652
4110 2359
4049 3581
920 1124
234 1343
1123 430
4057 3652
2763 2266
46 2830
1720 804
3579 1867
3620 1884
1506 3136
4426 2370
1648 1726
3242 146
4198 278
670 1026
1218 1435
920 3291
4381 1238
3993 3645
2485 1900
2661 41
4709 4330
2717 4896
1849 3149
3169 1940
489 4375
537 3629
748 4983
4982 1177
480 394
4585 3805
3167 3686
4298 3177
2136 4242
4813 945
3252 4165
499 2257
710 4077
1504 4156
3964 3939
4379 578
2713 3143
4406 2191
1051 4215
4143 2226
4298 2175
2839 3685
3547 1460
2879 4880
4068 1506
4239 3719
4800 882
396 2428
4368 3225
281 4244
3342 448
1836 2352
3840 1016
2290 3398
2251 4230
3848 2862
4140 708
3764 639
1841 3261
1346 3140
4457 2634
2200 3994
4837 3796
3704 400
1277 1486
3799 3420
2711 860
3828 3096
21 3373
3506 84
4553 2055
311 3357
2558 1980
4610 4365
509 4174
4902 3383
1017 602
4045 2386
2340 3465
2451 2099
3817 4287
2974 3376
2930 4248
4865 2020
3748 2711
224 392
1533 1963
2106 1568
1492 2973
3541 4945
4137 2180
3608 1976
2077 1076
3142 2509
264 470
1403 3252
4608 3908
2417 4378
3209 2124
3069 1834
4911 3580
44 4291
1749 160
4751 4288
1664 1218
1677 3307
21 2285
4282 61
2494 4870
2286 4802
1794 502
1294 429
2805 3331
4487 4997
2404 710
999 3373
4774 4823
1151 2850
4378 3988
1898 2251
2418 2484
3656 2494
2107 3274
2442 1819
2592 2887
2236 4667
710 4890
2744 2476
4033 2232
2307 1954
1629 3839
1987 4619
2828 4248
832 2531
146 4096
2140 227
4022 3361
1684 4248
2810 1057
230 4546
4749 3791
2180 2639
3877 2277
2482 4509
3796 271
2710 3547
3836 2592
3495 888
3227 2375
4951 788
1147 1489
3326 824
2652 2641
4970 4501
1601 4629
69 4166
4888 405
2863 4143
454 4162
2857 3533
2881 3939
3841 251
3220 646
2576 1929
3719 2587
4079 1296
2093 1245
959 1462
3397 4137
4989 2763
1830 3788
2654 3287
2476 594
4344 3411
4578 264
4573 2586
227 3756
853 4713
852 3874
468 2876
1446 2045
1350 4615
3771 2052
2504 4317
3116 4758
957 3727
3115 1422
2624 1538
3945 4755
1758 2831
4752 204
4266 2586
4038 4411
4701 760
3150 4424
1638 737
2889 4921
565 3414
3014 4784
2509 2489
3127 414
6 1901
2554 970
2318 3198
2719 4510
2041 3089
1169 2741
4516 2329
2450 298
2173 86
3609 2779
3461 3583
2190 220
3469 3878
181 1531
629 3476
2736 501
1525 1454
851 230
3337 2600
3705 1091
4441 4623
4265 1425
4909 2802
104 4199
604 1830
1322 3260
5000 3841
3889 1353
4161 2133
4428 2451
1085 2416
2959 166
1018 367
2662 4410
3516 2298
2156 4626
1147 2925
3399 1610
3195 3183
1156 3846
1288 4445
1051 4155
1651 4769
130 2692
3404 2469
562 1541
501 2758
4731 570
1934 1071
2574 4084
4525 3754
228 4638
118 955
4660 3063
2754 2997
4599 1692
4981 339
1059 4004
1106 2139
3935 3352
1675 2002
3183 384
4449 4731
3692 1229
4145 1687
1278 2154
1194 3221
3599 4315
2819 1740
1602 2868
1972 116
2930 3889
3812 3800
809 1522
4700 4373
2044 86
4918 1193
2290 671
2076 2999
366 548
3252 4522
1380 1510
2152 1647
3277 944
4157 3640
177 4343
2492 1060
20 595
1617 585
3086 243
2226 318
2036 4427
3489 1156
1019 854
4624 54
700 2747
3498 3825
4951 269
2018 4725
4428 92
4176 3982
4851 308
3955 3255
1200 1277
1317 4442
3412 4369
1498 3085
2894 4807
261 2598
3897 1662
3619 2390
3279 2347
3535 760
4656 3388
815 3149
2797 2618
3349 4826
3971 214
1310 873
2727 2509
2389 3182
1864 3
743 2075
3538 443
2618 3086
1857 4107
3858 2805
1229 289
3392 2322
1619 2704
3833 3398
1377 84
3264 2285
21 3535
3695 4269
3303 4592
3380 836
259 2939
4193 506
3174 2900
3673 2975
3498 1805
4625 1201
1090 1879
4100 123
2377 453
4949 3107
830 839
4062 4613
1527 1281
451 2811
1437 347
4407 2539
1686 910
3754 1085
4918 1738
4203 2357
1452 1242
224 2232
3908 677
1874 3299
280 691
1232 1318
4274 2715
88 315
1758 4522
2311 1336
316 4056
3386 3398
134 3811
3257 2594
4248 4831
973 1856
4305 625
3882 2405
4565 4070
1230 193
3535 2297
2726 1264
4165 1500
1122 1757
2513 2295
2707 935
4168 3025
4322 1738
953 4190
2306 4361
3153 4110
1651 4133
2811 1248
2472 3002
202 3024
2048 3362
4076 1227
2701 3505
2258 1250
20 2375
4194 618
4386 3606
3710 175
279 2385
3988 4867
4579 4445
171 1566
2564 238
925 4060
2324 2035
4101 1358
4933 1834
1053 4528
2974 532
2146 434
423 2345
2011 4976
3021 1880
2130 3842
4996 1908
1811 3184
3520 4997
4036 2917
576 4128
921 1160
1693 2312
1867 2288
3747 2900
1390 1128
1542 1304
2017 313
4833 2899
2006 439
3288 842
255 1973
850 1076
2986 3875
2658 4005
355 4993
481 4649
4691 1223
110 35
322 1983
4990 2591
848 2850
4089 2852
153 4568
3188 649
4613 2419
220 321
133 2325
3773 2685
1265 4680
1248 3753
1356 4094
3056 4643
2823 1429
4642 579
1761 1881
3617 1324
3043 3269
649 671
224 534
2181 75
4879 2298
4611 3981
3286 3820
2842 852
2252 158
4524 4395
4488 4177
2531 541
2959 1872
1927 1470
4889 4758
4538 853
4900 4343
3521 2952
3528 3518
4815 1783
2202 4376
1174 1993
835 1357
4896 2523
4785 4036
2993 4777
184 4150
2740 2951
3313 403
4196 4424
3434 3559
2908 1640
3419 4299
1381 3496
3197 1068
3061 3769
2897 1954
4973 4844
4423 4507
806 853
4132 1661
3660 1683
4648 316
3150 2264
4113 2381
775 3732
3619 3442
425 730
182 547
4298 2086
1741 3532
4087 4509
4294 3256
4723 2498
2950 2879
886 61
3242 4916
4755 2511
3982 4587
4525 4192
353 3470
2328 4195
4230 1136
3541 4339
3878 1048
4294 4848
4841 352
2884 2411
1992 3068
3885 3531
1859 3293
4337 2283
718 3987
3059 4172
1496 4759
1981 1005
4688 4574
3820 4457
1316 4430
3738 2507
1897 221
483 1005
1329 1008
155 1675
1813 1096
2541 2403
1678 438
2446 4856
421 3846
137 3555
2367 247
3 1514
1480 1
3693 1363
3622 457
4300 4684
3945 647
1925 2092
3148 1113
80 526
2632 4578
3334 4515
1097 2166
3967 900
411 1206
4640 185
317 1043
3636 4471
4666 2053
3062 2269
1701 4153
802 1880
720 1552
2599 1145
2036 4043
2138 877
1352 1317
649 2625
1026 3164
3369 4442
406 3031
2596 534
2525 4851
4010 4006
3750 3151
1834 3960
4835 3821
1901 3128
3119 1520
168 2612
2279 1112
2853 1722
2145 3923
1687 289
867 321
3650 4512
4299 2708
1024 309
3927 2487
4329 857
1414 1705
1845 346
1169 2534
3278 1677
2764 348
1268 2607
985 4039
2134 3773
2895 415
805 545
4742 3024
2181 1228
1232 2459
943 2894
3149 784
2321 1879
4221 4973
2477 3918
2827 1423
3476 2114
894 4294
432 2310
3475 4984
2932 2019
2317 824
94 3196
4444 1073
2490 4232
4572 472
4948 4887
2156 3441
3954 418
146 2381
2554 2287
718 493
1292 2716
2198 1609
41 3006
107 2996
3087 1918
2038 2228
4631 786
979 3598
2341 3548
3647 3533
4981 4174
3281 428
559 288
2648 3527
4091 370
3894 880
588 1903
2010 4923
3080 4026
3795 3725
883 3559
1541 2371
4611 2833
4243 1533
2611 3361
1485 1840
866 2242
4805 1050
3432 2357
2368 4808
1116 555
1221 4452
1508 884
1475 274
2120 2562
95 4981
4118 4151
2657 1675
4242 104
70 4589
940 216
6 2218
2483 3622
2083 409
4387 1696
324 1554
