120 1242 30
285 289 15
384 35 15
137 322 20
342 371 28
464 283 12
378 102 12
297 253 29
181 236 2
12 255 10
270 93 11
126 457 28
303 421 23
298 61 13
55 133 15
294 394 13
118 254 30
54 302 7
15 223 24
434 192 30
404 358 29
484 406 17
296 11 23
497 419 27
32 217 11
121 377 19
164 243 1
497 494 19
10 332 28
499 82 20
190 167 24
255 195 18
182 8 9
422 224 12
412 416 13
47 461 9
65 412 15
146 350 24
21 395 28
223 395 8
188 166 4
403 153 5
185 189 11
253 203 23
11 131 5
178 93 22
41 430 13
137 444 19
34 200 5
233 178 23
108 106 29
293 123 21
418 206 12
348 53 8
118 263 2
348 143 29
157 446 28
377 389 11
429 344 10
332 336 9
35 247 17
282 394 5
389 48 7
313 41 6
48 215 1
457 14 20
101 157 26
434 90 9
483 173 9
45 257 10
68 153 25
330 20 21
373 220 12
186 427 14
140 85 27
95 410 16
432 392 15
247 89 8
197 306 9
153 186 3
390 84 5
341 8 30
218 493 10
254 374 19
375 410 13
141 191 14
308 328 21
367 371 5
392 75 11
230 196 23
211 339 20
53 295 16
54 137 17
96 482 1
51 500 6
105 292 14
387 451 5
55 34 20
124 476 21
415 114 17
7 470 28
23 335 26
409 420 24
82 444 15
46 445 16
271 392 19
29 326 21
338 410 14
40 380 17
416 328 19
45 264 14
259 405 15
236 5 15
158 293 15
95 457 2
200 377 21
472 261 14
27 306 6
442 29 12
334 382 5
417 239 14
130 335
472 230
472 340
62 256
98 58
78 187
238 293
35 116
353 440
445 498
418 119
240 370
465 168
480 101
92 356
25 124
480 112
75 385
243 401
362 291
375 164
387 132
170 470
227 338
35 435
371 117
488 252
205 52
292 213
191 471
479 258
8 287
304 377
73 224
314 22
49 210
390 70
291 26
386 28
446 58
23 225
84 174
117 89
273 198
94 103
120 72
386 315
481 125
88 321
37 239
28 224
236 340
58 21
42 42
177 288
206 108
398 127
47 110
173 406
22 317
261 68
79 233
114 167
192 470
369 66
28 446
444 479
378 153
443 493
358 213
391 375
328 184
415 362
461 50
455 15
176 137
438 170
427 270
21 119
451 264
147 39
485 413
268 487
81 202
481 358
369 87
458 19
222 185
179 316
4 222
471 47
179 113
209 479
101 489
73 473
89 83
195 372
458 380
432 486
275 376
66 216
350 372
137 400
236 410
161 163
337 492
465 318
115 53
110 192
99 332
411 253
152 475
192 45
102 70
165 32
494 230
18 207
366 500
489 44
346 166
449 118
76 473
292 363
121 437
78 403
121 290
336 259
88 400
143 289
261 221
444 106
425 300
430 478
188 243
258 303
224 220
477 263
13 343
472 245
500 119
431 215
460 154
272 149
79 274
249 483
445 90
295 328
308 258
339 493
392 304
493 169
252 9
445 47
19 307
421 131
202 55
28 133
343 176
230 417
340 332
345 161
90 178
101 124
179 62
294 418
418 483
366 62
67 175
437 10
260 78
88 495
161 73
372 143
187 483
439 435
248 233
32 263
175 85
381 218
177 301
40 464
332 89
487 122
224 440
241 37
244 226
250 481
414 263
295 105
116 390
237 375
375 107
449 260
399 167
439 468
393 213
421 320
264 204
392 49
365 441
230 206
257 132
456 30
99 494
500 327
360 50
280 70
287 230
499 282
400 212
71 342
56 146
347 77
442 196
302 75
256 255
399 168
51 306
376 265
191 393
94 132
233 239
3 18
344 84
284 326
426 117
230 239
339 201
146 287
417 56
220 409
446 237
399 250
284 336
276 87
129 280
352 386
188 497
419 28
63 488
494 221
265 73
187 139
290 210
165 220
45 199
403 188
39 138
275 270
487 39
103 240
431 363
463 342
215 33
180 225
5 277
121 141
254 18
327 363
477 359
274 140
44 476
174 161
43 428
242 166
281 434
104 366
212 89
91 437
415 403
431 461
21 61
103 108
31 202
438 282
197 330
284 379
478 187
57 301
91 73
3 196
268 75
437 448
277 313
470 303
259 10
69 413
228 399
65 190
238 199
200 74
488 54
405 85
110 428
78 99
445 61
118 457
496 204
494 354
360 360
429 445
232 196
500 27
49 41
388 497
179 319
473 310
236 418
452 354
210 421
293 397
340 254
271 29
200 363
278 407
17 222
199 383
344 138
482 61
472 60
16 150
145 427
280 249
268 265
379 167
382 164
126 343
451 427
400 480
227 499
429 83
174 363
355 150
202 283
213 187
390 250
371 25
421 411
89 220
234 77
177 329
51 139
52 133
290 354
71 371
107 420
383 339
485 170
153 350
222 37
487 129
431 306
473 306
408 31
290 172
226 247
71 132
225 9
356 178
343 225
5 121
105 446
261 169
235 357
74 350
164 105
392 305
145 261
158 349
481 279
338 156
36 39
117 292
12 353
268 375
401 401
277 86
356 278
346 59
83 247
58 276
434 410
210 339
141 426
444 471
304 221
47 376
122 395
367 421
393 98
350 127
39 478
48 187
387 484
31 457
26 446
137 157
449 300
81 372
102 319
355 453
10 181
168 1
267 207
453 67
158 123
218 162
116 254
452 90
162 31
165 208
29 337
320 385
208 327
425 489
390 307
259 435
79 425
328 488
45 170
155 253
22 116
161 262
370 400
340 21
125 31
326 49
335 495
495 27
127 23
19 450
367 168
114 314
123 119
454 197
373 134
481 437
158 178
133 117
178 467
157 58
150 134
51 434
375 330
163 165
24 332
414 473
411 102
279 441
415 365
456 271
370 441
478 361
146 281
447 470
152 257
306 485
496 440
36 328
160 226
112 117
273 446
168 111
215 176
381 443
313 239
168 305
249 361
222 244
61 309
71 388
208 449
128 439
54 191
331 434
437 379
207 489
67 316
195 105
58 496
380 110
24 434
255 152
62 76
181 252
297 11
56 211
259 312
2 264
176 294
203 115
45 476
200 483
197 337
185 312
352 125
371 243
88 416
336 445
231 497
169 134
344 68
244 475
311 270
280 232
119 149
78 87
456 252
38 110
38 310
75 58
144 400
178 51
151 279
254 288
72 93
365 308
433 346
367 342
219 448
13 89
172 178
120 242
47 486
70 69
85 418
325 74
77 349
335 88
368 145
221 218
323 326
174 67
31 111
423 121
376 72
11 225
244 276
299 151
447 461
487 361
451 24
92 461
6 202
268 249
316 62
464 293
98 24
23 141
29 433
199 305
492 161
65 245
457 305
347 418
71 311
76 390
200 191
491 291
19 467
373 194
28 121
196 416
168 195
13 311
115 18
163 219
446 220
119 406
46 82
339 74
22 12
252 79
122 268
26 276
289 191
381 363
125 110
258 219
291 306
237 162
230 388
52 305
25 414
435 18
147 38
30 292
303 312
377 57
173 415
455 395
155 40
287 458
431 295
389 466
411 281
85 325
115 259
377 405
298 349
162 309
387 387
228 9
283 63
109 264
98 344
493 281
52 111
27 290
426 357
376 251
73 392
26 332
20 410
1 201
386 302
73 35
478 60
108 423
24 342
141 387
36 250
269 121
376 91
198 444
83 274
105 130
492 462
219 346
435 298
350 168
454 152
316 314
227 439
121 357
165 211
67 427
39 256
177 42
278 257
387 61
308 167
359 156
149 395
497 387
143 459
273 193
360 215
411 123
285 337
108 161
98 308
4 479
108 295
486 389
493 157
172 242
391 128
472 37
36 415
478 86
273 197
105 462
171 9
193 7
486 113
246 376
277 236
287 272
141 196
356 443
130 70
246 238
300 86
475 489
98 97
273 281
433 345
154 369
217 444
117 187
80 387
492 459
446 402
330 274
172 113
442 352
334 45
29 281
254 77
50 419
418 163
104 468
147 122
131 255
280 279
175 301
466 324
164 104
497 158
135 465
200 79
26 119
390 483
99 293
58 60
235 123
419 139
59 394
202 358
178 161
88 401
399 447
195 162
79 123
293 182
329 282
328 401
398 305
114 20
347 356
279 76
13 146
373 463
495 301
358 35
64 433
404 334
78 459
101 130
393 108
468 442
454 472
19 471
91 444
264 170
384 247
390 22
466 224
167 71
382 330
122 494
337 417
212 122
366 55
241 165
198 400
450 500
13 171
400 437
225 131
6 89
354 245
175 220
472 246
284 312
153 441
464 406
320 107
187 203
490 362
229 384
256 453
306 229
381 128
132 373
72 47
261 297
110 486
286 410
281 394
175 64
186 391
5 176
134 448
9 389
447 372
450 98
455 344
206 488
305 461
420 82
89 11
65 82
258 111
399 260
462 187
398 301
376 245
244 309
162 16
236 183
372 440
341 266
265 105
486 29
362 244
34 374
232 406
349 191
417 123
449 319
13 462
25 133
128 351
157 172
102 207
440 104
152 214
59 337
276 32
376 465
38 291
247 123
29 264
286 395
468 441
389 186
240 271
496 336
335 490
199 276
100 306
417 50
14 264
409 314
234 98
231 281
362 462
112 340
342 400
431 153
30 433
372 445
258 193
409 330
490 453
307 306
206 160
429 436
291 296
373 423
432 363
18 32
289 232
318 29
103 211
448 396
87 468
203 482
316 490
359 437
399 100
192 405
309 125
210 333
134 248
460 82
209 265
193 313
80 233
404 55
284 68
171 82
267 234
328 98
212 253
54 82
353 181
357 328
39 283
325 55
490 78
439 238
387 54
422 469
435 122
136 432
61 200
248 137
184 436
151 499
354 327
443 240
167 257
443 124
440 226
80 394
465 118
192 337
338 69
139 155
132 44
33 366
479 21
261 158
345 442
344 473
36 393
264 16
218 326
401 122
382 418
178 108
420 438
300 316
30 200
494 469
163 5
390 227
495 151
27 296
7 281
439 151
461 449
17 431
261 477
173 335
8 226
359 17
41 20
318 296
41 325
424 26
404 445
276 427
351 191
272 13
46 58
303 403
236 76
364 146
228 235
144 355
493 468
211 186
144 425
72 125
406 423
365 289
444 486
361 15
483 125
179 296
88 420
147 310
374 470
409 239
68 407
124 394
309 197
183 459
136 1
235 23
432 143
350 22
220 310
443 402
52 83
283 304
183 34
155 209
492 198
424 181
384 437
474 149
277 121
153 335
462 84
452 382
39 91
486 141
153 36
239 172
187 176
202 485
55 318
226 240
38 272
34 59
412 208
402 211
168 74
197 176
307 342
389 170
240 65
374 259
68 225
25 51
302 40
290 410
300 411
239 316
243 199
285 260
448 358
494 170
107 175
450 36
171 411
44 189
130 244
353 179
178 209
415 419
354 401
104 353
278 488
462 24
126 164
70 260
115 328
133 474
110 20
467 398
449 266
257 119
45 354
492 50
351 469
335 436
421 25
366 379
398 113
442 363
362 130
197 26
173 67
305 132
169 495
333 96
238 455
198 153
480 6
260 487
407 435
259 200
447 24
186 160
87 258
382 363
74 81
301 252
233 91
195 132
36 160
468 429
336 478
464 311
77 205
429 103
194 165
170 285
332 247
294 242
148 468
338 34
252 341
464 209
348 481
92 122
171 408
399 238
251 159
167 403
71 370
182 48
245 78
89 331
154 187
140 4
358 363
216 454
147 35
391 111
73 284
187 496
33 116
135 149
224 195
18 164
129 409
238 407
472 396
184 184
453 231
425 332
321 172
189 317
277 465
26 363
421 291
209 372
180 181
67 459
149 24
72 262
64 68
280 356
10 111
161 399
456 150
9 421
86 162
397 490
61 28
44 291
95 366
67 148
415 458
164 382
272 346
77 475
40 94
53 67
358 440
195 389
375 305
186 362
87 315
298 158
280 276
325 349
48 485
292 116
339 86
251 455
5 13
91 71
388 459
459 408
343 177
168 91
176 358
360 267
100 38
236 205
234 193
252 438
227 11
154 295
462 49
307 93
272 42
12 237
470 318
256 332
450 339
293 285
16 25
301 50
405 82
258 273
37 1
402 253
275 7
350 278
321 77
360 361
283 483
265 60
294 444
390 385
417 173
9 229
406 184
11 383
148 84
416 95
150 329
416 221
205 241
175 279
169 482
292 401
192 486
58 259
230 49
451 384
30 125
161 196
231 103
177 96
471 407
124 285
49 17
118 484
457 261
86 17
306 71
271 313
154 500
228 62
353 183
151 174
254 331
388 381
435 108
69 439
480 43
303 181
285 45
270 500
206 40
202 367
107 158
234 476
11 169
482 152
171 152
455 9
415 230
440 231
491 162
315 488
182 51
447 152
404 429
303 388
434 145
94 433
272 459
283 426
422 28
1 298
396 413
69 226
317 479
481 499
431 37
5 438
444 390
237 238
85 386
175 51
402 315
207 125
263 8
55 59
147 227
79 426
