140 1372 30
162 381 2
387 383 16
121 451 14
24 123 18
406 98 2
176 170 11
449 485 27
364 153 29
349 136 12
299 334 27
223 367 29
93 155 5
38 24 12
498 329 20
441 414 19
166 233 1
247 494 12
463 70 17
194 288 12
90 218 15
456 497 14
119 352 4
303 260 28
148 113 24
165 50 22
383 466 30
496 30 1
397 251 13
216 198 2
458 11 2
382 107 15
2 251 15
210 108 19
261 45 5
187 275 9
474 36 5
498 59 3
386 208 3
179 350 3
283 138 12
116 339 29
185 387 3
26 92 5
152 170 21
286 436 11
484 193 1
489 32 17
205 289 18
392 133 26
195 350 20
250 84 29
133 112 6
380 384 1
181 175 13
56 172 10
221 278 18
286 175 20
440 190 14
116 238 5
490 277 9
429 46 24
201 89 8
240 306 8
345 417 24
160 256 9
240 149 15
168 439 14
52 54 8
187 281 9
196 365 7
31 214 11
7 32 7
398 45 22
15 300 13
305 299 24
379 477 10
422 430 30
387 105 9
223 248 29
320 266 12
498 278 10
461 498 28
73 415 9
487 194 11
353 482 14
59 385 26
267 202 28
447 27 4
126 120 16
277 299 30
70 100 28
429 165 23
48 50 6
260 442 28
405 442 4
255 32 22
331 429 26
249 89 23
38 144 9
20 149 1
430 123 27
406 173 29
211 138 22
277 474 7
16 346 19
279 106 18
114 194 20
265 167 27
189 328 21
183 370 7
297 420 7
345 61 10
11 206 22
71 208 26
470 207 12
120 26 23
324 498 7
167 317 10
111 333 13
264 376 7
353 310 8
274 199 27
338 245 2
421 105 15
143 28 6
489 290 5
480 274 24
223 166 7
121 209 15
187 198 6
65 286 18
48 143 27
176 188 6
311 326 4
97 84 28
198 217 30
299 447 21
151 125 7
117 194 5
250 51 17
16 414
429 386
273 390
210 162
125 26
434 433
498 333
7 40
202 71
378 451
273 162
223 79
205 492
367 402
333 195
181 251
367 368
476 17
31 42
176 376
82 305
305 364
171 183
482 170
84 369
110 413
226 95
483 89
421 333
354 15
243 45
287 305
15 423
48 445
272 203
24 282
188 226
82 190
374 381
154 448
283 63
335 124
394 449
56 398
275 126
120 3
100 491
278 463
26 306
66 214
157 498
171 442
99 35
10 372
313 453
208 357
411 345
196 409
342 398
224 131
180 320
57 384
136 135
468 115
125 21
103 493
343 408
265 118
187 471
411 336
229 466
289 115
188 357
187 103
422 272
394 470
99 328
276 137
190 13
4 126
410 433
202 94
250 413
400 372
75 286
454 67
272 282
108 289
123 173
430 426
219 483
52 19
64 285
420 7
59 435
130 477
254 297
282 199
8 266
499 204
417 20
246 109
265 146
461 218
320 300
315 9
121 152
470 63
211 187
54 208
85 261
234 125
29 4
475 274
499 46
91 211
96 417
325 126
288 487
29 284
491 292
428 384
139 500
377 119
100 452
449 103
109 238
225 204
83 60
93 473
396 418
491 215
345 132
336 489
123 266
470 294
327 112
349 137
460 365
314 374
231 235
196 24
172 109
182 27
448 66
74 123
390 172
384 448
146 195
303 145
491 382
9 330
147 127
165 128
202 162
289 448
329 487
248 41
261 43
382 135
235 349
132 85
257 208
109 487
222 235
244 140
449 474
230 157
328 146
92 87
47 211
475 187
38 89
240 428
421 389
360 372
241 196
429 345
25 63
102 61
305 349
393 97
262 100
217 492
255 57
363 179
203 308
142 191
456 478
168 449
304 381
188 496
333 368
138 355
295 282
117 485
492 334
255 341
63 96
119 421
20 293
478 250
55 210
288 124
50 421
170 31
231 197
146 387
55 21
94 35
109 255
491 95
380 275
65 120
379 453
93 313
64 473
127 316
173 35
308 221
497 227
316 132
188 66
162 345
419 313
109 489
452 1
461 418
191 191
81 169
229 216
482 434
380 418
392 371
80 329
366 395
70 485
490 229
240 214
334 450
354 144
254 479
75 316
101 38
17 261
379 353
355 287
243 304
412 349
54 284
261 461
14 5
477 333
423 378
72 491
207 346
106 72
412 99
39 410
119 269
199 109
429 439
476 232
107 412
129 363
306 35
258 403
479 414
142 214
352 74
315 277
316 387
67 497
169 68
247 227
223 476
458 271
64 74
226 328
425 137
1 129
96 354
140 102
8 192
118 27
408 5
72 16
194 349
391 35
257 149
77 111
406 83
410 4
268 354
131 268
11 284
85 442
227 125
113 195
381 106
278 452
84 41
167 130
140 380
126 165
239 381
294 131
393 262
387 212
471 103
7 376
262 484
52 105
485 309
112 185
131 5
441 492
325 185
476 41
454 139
252 380
267 381
189 224
401 146
170 237
458 465
42 179
265 72
492 353
313 373
214 294
493 129
60 267
145 318
28 63
246 19
293 467
436 439
29 203
275 290
238 337
171 114
157 396
35 402
30 207
427 29
121 186
379 449
207 334
357 59
419 108
170 79
295 334
379 131
208 125
102 196
322 111
236 410
325 181
88 23
152 176
163 353
289 135
336 120
311 473
174 235
123 125
469 132
375 379
331 334
424 358
128 428
17 125
321 327
312 170
241 140
37 331
486 324
413 348
276 196
418 488
97 389
295 185
2 386
262 460
3 257
379 259
292 310
106 59
312 116
332 23
470 338
176 30
330 119
422 282
41 492
111 201
486 443
85 186
300 404
361 310
398 408
309 63
179 320
137 312
98 345
13 3
186 435
384 379
112 417
89 188
310 410
30 222
282 435
367 385
308 25
36 417
360 300
284 82
379 495
204 124
60 451
303 492
41 351
96 271
432 231
21 19
386 369
299 53
232 16
256 198
403 313
43 417
445 212
316 275
124 295
411 193
368 242
296 62
273 33
231 499
3 459
139 164
63 450
242 326
161 147
179 49
454 96
283 281
32 197
420 53
445 109
131 236
106 156
447 295
27 234
184 71
416 365
425 286
46 135
161 10
100 262
475 103
435 262
416 316
258 185
237 309
266 360
387 499
78 109
16 124
139 201
297 433
235 186
499 472
357 15
430 289
161 249
367 291
482 252
385 243
418 178
492 183
11 291
226 372
429 232
441 144
370 383
235 395
337 397
316 360
54 154
473 175
91 45
436 249
251 484
12 127
65 349
337 264
470 255
209 327
305 282
13 113
161 407
136 17
66 364
376 369
152 254
313 275
296 262
10 126
15 116
183 93
175 168
39 156
253 413
301 475
296 493
217 108
112 307
124 57
166 108
6 417
450 355
244 356
323 462
296 61
400 295
97 39
182 174
17 367
394 279
469 332
358 97
68 100
48 113
42 150
182 351
464 273
379 351
179 185
133 316
303 220
98 445
215 184
218 145
81 143
131 13
428 436
82 479
335 223
111 76
127 346
27 31
420 440
110 315
69 295
256 75
94 312
337 341
291 320
105 489
390 40
405 133
290 284
266 490
276 98
165 348
76 174
119 223
357 430
406 462
414 396
68 467
415 307
88 67
206 265
486 8
276 340
19 403
249 216
141 388
15 368
369 265
40 343
347 312
399 62
179 165
361 481
259 118
467 81
49 321
467 62
467 477
5 499
141 102
343 458
369 140
161 317
274 97
364 495
124 427
397 21
362 126
169 481
79 270
290 422
480 431
417 367
92 488
214 352
420 482
373 395
99 353
405 41
231 92
10 167
367 129
37 325
315 455
389 80
379 30
454 461
430 352
17 433
127 247
65 472
64 50
486 413
163 231
162 141
334 260
183 382
304 259
359 416
301 267
480 106
372 447
243 412
111 17
24 247
456 405
160 285
160 165
448 386
483 392
337 173
295 500
38 430
171 233
125 495
379 245
493 137
84 111
435 113
92 379
337 239
106 459
466 141
187 448
359 375
190 275
235 63
55 2
475 355
144 216
36 186
454 451
426 395
229 89
201 280
366 369
403 340
391 78
412 190
498 144
448 278
2 466
10 278
308 293
361 176
261 16
370 140
108 424
249 29
30 111
19 43
465 470
245 243
254 279
249 142
450 44
148 316
157 74
115 58
32 500
472 181
406 371
237 424
217 421
461 424
233 18
410 459
496 247
49 69
53 482
254 393
386 310
436 88
299 231
404 264
447 274
152 233
344 470
187 305
392 381
214 111
178 428
247 473
400 286
104 333
241 25
288 342
350 4
330 42
57 185
195 252
150 56
299 395
358 422
367 159
309 382
290 169
241 389
210 288
469 216
138 179
465 481
107 121
371 292
238 373
254 60
463 330
85 492
118 398
144 10
128 65
449 207
45 445
339 17
29 218
260 375
330 152
471 16
471 284
1 370
471 491
256 45
155 48
483 152
395 434
361 26
395 461
17 320
113 455
94 73
127 111
333 58
462 419
418 326
290 237
472 105
143 125
63 199
218 431
465 147
367 335
125 267
341 28
93 74
126 307
65 444
245 86
304 217
437 241
392 140
242 287
374 449
98 2
474 425
13 221
153 218
169 111
2 201
444 194
231 445
42 472
193 296
462 227
13 11
410 441
374 467
264 127
97 186
480 416
177 29
474 181
472 382
412 39
65 495
384 453
68 216
248 149
363 299
458 420
249 148
64 99
356 134
169 175
44 110
491 210
122 264
199 252
316 187
395 322
262 449
202 42
343 150
434 70
286 171
360 212
244 371
188 263
391 468
37 457
278 149
485 148
234 332
440 329
94 86
195 308
224 391
323 85
93 454
492 192
74 369
24 481
346 128
28 309
372 329
381 214
445 309
222 206
37 163
288 59
76 291
375 344
339 129
462 79
410 208
426 495
90 123
84 207
389 455
67 242
6 135
426 179
387 178
246 131
101 267
19 134
81 447
92 403
485 371
334 244
135 203
34 424
98 381
333 181
28 82
213 426
456 248
361 347
236 437
120 356
214 407
135 360
394 214
294 173
441 360
489 129
381 367
296 257
142 148
284 151
456 281
87 345
14 475
340 48
469 308
175 295
453 348
374 41
341 431
32 485
18 194
174 233
185 157
304 316
82 147
69 442
227 337
377 234
350 263
12 43
497 171
89 475
124 60
257 37
188 107
179 27
232 398
32 192
14 338
487 460
316 9
287 110
224 452
455 220
237 365
87 12
418 346
191 407
414 33
429 400
457 10
224 428
393 77
5 58
378 463
246 197
86 422
476 123
266 15
307 289
268 290
283 239
323 277
229 107
225 20
439 3
26 240
285 484
478 77
150 301
212 137
242 85
296 389
447 130
301 318
283 16
319 93
280 37
469 72
234 405
196 294
474 94
299 153
387 106
133 294
94 77
477 361
166 413
213 409
35 486
421 185
357 244
360 458
437 33
26 490
289 131
20 483
198 346
335 188
298 63
111 439
491 103
185 17
116 273
27 305
424 221
241 187
445 419
51 333
6 253
498 257
279 487
424 379
223 194
242 207
175 394
108 464
330 422
117 337
183 391
74 325
154 485
408 137
263 113
414 444
144 149
295 378
359 126
430 326
223 445
41 405
221 275
66 251
439 107
440 63
39 205
177 190
281 490
203 357
495 434
141 198
125 7
215 302
226 148
453 92
415 3
129 392
322 301
209 213
51 220
181 496
220 47
458 410
304 500
332 92
419 139
247 75
183 385
260 81
76 452
426 485
81 121
186 323
388 293
165 311
217 430
222 327
333 94
21 237
126 498
82 456
272 67
267 78
321 98
331 248
328 448
360 436
393 68
85 366
362 404
451 485
333 412
245 468
4 385
428 230
14 444
107 217
109 151
63 349
364 413
75 476
31 179
438 381
60 72
73 109
116 170
463 123
472 394
392 185
303 496
346 255
334 109
102 499
79 394
368 308
448 149
315 139
492 380
490 227
176 483
211 454
477 29
356 465
282 451
213 490
486 224
174 132
261 344
320 240
181 198
341 289
130 67
235 151
405 330
452 105
82 367
485 117
250 12
195 187
486 98
340 449
431 303
210 386
449 78
116 397
229 241
207 373
462 285
65 427
444 385
70 318
335 317
171 351
327 233
348 156
155 262
290 161
221 449
258 364
329 193
359 248
196 347
346 367
58 104
130 87
354 374
299 166
325 470
340 482
459 349
249 272
377 58
57 163
202 161
162 166
20 331
152 459
239 30
255 164
473 440
134 191
109 18
450 408
42 365
325 393
334 363
399 307
442 318
419 356
297 284
418 234
460 151
294 83
395 392
44 233
348 151
237 320
210 182
437 122
33 352
373 424
374 89
402 308
304 124
363 99
472 500
75 24
161 236
102 120
40 319
215 490
279 310
418 151
447 175
308 173
331 474
370 259
388 333
312 174
477 217
495 470
65 415
178 333
261 330
430 497
391 103
371 136
72 476
324 353
239 69
195 191
44 86
306 18
454 93
445 413
275 319
205 474
82 140
359 23
90 163
277 266
320 199
39 244
396 236
131 477
252 44
365 16
467 230
294 342
344 59
59 196
146 265
91 172
76 42
461 268
10 363
265 499
363 229
413 231
281 111
100 42
462 89
416 394
332 446
302 262
30 352
317 160
12 386
188 163
436 91
130 147
224 442
231 167
134 386
283 425
430 23
460 215
243 8
339 172
198 500
177 330
319 154
287 68
58 33
336 108
62 95
131 385
97 291
108 156
379 229
440 365
492 101
384 144
238 485
271 218
386 89
358 307
389 404
213 4
164 271
258 413
457 56
62 320
372 193
124 10
78 181
471 411
491 230
347 47
186 296
272 86
307 437
357 313
115 494
404 107
494 17
381 121
230 240
108 245
458 288
318 86
299 56
311 235
319 493
102 158
230 174
322 103
259 496
220 236
427 277
16 225
265 242
211 174
237 170
359 432
192 234
464 37
144 115
171 159
477 468
336 472
382 340
465 24
349 470
64 137
86 257
85 359
101 157
307 192
205 491
445 260
281 112
24 89
309 379
86 396
71 357
447 478
440 176
49 223
464 401
460 470
224 111
307 368
149 351
422 118
211 432
424 91
367 212
189 436
55 146
303 299
13 137
350 124
35 369
438 479
410 285
311 413
223 413
452 197
458 349
24 494
192 47
81 166
342 21
233 33
496 368
480 420
199 282
438 335
136 379
377 211
155 69
354 257
179 345
413 85
203 286
219 275
