110 571 30
2978 1773 6
3749 2031 1
1256 2825 17
2869 2346 7
4832 3533 28
3892 3663 26
3725 933 23
827 3637 16
4651 2518 16
984 1133 6
4346 2936 29
2728 381 26
2801 1487 18
3695 29 30
3095 3724 11
42 3303 30
3729 3900 30
1397 357 7
3909 109 23
1213 4146 29
4643 4427 19
3334 428 9
1542 4193 6
120 1786 5
3351 119 1
1750 2822 27
2907 2858 8
3537 2865 4
3955 2960 29
1154 4187 27
4825 1675 20
1832 3570 24
4242 1355 29
801 778 27
1620 2441 13
1274 121 2
1600 4315 28
2343 909 9
3283 4888 25
3095 2811 16
60 2228 3
3211 2446 4
3373 3366 25
1730 1439 29
3606 855 12
690 3897 20
960 4772 5
1773 1602 7
2691 280 26
1208 1247 24
1692 1531 4
1211 1608 7
1267 258 5
2348 3914 1
4533 4923 24
3182 3543 21
3500 2775 23
3198 44 10
982 707 20
694 4057 9
4343 1794 16
3177 1148 11
962 1739 22
2696 406 14
2851 4530 4
4322 3424 28
3825 3686 15
1783 1249 1
3018 3737 9
3860 1125 14
4957 4909 23
3527 383 2
4442 4494 12
527 648 5
354 3751 2
3106 1968 18
4862 2511 20
2149 3216 1
1105 289 16
2233 3309 5
416 2005 14
2653 3197 1
4167 4773 21
4482 1389 26
2069 2472 9
1284 1238 13
4443 1712 29
832 3421 30
222 1546 7
4668 3234 14
4956 4906 17
2229 3236 1
3769 3975 27
3379 53 26
2729 422 18
2788 1255 24
276 4262 18
1910 3081 20
1755 2532 1
371 2148 12
894 4395 12
936 4645 21
3505 4986 22
1688 4477 8
503 721 11
2622 2515 22
3341 2394 17
4207 4632 22
4602 1937 15
4900 790 9
4081 1518
1342 2701
66 1072
267 144
1657 1740
1188 536
3394 49
3015 2549
635 3849
2140 88
4675 4372
1599 4028
2257 3768
2097 4195
3869 627
2105 4690
305 3236
2055 4742
2219 2573
1478 1809
531 2492
3892 3682
1701 3483
1831 53
237 3857
335 1764
1647 2145
1506 4139
4048 2884
3308 3630
2131 1244
3432 842
2180 4390
1255 673
3057 3579
886 4021
2390 2273
1663 1306
2500 2323
2840 2988
4536 2669
1284 403
846 3732
1527 2240
4108 3635
483 982
2101 3336
1627 827
4979 2154
4975 551
1171 1107
4662 1649
2349 2427
4221 2147
517 3763
4868 327
2353 1421
1253 4192
385 3449
4252 385
3876 3350
2619 2705
4779 2237
2975 3784
1787 3853
2362 3029
4103 1917
596 3982
4513 1207
3392 2266
1079 3357
1368 4801
1509 801
4741 4318
4548 320
2821 950
3247 966
2528 2747
4292 2680
4737 3740
2880 1112
2229 1212
1255 4694
1469 146
1147 364
3606 3185
2732 2447
3768 1275
2445 3124
4968 2642
4610 1848
2046 4989
1412 2073
4974 4369
3183 3741
1067 4064
4045 3308
4623 3081
4407 3448
3448 784
167 195
3628 1932
3973 2114
199 1693
4472 1956
1865 3437
3503 755
3281 883
4532 2088
1153 4927
1218 2290
2276 2385
271 2825
4826 4404
3760 4254
3692 2603
3973 3952
2788 3220
1806 2457
3843 4863
385 2888
1929 4698
3719 3693
4746 3828
4911 928
3746 3398
4094 104
4589 4646
3630 3073
1092 4574
1140 297
4271 4944
3198 1959
1499 2026
4460 438
3843 2777
3302 724
3342 4549
1383 3382
1190 2474
25 2407
4585 3696
2328 3338
3967 1333
3791 2249
458 41
183 214
3176 867
54 3746
4708 1091
2571 3135
713 2111
3467 1412
4001 486
2612 4243
478 1748
4126 85
4798 3531
199 3848
1041 324
870 4948
2043 2143
3666 1305
4392 4048
127 1308
3201 2369
3489 2937
3829 42
1396 3974
2748 1273
2968 4525
2773 4164
3645 4251
3779 2487
4562 4730
963 2013
4893 3710
4056 3745
3372 4988
4179 3838
3300 3222
1402 3991
2966 4734
3568 1546
2939 2762
585 2177
3316 4690
1249 2356
3456 3259
2643 191
2805 4505
1036 1512
3125 4989
3850 987
204 4889
1288 182
4225 1241
754 3339
2684 4332
3644 4557
2547 4876
1664 2078
2745 8
1087 1019
2795 2323
665 926
1757 1379
4884 2028
1404 2545
4414 2708
3977 3762
4138 1900
3355 1495
2163 650
3732 3322
600 4011
1675 1429
589 2280
4072 352
4490 846
1197 4057
4325 3636
1766 2259
1481 4554
4675 2679
4581 3506
3577 4386
4329 3276
4753 3753
1401 1039
524 1298
1570 1163
1814 1591
1795 2737
1000 386
388 29
2890 1880
4969 1288
3433 4525
1277 1326
1654 3750
2459 3315
3402 3593
3976 3197
4434 574
1433 217
2816 4948
861 3649
3661 4962
67 441
2739 4168
2586 174
4792 149
1710 3901
1091 2921
1664 4327
432 2697
2756 439
3700 1299
2714 51
2049 2516
3252 1724
1402 3143
4458 4917
3980 2607
1734 3273
1732 2732
1246 596
4269 3849
3112 4157
388 4644
152 1448
2188 684
2446 4366
3998 1070
4606 2626
3380 4050
3472 837
2455 3828
846 4428
4983 1722
4577 1391
2957 3297
4952 2579
4081 1586
1492 931
3723 4955
789 2080
612 561
1417 3799
2924 3745
1055 371
188 1374
1214 2221
497 2272
4010 1896
501 2367
3533 4878
804 216
4591 242
2957 1016
436 561
1858 1910
622 351
2139 1644
823 1199
3294 4861
3109 398
1052 4050
3703 2928
4573 3708
2843 181
3165 4671
4353 1294
272 3681
3106 2266
960 3368
4734 3841
1116 2278
2697 959
1028 646
4541 1069
1117 4301
4511 1744
3110 2775
2303 3300
2770 2081
2330 2480
1212 776
1882 856
931 3931
4849 1939
3664 451
1477 638
4946 2020
4366 4687
4755 2840
4695 2817
4836 3746
3871 1504
2250 1169
4139 1446
387 3579
4017 459
236 2492
149 4627
1065 4757
1558 1998
1527 1642
4494 4862
2813 120
182 1085
3123 4201
735 2302
426 4224
325 2712
4789 893
3816 831
3029 2884
765 2183
1136 3279
3377 4175
1921 4399
4690 4976
4445 676
3993 2034
2563 1256
2203 1746
803 1057
4146 3484
2524 3019
2198 2263
2080 2757
4594 2376
2312 3296
1436 3640
2401 397
4178 2491
1149 1002
4020 4182
3687 2964
919 3753
2057 4220
1342 80
2708 1977
196 4864
525 4708
840 296
3347 1862
3486 1963
4699 643
1195 4912
726 2554
906 1922
2940 540
3353 3154
651 2229
4910 86
1951 2772
972 3197
4669 516
3836 733
3914 3298
2507 3862
2073 3594
806 1138
3461 2261
1937 1756
3076 4269
4030 3546
4847 2084
747 2138
4602 3582
1724 4406
1636 2847
1328 3847
3472 3654
3831 1812
1136 4843
1661 4733
2101 2234
4909 4535
3497 3981
540 376
1006 706
58 53
2883 942
1632 767
154 331
468 3660
4467 2335
3182 3632
2474 2374
811 2749
1506 1005
3345 4565
4831 4105
3047 2071
450 2922
1214 401
4678 1051
2239 4505
3028 2329
3710 1298
2979 1940
3269 969
4721 2917
605 1799
4330 4539
2185 4820
3364 1027
82 600
2463 3035
3660 3139
2137 250
4885 3808
2979 2654
3844 3670
959 4430
749 4120
1135 2548
196 3724
3044 1658
4029 2343
2527 4738
1117 4148
3532 1147
2325 3981
4594 2954
3740 1768
4113 242
3044 1301
4666 752
1447 4091
252 1043
2082 2517
829 1237
4585 4501
4791 4113
1893 2674
1165 3868
1875 1085
1238 4072
2408 4531
3754 4656
571 2843
2344 213
3497 4354
404 2531
4797 1532
2553 3433
151 1555
1113 4577
3289 3185
240 3973
782 743
4427 4722
4872 34
349 3673
2471 4070
3359 23
1301 1399
1120 4243
2317 4387
1090 3745
229 4506
421 1481
663 1623
3637 3375
1211 1476
4554 1809
1690 2562
2777 2294
4650 4202
4305 493
1888 1941
1946 3934
4090 3316
998 1849
2639 2645
3920 4764
2404 3380
4014 3409
617 1769
2610 3828
780 2763
1336 3985
4136 982
759 1763
551 311
2877 816
4235 1068
1515 2095
4163 3423
958 4537
4949 2533
2399 3856
957 4644
1272 2099
2464 716
4373 3689
487 783
3487 2559
1916 374
3622 2808
1810 3912
1620 2964
3071 230
3104 776
563 2505
140 3915
1196 2711
3816 2027
901 2903
1538 673
1548 2069
3672 2996
1344 4653
3017 298
553 1575
2211 4654
268 1696
939 3368
2693 3558
3102 3049
3213 2197
4693 2835
4580 2353
972 3908
3597 3708
394 4323
