150 1612 30
213 127 24
260 523 2
478 344 2
672 898 20
843 563 18
105 820 1
277 372 10
173 5 11
816 702 6
186 489 7
749 248 17
836 342 7
912 444 18
853 879 19
641 872 27
422 411 30
114 168 28
577 680 27
967 653 9
617 513 19
754 526 5
441 821 21
636 881 6
888 65 15
898 764 17
764 389 13
84 310 17
875 954 18
537 807 21
534 783 15
132 783 9
619 602 27
565 836 18
67 788 18
721 780 15
977 119 5
490 222 7
79 496 14
208 598 24
450 813 24
620 818 4
196 328 15
246 648 1
208 575 29
354 764 20
45 66 29
454 712 22
405 426 8
156 17 18
698 977 23
825 115 20
507 571 29
993 597 30
374 733 23
873 136 20
115 858 29
388 104 7
381 626 23
79 110 17
366 985 29
883 553 8
186 240 3
607 116 6
645 488 19
783 679 14
581 472 25
788 756 28
432 104 10
930 607 22
709 612 2
522 531 9
541 338 28
17 404 22
846 901 24
519 585 26
91 645 22
484 928 16
766 350 20
764 601 30
188 305 3
684 566 24
994 559 14
770 254 13
891 186 28
913 207 17
783 503 8
357 538 13
703 541 15
86 686 8
517 664 3
968 989 9
62 209 5
228 791 3
741 64 27
781 39 5
516 685 18
753 437 24
688 494 14
875 625 28
293 959 11
304 665 6
771 638 16
34 233 5
674 952 3
820 329 6
962 749 6
153 536 25
662 893 30
738 491 7
566 550 21
546 964 16
90 387 28
311 957 9
614 87 12
229 989 14
818 705 2
669 878 10
302 27 1
509 149 13
965 823 16
893 649 27
253 169 16
634 32 6
134 686 23
535 39 15
474 346 25
174 760 19
747 765 27
119 192 23
890 193 18
550 490 10
769 408 3
334 85 23
753 91 17
287 85 8
123 964 25
611 923 14
984 719 7
908 266 16
798 370 20
620 540 16
33 51 12
855 39 10
867 916 16
328 249 21
375 299 19
993 161 21
838 246 30
8 525 22
538 883 29
119 925
1000 934
554 596
434 520
127 379
961 570
54 27
923 820
210 247
969 54
106 997
443 549
693 291
277 614
169 772
706 337
211 673
282 563
697 172
46 746
276 548
34 253
732 733
523 268
424 421
827 206
111 440
631 147
386 378
200 332
197 196
296 15
406 528
183 26
415 890
565 325
693 548
130 553
974 708
660 136
494 137
957 604
99 776
343 369
186 415
257 310
7 103
701 989
467 881
343 943
668 195
319 897
601 205
268 10
684 265
583 727
944 338
392 691
24 125
139 89
87 70
296 910
851 13
118 746
562 101
455 294
924 314
984 447
545 872
675 875
113 638
588 256
384 826
657 734
993 560
202 390
943 429
326 481
178 160
591 636
22 844
392 546
390 735
40 713
471 170
705 496
939 796
33 989
58 424
756 745
544 271
218 625
208 364
365 475
476 918
887 813
933 519
100 393
839 910
666 389
66 798
871 664
787 748
485 915
243 521
167 407
761 942
167 715
944 615
595 786
925 862
211 134
508 374
894 320
518 788
290 877
622 771
274 566
142 885
89 200
797 204
3 337
423 498
981 543
54 291
988 729
444 765
561 437
931 503
607 778
338 356
478 598
453 608
293 768
483 965
125 881
209 603
834 375
6 923
335 323
640 742
601 126
323 710
193 786
759 265
127 279
642 129
24 520
50 56
53 524
257 162
274 773
849 131
445 562
704 118
743 617
813 951
782 446
90 568
884 782
686 594
374 363
119 31
705 209
374 319
64 946
250 913
744 848
98 612
505 683
32 817
332 537
451 855
108 367
94 436
558 331
703 995
326 907
712 352
51 792
61 297
704 375
50 637
332 741
701 595
206 641
540 507
200 201
878 134
634 87
709 856
315 99
756 147
467 379
546 876
359 529
840 179
25 631
403 183
362 351
432 841
896 99
443 909
51 420
562 883
264 529
699 390
807 810
917 459
525 437
344 682
502 157
489 546
501 836
158 945
54 99
701 491
71 409
412 638
510 675
331 937
889 272
811 156
834 636
430 104
216 352
505 16
386 933
508 526
97 733
645 970
180 1
478 630
552 156
720 231
980 140
511 951
48 609
874 583
520 249
642 395
486 267
248 87
485 869
787 150
65 889
342 705
432 507
841 397
624 437
695 981
832 75
266 470
444 736
346 506
391 292
21 550
577 567
523 983
579 193
536 330
374 853
209 885
171 250
109 252
198 561
437 780
129 179
727 380
773 531
452 117
359 282
407 58
635 526
733 158
494 688
546 52
156 545
685 144
441 79
321 157
54 482
889 951
732 614
437 631
940 919
454 744
869 891
362 617
690 340
104 804
28 118
429 617
420 588
745 716
206 562
974 48
242 502
944 215
830 757
540 448
145 574
598 387
998 562
477 440
805 951
712 502
218 154
323 896
872 206
735 851
420 670
26 38
952 985
752 833
687 484
113 751
754 780
788 750
270 38
926 971
52 639
35 762
730 145
822 816
668 811
112 700
185 757
200 768
836 621
470 210
757 890
210 400
909 688
810 23
252 142
593 508
864 471
755 14
991 975
212 14
262 892
462 173
312 267
779 450
179 823
615 930
615 746
637 703
269 686
690 125
136 667
769 730
390 513
890 854
336 809
513 666
211 754
655 427
243 327
424 356
298 43
98 929
853 283
106 596
656 278
89 970
757 783
595 687
881 421
651 334
824 60
767 509
697 606
406 940
574 244
357 220
987 809
270 281
35 149
160 994
657 518
541 533
838 752
38 149
803 586
751 159
105 171
313 693
965 346
383 25
516 754
110 33
752 952
848 96
712 100
550 203
438 277
212 66
570 93
624 277
760 56
391 89
829 806
88 356
172 194
637 661
655 982
755 127
904 118
171 503
454 670
103 146
199 308
429 444
773 968
160 210
45 603
721 99
39 630
45 624
91 837
219 185
895 339
884 579
100 542
246 102
876 604
361 479
249 910
373 231
560 722
306 212
661 138
149 89
576 472
66 621
866 799
700 760
196 867
258 558
635 417
786 48
269 598
67 863
736 761
346 610
843 503
158 85
671 788
637 444
401 637
667 796
575 493
838 711
276 379
713 999
427 821
774 77
599 255
284 299
743 467
723 229
66 99
391 516
693 513
558 181
374 168
196 991
738 77
680 322
613 629
851 936
852 776
407 463
634 568
465 403
896 518
605 399
846 140
633 708
732 185
929 766
782 367
113 685
423 917
8 223
136 513
685 792
89 103
739 838
874 1
438 124
608 577
592 978
576 473
540 287
257 511
128 985
860 153
346 795
602 931
786 961
320 198
378 667
586 3
538 21
419 933
62 572
39 498
143 969
648 317
864 233
541 526
814 753
347 431
507 853
175 362
765 507
602 679
876 570
259 683
300 625
418 229
481 680
408 561
675 755
823 858
895 657
969 412
301 524
646 462
595 765
995 334
928 359
148 93
754 785
478 609
599 613
425 66
392 361
46 88
609 638
440 941
135 204
639 311
319 513
792 726
104 839
187 29
938 120
104 826
631 684
954 852
594 905
285 418
436 147
279 95
284 293
814 997
764 391
568 415
20 787
186 585
84 209
224 591
683 898
448 105
987 251
649 391
808 926
772 403
592 461
372 125
6 765
70 18
9 43
723 25
910 887
240 460
548 852
563 943
33 281
88 583
614 559
399 679
932 404
657 895
990 526
609 307
997 240
852 350
705 682
218 518
396 22
4 427
408 556
908 576
821 154
687 716
302 610
3 667
329 423
47 219
370 688
148 877
902 41
697 599
4 308
820 468
777 351
418 477
120 277
15 686
516 467
334 596
150 522
940 654
13 446
481 48
366 651
872 783
71 368
606 716
640 785
366 722
805 459
264 728
839 132
251 184
352 88
548 350
133 110
671 290
442 4
809 233
617 183
685 257
493 411
899 899
211 603
826 435
459 906
613 230
296 156
74 916
255 475
112 988
322 490
710 573
376 151
377 988
882 830
741 786
823 509
436 954
166 408
6 555
857 477
913 325
855 111
879 850
630 578
404 286
814 825
675 407
520 317
371 958
769 686
598 983
327 690
197 582
927 51
334 554
690 778
871 390
959 875
351 846
677 502
495 163
687 592
278 941
954 509
414 748
793 679
660 23
906 129
317 73
335 593
918 621
347 807
415 667
76 913
260 132
516 674
811 398
927 277
517 926
334 857
131 300
797 300
329 775
987 916
626 472
684 793
546 154
138 991
882 749
978 24
604 531
551 74
602 848
80 409
371 37
25 461
317 435
639 363
84 689
135 131
693 509
283 39
830 398
158 382
911 190
844 756
263 361
810 846
244 395
589 432
556 395
803 977
874 546
291 1
906 939
553 794
337 859
975 937
835 929
87 825
286 126
41 861
697 956
366 698
684 853
869 830
808 477
499 178
729 457
656 187
14 133
154 107
570 298
323 335
229 23
908 505
928 573
14 432
384 56
697 148
794 456
911 333
666 74
255 741
526 784
124 208
351 870
829 223
631 301
550 883
641 965
586 883
736 312
382 859
340 523
571 670
675 542
685 764
430 397
288 197
593 907
885 918
903 315
729 153
366 590
880 822
572 791
290 432
507 979
762 421
793 201
351 142
332 282
222 15
969 356
458 138
119 227
803 926
676 351
461 552
469 775
318 90
927 55
623 330
561 666
732 671
975 770
852 860
560 277
856 438
216 215
189 159
14 690
622 753
85 28
400 514
639 774
327 847
474 604
221 336
398 612
813 689
493 877
323 107
272 40
62 476
768 694
575 955
762 915
989 113
189 444
8 623
543 919
338 652
899 519
45 374
242 153
13 683
146 606
224 722
273 328
268 865
406 122
951 798
151 263
452 686
20 519
170 106
746 656
882 471
326 540
146 293
457 557
526 805
562 601
355 883
694 475
500 2
280 605
490 607
921 160
686 20
690 326
49 857
269 568
222 568
364 742
648 116
195 448
74 937
22 726
961 555
221 504
862 286
908 264
402 186
933 599
188 457
681 922
15 784
221 348
342 587
579 6
672 986
178 360
36 922
909 939
594 763
233 136
914 731
903 242
316 552
815 14
623 195
525 554
718 558
111 170
585 737
904 463
611 322
779 469
476 338
990 441
801 470
7 28
592 850
306 375
197 16
943 905
538 316
383 685
594 463
122 853
605 829
459 678
83 5
432 997
717 788
343 575
512 571
287 878
470 676
392 8
284 383
524 427
859 621
812 34
838 586
287 79
856 863
215 731
964 107
661 71
315 191
128 64
233 720
64 170
899 259
673 757
559 846
416 777
37 248
806 623
517 601
756 123
599 777
849 342
788 100
306 235
366 864
613 49
290 98
802 68
546 984
825 20
527 478
69 122
555 591
296 746
340 285
392 666
836 554
977 49
413 475
953 998
4 18
984 92
573 689
568 452
413 214
265 708
662 242
208 948
348 180
692 763
820 850
470 930
480 848
520 346
548 847
941 54
458 35
687 942
793 890
888 502
494 433
431 65
519 480
461 459
834 785
247 564
37 1
168 387
8 539
539 184
253 686
541 285
727 371
580 113
985 981
674 277
852 411
820 187
294 129
931 161
681 29
949 484
380 278
97 734
608 578
370 872
695 726
155 544
34 108
4 838
110 46
183 991
933 544
889 97
464 48
579 56
623 430
279 616
3 828
285 446
718 92
42 11
662 530
861 674
422 147
404 430
953 296
752 114
594 563
508 736
987 820
417 203
219 369
200 886
582 554
707 236
656 910
904 645
378 113
629 924
198 702
152 214
448 378
241 180
640 177
563 96
35 111
865 610
919 69
748 109
46 996
444 200
214 952
440 993
434 10
499 26
112 693
432 868
317 665
380 184
439 604
423 336
591 688
922 461
531 87
506 936
491 917
587 139
517 132
282 769
454 534
741 540
138 676
316 241
655 413
494 631
658 807
711 698
108 436
458 294
728 523
24 437
142 328
776 89
283 437
754 9
439 650
482 870
137 68
783 385
603 670
780 654
444 452
327 54
132 28
332 398
418 972
425 333
999 264
533 377
489 275
939 635
137 125
872 681
544 237
102 906
875 566
264 170
285 992
699 209
358 688
945 464
17 571
295 245
432 631
39 758
434 195
722 151
764 495
39 788
213 564
241 819
527 771
211 926
362 695
95 664
644 748
695 56
719 533
847 581
770 390
759 94
223 907
830 465
256 399
597 299
299 397
449 185
598 692
726 479
125 850
635 568
728 730
703 479
434 59
714 381
722 119
189 61
118 951
369 911
618 2
658 739
365 49
644 642
520 55
143 737
506 611
62 532
445 508
648 452
642 356
168 113
242 886
931 481
144 884
98 630
532 453
879 712
697 105
182 903
949 43
995 261
992 776
883 552
259 745
490 550
231 430
566 698
6 353
234 410
428 300
143 80
918 884
818 684
724 226
486 818
937 119
620 825
228 369
647 690
243 399
102 462
297 131
432 353
280 76
134 633
625 581
274 401
664 65
487 816
787 307
394 248
192 812
5 328
121 334
166 974
251 229
804 834
945 747
918 230
770 277
992 783
640 228
855 146
586 655
490 898
281 540
319 474
711 320
698 566
112 829
872 618
520 323
14 559
517 493
847 592
18 49
614 776
948 246
96 317
930 393
281 843
107 867
253 754
226 319
777 416
622 832
294 707
252 22
413 159
157 232
563 695
570 48
633 923
764 941
259 352
681 887
463 787
149 24
416 584
602 12
706 257
705 881
210 64
749 485
946 781
897 886
973 541
178 790
97 827
212 814
942 514
514 566
252 74
396 552
480 255
823 309
446 597
562 135
189 667
260 315
490 481
830 724
990 524
899 227
470 518
174 128
773 204
223 961
429 144
979 1000
944 106
318 898
43 805
587 158
886 17
471 331
853 540
1 359
246 750
85 597
945 522
635 122
593 692
544 65
666 70
662 410
447 478
836 828
36 882
566 931
999 202
892 855
919 270
70 42
701 527
421 11
215 916
549 888
558 583
896 676
708 877
652 561
985 268
598 545
642 393
64 401
490 678
48 960
748 144
774 393
318 66
249 852
252 462
79 603
259 604
630 487
52 634
205 866
566 702
291 46
972 595
497 280
132 624
11 616
460 305
818 377
796 136
563 106
647 16
914 981
371 392
738 442
918 5
973 544
45 270
2 757
38 610
405 723
170 212
492 547
664 8
98 387
154 908
481 415
712 132
364 50
96 800
287 725
856 641
516 83
529 224
219 772
490 372
469 566
48 809
539 108
185 76
957 455
273 963
304 816
475 246
357 196
393 557
779 93
357 545
299 37
569 630
762 24
410 383
236 199
191 24
129 536
942 429
722 374
304 728
235 893
833 663
705 431
59 994
142 475
472 676
510 189
795 828
874 487
72 503
606 289
875 492
515 844
13 605
569 894
465 227
779 997
780 784
738 375
63 877
821 551
709 690
444 28
472 889
664 267
58 238
746 99
994 380
866 222
194 653
539 684
608 254
214 756
702 841
802 679
923 569
116 496
975 583
570 108
7 420
844 763
529 354
86 269
667 160
919 421
455 430
539 950
263 566
878 234
531 710
769 772
964 783
981 187
209 926
642 543
399 364
905 530
697 869
697 14
75 788
459 994
635 46
967 948
331 518
28 464
617 433
538 332
802 674
337 69
28 694
58 97
748 344
538 351
759 953
964 963
900 259
821 18
98 887
609 695
329 714
276 896
876 712
842 63
829 865
542 864
850 704
347 735
593 806
659 613
259 235
96 724
741 510
360 835
846 65
552 830
862 905
306 181
265 833
260 158
427 254
353 471
761 892
659 681
827 496
657 606
141 505
666 477
664 385
124 674
613 921
698 754
311 681
656 945
593 117
241 340
328 507
437 981
163 583
36 80
426 112
117 515
113 273
292 102
141 8
500 898
948 80
466 442
635 419
576 657
866 414
66 673
89 175
893 446
660 991
678 592
885 177
56 373
844 539
952 63
41 893
983 644
455 374
584 419
275 327
671 184
890 218
739 994
59 56
44 494
486 975
957 677
983 678
79 600
451 459
494 749
430 554
141 682
499 646
915 764
983 193
917 542
933 824
706 928
589 367
142 921
311 668
124 124
160 618
982 326
203 376
785 77
956 233
220 392
652 330
349 138
578 819
68 223
816 665
237 179
699 533
468 499
60 778
698 407
855 534
698 174
712 405
628 857
408 878
313 627
761 788
20 60
481 819
121 294
81 993
466 676
169 750
837 265
100 617
887 810
219 184
714 514
361 737
212 502
863 822
525 146
966 611
929 358
319 512
156 280
268 292
164 443
145 484
5 7
546 531
747 379
876 424
26 60
321 43
75 577
435 789
557 485
813 25
