100 212 5
403 223 3
654 393 3
782 552 5
329 996 4
256 821 5
385 652 4
22 295 3
204 835 5
848 82 1
629 919 2
601 558 2
50 167 5
466 958 2
309 95 5
870 176 5
308 295 3
685 980 1
180 160 5
60 190 3
946 975 2
503 104 4
583 295 3
964 536 4
87 730 5
439 689 2
31 579 2
871 283 2
268 590 4
671 728 1
633 463 3
859 49 1
623 742 4
995 605 1
610 81 5
88 130 3
78 570 3
593 554 1
180 681 5
929 737 5
988 86 5
468 746 4
266 243 5
936 221 4
810 18 2
119 199 5
913 221 4
824 714 2
214 421 3
827 674 5
16 753 5
952 314 3
739 166 5
889 980 3
802 469 1
381 391 5
104 27 1
441 241 3
311 631 4
795 296 1
162 844 5
160 624 4
943 413 1
875 281 2
936 561 2
739 296 1
895 798 4
693 16 2
942 468 4
402 454 3
383 343 5
126 118 4
13 122 4
385 854 5
155 154 1
203 388 4
20 114 5
6 166 5
269 159 4
942 35 1
566 824 4
234 391 4
375 155 4
700 792 4
226 666 3
516 469 4
176 961 1
982 44 3
226 719 2
906 367 1
425 896 1
44 72 2
820 743 4
984 773 4
832 633 3
257 480 3
706 964 2
19 857 2
149 808 1
985 816 2
157 463 1
968 929
455 762
168 722
348 745
642 394
192 413
692 549
644 542
911 20
359 454
269 487
628 212
257 801
66 356
884 840
208 613
617 598
840 726
435 99
478 783
290 581
550 111
239 842
681 102
24 571
841 590
993 387
335 242
229 443
376 48
705 40
875 254
862 7
832 476
750 34
762 901
859 864
79 267
201 384
36 911
199 21
856 815
508 989
77 880
462 181
162 42
855 427
170 344
101 394
366 535
153 868
354 144
141 124
359 542
530 408
713 573
789 273
372 899
709 893
277 993
337 520
759 790
459 835
944 971
534 307
708 153
567 955
814 14
985 63
585 426
154 123
486 438
447 984
753 921
131 558
882 930
97 125
879 192
463 635
865 196
580 564
407 591
812 926
409 659
783 716
956 279
249 640
869 972
808 768
749 115
826 545
944 936
44 871
259 189
941 19
676 921
869 241
483 312
972 774
762 165
348 630
574 101
587 559
424 21
823 39
185 580
344 297
816 55
657 657
190 659
76 151
978 701
941 646
625 984
556 204
761 505
279 502
806 356
91 64
956 72
167 994
300 235
190 760
184 532
537 844
880 311
134 591
321 208
225 3
54 468
453 812
812 145
771 110
620 163
431 915
553 477
18 344
14 281
140 503
643 720
36 263
70 545
792 154
933 215
888 314
354 592
776 492
644 161
16 411
284 749
139 425
382 744
196 61
536 814
44 561
3 570
862 293
903 870
716 664
644 234
440 714
625 867
126 463
704 27
117 262
292 646
427 916
835 663
914 540
50 563
264 120
975 781
877 732
916 379
812 328
574 799
119 507
798 559
388 442
326 566
759 454
76 442
961 308
336 663
586 971
465 299
735 140
214 737
453 988
766 380
852 909
900 211
858 717
429 85
171 971
824 858
428 265
525 133
540 138
996 516
491 292
586 81
329 113
472 260
160 946
426 662
148 327
339 987
122 394
560 622
847 99
346 122
