20 42 5
895 149 2
642 354 5
140 330 3
307 635 5
900 267 3
781 674 3
61 308 2
825 461 4
794 911 3
160 661 4
213 212 3
596 878 3
506 753 2
537 664 3
282 743 3
469 379 2
913 212 5
35 478 3
373 806 1
202 535 1
968 34
404 585
872 405
740 172
801 623
852 355
263 997
105 802
981 817
522 845
899 367
914 35
509 617
890 561
87 399
57 695
301 696
476 244
137 716
278 920
565 867
175 874
864 501
74 469
185 12
614 367
76 133
105 564
186 255
551 974
616 2
988 560
157 470
138 18
116 540
803 445
393 121
76 788
875 125
122 656
304 824
124 977
