110 1809 30
78 593 14
1510 2511 19
3398 884 29
4409 4941 25
4329 1016 29
4919 69 12
1320 1593 18
245 818 13
1313 1192 7
4572 58 29
2815 4220 16
3123 2394 30
3571 3318 9
2472 251 5
4596 302 26
3308 2420 5
1522 3243 10
776 173 3
433 4759 21
323 2515 23
2906 4883 14
422 1216 23
2882 3124 21
4786 4136 3
1150 4741 28
370 3268 12
244 1101 12
1798 3330 2
2188 2177 12
955 387 25
935 3051 5
4794 3651 16
1814 3411 2
3126 3911 7
4278 2550 21
1390 2941 22
1280 2112 6
4715 4007 23
1794 1597 19
4387 4106 13
944 274 26
3383 1770 13
3819 4782 7
218 290 14
4091 3820 10
3938 347 5
388 2381 26
4384 2600 22
1626 3699 25
4918 4575 15
1359 595 8
3091 1343 11
4381 2093 23
1221 2289 20
381 3456 28
1692 2727 20
3905 4394 13
1296 1828 4
2595 1537 28
3867 3912 17
1908 902 25
2364 436 6
774 1608 7
2770 732 30
1891 515 5
1236 1629 18
1121 4830 6
766 3490 9
633 948 22
3475 3768 9
4926 4848 29
2834 2116 27
1562 4430 11
4792 4693 9
1921 3611 4
3697 4768 30
2842 4886 30
1400 1955 7
260 3830 18
3035 4744 7
2961 2101 24
1879 927 10
2867 4411 18
4087 4589 26
3365 1526 27
109 4503 25
1276 515 8
3876 4005 12
112 4163 9
4260 1806 5
2014 1658 8
3622 2507 29
3418 3130 15
3384 1327 28
2403 3657 10
4926 1128 24
3569 671 15
4201 4469 21
565 222 19
4041 1425 19
4571 2373 15
2806 2646 21
1509 4021 22
3443 814 12
3554 3002 8
2905 2794 9
4279 668 19
1258 4898 24
1075 4311 24
2128 4805 29
1315 3601
4096 203
945 3020
119 616
1340 21
2141 4195
3256 156
2363 3201
3702 3195
2528 3902
3290 1466
3212 1921
3945 1406
1150 4054
1755 2548
2902 702
1351 2265
4647 1917
4559 1996
100 18
3855 3753
1130 2300
4045 3019
467 1296
4212 4235
429 441
3046 3923
509 4792
4645 1256
4605 1293
4986 1716
1575 1348
308 658
2315 4912
958 3724
2534 985
3631 1762
2496 3658
3885 4859
3558 717
3595 912
1052 1052
3944 1433
293 3484
509 1252
3978 1861
2615 704
2129 4712
4384 704
3399 1873
3836 1707
516 1137
3288 4627
1642 3224
759 154
2537 593
4765 4354
3536 2900
2661 2717
3417 2637
2122 4564
3864 2563
450 1340
1051 1918
4162 2637
4594 4286
2225 1754
3073 1090
2700 2907
4947 5
4381 349
2121 4110
4549 3891
713 4936
2084 3223
4582 2226
1924 2138
3672 1990
2932 2308
2061 4283
230 1784
1535 3377
2386 4677
426 2497
4204 852
2211 3168
2036 3457
2356 225
3817 1568
1263 2536
2071 2000
1331 3000
434 4091
361 1517
2880 3489
3163 4432
4188 168
1372 4010
1027 2695
3850 803
3600 1398
2564 4278
643 795
1612 1554
4746 3800
2233 1380
1759 285
4612 2930
4874 4557
1786 3611
921 1120
3377 1378
2964 102
4112 765
2673 3970
517 481
4399 4863
131 1565
3079 84
896 1990
4554 1630
1316 693
944 4107
4656 3942
802 3481
3986 1445
2778 772
6 3266
297 2925
4295 3620
2947 3509
1835 4953
1889 2809
4453 73
280 2208
1885 3513
3440 614
2749 4817
2570 2980
1223 705
1555 2790
4829 2283
2870 1327
3947 2443
2581 4422
1685 2770
832 2544
1050 797
3532 4327
4399 538
881 1168
1950 2377
4155 3882
4716 3119
3294 1575
3325 4024
4246 3225
769 4416
3785 3264
2185 4123
3761 3039
579 3602
515 42
1760 4719
4231 4029
3816 275
2102 4367
4500 1616
4802 4686
1508 2599
1849 423
715 2392
2448 4475
2450 4671
804 3249
1344 247
680 3847
4512 3295
3900 3681
4280 3906
391 4666
4131 307
1812 2961
2298 346
4476 407
137 930
4560 3306
1077 152
4041 2362
4450 3668
2353 2526
1724 2095
3247 2638
4992 1285
3891 1741
3428 3378
187 3579
4289 2416
4450 2870
4276 46
1127 2075
4957 3830
1228 1388
433 3782
4220 4710
1920 554
1922 1517
658 1985
3783 4855
1089 1796
3983 702
137 1174
3107 3100
1119 11
2357 4405
2443 3260
2712 4719
4638 4739
3089 483
3196 4793
2298 2720
2663 816
2468 935
961 1598
505 4352
278 2650
1131 671
3749 2818
1798 1884
2120 174
3500 3952
3802 3120
3642 3401
1238 2840
4416 1363
2361 2397
817 4579
3102 1116
334 4504
3951 772
3832 4172
2384 7
608 3914
4595 1492
873 2940
4422 1609
3587 4479
805 3174
198 3721
1171 1673
231 1911
4409 431
31 187
2259 4443
4033 4539
2425 1746
4611 1729
4645 502
1 375
978 3663
2818 3240
526 2138
3839 409
1408 2455
435 4657
4453 3213
1402 2164
1495 1368
1545 268
4528 3574
738 1371
966 475
3694 3353
3742 494
4588 300
2201 2666
817 1435
925 584
4085 3841
1161 66
2297 958
2183 423
3833 4479
481 2299
3070 1857
3193 1431
2747 3987
1500 2780
3980 4843
749 2092
4230 2426
997 733
1447 3014
2825 124
3558 1342
2705 3610
1590 3058
1111 778
663 2883
95 3300
4882 1104
4398 209
3367 2820
4389 287
3734 2410
2256 309
3744 3239
265 1862
4767 4421
3943 1309
2456 2475
2260 4880
178 1066
202 3181
1097 2308
1226 362
1460 3818
956 3082
3998 596
2825 4633
3698 2767
2993 3417
3598 1957
861 1538
3717 1051
168 3333
2517 2622
710 829
4040 4075
4940 3664
1756 2334
2866 539
1038 2184
1562 2425
4493 4789
2212 774
4569 2962
4593 344
2333 949
1964 3515
1453 2175
1893 4632
587 2534
3917 4418
1853 3100
4165 4957
3530 4778
3094 3692
1596 2196
913 2214
962 4329
2713 4842
1017 4035
4665 3773
3564 3987
2929 2202
507 3126
4148 1677
3134 4353
1123 3362
850 3896
498 3320
1627 1654
985 3040
4521 1592
166 3301
2454 3559
3991 2949
2077 465
809 4737
2723 3767
1199 160
4049 818
3501 4058
692 1611
1607 2936
3122 1174
3280 4939
1449 3424
4038 773
651 4014
3170 1359
570 4518
3664 1039
1651 1207
2699 4725
2587 1513
4027 1599
1327 2428
4733 4788
4407 3893
1626 3608
1418 2244
4736 1009
4536 680
338 1668
1932 3721
4715 228
4437 1406
2809 4402
838 187
352 3613
216 1359
4837 3627
2898 4649
910 726
1773 2756
2129 4856
641 3791
238 2400
1354 2934
2286 2505
2361 4181
2801 1324
3908 2310
3177 556
3716 1139
4360 302
3054 3955
1666 1061
2712 4206
3400 1384
1625 633
3208 3358
1152 2820
894 1273
470 1803
965 4992
4767 3245
685 2870
1747 4500
4754 4453
2712 4682
1890 4948
1295 4259
3342 3591
4751 1009
407 3711
1691 3270
3049 3733
1650 3528
488 3281
8 2735
3213 3714
1574 4421
4820 273
2374 3072
2924 4339
2601 3801
3374 4941
2678 2526
29 4011
3751 1964
794 4663
4925 1689
1314 3712
4368 2362
3699 2743
534 3716
4734 2918
1807 1325
4486 994
2700 3780
3973 4466
2759 1358
3473 2850
3361 371
4210 1554
2768 1814
4927 3988
4755 3757
2101 811
4901 1025
2208 109
3804 1862
3448 4094
2252 11
117 3547
4486 3832
4601 4675
4134 1438
2042 3485
1002 3484
234 1675
1981 791
545 1716
604 661
3459 3502
1965 968
2108 3249
2753 4833
2270 4020
2480 957
2829 2124
1215 6
3551 2958
599 2068
613 854
4747 3405
667 3991
3681 2886
4754 2111
3733 4452
3956 4587
2822 4564
2676 2219
3649 1932
3907 1528
4918 1527
4639 12
1712 3468
2961 4565
3376 2725
560 4509
1341 4323
3924 2219
2568 4459
3739 357
4716 4006
472 4725
3749 4018
983 3829
2808 3354
3147 683
1436 4782
582 2691
632 359
4983 1427
20 2672
4472 4458
2218 1592
4896 12
1541 4600
1639 563
273 1044
2083 538
4019 1608
1424 3834
2152 3279
2259 3000
4205 4142
2635 1748
2369 2762
3287 955
2072 2161
2119 2521
700 4064
2777 2598
745 1496
4104 4289
1273 2317
3328 4446
2862 972
2695 1289
1341 3385
3298 2418
4396 1853
761 1322
1188 4275
1651 3573
4033 2446
571 3334
2624 3261
4268 3150
1628 3827
3413 3353
1855 2577
2324 1323
2578 1331
2558 259
3303 4298
4272 4797
3102 4754
4603 2961
3307 1430
2000 541
366 1772
2907 2327
1413 4876
4485 1854
2168 3784
2484 4995
2948 1245
3609 1564
527 4424
3970 3791
707 4286
1669 4235
2148 2384
2052 2019
4364 903
198 2276
3572 509
2733 4569
369 2734
482 756
4275 1593
4018 1538
4340 3452
942 2530
3533 1487
2242 2810
2121 486
2440 4613
203 1442
1688 334
3185 1628
2484 4540
4306 2655
3820 754
906 1285
3044 1964
1741 759
2392 4015
852 4193
4433 906
1556 1069
4627 1808
3058 3944
1962 331
1023 2470
3731 415
15 2654
1263 4262
1715 911
1401 4489
1492 3612
255 3064
4157 740
796 922
1510 2004
3455 1603
2253 1998
2877 3145
1227 2171
4280 2770
4678 4475
4179 4516
4655 4188
2592 1694
4782 527
4198 1205
2500 1940
694 3008
970 1255
3374 4335
3829 4323
4296 4434
3839 2066
910 4455
4801 275
4947 2890
1934 1180
3800 4098
1911 2437
3498 3279
224 2331
1096 2257
265 77
3778 2912
3739 3226
1437 2416
3430 3944
622 3508
4141 511
2246 354
1643 2052
4570 1673
2962 3655
1791 3414
2723 4833
857 4515
256 297
3859 566
4105 1452
4555 404
4886 507
311 4717
4145 2059
4481 2522
3089 2235
2547 3363
400 539
1595 1236
479 2875
3125 4386
1412 2412
3571 1388
4847 1984
4262 810
1541 1819
4209 2680
1249 47
3551 1100
4235 4327
4000 2268
4437 3609
1671 3137
4886 3423
1970 4247
1762 490
1118 2423
920 3443
3993 4391
35 1769
1730 2374
2868 1848
3988 2590
2968 1761
3951 308
4130 4589
3913 1197
2876 1116
3829 734
2056 1741
634 1727
3633 1181
1685 1676
1554 434
3570 2086
1636 1328
3526 3899
3535 4000
4735 1444
1140 3966
2884 4388
2044 3486
4944 3781
2642 2226
3304 1837
659 2069
3544 3871
2221 2807
686 61
4683 3035
4581 960
1637 3527
679 2161
4935 1871
2347 3099
3223 4226
2034 645
3810 3581
899 3932
2283 3960
3230 288
3641 1601
1293 826
1502 3770
1846 447
4391 1205
944 4009
3452 1906
2658 2806
4496 1869
3673 3865
3239 4809
807 1587
4072 4473
2498 1697
3961 911
4208 656
521 2414
1295 2200
3265 1171
4888 3454
3193 2561
1739 3404
2166 2062
1082 1519
3300 2551
4728 1537
1238 4682
515 3421
490 2651
4272 2672
1800 4516
2786 3024
2464 4782
2662 1022
1199 325
1785 926
2503 4477
3021 2308
1168 3774
2842 4496
2600 19
1505 1517
153 1921
4879 867
1283 3278
4135 3015
7 409
2459 1641
1080 4775
1745 500
4529 711
1876 3606
3179 3318
3077 3127
395 4596
2734 599
4128 1140
2487 3930
4711 362
2292 1568
392 3734
1679 3605
212 3702
3018 4834
4884 3588
3211 1401
3662 2027
3390 4053
725 182
2902 133
3768 2831
576 2254
2773 2188
948 1727
3104 3397
740 4632
3484 2995
718 3436
2833 2951
393 2632
2514 1587
3291 4913
1129 3679
1511 378
466 2031
4756 3643
2507 1603
3955 2712
59 575
3135 4873
3678 1272
914 3862
1753 75
3211 2427
2020 4754
3412 623
2150 4473
3833 1061
1944 4619
4858 4051
3983 1598
4859 1639
1520 3156
584 3054
4453 53
3503 4244
3834 2354
3798 31
137 3806
3306 3205
3705 2099
4306 4195
3814 3653
3226 3832
2282 2748
141 1753
2609 4257
4969 2815
1108 2201
3073 500
4738 3401
988 4349
1687 2312
2895 174
2311 3433
955 4813
1589 2755
1507 4494
498 2733
3005 3900
1708 4678
4220 1179
3595 2639
690 357
3398 3398
1008 1037
4397 1581
4577 4723
2336 3897
3636 3288
683 962
308 346
301 4978
733 4270
2650 4181
3413 1637
774 3398
478 1663
3884 1506
4619 2604
41 2337
1477 1410
4857 505
1628 2079
3838 1458
2471 2077
370 262
107 384
4773 2216
2931 671
2261 789
589 397
2245 2890
2140 4695
3822 2815
48 2652
728 1414
4937 3643
3082 723
265 2578
1154 1512
105 734
1020 3081
1395 4418
1492 1804
2053 1656
2445 4342
2955 4483
2732 4925
1179 3151
1839 4643
1075 2493
284 4336
2457 1612
2901 976
3913 1225
2477 4048
3370 1313
4383 1789
2929 3894
2163 3471
871 545
3610 4138
4491 4053
2701 3610
3765 1165
916 1290
2810 2079
4326 2526
2562 612
700 2578
2200 3496
315 179
4909 3915
86 4160
533 4263
2032 3118
1573 2497
3746 1386
547 331
4576 1826
166 1427
2290 1634
1881 3087
3965 3950
1567 3224
3564 1844
239 731
984 3843
1625 806
835 2250
1209 110
2870 1090
3944 4686
4210 958
2006 3168
4111 1215
3541 2931
2802 3470
2389 1205
493 925
3033 3039
399 3766
4883 3177
4371 3447
2136 2550
4841 3810
3892 887
3882 1253
4798 4417
370 484
589 355
4474 2979
4519 3222
4883 3169
4331 2285
3931 1266
1271 2073
3029 3234
3140 4799
462 1999
3273 2905
3757 3802
3565 4345
3279 2974
1809 1278
2985 4682
782 4569
1322 3792
587 1287
3477 2993
1736 1321
1640 386
3151 4867
565 348
1033 3416
1265 1945
2935 2514
3872 2377
4652 4986
3710 3112
521 2972
2190 3736
3118 4145
1615 3150
2730 1094
4506 2685
556 3066
4824 1975
1444 892
1909 2559
4904 2432
46 2587
3972 3136
3063 3700
950 610
1990 2750
545 680
4693 2355
3094 186
3369 1746
2412 462
617 1151
1531 478
2043 4032
1717 2136
1664 4745
3453 768
2111 1908
3885 4429
2410 1318
2525 2211
4925 90
601 2995
1410 141
2626 59
241 2765
2606 3538
2723 2798
3483 966
1304 4046
4244 1292
2000 3613
733 3654
421 3611
4955 858
1418 971
468 4169
4064 93
3594 698
2947 2464
1475 651
2471 669
2296 3081
3327 1168
382 1355
3578 3589
4785 614
508 2390
3628 1578
3162 66
3510 1378
4039 3513
1703 656
4523 233
4977 3654
3492 4642
3863 258
1576 3831
2309 3228
2934 3648
3803 1995
62 933
4084 2598
3657 1972
4263 115
4421 784
109 3076
4912 2603
2440 3656
2924 213
2517 3304
1855 2760
585 1470
3924 2879
4329 2907
998 1223
4616 2338
3906 2731
1366 1819
4802 512
1072 4762
228 2245
4616 1345
2957 2454
4342 2310
535 3444
749 4343
4819 2204
2387 3206
2414 2147
1929 2853
752 3008
3236 2479
3530 1954
2569 3827
4843 404
2910 26
2628 757
3272 475
1655 4870
568 3183
1212 1161
1761 4850
356 144
2797 3707
2310 4485
130 1796
1485 633
2166 4627
1656 239
2973 1703
266 3558
49 4319
3356 1073
4469 4875
3909 2754
1291 2116
118 2700
1819 357
2546 1324
557 962
4456 2833
554 759
830 1726
636 3039
4695 2595
3052 4638
4664 2562
4628 3355
3159 1710
3298 3030
4799 102
787 4291
1573 3816
7 831
766 196
2162 3449
3865 2222
3720 1347
4589 3223
689 3379
1662 3153
2719 2791
943 2868
3298 693
4984 564
3171 2293
4063 4714
4367 879
260 1379
653 4740
346 1769
121 1359
2933 250
1196 4918
1296 1026
1172 264
4570 2184
3279 3648
4911 1530
3664 1417
4981 1875
455 326
4715 1897
1590 912
583 3580
3608 719
455 3775
525 2688
4874 3511
1286 4723
3489 1587
2160 4114
2086 2487
4853 3032
865 3509
4690 3870
1637 935
884 389
2815 2711
2433 3354
4598 4140
4886 4851
1216 3195
1801 883
1110 2131
1994 717
1094 4598
4001 2406
2790 3993
2839 321
2248 2262
3064 150
2533 1091
4282 2877
4298 4999
1588 891
3015 4447
1777 1496
4723 3329
3894 4222
2651 757
344 3087
1470 4760
2946 1425
3268 1369
3949 4973
1851 4501
1228 1981
2755 737
926 1501
1755 1702
4985 1157
2986 4419
3535 1457
998 862
4381 3889
333 3550
3736 2535
425 1325
2215 2057
3367 1146
1756 3956
852 2964
946 3505
207 3027
3174 1204
1567 545
3575 111
3505 747
3857 1197
1208 3959
2064 2566
3491 1776
137 3714
2795 3087
2770 4146
372 3055
1941 2371
1230 1184
4699 3273
308 3993
4606 985
4253 472
3546 969
2995 1732
2383 679
4139 3461
1955 2797
2061 1787
3737 2665
2838 486
1900 2998
1145 3008
1921 2986
3297 3594
1219 4904
1571 3015
4925 2363
3884 2333
4342 2823
3166 205
3649 4784
4456 3337
2144 1350
427 2820
1373 2309
2071 86
729 49
862 3734
4864 4054
1013 2024
889 415
4415 2319
1016 2245
353 2834
300 2555
4225 3021
3332 1258
623 792
3112 3123
4407 1723
629 4789
3010 2991
394 3070
3892 2269
4246 1905
4532 4280
672 274
2895 658
1448 3997
3844 4842
1129 3464
4956 3050
3285 4524
2614 4407
3872 991
2958 591
563 2952
1015 2760
4429 299
3076 2880
1165 3464
3033 4026
308 925
476 1864
2238 4526
3272 2203
2677 1142
4616 1425
1713 4714
2588 1684
4091 4548
4140 1732
4276 3614
2731 1232
4343 3038
3737 959
1803 3594
2755 4574
4527 406
4075 1553
4399 3323
2061 2170
2202 4952
3055 686
3519 1810
3283 4125
1697 2017
4803 719
102 4862
1019 3455
2053 3290
3850 4432
4850 1132
3160 1151
2322 707
3893 4680
4089 4445
4202 1087
1794 3912
1602 3832
85 2969
1213 983
3310 2982
944 4535
3107 2320
1243 2996
1961 1984
67 3568
2533 3231
1880 3380
2725 1992
2996 1453
1867 3481
3325 1079
4695 3462
1072 2321
4960 3963
2224 1068
4016 2069
324 714
2741 4183
2757 776
339 2219
1926 290
1852 3654
136 1863
3746 2302
13 2637
1177 451
3602 2654
2647 2049
1754 3845
2411 1408
3750 4890
1412 3825
3499 1271
1439 3406
1278 3492
2774 2564
1549 2257
2968 992
2484 280
831 3157
325 1678
1666 1524
1010 466
3906 3520
1023 4573
4606 444
3852 4714
90 553
2277 281
4041 375
213 504
3427 3505
3214 2896
3318 374
3199 4253
1230 4388
1181 494
3220 2392
4712 4153
3044 783
1078 2470
2446 4522
2872 2617
1504 1852
530 3876
1287 3706
2077 3206
4266 4446
4566 1325
4105 2281
1260 1295
2436 3366
2983 3797
1951 3461
2275 1042
3022 3069
786 4990
2055 4537
3038 3872
2641 1752
1756 2735
1582 3937
1170 474
4735 3880
1330 852
1396 2617
3818 2622
1114 3463
1711 2302
4816 1756
2619 2764
2990 3877
2979 2145
2837 4336
613 1166
2952 3204
3744 4756
1083 1719
2942 4243
3865 4494
2011 3357
474 270
1187 4264
3310 1462
2179 1332
3980 2148
1283 1885
656 4719
3976 699
3452 4785
4316 3178
382 4855
3348 1306
3151 3996
4989 2597
3587 2891
4398 4272
3048 1920
121 43
4966 351
3445 4856
4592 3529
3472 993
172 3203
1888 3557
2259 1775
4301 545
1624 315
1134 1467
23 4910
690 2058
2928 1854
4194 4255
202 4627
4732 2706
2457 78
105 2606
1872 2694
3850 29
2218 983
2513 3322
2907 3395
601 840
2187 4169
3460 3466
4 4823
3833 3296
2982 1177
2329 643
1410 36
2895 2803
277 1302
801 4002
462 627
3064 4393
4688 4496
181 2594
1514 4170
4498 123
3124 397
4585 2357
1817 3977
51 1013
2759 944
4001 4949
995 2944
246 477
67 4609
354 4282
2646 2003
1933 152
1329 257
843 2200
1501 3419
3356 4855
3750 2505
1885 4664
1914 2569
4592 2014
4345 2004
4142 2020
2315 1995
4360 3029
245 3139
160 2652
2949 3016
3372 3758
2567 4684
1413 2115
333 1427
1706 3909
3180 48
2756 3047
4200 4583
1395 602
1951 664
4323 4012
1583 1308
3833 2022
3007 1660
2253 3873
3325 3735
656 764
3275 1338
3142 21
3667 4315
1150 1218
4143 82
811 1644
1127 2551
4052 2238
690 4996
3255 751
2357 3718
4719 441
1776 3960
1195 4014
688 3571
2588 1467
4822 4382
1479 4432
1307 1474
1279 1979
86 4975
4236 4023
384 3149
2120 2392
2539 1180
1806 2213
1358 3912
4416 3030
2109 3572
1881 2667
4914 4017
4551 4347
843 341
1720 3941
3639 108
1630 4310
2952 4708
3179 210
4992 535
4042 3915
4787 4353
2970 2928
1601 3982
2271 745
433 4264
621 3733
736 3903
292 814
4412 4191
2436 2491
3657 1574
3277 1358
40 1003
4116 1065
1764 319
1712 1579
4157 1632
1698 2582
2822 2302
4375 1100
3523 314
2498 749
1606 2086
1214 1173
1513 1687
2297 665
3508 427
3851 1732
697 4424
4375 1381
2713 683
1567 483
3348 2646
4609 1328
3942 2278
3498 226
2665 1642
2465 4503
3722 4595
2320 4161
741 2515
1954 2155
160 3674
1827 3052
4345 4288
2539 3785
4411 4547
3926 384
4877 1698
748 4657
4304 3692
4037 579
1211 3901
1318 4891
4607 2842
794 3776
2382 2636
2884 1914
1128 4368
2972 4482
4353 1480
1828 4907
1265 3067
2950 2498
3398 3473
3311 904
170 667
623 1070
4648 3016
788 2300
1158 277
4793 975
3645 3153
1524 1597
4528 2489
2227 150
3007 1719
4163 2909
1815 3367
9 3340
4491 4655
3463 1647
4635 4794
1162 1446
3557 4122
432 393
4761 1025
2046 742
4521 1752
4087 630
4991 4909
4875 4377
801 2390
1020 3111
1001 1248
2843 3500
4643 440
4306 2279
2712 1052
3008 2500
1660 4338
4588 159
4587 2038
299 5
3807 2101
3856 2857
207 203
2757 2425
1595 3125
509 2133
3540 3356
570 510
1818 359
1611 1939
1304 2008
2165 1441
2654 3264
3575 2072
1973 1822
1134 682
2780 4798
612 4311
1838 4043
114 356
3363 4239
3010 330
547 2123
6 2906
752 3983
1828 3662
336 2075
3949 1255
1243 4280
3227 1349
1063 849
1404 1192
843 4107
2937 4966
673 522
3894 4663
4826 401
1148 3599
1196 4878
1718 3008
4199 1843
4903 1778
4815 1025
3136 1823
960 2957
1284 2896
267 4689
743 4619
2742 4761
3548 2521
1858 3224
3217 3042
3043 1853
4534 3464
3106 3704
2247 2620
4135 4162
2095 3578
300 4087
2017 2613
2452 4974
2539 4975
3130 426
4195 1757
1769 2699
970 73
4806 4584
407 487
3396 1445
3209 3562
16 853
804 2035
3146 1485
4921 1012
4563 4846
1799 4489
3284 1935
4113 355
965 961
3471 2889
4071 2838
4501 2582
4758 1775
414 2794
936 2453
2252 4734
537 4305
2134 44
3239 4729
2566 22
