70 746 30
4520 2109 24
1441 4379 22
2685 3309 1
3970 3459 2
48 1397 28
4978 2741 23
1238 2276 3
510 4677 15
4781 2184 7
3809 3161 1
4869 2085 15
1795 4775 9
2226 4521 27
135 3709 24
4934 1580 28
836 3122 25
3530 1333 29
1265 1583 18
1131 2403 20
2524 567 8
1710 2085 18
4880 3046 3
4341 1618 7
3842 83 4
2898 4385 29
3331 3800 28
1550 718 29
1090 2245 19
586 3281 23
3159 4411 17
4225 362 21
4386 3168 27
670 2494 14
3597 2005 19
2536 916 23
755 1888 16
1885 3848 25
4716 3706 4
2891 2893 18
1508 247 10
1150 3507 27
1591 3022 7
4651 3724 28
4704 473 6
946 2583 17
1189 4276 20
325 4695 4
512 3657 27
4699 1199 1
4362 288 6
3021 925 3
3438 2381 3
1490 175 3
1709 4483 7
1184 956 21
2034 3748 20
949 2558 11
2144 3052 29
1917 14 1
1490 394 15
2214 1740 16
2905 4687 30
3954 790 18
2339 1320 11
2353 1878 14
223 529 28
3390 2862 8
1528 3022 10
140 3070 16
1773 3922 28
108 3720
1844 968
384 2456
3095 3931
35 4483
340 4251
4121 2478
3039 1996
4675 3710
2211 3011
698 3691
301 2370
4079 4988
4974 414
3416 781
4678 1826
701 3294
3042 3309
241 869
3426 4513
2853 4354
3663 1335
2277 4810
172 2855
142 260
2358 3046
4905 227
289 835
4537 1347
3180 3437
2211 2856
2460 2602
2789 4403
756 2898
4989 4869
2922 394
1513 2616
30 3885
4838 30
936 4710
3626 3585
411 9
1609 4404
1151 154
3600 2613
1634 3379
15 383
163 4017
197 4845
1293 1112
3500 2304
4372 3016
964 293
4005 3859
3765 601
3079 2156
2264 777
2864 1477
3832 668
4491 1365
4399 823
4130 516
1017 3745
3428 728
414 1653
3131 979
3039 2459
538 430
1932 1305
1852 1227
2068 1166
1636 4780
3493 2724
1002 1913
1264 2632
1847 2855
1744 4398
3943 485
1285 446
4879 2344
3438 2354
1891 1198
4450 1612
1342 224
467 1089
538 4804
1966 4905
4560 3625
4637 226
4709 2638
2928 1479
4341 498
1766 809
1406 1321
2722 2542
2553 4771
3141 3827
2644 70
4409 3263
2849 1275
2789 2478
2973 57
3041 3544
3731 1067
4192 75
1112 2533
4174 477
1002 2835
4957 177
2384 1755
2346 368
2863 841
3778 471
138 1337
1557 769
673 1212
2297 4944
1513 1081
4088 179
2555 1496
3608 4535
1553 2216
4811 1544
4094 1967
683 1050
3262 2510
4741 710
2412 388
523 1339
3865 635
1261 4280
3256 760
491 1283
3735 2272
3988 1303
4744 1033
636 2617
1702 2727
835 947
3728 4846
4777 751
612 1924
1975 8
1606 3152
4315 3227
2517 2248
650 4045
1646 1402
398 2895
3806 2792
947 4166
1511 1387
1019 4457
2177 695
1601 168
575 3765
3843 3475
3850 1383
4648 1509
4321 737
1498 2893
2843 448
3765 2235
4283 178
2170 3095
1066 1640
2766 2436
2856 900
3176 2789
879 3871
4337 2006
3205 2208
3919 2835
3449 4468
4643 4125
3129 2483
1989 2759
1579 447
1815 1675
1208 373
1271 200
3263 3126
1864 1064
175 542
1707 205
4870 3084
4089 3962
683 1278
1801 85
230 1022
2733 2555
2184 266
4899 4375
4940 2563
1387 3783
990 2979
4408 691
3487 1348
2104 607
253 1638
695 27
2094 1014
3176 460
2056 186
2587 727
4150 2779
1988 2849
1126 2807
4348 2254
1129 3356
4715 2760
2785 1394
4983 3473
785 2152
4031 2994
4962 1202
4237 1918
1285 877
2908 1115
3466 2942
555 2039
901 1193
1846 2525
3633 3878
3190 4131
3134 2977
3415 5
3212 3017
3814 2435
4853 3858
3744 4576
4067 652
3695 2398
320 4801
524 2602
1920 1249
4506 660
2514 1635
4008 3156
590 2833
2020 53
1187 2243
261 1764
282 1673
4315 4224
3642 2976
2092 3341
3669 4831
4798 3517
1334 2876
1481 632
154 2138
3203 2685
2008 728
3573 1792
201 3814
792 740
1205 2387
3597 3555
1263 4478
1157 2764
1024 3077
1680 1527
43 4678
3973 3566
2330 344
2929 2536
4392 1185
4283 2773
2296 3243
3076 3171
3349 3127
4867 4368
338 1825
4754 4809
2430 2439
3792 766
2962 2950
1340 3652
3012 2101
2277 4983
1297 4369
1696 4490
411 246
2782 4796
2670 2991
1712 2342
1526 3102
2852 4311
2066 1502
2790 282
4970 1758
776 1809
1726 3613
3447 3621
2711 1070
1916 4025
245 4361
3031 3607
2923 2784
4420 4136
3256 2134
1694 17
2941 3373
4375 1150
3404 2730
4750 2838
3562 189
3737 3160
4670 4221
27 2918
1158 4235
109 255
1764 1347
4085 4748
3467 3077
647 2684
3605 3044
1633 2138
4990 1719
918 2422
2039 1144
1945 2917
47 4273
2100 4698
4841 2442
3586 2725
3441 4086
1972 4781
570 4631
2647 895
4529 3345
2466 4389
2991 3912
2230 945
4819 48
4376 2528
1345 1859
2727 3033
4622 2095
1594 2143
928 2078
2283 475
2944 2184
723 2210
33 1390
97 2593
3139 3245
2222 152
1061 2559
3849 817
3889 4773
1934 726
1982 3304
1146 963
443 4193
3385 3110
3309 347
1473 3907
1082 4166
2745 922
4210 3837
1759 4859
3933 4086
1030 3688
514 4761
3902 951
50 4189
1098 3976
4178 2092
3394 3019
3668 3217
4210 1058
3362 4827
2040 1668
4328 3545
21 1476
3636 1552
4930 4388
1825 876
2040 3608
2327 1752
3016 1152
4237 392
3877 49
3580 65
4943 1922
838 2039
2394 2786
4757 927
3897 4824
1395 4060
304 3650
1707 371
1462 578
339 504
2265 4718
3477 884
3114 3315
1027 3782
2659 839
1327 1849
89 3000
615 461
4105 368
908 3375
1834 526
2078 2484
780 1384
2875 4773
3668 3377
4579 1716
2682 4920
4302 599
1341 1972
4307 2122
1598 4100
4629 2866
3272 2916
4486 1487
1191 4777
3235 18
2561 3084
1075 2950
3055 2873
1402 1046
1988 225
1792 1293
1821 2860
2134 1233
3519 168
4785 3347
3669 359
2680 3517
269 2332
4509 2243
33 4230
1327 323
1453 75
1566 4390
488 4686
1323 2555
32 2010
2313 3673
3680 4901
2671 1100
163 2634
1450 3796
4098 1302
385 18
2008 4609
152 154
1627 3068
3524 2748
142 4862
1372 2936
524 446
4296 3824
1389 416
3805 1360
3444 628
2994 1880
3756 3945
3193 2528
941 2304
1091 1883
3474 4832
1628 1367
3798 3986
3220 3556
2332 4853
3190 3332
2078 2936
2263 3837
3356 4489
3859 1552
2828 3232
4023 1002
4320 1272
1051 3132
3751 1799
4908 3313
3934 1880
1736 541
976 1162
2464 1837
2581 4047
3134 4503
549 552
3758 4675
802 500
2488 2717
4682 4282
2415 535
4362 201
4371 4204
1940 1875
1726 3525
54 2161
480 4023
2794 4916
1547 3638
708 4887
3925 2076
2261 3039
4206 2887
4100 4711
1955 2220
4565 1219
1371 2891
1062 3050
1957 1306
4642 1795
1576 412
795 4640
4695 2740
2269 4110
1679 584
4501 153
2308 3080
1423 2841
3853 1730
135 427
1981 4017
640 3381
2362 587
2010 2072
291 3067
2748 163
4561 321
4314 1633
683 2420
900 2143
99 3906
3240 763
2689 4864
4991 2303
3851 2300
1895 1711
2213 3023
376 782
163 4733
2497 4754
1672 1125
284 4857
2712 1453
588 956
640 4469
1972 96
3132 4352
257 4561
646 3224
2778 2794
4148 127
861 2509
889 2108
976 1136
415 2961
19 4572
505 3035
4041 4033
545 3109
3975 1518
4062 3840
4682 2261
503 2312
1609 1798
3479 2860
2561 604
854 4787
2509 1516
3185 1476
4482 4851
3548 1963
3435 3460
4665 2620
783 1194
1526 2034
367 499
1209 1578
4000 4280
1609 1032
3091 2717
3007 208
3894 4478
2441 3134
741 3354
3980 3500
832 2552
2447 1019
2943 589
2085 3049
2074 4435
3870 4987
4614 3024
3863 4834
2240 828
1102 3448
1830 2865
2868 1285
4625 3122
1813 524
270 4837
711 2284
792 3868
1689 957
1291 2337
2862 4171
3934 3099
11 2813
3976 2948
1596 2826
266 2617
4389 1659
4308 472
684 1419
2278 2380
718 4989
3897 393
2459 4299
1021 4646
3248 1434
3254 3909
4675 4486
1180 2589
4966 4620
3931 3565
4188 91
803 390
2813 496
4223 1971
2809 535
3804 3920
4702 3935
3871 4560
2738 501
2232 846
2662 2150
2786 1411
741 4118
2294 3522
4686 2448
4602 1125
4581 1977
3182 453
319 4932
3837 109
1323 2765
190 4282
3963 3993
1299 144
1984 4443
4890 4345
1876 2215
1682 694
2824 2055
4594 1152
2824 2572
2749 3391
4650 350
3970 794
4056 21
3076 1469
1755 4287
2224 3636
4076 4027
4662 4077
1016 3362
507 2833
3441 3444
4928 3466
3652 3150
2774 4712
1680 2924
605 2406
3720 1224
4168 560
3019 2511
4507 2983
4934 3462
598 2408
428 135
255 3999
3959 1114
2273 3231
3831 1988
4111 281
3753 1
2421 478
3532 1093
3660 753
4118 1720
3772 4043
2692 847
3514 4008
3869 732
4491 1083
3422 1525
4894 894
132 3453
3891 3396
3326 376
979 1850
1556 1965
1032 1716
4945 3288
381 4196
3496 53
1363 4301
3821 3433
3631 4657
4838 3312
2981 2298
2783 4659
1154 3688
1538 4360
412 2624
2433 3966
2696 4051
2251 3385
3069 4800
2311 2181
1755 532
1707 59
4266 3459
2607 3520
3798 1750
47 1689
1539 823
4145 3900
2328 1918
4873 46
2238 3843
4442 2054
24 3741
2796 1950
166 1463
2792 1150
1711 620
4779 589
2318 4469
1027 3821
725 3095
3554 2871
2838 3985
4989 3231
