90 1356 30
3394 4899 11
849 880 16
1517 4524 19
2018 4896 7
1895 3159 12
412 1321 24
4828 3896 17
1393 2486 6
3063 1878 26
412 1501 2
3768 3131 13
566 4497 22
999 1353 15
1208 2588 5
703 1093 15
1015 213 10
135 194 1
3822 618 6
2005 4173 15
4088 3272 17
359 4420 8
3722 1368 29
2099 2875 9
590 2442 26
3471 3702 17
4484 4629 7
4967 3896 22
4317 782 16
454 2366 15
283 739 29
620 516 3
2739 3156 21
4457 837 17
3633 2781 18
3767 4908 11
4623 2640 28
634 4146 5
2766 3949 10
2350 2491 9
540 1313 26
1471 3531 8
522 3677 10
3227 1363 9
3262 103 10
1401 3419 21
1321 3889 25
1865 39 15
176 2626 12
998 4454 9
2299 2496 15
2577 2536 22
204 836 24
4207 1502 12
4179 4754 20
213 3157 22
4034 4969 16
4277 1221 15
1685 4119 12
2114 4692 19
4253 1906 28
2876 1180 11
1013 3648 27
2998 3105 22
200 4886 6
3600 3005 8
2063 4242 25
3208 1476 21
2402 1438 14
4799 109 29
3608 4034 20
819 3401 4
1137 2642 18
2336 1729 2
2292 3143 15
2863 3946 13
1311 456 14
3464 4391 16
4797 1356 3
3435 126 8
3737 2016 1
4918 3876 6
3277 2606 30
1519 4409 26
1644 461 20
1492 4385 13
156 1243 9
198 817 23
4046 3544 19
1434 2016 12
2434 4609 10
4327 1475
2923 3491
2915 3413
1465 3505
4270 2525
4909 84
696 3857
1643 824
2799 4629
209 577
1967 4947
597 1506
1142 3585
957 706
3941 4477
1758 3508
1388 2590
2846 949
4363 189
2036 3961
777 2045
2399 4619
540 2889
3157 851
1625 4770
381 4296
125 1813
3729 1049
3159 3293
4315 4915
188 3360
807 4437
531 1855
2659 1743
595 3598
557 611
678 3427
1255 3462
584 4200
1696 3853
1816 4274
1331 1130
2461 2684
1042 2622
3889 2250
616 2478
1288 1725
2148 1430
1183 3885
1301 1852
4355 1399
1624 4680
3443 4334
4771 2371
1853 474
2517 3028
1223 1706
403 2020
4767 2467
99 2170
1060 4443
774 2236
4437 3979
602 3246
2209 3777
3181 657
2819 2686
3658 4051
3559 3454
3254 2629
4795 3907
4186 59
3286 1492
2180 3326
4020 705
3697 1600
2145 1334
1596 3286
1149 2162
3295 3366
3400 2683
2703 3941
3801 3339
971 3268
4154 3736
3922 2020
1485 479
4087 2947
2537 4671
2921 4034
4371 2866
1826 564
3402 3030
3295 1602
3267 3648
3380 711
4246 4824
2308 448
1589 3639
626 2799
3336 1674
2945 4300
3298 438
2020 1283
32 761
2361 342
1264 2637
3518 4545
1057 977
1 3786
1336 2503
71 2808
1249 1920
496 170
357 1216
3008 3364
285 346
796 2467
1708 4322
2470 3832
4822 3681
2689 2976
1019 982
4409 297
4038 3212
858 1942
2707 623
3182 594
4821 1071
568 4694
658 1804
4503 163
2035 2556
739 256
2415 4418
743 2387
3737 845
3467 2594
3265 4350
2756 473
387 908
900 2590
4581 4345
1390 1407
2300 1019
1644 4620
2749 876
4562 3890
1341 3713
868 4192
2679 3285
357 3912
3255 994
4189 1041
2804 3433
1447 4869
4793 1070
2194 4533
3988 3665
4821 4637
4750 997
3483 4315
3379 975
756 2697
1659 796
4168 580
418 3489
848 4731
4939 1909
2217 884
4882 3570
1464 2156
3653 3311
1089 928
1300 3601
570 1682
1439 3239
1615 3988
1047 3012
449 2306
4878 3489
3317 204
3111 1995
4958 1856
3342 2157
2157 3300
2300 3770
109 3510
4091 2125
1431 204
2083 153
1887 3906
74 1309
3190 4918
841 4746
262 4467
3894 1498
4652 3833
2374 2474
2687 3313
2 4253
402 1117
1550 899
3482 146
1512 4400
1037 3480
1665 3058
3802 1313
4333 258
3643 2628
4345 1653
1243 4092
237 2719
4690 194
631 4560
4489 1834
3602 2199
2338 3419
3100 3052
253 616
3484 31
2280 4114
4388 4012
1104 786
2807 1601
813 676
1165 2669
4077 2940
17 3312
1126 530
3725 20
550 294
2484 4721
2085 2855
2363 31
1858 2823
2433 648
3060 3015
3709 3645
3422 4216
1691 295
577 3236
4604 4777
2269 2686
612 2604
2894 2570
1287 1258
3356 803
3486 186
1956 1581
421 3310
3513 2470
3527 1355
3970 4008
2413 3351
1996 4776
1250 3949
184 1194
1375 2267
1583 338
501 3067
3941 2470
1623 211
1632 4490
3917 2211
4795 227
1834 3304
2972 3777
425 1326
324 2173
3399 1701
4387 3497
3828 4927
862 2572
4519 483
4453 1158
1135 1406
3699 993
2600 733
2701 699
336 926
1049 3696
2125 2569
3870 226
1673 1199
91 3741
1065 4443
4520 1236
1669 3532
3151 2735
279 2244
3115 4025
5 1156
1530 1337
1518 175
3836 286
3827 1662
4565 1883
3421 703
1909 3002
4924 2589
637 2248
4142 3938
4869 1703
635 4272
3956 2535
136 1069
3481 940
2961 4224
3819 1824
2108 685
3787 1737
765 4107
3634 4569
3661 25
892 1611
2819 2301
921 152
3770 947
251 2532
2486 1187
1957 2935
4559 1619
4657 2462
3085 3791
2616 3492
1097 1268
2062 1342
4231 3181
2449 373
2805 1037
256 3736
2316 1313
2396 2186
2329 2617
3241 474
1926 1958
4487 707
2289 2385
3604 3882
1736 3482
1888 725
1234 2869
3201 569
4464 1497
4960 3064
1240 2000
3653 350
1311 3588
2674 719
1650 61
2742 2989
2807 2006
1407 2438
4568 40
4524 4374
2826 4791
3516 2728
1581 1176
3660 394
923 2052
2550 2795
2223 4510
2688 2170
257 4970
2477 2747
1680 503
1510 3777
2579 2515
3812 2731
4339 3643
4804 1401
1179 1917
2321 4622
193 3518
2442 3132
302 2803
3529 516
2685 3395
548 1254
3469 1523
920 3967
4593 4604
4249 1493
2022 1980
4446 3493
1603 4279
4410 3622
2718 2386
1351 3736
412 2076
4039 1966
3347 2905
4392 3821
2038 2946
3385 4455
4296 2921
103 3755
2106 3131
4726 1741
3748 2850
4006 1590
3262 4145
4620 466
3698 749
2379 3143
1672 4477
1403 4554
4237 3873
4409 2947
4123 2172
2647 3963
2413 2019
1917 2963
218 3179
3653 180
3921 3982
3716 3801
1949 1043
1629 875
2614 2363
1117 1039
3548 3127
524 4062
3451 3345
1388 1878
2589 3419
4911 1180
4787 1423
2152 3742
283 3979
929 1886
1851 2733
332 3707
2065 2795
2527 4726
4857 3395
4679 132
1809 1156
1585 3420
4369 3100
4328 3695
13 2990
4245 1172
3963 3668
4936 2050
2598 169
1760 3033
3102 1407
3654 462
1937 4273
3298 2943
4954 3054
26 4114
2525 886
110 4283
1583 1618
987 23
2366 3079
1681 3784
4244 3084
837 3046
886 3032
1068 1293
1207 3350
1288 1997
3813 2954
2642 4916
879 2769
2858 4475
517 4116
4038 3297
517 3027
1687 3455
4642 230
1725 522
522 1254
3123 955
4449 2694
3677 3115
4256 2499
4577 324
2683 4181
1071 2035
997 4182
78 3490
1263 3216
1893 1493
1951 1794
1704 3432
326 61
1385 3162
1622 1441
2267 1494
3178 152
887 1989
389 435
1064 1764
2674 4342
2096 1558
1134 887
4214 3560
1374 680
1627 393
1549 4321
2831 2118
2308 3140
4371 2764
2957 3135
4688 762
3907 4147
1793 2789
3915 4924
2688 681
1386 2675
3226 274
1603 2356
677 1802
1399 247
1665 1185
4145 177
1477 3992
3983 4090
1118 1317
1976 2407
4732 4587
4498 353
21 3880
1084 1291
2318 1773
414 3755
4470 2499
3412 806
4441 1579
1028 823
4524 4494
2974 4481
2869 520
3375 4935
4756 120
2868 1964
4289 4739
3385 16
1253 1172
2909 2158
492 2262
2289 4838
4986 1713
2692 3595
3554 3383
4377 1469
861 1844
2948 15
2034 1277
203 2765
324 548
1039 1184
95 3668
1499 798
3294 3238
882 3328
2519 346
2107 2041
1307 2195
4171 3859
3560 4606
3613 4185
2210 4784
4505 3573
726 3071
2687 578
1415 1380
489 8
1611 4640
934 2041
3469 1739
4078 3620
2097 3275
3277 526
5000 1980
4670 4715
1518 59
679 2873
1915 2250
4003 4693
428 3637
1000 2774
3742 547
640 3403
3120 4006
3706 539
4813 852
1686 4990
1805 1924
254 4050
805 4415
585 945
2506 23
3222 747
3296 1364
3349 4299
3663 4819
4841 3817
1466 4883
49 4509
2891 2732
710 2252
1981 122
3017 3732
177 4840
4841 2615
4585 2097
3077 240
4429 2934
1992 3837
3504 2807
2675 3514
3063 4591
1455 4220
1357 1870
2192 3078
1719 954
1588 4725
3119 85
53 2814
1787 4991
2712 4382
2986 3172
640 1430
3078 2138
3711 56
1541 4535
3083 679
2568 1158
2952 175
4108 523
4072 1697
694 4831
3675 2099
4560 4730
4102 2976
440 4927
4512 3579
1311 4030
1730 4735
59 1107
5 1633
1040 1085
312 1870
2158 2088
2756 1129
893 539
4817 3061
3260 4271
1476 1704
4014 2478
899 4691
1982 3091
4616 2349
887 2086
2039 2906
607 22
2934 2586
3002 4431
269 2455
479 4707
553 626
889 1465
4725 2869
1868 311
1192 360
2950 2161
318 627
4438 596
3422 2349
4929 2981
1361 2830
1195 4237
3345 2257
3400 259
4030 4919
4426 4910
4926 137
1312 1730
1242 3102
4794 1600
235 4206
4830 4279
1285 3962
3575 1387
572 1441
4770 2171
3404 3947
3113 781
2210 4022
463 3810
1444 1835
3269 3110
4948 2948
3198 4344
587 1891
3254 2825
3247 4825
3057 1353
103 1724
2106 3818
417 3437
4821 2372
425 4916
1312 4813
2071 144
980 304
4337 2306
1265 3966
3238 3806
686 92
4668 3212
2740 130
2841 4573
51 4280
449 3588
2842 1989
3892 3317
4789 91
3329 1122
3912 657
4901 655
1920 940
275 177
3121 1910
3159 848
1399 2116
724 2097
3290 2301
907 2953
2718 10
593 4448
4370 961
82 945
4320 3426
4676 399
3086 4678
3078 1549
2792 57
982 4455
1761 1845
3480 1358
3925 3893
4985 1422
4514 3612
4243 4268
3048 4992
762 3559
3556 1027
3522 3793
4960 3787
4341 79
493 3663
2956 4261
4341 4696
1663 1826
2027 2257
2572 4847
837 1386
4079 2056
3764 2664
1880 2822
3148 1230
1802 4168
3159 114
292 365
2360 1406
3567 3834
4474 2752
642 1298
4776 4646
4530 4307
3838 3907
4023 1196
2547 4354
1050 4587
1315 2748
1847 3706
618 1817
4762 1106
140 3199
4261 2352
1443 3818
4267 1387
1886 206
96 2576
4339 1091
1858 3764
4447 4841
3747 1713
3184 810
23 3479
4377 2775
2150 2229
1371 2727
1674 466
4075 1523
3145 1276
2224 497
3992 4958
666 2995
3111 1467
4438 889
4752 1482
4417 2554
3532 968
542 3422
819 1666
2112 744
3853 876
1813 3817
4699 1730
4455 147
4250 1124
3730 4672
131 1741
889 2860
2626 335
2613 4838
4843 1180
1805 4858
3464 2175
3256 1069
3274 3437
1345 3254
753 4755
646 2954
1504 3301
4915 3955
2134 3267
439 4091
3211 869
3040 1708
3814 1749
1169 3676
2194 3664
781 1252
3855 4589
4661 2031
2554 4116
1626 1780
3249 3224
4254 3471
155 1486
2859 1325
2633 3133
4351 4354
3872 3659
3953 3202
3779 3715
3861 2
1062 3892
1603 434
1006 4969
4412 1195
1126 4820
964 3737
4738 1140
1161 2896
952 4406
2914 3620
4310 1631
4265 4858
4357 2135
843 4154
328 4388
1254 2280
2561 4021
863 3752
963 1293
3422 3323
3398 2748
4 1165
4837 2521
3936 2557
159 3571
1930 150
3687 827
4840 1670
3158 1322
4695 428
2146 254
4360 2502
3417 663
2345 3832
753 230
3702 2589
2360 2039
906 3103
944 4279
3940 4490
3481 2768
4151 4817
4805 2442
2010 1241
1929 2648
49 1232
4184 521
4731 2740
3480 1044
185 218
1274 2665
6 2867
1167 4826
1247 3973
3695 992
862 4878
1677 2537
2259 1553
1438 3071
4846 765
47 1608
1125 4962
2523 210
2451 1859
3814 11
2076 837
88 2481
3567 3340
1942 3998
1752 3244
4912 2283
935 2361
3697 3
117 735
4908 3447
4431 217
4015 3734
4456 511
1264 2447
3031 1782
3052 1017
3965 2732
226 1487
3250 1812
499 4673
1451 692
3961 3793
3740 3395
2816 3894
4973 2219
2163 2948
99 1531
426 1223
1317 2381
51 787
2704 3713
2793 1335
2803 453
1036 2081
3528 2575
83 752
3932 1349
2541 3253
1272 1279
2093 2452
228 4575
1108 4317
3956 1229
2895 3227
3294 1998
4004 4996
563 3666
3878 4748
2580 1082
1215 4112
4238 4227
902 1928
2658 676
1084 1998
1105 3740
2542 3222
2887 2799
4195 2840
54 904
3418 4540
4394 683
4377 3626
4796 257
1116 3327
3141 4910
4942 4358
2855 2631
1924 3473
417 3829
1011 392
4955 53
2984 2916
399 1592
3162 639
3981 1976
615 2340
4603 4267
2837 2326
4342 55
4517 1517
2216 982
4999 4304
570 2746
908 457
4180 2888
2685 4161
2803 3325
4532 3136
1953 2930
3946 2917
729 4595
1243 964
963 3837
227 4082
761 4692
4847 1784
2540 1008
2308 3950
3453 2833
1710 4784
1170 2236
3763 3421
1568 419
1785 3449
2904 4494
4645 1968
2830 586
1214 3938
2490 196
4552 253
1093 4551
2080 2630
3374 4715
3942 308
472 4183
1562 2217
1705 2975
931 880
3633 738
1317 139
102 1870
4572 1375
4258 648
1220 2984
2972 1379
1768 57
2295 629
2959 1286
55 1766
2557 1221
2157 1186
1220 3398
1531 2815
3564 1896
3039 4759
2808 4592
4965 194
3529 2193
1819 737
1468 2444
3881 4400
4661 955
2026 2272
3550 1196
3321 313
2453 3706
4819 26
3675 2038
4583 4590
529 4721
3764 805
1145 4234
4786 854
3829 4266
2793 479
831 1598
3825 3076
4969 920
807 798
2036 4516
2498 2377
4571 3966
1472 1412
2399 4717
333 1816
4728 878
2160 4811
4142 2424
278 1223
1716 449
2954 1115
2350 2175
4393 1153
665 138
3926 3074
4632 4478
3079 1961
2982 2285
106 1289
1099 832
2373 2513
1332 540
3167 224
842 4366
3524 2658
4566 4309
2727 2920
2323 3215
3829 3743
1746 3298
3579 1194
4779 4740
1620 773
3711 4292
3467 4807
4662 3961
4304 1751
3517 283
831 3045
805 3471
459 3038
505 4052
1448 620
2555 1000
2131 3319
4248 2467
1953 903
1101 2482
3981 292
2257 485
3502 445
3117 4609
1331 4913
1077 3168
1890 4356
1642 3885
4532 4296
3061 1349
3172 2639
3942 4828
3746 3075
4879 3230
1629 4030
3951 2565
4238 943
4511 4335
1850 4137
311 80
2515 2939
2129 4107
3330 2577
3833 1515
4018 991
2915 4860
2914 3802
3400 2819
2859 2203
2707 2031
760 1903
229 2774
192 1738
2459 3137
3313 3275
2454 1838
3307 3782
2122 4774
3709 2681
2580 1127
470 3217
1399 484
2621 1519
1816 1173
4025 1592
3520 3915
4534 3885
1289 2076
4924 3206
4965 3781
2045 1542
1663 4847
431 343
4637 972
2092 426
2004 695
1565 562
707 1007
1291 4559
3030 1721
2009 3158
4705 1330
4047 1837
2315 4780
321 2320
4768 827
1960 659
2995 3824
3623 3749
4436 705
3280 1671
1020 2160
75 3057
3726 2326
992 2255
208 3911
4571 676
2648 4529
2327 3617
4079 3461
1802 3980
2256 2350
2490 1002
1003 2622
1272 821
1308 3481
740 4682
2121 4383
1390 2994
4063 3973
1255 3336
291 3154
4992 770
2536 2989
3520 1708
883 2071
4878 2245
475 2859
1446 1272
659 1593
2818 3416
4124 4829
2213 4363
1428 2272
1682 1216
1919 2645
4023 4745
1819 1140
1213 3937
4138 3796
1818 2824
607 3409
4105 2586
2331 633
3776 3934
4072 1015
1947 3573
1352 2745
1397 3951
4568 2970
2284 1767
3430 2266
1914 4551
2908 4416
150 4305
1227 3600
3536 102
4607 2854
3519 4675
2869 4354
2453 4723
542 2050
3322 2986
3880 3963
3259 2317
318 2052
1851 3790
1421 2311
3976 4126
4805 4761
2418 1039
4613 3414
2679 2167
4787 1040
1437 3921
2 701
4428 3546
3654 1827
2978 1962
2775 2718
2017 2082
631 2118
2158 3348
4745 2505
924 1991
2762 1243
985 3812
4028 888
3228 1894
290 4401
2900 91
2340 4174
4505 705
1378 3611
2956 1223
809 1915
4199 3044
603 2012
757 4838
833 3687
4397 2550
3207 4621
2290 707
4097 3063
2197 1748
4311 3553
4491 1362
1030 4998
238 4458
2152 3956
3969 1485
4864 2016
253 4480
3194 2499
4613 2128
2689 811
430 3883
2899 1938
32 1594
3254 1234
2591 2087
1802 1023
1628 1905
4439 2166
3229 369
3778 3485
511 1428
3174 4972
4380 4109
2324 4068
681 1573
451 2524
2907 1707
1776 3730
4388 1914
3127 305
2718 1691
2448 2286
1905 3640
2811 921
3725 160
3810 3245
3398 4968
4215 2360
4338 233
4050 2299
2633 937
1013 3969
2630 1835
4788 1003
1459 3462
1617 2055
2684 3493
2313 2205
4708 3443
148 970
3212 4965
