70 154 5
491 533 4
655 689 2
725 621 4
690 485 5
795 796 5
160 537 5
464 150 2
617 314 3
946 977 4
651 745 1
107 753 5
425 971 2
272 338 5
55 211 5
699 564 2
35 117 5
816 797 1
908 773 4
607 291 5
515 553 1
9 624 3
434 831 1
567 655 1
453 138 1
867 186 5
183 276 3
835 343 3
58 526 5
457 78 5
933 599 3
792 316 1
334 533 4
68 271 1
835 888 2
387 823 2
173 149 3
712 266 4
248 584 3
239 380 2
545 715 2
602 422 5
20 570 4
833 329 4
653 4 4
101 37 5
659 277 3
911 356 5
270 436 5
323 916 1
975 981 5
576 451 2
576 137 2
559 937 3
197 89 4
255 12 2
305 36 1
290 579 1
65 470 5
938 738 4
912 287 2
235 681 3
24 931 2
56 826 2
274 433 5
802 714 5
880 478 3
358 995 5
339 732 5
741 2 5
678 286 2
101 424
33 417
588 545
868 939
298 155
852 9
812 619
194 172
600 481
51 408
676 367
478 109
391 763
767 855
971 706
412 640
270 43
629 898
236 5
780 400
162 910
352 281
968 474
830 707
74 231
206 884
222 254
453 269
643 206
398 33
677 377
419 312
836 682
380 920
528 20
958 911
334 80
955 21
290 371
794 614
101 379
312 586
421 398
122 475
700 861
237 109
845 376
415 88
369 420
503 320
476 108
603 803
678 403
493 585
840 688
576 518
617 991
31 432
173 27
211 961
372 527
467 263
288 55
606 33
720 219
366 527
186 609
955 8
415 731
356 919
392 864
235 300
681 640
740 764
741 379
426 63
621 222
347 487
145 408
100 686
299 915
205 741
272 637
347 916
840 36
820 380
82 65
597 119
4 388
618 265
345 817
643 226
478 659
337 103
671 151
464 333
639 649
217 668
824 486
836 209
130 166
225 896
794 136
986 257
410 144
20 194
730 360
911 124
479 877
21 746
835 373
75 225
55 571
841 53
747 839
216 662
663 427
358 932
968 805
523 568
561 196
145 147
131 143
224 908
603 532
364 998
608 128
740 88
664 804
79 600
821 267
35 748
32 938
396 121
170 603
219 603
593 328
72 676
93 763
277 193
749 311
626 182
353 16
439 876
627 828
256 191
680 482
43 659
775 133
151 298
589 496
329 450
673 289
782 644
