90 182 5
754 127 2
989 824 1
621 641 4
895 857 2
694 174 3
452 598 1
83 11 3
256 460 5
810 139 3
271 148 2
804 658 2
181 732 3
848 150 3
503 620 5
354 59 5
93 934 3
621 422 1
50 851 1
678 407 3
456 147 3
331 30 4
709 217 5
419 327 5
203 585 4
288 480 5
274 667 5
131 835 2
610 187 2
934 951 1
40 835 4
190 129 5
37 66 4
924 128 4
543 162 2
285 981 1
160 213 1
123 167 2
798 54 2
719 886 3
842 545 3
295 494 1
151 125 4
674 805 4
17 953 2
192 823 5
107 297 2
715 289 5
926 843 1
44 85 2
851 55 1
736 510 5
153 282 2
513 895 1
155 902 5
631 648 4
328 428 5
408 444 3
435 90 5
534 460 5
49 365 2
759 46 2
699 919 3
638 615 3
878 141 2
182 773 3
98 33 2
881 834 4
112 271 1
440 43 4
740 660 2
843 171 5
778 370 2
611 450 5
780 691 3
179 603 5
888 584 3
761 941 3
231 89 3
598 41 1
402 767 2
356 147 5
68 355 2
497 683 1
497 758 2
95 372 1
174 128 4
559 828 5
683 656 2
285 41 5
252 384 2
354 279
278 322
30 114
683 727
890 76
95 619
26 430
197 921
375 368
961 611
806 893
466 639
150 214
785 491
563 916
832 596
633 788
15 202
405 44
765 755
342 70
381 105
339 915
59 690
154 38
418 916
932 16
864 55
929 565
255 665
379 443
419 411
922 267
951 26
367 448
804 215
546 994
36 974
180 889
730 44
821 8
631 305
44 108
71 88
714 279
317 981
933 127
883 14
927 6
361 237
674 254
761 206
547 886
472 698
21 342
754 278
214 816
853 198
736 568
71 769
613 257
82 310
793 477
357 779
218 670
817 329
998 706
772 285
142 628
667 775
980 258
698 229
214 180
409 199
512 319
569 228
406 711
899 517
567 460
599 38
912 641
273 122
229 37
153 770
686 476
89 827
873 245
430 235
61 266
895 932
536 896
600 308
167 52
41 292
289 112
598 91
504 399
49 643
262 5
158 931
943 685
520 32
632 763
754 949
562 273
723 266
338 689
761 848
411 673
425 51
596 110
224 697
44 819
313 33
674 55
673 794
405 227
713 51
842 891
584 576
364 750
384 718
896 356
246 559
509 515
566 530
217 539
877 625
414 380
887 592
932 833
94 534
323 694
956 637
59 192
565 671
301 830
53 499
783 727
197 307
250 124
499 404
436 590
453 892
574 565
755 138
518 554
827 80
509 958
637 169
188 300
950 430
357 215
74 137
922 3
654 319
39 786
229 208
875 310
991 257
274 784
467 285
331 130
41 557
267 656
534 406
727 931
883 218
58 531
815 38
418 818
32 232
548 992
587 321
43 92
46 946
552 762
299 198
994 546
763 112
614 827
135 715
