20 66 30
914 599 9
614 632 5
576 335 1
279 819 1
707 722 5
853 118 8
45 747 3
677 317 2
604 940 5
24 578 5
687 415 6
23 115 8
540 147 1
804 343 1
836 616 6
516 99 7
692 873 10
216 654 2
339 547 4
812 70 7
567 930
658 415
443 133
883 484
343 66
645 636
439 90
778 826
218 917
8 79
997 682
1 331
182 723
642 849
355 543
746 661
149 311
763 556
354 35
158 613
450 649
410 855
904 196
85 459
251 507
827 308
3 486
44 120
811 784
27 895
212 5
686 894
666 299
225 968
323 163
495 88
998 637
119 349
717 793
485 163
37 611
632 10
470 988
116 720
912 174
681 802
150 401
35 269
538 161
716 794
905 354
833 423
50 571
672 729
599 67
210 737
647 598
430 128
450 968
423 497
733 944
756 483
745 845
525 938
158 766
93 89
