40.0292 40.0292 camino: 5 1 3 6 4 7 8 2 
39.4845 39.4845 camino: 5 1 3 6 4 8 7 2 
39.4845 39.4845 camino: 5 1 3 6 4 9 8 2 
38.7024 38.7024 camino: 5 1 3 6 7 2 8 4 
38.5602 38.5602 camino: 5 1 3 7 6 2 8 4 
38.1915 38.1915 camino: 5 3 6 7 1 2 8 4 
37.9114 37.9114 camino: 5 3 7 6 1 2 8 4 
37.4933 37.4933 camino: 5 6 1 2 7 3 8 4 
37.4933 37.4933 camino: 5 6 1 2 7 3 9 4 
27.2132 27.2132 camino: 5 6 1 2 7 8 3 4 
27.1421 27.1421 camino: 6 5 1 2 7 8 3 4 
27.1421 27.1421 camino: 8 7 2 1 5 6 3 4 
27.1421 27.1421 camino: 8 9 4 3 6 5 1 2 
27.1421 27.1421 camino: 8 9 4 3 7 6 1 2 
27.0711 27.0711 camino: 8 9 4 3 7 6 2 1 
27.07 7 8 9 4 3 7 6 2 1 
Data: 70932 37779 15
Tiempo: 56611314
