make: Entering directory `/home/nluce/Desktop/UBA/Algo3/AED3-TP3/Ejercicio1'
g++ -g -Wall -Werror -std=c++11 -O3 main.cpp grafo.o auxiliares.o -o ej1.out
make: Leaving directory `/home/nluce/Desktop/UBA/Algo3/AED3-TP3/Ejercicio1'
Aristas,Distancia,Gimnasios,Mochila,Nodos,Podas,Pokeparadas,Recursiones,Soluciones,Tiempo
5,5,2,8,5,25,3,64,1,11309
5,5,2,8,5,25,3,64,1,8476
5,5,2,8,5,25,3,64,1,7023
5,5,2,8,5,25,3,64,1,6551
5,5,2,8,5,25,3,64,1,6680
5,5,2,8,5,25,3,64,1,6701
5,5,2,8,5,25,3,64,1,6599
5,5,2,8,5,25,3,64,1,6372
5,5,2,8,5,25,3,64,1,6335
5,5,2,8,5,25,3,64,1,6385
9,10,3,11,9,2842,6,4020,1,628210
9,10,3,11,9,2842,6,4020,1,618759
9,10,3,11,9,2842,6,4020,1,651883
9,10,3,11,9,2842,6,4020,1,611646
9,10,3,11,9,2842,6,4020,1,611264
9,10,3,11,9,2842,6,4020,1,610796
9,10,3,11,9,2842,6,4020,1,610264
9,10,3,11,9,2842,6,4020,1,610885
9,10,3,11,9,2842,6,4020,1,599664
9,10,3,11,9,2842,6,4020,1,379242
14,16,4,14,14,366677,10,443628,1,34113092
14,16,4,14,14,366677,10,443628,1,32825194
14,16,4,14,14,366677,10,443628,1,32804821
14,16,4,14,14,366677,10,443628,1,32872999
14,16,4,14,14,366677,10,443628,1,32828297
14,16,4,14,14,366677,10,443628,1,32859381
14,16,4,14,14,366677,10,443628,1,32910841
14,16,4,14,14,366677,10,443628,1,32789959
14,16,4,14,14,366677,10,443628,1,32600084
14,16,4,14,14,366677,10,443628,1,32828812
20,23,5,17,20,72914827,15,82329605,1,5898861735
20,23,5,17,20,72914827,15,82329605,1,5880247902
20,23,5,17,20,72914827,15,82329605,1,5914952044
20,23,5,17,20,72914827,15,82329605,1,5874445087
20,23,5,17,20,72914827,15,82329605,1,5918698162
20,23,5,17,20,72914827,15,82329605,1,5935640872
20,23,5,17,20,72914827,15,82329605,1,6105557767
20,23,5,17,20,72914827,15,82329605,1,5885118110
20,23,5,17,20,72914827,15,82329605,1,5894202382
20,23,5,17,20,72914827,15,82329605,1,5875136690
27,31,6,20,27,-1226466288,21,970998982,1,1876566967542
