Aristas,Distancia,Gimnasios,Mochila,Nodos,Pokeparadas,Tiempo
17,257,10,5,17,7,4926
17,257,10,5,17,7,2742
17,257,10,5,17,7,1696
17,257,10,5,17,7,1491
17,257,10,5,17,7,1358
17,257,10,5,17,7,1343
17,257,10,5,17,7,1339
17,257,10,5,17,7,1333
17,257,10,5,17,7,1329
17,257,10,5,17,7,1329
17,391,10,5,17,7,3718
17,391,10,5,17,7,2592
17,391,10,5,17,7,1647
17,391,10,5,17,7,1488
17,391,10,5,17,7,1382
17,391,10,5,17,7,1387
17,391,10,5,17,7,1325
17,391,10,5,17,7,1349
17,391,10,5,17,7,1321
17,391,10,5,17,7,1352
17,311,10,5,17,7,3895
17,311,10,5,17,7,2689
17,311,10,5,17,7,1641
17,311,10,5,17,7,1402
17,311,10,5,17,7,1312
17,311,10,5,17,7,1329
17,311,10,5,17,7,1286
17,311,10,5,17,7,1307
17,311,10,5,17,7,1301
17,311,10,5,17,7,1317
17,192,10,5,17,7,3873
17,192,10,5,17,7,2688
17,192,10,5,17,7,1635
17,192,10,5,17,7,1494
17,192,10,5,17,7,1465
17,192,10,5,17,7,1412
17,192,10,5,17,7,1453
17,192,10,5,17,7,1393
17,192,10,5,17,7,1390
17,192,10,5,17,7,1402
17,300,10,5,17,7,3869
17,300,10,5,17,7,2727
17,300,10,5,17,7,1625
17,300,10,5,17,7,1388
17,300,10,5,17,7,1352
17,300,10,5,17,7,1370
17,300,10,5,17,7,1368
17,300,10,5,17,7,1314
17,300,10,5,17,7,1286
17,300,10,5,17,7,1302
47,2737,20,11,47,27,10146
47,2737,20,11,47,27,10778
47,2737,20,11,47,27,5784
47,2737,20,11,47,27,5298
47,2737,20,11,47,27,5255
47,2737,20,11,47,27,5091
47,2737,20,11,47,27,5029
47,2737,20,11,47,27,4992
47,2737,20,11,47,27,5118
47,2737,20,11,47,27,5015
47,2781,20,11,47,27,9654
47,2781,20,11,47,27,7083
47,2781,20,11,47,27,5513
47,2781,20,11,47,27,5099
47,2781,20,11,47,27,4985
47,2781,20,11,47,27,4959
47,2781,20,11,47,27,4919
47,2781,20,11,47,27,4942
47,2781,20,11,47,27,4939
47,2781,20,11,47,27,5024
47,2456,20,11,47,27,9354
47,2456,20,11,47,27,7147
47,2456,20,11,47,27,5418
47,2456,20,11,47,27,5275
47,2456,20,11,47,27,5162
47,2456,20,11,47,27,5115
47,2456,20,11,47,27,5032
47,2456,20,11,47,27,5060
47,2456,20,11,47,27,5083
47,2456,20,11,47,27,5076
47,2436,20,11,47,27,9675
47,2436,20,11,47,27,7476
47,2436,20,11,47,27,5818
47,2436,20,11,47,27,5317
47,2436,20,11,47,27,4977
47,2436,20,11,47,27,4983
47,2436,20,11,47,27,4915
47,2436,20,11,47,27,4993
47,2436,20,11,47,27,4933
47,2436,20,11,47,27,4979
47,2550,20,11,47,27,9393
47,2550,20,11,47,27,7226
47,2550,20,11,47,27,5672
47,2550,20,11,47,27,5131
47,2550,20,11,47,27,5027
47,2550,20,11,47,27,5013
47,2550,20,11,47,27,4943
47,2550,20,11,47,27,4998
47,2550,20,11,47,27,4936
47,2550,20,11,47,27,4968
102,8826,30,20,102,72,34735
102,8826,30,20,102,72,30197
102,8826,30,20,102,72,26898
102,8826,30,20,102,72,25464
102,8826,30,20,102,72,25220
102,8826,30,20,102,72,25202
102,8826,30,20,102,72,24976
102,8826,30,20,102,72,24721
102,8826,30,20,102,72,24769
102,8826,30,20,102,72,24953
102,8990,30,20,102,72,35088
102,8990,30,20,102,72,31093
102,8990,30,20,102,72,26793
102,8990,30,20,102,72,25482
102,8990,30,20,102,72,25003
102,8990,30,20,102,72,25247
102,8990,30,20,102,72,24816
102,8990,30,20,102,72,24495
102,8990,30,20,102,72,24439
102,8990,30,20,102,72,24416
102,9058,30,20,102,72,36092
102,9058,30,20,102,72,31657
102,9058,30,20,102,72,27688
102,9058,30,20,102,72,26306
102,9058,30,20,102,72,25712
102,9058,30,20,102,72,25488
102,9058,30,20,102,72,25367
102,9058,30,20,102,72,25281
102,9058,30,20,102,72,25120
102,9058,30,20,102,72,25036
102,9955,30,20,102,72,35150
102,9955,30,20,102,72,31222
102,9955,30,20,102,72,27788
102,9955,30,20,102,72,26208
102,9955,30,20,102,72,25598
102,9955,30,20,102,72,25371
102,9955,30,20,102,72,25040
102,9955,30,20,102,72,24892
102,9955,30,20,102,72,24704
102,9955,30,20,102,72,24641
102,9135,30,20,102,72,35025
102,9135,30,20,102,72,30667
102,9135,30,20,102,72,27587
102,9135,30,20,102,72,26158
102,9135,30,20,102,72,25476
102,9135,30,20,102,72,25198
102,9135,30,20,102,72,25075
102,9135,30,20,102,72,24752
102,9135,30,20,102,72,24552
102,9135,30,20,102,72,24474
196,22144,40,34,196,156,132188
196,22144,40,34,196,156,122911
196,22144,40,34,196,156,116937
196,22144,40,34,196,156,114631
196,22144,40,34,196,156,113092
196,22144,40,34,196,156,112357
196,22144,40,34,196,156,111832
196,22144,40,34,196,156,110901
196,22144,40,34,196,156,110992
196,22144,40,34,196,156,111059
196,20870,40,34,196,156,126810
196,20870,40,34,196,156,121068
196,20870,40,34,196,156,116760
196,20870,40,34,196,156,114136
196,20870,40,34,196,156,112691
196,20870,40,34,196,156,112394
196,20870,40,34,196,156,111982
196,20870,40,34,196,156,112353
196,20870,40,34,196,156,111563
196,20870,40,34,196,156,111320
196,21447,40,34,196,156,126451
196,21447,40,34,196,156,119164
196,21447,40,34,196,156,115587
196,21447,40,34,196,156,113013
196,21447,40,34,196,156,111784
196,21447,40,34,196,156,111845
196,21447,40,34,196,156,110999
196,21447,40,34,196,156,110600
196,21447,40,34,196,156,109726
196,21447,40,34,196,156,109800
196,21370,40,34,196,156,127553
196,21370,40,34,196,156,120981
196,21370,40,34,196,156,116869
196,21370,40,34,196,156,114321
196,21370,40,34,196,156,112649
196,21370,40,34,196,156,111682
196,21370,40,34,196,156,111541
196,21370,40,34,196,156,110579
196,21370,40,34,196,156,110601
196,21370,40,34,196,156,110733
196,23387,40,34,196,156,126336
196,23387,40,34,196,156,122502
196,23387,40,34,196,156,115377
196,23387,40,34,196,156,113127
196,23387,40,34,196,156,111666
196,23387,40,34,196,156,110894
196,23387,40,34,196,156,110824
196,23387,40,34,196,156,110405
196,23387,40,34,196,156,110184
196,23387,40,34,196,156,109237
344,44441,50,52,344,294,396763
344,44441,50,52,344,294,392769
344,44441,50,52,344,294,387001
344,44441,50,52,344,294,383919
344,44441,50,52,344,294,382435
344,44441,50,52,344,294,382395
344,44441,50,52,344,294,381524
344,44441,50,52,344,294,380863
344,44441,50,52,344,294,380334
344,44441,50,52,344,294,390980
344,45509,50,52,344,294,397049
344,45509,50,52,344,294,394955
344,45509,50,52,344,294,396448
344,45509,50,52,344,294,390877
344,45509,50,52,344,294,389644
344,45509,50,52,344,294,388095
344,45509,50,52,344,294,387726
344,45509,50,52,344,294,386370
344,45509,50,52,344,294,385577
344,45509,50,52,344,294,385046
344,42039,50,52,344,294,438249
344,42039,50,52,344,294,390343
344,42039,50,52,344,294,386281
344,42039,50,52,344,294,385343
344,42039,50,52,344,294,382813
344,42039,50,52,344,294,394033
344,42039,50,52,344,294,383283
344,42039,50,52,344,294,383357
344,42039,50,52,344,294,382042
344,42039,50,52,344,294,383119
344,46891,50,52,344,294,396916
344,46891,50,52,344,294,389614
344,46891,50,52,344,294,385593
344,46891,50,52,344,294,383819
344,46891,50,52,344,294,383785
344,46891,50,52,344,294,383392
344,46891,50,52,344,294,383345
344,46891,50,52,344,294,382120
344,46891,50,52,344,294,385994
344,46891,50,52,344,294,381826
344,46294,50,52,344,294,395240
344,46294,50,52,344,294,399900
344,46294,50,52,344,294,389436
344,46294,50,52,344,294,386264
344,46294,50,52,344,294,426733
344,46294,50,52,344,294,383973
344,46294,50,52,344,294,383195
344,46294,50,52,344,294,382868
344,46294,50,52,344,294,382519
344,46294,50,52,344,294,381494
558,76278,60,73,558,498,1059342
558,76278,60,73,558,498,1065483
558,76278,60,73,558,498,1055771
558,76278,60,73,558,498,1054795
558,76278,60,73,558,498,1052961
558,76278,60,73,558,498,1053559
558,76278,60,73,558,498,1059674
558,76278,60,73,558,498,1054303
558,76278,60,73,558,498,1204978
558,76278,60,73,558,498,1057421
558,86398,60,73,558,498,1295555
558,86398,60,73,558,498,1064715
558,86398,60,73,558,498,1063552
558,86398,60,73,558,498,1060643
558,86398,60,73,558,498,1062118
558,86398,60,73,558,498,1067611
558,86398,60,73,558,498,1064361
558,86398,60,73,558,498,1543564
558,86398,60,73,558,498,1061637
558,86398,60,73,558,498,1061442
558,77190,60,73,558,498,1064135
558,77190,60,73,558,498,1158770
558,77190,60,73,558,498,1060130
558,77190,60,73,558,498,1063139
558,77190,60,73,558,498,1083078
558,77190,60,73,558,498,1059173
558,77190,60,73,558,498,1487344
558,77190,60,73,558,498,1062973
558,77190,60,73,558,498,1061357
558,77190,60,73,558,498,1061127
558,74402,60,73,558,498,1263081
558,74402,60,73,558,498,1058576
558,74402,60,73,558,498,1060532
558,74402,60,73,558,498,1062000
558,74402,60,73,558,498,1056060
558,74402,60,73,558,498,1054038
558,74402,60,73,558,498,1056718
558,74402,60,73,558,498,1053594
558,74402,60,73,558,498,1054269
558,74402,60,73,558,498,1116791
558,81683,60,73,558,498,1072237
558,81683,60,73,558,498,1059959
558,81683,60,73,558,498,1058818
558,81683,60,73,558,498,1109191
558,81683,60,73,558,498,1058073
558,81683,60,73,558,498,1059569
558,81683,60,73,558,498,1065782
558,81683,60,73,558,498,1059208
558,81683,60,73,558,498,1057454
558,81683,60,73,558,498,1059796
850,121776,70,99,850,780,3196864
850,121776,70,99,850,780,2512813
850,121776,70,99,850,780,2509130
850,121776,70,99,850,780,2822606
850,121776,70,99,850,780,2566535
850,121776,70,99,850,780,2510585
850,121776,70,99,850,780,2504243
850,121776,70,99,850,780,2508432
850,121776,70,99,850,780,2506640
850,121776,70,99,850,780,2503129
850,124305,70,99,850,780,2515954
850,124305,70,99,850,780,2529929
850,124305,70,99,850,780,2493855
850,124305,70,99,850,780,2508467
850,124305,70,99,850,780,2491378
850,124305,70,99,850,780,2515772
850,124305,70,99,850,780,2494341
850,124305,70,99,850,780,2497148
850,124305,70,99,850,780,2498973
850,124305,70,99,850,780,2514366
850,127837,70,99,850,780,2530855
850,127837,70,99,850,780,2524928
850,127837,70,99,850,780,2502884
850,127837,70,99,850,780,2513409
850,127837,70,99,850,780,2508586
850,127837,70,99,850,780,2501223
850,127837,70,99,850,780,2512339
850,127837,70,99,850,780,2553437
850,127837,70,99,850,780,2529530
850,127837,70,99,850,780,2508860
850,129560,70,99,850,780,2511001
850,129560,70,99,850,780,3089125
850,129560,70,99,850,780,2564929
850,129560,70,99,850,780,2513598
850,129560,70,99,850,780,2569905
850,129560,70,99,850,780,2511444
850,129560,70,99,850,780,2522305
850,129560,70,99,850,780,2505058
850,129560,70,99,850,780,2848650
850,129560,70,99,850,780,2518063
850,126773,70,99,850,780,2511356
850,126773,70,99,850,780,2537119
850,126773,70,99,850,780,2503850
850,126773,70,99,850,780,2507405
850,126773,70,99,850,780,2501458
850,126773,70,99,850,780,2501369
850,126773,70,99,850,780,2506390
850,126773,70,99,850,780,2505417
850,126773,70,99,850,780,2497979
850,126773,70,99,850,780,2501269
1235,196432,80,128,1235,1155,7305181
1235,196432,80,128,1235,1155,5381302
1235,196432,80,128,1235,1155,5463886
1235,196432,80,128,1235,1155,5380082
1235,196432,80,128,1235,1155,5553679
1235,196432,80,128,1235,1155,7107125
1235,196432,80,128,1235,1155,5392650
1235,196432,80,128,1235,1155,5413810
1235,196432,80,128,1235,1155,5382775
1235,196432,80,128,1235,1155,5366850
1235,188130,80,128,1235,1155,5423247
1235,188130,80,128,1235,1155,5363763
1235,188130,80,128,1235,1155,5360361
1235,188130,80,128,1235,1155,5352634
1235,188130,80,128,1235,1155,5357431
1235,188130,80,128,1235,1155,5365160
1235,188130,80,128,1235,1155,5360382
1235,188130,80,128,1235,1155,5353272
1235,188130,80,128,1235,1155,5365229
1235,188130,80,128,1235,1155,5351518
1235,203791,80,128,1235,1155,7348929
1235,203791,80,128,1235,1155,5453957
1235,203791,80,128,1235,1155,5401300
1235,203791,80,128,1235,1155,5570438
1235,203791,80,128,1235,1155,5362447
1235,203791,80,128,1235,1155,7144458
1235,203791,80,128,1235,1155,5652651
1235,203791,80,128,1235,1155,5433536
1235,203791,80,128,1235,1155,5365298
1235,203791,80,128,1235,1155,5371866
1235,199696,80,128,1235,1155,7245776
1235,199696,80,128,1235,1155,5371391
1235,199696,80,128,1235,1155,5437173
1235,199696,80,128,1235,1155,5372221
1235,199696,80,128,1235,1155,5366217
1235,199696,80,128,1235,1155,6618794
1235,199696,80,128,1235,1155,5375584
1235,199696,80,128,1235,1155,5675961
1235,199696,80,128,1235,1155,5370238
1235,199696,80,128,1235,1155,5410122
1235,203959,80,128,1235,1155,5438071
1235,203959,80,128,1235,1155,5376901
1235,203959,80,128,1235,1155,5407487
1235,203959,80,128,1235,1155,5377422
1235,203959,80,128,1235,1155,5395207
1235,203959,80,128,1235,1155,5398805
1235,203959,80,128,1235,1155,5400309
1235,203959,80,128,1235,1155,5381035
1235,203959,80,128,1235,1155,5390756
1235,203959,80,128,1235,1155,5377751
1727,269370,90,162,1727,1637,20267953
1727,269370,90,162,1727,1637,10972425
1727,269370,90,162,1727,1637,11741004
1727,269370,90,162,1727,1637,10877301
1727,269370,90,162,1727,1637,10671857
1727,269370,90,162,1727,1637,11302671
1727,269370,90,162,1727,1637,10727544
1727,269370,90,162,1727,1637,10685570
1727,269370,90,162,1727,1637,11191522
1727,269370,90,162,1727,1637,11173303
1727,284857,90,162,1727,1637,10830979
1727,284857,90,162,1727,1637,10810120
1727,284857,90,162,1727,1637,11170060
1727,284857,90,162,1727,1637,11984374
1727,284857,90,162,1727,1637,11940869
1727,284857,90,162,1727,1637,11998936
1727,284857,90,162,1727,1637,11439796
1727,284857,90,162,1727,1637,10701758
1727,284857,90,162,1727,1637,10702605
1727,284857,90,162,1727,1637,10747375
1727,290634,90,162,1727,1637,11428184
1727,290634,90,162,1727,1637,10775927
1727,290634,90,162,1727,1637,10738008
1727,290634,90,162,1727,1637,11395910
1727,290634,90,162,1727,1637,10769117
1727,290634,90,162,1727,1637,10698832
1727,290634,90,162,1727,1637,19068844
1727,290634,90,162,1727,1637,10746470
1727,290634,90,162,1727,1637,11457237
1727,290634,90,162,1727,1637,10777860
1727,293400,90,162,1727,1637,10709731
1727,293400,90,162,1727,1637,10672224
1727,293400,90,162,1727,1637,10671330
1727,293400,90,162,1727,1637,10685960
1727,293400,90,162,1727,1637,10658861
1727,293400,90,162,1727,1637,10673008
1727,293400,90,162,1727,1637,10672367
1727,293400,90,162,1727,1637,10668824
1727,293400,90,162,1727,1637,10681446
1727,293400,90,162,1727,1637,10670060
1727,287039,90,162,1727,1637,10741789
1727,287039,90,162,1727,1637,10755089
1727,287039,90,162,1727,1637,10751881
1727,287039,90,162,1727,1637,13758158
1727,287039,90,162,1727,1637,10796220
1727,287039,90,162,1727,1637,10712153
1727,287039,90,162,1727,1637,10721085
1727,287039,90,162,1727,1637,10753174
1727,287039,90,162,1727,1637,11032867
1727,287039,90,162,1727,1637,10731488
2338,402115,100,200,2338,2238,20076072
2338,402115,100,200,2338,2238,20082197
2338,402115,100,200,2338,2238,20075656
2338,402115,100,200,2338,2238,20400694
2338,402115,100,200,2338,2238,20188930
2338,402115,100,200,2338,2238,20064059
2338,402115,100,200,2338,2238,20185052
2338,402115,100,200,2338,2238,20070831
2338,402115,100,200,2338,2238,20420625
2338,402115,100,200,2338,2238,20047044
2338,404483,100,200,2338,2238,20061049
2338,404483,100,200,2338,2238,20153210
2338,404483,100,200,2338,2238,20046226
2338,404483,100,200,2338,2238,20021450
2338,404483,100,200,2338,2238,20009716
2338,404483,100,200,2338,2238,20034304
2338,404483,100,200,2338,2238,20050231
2338,404483,100,200,2338,2238,20016831
2338,404483,100,200,2338,2238,20009016
2338,404483,100,200,2338,2238,20043162
2338,393298,100,200,2338,2238,20232947
2338,393298,100,200,2338,2238,21078338
2338,393298,100,200,2338,2238,22184124
2338,393298,100,200,2338,2238,21986063
2338,393298,100,200,2338,2238,22094228
2338,393298,100,200,2338,2238,21874153
2338,393298,100,200,2338,2238,22022098
2338,393298,100,200,2338,2238,22395557
2338,393298,100,200,2338,2238,24876267
2338,393298,100,200,2338,2238,24136250
2338,412189,100,200,2338,2238,21483103
2338,412189,100,200,2338,2238,24041569
2338,412189,100,200,2338,2238,24568896
2338,412189,100,200,2338,2238,26182974
2338,412189,100,200,2338,2238,23586025
2338,412189,100,200,2338,2238,21665275
2338,412189,100,200,2338,2238,20029953
2338,412189,100,200,2338,2238,21988718
2338,412189,100,200,2338,2238,21888705
2338,412189,100,200,2338,2238,20067647
2338,384418,100,200,2338,2238,20115851
2338,384418,100,200,2338,2238,21921667
2338,384418,100,200,2338,2238,21708923
2338,384418,100,200,2338,2238,20075380
2338,384418,100,200,2338,2238,21590619
2338,384418,100,200,2338,2238,21913853
2338,384418,100,200,2338,2238,20059624
2338,384418,100,200,2338,2238,20624948
2338,384418,100,200,2338,2238,21613400
2338,384418,100,200,2338,2238,21725866
3081,543604,110,241,3081,2971,37239366
3081,543604,110,241,3081,2971,39221113
3081,543604,110,241,3081,2971,39615576
3081,543604,110,241,3081,2971,39608775
3081,543604,110,241,3081,2971,39518087
3081,543604,110,241,3081,2971,39558833
3081,543604,110,241,3081,2971,39617212
3081,543604,110,241,3081,2971,39630409
3081,543604,110,241,3081,2971,39663677
3081,543604,110,241,3081,2971,39603131
3081,529048,110,241,3081,2971,43635314
3081,529048,110,241,3081,2971,35915668
3081,529048,110,241,3081,2971,35923166
3081,529048,110,241,3081,2971,35940304
3081,529048,110,241,3081,2971,35920163
3081,529048,110,241,3081,2971,35895657
3081,529048,110,241,3081,2971,35918978
3081,529048,110,241,3081,2971,35918923
3081,529048,110,241,3081,2971,35891394
3081,529048,110,241,3081,2971,36036190
3081,526854,110,241,3081,2971,49130258
3081,526854,110,241,3081,2971,41379733
3081,526854,110,241,3081,2971,41976747
3081,526854,110,241,3081,2971,41108912
3081,526854,110,241,3081,2971,40902449
3081,526854,110,241,3081,2971,43970099
3081,526854,110,241,3081,2971,59324349
3081,526854,110,241,3081,2971,53804297
3081,526854,110,241,3081,2971,43192648
3081,526854,110,241,3081,2971,36791235
3081,529838,110,241,3081,2971,36025764
3081,529838,110,241,3081,2971,36331978
3081,529838,110,241,3081,2971,40549258
3081,529838,110,241,3081,2971,51879941
3081,529838,110,241,3081,2971,51279580
3081,529838,110,241,3081,2971,44108849
3081,529838,110,241,3081,2971,39784114
3081,529838,110,241,3081,2971,40363486
3081,529838,110,241,3081,2971,40309799
3081,529838,110,241,3081,2971,40285916
3081,553645,110,241,3081,2971,40653327
3081,553645,110,241,3081,2971,35955702
3081,553645,110,241,3081,2971,35918326
3081,553645,110,241,3081,2971,35961518
3081,553645,110,241,3081,2971,35956164
3081,553645,110,241,3081,2971,35942131
3081,553645,110,241,3081,2971,35960017
3081,553645,110,241,3081,2971,35958495
3081,553645,110,241,3081,2971,35901426
3081,553645,110,241,3081,2971,35915972
3971,733146,120,287,3971,3851,64378766
3971,733146,120,287,3971,3851,64693777
3971,733146,120,287,3971,3851,63234709
3971,733146,120,287,3971,3851,64614400
3971,733146,120,287,3971,3851,64870503
3971,733146,120,287,3971,3851,64123127
3971,733146,120,287,3971,3851,64119522
3971,733146,120,287,3971,3851,64404439
3971,733146,120,287,3971,3851,64002615
3971,733146,120,287,3971,3851,64162270
3971,715522,120,287,3971,3851,65187448
3971,715522,120,287,3971,3851,63623157
3971,715522,120,287,3971,3851,64100329
3971,715522,120,287,3971,3851,64334405
3971,715522,120,287,3971,3851,64294208
3971,715522,120,287,3971,3851,64039954
3971,715522,120,287,3971,3851,64325010
3971,715522,120,287,3971,3851,63932575
3971,715522,120,287,3971,3851,64680360
3971,715522,120,287,3971,3851,65040996
3971,708016,120,287,3971,3851,83753320
3971,708016,120,287,3971,3851,73149305
3971,708016,120,287,3971,3851,87404165
3971,708016,120,287,3971,3851,87862077
3971,708016,120,287,3971,3851,71476772
3971,708016,120,287,3971,3851,71039122
3971,708016,120,287,3971,3851,78832828
3971,708016,120,287,3971,3851,77963032
3971,708016,120,287,3971,3851,69286157
3971,708016,120,287,3971,3851,69409444
3971,722999,120,287,3971,3851,72836915
3971,722999,120,287,3971,3851,61926548
3971,722999,120,287,3971,3851,63411809
3971,722999,120,287,3971,3851,62417150
3971,722999,120,287,3971,3851,61889246
3971,722999,120,287,3971,3851,61863490
3971,722999,120,287,3971,3851,61914605
3971,722999,120,287,3971,3851,61835824
3971,722999,120,287,3971,3851,61812653
3971,722999,120,287,3971,3851,61939518
3971,708050,120,287,3971,3851,61851393
3971,708050,120,287,3971,3851,61810230
3971,708050,120,287,3971,3851,61902405
3971,708050,120,287,3971,3851,61786156
3971,708050,120,287,3971,3851,61733217
3971,708050,120,287,3971,3851,61910787
3971,708050,120,287,3971,3851,61777061
3971,708050,120,287,3971,3851,61905351
3971,708050,120,287,3971,3851,62952952
3971,708050,120,287,3971,3851,61829377
5019,900165,130,336,5019,4889,116786157
5019,900165,130,336,5019,4889,103201030
5019,900165,130,336,5019,4889,112234674
5019,900165,130,336,5019,4889,106945037
5019,900165,130,336,5019,4889,102875205
5019,900165,130,336,5019,4889,102856475
5019,900165,130,336,5019,4889,102851387
5019,900165,130,336,5019,4889,102944197
5019,900165,130,336,5019,4889,103026013
5019,900165,130,336,5019,4889,102916718
5019,898836,130,336,5019,4889,103489763
5019,898836,130,336,5019,4889,103385085
5019,898836,130,336,5019,4889,102927822
5019,898836,130,336,5019,4889,102870237
5019,898836,130,336,5019,4889,103045407
5019,898836,130,336,5019,4889,102875014
5019,898836,130,336,5019,4889,102950518
5019,898836,130,336,5019,4889,103007977
5019,898836,130,336,5019,4889,102973442
5019,898836,130,336,5019,4889,102865566
5019,928257,130,336,5019,4889,106555134
5019,928257,130,336,5019,4889,105258482
5019,928257,130,336,5019,4889,105155259
5019,928257,130,336,5019,4889,105695860
5019,928257,130,336,5019,4889,105296271
5019,928257,130,336,5019,4889,105421091
5019,928257,130,336,5019,4889,105007477
5019,928257,130,336,5019,4889,106543366
5019,928257,130,336,5019,4889,105321820
5019,928257,130,336,5019,4889,104916600
5019,935504,130,336,5019,4889,105436497
5019,935504,130,336,5019,4889,105841961
5019,935504,130,336,5019,4889,106579394
5019,935504,130,336,5019,4889,104990791
5019,935504,130,336,5019,4889,105277773
5019,935504,130,336,5019,4889,105033634
5019,935504,130,336,5019,4889,106851826
5019,935504,130,336,5019,4889,107557038
5019,935504,130,336,5019,4889,103396347
5019,935504,130,336,5019,4889,103006479
5019,899684,130,336,5019,4889,112956656
5019,899684,130,336,5019,4889,103854239
5019,899684,130,336,5019,4889,103152546
5019,899684,130,336,5019,4889,103247089
5019,899684,130,336,5019,4889,103143825
5019,899684,130,336,5019,4889,103116763
5019,899684,130,336,5019,4889,103718125
5019,899684,130,336,5019,4889,103495224
5019,899684,130,336,5019,4889,103128288
5019,899684,130,336,5019,4889,103146174
6240,1157918,140,390,6240,6100,165220970
6240,1157918,140,390,6240,6100,165662572
6240,1157918,140,390,6240,6100,165170874
6240,1157918,140,390,6240,6100,166153477
6240,1157918,140,390,6240,6100,167378899
6240,1157918,140,390,6240,6100,165134833
6240,1157918,140,390,6240,6100,165200738
6240,1157918,140,390,6240,6100,165770202
6240,1157918,140,390,6240,6100,165085091
6240,1157918,140,390,6240,6100,166158491
6240,1172471,140,390,6240,6100,365328185
6240,1172471,140,390,6240,6100,341320770
6240,1172471,140,390,6240,6100,341224706
6240,1172471,140,390,6240,6100,341662627
6240,1172471,140,390,6240,6100,341726095
6240,1172471,140,390,6240,6100,342054086
6240,1172471,140,390,6240,6100,342371243
6240,1172471,140,390,6240,6100,341799941
6240,1172471,140,390,6240,6100,341459117
6240,1172471,140,390,6240,6100,340904803
6240,1162984,140,390,6240,6100,341423451
6240,1162984,140,390,6240,6100,341587929
6240,1162984,140,390,6240,6100,340902521
6240,1162984,140,390,6240,6100,341109506
6240,1162984,140,390,6240,6100,341040861
6240,1162984,140,390,6240,6100,340865337
6240,1162984,140,390,6240,6100,340828186
6240,1162984,140,390,6240,6100,341150678
6240,1162984,140,390,6240,6100,341169332
6240,1162984,140,390,6240,6100,341272844
6240,1162217,140,390,6240,6100,341074463
6240,1162217,140,390,6240,6100,341078866
6240,1162217,140,390,6240,6100,340859534
6240,1162217,140,390,6240,6100,340929668
6240,1162217,140,390,6240,6100,341486924
6240,1162217,140,390,6240,6100,341410968
6240,1162217,140,390,6240,6100,341290234
6240,1162217,140,390,6240,6100,341164383
6240,1162217,140,390,6240,6100,340951598
6240,1162217,140,390,6240,6100,341197269
6240,1144528,140,390,6240,6100,347241806
6240,1144528,140,390,6240,6100,340511539
6240,1144528,140,390,6240,6100,340569561
6240,1144528,140,390,6240,6100,340488593
6240,1144528,140,390,6240,6100,340610544
6240,1144528,140,390,6240,6100,340612054
6240,1144528,140,390,6240,6100,340388803
6240,1144528,140,390,6240,6100,340408829
6240,1144528,140,390,6240,6100,340513417
6240,1144528,140,390,6240,6100,340375531
7648,1488832,150,448,7648,7498,528750634
7648,1488832,150,448,7648,7498,527777409
7648,1488832,150,448,7648,7498,528867361
7648,1488832,150,448,7648,7498,528708146
7648,1488832,150,448,7648,7498,528971714
7648,1488832,150,448,7648,7498,528540025
7648,1488832,150,448,7648,7498,528495947
7648,1488832,150,448,7648,7498,527973495
7648,1488832,150,448,7648,7498,528668343
7648,1488832,150,448,7648,7498,528224302
7648,1452210,150,448,7648,7498,527715914
7648,1452210,150,448,7648,7498,528594505
7648,1452210,150,448,7648,7498,530415120
7648,1452210,150,448,7648,7498,528253986
7648,1452210,150,448,7648,7498,528636031
7648,1452210,150,448,7648,7498,530055231
7648,1452210,150,448,7648,7498,527692918
7648,1452210,150,448,7648,7498,527592154
7648,1452210,150,448,7648,7498,527831833
7648,1452210,150,448,7648,7498,528541378
7648,1458117,150,448,7648,7498,529284541
7648,1458117,150,448,7648,7498,527824825
7648,1458117,150,448,7648,7498,527689694
7648,1458117,150,448,7648,7498,527860848
7648,1458117,150,448,7648,7498,527719136
7648,1458117,150,448,7648,7498,527909462
7648,1458117,150,448,7648,7498,528012102
7648,1458117,150,448,7648,7498,528581174
7648,1458117,150,448,7648,7498,527775370
7648,1458117,150,448,7648,7498,527867058
7648,1447450,150,448,7648,7498,527295879
7648,1447450,150,448,7648,7498,527000701
7648,1447450,150,448,7648,7498,526865419
7648,1447450,150,448,7648,7498,527163142
7648,1447450,150,448,7648,7498,526821772
7648,1447450,150,448,7648,7498,527225817
7648,1447450,150,448,7648,7498,526839007
7648,1447450,150,448,7648,7498,526668859
7648,1447450,150,448,7648,7498,527655041
7648,1447450,150,448,7648,7498,526937002
7648,1514514,150,448,7648,7498,535460200
7648,1514514,150,448,7648,7498,535658703
7648,1514514,150,448,7648,7498,533832293
7648,1514514,150,448,7648,7498,530444114
7648,1514514,150,448,7648,7498,529113426
7648,1514514,150,448,7648,7498,529417598
7648,1514514,150,448,7648,7498,529480328
7648,1514514,150,448,7648,7498,529026610
7648,1514514,150,448,7648,7498,528727037
7648,1514514,150,448,7648,7498,529085073
