,Aristas,Distancia,Gimnasios,Mochila,Nodos,Podas,Pokeparadas,Recursiones,Soluciones,Tiempo
3,5,2,4,3,1,1,6,1,6853
3,5,2,4,3,1,1,6,1,3931
3,5,2,4,3,1,1,6,1,3405
3,5,2,4,3,1,1,6,1,3297
3,5,2,4,3,1,1,6,1,2947
3,5,2,4,3,1,1,6,1,3190
3,5,2,4,3,1,1,6,1,2853
3,5,2,4,3,1,1,6,1,2366
3,5,2,4,3,1,1,6,1,2374
3,5,2,4,3,1,1,6,1,2175
5,9,3,4,5,17,2,82,6,15195
5,9,3,4,5,17,2,82,6,12466
5,9,3,4,5,17,2,82,6,11831
5,9,3,4,5,17,2,82,6,11160
5,9,3,4,5,17,2,82,6,10334
5,9,3,4,5,17,2,82,6,9526
5,9,3,4,5,17,2,82,6,11843
5,9,3,4,5,17,2,82,6,12165
5,9,3,4,5,17,2,82,6,12020
5,9,3,4,5,17,2,82,6,9474
7,24,4,4,7,522,3,1090,11,214142
7,24,4,4,7,522,3,1090,11,167202
7,24,4,4,7,522,3,1090,11,168864
7,24,4,4,7,522,3,1090,11,169049
7,24,4,4,7,522,3,1090,11,167791
7,24,4,4,7,522,3,1090,11,170856
7,24,4,4,7,522,3,1090,11,188960
7,24,4,4,7,522,3,1090,11,168476
7,24,4,4,7,522,3,1090,11,168226
7,24,4,4,7,522,3,1090,11,169458
8,33,5,4,8,1725,3,3999,11,674992
8,33,5,4,8,1725,3,3999,11,670245
8,33,5,4,8,1725,3,3999,11,668823
8,33,5,4,8,1725,3,3999,11,667169
8,33,5,4,8,1725,3,3999,11,666700
8,33,5,4,8,1725,3,3999,11,606543
8,33,5,4,8,1725,3,3999,11,475445
8,33,5,4,8,1725,3,3999,11,474967
8,33,5,4,8,1725,3,3999,11,474354
8,33,5,4,8,1725,3,3999,11,474571
10,53,6,5,10,83043,4,147292,11,16988305
10,53,6,5,10,83043,4,147292,11,16880566
10,53,6,5,10,83043,4,147292,11,16942457
10,53,6,5,10,83043,4,147292,11,16850139
10,53,6,5,10,83043,4,147292,11,16867482
10,53,6,5,10,83043,4,147292,11,16887414
10,53,6,5,10,83043,4,147292,11,16841624
10,53,6,5,10,83043,4,147292,11,16929724
10,53,6,5,10,83043,4,147292,11,16880037
10,53,6,5,10,83043,4,147292,11,16877637
12,65,7,5,12,2173274,5,3524044,42,410503329
12,65,7,5,12,2173274,5,3524044,42,407225832
12,65,7,5,12,2173274,5,3524044,42,412412889
12,65,7,5,12,2173274,5,3524044,42,407558247
12,65,7,5,12,2173274,5,3524044,42,403760146
12,65,7,5,12,2173274,5,3524044,42,403118595
12,65,7,5,12,2173274,5,3524044,42,403368161
12,65,7,5,12,2173274,5,3524044,42,410410882
12,65,7,5,12,2173274,5,3524044,42,409632177
12,65,7,5,12,2173274,5,3524044,42,408480067
15,95,8,6,15,170853918,7,222533876,47,22525929379
15,95,8,6,15,170853918,7,222533876,47,22562043683
15,95,8,6,15,170853918,7,222533876,47,22521235924
15,95,8,6,15,170853918,7,222533876,47,22560845489
15,95,8,6,15,170853918,7,222533876,47,22511397821
15,95,8,6,15,170853918,7,222533876,47,22523055234
15,95,8,6,15,170853918,7,222533876,47,22513527465
15,95,8,6,15,170853918,7,222533876,47,22512595985
15,95,8,6,15,170853918,7,222533876,47,22550726748
15,95,8,6,15,170853918,7,222533876,47,22485204480
17,124,9,7,17,-2029626624,8,-1485997613,77,282390204679
17,124,9,7,17,-2029626624,8,-1485997613,77,282754187730
17,124,9,7,17,-2029626624,8,-1485997613,77,282154558287
17,124,9,7,17,-2029626624,8,-1485997613,77,281704774487
17,124,9,7,17,-2029626624,8,-1485997613,77,283088051906
17,124,9,7,17,-2029626624,8,-1485997613,77,281371459283
17,124,9,7,17,-2029626624,8,-1485997613,77,282191713942
17,124,9,7,17,-2029626624,8,-1485997613,77,282308989323
17,124,9,7,17,-2029626624,8,-1485997613,77,280557224096
17,124,9,7,17,-2029626624,8,-1485997613,77,283231239383
17,177,10,4,17,995981341,7,-1586728465,93,786819412761
17,177,10,4,17,995981341,7,-1586728465,93,786320464068
17,177,10,4,17,995981341,7,-1586728465,93,786187880256
17,177,10,4,17,995981341,7,-1586728465,93,786983030422
17,177,10,4,17,995981341,7,-1586728465,93,784173441279
17,177,10,4,17,995981341,7,-1586728465,93,786904950826
17,177,10,4,17,995981341,7,-1586728465,93,788079105958
17,177,10,4,17,995981341,7,-1586728465,93,786421693319
17,177,10,4,17,995981341,7,-1586728465,93,786012991429
17,177,10,4,17,995981341,7,-1586728465,93,787425586286
