50 50 150
76 128 3
52 155 3
112 168 3
175 48 3
19 148 3
3 97 3
38 68 3
166 87 3
114 51 3
193 104 3
30 235 3
138 228 3
225 76 3
49 11 3
32 194 3
72 195 3
10 247 3
105 135 3
119 59 3
135 181 3
78 146 3
243 70 3
130 200 3
1 185 3
217 197 3
230 217 3
199 125 3
134 227 3
89 59 3
44 112 3
147 67 3
219 160 3
156 69 3
27 114 3
113 35 3
175 212 3
146 181 3
141 119 3
173 241 3
233 199 3
169 12 3
66 209 3
9 213 3
4 54 3
121 70 3
13 103 3
73 205 3
26 177 3
56 125 3
249 125 3
852 955
927 778
813 953
873 975
946 854
764 772
851 769
890 782
947 816
905 768
800 997
888 886
813 969
757 968
762 950
787 806
831 964
750 921
760 941
926 957
789 876
950 764
913 980
767 885
906 995
926 841
810 794
847 807
798 990
910 988
917 963
765 817
992 783
955 868
960 750
890 818
859 802
774 754
902 875
962 969
916 941
916 782
933 997
919 938
821 766
856 899
776 915
943 933
990 842
878 820
