x,y,pociones
44, 249, 1
118, 68, 2
249, 195, 2
3, 51, 2
136, 199, 2
227, 36, 2
13, 151, 2
184, 108, 2
68, 17, 2
157, 9, 2
109, 140, 2
0, 210, 2
197, 167, 2
59, 193, 2
247, 110, 2
173, 244, 3
47, 92, 3
239, 248, 3
100, 245, 3
245, 1, 3
70, 138, 3
157, 50, 4
26, 2, 4
148, 136, 4
200, 209, 4
196, 72, 5
97, 211, 5
57, 45, 5
101, 100, 5
240, 155, 6
46, 121, 6
25, 191, 6
128, 13, 7
145, 244, 7
71, 168, 7
212, 139, 8
30, 56, 8
42, 23, 8
198, 8, 9
52, 225, 9
16, 26, 9
149, 165, 10
229, 90, 10
18, 88, 11
1, 235, 11
133, 222, 12
216, 243, 12
158, 98, 13
122, 43, 13
173, 143, 14
947, 902,
868, 914,
894, 940,
762, 764,
890, 751,
757, 985,
955, 991,
751, 798,
920, 919,
897, 776,
941, 805,
849, 988,
846, 925,
758, 936,
995, 902,
972, 956,
954, 832,
867, 939,
785, 884,
815, 791,
898, 993,
877, 969,
978, 857,
998, 813,
976, 751,
781, 838,
935, 856,
837, 879,
817, 859,
887, 829,
938, 764,
795, 806,
775, 750,
993, 784,
828, 808,
775, 961,
834, 849,
996, 871,
910, 880,
881, 858,
884, 792,
928, 993,
930, 829,
970, 898,
940, 974,
823, 900,
798, 951,
760, 892,
964, 817,
836, 781,
855, 788,
912, 820,
984, 995,
851, 832,
924, 938,
976, 929,
961, 921,
844, 948,
805, 975,
993, 962,
770, 918,
803, 762,
871, 771,
855, 895,
865, 879,
875, 819,
894, 803,
891, 904,
769, 777,
923, 792,
801, 866,
818, 773,
782, 853,
944, 787,
958, 867,
816, 960,
824, 989,
925, 976,
840, 908,
796, 906,
784, 981,
911, 958,
940, 836,
764, 841,
971, 767,
982, 918,
755, 854,
867, 808,
753, 835,
876, 924,
963, 801,
924, 770,
970, 844,
