200 8922 400
51 60 1
32 89 2
74 42 2
87 31 2
69 26 2
3 2 2
2 71 2
31 12 2
15 73 2
36 3 2
59 11 2
40 43 3
61 83 3
42 77 3
9 54 3
35 22 4
90 82 4
71 0 4
81 1 5
86 59 5
74 77 5
32 51 6
95 25 6
26 75 7
15 92 7
57 48 8
90 95 8
64 92 9
85 23 9
54 3 10
95 46 10
65 46 11
99 97 12
12 19 12
0 95 13
57 38 14
72 64 14
33 38 15
8 45 16
5 32 17
22 90 17
50 72 18
0 85 19
61 62 20
26 65 21
99 35 22
90 52 23
10 77 24
96 1 25
12 0 26
43 84 26
15 14 28
75 58 29
76 51 30
92 59 31
45 27 32
56 77 33
84 64 34
59 54 35
17 41 36
12 27 37
15 50 39
68 8 40
51 46 41
6 12 42
94 19 44
58 100 45
40 24 46
28 60 48
43 94 49
96 92 50
57 67 52
44 51 53
74 9 55
81 13 56
89 63 58
60 29 59
80 23 61
19 59 62
55 14 64
2 59 65
53 28 67
10 95 69
46 19 70
4 51 72
29 41 74
36 43 75
55 71 77
44 15 79
100 12 81
20 74 82
4 22 84
18 77 86
67 75 88
68 83 90
87 11 92
75 91 94
11 42 96
8 16 98
10 8 100
76 29 101
61 72 104
69 94 106
14 38 108
85 92 110
66 38 112
62 17 114
31 74 116
7 0 118
49 20 120
84 85 122
40 52 125
72 18 127
21 83 129
13 48 131
82 8 134
35 31 136
59 91 138
98 46 141
95 35 143
32 61 145
27 83 148
22 59 150
87 95 153
10 71 155
22 87 158
1 25 160
69 19 163
39 47 165
59 0 168
41 66 170
16 52 173
20 97 176
70 92 178
3 36 181
40 3 184
22 66 186
50 6 189
19 16 192
67 53 195
61 5 197
38 79 200
23 10 203
88 16 206
56 41 209
7 99 212
49 11 215
79 47 218
84 31 221
40 12 224
86 76 226
36 76 230
5 60 233
59 27 236
79 54 239
24 21 242
29 89 245
23 24 248
14 62 251
1 19 254
40 35 257
21 85 261
95 76 264
29 31 267
53 73 270
67 98 274
2 66 277
21 47 280
13 39 284
19 87 287
51 7 290
76 85 294
60 12 297
43 65 301
34 49 304
48 51 308
70 65 311
52 70 315
93 37 318
23 89 322
4 85 325
26 5 329
84 55 333
53 98 336
52 25 340
74 35 344
68 58 347
2 85 351
76 15 355
77 19 359
82 5 362
24 80 366
90 13 370
8 90 374
36 23 378
50 1 382
74 68 386
1 2 390
14 17 394
93 93 398
44 79
92 39
93 62
28 55
69 69
84 73
63 68
7 91
33 10
22 37
75 17
55 92
85 79
13 28
2 39
72 45
98 27
2 62
47 81
92 10
56 80
20 25
52 36
64 87
0 90
21 37
26 18
72 73
31 16
53 41
80 44
48 18
63 66
19 78
87 83
82 87
8 13
91 5
65 100
34 7
41 65
25 21
89 80
90 26
70 78
34 12
42 68
95 99
11 92
11 50
32 82
16 87
61 20
30 88
89 30
93 56
47 32
97 67
94 60
76 4
93 30
60 75
67 60
64 17
45 12
26 40
34 6
69 46
78 7
29 26
69 84
15 28
79 99
35 88
85 61
54 56
18 95
79 94
36 12
33 51
100 63
29 75
68 19
78 58
53 1
13 53
29 66
61 1
44 53
58 64
3 5
68 53
41 26
40 20
40 73
39 88
7 12
68 80
66 2
60 19
38 3
8 48
49 15
73 39
7 6
62 84
95 32
31 43
73 18
94 75
92 86
47 3
37 100
60 79
0 16
11 52
73 88
93 85
51 32
97 51
23 87
22 58
51 64
36 13
20 82
10 27
38 56
67 89
60 91
73 38
2 40
12 48
94 74
51 51
26 62
13 100
35 47
66 12
47 42
17 87
47 7
3 4
26 19
25 40
45 89
40 86
35 20
78 40
37 65
73 93
4 84
55 79
69 54
28 11
34 41
15 82
88 10
41 82
30 95
33 75
14 100
79 71
82 20
6 68
12 83
84 3
69 27
18 57
4 90
59 81
75 22
23 77
64 86
30 53
78 69
35 33
93 5
23 36
15 16
91 96
32 88
3 95
76 27
14 52
33 37
87 35
29 97
2 86
25 60
87 57
82 63
18 16
100 77
80 82
76 16
46 83
59 40
62 72
21 25
1 99
22 25
61 49
54 47
70 71
42 83
68 64
13 37
0 6
94 4
43 51
6 36
2 99
67 85
43 71
93 11
85 64
99 91
41 99
62 87
15 74
47 11
9 87
97 6
56 27
29 94
79 30
49 47
85 11
98 6
21 55
46 23
75 13
35 14
21 11
22 94
74 16
40 50
90 75
91 98
60 35
30 48
22 43
10 52
52 16
57 58
73 33
51 52
36 10
86 4
55 33
60 54
68 39
14 97
98 31
67 55
29 85
72 50
66 58
48 74
22 0
68 36
35 17
63 81
26 23
55 77
98 21
49 31
14 94
88 0
42 23
26 34
75 56
14 23
86 22
75 14
60 11
78 84
99 57
59 5
37 19
72 71
28 56
15 43
22 2
44 51
95 86
7 6
43 69
84 23
6 56
55 20
26 49
54 99
66 79
99 17
85 52
95 41
45 100
28 26
94 4
42 87
15 24
34 85
11 75
83 49
50 14
73 90
45 14
20 80
84 86
0 96
84 76
94 81
76 34
68 89
10 0
23 17
26 68
52 89
97 58
61 96
59 60
28 12
48 74
15 58
85 51
92 36
29 14
54 94
34 75
38 2
70 74
54 13
30 42
13 82
7 24
52 39
65 62
45 20
48 14
63 37
80 37
17 87
50 62
48 99
75 85
95 24
80 9
86 67
72 84
63 60
17 68
80 66
47 7
7 84
60 87
17 1
13 28
92 44
30 46
13 66
43 24
43 46
97 81
34 73
24 36
93 41
93 88
28 85
79 96
46 97
100 95
51 54
45 74
32 16
33 34
71 12
74 5
98 100
31 74
72 69
97 40
51 26
98 61
46 20
33 4
34 36
28 32
11 66
6 36
100 32
87 23
88 47
71 90
36 34
99 30
95 69
51 46
14 32
27 76
35 41
67 75
62 97
25 36
50 68
37 84
79 46
73 34
35 3
71 45
8 20
3 84
43 10
22 57
38 65
27 61
21 5
96 23
32 0
35 33
17 75
82 43
31 74
90 85
53 47
13 82
32 28
15 22
68 26
40 3
67 19
5 86
50 1
59 14
3 4
10 89
40 18
79 8
30 34
28 48
100 70
21 43
7 67
19 67
63 71
63 70
29 52
51 25
67 83
74 80
60 15
95 13
2 39
75 39
12 0
91 79
96 47
98 61
87 29
85 92
97 46
54 76
72 72
23 44
91 71
90 91
27 36
50 7
24 0
85 28
27 82
84 55
27 23
21 29
16 40
90 59
0 76
81 87
60 31
91 67
18 26
22 65
73 22
8 18
22 23
82 100
78 51
2 91
2 81
23 18
23 87
3 7
53 52
15 45
78 0
53 39
33 36
76 11
53 19
85 68
14 87
38 53
20 63
39 49
29 25
84 34
90 44
51 24
64 44
30 77
78 59
83 89
1 74
37 16
20 49
8 81
45 82
52 53
14 34
80 58
5 40
82 36
14 75
78 78
12 74
46 44
57 2
21 64
32 85
50 93
89 54
11 100
50 42
55 58
11 45
70 56
49 20
48 34
17 38
89 98
46 25
7 15
42 14
33 41
69 74
70 100
35 55
6 28
20 54
16 8
89 5
96 40
100 55
15 8
28 80
39 19
80 35
0 83
29 83
64 41
51 7
75 21
65 4
81 78
71 2
28 9
8 25
25 67
86 60
2 84
60 49
82 57
24 42
92 75
6 88
86 75
15 73
21 72
3 11
34 78
42 97
65 57
90 11
36 49
47 45
14 18
42 72
94 60
8 8
37 66
6 27
35 93
0 62
35 92
61 61
90 68
39 8
7 83
28 63
49 18
26 11
69 36
34 65
94 90
48 37
17 7
91 30
74 46
33 74
74 48
43 67
58 58
81 56
77 0
54 57
70 38
27 79
78 40
82 12
6 28
10 33
5 43
2 2
49 53
84 55
4 54
98 23
65 7
41 67
4 94
80 12
98 55
73 39
57 7
18 77
94 63
71 10
84 71
58 65
81 48
18 54
79 12
30 90
98 50
32 40
83 35
60 74
22 97
41 40
29 68
39 76
44 93
99 54
64 8
55 80
1 7
63 37
92 27
86 77
76 76
66 100
31 31
65 77
97 36
39 47
33 46
47 19
87 100
8 58
87 76
9 64
86 0
30 94
91 44
78 69
46 37
51 40
6 11
95 10
39 47
8 35
97 79
28 7
25 30
47 86
39 100
1 5
43 72
20 81
42 14
87 58
59 26
35 29
54 34
70 67
54 90
93 55
100 14
40 99
98 95
47 46
24 47
90 52
24 68
58 73
8 87
1 16
1 59
87 25
35 50
48 28
37 49
58 32
33 63
6 21
40 38
47 64
50 2
94 5
0 35
31 76
71 25
12 75
73 88
61 79
21 38
0 10
5 71
44 14
79 87
95 69
52 76
35 48
0 78
97 65
98 6
78 39
65 15
88 27
39 98
37 61
33 47
94 32
1 83
40 7
76 73
80 38
72 84
83 16
6 19
72 4
51 15
16 6
92 32
26 66
89 57
19 30
53 77
10 31
37 8
31 16
18 51
5 25
9 77
81 9
94 55
78 2
2 5
51 40
64 73
48 9
81 94
1 75
1 85
42 77
80 46
37 46
95 45
2 52
5 16
30 42
100 47
25 65
13 72
34 9
70 67
75 0
88 5
27 59
17 34
6 80
57 45
45 73
59 23
24 50
13 61
50 85
44 96
80 88
32 70
36 52
1 14
91 33
48 93
95 33
28 100
21 68
100 91
0 52
30 64
68 22
89 46
2 42
33 42
61 50
53 9
72 93
94 54
46 36
29 13
83 13
18 49
70 56
96 62
37 86
83 49
87 39
30 53
61 4
17 83
87 93
50 91
0 27
32 52
9 72
80 42
44 24
82 71
49 31
4 5
83 27
89 66
22 82
4 85
77 90
94 43
71 54
5 98
49 5
11 94
40 82
43 32
100 33
51 69
75 57
86 18
35 20
13 14
18 97
79 84
96 25
28 84
37 89
86 52
30 48
72 25
44 0
93 83
85 52
44 87
72 16
89 83
86 15
25 55
61 30
39 42
84 29
51 82
51 23
55 8
38 43
8 83
94 34
19 99
29 66
56 56
75 74
89 53
60 26
43 66
78 61
60 19
20 19
79 83
8 20
42 17
34 25
60 9
14 33
42 33
5 69
70 37
6 87
11 84
57 29
83 57
35 35
88 6
11 62
5 29
18 27
73 31
62 13
91 44
54 95
82 93
50 61
14 15
64 88
17 82
9 79
86 71
40 65
11 71
99 65
74 87
100 23
64 48
69 82
50 85
91 84
50 59
96 87
98 97
99 87
73 11
31 25
24 66
77 25
87 99
9 8
62 77
1 23
97 74
98 1
23 54
41 36
18 99
98 99
98 32
53 47
51 28
18 20
89 100
14 34
66 40
42 6
14 62
60 63
63 19
71 34
24 28
82 92
33 59
60 8
9 26
24 12
40 70
57 30
20 2
95 87
40 77
55 23
93 26
15 37
41 47
56 39
25 84
32 74
40 63
59 76
16 100
0 35
20 0
9 67
88 21
32 19
10 81
56 18
22 7
97 98
55 62
3 2
49 68
51 94
43 54
49 91
66 76
21 57
66 38
72 17
34 69
76 63
85 18
7 4
27 46
70 89
26 56
41 85
31 41
43 52
3 32
35 30
74 31
68 84
85 60
78 83
80 21
84 23
80 74
94 31
4 25
27 26
83 16
35 69
74 2
10 46
4 1
0 1
79 97
70 1
17 45
5 77
49 64
38 47
1 53
45 71
6 57
13 71
57 86
80 66
56 16
21 55
12 28
85 33
31 10
78 37
23 40
2 38
31 67
88 79
93 54
43 46
51 11
74 6
61 7
57 52
4 78
71 43
6 57
0 80
77 42
79 29
47 2
97 78
30 12
37 66
24 34
31 39
18 42
0 24
61 46
20 85
83 62
93 95
84 61
66 3
78 35
66 31
21 94
91 83
89 63
18 28
0 14
72 83
31 36
53 49
18 49
65 16
1 51
58 57
30 89
9 18
99 54
17 22
92 56
89 13
58 41
0 52
7 9
6 49
20 66
47 76
91 51
24 61
2 24
2 4
63 65
96 100
89 4
40 46
53 41
15 6
13 20
89 94
73 38
77 95
24 62
35 80
79 27
32 53
35 72
35 1
15 90
98 90
48 17
92 23
52 40
64 33
14 91
71 21
70 74
94 98
66 28
17 97
60 61
42 34
33 82
25 43
61 20
97 49
12 70
1 96
95 86
72 27
85 89
16 18
85 62
50 60
18 40
38 2
83 86
44 29
22 9
34 98
27 90
65 60
26 4
79 8
74 96
19 92
73 12
14 60
90 100
87 22
8 65
36 25
36 77
95 15
28 2
58 3
6 64
28 67
89 23
0 44
77 48
11 84
7 72
81 97
57 15
71 48
51 61
29 6
23 38
65 20
81 28
86 9
42 15
12 97
42 98
35 34
92 34
20 0
55 61
93 48
43 66
2 84
19 62
34 97
85 25
65 4
85 97
94 15
27 18
43 52
74 6
70 59
90 56
78 100
93 77
62 9
63 93
66 26
3 87
22 79
41 89
53 88
22 29
39 87
18 18
50 42
86 38
1 44
66 23
51 68
5 57
3 91
95 60
29 68
70 28
39 97
4 90
71 53
56 19
64 44
81 3
59 43
7 58
11 89
22 2
67 73
68 51
80 70
19 21
34 21
5 88
46 55
29 54
73 98
5 76
50 45
46 56
89 99
48 15
58 17
27 88
47 43
37 42
38 32
58 81
80 54
8 94
20 41
14 96
10 18
14 83
80 78
24 96
57 85
3 60
21 88
28 19
26 20
49 78
94 83
65 5
51 99
53 31
20 13
33 29
36 98
90 2
4 57
52 96
72 73
89 10
47 36
33 97
44 50
49 41
66 46
74 53
2 74
52 31
51 77
100 81
3 92
75 41
59 32
95 75
82 49
13 35
7 36
10 68
60 62
9 9
29 36
68 76
78 13
51 81
53 26
51 23
94 52
94 71
73 70
53 95
4 48
21 25
81 82
69 2
21 77
20 37
89 11
96 39
79 39
87 24
84 29
78 42
5 10
56 40
88 76
63 32
11 35
26 86
43 66
24 94
75 90
14 48
25 50
15 70
80 86
12 97
97 4
5 56
35 36
37 63
7 24
1 65
70 97
28 34
26 85
32 97
79 61
95 69
40 4
91 89
49 84
72 23
0 62
1 40
2 70
21 9
68 77
43 100
93 38
82 88
83 33
74 88
97 41
44 26
65 67
9 62
10 72
42 22
59 59
30 59
68 17
95 4
91 58
10 62
96 50
80 88
10 69
28 35
34 6
47 79
58 21
48 58
67 59
89 57
10 7
1 33
55 40
99 29
71 90
35 24
70 100
88 36
54 79
28 40
3 13
72 91
90 35
55 100
85 56
29 34
65 42
85 40
47 60
11 3
26 74
8 76
87 71
23 9
43 57
33 57
83 89
41 82
84 51
67 49
100 33
99 14
26 75
33 44
3 34
82 88
54 17
20 8
91 52
52 53
77 99
93 22
67 59
66 73
23 90
33 55
40 75
52 17
73 43
53 97
1 14
94 90
13 16
1 72
13 52
16 6
13 49
45 28
32 40
53 42
19 46
52 54
89 76
72 42
66 75
54 9
33 68
45 86
66 93
8 15
44 16
8 68
3 85
24 36
75 78
86 26
80 96
37 44
75 54
87 17
27 10
0 9
29 95
9 47
47 79
75 72
88 89
97 50
12 95
72 30
91 59
79 75
5 67
54 65
77 94
79 18
100 5
25 48
15 19
90 33
33 89
39 78
50 5
96 9
46 89
7 40
6 31
23 99
46 32
49 35
38 14
42 84
97 16
72 61
89 72
76 97
64 71
82 100
34 26
18 43
84 30
57 73
24 100
12 63
81 38
52 98
76 48
63 98
48 98
87 51
63 48
26 26
60 45
75 53
50 78
25 74
29 51
17 100
97 32
95 32
94 88
62 31
33 98
80 47
67 8
51 14
41 27
6 41
86 100
79 34
63 78
28 35
77 95
43 54
87 82
66 11
72 55
70 53
51 41
60 13
33 93
1 15
35 76
78 96
73 29
100 81
94 35
16 40
35 62
71 6
20 80
31 33
23 25
15 96
43 98
43 20
55 93
11 2
37 70
21 83
76 53
2 14
12 89
97 80
71 8
38 100
63 43
19 54
94 48
67 77
15 96
88 3
71 87
41 72
10 5
80 53
8 33
30 8
31 28
50 49
80 83
64 60
15 38
39 73
57 70
28 25
68 99
82 57
54 21
55 76
77 46
60 26
65 36
81 44
1 29
32 55
78 30
38 72
92 38
15 31
32 96
30 19
37 74
98 85
2 15
20 28
4 82
27 13
91 14
6 67
88 81
65 10
95 65
73 2
65 13
41 56
93 35
9 5
41 44
67 63
21 77
96 38
53 87
95 45
7 99
99 78
1 87
54 91
65 35
51 40
19 84
30 62
58 80
20 78
54 21
38 56
62 46
40 18
30 79
58 88
77 24
70 90
44 37
79 30
78 71
6 68
94 59
75 48
94 74
22 19
89 49
92 30
96 93
93 55
34 21
29 72
24 52
14 17
55 40
45 97
92 81
75 81
72 76
15 8
43 11
66 69
10 29
32 13
10 37
85 52
53 83
75 76
73 42
49 20
22 46
69 71
56 25
70 97
60 58
63 46
50 95
91 62
88 9
64 48
54 89
96 79
0 98
21 40
29 7
37 27
91 1
67 84
73 14
3 0
97 6
64 34
24 63
70 18
91 56
48 65
7 11
19 87
48 80
85 90
76 52
5 5
63 53
64 52
23 17
6 51
45 83
83 69
56 53
79 65
16 83
55 11
8 7
25 15
100 22
82 38
77 7
43 62
16 84
72 72
92 93
99 17
25 76
75 2
69 7
33 68
57 60
20 13
79 60
83 59
33 48
20 69
79 95
43 53
29 25
35 57
32 54
94 37
79 71
61 44
73 89
67 91
99 24
31 91
62 2
78 82
17 16
34 48
48 99
4 37
57 4
83 37
0 41
19 87
56 28
6 50
4 51
83 2
72 57
40 3
0 11
88 36
4 26
100 90
6 85
97 0
60 56
84 24
10 99
63 58
49 9
51 23
23 84
89 70
21 70
31 93
21 44
68 24
12 99
23 73
4 50
26 80
75 50
79 96
80 52
63 64
90 37
63 29
73 77
40 59
2 65
66 65
82 75
69 31
9 55
12 50
83 43
0 37
75 51
18 31
40 58
85 17
100 10
44 26
96 87
57 30
54 86
0 16
64 56
2 24
38 100
0 12
75 18
84 37
21 80
100 94
65 83
25 10
99 44
59 18
11 7
53 96
71 11
44 70
12 93
95 100
93 75
69 99
26 64
24 45
74 50
20 25
33 96
7 73
39 47
17 77
2 67
9 38
16 66
54 23
14 59
37 46
90 5
87 98
55 20
30 87
76 21
83 97
46 17
79 42
99 41
49 47
99 40
49 74
95 99
5 90
47 51
12 27
49 76
5 33
19 85
80 88
30 37
54 36
61 57
80 58
92 60
5 31
52 18
76 32
62 61
40 82
74 94
27 63
57 30
21 86
69 12
23 35
18 97
76 17
14 90
85 53
61 81
66 77
67 22
3 60
53 29
34 6
60 60
26 44
2 17
89 0
94 46
19 71
100 28
65 60
81 29
17 69
72 93
75 76
6 1
60 9
40 47
67 9
23 70
14 16
3 83
24 80
16 36
89 99
2 86
79 59
59 71
93 38
19 94
82 40
29 75
29 28
76 16
90 81
23 87
8 94
87 36
58 81
19 79
33 57
14 48
16 42
36 50
6 90
75 81
56 22
77 59
32 88
2 6
64 72
83 93
65 91
95 4
20 43
79 10
47 22
68 28
84 62
7 5
77 32
89 42
49 43
4 88
74 92
60 90
28 92
48 58
16 91
71 54
64 7
2 82
19 80
93 18
71 77
74 89
32 80
87 16
66 8
42 86
24 15
49 26
92 89
44 73
47 49
58 40
9 44
40 22
29 75
13 41
8 10
24 61
19 83
66 63
92 41
43 28
16 77
39 77
14 50
6 31
27 69
78 60
2 20
25 83
97 15
37 38
51 76
96 61
62 33
3 56
14 39
41 29
59 27
33 25
15 78
10 59
48 12
14 78
64 50
27 38
18 56
17 47
1 91
7 28
98 44
11 67
91 97
100 16
32 94
97 82
4 12
57 3
62 68
26 54
34 56
5 68
21 23
1 58
44 56
52 99
88 54
50 0
86 15
76 14
20 73
27 57
0 49
17 79
23 84
80 36
54 93
38 89
5 64
93 79
37 97
77 2
67 32
95 72
76 21
18 4
93 79
81 35
78 86
73 67
76 100
61 84
33 65
24 58
84 13
76 99
23 54
29 7
50 49
27 34
42 80
48 5
92 92
6 36
44 63
84 20
68 76
7 48
41 66
85 11
81 29
100 8
99 72
95 8
94 100
33 88
57 17
89 8
93 48
78 98
61 3
24 85
67 36
76 31
76 72
37 8
31 98
27 79
32 99
94 1
43 83
19 74
78 24
59 1
17 15
24 95
6 3
57 6
13 0
12 9
86 1
50 46
95 95
7 73
5 48
26 58
22 9
72 98
44 19
48 70
49 2
17 12
81 75
48 12
42 39
21 38
17 54
74 86
7 37
33 6
76 35
46 74
15 23
93 83
19 55
2 55
25 93
43 32
1 42
45 2
48 5
46 26
5 6
90 28
79 4
80 63
11 77
6 28
26 17
93 64
27 2
32 36
61 4
66 32
45 59
7 27
21 20
42 96
5 24
50 46
28 12
16 74
18 66
9 38
7 79
5 1
71 86
97 5
86 81
47 33
74 69
24 92
78 28
37 28
28 87
39 57
79 63
88 2
43 93
32 44
76 4
71 0
74 63
55 97
25 91
27 91
52 95
91 79
18 28
65 39
41 83
33 28
44 56
70 61
65 90
23 89
24 65
16 55
67 25
8 37
83 18
0 92
10 53
77 61
35 37
69 27
78 41
72 67
86 65
66 16
30 41
67 89
25 28
9 9
37 17
47 77
5 38
42 13
71 77
82 93
67 17
34 9
25 42
32 89
17 11
98 16
4 48
69 39
31 84
75 66
50 37
40 63
3 46
83 92
90 42
51 28
42 43
52 71
82 28
25 0
60 59
85 5
23 92
65 75
35 92
67 53
57 26
82 43
90 60
41 27
2 0
50 4
78 36
63 86
74 10
5 84
49 73
3 29
20 58
43 74
75 48
78 52
24 32
72 22
10 65
76 14
47 23
19 40
72 6
86 36
49 64
9 59
50 76
88 76
18 43
23 85
48 12
68 4
68 62
34 17
39 55
25 51
11 42
11 46
88 66
21 28
37 22
74 92
62 29
25 4
28 7
20 62
58 42
16 61
16 59
97 55
30 44
54 50
32 40
74 31
12 48
55 10
73 75
9 6
99 64
22 62
88 54
1 97
7 41
93 69
81 65
2 52
87 21
31 86
50 9
38 44
2 27
65 40
69 33
11 67
35 95
91 62
91 68
23 65
96 73
22 93
11 60
77 5
8 38
85 31
81 9
63 58
41 80
73 86
15 29
17 29
18 96
1 8
96 84
56 96
78 6
71 87
48 51
94 12
43 46
64 5
8 17
49 50
57 32
58 10
20 87
14 88
93 100
100 91
9 58
27 28
97 92
69 32
90 28
90 40
28 45
77 29
7 48
3 74
78 17
48 31
58 4
5 21
82 26
73 48
53 71
35 63
72 32
44 33
62 84
14 90
12 72
60 32
47 30
5 58
7 42
15 6
89 25
21 92
59 42
32 16
98 27
58 48
60 52
78 60
45 40
4 73
36 40
29 43
24 27
98 83
28 55
57 80
77 93
64 87
66 29
80 52
96 69
57 23
95 57
20 78
7 28
89 29
84 4
82 62
33 81
55 82
46 88
76 40
64 7
22 30
52 29
7 51
86 2
98 23
38 9
51 28
38 92
53 5
93 86
95 55
84 73
85 40
64 48
4 44
85 91
97 18
13 22
54 98
91 83
51 13
74 74
59 95
77 24
76 80
30 74
67 94
73 63
27 58
46 37
53 28
66 79
34 33
36 33
21 68
68 36
48 64
95 41
97 76
41 56
94 51
79 2
59 100
83 58
22 70
69 57
40 97
79 17
70 70
21 43
24 9
81 30
40 55
13 84
30 12
1 10
72 52
50 1
63 100
51 91
51 48
87 28
85 12
14 56
96 27
61 89
23 8
95 35
49 53
100 13
45 32
100 28
38 94
98 26
99 57
83 8
92 72
40 74
59 100
25 68
53 54
8 47
72 85
64 72
72 46
27 78
84 77
77 1
66 36
84 7
77 54
25 55
19 10
31 25
65 63
0 35
97 3
36 66
13 15
68 98
28 69
69 44
4 86
19 48
3 65
68 100
56 72
95 15
19 95
78 44
88 20
16 37
9 30
24 81
100 56
87 13
15 69
47 86
36 29
65 28
18 82
2 22
40 1
18 5
83 10
41 56
20 36
87 35
45 30
65 49
43 98
31 4
87 3
93 76
10 27
49 7
84 58
57 69
39 46
41 88
98 67
1 63
84 13
9 91
55 39
34 91
60 13
44 27
11 8
16 94
39 31
2 2
63 23
5 90
69 12
53 44
19 23
98 18
98 20
64 39
61 45
97 18
46 56
93 84
85 30
90 59
68 82
11 22
10 56
76 76
80 67
31 9
28 44
65 28
98 30
57 66
21 2
9 47
100 15
27 61
65 10
71 75
25 75
3 12
72 84
17 93
50 64
96 2
36 59
74 10
60 34
70 10
95 33
30 47
46 0
54 3
2 72
88 14
56 56
66 48
56 97
18 81
17 2
18 50
40 15
35 31
30 32
58 42
9 56
27 100
71 24
70 35
96 6
22 20
67 27
28 8
79 5
37 77
57 98
46 37
33 36
35 36
47 92
52 21
98 37
50 71
48 6
10 18
0 5
18 93
12 97
25 91
45 60
54 49
90 78
99 64
78 31
25 17
72 28
86 6
80 50
48 21
88 86
29 7
0 58
71 51
32 31
36 85
4 37
88 37
71 18
37 8
64 74
93 57
2 51
69 63
37 71
18 89
30 100
100 80
79 54
40 66
81 25
87 60
0 72
27 42
40 46
12 37
69 31
94 67
11 82
4 53
8 94
31 47
31 38
50 35
77 51
20 3
97 95
2 52
80 14
48 92
40 70
27 68
58 12
52 34
76 14
52 1
20 12
61 76
0 53
21 25
12 13
34 98
7 7
28 44
17 34
47 46
79 100
38 35
6 89
59 97
39 88
22 100
34 94
51 35
86 32
15 95
8 87
48 64
96 54
99 45
63 94
37 79
34 67
47 2
31 88
91 95
16 93
42 99
4 35
7 9
84 86
94 94
7 58
57 92
37 12
96 93
17 47
63 23
89 82
26 83
5 50
23 31
51 94
72 95
82 37
100 20
58 61
82 10
34 44
45 78
59 62
94 65
88 58
31 91
27 39
2 94
45 9
11 32
3 74
87 98
48 28
87 44
91 12
53 6
16 4
27 78
99 13
6 75
38 33
86 51
1 58
44 45
20 19
8 70
29 22
24 89
25 38
7 89
34 95
50 15
82 68
76 71
100 71
35 49
30 88
19 29
89 90
5 56
41 51
0 10
93 24
88 61
37 47
16 39
55 46
48 3
50 50
41 53
41 6
63 84
79 44
74 63
4 37
60 44
30 38
95 71
5 86
22 82
94 56
31 30
2 52
48 77
44 45
63 14
50 36
86 47
63 1
49 34
30 33
35 20
80 63
43 74
0 26
51 40
30 4
33 57
87 7
22 53
56 3
66 31
16 15
50 99
70 93
40 23
82 30
28 19
41 60
33 3
24 28
66 95
95 68
0 43
21 98
44 100
0 39
24 50
30 83
26 26
57 18
81 61
13 99
66 9
13 89
76 64
76 16
86 90
29 24
65 13
53 92
36 17
67 34
16 73
19 94
2 99
28 59
76 75
64 8
33 75
37 86
63 60
13 88
43 39
73 86
53 87
87 29
39 4
12 13
66 75
49 80
76 96
15 72
14 75
51 2
74 88
29 19
38 75
9 99
38 81
48 57
33 6
42 35
20 97
77 69
32 100
73 32
53 96
13 48
73 5
9 10
32 34
20 78
85 74
77 20
67 73
64 37
15 68
67 63
57 0
61 75
91 64
62 25
59 47
98 79
18 93
51 11
63 22
40 75
19 53
26 17
21 100
88 35
70 78
47 65
34 80
27 7
11 86
40 37
95 71
8 16
89 48
93 82
72 25
65 87
92 82
66 64
89 51
19 88
2 65
0 79
92 60
37 80
14 79
10 48
26 78
42 53
69 7
9 93
93 41
97 27
38 24
82 79
40 86
46 30
54 86
59 30
83 84
34 60
93 87
72 18
54 35
97 64
44 56
16 27
100 84
25 14
53 75
86 59
24 18
75 83
4 35
6 6
54 70
65 23
25 88
45 6
45 94
85 58
34 77
75 14
84 75
39 10
35 39
7 44
36 93
74 6
89 33
57 97
63 77
60 21
39 14
16 76
46 6
69 90
99 83
12 89
88 70
82 57
90 82
49 48
95 98
72 29
52 95
36 61
2 21
94 99
28 86
74 87
17 44
10 92
60 62
52 91
48 86
35 82
47 70
81 44
5 49
33 50
61 47
30 77
77 63
98 58
48 5
68 12
82 97
76 22
78 19
13 50
34 0
39 48
24 92
31 42
62 28
20 60
100 91
5 85
40 8
85 7
25 100
55 9
44 44
13 7
31 43
27 71
2 32
38 22
56 74
93 32
55 39
93 27
87 52
65 28
57 57
57 90
17 27
95 2
35 63
40 64
53 100
64 62
63 62
86 23
79 38
56 97
60 79
19 52
54 84
87 75
97 17
36 8
61 45
62 77
19 99
31 34
42 88
64 69
83 41
72 6
34 3
86 30
78 64
83 45
87 82
9 69
13 90
4 0
14 35
25 64
20 67
70 41
53 46
33 22
99 28
79 12
63 66
53 84
77 79
81 87
95 1
0 33
80 24
90 97
32 52
87 52
34 89
100 13
60 25
100 89
27 99
60 78
94 35
63 78
7 96
83 2
20 30
55 64
49 66
20 78
65 79
65 77
14 71
46 76
12 20
40 76
43 10
44 3
23 58
39 42
66 44
77 55
28 55
42 54
18 22
77 92
2 28
85 63
80 56
96 77
49 68
33 66
36 21
87 69
30 100
49 1
13 6
9 51
20 60
82 44
69 62
58 1
94 99
4 51
81 78
29 40
21 58
85 43
59 79
43 48
79 33
38 64
56 47
26 78
12 73
64 56
17 26
15 18
17 35
68 66
70 42
51 85
10 83
67 83
47 27
78 13
19 79
11 93
22 60
9 36
30 21
2 64
47 55
79 41
69 82
50 44
70 14
39 74
17 80
81 98
33 95
29 48
20 78
18 24
63 26
13 61
15 0
9 16
22 85
17 85
33 73
14 0
72 44
30 27
82 33
8 86
28 58
54 93
11 65
41 16
10 32
41 21
22 19
22 54
20 37
1 32
76 75
86 19
33 86
88 24
74 7
52 93
14 80
81 58
19 93
71 20
45 96
37 11
55 2
75 81
73 49
47 24
20 65
28 82
9 37
68 23
84 100
84 3
12 37
59 34
80 55
31 28
8 54
22 33
18 14
30 21
49 32
55 10
68 30
26 88
17 58
18 0
56 73
6 15
93 15
54 46
62 68
60 43
11 22
25 89
6 21
25 94
41 17
84 10
0 95
88 58
67 11
57 64
65 43
71 78
64 34
99 47
40 25
94 53
77 25
12 86
49 29
22 35
92 89
49 93
96 58
78 14
30 8
3 5
3 11
3 0
63 25
8 11
79 23
1 32
77 100
21 74
23 32
27 41
54 31
27 85
64 24
35 41
26 39
8 87
12 51
26 89
98 100
15 69
88 17
2 66
3 38
93 52
81 72
29 14
16 91
51 20
52 28
68 3
28 100
20 2
64 48
67 71
60 42
63 25
96 1
56 64
20 69
85 24
12 75
65 79
57 68
83 58
44 3
24 54
90 33
43 75
39 82
36 47
34 85
81 76
13 62
96 26
99 45
71 74
56 12
22 57
84 8
91 68
3 16
56 43
60 87
55 100
100 27
50 46
44 85
28 50
96 71
46 28
84 74
34 37
43 33
4 65
11 19
22 76
25 76
96 16
12 30
50 67
28 27
99 27
47 45
2 86
42 1
2 12
59 1
100 37
57 29
21 16
18 67
32 45
99 47
24 67
59 34
19 5
89 18
56 12
84 79
55 44
63 15
42 100
25 35
24 72
84 56
27 8
47 50
64 54
92 59
58 92
77 73
33 47
17 64
28 94
11 93
83 60
77 51
81 91
11 25
38 69
92 87
68 59
39 100
99 50
37 23
10 27
11 83
39 96
43 61
48 10
1 75
67 73
67 15
28 31
48 30
7 17
79 100
21 9
12 62
58 86
83 33
18 36
49 92
13 31
10 1
59 19
48 8
100 40
60 37
25 28
39 51
51 55
53 59
35 66
8 66
94 4
70 69
95 82
87 90
86 58
64 85
78 83
89 33
34 45
100 23
76 26
85 73
79 52
72 35
52 75
65 64
21 66
6 49
3 92
10 9
27 20
24 49
20 28
100 12
76 34
29 21
91 86
19 33
16 39
46 59
80 39
31 61
71 90
60 78
67 76
35 89
80 15
37 76
24 76
45 61
68 80
91 70
32 86
87 74
51 70
63 92
96 95
30 90
60 94
24 66
88 96
23 83
68 88
31 48
14 82
45 47
71 65
30 6
48 85
88 9
71 99
85 79
41 69
43 7
34 84
3 18
80 40
48 70
77 76
58 16
47 63
85 21
51 94
35 50
50 89
9 13
82 14
40 94
82 7
39 88
95 25
42 98
63 39
86 82
66 56
58 38
64 87
22 59
7 38
60 20
20 94
43 59
97 22
75 60
32 65
7 70
18 62
7 4
56 97
75 72
87 14
40 31
35 77
85 15
23 10
93 91
21 79
45 55
73 69
73 4
100 91
33 15
57 66
97 13
87 67
4 75
46 53
1 85
2 3
27 25
25 48
47 55
94 25
87 10
91 20
39 81
11 23
41 18
70 48
37 49
43 40
20 43
95 20
62 94
46 49
94 16
85 14
22 77
18 71
94 73
9 38
34 51
29 89
51 10
61 58
77 67
28 24
32 34
99 1
47 36
4 92
97 13
13 46
34 5
5 31
52 8
16 16
14 18
48 14
41 42
51 13
92 43
70 11
9 87
4 36
7 37
64 16
12 74
100 87
91 41
1 98
77 30
50 54
19 34
23 43
31 62
57 41
42 24
95 86
25 27
53 51
31 18
11 14
13 33
64 55
26 50
49 80
33 70
64 4
47 74
67 8
12 75
27 41
0 98
91 88
37 9
25 94
4 67
27 16
100 89
76 71
7 41
52 38
17 75
66 19
17 9
34 21
54 51
6 73
60 94
87 57
56 97
100 84
50 56
92 84
49 21
17 100
11 71
96 26
96 27
90 32
86 97
73 62
47 76
9 65
17 4
58 11
85 9
62 12
52 14
4 12
93 14
39 20
24 21
66 59
86 27
79 5
82 11
68 43
55 9
79 32
74 91
93 18
31 73
67 74
10 68
26 10
25 15
17 86
6 68
62 92
27 65
78 74
89 55
28 75
18 94
58 49
99 1
34 45
82 1
45 84
68 12
81 71
41 33
1 13
86 65
9 51
51 93
41 73
19 86
13 62
66 15
5 85
36 0
30 35
90 56
47 34
46 0
82 43
37 16
66 77
68 4
86 52
65 42
44 93
50 3
37 22
56 38
79 34
84 4
88 82
1 44
36 99
13 61
47 3
95 49
93 93
50 58
67 12
19 18
7 72
64 66
23 59
69 12
91 7
18 45
100 12
49 3
0 64
28 69
42 40
16 98
17 16
15 52
7 71
74 28
40 56
91 83
73 12
38 25
39 31
71 27
99 72
16 41
76 12
22 70
69 55
68 64
50 16
88 44
43 18
9 66
51 97
51 75
100 65
29 39
50 60
22 57
77 69
88 78
84 57
67 79
55 20
39 91
69 94
59 57
5 20
71 48
60 81
98 24
39 35
30 99
14 93
37 14
46 20
39 35
46 55
12 78
37 60
23 9
77 35
88 17
31 100
38 86
51 20
7 80
92 9
98 30
5 79
92 66
79 35
67 26
13 0
91 47
50 76
82 37
39 33
46 43
28 69
100 77
41 88
44 4
30 9
31 52
39 65
31 90
8 96
37 10
60 25
83 16
51 75
62 10
36 89
99 95
52 36
59 33
95 82
91 78
69 3
13 42
18 0
31 25
74 81
81 78
56 14
0 16
30 65
86 34
26 28
94 59
12 46
61 36
45 67
3 2
88 24
62 4
78 3
74 23
81 95
48 64
62 54
9 86
72 53
73 59
98 62
32 91
59 3
98 28
96 5
97 28
70 100
84 57
53 17
90 29
68 76
7 96
39 74
59 83
57 82
71 48
29 82
14 4
12 97
18 97
65 89
9 60
6 10
55 45
6 37
19 97
22 42
78 37
27 66
56 68
24 45
12 31
73 42
8 70
41 23
44 94
91 77
5 19
1 8
21 87
24 0
79 96
51 27
92 40
25 33
12 30
76 66
16 16
16 80
79 2
60 56
88 35
67 11
80 51
97 3
77 1
10 92
6 2
62 78
54 65
3 81
22 52
26 69
14 69
72 92
67 13
9 5
76 51
57 75
60 100
53 42
69 34
89 71
78 68
58 9
33 67
74 22
2 42
35 53
27 56
16 57
62 3
40 32
88 51
48 15
13 70
12 16
30 26
71 43
30 30
7 3
76 90
68 29
68 18
13 83
62 68
34 27
72 5
45 6
33 27
31 3
53 11
54 88
0 78
67 53
33 36
39 40
4 82
35 1
4 10
69 79
70 11
52 4
35 84
12 14
70 13
35 47
90 33
34 48
74 9
61 21
48 66
33 29
31 81
87 27
46 80
96 87
93 9
31 39
13 4
24 80
96 53
23 84
3 10
80 77
44 9
76 89
21 74
47 29
20 67
51 27
56 13
41 58
87 16
21 16
82 13
75 9
15 65
58 97
56 50
32 51
94 22
55 19
43 65
74 28
24 89
87 28
58 78
24 74
31 15
80 34
6 77
56 17
99 98
35 31
98 71
100 39
10 66
10 3
9 76
91 55
54 21
25 81
61 5
56 36
75 74
32 45
80 86
53 62
77 85
10 54
95 68
95 4
16 54
38 49
56 68
35 68
7 44
75 62
62 42
88 21
62 50
1 16
94 69
46 32
50 39
3 1
4 76
58 65
90 2
55 10
87 8
95 6
50 15
89 97
56 92
93 44
90 47
70 91
55 0
67 99
77 4
83 82
38 7
49 58
74 9
83 48
42 62
3 25
14 5
32 8
55 44
33 16
53 85
56 6
10 74
94 95
87 89
35 42
60 33
11 98
67 41
70 61
84 89
72 79
76 24
64 88
70 25
35 30
2 60
90 62
2 46
3 87
3 40
11 19
61 39
23 90
82 3
44 97
60 22
35 82
88 56
82 8
30 61
93 49
95 38
8 25
55 53
20 69
25 72
7 70
96 64
24 93
61 65
80 37
53 46
75 30
53 63
17 5
77 34
2 95
97 16
24 29
26 24
42 69
42 39
42 34
65 30
0 9
49 12
22 21
22 97
20 19
80 63
84 2
86 96
29 50
38 16
50 100
26 95
2 84
2 69
13 22
41 36
51 28
100 25
59 99
63 94
33 44
48 80
1 57
88 81
93 56
81 64
61 4
2 68
23 2
62 92
65 95
67 23
74 66
80 14
85 82
72 7
26 91
87 88
38 66
57 22
8 33
57 78
20 86
7 34
11 72
0 30
52 77
97 10
37 22
92 79
91 74
99 89
62 89
86 57
43 34
10 1
54 91
29 10
82 54
82 69
82 82
22 75
92 77
71 38
7 63
75 83
69 18
50 35
9 65
72 77
89 40
37 5
44 36
43 15
51 96
17 53
24 15
94 68
99 59
75 35
58 57
30 96
86 36
52 79
41 2
10 67
3 56
69 20
86 98
69 44
41 26
58 9
28 89
24 88
24 23
10 42
51 22
10 72
84 97
0 89
70 49
51 23
83 78
91 55
26 14
50 11
26 69
18 58
22 84
99 80
61 81
12 68
70 43
17 84
79 55
26 20
17 7
93 1
92 35
10 24
34 3
11 76
38 8
86 67
9 39
34 44
40 59
37 54
61 16
74 27
25 57
8 92
33 27
48 0
93 95
72 83
15 95
39 57
37 88
43 61
100 69
42 48
18 36
100 52
7 37
65 40
71 15
18 19
39 86
47 30
75 87
81 29
81 12
2 9
7 46
15 7
92 24
52 63
67 52
31 22
99 26
77 36
52 2
64 100
75 89
88 40
25 24
97 38
36 96
24 71
41 42
44 1
9 56
31 61
36 45
14 62
15 95
97 21
57 16
81 15
20 14
12 1
87 90
26 13
17 31
12 54
38 62
37 83
70 83
48 58
43 51
36 15
2 78
38 2
0 61
46 49
55 22
70 59
75 72
20 22
2 88
4 67
42 61
37 50
97 49
59 69
72 66
10 13
38 53
68 42
93 33
89 24
39 2
44 63
54 6
64 21
18 78
1 32
38 8
14 77
75 94
76 67
94 1
24 68
93 32
89 52
30 69
53 13
0 47
85 80
21 75
100 97
44 76
38 15
14 56
54 88
71 97
1 22
34 74
38 29
40 64
67 44
43 90
12 68
99 28
31 7
50 94
17 38
40 82
74 58
4 69
75 89
14 91
92 66
50 74
88 61
59 25
17 9
89 75
30 3
85 98
57 66
30 82
6 54
61 99
53 77
47 72
70 45
69 0
57 95
4 62
15 34
99 24
17 39
95 38
74 62
1 18
98 77
28 77
54 7
85 14
47 20
67 26
80 22
100 78
14 45
23 90
22 10
83 60
87 37
16 13
3 20
26 23
99 95
54 27
45 65
7 61
55 91
84 21
51 35
72 45
25 39
71 31
53 42
33 82
65 84
97 17
11 67
26 47
74 92
30 80
100 14
22 3
97 76
8 80
24 28
31 86
85 58
41 69
35 44
19 38
81 34
92 93
95 52
10 56
56 58
25 50
55 96
75 31
58 1
12 41
16 36
12 58
31 49
83 7
85 93
90 55
51 16
8 89
61 32
73 22
23 15
41 78
93 30
41 10
4 10
79 24
75 6
25 31
51 12
84 97
35 37
60 62
84 100
89 76
14 52
0 61
75 35
80 94
18 19
53 99
57 30
67 30
42 45
84 86
74 3
29 73
2 83
7 89
40 47
48 22
97 100
71 43
87 36
55 17
1 60
71 45
51 34
24 64
48 50
65 99
38 61
19 52
100 84
87 40
10 19
56 95
74 11
75 96
74 21
98 27
56 97
33 76
25 50
99 38
11 48
64 67
95 28
1 16
36 42
36 0
15 99
96 94
16 28
26 68
53 47
88 29
49 1
52 31
12 37
31 100
58 37
67 76
82 84
98 82
67 5
0 56
96 39
68 58
1 55
42 31
11 94
64 92
7 9
5 31
59 47
49 65
65 75
5 33
9 77
37 4
76 61
13 24
67 67
44 93
27 71
70 89
99 96
27 91
17 54
94 90
92 99
56 33
88 98
85 54
14 8
55 72
94 79
9 34
71 71
68 42
1 19
12 31
70 75
29 57
2 26
82 30
43 83
26 85
58 59
65 80
83 43
71 38
44 23
55 45
77 66
100 4
11 43
51 58
38 83
5 33
42 99
16 15
93 91
28 68
17 48
11 67
6 13
25 34
16 14
21 31
11 63
73 69
59 53
89 78
85 18
96 83
46 25
69 92
75 96
20 14
11 70
91 71
68 47
12 84
18 48
86 93
71 31
93 41
88 13
64 84
47 2
19 32
53 75
52 24
30 61
65 33
46 89
80 61
81 21
38 50
20 100
18 4
69 66
94 9
34 42
95 66
15 58
44 87
89 29
16 12
63 38
39 37
60 41
31 24
69 33
32 29
28 96
74 33
14 23
88 84
27 3
16 33
64 47
80 37
62 47
86 17
74 17
44 28
2 54
64 13
64 54
34 51
95 29
32 47
14 53
45 80
25 21
21 70
16 77
87 18
31 85
63 78
98 70
86 35
4 43
2 100
77 25
39 28
35 99
17 8
49 68
18 88
37 18
77 9
71 100
64 36
2 48
7 76
78 8
95 61
9 57
42 30
83 39
24 93
17 12
13 80
11 3
86 4
15 25
32 69
4 47
18 4
8 80
56 74
78 80
90 56
81 49
88 57
87 21
28 11
21 21
20 44
15 22
60 85
49 98
23 6
19 33
14 32
12 92
17 23
97 39
24 58
75 8
89 8
62 3
47 95
16 99
64 23
11 82
89 65
85 18
69 3
72 22
14 74
64 83
62 40
79 75
20 8
59 98
57 51
64 24
31 63
31 50
6 80
40 68
60 10
53 64
55 31
51 57
82 30
8 87
19 82
62 69
41 62
12 55
75 48
39 33
29 52
16 19
75 82
51 93
70 9
49 0
59 22
33 32
3 19
78 1
75 11
11 9
23 100
52 89
30 64
96 12
75 62
62 32
80 90
48 17
32 10
38 43
99 50
100 32
67 54
3 7
10 99
1 55
24 90
39 32
28 97
75 26
34 1
86 88
49 92
70 21
66 46
34 54
20 90
27 6
63 56
57 59
92 50
13 54
83 99
97 0
38 74
20 93
10 28
95 86
23 1
21 94
33 100
66 96
53 89
55 68
10 46
52 0
47 25
83 94
23 42
73 11
66 37
96 12
87 89
92 30
40 44
82 26
43 10
82 56
78 87
38 91
79 55
96 65
25 32
74 54
82 50
11 13
4 45
59 70
76 53
81 45
46 41
55 3
39 44
88 100
15 79
71 41
92 85
44 65
57 65
10 3
65 36
65 78
64 37
67 62
52 58
90 43
97 65
10 37
59 71
8 77
90 83
70 77
69 20
1 90
77 82
3 82
2 100
33 61
20 33
51 97
25 93
1 27
52 63
27 66
32 10
34 20
95 29
56 14
33 79
39 59
6 67
82 67
68 76
92 66
57 14
5 38
21 13
93 52
71 52
32 67
36 46
3 13
3 58
57 6
48 5
2 59
37 55
2 96
68 76
33 26
68 34
94 20
62 50
85 86
54 99
54 83
60 12
46 40
42 85
0 66
35 93
5 10
80 60
85 62
10 62
73 48
82 42
42 98
92 39
66 64
57 40
3 38
3 3
11 32
76 0
80 70
27 38
86 100
67 68
39 10
60 53
18 20
29 52
33 10
9 86
29 76
94 6
68 16
23 99
3 70
28 25
88 64
89 46
61 40
52 4
68 68
6 52
39 86
60 37
16 18
53 96
52 39
67 85
48 35
99 34
68 90
0 77
97 37
1 65
59 0
52 9
7 46
39 4
94 55
4 38
46 70
82 51
30 51
31 77
62 92
34 18
67 50
38 93
12 24
8 76
64 100
97 77
59 10
3 98
42 10
87 59
31 14
12 26
51 82
79 84
56 4
42 31
82 3
27 54
94 88
94 24
97 22
70 15
69 37
42 35
27 40
70 38
90 87
46 89
84 61
10 44
8 93
14 37
18 3
60 79
93 99
9 80
76 10
4 50
73 54
26 67
19 49
13 59
53 46
22 35
94 1
12 78
22 70
36 44
19 34
30 67
27 9
84 28
98 35
14 63
87 7
38 72
45 52
96 68
30 96
56 56
22 52
46 85
41 51
73 94
34 60
71 55
20 91
97 68
98 3
72 69
11 48
24 64
90 22
52 100
85 10
18 7
84 72
96 80
15 33
87 25
100 11
51 11
39 23
29 23
10 1
90 93
47 16
82 25
15 91
48 28
39 91
22 45
93 11
94 2
51 81
83 13
70 56
26 88
79 69
87 54
81 40
98 4
32 74
95 38
84 81
59 65
88 18
31 35
8 90
19 58
30 33
13 45
72 44
24 12
2 30
46 59
53 99
18 76
34 10
24 32
51 39
70 43
14 35
66 77
8 97
12 41
33 42
43 92
58 46
7 76
21 49
33 11
5 100
75 27
89 47
100 71
54 9
6 40
95 60
44 73
80 28
96 60
13 9
91 41
55 8
66 13
81 93
6 57
73 42
53 11
30 21
8 100
82 96
44 10
20 20
84 23
99 2
15 65
80 21
70 47
17 53
87 68
92 79
55 99
85 29
41 56
44 98
47 72
90 49
35 58
36 65
58 47
95 4
11 32
67 38
21 6
53 89
71 25
18 50
12 80
78 30
97 44
98 16
70 89
73 80
83 55
14 48
75 13
75 8
10 38
79 1
52 4
27 98
37 25
71 6
90 63
92 83
79 39
22 49
87 55
67 51
54 93
77 69
52 87
81 40
79 95
49 61
7 53
58 37
35 63
7 49
1 66
74 20
92 78
10 83
54 34
32 71
49 65
83 4
29 52
41 84
89 88
81 56
7 21
37 14
86 52
69 38
54 89
73 47
94 38
67 8
82 85
91 86
46 58
48 69
64 69
32 11
32 64
59 0
92 99
29 75
39 62
35 86
70 60
62 7
56 37
49 96
66 65
2 48
1 72
84 68
74 61
33 26
79 8
38 12
29 39
56 82
83 24
12 81
64 40
85 85
30 56
87 29
36 14
43 74
67 50
66 8
87 70
87 72
46 60
76 48
98 49
90 32
49 75
45 47
21 70
87 1
60 38
7 89
25 73
93 47
78 14
53 88
18 10
75 88
48 40
11 18
43 61
44 78
53 82
11 49
76 98
19 98
93 56
9 21
28 3
99 60
48 54
2 70
41 33
1 30
77 67
1 55
0 5
77 8
45 10
84 42
91 22
65 72
16 86
42 7
73 73
56 31
55 13
63 55
30 92
99 52
54 78
72 63
19 55
65 81
93 18
21 89
93 96
68 35
95 81
93 41
46 35
70 7
63 90
7 76
35 81
22 6
57 40
9 21
72 88
2 4
77 51
61 2
16 84
85 18
11 24
5 60
67 30
25 79
63 92
40 89
96 49
50 36
41 76
68 7
54 0
56 84
46 19
94 4
73 10
46 53
90 54
23 23
54 72
27 43
84 5
55 26
97 34
93 40
51 90
43 75
0 73
35 89
75 76
0 0
19 93
17 24
88 39
20 37
69 85
90 80
74 53
36 32
55 3
40 59
79 6
36 21
60 81
54 76
36 94
67 99
68 84
26 37
60 63
38 11
25 27
96 41
26 11
46 29
94 24
17 25
2 62
37 18
96 81
31 10
70 40
98 35
54 74
88 70
89 33
89 81
7 95
23 90
21 5
56 15
79 30
56 23
19 33
18 67
80 20
52 88
43 100
30 59
40 22
36 34
39 44
79 100
37 59
39 40
55 19
77 88
54 80
3 95
40 68
73 48
49 10
91 16
18 95
90 4
14 38
41 14
78 76
65 21
5 3
79 52
50 22
53 45
46 4
100 33
72 70
85 11
66 39
49 14
46 97
6 74
54 24
68 12
75 25
6 81
14 54
77 28
18 11
69 40
62 94
20 34
3 53
39 52
87 38
46 16
40 62
81 70
9 14
33 52
8 24
54 16
11 55
13 88
89 52
99 48
86 71
83 30
88 86
9 39
4 96
41 96
97 30
41 15
12 65
16 35
34 67
15 16
41 77
49 57
12 4
96 9
5 29
12 50
50 54
85 82
64 38
40 30
66 88
27 12
54 86
68 46
75 32
37 48
87 85
53 38
68 8
78 8
80 29
72 93
28 81
81 2
22 8
41 55
85 25
55 4
16 72
26 33
43 50
79 20
54 30
0 66
36 19
33 59
16 89
35 59
36 22
25 96
10 18
14 50
92 54
80 66
7 11
46 100
78 55
76 100
40 46
47 22
4 10
47 13
9 29
40 40
66 29
91 98
36 19
3 70
3 71
22 13
59 25
40 43
18 33
25 88
74 51
70 97
10 11
80 80
12 63
71 18
78 95
31 2
37 49
65 79
78 8
57 65
55 46
43 17
57 80
39 92
23 20
19 78
98 10
46 2
16 58
84 44
11 68
72 97
50 17
18 81
97 68
23 84
14 10
62 15
16 48
47 75
79 36
85 28
82 83
32 81
36 57
23 30
78 24
89 87
60 17
71 9
48 84
76 51
86 96
74 99
15 51
3 66
98 76
39 80
98 59
68 66
53 56
29 93
12 1
92 16
45 99
0 55
86 35
61 15
45 63
59 44
42 65
81 40
41 95
17 68
59 25
99 68
27 25
82 63
0 48
51 19
49 21
51 44
26 28
61 63
74 91
66 96
38 24
80 37
5 91
76 20
41 58
24 9
96 82
15 69
27 27
93 50
48 0
63 7
23 93
63 63
35 9
24 29
39 77
30 87
45 70
97 51
50 54
50 93
78 5
16 46
86 28
61 50
89 90
87 94
92 44
6 16
53 27
90 32
61 42
25 86
30 8
37 33
38 59
54 26
82 2
49 17
98 50
4 25
50 29
85 100
11 59
3 68
94 35
17 13
97 17
3 44
28 79
8 86
46 3
94 66
80 4
81 53
18 83
64 100
27 43
40 69
81 78
91 91
65 10
48 17
64 76
43 13
55 43
89 89
89 12
8 17
45 29
63 6
7 17
22 13
49 23
63 37
86 24
25 88
91 88
18 81
49 3
89 60
14 87
90 41
32 32
34 50
39 70
64 1
46 78
55 51
35 42
34 16
78 98
81 5
61 82
46 99
42 59
6 49
20 85
79 49
25 69
97 30
70 65
89 70
85 84
17 69
72 67
10 82
46 55
2 7
46 31
73 38
57 11
83 55
10 68
52 42
26 39
80 36
71 23
61 6
47 63
80 64
42 21
5 89
28 89
28 11
21 45
84 97
35 55
1 90
81 10
1 8
31 78
33 5
78 51
38 81
15 50
17 90
33 53
55 36
60 65
85 24
45 65
43 82
86 89
20 38
7 60
63 27
25 41
97 63
5 81
65 52
20 71
98 28
41 100
57 97
1 7
88 96
37 4
52 93
13 19
70 44
53 29
52 5
59 97
90 88
21 20
12 88
88 97
21 78
96 10
46 34
42 57
37 38
38 62
90 93
72 47
6 72
43 14
64 53
26 4
20 4
88 15
99 85
14 34
32 34
36 2
75 29
9 19
29 28
99 92
83 85
83 30
11 46
22 60
83 47
97 25
1 76
15 64
30 14
97 50
90 31
87 9
55 67
19 38
57 17
58 24
50 98
14 8
81 83
94 27
69 89
75 14
41 8
97 71
84 77
38 30
93 19
44 85
56 16
8 30
27 12
78 89
60 70
18 100
81 78
65 45
0 10
9 39
89 43
100 99
20 23
82 16
23 23
86 69
98 81
79 88
57 65
80 85
97 56
13 20
4 18
17 7
82 60
72 58
74 3
40 97
69 58
11 73
91 82
48 82
29 59
25 43
81 68
58 95
89 84
36 41
38 95
77 90
9 70
11 40
27 47
98 32
49 64
70 84
86 79
86 29
78 86
85 71
57 73
99 64
70 69
14 100
29 55
31 74
4 24
91 100
76 19
91 27
41 80
15 1
0 32
60 38
40 28
1 92
87 30
7 99
2 18
10 87
31 64
59 58
21 78
31 100
42 50
34 65
33 43
32 75
65 97
72 61
57 49
58 85
7 6
79 8
30 62
53 0
96 60
81 57
46 88
65 51
63 78
10 65
85 88
72 82
63 96
12 81
73 46
18 64
61 70
76 33
24 58
76 72
80 52
34 82
33 16
65 24
69 37
56 66
54 73
49 52
66 18
83 34
0 14
8 40
84 63
30 97
79 0
58 15
71 64
13 38
64 10
70 29
95 0
16 7
26 90
46 8
91 48
31 73
12 36
71 28
21 51
40 56
99 28
23 88
86 44
13 93
16 38
86 54
16 77
60 58
55 24
47 91
5 67
29 56
91 98
94 99
38 3
19 88
37 66
6 68
70 14
97 100
22 41
25 64
37 47
20 88
97 100
46 50
99 49
14 96
54 2
24 47
51 67
68 47
9 50
85 7
96 37
31 5
16 2
61 54
43 39
73 12
59 75
13 81
73 4
31 59
57 69
7 49
24 57
10 50
66 33
88 9
38 79
49 87
74 29
100 99
29 6
13 16
49 6
0 59
99 16
9 25
48 38
52 8
58 84
76 13
92 6
18 80
1 56
43 40
80 83
90 97
72 91
48 15
71 40
88 95
33 91
100 21
22 67
71 8
38 98
80 47
86 96
35 98
100 12
88 42
47 22
87 49
19 38
73 4
7 8
3 50
67 37
7 4
31 100
27 60
79 54
29 45
91 0
43 30
27 60
55 78
19 27
71 52
37 13
30 72
56 34
48 57
85 72
96 17
38 83
3 92
92 7
24 28
27 34
34 81
90 86
96 33
99 52
89 54
83 63
25 71
56 5
32 6
75 23
78 20
31 65
54 89
30 37
87 42
29 40
46 18
73 40
32 92
69 72
97 4
100 51
59 27
68 64
3 31
80 57
14 96
96 20
8 45
33 52
66 29
66 86
30 80
18 34
2 27
89 72
26 12
78 23
29 64
35 92
39 68
8 56
56 33
15 38
67 41
45 11
68 2
75 47
20 32
63 40
9 83
88 20
91 78
67 7
60 84
11 38
88 57
27 34
93 6
75 65
11 97
69 21
28 1
49 64
20 2
86 99
73 70
94 18
1 44
35 67
46 51
95 2
4 17
15 32
25 0
36 67
3 29
67 19
46 99
25 49
19 42
77 89
30 99
15 10
5 0
12 90
27 21
27 88
30 50
10 28
97 73
46 36
21 39
55 18
47 3
19 36
27 78
42 100
14 9
68 77
17 37
93 0
55 4
54 47
24 27
84 47
60 69
21 75
90 74
93 64
1 10
46 71
81 3
86 84
38 82
0 72
69 41
11 37
60 76
2 47
6 70
38 98
22 60
87 98
42 80
55 45
29 20
50 70
99 3
87 27
14 89
65 29
68 15
50 52
20 62
71 30
22 14
7 78
98 77
57 44
85 92
98 17
93 81
67 18
91 88
98 34
55 27
55 27
32 35
87 77
41 40
67 27
26 7
66 22
16 30
40 57
4 31
23 91
39 3
75 34
89 96
37 16
65 37
12 61
39 65
79 85
83 97
91 0
45 46
93 39
92 45
24 74
21 56
97 43
92 58
28 90
46 53
3 73
15 49
28 20
90 14
73 43
9 16
4 40
40 40
68 66
71 35
55 94
93 68
82 7
57 76
21 8
37 68
8 79
76 2
68 61
65 46
9 43
38 21
3 97
64 12
2 49
96 64
53 8
82 12
47 83
14 3
55 56
16 8
2 32
98 19
95 86
18 47
83 39
49 100
18 8
97 1
12 52
19 43
98 68
14 3
80 18
52 79
46 0
10 63
27 41
57 41
58 2
98 23
18 47
32 40
38 91
66 91
19 2
31 0
64 17
6 98
3 17
59 45
35 63
25 20
47 78
91 79
94 63
70 61
23 71
48 43
20 17
1 46
51 5
11 1
22 54
91 78
22 23
0 70
37 89
38 78
11 25
8 21
33 57
85 68
16 8
29 82
53 28
6 4
62 95
69 45
0 17
96 5
11 100
94 37
99 85
42 9
19 80
92 95
14 79
2 25
7 0
18 22
51 67
61 10
64 22
67 78
97 59
74 6
19 33
51 44
27 21
45 97
7 45
88 43
28 56
55 28
61 18
45 86
49 21
50 17
21 12
49 57
73 92
39 39
37 47
54 42
53 23
14 12
19 11
81 96
8 65
96 85
22 42
65 79
46 8
62 79
62 56
91 8
46 68
78 0
7 67
17 59
0 85
17 11
0 81
17 37
90 13
58 2
54 100
65 43
9 78
2 47
10 24
83 96
25 35
29 63
52 23
21 90
78 58
86 44
17 67
10 76
77 15
84 40
38 24
20 93
64 62
94 65
82 54
33 10
49 39
80 33
53 42
79 30
46 79
31 30
49 54
23 6
86 48
86 74
53 2
58 90
53 89
53 54
55 48
12 7
14 57
8 14
52 28
41 79
62 60
23 59
59 50
24 7
55 52
3 83
44 100
80 1
35 17
7 78
26 69
41 22
56 63
5 45
15 19
63 24
32 39
69 58
88 28
29 17
7 29
88 47
60 16
30 24
25 66
16 21
90 28
79 51
69 50
62 98
15 37
78 26
72 95
34 28
40 52
62 0
90 65
77 79
64 62
70 9
44 29
50 21
10 86
59 89
67 54
10 70
16 42
82 47
38 22
45 46
63 71
37 64
52 76
94 29
98 93
34 18
37 35
69 88
42 54
63 63
28 63
32 31
92 37
88 8
54 30
51 69
60 67
82 86
89 99
12 70
92 60
72 52
6 70
62 60
36 65
96 89
73 18
98 79
8 53
1 75
87 68
31 14
84 10
71 18
23 90
93 25
98 1
5 73
47 43
98 100
64 30
41 64
69 35
99 92
36 73
14 58
33 65
16 78
8 61
44 51
35 75
85 34
79 23
65 9
97 0
88 39
65 46
34 17
96 19
81 8
85 47
76 94
23 91
83 82
54 37
46 57
85 83
30 1
9 22
91 9
4 62
58 55
88 88
18 79
41 76
9 70
86 88
82 2
49 23
59 85
68 28
44 65
83 63
99 67
30 10
48 93
53 13
13 59
23 33
3 8
1 88
69 97
9 60
28 35
80 97
31 4
75 84
99 5
61 38
43 70
59 46
87 19
67 68
83 32
43 90
95 95
43 14
44 72
39 23
63 30
73 26
32 22
51 19
38 59
65 41
92 67
26 31
90 20
24 88
54 97
44 11
94 43
10 18
43 17
61 55
46 95
67 49
49 27
64 34
43 10
74 4
79 14
23 53
47 65
94 87
65 19
16 77
65 93
25 75
94 33
48 36
88 78
85 99
47 87
20 74
80 36
37 0
24 11
59 39
14 29
39 25
99 9
27 33
77 96
20 67
52 71
2 74
57 54
43 93
40 7
68 36
58 15
45 63
71 84
59 22
42 32
1 67
51 72
90 24
48 74
14 37
94 80
25 66
56 30
68 41
46 1
52 88
14 13
30 14
32 1
73 50
46 8
97 96
70 88
34 10
35 87
64 70
43 26
6 37
37 91
6 23
26 82
33 92
6 22
43 24
95 64
54 86
75 67
44 57
51 31
38 55
54 5
76 67
44 49
58 19
76 60
81 39
37 22
34 67
7 41
66 82
20 97
89 92
77 83
14 96
12 29
11 54
42 10
63 25
36 45
86 68
56 54
91 78
60 44
99 94
65 18
81 89
21 18
5 56
5 71
99 45
88 94
45 97
14 60
28 52
83 34
4 34
4 22
10 40
25 99
22 59
71 18
79 86
62 7
14 6
94 3
74 19
81 23
30 13
34 17
12 84
43 17
53 1
40 80
25 93
68 18
51 75
20 96
15 35
27 34
12 73
7 77
53 2
44 35
92 97
82 62
31 45
48 93
66 79
37 88
12 80
5 23
96 5
65 73
64 36
0 92
94 26
47 89
62 47
34 59
33 56
30 30
4 52
17 70
44 29
5 26
68 57
8 98
93 25
70 100
5 26
55 37
1 16
72 54
31 27
22 76
11 43
89 81
90 41
3 6
20 71
89 95
75 40
54 46
40 77
55 10
33 22
79 33
70 96
84 81
35 11
82 4
15 73
43 15
35 98
93 30
56 38
73 77
29 49
42 52
86 65
38 99
35 36
6 19
66 50
77 94
15 65
9 83
89 73
32 28
89 21
98 26
97 96
0 99
28 46
64 41
20 82
8 65
59 97
1 22
88 19
18 90
58 84
39 93
87 33
39 0
63 44
60 68
84 0
23 19
12 76
63 96
70 94
62 30
8 88
98 62
78 17
83 93
17 22
87 95
16 14
70 20
89 55
2 70
0 67
16 96
54 44
20 6
82 53
4 2
35 69
18 59
21 72
17 89
90 18
37 56
25 2
80 75
7 37
32 98
54 89
26 77
62 37
81 42
44 4
29 0
22 53
79 1
93 54
86 45
27 56
51 11
57 87
3 68
33 67
4 12
59 99
67 92
23 42
52 78
46 62
16 41
20 53
66 35
98 16
55 7
3 23
32 85
25 50
57 21
45 71
23 36
87 81
71 10
64 47
96 65
94 13
33 31
53 66
64 22
9 35
58 36
42 100
31 76
53 87
96 85
41 34
46 90
33 98
26 14
72 12
49 88
96 8
44 100
80 46
70 49
17 74
18 86
19 68
12 66
43 84
27 46
4 37
49 86
19 41
77 45
86 52
83 6
68 81
79 66
86 99
68 83
31 71
95 45
1 28
17 34
76 40
57 59
59 94
73 88
52 19
66 15
0 52
47 74
7 8
87 49
81 9
10 9
17 96
40 28
32 18
23 33
86 92
97 50
39 60
72 12
15 10
87 44
55 34
16 82
53 95
17 20
48 43
58 38
90 0
89 11
42 16
47 72
26 64
94 33
57 33
35 38
74 63
30 93
4 8
21 31
34 23
54 81
66 40
79 64
96 38
80 60
41 85
39 84
94 93
64 11
11 59
15 31
52 7
49 91
87 76
84 76
23 5
20 68
22 44
2 78
20 47
4 6
82 67
72 91
43 6
28 0
1 54
22 18
77 33
84 69
36 22
92 71
27 44
59 93
99 32
85 65
59 87
18 31
53 100
37 30
3 4
72 9
17 46
22 57
81 97
98 72
51 9
83 56
26 9
29 72
63 95
12 8
24 82
41 50
58 24
47 13
75 29
33 63
96 20
49 79
25 74
25 98
61 52
80 98
35 56
93 22
29 12
69 83
9 85
0 71
59 78
5 88
71 91
37 8
37 29
4 21
53 42
31 19
82 74
76 19
93 91
30 29
25 88
62 22
34 13
14 24
79 47
71 87
19 73
34 53
86 45
72 76
38 29
39 66
25 81
84 68
31 25
68 5
87 76
70 99
85 56
89 26
5 77
20 21
60 73
46 60
15 17
43 33
97 72
43 52
73 16
70 30
49 35
97 77
95 87
93 8
9 74
4 46
91 78
69 79
54 3
13 8
77 15
15 20
35 68
32 1
32 14
6 16
33 100
84 80
52 4
74 19
29 59
80 20
2 5
25 23
10 39
95 14
45 30
47 7
10 40
8 2
83 18
46 92
85 57
90 99
95 82
71 41
13 10
55 21
22 71
54 85
55 26
8 9
14 87
52 1
24 54
95 82
10 73
96 7
7 66
5 85
13 15
20 64
28 30
43 21
80 43
63 10
99 36
83 9
6 74
38 38
100 14
22 44
81 34
83 5
5 8
61 62
81 20
78 19
76 0
88 20
63 1
9 98
78 74
99 92
86 48
98 74
99 24
98 78
53 79
63 100
36 94
22 41
36 92
49 38
95 24
6 61
32 39
88 88
5 77
79 47
8 89
51 29
25 100
32 94
2 34
98 53
19 88
3 50
38 24
15 84
77 9
90 63
51 76
35 45
8 47
40 2
58 63
3 54
59 64
15 18
79 5
21 47
13 82
72 35
56 81
39 93
85 5
94 94
74 11
91 7
51 31
66 90
28 3
84 86
51 65
59 100
80 65
37 51
54 69
97 7
77 27
67 57
58 54
73 20
66 50
14 73
24 49
81 63
58 61
26 80
4 73
26 25
14 61
97 51
55 59
29 91
71 97
66 67
56 13
5 22
67 80
46 24
47 83
62 100
92 66
59 54
60 38
75 85
79 62
2 5
27 10
82 59
87 63
19 89
82 74
92 79
47 4
61 91
45 83
78 86
26 21
54 59
47 98
66 88
66 4
50 29
2 47
69 31
31 14
53 68
74 2
3 16
21 4
50 35
39 54
35 57
65 28
70 85
99 89
14 12
6 84
47 5
3 55
79 58
20 89
31 67
27 0
90 69
79 25
67 10
67 46
71 87
100 83
38 42
17 73
78 84
72 72
96 86
14 77
71 95
92 50
81 2
47 21
75 67
50 83
78 42
65 74
81 25
42 28
33 19
3 43
42 71
3 93
23 62
69 87
78 51
100 79
32 29
17 43
94 54
86 78
52 81
10 87
67 76
71 11
67 21
13 75
80 45
68 13
53 35
75 15
16 40
39 36
80 73
51 61
37 7
88 53
56 75
83 55
78 22
83 72
24 92
30 89
63 83
43 17
0 78
38 92
3 35
22 44
51 17
95 35
76 95
66 4
15 24
76 95
39 52
73 47
79 29
61 44
99 13
26 3
93 52
10 23
36 9
30 76
98 74
43 74
41 7
1 60
79 26
23 29
97 97
79 73
70 100
60 12
39 83
46 100
78 20
32 77
7 30
95 23
17 92
4 83
100 90
93 14
19 99
38 61
62 30
68 56
89 64
91 39
81 98
11 72
62 6
18 31
84 69
50 47
16 73
9 61
80 26
14 59
50 31
56 32
22 80
14 70
83 16
78 16
82 74
80 56
82 85
93 45
3 72
79 81
75 11
6 52
89 34
40 97
95 61
17 88
63 80
67 83
87 96
62 97
22 12
26 0
2 37
33 64
87 79
62 97
13 58
51 49
47 55
39 89
70 74
8 38
51 80
36 52
87 30
59 21
6 83
64 57
15 64
72 72
58 73
65 62
86 77
94 14
88 93
3 64
54 99
25 96
11 51
21 23
80 41
0 19
97 22
79 74
34 72
8 4
45 15
71 45
50 82
59 59
6 4
41 58
43 17
31 5
95 23
61 57
95 54
59 99
3 52
25 95
30 66
8 50
40 19
29 27
88 22
55 10
85 52
63 27
25 83
70 2
74 60
100 59
50 95
38 93
28 19
66 24
82 62
81 79
87 54
44 46
33 19
95 53
46 91
79 52
68 37
33 47
72 16
41 4
41 10
87 28
26 89
25 96
31 41
53 85
73 75
99 12
45 28
55 27
94 2
62 63
58 22
37 56
26 35
5 41
88 58
19 95
75 18
71 57
5 88
35 54
94 79
53 58
39 75
96 96
83 5
41 73
99 59
12 69
49 5
70 60
75 29
92 11
28 39
90 30
89 64
87 39
61 62
12 25
21 58
63 34
63 75
31 92
56 42
61 47
98 42
52 0
99 53
90 76
87 48
17 97
55 62
45 89
39 73
77 61
40 59
13 44
39 83
80 14
81 22
7 88
87 39
21 57
73 18
84 53
30 84
94 62
16 15
24 43
27 64
64 77
63 86
39 62
2 24
59 27
89 22
74 3
31 18
54 93
21 87
73 11
4 8
95 43
32 51
95 84
27 62
92 65
68 3
69 67
59 75
98 63
41 13
80 88
97 46
72 3
31 29
42 49
36 69
73 52
60 51
83 91
48 81
55 47
57 27
32 93
40 27
57 84
4 30
92 88
8 12
18 12
11 74
52 8
42 45
65 54
14 85
83 93
52 40
20 46
41 87
85 72
15 24
21 13
24 18
14 89
38 57
78 70
0 78
18 71
59 6
68 11
51 2
36 15
54 55
49 8
46 34
68 51
97 60
37 4
79 73
19 74
1 91
42 76
3 75
88 85
73 72
47 9
2 34
35 96
38 58
39 79
53 91
75 69
21 14
20 24
68 97
87 11
96 93
24 54
78 36
43 89
50 27
79 52
49 67
2 67
87 61
97 71
88 60
85 81
66 13
14 13
2 11
6 57
83 18
81 70
58 60
10 60
86 0
16 90
55 15
11 75
94 88
23 33
89 18
72 87
77 69
52 8
97 55
42 47
16 62
93 56
16 87
80 29
88 42
40 97
29 76
5 26
8 75
66 89
33 63
2 75
76 88
9 68
1 50
52 30
74 47
48 20
26 77
82 8
57 61
94 71
84 47
37 35
14 12
60 83
99 13
33 69
35 41
73 10
42 18
52 32
94 49
60 92
20 62
47 64
45 43
83 47
54 86
78 85
73 97
23 37
55 5
50 65
6 77
11 2
83 29
66 78
22 34
3 19
14 63
98 36
11 0
39 50
52 55
98 69
44 77
15 86
63 15
37 82
66 29
64 36
62 25
0 79
2 45
94 12
77 36
97 26
52 15
5 22
7 39
54 95
83 72
73 40
17 12
15 64
25 16
71 38
69 66
65 3
47 93
90 36
6 19
93 42
52 30
20 24
53 12
40 36
32 2
56 40
25 61
40 88
87 50
75 72
64 43
35 70
83 71
12 17
75 54
29 34
56 35
59 8
47 27
72 38
29 72
67 70
36 44
24 78
57 3
61 24
63 25
60 86
38 92
78 34
35 81
95 69
61 56
37 16
6 10
49 15
54 27
90 76
15 85
65 77
75 52
27 23
47 86
39 13
46 6
58 10
3 48
52 16
5 6
22 74
4 3
68 87
37 48
62 13
89 45
26 44
91 68
74 89
90 91
37 93
28 41
43 87
8 15
57 22
61 30
65 17
68 51
64 44
96 71
62 3
26 9
40 61
21 100
15 80
67 21
68 0
3 27
53 68
63 69
19 10
13 74
26 74
14 43
82 21
29 2
35 73
63 98
80 96
13 67
15 73
40 100
93 12
85 47
29 94
73 10
41 85
84 64
54 10
67 73
6 75
49 61
52 100
13 52
76 60
41 23
98 95
83 62
81 2
50 58
70 69
73 40
74 38
26 80
89 1
100 34
3 39
58 61
100 26
96 24
22 58
17 0
25 79
47 25
77 45
14 100
35 45
12 72
23 13
20 38
49 8
43 78
59 51
84 49
100 69
83 98
16 62
30 57
45 90
18 68
76 49
82 3
83 41
62 63
63 0
88 30
62 41
29 61
33 87
9 51
74 97
69 68
45 43
44 87
18 41
23 53
14 60
82 24
48 48
35 67
84 40
11 67
56 19
28 98
71 74
75 86
78 57
50 72
82 75
10 85
92 28
17 87
88 76
51 9
27 70
20 26
6 85
95 8
31 26
7 72
77 32
22 16
6 35
35 43
6 50
57 7
1 93
39 88
37 89
5 79
86 38
49 58
82 75
84 10
4 14
46 47
34 87
83 55
22 3
18 70
46 0
47 89
46 45
77 60
99 40
2 42
55 100
58 64
46 31
38 90
10 44
28 35
71 93
90 91
58 88
80 56
70 11
71 97
55 32
85 40
48 62
43 92
74 82
48 93
30 87
69 11
67 19
79 32
43 53
7 9
2 67
23 1
100 36
37 42
8 74
84 34
49 98
67 41
60 62
99 74
11 96
6 4
89 84
24 70
5 1
90 40
55 71
25 92
66 48
44 14
69 33
97 71
22 14
91 71
86 17
59 88
10 81
30 73
70 54
44 15
8 13
7 37
6 73
62 57
99 14
84 61
2 92
86 23
65 73
27 73
20 58
92 1
37 29
21 62
97 33
41 98
6 81
30 15
50 4
70 60
88 98
36 20
10 62
19 16
79 89
46 12
37 64
55 97
86 20
26 10
49 59
34 72
22 100
76 30
1 34
18 8
7 90
98 94
59 58
28 84
92 17
16 36
76 66
31 35
33 76
14 90
92 24
81 7
75 74
73 43
71 95
39 39
88 4
15 22
12 99
45 57
96 64
62 93
57 21
57 27
87 8
58 26
10 1
45 11
44 58
4 90
31 34
3 37
46 59
39 54
59 80
88 55
40 22
57 73
88 81
75 12
70 83
22 70
76 68
18 19
94 48
49 24
41 59
65 62
74 17
81 94
36 0
77 19
58 60
13 40
61 8
81 34
14 100
37 85
56 96
56 21
87 62
99 50
49 69
69 20
1 59
16 83
10 77
75 6
42 91
13 3
56 40
92 23
19 56
51 61
32 39
20 56
57 75
31 31
13 34
43 43
86 87
54 88
5 96
5 86
89 5
43 97
18 61
49 17
52 13
87 3
15 60
56 80
24 19
92 81
91 21
34 44
91 31
80 60
16 4
75 53
18 52
19 91
53 100
30 46
62 50
46 89
38 64
74 20
0 51
59 61
95 20
38 95
21 95
49 85
4 18
54 27
91 15
31 12
29 80
27 77
61 45
89 76
29 80
53 16
21 76
86 60
24 9
53 79
65 64
16 68
39 13
34 100
0 87
92 64
97 9
90 65
72 41
81 95
16 58
62 95
34 65
99 10
38 91
71 99
99 60
38 0
81 25
80 87
70 33
45 98
4 23
60 52
64 13
95 54
27 71
95 55
21 73
40 97
63 9
76 68
59 74
80 80
57 100
68 96
92 35
16 31
10 25
26 19
49 3
43 21
91 32
48 52
56 6
93 91
68 97
69 100
73 49
20 95
10 66
20 72
39 24
68 89
31 95
26 86
65 85
32 9
32 45
87 52
70 64
84 77
71 24
48 14
14 39
15 25
86 52
56 54
95 72
85 75
71 19
5 26
71 30
90 80
17 66
95 15
18 33
89 99
54 84
66 10
23 14
93 59
42 7
1 23
99 24
80 53
17 70
18 47
46 31
1 42
98 93
27 83
42 10
49 75
40 33
52 25
58 17
83 75
86 86
73 35
70 74
12 59
85 18
24 67
20 31
41 82
99 17
9 18
24 19
60 75
98 87
79 31
70 39
23 53
47 17
84 28
37 16
77 89
10 40
81 74
91 98
19 91
85 72
28 12
54 10
83 39
16 15
13 78
14 27
62 61
28 87
45 69
49 8
94 75
10 57
15 73
93 29
31 72
14 52
84 30
9 31
41 93
97 54
21 4
36 14
42 10
81 16
32 95
58 64
93 51
75 44
90 7
25 77
34 47
99 87
14 64
2 53
92 73
55 2
46 30
47 85
73 80
97 100
15 51
41 62
30 54
76 22
86 31
76 62
50 18
91 6
17 57
99 32
5 56
51 77
95 23
54 68
44 44
7 10
35 75
84 24
95 50
85 57
14 92
43 55
91 93
63 3
57 35
28 99
43 68
75 45
0 41
19 8
76 85
56 57
61 88
7 61
1 35
19 34
94 100
81 48
29 69
78 50
71 36
5 43
100 70
91 99
44 92
23 22
57 0
66 27
83 76
90 21
32 2
36 30
10 94
80 36
0 17
93 100
88 0
91 74
29 8
43 58
5 65
82 49
51 81
17 1
9 97
93 1
62 100
48 38
47 95
79 57
73 43
88 6
62 88
63 56
58 51
60 95
89 17
98 3
7 2
79 68
51 69
50 20
65 11
41 79
16 77
77 70
63 78
72 53
23 74
39 41
27 56
68 22
75 92
67 26
83 27
89 2
27 77
38 8
43 42
76 18
9 53
81 33
98 16
55 53
80 53
50 5
40 76
2 63
28 25
7 52
66 61
37 53
36 12
91 90
34 74
66 37
78 64
27 37
52 82
69 68
39 53
67 42
92 19
71 31
56 66
81 35
87 10
29 77
80 54
21 9
37 99
71 77
43 81
46 90
8 80
51 5
6 21
20 89
7 95
70 13
23 100
55 0
99 47
79 22
60 33
56 78
71 9
27 21
76 30
83 60
81 61
24 72
35 67
96 99
96 6
21 72
79 27
8 66
28 6
21 64
63 74
30 95
96 1
48 87
59 99
70 29
89 96
93 85
48 31
67 22
53 8
42 29
9 55
12 27
51 85
0 33
78 75
31 72
36 39
8 98
35 34
49 30
45 42
19 25
43 83
91 90
84 85
35 0
56 63
73 13
54 92
28 95
12 48
61 78
39 91
28 13
4 57
90 41
85 58
39 72
64 6
68 94
35 28
90 62
82 26
94 16
28 93
91 32
18 4
55 65
71 32
96 38
61 46
39 38
21 96
43 73
90 64
68 95
8 38
69 9
51 75
17 11
66 10
37 57
91 19
12 90
25 58
14 89
55 2
89 64
35 45
82 22
78 25
22 58
93 23
23 14
67 80
24 25
65 6
31 63
28 68
64 15
47 49
53 100
79 98
64 1
99 77
55 65
92 67
88 82
64 80
39 55
96 42
76 67
19 47
96 12
11 21
40 18
68 93
10 13
85 75
89 17
94 20
44 46
93 3
47 25
35 88
16 18
66 81
0 77
17 94
12 88
58 51
94 20
21 29
17 60
21 83
98 9
46 91
46 84
0 70
49 3
98 17
92 8
72 33
42 30
59 96
49 13
18 28
59 94
33 13
25 75
27 64
64 93
69 57
5 94
31 97
53 28
50 35
52 33
95 64
67 92
5 61
33 55
63 4
99 31
71 1
86 33
34 9
100 72
10 49
40 68
16 54
40 21
88 17
32 69
57 98
88 18
64 92
28 89
17 99
40 57
65 77
46 82
100 59
80 36
91 47
58 84
43 36
60 74
91 41
29 97
80 6
96 18
22 42
20 88
47 7
84 0
27 37
29 14
39 31
63 92
60 34
69 65
76 53
41 13
71 63
63 33
96 19
17 16
66 42
8 23
57 58
38 72
96 97
14 25
55 12
61 57
26 11
11 80
99 24
15 97
75 63
32 29
74 0
4 50
42 85
93 85
41 98
23 26
80 90
19 15
45 38
55 67
78 12
61 44
23 84
46 88
94 40
50 67
98 77
17 18
86 66
67 56
4 20
38 2
63 41
77 29
21 96
87 50
71 0
95 23
28 66
59 26
58 1
58 41
9 100
13 29
21 4
84 49
81 73
2 62
32 76
87 58
3 23
75 65
46 56
41 15
85 24
81 38
74 25
73 98
36 78
84 19
63 28
6 46
21 17
49 49
3 54
7 32
90 15
89 67
25 38
8 59
21 63
45 37
14 79
59 70
73 97
32 2
25 23
87 71
47 68
88 17
31 23
86 31
15 27
12 20
100 51
43 1
100 81
21 100
76 38
0 19
42 7
59 32
99 75
71 50
40 13
88 11
52 2
27 94
13 23
16 99
85 71
88 88
94 93
89 83
93 87
64 86
61 83
57 19
92 52
14 22
85 86
10 61
78 3
78 80
85 37
9 9
19 98
5 64
69 0
96 80
18 0
54 48
0 97
39 93
24 98
35 87
36 20
51 10
60 60
81 75
60 17
40 38
88 20
15 58
12 50
61 47
8 100
77 75
90 29
61 29
82 34
87 79
1 18
1 2
80 79
26 25
66 26
55 4
86 38
29 27
74 96
5 49
1 26
41 43
79 77
5 10
99 16
86 97
82 70
27 18
15 42
94 85
63 61
39 18
70 52
60 76
79 84
100 12
86 44
31 23
21 21
74 95
53 73
28 57
60 88
10 91
8 67
64 37
76 3
97 88
