500 500 1500
17107 3154 3
21974 15998 3
19627 9331 3
1193 23295 3
14799 22610 3
23299 5994 3
10557 13729 3
9433 4660 3
23604 9366 3
9383 18765 3
23513 4359 3
6042 14471 3
1312 9606 3
4842 17306 3
15762 13015 3
10781 10770 3
24039 6211 3
22741 23703 3
23157 12483 3
16576 18485 3
2901 4761 3
24904 7770 3
21634 23826 3
6124 22783 3
24579 2274 3
6695 722 3
13675 23507 3
187 2368 3
16714 1687 3
23219 6128 3
18656 10393 3
20346 12362 3
12892 16976 3
16260 10036 3
13071 17112 3
15340 21120 3
23905 19929 3
18766 11121 3
3602 18071 3
9017 4524 3
24334 6528 3
1122 3491 3
8952 10063 3
6415 7095 3
260 9021 3
13670 8296 3
10340 5733 3
6915 7586 3
7784 16147 3
6005 14509 3
13147 12801 3
4496 14896 3
8909 16612 3
21504 9185 3
18454 20184 3
7486 13075 3
21912 13419 3
18625 15000 3
1404 21655 3
20875 20042 3
4548 1009 3
23405 8648 3
7408 20404 3
15136 10244 3
15528 14490 3
7211 453 3
24226 11555 3
19370 14709 3
15342 16151 3
16027 12234 3
857 2277 3
16481 19526 3
9752 6607 3
19122 1046 3
22961 14859 3
24234 2063 3
20872 23152 3
18247 1698 3
9366 1104 3
23015 24595 3
10181 7766 3
14646 5762 3
4688 10700 3
1670 21203 3
7000 14453 3
8142 3323 3
3683 21535 3
4562 13450 3
1106 17443 3
9870 16562 3
18555 12204 3
25000 9398 3
23470 22553 3
8375 23639 3
24300 8524 3
24630 264 3
23063 4035 3
19165 20213 3
14224 21642 3
4817 9330 3
2558 1830 3
22896 4807 3
6403 1349 3
15328 22749 3
24573 5003 3
17591 24437 3
24878 11093 3
1212 15451 3
15704 14469 3
15226 19023 3
17091 3775 3
17471 11892 3
18941 451 3
11832 19349 3
12835 3512 3
1865 6774 3
16808 9266 3
11758 24847 3
21897 16664 3
5868 23015 3
8267 9451 3
12685 20129 3
12102 10918 3
21881 7181 3
6692 12003 3
2526 23929 3
1323 113 3
2781 2770 3
22051 12506 3
18462 11968 3
6011 2315 3
16335 2169 3
10284 21294 3
9897 20207 3
18081 1970 3
7954 7325 3
17321 2091 3
20899 19078 3
16022 2682 3
10915 8345 3
10913 5905 3
1222 8354 3
22777 1339 3
12491 2472 3
4838 19580 3
9405 12594 3
24691 19748 3
2684 13499 3
18852 24645 3
19765 3594 3
734 16515 3
5519 23781 3
1333 13936 3
16116 23527 3
5577 13082 3
20641 20600 3
22170 14299 3
17635 4571 3
19572 1672 3
16782 1832 3
22137 9816 3
15216 9758 3
13545 7430 3
15939 6219 3
10536 21297 3
2900 15400 3
14193 6406 3
19460 10054 3
12049 22762 3
12655 12151 3
18207 16577 3
5596 12101 3
16373 5772 3
20968 14419 3
17494 13173 3
17308 11462 3
3053 4164 3
6403 10984 3
1081 1004 3
21356 11192 3
11465 22505 3
3885 19153 3
24459 7394 3
19969 9264 3
9741 689 3
12656 22812 3
14768 18790 3
417 7070 3
21224 17750 3
13171 24536 3
6552 1230 3
3162 22955 3
8643 12399 3
24456 6069 3
12610 16439 3
17676 17950 3
16339 21738 3
5568 2441 3
3104 20949 3
16759 14065 3
20997 12669 3
21240 4175 3
8827 15191 3
12951 12814 3
16227 19928 3
11107 19909 3
4882 6279 3
4481 20958 3
7054 24564 3
12487 19347 3
16109 15533 3
13043 4765 3
16451 17177 3
12159 10804 3
5523 6004 3
2459 9087 3
7735 17685 3
24839 8515 3
15112 5145 3
20701 11738 3
18653 5314 3
5284 21693 3
432 17185 3
21404 22254 3
14147 4697 3
8010 15031 3
6623 15622 3
10914 5113 3
12836 24216 3
19494 17276 3
16164 12303 3
7430 19677 3
6181 20445 3
7665 22935 3
4792 6338 3
22383 5879 3
9091 4735 3
5489 21800 3
54 503 3
20712 8019 3
2682 3494 3
17358 10996 3
15423 20213 3
19834 12489 3
5084 9629 3
10039 15544 3
1066 2518 3
12920 16568 3
14854 5711 3
17211 6841 3
6003 812 3
12218 22462 3
608 11077 3
9417 23984 3
1066 6632 3
19710 24003 3
9210 17146 3
9215 6600 3
21999 8270 3
9348 12259 3
9732 14015 3
7322 11548 3
8493 20193 3
22016 12032 3
11478 3451 3
19240 23628 3
8331 11489 3
24571 7362 3
9083 17138 3
18283 21330 3
14212 458 3
4326 8317 3
1298 10552 3
7711 10120 3
19716 11777 3
21783 22418 3
23400 9449 3
1101 15979 3
11541 2462 3
14664 13426 3
12133 4920 3
19343 1277 3
10524 21499 3
22713 4187 3
5597 24209 3
22467 8101 3
24692 137 3
5813 10225 3
13015 23745 3
17038 13855 3
18718 18631 3
1236 7547 3
17900 15652 3
19549 15915 3
7247 7152 3
6920 23926 3
9404 18099 3
23674 21189 3
23596 15733 3
23979 4993 3
24695 10044 3
15806 19105 3
20524 2542 3
12954 11478 3
16631 24813 3
19910 13044 3
11541 6923 3
18490 8508 3
24351 15819 3
4048 17148 3
8388 10997 3
9683 24264 3
16342 15784 3
15604 22108 3
21831 18685 3
9925 2180 3
23550 18898 3
5291 8591 3
4734 11247 3
24677 18061 3
13838 18196 3
6142 22396 3
13378 13133 3
5431 16828 3
9685 4618 3
5923 155 3
23803 20296 3
6938 17217 3
2971 2779 3
757 3232 3
322 4188 3
2939 8325 3
15697 10518 3
23215 11177 3
424 5647 3
13288 18350 3
6077 7818 3
12094 19274 3
21939 3215 3
13809 16770 3
14566 20026 3
24793 9598 3
4417 18289 3
10985 1366 3
10391 17578 3
24990 1137 3
7163 22328 3
13313 20435 3
3940 16506 3
9640 20686 3
11245 5047 3
15707 9885 3
15022 9593 3
14046 12882 3
17882 5053 3
22188 20145 3
925 5625 3
20920 2500 3
23326 24804 3
22227 18584 3
24520 4138 3
18144 701 3
7627 5425 3
14929 17024 3
15041 11172 3
14759 4149 3
16466 1061 3
12753 18676 3
6922 12792 3
20887 15224 3
4257 14491 3
7167 928 3
24668 10853 3
7692 2586 3
11218 17572 3
7025 580 3
11499 420 3
21703 10344 3
14689 469 3
19225 21543 3
6215 24835 3
8848 8530 3
17481 6468 3
15102 2314 3
20304 17602 3
5749 2275 3
1818 12936 3
17264 5016 3
3658 9671 3
1930 24448 3
22474 6876 3
2635 12507 3
15160 22810 3
22530 20484 3
11192 13920 3
11086 18786 3
21759 11087 3
7542 8175 3
10571 22656 3
24143 8641 3
16529 18550 3
942 6700 3
22805 9180 3
12176 7902 3
7925 13430 3
17253 8828 3
8525 18950 3
14477 19271 3
13896 4853 3
8819 6719 3
21433 20861 3
10938 14204 3
7341 12848 3
18470 9807 3
4747 19692 3
9691 16764 3
20852 10439 3
680 19485 3
6857 849 3
9850 14355 3
16382 3654 3
12678 24872 3
13375 3044 3
18743 11958 3
14412 9750 3
14419 15078 3
10039 3401 3
4357 15630 3
18103 13419 3
12589 20458 3
9492 2882 3
21811 16366 3
8150 8043 3
15630 23506 3
6685 518 3
8466 13447 3
24523 23077 3
16954 5578 3
7692 15831 3
17199 13597 3
23225 12222 3
2837 1770 3
17189 21282 3
18143 1381 3
4261 20358 3
14503 8449 3
12603 4684 3
21817 3358 3
20936 20537 3
7154 14278 3
22580 18533 3
16320 11534 3
17221 1347 3
19958 12754 3
23487 6844 3
9424 14841 3
4030 4754 3
9891 15159 3
10633 5507 3
2072 14851 3
375 18998 3
14428 504 3
8280 14258 3
8957 5241 3
22809 3396 3
15712 9894 3
5125 20263 3
22944 7726 3
15347 4147 3
12291 4730 3
4774 24911 3
15946 5523 3
19382 24214 3
15810 24091 3
2969 19203 3
7630 15362 3
13681 11935 3
14628 5704 3
4972 6127 3
7094 15515 3
21366 1466 3
23027 24515 3
14904 13846 3
19600 4879 3
19791 10614 3
618 4325 3
23742 8412 3
768 12595 3
23591 8177 3
11986 17781 3
598 8992 3
41 16357 3
10308 22689 3
3228 20570 3
24464 12647 3
8630 4386 3
19537 11555 3
15609 17563 3
19768 10176 3
3211 20979 3
81339 77692
81057 95176
77122 84445
86369 96029
80473 87811
84710 82472
85468 85530
98047 78710
77772 81698
96570 90690
99516 78633
76786 89362
94828 76015
85748 81000
92880 93869
81877 88095
93441 96747
96792 77625
94777 95935
82022 84582
94982 92403
96398 87569
91558 77896
75739 93369
93080 84405
89810 98597
88881 92226
97877 92950
98832 92296
82915 85059
83090 79240
81974 90988
99751 98098
95671 76050
99576 91706
94907 90034
83470 96325
94936 86770
93363 99077
78787 78026
88791 98496
92151 91746
99200 97385
87671 80816
76154 97947
84138 92844
89819 97100
90179 99273
77077 95235
77287 93274
88201 97159
84985 76121
94093 86157
99887 76802
90819 97065
80456 97538
77875 78890
80664 82904
79051 85844
80324 88080
82892 83167
91852 90539
83391 88512
86645 95453
91575 85998
88218 80126
96444 93550
79888 94021
95904 89329
84695 93086
90751 98851
99012 96844
87065 80826
77972 84660
94105 97411
76233 77231
88006 82546
95499 89097
93893 86434
86689 81968
97200 89049
97265 88545
91025 89112
94685 96020
94909 91260
87898 92214
87385 79734
89022 85659
87728 90050
95897 77462
93431 86142
84229 76236
92943 79420
95414 99787
96104 78516
88514 86416
89411 90855
84286 81419
76267 77779
97711 95093
90037 88491
75816 82771
78724 81647
94756 80087
90676 78591
93366 78613
88646 87176
77129 84786
89319 75032
82839 80856
85169 89067
95043 82822
93495 81555
88198 97451
91781 79599
76347 97257
92639 87634
89654 83310
79879 76774
91205 94546
86143 86681
97348 83638
77324 76821
86653 84563
97557 88345
77978 75530
96188 80134
96344 83887
88891 86078
86709 82532
99760 90476
86458 87325
91965 95194
99760 79564
99353 79782
76688 94329
96939 86908
93762 83527
83510 83190
76958 80394
83256 79245
93599 96768
98280 91288
94586 82209
90308 78550
85649 82548
77651 81590
77019 98885
90778 82042
94370 98107
79425 75760
87469 78330
91896 86546
89184 84293
97848 89512
98187 82278
80068 77379
77798 95457
95753 83847
99536 85896
99552 80001
79431 99248
85906 92732
95094 95626
89926 75070
77760 83961
96483 80975
85057 76244
96559 92426
93423 80762
93924 84325
79526 87196
79000 82528
86425 95526
80866 90109
81873 77305
92289 78443
86033 93841
84583 90564
84184 86910
82429 85492
85272 92811
82908 86565
84936 98087
90200 92852
94844 91091
81723 88724
87522 94243
99168 80673
78241 81629
91406 86444
89336 80810
89848 98038
94727 94679
83992 87029
88399 86443
86992 85470
82003 93053
88155 91426
95859 81020
79867 94672
82233 80947
90947 84836
97388 92786
76264 80884
81976 91364
99766 93185
95160 77788
77851 77589
80506 99788
84076 95286
88864 84156
93816 89412
94436 85863
97897 80658
79098 77768
86258 84306
90819 88558
75862 99786
95472 88945
79817 81414
78204 98784
85693 95307
81197 90165
98341 77529
98082 78782
89251 88045
92801 85867
79134 83385
88005 90284
81577 99313
83172 96802
91760 89399
99258 81357
76993 86488
92487 92168
81199 92621
76682 76339
76774 83121
94086 95489
97201 98306
90882 83135
82701 84961
90497 92843
86434 98562
87375 82115
87903 97808
99871 76092
93779 84691
87859 85066
92826 76581
89927 81625
84038 81175
82343 81002
85405 89263
81657 87934
84370 77593
99137 79816
88966 95704
97408 75797
94768 91938
76256 82809
99746 96837
93607 93201
97465 93327
75001 81095
78987 75646
80549 97617
89762 84680
84563 96339
88439 88454
78136 80433
97355 95831
94775 93928
96271 84134
99311 76498
99062 82686
90340 82538
83036 75793
84776 87889
95637 89398
88772 79455
78496 85786
90042 79312
88629 79975
90681 94159
97994 97571
88641 89919
98883 79816
84005 82446
83427 89794
93934 99422
99270 93138
92977 80920
83673 98213
99689 82841
81250 91829
90314 95383
87635 87701
81637 89268
83191 92508
93049 87654
85229 78541
99821 76171
79214 92860
77471 83709
91402 92248
77454 81492
88493 93871
91227 99187
94054 98543
80078 76311
85801 98152
98629 82658
75647 90335
86567 79756
84838 97557
76607 86919
89551 99806
97827 78002
99434 77087
82075 83201
87686 89327
75539 80376
89347 77714
93804 91050
97964 99572
97717 79534
92518 97110
89737 93076
94116 93449
84557 81950
85240 81485
98270 88609
93013 82880
81992 86180
97068 79765
87673 99177
93526 96829
88273 86669
96117 95988
78712 83377
91031 96360
77560 93342
85282 96965
88414 95551
75246 82654
75143 82296
76807 82104
77768 87246
85999 87625
99875 79113
98232 86259
79400 95647
75086 81764
82678 93537
97170 79979
76093 76185
81650 99256
83680 95727
83494 76623
78096 84190
78346 83395
87432 77076
77298 85161
82848 83749
84232 90043
77253 95071
75666 83645
97103 89830
96252 80049
77145 83186
79283 81062
80211 84229
81839 96795
84832 95124
88564 85625
91700 93407
90846 78173
84171 96083
76949 90394
88076 81057
94438 90309
90829 80494
96951 77082
86531 75016
75132 89735
82157 96910
98497 89324
84888 81962
88859 97007
76636 80432
79262 77997
92068 87733
85289 90337
92499 91334
85974 91753
81778 77584
98058 93693
84960 86123
94005 86044
87592 78817
86319 92861
93317 99467
91514 81158
91170 93666
96684 78167
98171 77696
87164 76857
96297 85534
95571 77874
82574 91199
77927 82130
80249 90720
77645 80238
93840 99177
94101 88853
89280 84012
95996 78136
89285 98898
84825 81541
92121 81536
79677 97622
75962 78786
84033 94430
88741 81940
95093 78906
91503 97278
86759 97350
80837 76628
92366 78725
76692 86931
94872 92985
90776 97647
92697 83394
99312 87262
79240 96518
78506 89736
87204 76799
99178 77095
95856 75067
90790 76694
97284 92270
80887 94538
87015 78837
99735 81515
99019 86676
75464 94998
97247 99169
82366 86535
86998 90233
80069 95389
89161 78563
93181 91925
98595 94748
82139 91300
99006 96234
76701 76173
96455 92039
86134 94718
98877 80523
84051 95322
97761 82848
82507 80330
91257 75912
81655 86961
86328 98277
90748 89717
99801 81406
99958 84379
75784 98665
82540 93552
93929 80598
83472 95404
78150 86378
86320 84708
86993 81928
77587 84937
95928 83170
94592 87666
86478 79284
84780 95885
84472 78589
83109 77728
91381 92218
89266 90529
79515 95519
85499 84798
87449 89944
90036 81922
95025 91034
80296 80265
96058 82937
94015 78278
87587 90092
91878 96252
76129 98742
87652 90047
77242 78510
80300 97466
