71 228 28
378 743 1
871 905 2
71 1944 2
1590 1894 2
318 484 2
1460 943 2
102 1132 2
1247 1379 2
1311 1959 2
333 1479 2
1406 1614 2
462 1015 2
622 481 2
671 1380 2
798 318 2
386 1762 3
1692 310 3
1837 834 3
646 1701 3
585 771 3
1685 1143 3
1964 1990 4
1957 571 4
1939 278 4
1020 616 4
60 89 5
584 280 5
1426 399 5
1770 500 5
1148 1688 6
352 11 6
1538 65 6
1005 1489 7
1862 1784 7
496 1953 7
82 1523 8
942 1958 8
1200 747 8
1975 1219 9
1104 944 9
1247 510 9
5 1750 10
1797 1314 10
1511 1384 11
407 1227 11
851 21 11
1087 115 12
537 1542 12
1026 1295 13
214 852 13
42 457 14
1946 1538 14
1777 35 15
1578 741 15
1038 336 16
856 1181 16
766 726 17
1668 1658 18
648 1189 18
300 1959 19
907 1708 19
146 248 20
759 1853 20
399 245 21
1481 1173 22
258 1314 22
851 567 23
1244 1069 24
737 1027 24
189 1708 25
169 630 26
1946 969
1394 603
1281 138
14 984
845 1520
1495 234
618 80
95 1346
1645 971
15 651
2010 815
1808 1066
1942 128
1043 1832
479 1399
377 892
1005 1121
1727 1993
494 550
1677 1454
1144 1984
213 1044
1039 474
182 488
1236 287
1205 1817
339 1103
643 895
1524 1528
1897 454
44 783
1515 516
1347 1237
1404 1486
1655 565
339 357
1449 1820
1936 1410
1996 1843
1759 715
1549 861
550 1298
1685 821
1145 1486
1219 27
178 2004
848 1402
612 1815
579 1013
290 176
655 677
791 466
1397 1045
308 1631
780 836
1347 863
831 1975
971 968
1578 382
410 1594
1356 229
167 1600
507 170
1421 2007
1698 1263
1800 1456
899 281
1361 725
1341 462
1092 241
1113 1087
1529 1632
681 1495
1096 1382
1465 1718
1202 1192
1799 952
1184 381
200 1901
1596 163
959 1381
1135 1270
517 1100
1017 827
504 686
1696 1805
1961 683
1986 15
1095 1582
803 1310
598 587
1779 386
947 42
838 1076
1785 1880
1252 898
171 343
308 598
935 772
2015 224
181 145
221 0
235 1459
200 759
1170 554
1554 607
540 9
1277 1534
732 148
764 1192
906 1308
126 1263
1800 135
1404 1333
977 219
19 1601
1606 1114
1124 1856
974 701
609 1102
219 1137
942 447
1569 1260
771 552
1313 1144
1214 1644
722 55
202 948
1997 482
1113 674
1048 1678
1428 50
1887 1709
526 338
22 261
1262 215
238 568
754 1596
1866 1225
1108 819
211 1223
1538 1986
618 182
714 931
124 849
111 409
427 359
846 1881
482 845
909 1570
769 1111
293 872
582 1958
362 1371
1828 660
1701 912
514 1707
616 1574
1944 1042
383 512
1642 238
1923 1834
1235 1258
1405 1149
251 90
71 349
1973 875
372 1945
412 613
1563 1775
1330 1875
391 113
1907 901
1848 582
1890 783
15 1466
322 685
1654 1990
1024 54
1440 707
84 644
1113 1788
1318 643
974 1198
726 1417
492 773
1755 1770
432 1088
1741 616
458 121
510 1843
1848 1944
62 1210
1261 1907
807 1458
1981 330
1418 1227
567 1172
1108 593
913 1133
1755 1237
681 341
1619 887
1552 288
1632 1519
514 2015
307 1261
1589 475
91 1797
1166 68
559 1396
1881 1095
587 651
1315 1471
1916 1162
661 741
501 392
1337 1070
705 2001
1521 999
572 1658
298 971
221 1841
245 349
1450 1386
151 1085
920 626
1868 1327
