40 55 11
302 143 1
309 391 2
172 159 2
560 194 2
101 57 2
301 521 2
212 588 2
467 149 2
184 454 2
372 135 2
224 213 2
419 315 2
620 221 2
552 341 2
392 67 2
208 393 3
400 584 3
500 4 3
96 175 3
632 491 3
490 217 3
98 552 4
194 45 4
47 457 4
116 398 4
604 412 5
6 240 5
532 502 5
277 619 5
243 300 6
476 631 6
423 411 6
574 8 7
483 383 7
145 243 7
244 94 8
594 630 8
560 565 8
45 320 9
162 623 9
429 252
369 344
297 203
6 8
514 297
131 498
331 257
307 8
332 462
128 305
34 592
548 410
389 509
223 530
170 351
302 87
222 342
257 485
198 109
14 497
70 263
552 127
608 533
442 353
13 385
515 459
61 202
241 35
316 329
1 341
65 377
492 97
146 435
601 361
117 111
151 564
433 477
48 157
403 209
42 38
632 29
603 64
249 182
479 49
556 297
39 544
348 54
454 514
300 582
91 15
380 426
615 104
289 453
274 413
119 358
